directorio;secuencia_p;orden;p6074;p756;p756s1;p756s3;p755;p755s1;p755s3;p754;p753;p753s1;p753s3;p752;p751;mes;fex_c_2011
3353663;1;1;2;2;52; ;3;52; ;1;2; ; ;1; ;12;196,242323131318
3353664;1;1;2;2;76; ;3;19; ;1;2; ; ;1; ;12;196,242323131318
3353665;1;1;2;2;52; ;3;52; ;2;3;52; ;2;2;12;196,242323131318
3353666;1;1;1; ; ; ; ; ; ; ; ; ; ; ; ;12;188,113314834208
3353666;1;2;1; ; ; ; ; ; ; ; ; ; ; ; ;12;188,113314834208
3353667;1;1;1; ; ; ; ; ; ; ; ; ; ; ; ;12;136,584023490997
3353667;1;2;2;1; ; ;3;17; ;2;2; ; ;1; ;12;136,584023490997
3353669;1;1;2;2;66; ;2; ; ;1;2; ; ;1; ;12;136,113791607938
3353669;1;2;1; ; ; ; ; ; ; ; ; ; ; ; ;12;136,113791607938
3353669;1;3;1; ; ; ; ; ; ; ; ; ; ; ; ;12;136,113791607938
3353670;1;1;2;2;17; ;2; ; ;1;2; ; ;1; ;12;162,5623538455
3353670;1;2;2;2;17; ;2; ; ;1;2; ; ;1; ;12;162,5623538455
3353670;1;3;2;2;17; ;2; ; ;1;2; ; ;1; ;12;162,5623538455
3353671;1;1;1; ; ; ; ; ; ; ; ; ; ; ; ;12;109,099971120771
3353671;1;2;1; ; ; ; ; ; ; ; ; ; ; ; ;12;109,099971120771
3353671;1;3;1; ; ; ; ; ; ; ; ; ; ; ; ;12;109,099971120771
3353671;1;4;1; ; ; ; ; ; ; ; ; ; ; ; ;12;109,099971120771
3353672;1;1;1; ; ; ; ; ; ; ; ; ; ; ; ;12;171,471356861394
3353673;1;1;1; ; ; ; ; ; ; ; ; ; ; ; ;12;179,204311818314
3353673;1;2;1; ; ; ; ; ; ; ; ; ; ; ; ;12;179,204311818314
3353673;1;3;1; ; ; ; ; ; ; ; ; ; ; ; ;12;179,204311818314
3353673;1;4;1; ; ; ; ; ; ; ; ; ; ; ; ;12;179,204311818314
3353674;1;1;2;2;52; ;3;52; ;1;3;52; ;1; ;12;196,242323131318
3353675;1;1;2;2;70; ;3;70; ;1;2; ; ;1; ;12;179,392382927896
3353676;1;1;2;2;52; ;3;52; ;1;3;52; ;1; ;12;179,392382927896
3353678;1;1;1; ; ; ; ; ; ; ; ; ; ; ; ;12;184,225406097115
3353678;1;2;1; ; ; ; ; ; ; ; ; ; ; ; ;12;184,225406097115
3353679;1;1;1; ; ; ; ; ; ; ; ; ; ; ; ;12;209,776367085823
3353681;1;1;2;2;17; ;2; ; ;1;2; ; ;1; ;12;153,225981463812
3353681;1;2;1; ; ; ; ; ; ; ; ; ; ; ; ;12;153,225981463812
3353681;1;3;2;1; ; ;2; ; ;1;2; ; ;1; ;12;153,225981463812
3353682;1;1;1; ; ; ; ; ; ; ; ; ; ; ; ;12;229,269721521125
3353682;1;2;1; ; ; ; ; ; ; ; ; ; ; ; ;12;229,269721521125
3353682;1;3;1; ; ; ; ; ; ; ; ; ; ; ; ;12;229,269721521125
3353683;1;1;1; ; ; ; ; ; ; ; ; ; ; ; ;12;209,776367085823
3353684;1;1;1; ; ; ; ; ; ; ; ; ; ; ; ;12;171,471356861394
3353685;1;1;2;2;17; ;2; ; ;1;2; ; ;1; ;12;166,450262582593
3353685;1;2;2;2;17; ;2; ; ;1;2; ; ;1; ;12;166,450262582593
3353685;1;3;2;2;17; ;2; ; ;1;2; ; ;1; ;12;166,450262582593
3353688;1;1;1; ; ; ; ; ; ; ; ; ; ; ; ;12;200,908407405107
3353688;1;2;1; ; ; ; ; ; ; ; ; ; ; ; ;12;200,908407405107
3353688;1;3;2;1; ; ;3;05; ;1;3;05; ;1; ;12;200,908407405107
3353688;1;4;2;2;05; ;1; ; ; ;3;05; ;1; ;12;200,908407405107
3353689;1;1;1; ; ; ; ; ; ; ; ; ; ; ; ;12;221,818212207607
3353689;1;2;1; ; ; ; ; ; ; ; ; ; ; ; ;12;221,818212207607
3353689;1;3;2;2;66; ;3;66; ;2;3;66; ;2;3;12;221,818212207607
3353690;1;1;1; ; ; ; ; ; ; ; ; ; ; ; ;12;188,618125579696
3353690;1;2;2;2;17; ;3;17; ;2;2; ; ;1; ;12;188,618125579696
3353690;1;3;1; ; ; ; ; ; ; ; ; ; ; ; ;12;188,618125579696
3353691;1;1;2;1; ; ;3;66; ;1;2; ; ;1; ;12;240,203201406851
3353692;1;1;2;2;17; ;2; ; ;1;2; ; ;1; ;12;224,170837524219
3353692;1;2;2;2;17; ;3;17; ;2;2; ; ;1; ;12;224,170837524219
3353695;1;1;2;2;17; ;2; ; ;1;2; ; ;1; ;12;156,547137020624
3353695;1;2;2;1; ; ;3;17; ;1;3;17; ;1; ;12;156,547137020624
3353696;1;1;2;2;17; ;2; ; ;1;2; ; ;1; ;12;169,361720105631
3353696;1;2;2;2;17; ;2; ; ;1;2; ; ;1; ;12;169,361720105631
3353696;2;1;1; ; ; ; ; ; ; ; ; ; ; ; ;12;169,361720105631
3353696;3;1;2;2;52; ;3;52; ;1;2; ; ;1; ;12;169,361720105631
3353697;1;1;1; ; ; ; ; ; ; ; ; ; ; ; ;12;184,017552455661
3353697;1;2;1; ; ; ; ; ; ; ; ; ; ; ; ;12;184,017552455661
3353698;1;1;2;2;17; ;2; ; ;1;2; ; ;1; ;12;248,364994621487
3353698;1;2;1; ; ; ; ; ; ; ; ; ; ; ; ;12;248,364994621487
3353702;1;1;2;2;15; ;2; ; ;1;2; ; ;1; ;12;95,1823514737776
3353702;1;2;2;2;15; ;2; ; ;1;2; ; ;1; ;12;95,1823514737776
3353703;1;1;2;2;52; ;2; ; ;1;2; ; ;1; ;12;89,2141533524249
3353703;1;2;2;2;11; ;2; ; ;1;2; ; ;1; ;12;89,2141533524249
3353703;1;3;1; ; ; ; ; ; ; ; ; ; ; ; ;12;89,2141533524249
3353704;1;1;2;2;15; ;2; ; ;1;2; ; ;1; ;12;116,901100493286
3353704;1;2;1; ; ; ; ; ; ; ; ; ; ; ; ;12;116,901100493286
3353704;1;3;1; ; ; ; ; ; ; ; ; ; ; ; ;12;116,901100493286
3353705;1;1;2;2;15; ;2; ; ;1;2; ; ;1; ;12;95,6796971933096
3353705;1;2;1; ; ; ; ; ; ; ; ; ; ; ; ;12;95,6796971933096
3353705;1;3;2;2;15; ;2; ; ;1;2; ; ;1; ;12;95,6796971933096
3353706;1;1;1; ; ; ; ; ; ; ; ; ; ; ; ;12;128,342466999272
3353706;1;2;1; ; ; ; ; ; ; ; ; ; ; ; ;12;128,342466999272
3353706;1;3;1; ; ; ; ; ; ; ; ; ; ; ; ;12;128,342466999272
3353706;1;4;1; ; ; ; ; ; ; ; ; ; ; ; ;12;128,342466999272
3353707;1;1;2;2;15; ;2; ; ;1;2; ; ;1; ;12;88,3584484888919
3353707;1;2;2;2;15; ;2; ; ;1;2; ; ;1; ;12;88,3584484888919
3353707;1;3;1; ; ; ; ; ; ; ; ; ; ; ; ;12;88,3584484888919
3353707;1;4;1; ; ; ; ; ; ; ; ; ; ; ; ;12;88,3584484888919
3353708;1;1;2;2;25; ;2; ; ;1;2; ; ;1; ;12;87,6176015062068
3353708;1;2;1; ; ; ; ; ; ; ; ; ; ; ; ;12;87,6176015062068
3353708;1;3;1; ; ; ; ; ; ; ; ; ; ; ; ;12;87,6176015062068
3353709;1;1;1; ; ; ; ; ; ; ; ; ; ; ; ;12;95,6796971933096
3353709;1;2;2;1; ; ;3;15; ;1;2; ; ;1; ;12;95,6796971933096
3353709;1;3;1; ; ; ; ; ; ; ; ; ; ; ; ;12;95,6796971933096
3353710;1;1;2;2;15; ;2; ; ;1;2; ; ;1; ;12;116,901100493286
3353710;1;2;2;2;11; ;2; ; ;1;2; ; ;1; ;12;116,901100493286
3353710;1;3;1; ; ; ; ; ; ; ; ; ; ; ; ;12;116,901100493286
3353711;1;1;2;1; ; ;2; ; ;1;2; ; ;1; ;12;91,755680647193
3353711;1;2;1; ; ; ; ; ; ; ; ; ; ; ; ;12;91,755680647193
3353711;1;3;1; ; ; ; ; ; ; ; ; ; ; ; ;12;91,755680647193
3353711;1;4;1; ; ; ; ; ; ; ; ; ; ; ; ;12;91,755680647193
3353712;1;1;2;2;15; ;3;15; ;2;2; ; ;1; ;12;95,1823514737776
3353712;1;2;2;2;15; ;3;15; ;2;2; ; ;1; ;12;95,1823514737776
3353714;1;1;1; ; ; ; ; ; ; ; ; ; ; ; ;12;93,2920617019356
3353714;1;2;1; ; ; ; ; ; ; ; ; ; ; ; ;12;93,2920617019356
3353714;1;3;1; ; ; ; ; ; ; ; ; ; ; ; ;12;93,2920617019356
3353715;1;1;1; ; ; ; ; ; ; ; ; ; ; ; ;12;104,975516114412
3353715;1;2;1; ; ; ; ; ; ; ; ; ; ; ; ;12;104,975516114412
3353715;1;3;1; ; ; ; ; ; ; ; ; ; ; ; ;12;104,975516114412
3353715;1;4;1; ; ; ; ; ; ; ; ; ; ; ; ;12;104,975516114412
3353715;2;1;2;2;15; ;3;15; ;2;2; ; ;1; ;12;104,975516114412
3353716;1;1;1; ; ; ; ; ; ; ; ; ; ; ; ;12;235,188199511007
3353716;1;2;1; ; ; ; ; ; ; ; ; ; ; ; ;12;235,188199511007
3353717;1;1;2;2;15; ;2; ; ;1;2; ; ;1; ;12;212,859653256989
3353717;1;2;2;2;73; ;3;73; ;2;2; ; ;1; ;12;212,859653256989
3353717;1;3;2;2;73; ;2; ; ;1;2; ; ;1; ;12;212,859653256989
3353717;1;4;2;2;73; ;2; ; ;1;2; ; ;1; ;12;212,859653256989
3353719;1;1;2;2;73; ;2; ; ;1;2; ; ;1; ;12;190,380274341761
3353720;1;1;2;1; ; ;2; ; ;1;2; ; ;1; ;12;278,369319531599
3353720;1;2;2;2;73; ;2; ; ;1;2; ; ;1; ;12;278,369319531599
3353720;1;3;1; ; ; ; ; ; ; ; ; ; ; ; ;12;278,369319531599
3353720;1;4;2;2;73; ;2; ; ;1;2; ; ;1; ;12;278,369319531599
3353721;1;1;2;2;73; ;2; ; ;1;2; ; ;1; ;12;277,407848071486
3353722;1;1;1; ; ; ; ; ; ; ; ; ; ; ; ;12;210,271376648221
3353722;1;2;2;2;66; ;2; ; ;1;2; ; ;1; ;12;210,271376648221
3353723;1;1;1; ; ; ; ; ; ; ; ; ; ; ; ;12;221,766844956838
3353723;1;2;2;2;11; ;3;11; ;1;2; ; ;1; ;12;221,766844956838
3353724;1;1;1; ; ; ; ; ; ; ; ; ; ; ; ;12;277,407848071486
3353725;1;1;2;2;73; ;2; ; ;1;2; ; ;1; ;12;281,544191597373
3353725;1;2;1; ; ; ; ; ; ; ; ; ; ; ; ;12;281,544191597373
3353725;1;3;1; ; ; ; ; ; ; ; ; ; ; ; ;12;281,544191597373
3353726;1;1;2;2;54; ;3;54; ;1;2; ; ;1; ;12;226,867603268164
3353727;1;1;1; ; ; ; ; ; ; ; ; ; ; ; ;12;295,060892272707
3353727;1;2;1; ; ; ; ; ; ; ; ; ; ; ; ;12;295,060892272707
3353728;1;1;2;2;63; ;2; ; ;1;2; ; ;1; ;12;666,602414007862
3353728;1;2;2;2;73; ;2; ; ;1;2; ; ;1; ;12;666,602414007862
3353728;1;3;1; ; ; ; ; ; ; ; ; ; ; ; ;12;666,602414007862
3353728;1;4;1; ; ; ; ; ; ; ; ; ; ; ; ;12;666,602414007862
3353729;1;1;1; ; ; ; ; ; ; ; ; ; ; ; ;12;380,760548683521
3353730;1;1;2;2;73; ;3;11; ;1;3;11; ;1; ;12;348,268532450693
3353730;1;2;2;1; ; ;2; ; ;1;2; ; ;1; ;12;348,268532450693
3353730;1;3;2;2;11; ;3;11; ;1;2; ; ;1; ;12;348,268532450693
3353730;1;4;2;1; ; ;3;11; ;1;2; ; ;1; ;12;348,268532450693
3353732;1;1;1; ; ; ; ; ; ; ; ; ; ; ; ;12;641,177936184155
3353732;1;2;1; ; ; ; ; ; ; ; ; ; ; ; ;12;641,177936184155
3353732;1;3;1; ; ; ; ; ; ; ; ; ; ; ; ;12;641,177936184155
3353733;1;1;2;2;73; ;2; ; ;1;2; ; ;1; ;12;397,401741169208
3353733;1;2;1; ; ; ; ; ; ; ; ; ; ; ; ;12;397,401741169208
3353734;1;1;1; ; ; ; ; ; ; ; ; ; ; ; ;12;380,760548683521
3353735;1;1;1; ; ; ; ; ; ; ; ; ; ; ; ;12;258,254173883241
3353735;1;2;1; ; ; ; ; ; ; ; ; ; ; ; ;12;258,254173883241
3353736;1;1;1; ; ; ; ; ; ; ; ; ; ; ; ;12;432,70782957165
3353736;1;2;1; ; ; ; ; ; ; ; ; ; ; ; ;12;432,70782957165
3353736;1;3;1; ; ; ; ; ; ; ; ; ; ; ; ;12;432,70782957165
3353737;1;1;1; ; ; ; ; ; ; ; ; ; ; ; ;12;171,450643495414
3353737;1;2;1; ; ; ; ; ; ; ; ; ; ; ; ;12;171,450643495414
3353737;1;3;1; ; ; ; ; ; ; ; ; ; ; ; ;12;171,450643495414
3353738;1;1;1; ; ; ; ; ; ; ; ; ; ; ; ;12;190,380274341761
3353739;1;1;2;2;73; ;2; ; ;1;2; ; ;1; ;12;356,591224718062
3353739;1;2;1; ; ; ; ; ; ; ; ; ; ; ; ;12;356,591224718062
3353739;1;3;1; ; ; ; ; ; ; ; ; ; ; ; ;12;356,591224718062
3353739;1;4;1; ; ; ; ; ; ; ; ; ; ; ; ;12;356,591224718062
3353739;1;5;1; ; ; ; ; ; ; ; ; ; ; ; ;12;356,591224718062
3353740;1;1;2;2;73; ;2; ; ;1;2; ; ;1; ;12;157,442693484239
3353740;1;2;1; ; ; ; ; ; ; ; ; ; ; ; ;12;157,442693484239
3353740;1;3;1; ; ; ; ; ; ; ; ; ; ; ; ;12;157,442693484239
3353740;1;4;1; ; ; ; ; ; ; ; ; ; ; ; ;12;157,442693484239
3353740;1;5;1; ; ; ; ; ; ; ; ; ; ; ; ;12;157,442693484239
3353740;1;6;2;2;73; ;2; ; ;1;2; ; ;1; ;12;157,442693484239
3353742;1;1;2;2;76; ;2; ; ;1;2; ; ;1; ;12;250,157620982296
3353742;1;2;1; ; ; ; ; ; ; ; ; ; ; ; ;12;250,157620982296
3353743;1;1;1; ; ; ; ; ; ; ; ; ; ; ; ;12;210,271376648221
3353743;1;2;1; ; ; ; ; ; ; ; ; ; ; ; ;12;210,271376648221
3353744;1;1;2;2;73; ;2; ; ;1;2; ; ;1; ;12;304,910430978473
3353744;1;2;2;2;73; ;3;08; ;1;2; ; ;1; ;12;304,910430978473
3353744;1;3;2;1; ; ;3;11; ;1;2; ; ;1; ;12;304,910430978473
3353744;1;4;2;2;11; ;1; ; ; ;2; ; ;1; ;12;304,910430978473
3353750;1;1;2;2;63; ;2; ; ;1;2; ; ;1; ;12;1141,52645499817
3353751;1;1;2;2;19; ;2; ; ;1;2; ; ;1; ;12;904,831637710619
3353751;1;2;1; ; ; ; ; ; ; ; ; ; ; ; ;12;904,831637710619
3353752;1;1;2;2;76; ;2; ; ;1;2; ; ;1; ;12;942,543242466333
3353752;1;2;2;2;76; ;3;76; ;1;3;76; ;1; ;12;942,543242466333
3353753;1;1;2;2;63; ;2; ; ;1;2; ; ;1; ;12;1688,07104770328
3353754;1;1;1; ; ; ; ; ; ; ; ; ; ; ; ;12;1408,42898294034
3353754;1;2;1; ; ; ; ; ; ; ; ; ; ; ; ;12;1408,42898294034
3353754;1;3;1; ; ; ; ; ; ; ; ; ; ; ; ;12;1408,42898294034
3353754;1;4;1; ; ; ; ; ; ; ; ; ; ; ; ;12;1408,42898294034
3353755;1;1;2;1; ; ;4; ;1; ;2; ; ;1; ;12;824,454741349311
3353755;1;2;1; ; ; ; ; ; ; ; ; ; ; ; ;12;824,454741349311
3353756;1;1;1; ; ; ; ; ; ; ; ; ; ; ; ;12;580,149518804711
3353756;1;2;2;2;17; ;2; ; ;1;2; ; ;1; ;12;580,149518804711
3353756;1;3;1; ; ; ; ; ; ; ; ; ; ; ; ;12;580,149518804711
3353756;1;4;1; ; ; ; ; ; ; ; ; ; ; ; ;12;580,149518804711
3353757;1;1;2;2;73; ;2; ; ;1;2; ; ;1; ;12;779,132731336544
3353757;1;2;1; ; ; ; ; ; ; ; ; ; ; ; ;12;779,132731336544
3353757;1;3;2;2;73; ;2; ; ;1;2; ; ;1; ;12;779,132731336544
3353758;1;1;2;2;76; ;2; ; ;1;2; ; ;1; ;12;737,91739997989
3353759;1;1;2;3; ;11;2; ; ;1;2; ; ;1; ;12;521,509368191736
3353759;1;2;2;2;08; ;2; ; ;1;2; ; ;1; ;12;521,509368191736
3353759;1;3;2;1; ; ;2; ; ;1;2; ; ;1; ;12;521,509368191736
3353760;1;1;2;2;05; ;2; ; ;1;2; ; ;1; ;12;1275,41243173622
3353760;1;2;2;2;05; ;2; ; ;1;2; ; ;1; ;12;1275,41243173622
3353760;1;3;1; ; ; ; ; ; ; ; ; ; ; ; ;12;1275,41243173622
3353760;1;4;1; ; ; ; ; ; ; ; ; ; ; ; ;12;1275,41243173622
3353760;1;5;2;2;05; ;2; ; ;1;2; ; ;1; ;12;1275,41243173622
3353761;1;1;2;2;52; ;2; ; ;1;2; ; ;1; ;12;718,336617477564
3353761;1;2;2;2;52; ;2; ; ;1;2; ; ;1; ;12;718,336617477564
3353762;1;1;1; ; ; ; ; ; ; ; ; ; ; ; ;12;1141,52645499817
3353763;1;1;2;2;73; ;4; ;1; ;4; ;1; ;4;12;737,91739997989
3353764;1;1;1; ; ; ; ; ; ; ; ; ; ; ; ;12;737,91739997989
3353765;1;1;1; ; ; ; ; ; ; ; ; ; ; ; ;12;1141,52645499817
3353766;1;1;1; ; ; ; ; ; ; ; ; ; ; ; ;12;718,336617477564
3353766;1;2;1; ; ; ; ; ; ; ; ; ; ; ; ;12;718,336617477564
3353767;1;1;1; ; ; ; ; ; ; ; ; ; ; ; ;12;141,674589513152
3353767;1;2;1; ; ; ; ; ; ; ; ; ; ; ; ;12;141,674589513152
3353768;1;1;2;2;11; ;3;11; ;1;2; ; ;1; ;12;215,755574925586
3353768;1;2;2;2;52; ;3;11; ;1;2; ; ;1; ;12;215,755574925586
3353768;1;3;2;2;11; ;1; ; ; ;2; ; ;1; ;12;215,755574925586
3353769;1;1;2;1; ; ;2; ; ;1;2; ; ;1; ;12;148,174154588492
3353770;1;1;2;1; ; ;2; ; ;1;2; ; ;1; ;12;207,111755337268
3353771;1;1;2;2;52; ;2; ; ;1;2; ; ;1; ;12;234,397216210355
3353771;1;2;1; ; ; ; ; ; ; ; ; ; ; ; ;12;234,397216210355
3353771;1;3;1; ; ; ; ; ; ; ; ; ; ; ; ;12;234,397216210355
3353772;1;1;1; ; ; ; ; ; ; ; ; ; ; ; ;12;240,896781285695
3353772;1;2;1; ; ; ; ; ; ; ; ; ; ; ; ;12;240,896781285695
3353773;1;1;2;1; ; ;2; ; ;1;2; ; ;1; ;12;175,413294067618
3353773;1;2;1; ; ; ; ; ; ; ; ; ; ; ; ;12;175,413294067618
3353773;1;3;1; ; ; ; ; ; ; ; ; ; ; ; ;12;175,413294067618
3353775;1;1;2;2;52; ;2; ; ;1;2; ; ;1; ;12;192,22179198807
3353776;1;1;1; ; ; ; ; ; ; ; ; ; ; ; ;12;215,755574925586
3353776;1;2;1; ; ; ; ; ; ; ; ; ; ; ; ;12;215,755574925586
3353776;1;3;1; ; ; ; ; ; ; ; ; ; ; ; ;12;215,755574925586
3353779;1;1;2;1; ; ;2; ; ;1;2; ; ;1; ;12;213,796570423857
3353779;1;2;1; ; ; ; ; ; ; ; ; ; ; ; ;12;213,796570423857
3353779;1;3;1; ; ; ; ; ; ; ; ; ; ; ; ;12;213,796570423857
3353780;1;1;2;2;52; ;2; ; ;1;2; ; ;1; ;12;213,796570423857
3353780;1;2;2;2;52; ;2; ; ;1;2; ; ;1; ;12;213,796570423857
3353780;1;3;2;1; ; ;2; ; ;1;2; ; ;1; ;12;213,796570423857
3353781;1;1;1; ; ; ; ; ; ; ; ; ; ; ; ;12;207,111755337268
3353784;1;1;2;2;18; ;2; ; ;1;3;18; ;1; ;12;56,7424412485416
3353784;1;2;1; ; ; ; ; ; ; ; ; ; ; ; ;12;56,7424412485416
3353784;1;3;1; ; ; ; ; ; ; ; ; ; ; ; ;12;56,7424412485416
3353784;1;4;1; ; ; ; ; ; ; ; ; ; ; ; ;12;56,7424412485416
3353785;1;1;1; ; ; ; ; ; ; ; ; ; ; ; ;12;255,771436348604
3353785;1;2;2;2;41; ;2; ; ;1;2; ; ;1; ;12;255,771436348604
3353785;1;3;1; ; ; ; ; ; ; ; ; ; ; ; ;12;255,771436348604
3353786;1;1;2;2;18; ;3;18; ;1;2; ; ;1; ;12;241,770120291413
3353786;1;2;2;2;63; ;3;18; ;1;2; ; ;1; ;12;241,770120291413
3353786;1;3;1; ; ; ; ; ; ; ; ; ; ; ; ;12;241,770120291413
3353787;1;1;1; ; ; ; ; ; ; ; ; ; ; ; ;12;222,883178380395
3353787;1;2;1; ; ; ; ; ; ; ; ; ; ; ; ;12;222,883178380395
3353787;1;3;1; ; ; ; ; ; ; ; ; ; ; ; ;12;222,883178380395
3353787;1;4;1; ; ; ; ; ; ; ; ; ; ; ; ;12;222,883178380395
3353787;1;5;1; ; ; ; ; ; ; ; ; ; ; ; ;12;222,883178380395
3353788;1;1;2;2;18; ;3;86; ;1;2; ; ;1; ;12;48,3100580260358
3353788;1;2;2;2;18; ;3;86; ;1;2; ; ;1; ;12;48,3100580260358
3353789;1;1;1; ; ; ; ; ; ; ; ; ; ; ; ;12;74,4784762279363
3353790;1;1;2;2;18; ;2; ; ;1;2; ; ;1; ;12;41,1131200399614
3353790;1;2;1; ; ; ; ; ; ; ; ; ; ; ; ;12;41,1131200399614
3353790;2;1;2;2;18; ;3;18; ;2;2; ; ;1; ;12;41,1131200399614
3353790;2;2;1; ; ; ; ; ; ; ; ; ; ; ; ;12;41,1131200399614
3353791;1;1;2;2;17; ;2; ; ;1;2; ; ;1; ;12;72,17725984568
3353791;1;2;1; ; ; ; ; ; ; ; ; ; ; ; ;12;72,17725984568
3353791;1;3;1; ; ; ; ; ; ; ; ; ; ; ; ;12;72,17725984568
3353792;1;1;1; ; ; ; ; ; ; ; ; ; ; ; ;12;75,1286696433218
3353792;1;2;2;2;27; ;2; ; ;1;2; ; ;1; ;12;75,1286696433218
3353793;1;1;1; ; ; ; ; ; ; ; ; ; ; ; ;12;63,5814494175502
3353793;1;2;1; ; ; ; ; ; ; ; ; ; ; ; ;12;63,5814494175502
3353793;1;3;1; ; ; ; ; ; ; ; ; ; ; ; ;12;63,5814494175502
3353793;1;4;1; ; ; ; ; ; ; ; ; ; ; ; ;12;63,5814494175502
3353794;1;1;1; ; ; ; ; ; ; ; ; ; ; ; ;12;61,6231848419172
3353794;1;2;1; ; ; ; ; ; ; ; ; ; ; ; ;12;61,6231848419172
3353795;1;1;2;2;86; ;2; ; ;1;2; ; ;1; ;12;69,9565005601959
3353795;1;2;1; ; ; ; ; ; ; ; ; ; ; ; ;12;69,9565005601959
3353796;1;1;2;2;73; ;3;18; ;2;2; ; ;1; ;12;63,226601227683
3353796;1;2;1; ; ; ; ; ; ; ; ; ; ; ; ;12;63,226601227683
3353796;1;3;2;2;73; ;2; ; ;1;2; ; ;1; ;12;63,226601227683
3353797;1;1;2;2;68; ;2; ; ;1;2; ; ;1; ;12;75,6113741076056
3353797;1;2;2;2;68; ;2; ; ;1;2; ; ;1; ;12;75,6113741076056
3353798;1;1;2;2;18; ;3;73; ;1;3;73; ;1; ;12;86,049778795139
3353798;1;2;2;2;73; ;3;73; ;1;3;73; ;1; ;12;86,049778795139
3353798;1;3;2;2;76; ;3;73; ;1;3;73; ;1; ;12;86,049778795139
3353798;1;4;2;2;73; ;3;73; ;1;3;73; ;1; ;12;86,049778795139
3353799;1;1;2;2;73; ;2; ; ;1;2; ; ;1; ;12;60,2427702628393
3353799;1;2;1; ; ; ; ; ; ; ; ; ; ; ; ;12;60,2427702628393
3353799;1;3;1; ; ; ; ; ; ; ; ; ; ; ; ;12;60,2427702628393
3353799;1;4;1; ; ; ; ; ; ; ; ; ; ; ; ;12;60,2427702628393
3353800;1;1;2;2;11; ;2; ; ;1;2; ; ;1; ;12;237,981120182733
3353800;1;2;1; ; ; ; ; ; ; ; ; ; ; ; ;12;237,981120182733
3353800;1;3;1; ; ; ; ; ; ; ; ; ; ; ; ;12;237,981120182733
3353800;1;4;1; ; ; ; ; ; ; ; ; ; ; ; ;12;237,981120182733
3353801;1;1;2;2;25; ;2; ; ;1;2; ; ;1; ;12;182,614452673428
3353802;1;1;2;2;76; ;2; ; ;1;2; ; ;1; ;12;171,937233639777
3353802;1;2;2;2;76; ;2; ; ;1;2; ; ;1; ;12;171,937233639777
3353802;1;3;2;2;11; ;2; ; ;1;2; ; ;1; ;12;171,937233639777
3353802;1;4;1; ; ; ; ; ; ; ; ; ; ; ; ;12;171,937233639777
3353805;1;1;1; ; ; ; ; ; ; ; ; ; ; ; ;12;248,95533818274
3353805;1;2;2;3; ;11;2; ; ;1;2; ; ;1; ;12;248,95533818274
3353805;1;3;1; ; ; ; ; ; ; ; ; ; ; ; ;12;248,95533818274
3353807;1;1;1; ; ; ; ; ; ; ; ; ; ; ; ;12;220,346492303814
3353807;1;2;1; ; ; ; ; ; ; ; ; ; ; ; ;12;220,346492303814
3353807;1;3;1; ; ; ; ; ; ; ; ; ; ; ; ;12;220,346492303814
3353807;1;4;1; ; ; ; ; ; ; ; ; ; ; ; ;12;220,346492303814
3353808;1;1;2;2;17; ;2; ; ;1;2; ; ;1; ;12;173,450023360504
3353808;1;2;2;2;17; ;2; ; ;1;2; ; ;1; ;12;173,450023360504
3353809;1;1;2;2;63; ;2; ; ;1;2; ; ;1; ;12;173,450023360504
3353809;1;2;2;2;19; ;2; ; ;1;2; ; ;1; ;12;173,450023360504
3353810;1;1;2;2;66; ;3;66; ;1;3;66; ;1; ;12;183,715726667383
3353810;1;2;2;2;66; ;3;66; ;1;3;66; ;1; ;12;183,715726667383
3353810;1;3;2;2;66; ;1; ; ; ;3;66; ;1; ;12;183,715726667383
3353811;1;1;2;2;68; ;2; ; ;1;2; ; ;1; ;12;196,614223152917
3353812;1;1;2;2;73; ;2; ; ;1;2; ; ;1; ;12;77,7811959744953
3353812;1;2;2;2;73; ;2; ; ;1;2; ; ;1; ;12;77,7811959744953
3353813;1;1;2;2;41; ;3;41; ;1;3;41; ;1; ;12;155,697116345908
3353813;1;2;2;2;41; ;3;41; ;1;3;41; ;1; ;12;155,697116345908
3353813;1;3;2;2;41; ;3;41; ;1;3;41; ;1; ;12;155,697116345908
3353814;1;1;1; ; ; ; ; ; ; ; ; ; ; ; ;12;141,671700300177
3353815;1;1;2;2;18; ;2; ; ;1;2; ; ;1; ;12;132,489469076325
3353815;1;2;2;2;18; ;2; ; ;1;2; ; ;1; ;12;132,489469076325
3353815;1;3;2;2;18; ;2; ; ;1;2; ; ;1; ;12;132,489469076325
3353816;1;1;2;2;41; ;2; ; ;1;2; ; ;1; ;12;133,763297826074
3353816;1;2;2;2;41; ;2; ; ;1;2; ; ;1; ;12;133,763297826074
3353816;1;3;2;2;41; ;3;41; ;1;2; ; ;1; ;12;133,763297826074
3353817;1;1;2;2;41; ;2; ; ;1;2; ; ;1; ;12;235,93459004964
3353817;1;2;2;2;18; ;2; ; ;1;2; ; ;1; ;12;235,93459004964
3353817;1;3;1; ; ; ; ; ; ; ; ; ; ; ; ;12;235,93459004964
3353817;1;4;1; ; ; ; ; ; ; ; ; ; ; ; ;12;235,93459004964
3353817;1;5;2;2;41; ;3;41; ;2;2; ; ;1; ;12;235,93459004964
3353817;1;6;1; ; ; ; ; ; ; ; ; ; ; ; ;12;235,93459004964
3353818;1;1;2;2;11; ;2; ; ;1;2; ; ;1; ;12;114,939664448773
3353819;1;1;1; ; ; ; ; ; ; ; ; ; ; ; ;12;718,336617477564
3353819;1;2;1; ; ; ; ; ; ; ; ; ; ; ; ;12;718,336617477564
3353820;1;1;1; ; ; ; ; ; ; ; ; ; ; ; ;12;1076,97839408864
3353820;1;2;1; ; ; ; ; ; ; ; ; ; ; ; ;12;1076,97839408864
3353821;1;1;1; ; ; ; ; ; ; ; ; ; ; ; ;12;1023,43795388114
3353822;1;1;1; ; ; ; ; ; ; ; ; ; ; ; ;12;883,165729025546
3353822;1;2;1; ; ; ; ; ; ; ; ; ; ; ; ;12;883,165729025546
3353823;1;1;1; ; ; ; ; ; ; ; ; ; ; ; ;12;2472,56445312463
3353823;1;2;2;2;76; ;2; ; ;1;2; ; ;1; ;12;2472,56445312463
3353823;1;3;1; ; ; ; ; ; ; ; ; ; ; ; ;12;2472,56445312463
3353823;1;4;1; ; ; ; ; ; ; ; ; ; ; ; ;12;2472,56445312463
3353824;1;1;2;2;76; ;2; ; ;1;2; ; ;1; ;12;737,886040149145
3353824;1;2;1; ; ; ; ; ; ; ; ; ; ; ; ;12;737,886040149145
3353824;1;3;1; ; ; ; ; ; ; ; ; ; ; ; ;12;737,886040149145
3353824;1;4;2;2;76; ;2; ; ;1;2; ; ;1; ;12;737,886040149145
3353825;1;1;2;2;76; ;2; ; ;2;2; ; ;1; ;12;1424,45404469663
3353825;1;2;2;2;18; ;3;18; ;1;2; ; ;1; ;12;1424,45404469663
3353825;1;3;1; ; ; ; ; ; ; ; ; ; ; ; ;12;1424,45404469663
3353826;1;1;2;2;19; ;2; ; ;1;2; ; ;1; ;12;521,509368191736
3353826;1;2;1; ; ; ; ; ; ; ; ; ; ; ; ;12;521,509368191736
3353826;1;3;2;1; ; ;4; ;1; ;2; ; ;1; ;12;521,509368191736
3353827;1;1;1; ; ; ; ; ; ; ; ; ; ; ; ;12;1082,78410749119
3353827;1;2;1; ; ; ; ; ; ; ; ; ; ; ; ;12;1082,78410749119
3353827;1;3;1; ; ; ; ; ; ; ; ; ; ; ; ;12;1082,78410749119
3353827;1;4;1; ; ; ; ; ; ; ; ; ; ; ; ;12;1082,78410749119
3353828;1;1;2;2;76; ;2; ; ;1;2; ; ;1; ;12;1290,34048182332
3353828;1;2;1; ; ; ; ; ; ; ; ; ; ; ; ;12;1290,34048182332
3353828;1;3;1; ; ; ; ; ; ; ; ; ; ; ; ;12;1290,34048182332
3353828;1;4;1; ; ; ; ; ; ; ; ; ; ; ; ;12;1290,34048182332
3353829;1;1;2;2;05; ;2; ; ;1;2; ; ;1; ;12;1082,14894155738
3353830;1;1;1; ; ; ; ; ; ; ; ; ; ; ; ;12;1214,61631787724
3353830;1;2;2;2;52; ;2; ; ;1;2; ; ;1; ;12;1214,61631787724
3353830;1;3;1; ; ; ; ; ; ; ; ; ; ; ; ;12;1214,61631787724
3353830;1;4;1; ; ; ; ; ; ; ; ; ; ; ; ;12;1214,61631787724
3353831;1;1;1; ; ; ; ; ; ; ; ; ; ; ; ;12;1456,99510198361
3353831;1;2;1; ; ; ; ; ; ; ; ; ; ; ; ;12;1456,99510198361
3353831;1;3;1; ; ; ; ; ; ; ; ; ; ; ; ;12;1456,99510198361
3353831;1;4;1; ; ; ; ; ; ; ; ; ; ; ; ;12;1456,99510198361
3353832;1;1;2;2;76; ;2; ; ;1;2; ; ;1; ;12;942,543242466333
3353832;1;2;1; ; ; ; ; ; ; ; ; ; ; ; ;12;942,543242466333
3353833;1;1;2;2;17; ;2; ; ;1;2; ; ;1; ;12;1116,10859926255
3353833;1;2;2;2;76; ;2; ; ;1;2; ; ;1; ;12;1116,10859926255
3353833;1;3;1; ; ; ; ; ; ; ; ; ; ; ; ;12;1116,10859926255
3353834;1;1;1; ; ; ; ; ; ; ; ; ; ; ; ;12;1003,33935632531
3353834;1;2;1; ; ; ; ; ; ; ; ; ; ; ; ;12;1003,33935632531
3353834;1;3;1; ; ; ; ; ; ; ; ; ; ; ; ;12;1003,33935632531
3353835;1;1;1; ; ; ; ; ; ; ; ; ; ; ; ;12;1456,99510198361
3353835;1;2;1; ; ; ; ; ; ; ; ; ; ; ; ;12;1456,99510198361
3353835;1;3;1; ; ; ; ; ; ; ; ; ; ; ; ;12;1456,99510198361
3353835;1;4;1; ; ; ; ; ; ; ; ; ; ; ; ;12;1456,99510198361
3353836;1;1;1; ; ; ; ; ; ; ; ; ; ; ; ;12;1161,07587766975
3353836;1;2;1; ; ; ; ; ; ; ; ; ; ; ; ;12;1161,07587766975
3353836;1;3;1; ; ; ; ; ; ; ; ; ; ; ; ;12;1161,07587766975
3353837;1;1;2;2;73; ;2; ; ;1;2; ; ;1; ;12;1121,94567249584
3353837;1;2;1; ; ; ; ; ; ; ; ; ; ; ; ;12;1121,94567249584
3353838;1;1;1; ; ; ; ; ; ; ; ; ; ; ; ;12;1323,97855077949
3353838;1;2;1; ; ; ; ; ; ; ; ; ; ; ; ;12;1323,97855077949
3353838;1;3;1; ; ; ; ; ; ; ; ; ; ; ; ;12;1323,97855077949
3353838;1;4;2;1; ; ;3;11; ;1;2; ; ;1; ;12;1323,97855077949
3353838;1;5;1; ; ; ; ; ; ; ; ; ; ; ; ;12;1323,97855077949
3353839;1;1;1; ; ; ; ; ; ; ; ; ; ; ; ;12;94,7912688538508
3353839;1;2;2;2;15; ;2; ; ;1;2; ; ;1; ;12;94,7912688538508
3353839;1;3;1; ; ; ; ; ; ; ; ; ; ; ; ;12;94,7912688538508
3353839;1;4;1; ; ; ; ; ; ; ; ; ; ; ; ;12;94,7912688538508
3353839;1;5;2;2;15; ;3;11; ;1;2; ; ;1; ;12;94,7912688538508
3353840;1;1;2;2;15; ;2; ; ;1;2; ; ;1; ;12;131,481931280055
3353840;1;2;2;2;15; ;2; ; ;1;2; ; ;1; ;12;131,481931280055
3353840;1;3;1; ; ; ; ; ; ; ; ; ; ; ; ;12;131,481931280055
3353840;1;4;1; ; ; ; ; ; ; ; ; ; ; ; ;12;131,481931280055
3353841;1;1;2;2;11; ;2; ; ;1;2; ; ;1; ;12;91,8278289217587
3353841;1;2;2;2;15; ;2; ; ;1;2; ; ;1; ;12;91,8278289217587
3353842;1;1;1; ; ; ; ; ; ; ; ; ; ; ; ;12;96,6392781309672
3353843;1;1;1; ; ; ; ; ; ; ; ; ; ; ; ;12;94,3977992084435
3353843;1;2;2;2;15; ;2; ; ;1;2; ; ;1; ;12;94,3977992084435
3353843;1;3;1; ; ; ; ; ; ; ; ; ; ; ; ;12;94,3977992084435
3353844;1;1;2;2;76; ;3;15; ;1;2; ; ;1; ;12;87,7572266952354
3353844;1;2;2;2;15; ;3;15; ;1;2; ; ;1; ;12;87,7572266952354
3353844;1;3;2;2;15; ;3;15; ;1;2; ; ;1; ;12;87,7572266952354
3353844;1;4;2;2;15; ;3;15; ;1;2; ; ;1; ;12;87,7572266952354
3353845;1;1;2;2;15; ;2; ; ;1;2; ; ;1; ;12;131,585807354179
3353845;1;2;2;2;11; ;2; ; ;1;2; ; ;1; ;12;131,585807354179
3353845;1;3;2;2;11; ;2; ; ;1;2; ; ;1; ;12;131,585807354179
3353847;1;1;1; ; ; ; ; ; ; ; ; ; ; ; ;12;95,1823514737776
3353847;1;2;1; ; ; ; ; ; ; ; ; ; ; ; ;12;95,1823514737776
3353848;1;1;2;2;15; ;2; ; ;1;2; ; ;1; ;12;95,1823514737776
3353848;1;2;1; ; ; ; ; ; ; ; ; ; ; ; ;12;95,1823514737776
3353849;1;1;1; ; ; ; ; ; ; ; ; ; ; ; ;12;92,8225203608226
3353849;1;2;1; ; ; ; ; ; ; ; ; ; ; ; ;12;92,8225203608226
3353849;1;3;1; ; ; ; ; ; ; ; ; ; ; ; ;12;92,8225203608226
3353849;1;4;2;2;50; ;3;50; ;1;3;50; ;1; ;12;92,8225203608226
3353850;1;1;2;2;15; ;2; ; ;1;2; ; ;1; ;12;84,7494428669966
3353850;1;2;2;2;15; ;2; ; ;1;2; ; ;1; ;12;84,7494428669966
3353850;1;3;1; ; ; ; ; ; ; ; ; ; ; ; ;12;84,7494428669966
3353850;1;4;1; ; ; ; ; ; ; ; ; ; ; ; ;12;84,7494428669966
3353850;1;5;1; ; ; ; ; ; ; ; ; ; ; ; ;12;84,7494428669966
3353851;1;1;1; ; ; ; ; ; ; ; ; ; ; ; ;12;66,4557303842082
3353851;1;2;1; ; ; ; ; ; ; ; ; ; ; ; ;12;66,4557303842082
3353851;1;3;1; ; ; ; ; ; ; ; ; ; ; ; ;12;66,4557303842082
3353851;1;4;1; ; ; ; ; ; ; ; ; ; ; ; ;12;66,4557303842082
3353851;1;5;2;1; ; ;3;85; ;1;2; ; ;1; ;12;66,4557303842082
3353851;1;6;2;1; ; ;3;85; ;1;2; ; ;1; ;12;66,4557303842082
3353852;1;1;1; ; ; ; ; ; ; ; ; ; ; ; ;12;116,403754773754
3353852;1;2;1; ; ; ; ; ; ; ; ; ; ; ; ;12;116,403754773754
3353853;1;1;2;2;25; ;2; ; ;1;2; ; ;1; ;12;91,5733458518823
3353853;1;2;1; ; ; ; ; ; ; ; ; ; ; ; ;12;91,5733458518823
3353853;1;3;1; ; ; ; ; ; ; ; ; ; ; ; ;12;91,5733458518823
3353854;1;1;1; ; ; ; ; ; ; ; ; ; ; ; ;12;74,6333225656565
3353854;1;2;1; ; ; ; ; ; ; ; ; ; ; ; ;12;74,6333225656565
3353855;1;1;1; ; ; ; ; ; ; ; ; ; ; ; ;12;74,8951117585202
3353855;1;2;1; ; ; ; ; ; ; ; ; ; ; ; ;12;74,8951117585202
3353855;1;3;1; ; ; ; ; ; ; ; ; ; ; ; ;12;74,8951117585202
3353856;1;1;2;2;15; ;2; ; ;1;2; ; ;1; ;12;115,548049910221
3353856;1;2;2;2;15; ;2; ; ;1;2; ; ;1; ;12;115,548049910221
3353856;2;1;1; ; ; ; ; ; ; ; ; ; ; ; ;12;115,548049910221
3353857;1;1;2;2;15; ;2; ; ;1;2; ; ;1; ;12;71,3899822107495
3353857;2;1;1; ; ; ; ; ; ; ; ; ; ; ; ;12;71,3899822107495
3353857;2;2;2;2;15; ;3;11; ;1;2; ; ;1; ;12;71,3899822107495
3353858;1;1;2;2;15; ;2; ; ;1;2; ; ;1; ;12;146,166638140948
3353858;1;2;1; ; ; ; ; ; ; ; ; ; ; ; ;12;146,166638140948
3353858;1;3;1; ; ; ; ; ; ; ; ; ; ; ; ;12;146,166638140948
3353858;1;4;1; ; ; ; ; ; ; ; ; ; ; ; ;12;146,166638140948
3353859;1;1;1; ; ; ; ; ; ; ; ; ; ; ; ;12;191,113741773735
3353859;1;2;1; ; ; ; ; ; ; ; ; ; ; ; ;12;191,113741773735
3353860;1;1;1; ; ; ; ; ; ; ; ; ; ; ; ;12;240,522420590131
3353860;1;2;1; ; ; ; ; ; ; ; ; ; ; ; ;12;240,522420590131
3353860;1;3;1; ; ; ; ; ; ; ; ; ; ; ; ;12;240,522420590131
3353860;1;4;1; ; ; ; ; ; ; ; ; ; ; ; ;12;240,522420590131
3353861;1;1;2;2;05; ;2; ; ;1;2; ; ;1; ;12;146,149371841356
3353861;1;2;2;2;05; ;2; ; ;1;2; ; ;1; ;12;146,149371841356
3353862;1;1;1; ; ; ; ; ; ; ; ; ; ; ; ;12;167,822208685015
3353863;1;1;1; ; ; ; ; ; ; ; ; ; ; ; ;12;157,657228673058
3353863;1;2;2;2;54; ;2; ; ;1;2; ; ;1; ;12;157,657228673058
3353863;1;3;1; ; ; ; ; ; ; ; ; ; ; ; ;12;157,657228673058
3353864;1;1;1; ; ; ; ; ; ; ; ; ; ; ; ;12;193,953284731745
3353864;1;2;1; ; ; ; ; ; ; ; ; ; ; ; ;12;193,953284731745
3353864;1;3;1; ; ; ; ; ; ; ; ; ; ; ; ;12;193,953284731745
3353864;1;4;1; ; ; ; ; ; ; ; ; ; ; ; ;12;193,953284731745
3353865;1;1;2;2;20; ;2; ; ;1;2; ; ;1; ;12;204,646390838292
3353865;1;2;2;2;20; ;2; ; ;1;2; ; ;1; ;12;204,646390838292
3353865;1;3;2;2;20; ;2; ; ;1;2; ; ;1; ;12;204,646390838292
3353865;1;4;1; ; ; ; ; ; ; ; ; ; ; ; ;12;204,646390838292
3353865;1;5;1; ; ; ; ; ; ; ; ; ; ; ; ;12;204,646390838292
3353865;1;6;1; ; ; ; ; ; ; ; ; ; ; ; ;12;204,646390838292
3353866;1;1;1; ; ; ; ; ; ; ; ; ; ; ; ;12;157,657228673058
3353866;1;2;1; ; ; ; ; ; ; ; ; ; ; ; ;12;157,657228673058
3353866;1;3;1; ; ; ; ; ; ; ; ; ; ; ; ;12;157,657228673058
3353868;1;1;2;2;47; ;2; ; ;1;2; ; ;1; ;12;197,12173486606
3353868;1;2;2;2;47; ;2; ; ;1;2; ; ;1; ;12;197,12173486606
3353868;1;3;2;2;20; ;2; ; ;1;2; ; ;1; ;12;197,12173486606
3353868;1;4;1; ; ; ; ; ; ; ; ; ; ; ; ;12;197,12173486606
3353868;1;5;1; ; ; ; ; ; ; ; ; ; ; ; ;12;197,12173486606
3353869;1;1;2;2;47; ;2; ; ;1;2; ; ;1; ;12;146,149371841356
3353869;1;2;2;2;47; ;2; ; ;1;2; ; ;1; ;12;146,149371841356
3353871;1;1;2;2;13; ;2; ; ;1;2; ; ;1; ;12;157,63342161678
3353871;1;2;2;2;13; ;2; ; ;1;2; ; ;1; ;12;157,63342161678
3353871;1;3;2;2;08; ;2; ; ;1;2; ; ;1; ;12;157,63342161678
3353872;1;1;1; ; ; ; ; ; ; ; ; ; ; ; ;12;230,239025493647
3353872;1;2;1; ; ; ; ; ; ; ; ; ; ; ; ;12;230,239025493647
3353872;1;3;1; ; ; ; ; ; ; ; ; ; ; ; ;12;230,239025493647
3353872;1;4;1; ; ; ; ; ; ; ; ; ; ; ; ;12;230,239025493647
3353872;1;5;1; ; ; ; ; ; ; ; ; ; ; ; ;12;230,239025493647
3353872;1;6;1; ; ; ; ; ; ; ; ; ; ; ; ;12;230,239025493647
3353874;1;1;2;2;08; ;3;08; ;1;2; ; ;1; ;12;157,657228673058
3353874;1;2;2;2;47; ;3;47; ;1;2; ; ;1; ;12;157,657228673058
3353874;1;3;2;2;47; ;3;47; ;1;2; ; ;1; ;12;157,657228673058
3353875;1;1;1; ; ; ; ; ; ; ; ; ; ; ; ;12;297,391210089755
3353875;1;2;1; ; ; ; ; ; ; ; ; ; ; ; ;12;297,391210089755
3353875;1;3;1; ; ; ; ; ; ; ; ; ; ; ; ;12;297,391210089755
3353875;1;4;2;1; ; ;3;17; ;1;2; ; ;1; ;12;297,391210089755
3353875;1;5;1; ; ; ; ; ; ; ; ; ; ; ; ;12;297,391210089755
3353875;1;6;1; ; ; ; ; ; ; ; ; ; ; ; ;12;297,391210089755
3353875;1;7;1; ; ; ; ; ; ; ; ; ; ; ; ;12;297,391210089755
3353875;1;8;1; ; ; ; ; ; ; ; ; ; ; ; ;12;297,391210089755
3353875;1;9;1; ; ; ; ; ; ; ; ; ; ; ; ;12;297,391210089755
3353875;1;10;1; ; ; ; ; ; ; ; ; ; ; ; ;12;297,391210089755
3353876;1;1;2;2;17; ;3;17; ;1;3;17; ;1; ;12;241,486555083471
3353876;1;2;2;2;17; ;3;17; ;1;3;17; ;1; ;12;241,486555083471
3353876;1;3;2;2;17; ;3;17; ;1;3;17; ;1; ;12;241,486555083471
3353877;1;1;1; ; ; ; ; ; ; ; ; ; ; ; ;12;188,113314834208
3353877;1;2;1; ; ; ; ; ; ; ; ; ; ; ; ;12;188,113314834208
3353879;1;1;2;2;73; ;2; ; ;1;2; ; ;1; ;12;200,867364069929
3353879;1;2;1; ; ; ; ; ; ; ; ; ; ; ; ;12;200,867364069929
3353879;1;3;1; ; ; ; ; ; ; ; ; ; ; ; ;12;200,867364069929
3353880;1;1;2;2;66; ;2; ; ;1;2; ; ;1; ;12;209,776367085823
3353882;1;1;2;2;17; ;2; ; ;1;2; ; ;1; ;12;250,207486989783
3353882;1;2;2;2;17; ;2; ; ;1;2; ; ;1; ;12;250,207486989783
3353882;1;3;2;2;17; ;2; ; ;1;2; ; ;1; ;12;250,207486989783
3353882;1;4;1; ; ; ; ; ; ; ; ; ; ; ; ;12;250,207486989783
3353883;1;1;2;2;17; ;2; ; ;1;2; ; ;1; ;12;202,566104383665
3353883;1;2;2;2;17; ;2; ; ;1;2; ; ;1; ;12;202,566104383665
3353883;1;3;2;2;17; ;3;73; ;2;2; ; ;1; ;12;202,566104383665
3353883;1;4;2;2;15; ;1; ; ; ;2; ; ;1; ;12;202,566104383665
3353884;1;1;2;2;17; ;3;17; ;1;2; ; ;1; ;12;269,681370818041
3353884;1;2;2;2;05; ;3;17; ;1;2; ; ;1; ;12;269,681370818041
3353884;1;3;2;2;17; ;3;17; ;1;2; ; ;1; ;12;269,681370818041
3353884;1;4;2;2;17; ;3;17; ;1;2; ; ;1; ;12;269,681370818041
3353886;1;1;1; ; ; ; ; ; ; ; ; ; ; ; ;12;157,259098793221
3353886;1;2;1; ; ; ; ; ; ; ; ; ; ; ; ;12;157,259098793221
3353886;1;3;1; ; ; ; ; ; ; ; ; ; ; ; ;12;157,259098793221
3353887;1;1;1; ; ; ; ; ; ; ; ; ; ; ; ;12;210,695112680776
3353887;1;2;2;1; ; ;3;17; ;1;4; ;8; ;1;12;210,695112680776
3353887;1;3;2;2;17; ;3;17; ;2;2; ; ;1; ;12;210,695112680776
3353888;1;1;2;2;17; ;2; ; ;1;2; ; ;1; ;12;188,113314834208
3353888;1;2;2;2;17; ;2; ; ;1;2; ; ;1; ;12;188,113314834208
3353889;1;1;1; ; ; ; ; ; ; ; ; ; ; ; ;12;171,001124978334
3353889;1;2;1; ; ; ; ; ; ; ; ; ; ; ; ;12;171,001124978334
3353891;1;1;1; ; ; ; ; ; ; ; ; ; ; ; ;12;222,530416321544
3353891;1;2;1; ; ; ; ; ; ; ; ; ; ; ; ;12;222,530416321544
3353893;1;1;1; ; ; ; ; ; ; ; ; ; ; ; ;12;175,807779310379
3353893;1;2;1; ; ; ; ; ; ; ; ; ; ; ; ;12;175,807779310379
3353893;1;3;1; ; ; ; ; ; ; ; ; ; ; ; ;12;175,807779310379
3353893;1;4;1; ; ; ; ; ; ; ; ; ; ; ; ;12;175,807779310379
3353894;1;1;2;2;50; ;2; ; ;1;2; ; ;1; ;12;172,69986529207
3353894;1;2;2;1; ; ;2; ; ;1;2; ; ;1; ;12;172,69986529207
3353894;1;3;2;2;73; ;2; ; ;1;2; ; ;1; ;12;172,69986529207
3353895;1;1;1; ; ; ; ; ; ; ; ; ; ; ; ;12;234,794037447645
3353895;1;2;1; ; ; ; ; ; ; ; ; ; ; ; ;12;234,794037447645
3353895;1;3;1; ; ; ; ; ; ; ; ; ; ; ; ;12;234,794037447645
3353895;1;4;1; ; ; ; ; ; ; ; ; ; ; ; ;12;234,794037447645
3353895;1;5;1; ; ; ; ; ; ; ; ; ; ; ; ;12;234,794037447645
3353896;1;1;1; ; ; ; ; ; ; ; ; ; ; ; ;12;163,474926829839
3353896;1;2;1; ; ; ; ; ; ; ; ; ; ; ; ;12;163,474926829839
3353896;1;3;1; ; ; ; ; ; ; ; ; ; ; ; ;12;163,474926829839
3353896;1;4;1; ; ; ; ; ; ; ; ; ; ; ; ;12;163,474926829839
3353896;1;5;1; ; ; ; ; ; ; ; ; ; ; ; ;12;163,474926829839
3353897;1;1;1; ; ; ; ; ; ; ; ; ; ; ; ;12;188,113314834208
3353897;1;2;1; ; ; ; ; ; ; ; ; ; ; ; ;12;188,113314834208
3353898;1;1;1; ; ; ; ; ; ; ; ; ; ; ; ;12;144,505049557499
3353898;1;2;1; ; ; ; ; ; ; ; ; ; ; ; ;12;144,505049557499
3353901;1;1;1; ; ; ; ; ; ; ; ; ; ; ; ;12;161,354989760922
3353901;1;2;1; ; ; ; ; ; ; ; ; ; ; ; ;12;161,354989760922
3353902;1;1;1; ; ; ; ; ; ; ; ; ; ; ; ;12;196,979455332836
3353902;1;2;1; ; ; ; ; ; ; ; ; ; ; ; ;12;196,979455332836
3353902;1;3;1; ; ; ; ; ; ; ; ; ; ; ; ;12;196,979455332836
3353903;1;1;2;2;23; ;3;23; ;1;2; ; ;1; ;12;358,784765855791
3353904;1;1;2;2;05; ;3;05; ;1;3;05; ;1; ;12;342,002249956667
3353904;1;2;2;2;05; ;3;05; ;1;3;05; ;1; ;12;342,002249956667
3353905;1;1;2;2;73; ;3;73; ;1;2; ; ;1; ;12;179,392382927896
3353906;1;1;1; ; ; ; ; ; ; ; ; ; ; ; ;12;205,88845834873
3353908;1;1;2;2;23; ;2; ; ;1;2; ; ;1; ;12;316,494151485225
3353909;1;1;1; ; ; ; ; ; ; ; ; ; ; ; ;12;316,494151485225
3353910;1;1;2;2;17; ;3;17; ;1;2; ; ;1; ;12;179,392382927896
3353911;1;1;1; ; ; ; ; ; ; ; ; ; ; ; ;12;348,218077993286
3353911;1;2;1; ; ; ; ; ; ; ; ; ; ; ; ;12;348,218077993286
3353911;1;3;1; ; ; ; ; ; ; ; ; ; ; ; ;12;348,218077993286
3353913;1;1;1; ; ; ; ; ; ; ; ; ; ; ; ;12;231,396556820172
3353913;1;2;2;2;17; ;2; ; ;1;2; ; ;1; ;12;231,396556820172
3353913;1;3;1; ; ; ; ; ; ; ; ; ; ; ; ;12;231,396556820172
3353914;1;1;2;2;17; ;2; ; ;1;2; ; ;1; ;12;153,225981463812
3353914;1;2;2;2;76; ;2; ; ;1;2; ; ;1; ;12;153,225981463812
3353914;1;3;1; ; ; ; ; ; ; ; ; ; ; ; ;12;153,225981463812
3353915;1;1;1; ; ; ; ; ; ; ; ; ; ; ; ;12;419,552734171645
3353917;1;1;2;2;66; ;2; ; ;1;2; ; ;1; ;12;171,471356861394
3353921;1;1;2;2;11; ;2; ; ;1;2; ; ;1; ;12;331,960061399065
3353921;1;2;2;2;17; ;2; ; ;1;2; ; ;1; ;12;331,960061399065
3353921;1;3;2;2;17; ;4; ;1; ;2; ; ;1; ;12;331,960061399065
3353921;1;4;2;1; ; ;4; ;2; ;4; ;2; ;1;12;331,960061399065
3353922;1;1;1; ; ; ; ; ; ; ; ; ; ; ; ;12;281,717758459288
3353922;1;2;1; ; ; ; ; ; ; ; ; ; ; ; ;12;281,717758459288
3353922;1;3;1; ; ; ; ; ; ; ; ; ; ; ; ;12;281,717758459288
3353922;1;4;1; ; ; ; ; ; ; ; ; ; ; ; ;12;281,717758459288
3353922;1;5;1; ; ; ; ; ; ; ; ; ; ; ; ;12;281,717758459288
3353923;1;1;1; ; ; ; ; ; ; ; ; ; ; ; ;12;98,5409803551465
3353923;1;2;2;2;20; ;3;20; ;1;2; ; ;1; ;12;98,5409803551465
3353923;1;3;1; ; ; ; ; ; ; ; ; ; ; ; ;12;98,5409803551465
3353924;1;1;2;2;23; ;3;23; ;1;2; ; ;1; ;12;64,890284721403
3353924;1;2;2;2;23; ;3;23; ;1;2; ; ;1; ;12;64,890284721403
3353925;1;1;1; ; ; ; ; ; ; ; ; ; ; ; ;12;92,4472477431354
3353925;1;2;1; ; ; ; ; ; ; ; ; ; ; ; ;12;92,4472477431354
3353926;1;1;2;1; ; ;2; ; ;1;2; ; ;1; ;12;96,0142932648458
3353926;1;2;2;2;08; ;3;08; ;1;2; ; ;1; ;12;96,0142932648458
3353926;1;3;2;2;08; ;3;08; ;1;2; ; ;1; ;12;96,0142932648458
3353927;1;1;2;2;08; ;2; ; ;1;2; ; ;1; ;12;82,8083831833311
3353927;1;2;1; ; ; ; ; ; ; ; ; ; ; ; ;12;82,8083831833311
3353928;1;1;2;2;20; ;2; ; ;1;2; ; ;1; ;12;73,8572022634057
3353929;1;1;1; ; ; ; ; ; ; ; ; ; ; ; ;12;78,9333802152199
3353929;1;2;1; ; ; ; ; ; ; ; ; ; ; ; ;12;78,9333802152199
3353929;1;3;1; ; ; ; ; ; ; ; ; ; ; ; ;12;78,9333802152199
3353929;1;4;1; ; ; ; ; ; ; ; ; ; ; ; ;12;78,9333802152199
3353930;1;1;2;1; ; ;2; ; ;1;2; ; ;1; ;12;57,1318265018541
3353930;1;2;1; ; ; ; ; ; ; ; ; ; ; ; ;12;57,1318265018541
3353930;1;3;1; ; ; ; ; ; ; ; ; ; ; ; ;12;57,1318265018541
3353931;1;1;2;2;08; ;2; ; ;1;2; ; ;1; ;12;134,509973528042
3353931;1;2;1; ; ; ; ; ; ; ; ; ; ; ; ;12;134,509973528042
3353932;1;1;2;1; ; ;2; ; ;1;2; ; ;1; ;12;119,440832349953
3353932;1;2;2;2;73; ;2; ; ;1;2; ; ;1; ;12;119,440832349953
3353933;1;1;2;2;47; ;2; ; ;1;2; ; ;1; ;12;139,400863066241
3353933;1;2;1; ; ; ; ; ; ; ; ; ; ; ; ;12;139,400863066241
3353934;1;1;2;2;20; ;2; ; ;1;2; ; ;1; ;12;105,157726227876
3353934;1;2;2;2;20; ;2; ; ;1;2; ; ;1; ;12;105,157726227876
3353935;1;1;2;2;20; ;2; ; ;1;2; ; ;1; ;12;117,185233116394
3353935;1;2;2;2;20; ;2; ; ;1;2; ; ;1; ;12;117,185233116394
3353935;1;3;1; ; ; ; ; ; ; ; ; ; ; ; ;12;117,185233116394
3353936;1;1;1; ; ; ; ; ; ; ; ; ; ; ; ;12;158,564987305077
3353936;1;2;1; ; ; ; ; ; ; ; ; ; ; ; ;12;158,564987305077
3353936;1;3;1; ; ; ; ; ; ; ; ; ; ; ; ;12;158,564987305077
3353936;1;4;1; ; ; ; ; ; ; ; ; ; ; ; ;12;158,564987305077
3353937;1;1;2;2;52; ;2; ; ;1;2; ; ;1; ;12;125,095333560623
3353937;1;2;2;2;52; ;2; ; ;1;2; ; ;1; ;12;125,095333560623
3353937;1;3;2;2;52; ;2; ; ;1;2; ; ;1; ;12;125,095333560623
3353938;1;1;2;2;47; ;2; ; ;1;2; ; ;1; ;12;173,902250396028
3353938;1;2;2;2;70; ;2; ; ;1;2; ; ;1; ;12;173,902250396028
3353938;1;3;2;2;47; ;3;47; ;1;2; ; ;1; ;12;173,902250396028
3353938;1;4;2;2;47; ;2; ; ;1;2; ; ;1; ;12;173,902250396028
3353938;1;5;2;2;47; ;2; ; ;1;2; ; ;1; ;12;173,902250396028
3353938;1;6;1; ; ; ; ; ; ; ; ; ; ; ; ;12;173,902250396028
3353939;1;1;2;2;20; ;2; ; ;1;2; ; ;1; ;12;154,13374381159
3353939;1;2;1; ; ; ; ; ; ; ; ; ; ; ; ;12;154,13374381159
3353939;1;3;1; ; ; ; ; ; ; ; ; ; ; ; ;12;154,13374381159
3353939;1;4;1; ; ; ; ; ; ; ; ; ; ; ; ;12;154,13374381159
3353940;1;1;1; ; ; ; ; ; ; ; ; ; ; ; ;12;168,742670164028
3353940;1;2;1; ; ; ; ; ; ; ; ; ; ; ; ;12;168,742670164028
3353940;1;3;1; ; ; ; ; ; ; ; ; ; ; ; ;12;168,742670164028
3353941;1;1;2;2;20; ;2; ; ;1;2; ; ;1; ;12;146,52704021418
3353941;1;2;1; ; ; ; ; ; ; ; ; ; ; ; ;12;146,52704021418
3353941;1;3;1; ; ; ; ; ; ; ; ; ; ; ; ;12;146,52704021418
3353941;1;4;1; ; ; ; ; ; ; ; ; ; ; ; ;12;146,52704021418
3353942;1;1;2;2;44; ;2; ; ;1;2; ; ;1; ;12;112,294343578194
3353942;1;2;2;2;44; ;2; ; ;1;2; ; ;1; ;12;112,294343578194
3353942;1;3;1; ; ; ; ; ; ; ; ; ; ; ; ;12;112,294343578194
3353943;1;1;2;2;47; ;2; ; ;1;2; ; ;1; ;12;165,460308595173
3353943;1;2;1; ; ; ; ; ; ; ; ; ; ; ; ;12;165,460308595173
3353943;1;3;1; ; ; ; ; ; ; ; ; ; ; ; ;12;165,460308595173
3353943;1;4;1; ; ; ; ; ; ; ; ; ; ; ; ;12;165,460308595173
3353944;1;1;2;2;44; ;2; ; ;1;2; ; ;1; ;12;127,373356177723
3353945;1;1;2;2;54; ;2; ; ;1;2; ; ;1; ;12;116,491704996114
3353945;1;2;2;2;54; ;2; ; ;1;2; ; ;1; ;12;116,491704996114
3353946;1;1;2;2;27; ;2; ; ;1;2; ; ;1; ;12;119,440832349953
3353946;1;2;2;2;27; ;3;27; ;1;2; ; ;1; ;12;119,440832349953
3353947;1;1;2;1; ; ;2; ; ;1;2; ; ;1; ;12;2474,71238059536
3353947;1;2;1; ; ; ; ; ; ; ; ; ; ; ; ;12;2474,71238059536
3353947;1;3;1; ; ; ; ; ; ; ; ; ; ; ; ;12;2474,71238059536
3353947;1;4;1; ; ; ; ; ; ; ; ; ; ; ; ;12;2474,71238059536
3353948;1;1;1; ; ; ; ; ; ; ; ; ; ; ; ;12;78,3585078958956
3353948;1;2;1; ; ; ; ; ; ; ; ; ; ; ; ;12;78,3585078958956
3353949;1;1;1; ; ; ; ; ; ; ; ; ; ; ; ;12;112,042634485163
3353949;1;2;1; ; ; ; ; ; ; ; ; ; ; ; ;12;112,042634485163
3353949;1;3;2;1; ; ;2; ; ;1;2; ; ;1; ;12;112,042634485163
3353949;1;4;1; ; ; ; ; ; ; ; ; ; ; ; ;12;112,042634485163
3353949;1;5;1; ; ; ; ; ; ; ; ; ; ; ; ;12;112,042634485163
3353950;1;1;1; ; ; ; ; ; ; ; ; ; ; ; ;12;127,170927559293
3353950;1;2;1; ; ; ; ; ; ; ; ; ; ; ; ;12;127,170927559293
3353950;1;3;1; ; ; ; ; ; ; ; ; ; ; ; ;12;127,170927559293
3353951;1;1;2;2;70; ;2; ; ;1;2; ; ;1; ;12;70,8232879347653
3353951;1;2;1; ; ; ; ; ; ; ; ; ; ; ; ;12;70,8232879347653
3353952;1;1;1; ; ; ; ; ; ; ; ; ; ; ; ;12;116,463068703393
3353953;1;1;1; ; ; ; ; ; ; ; ; ; ; ; ;12;81,236574352228
3353953;1;2;1; ; ; ; ; ; ; ; ; ; ; ; ;12;81,236574352228
3353954;1;1;2;2;63; ;2; ; ;1;2; ; ;1; ;12;118,364243105217
3353955;1;1;1; ; ; ; ; ; ; ; ; ; ; ; ;12;130,727951413212
3353956;1;1;1; ; ; ; ; ; ; ; ; ; ; ; ;12;135,271875871941
3353956;1;2;1; ; ; ; ; ; ; ; ; ; ; ; ;12;135,271875871941
3353956;1;3;1; ; ; ; ; ; ; ; ; ; ; ; ;12;135,271875871941
3353957;1;1;2;2;63; ;2; ; ;1;2; ; ;1; ;12;91,9645787721118
3353957;1;2;1; ; ; ; ; ; ; ; ; ; ; ; ;12;91,9645787721118
3353958;1;1;1; ; ; ; ; ; ; ; ; ; ; ; ;12;126,027212275068
3353958;1;2;2;1; ; ;2; ; ;1;2; ; ;1; ;12;126,027212275068
3353958;1;3;1; ; ; ; ; ; ; ; ; ; ; ; ;12;126,027212275068
3353960;1;1;2;2;76; ;2; ; ;1;2; ; ;1; ;12;130,727951413212
3353961;1;1;1; ; ; ; ; ; ; ; ; ; ; ; ;12;126,027212275068
3353961;1;2;2;2;76; ;2; ; ;1;2; ; ;1; ;12;126,027212275068
3353961;1;3;1; ; ; ; ; ; ; ; ; ; ; ; ;12;126,027212275068
3353962;1;1;1; ; ; ; ; ; ; ; ; ; ; ; ;12;130,727951413212
3353963;1;1;1; ; ; ; ; ; ; ; ; ; ; ; ;12;130,727951413212
3353964;1;1;2;1; ; ;2; ; ;1;2; ; ;1; ;12;162,589943905013
3353965;1;1;1; ; ; ; ; ; ; ; ; ; ; ; ;12;173,454546632069
3353965;1;2;2;1; ; ;2; ; ;1;2; ; ;1; ;12;173,454546632069
3353965;1;3;2;1; ; ;2; ; ;1;2; ; ;1; ;12;173,454546632069
3353965;1;4;1; ; ; ; ; ; ; ; ; ; ; ; ;12;173,454546632069
3353965;1;5;1; ; ; ; ; ; ; ; ; ; ; ; ;12;173,454546632069
3353966;1;1;1; ; ; ; ; ; ; ; ; ; ; ; ;12;132,670827313487
3353966;1;2;1; ; ; ; ; ; ; ; ; ; ; ; ;12;132,670827313487
3353966;1;3;1; ; ; ; ; ; ; ; ; ; ; ; ;12;132,670827313487
3353966;1;4;1; ; ; ; ; ; ; ; ; ; ; ; ;12;132,670827313487
3353967;1;1;1; ; ; ; ; ; ; ; ; ; ; ; ;12;174,309456398237
3353967;1;2;2;2;76; ;2; ; ;1;2; ; ;1; ;12;174,309456398237
3353967;1;3;1; ; ; ; ; ; ; ; ; ; ; ; ;12;174,309456398237
3353967;1;4;1; ; ; ; ; ; ; ; ; ; ; ; ;12;174,309456398237
3353967;1;5;1; ; ; ; ; ; ; ; ; ; ; ; ;12;174,309456398237
3353968;1;1;2;2;17; ;2; ; ;1;2; ; ;1; ;12;135,271875871941
3353968;1;2;2;2;17; ;3;17; ;1;2; ; ;1; ;12;135,271875871941
3353968;1;3;1; ; ; ; ; ; ; ; ; ; ; ; ;12;135,271875871941
3353969;1;1;2;2;76; ;2; ; ;1;2; ; ;1; ;12;111,139926185826
3353969;1;2;1; ; ; ; ; ; ; ; ; ; ; ; ;12;111,139926185826
3353969;1;3;2;2;63; ;2; ; ;1;2; ; ;1; ;12;111,139926185826
3353970;1;1;2;2;63; ;2; ; ;1;2; ; ;1; ;12;130,727951413212
3353971;1;1;1; ; ; ; ; ; ; ; ; ; ; ; ;12;91,9645787721118
3353971;1;2;2;2;17; ;2; ; ;1;2; ; ;1; ;12;91,9645787721118
3353972;1;1;2;2;17; ;2; ; ;1;2; ; ;1; ;12;130,727951413212
3353973;1;1;2;2;17; ;2; ; ;1;2; ; ;1; ;12;130,727951413212
3353974;1;1;2;2;25; ;2; ; ;1;2; ; ;1; ;12;130,727951413212
3353975;1;1;2;2;73; ;2; ; ;1;2; ; ;1; ;12;152,103939838081
3353975;1;2;1; ; ; ; ; ; ; ; ; ; ; ; ;12;152,103939838081
3353975;1;3;1; ; ; ; ; ; ; ; ; ; ; ; ;12;152,103939838081
3353976;1;1;1; ; ; ; ; ; ; ; ; ; ; ; ;12;130,470186302332
3353976;1;2;1; ; ; ; ; ; ; ; ; ; ; ; ;12;130,470186302332
3353976;1;3;1; ; ; ; ; ; ; ; ; ; ; ; ;12;130,470186302332
3353977;1;1;2;2;63; ;2; ; ;1;2; ; ;1; ;12;130,470186302332
3353977;1;2;2;1; ; ;2; ; ;1;2; ; ;1; ;12;130,470186302332
3353977;1;3;2;3; ;1;2; ; ;1;2; ; ;1; ;12;130,470186302332
3353978;1;1;2;1; ; ;2; ; ;1;2; ; ;1; ;12;94,4881565533586
3353978;1;2;2;1; ; ;2; ; ;1;2; ; ;1; ;12;94,4881565533586
3353979;1;1;2;2;11; ;4; ;2; ;2; ; ;1; ;12;135,271875871941
3353979;1;2;2;3; ;2;4; ;2; ;2; ; ;1; ;12;135,271875871941
3353979;1;3;1; ; ; ; ; ; ; ; ; ; ; ; ;12;135,271875871941
3353981;1;1;1; ; ; ; ; ; ; ; ; ; ; ; ;12;93,6332467871909
3353981;1;2;1; ; ; ; ; ; ; ; ; ; ; ; ;12;93,6332467871909
3353982;1;1;2;2;76; ;3;76; ;1;2; ; ;1; ;12;92,2875155422036
3353983;1;1;2;2;76; ;2; ; ;1;2; ; ;1; ;12;162,589943905013
3353985;1;1;2;1; ; ;2; ; ;1;2; ; ;1; ;12;149,903298826926
3353985;1;2;2;1; ; ;2; ; ;1;2; ; ;1; ;12;149,903298826926
3353986;1;1;1; ; ; ; ; ; ; ; ; ; ; ; ;12;132,670827313487
3353986;1;2;1; ; ; ; ; ; ; ; ; ; ; ; ;12;132,670827313487
3353986;1;3;1; ; ; ; ; ; ; ; ; ; ; ; ;12;132,670827313487
3353986;1;4;1; ; ; ; ; ; ; ; ; ; ; ; ;12;132,670827313487
3353987;1;1;2;1; ; ;2; ; ;1;2; ; ;1; ;12;136,617607116928
3353987;1;2;2;2;73; ;2; ; ;1;2; ; ;1; ;12;136,617607116928
3353987;1;3;2;2;73; ;2; ; ;1;2; ; ;1; ;12;136,617607116928
3353987;1;4;1; ; ; ; ; ; ; ; ; ; ; ; ;12;136,617607116928
3353988;1;1;2;1; ; ;2; ; ;1;2; ; ;1; ;12;167,307125817473
3353988;1;2;2;1; ; ;2; ; ;1;3;63; ;1; ;12;167,307125817473
3353988;1;3;2;1; ; ;2; ; ;1;2; ; ;1; ;12;167,307125817473
3353988;1;4;2;1; ; ;2; ; ;1;2; ; ;1; ;12;167,307125817473
3353989;1;1;1; ; ; ; ; ; ; ; ; ; ; ; ;12;181,533773317628
3353989;1;2;1; ; ; ; ; ; ; ; ; ; ; ; ;12;181,533773317628
3353989;1;3;1; ; ; ; ; ; ; ; ; ; ; ; ;12;181,533773317628
3353990;1;1;2;2;76; ;2; ; ;1;2; ; ;1; ;12;132,347890543395
3353990;1;2;1; ; ; ; ; ; ; ; ; ; ; ; ;12;132,347890543395
3353990;1;3;1; ; ; ; ; ; ; ; ; ; ; ; ;12;132,347890543395
3353990;1;4;1; ; ; ; ; ; ; ; ; ; ; ; ;12;132,347890543395
3353990;1;5;1; ; ; ; ; ; ; ; ; ; ; ; ;12;132,347890543395
3353991;1;1;2;2;25; ;2; ; ;1;2; ; ;1; ;12;155,365626985621
3353991;1;2;2;2;25; ;3;05; ;1;2; ; ;1; ;12;155,365626985621
3353991;1;3;2;2;25; ;2; ; ;1;2; ; ;1; ;12;155,365626985621
3353992;1;1;2;2;17; ;2; ; ;1;2; ; ;1; ;12;163,93567515
3353992;1;2;1; ; ; ; ; ; ; ; ; ; ; ; ;12;163,93567515
3353993;1;1;2;2;76; ;2; ; ;1;2; ; ;1; ;12;160,663510779054
3353993;1;2;1; ; ; ; ; ; ; ; ; ; ; ; ;12;160,663510779054
3353993;1;3;1; ; ; ; ; ; ; ; ; ; ; ; ;12;160,663510779054
3353994;1;1;2;2;63; ;2; ; ;1;2; ; ;1; ;12;123,245869382941
3353994;1;2;1; ; ; ; ; ; ; ; ; ; ; ; ;12;123,245869382941
3353994;1;3;1; ; ; ; ; ; ; ; ; ; ; ; ;12;123,245869382941
3353994;1;4;2;1; ; ;2; ; ;1;4; ;4; ;4;12;123,245869382941
3353994;1;5;1; ; ; ; ; ; ; ; ; ; ; ; ;12;123,245869382941
3353995;1;1;2;1; ; ;2; ; ;1;2; ; ;1; ;12;146,136478598998
3353995;1;2;2;2;76; ;2; ; ;1;2; ; ;1; ;12;146,136478598998
3353995;1;3;2;2;76; ;2; ; ;1;2; ; ;1; ;12;146,136478598998
3353995;1;4;1; ; ; ; ; ; ; ; ; ; ; ; ;12;146,136478598998
3353995;1;5;2;2;76; ;3;76; ;1;3;76; ;2;4;12;146,136478598998
3353995;1;6;2;2;76; ;1; ; ; ;3;76; ;2;4;12;146,136478598998
3353995;1;7;2;2;76; ;1; ; ; ;3;76; ;2;4;12;146,136478598998
3353996;1;1;2;2;76; ;3;05; ;1;2; ; ;1; ;12;135,271875871941
3353996;1;2;2;2;76; ;2; ; ;1;2; ; ;1; ;12;135,271875871941
3353996;1;3;1; ; ; ; ; ; ; ; ; ; ; ; ;12;135,271875871941
3353997;1;1;2;2;76; ;2; ; ;1;2; ; ;1; ;12;91,9645787721118
3353997;1;2;2;2;76; ;3;63; ;1;2; ; ;1; ;12;91,9645787721118
3353998;1;1;2;1; ; ;3;25; ;1;3;25; ;1; ;12;160,663510779054
3353998;1;2;2;1; ; ;3;25; ;1;3;25; ;1; ;12;160,663510779054
3353998;1;3;2;2;25; ;1; ; ; ;3;25; ;1; ;12;160,663510779054
3353999;1;1;2;2;17; ;2; ; ;1;2; ; ;1; ;12;156,711358230609
3353999;1;2;2;2;63; ;2; ; ;1;2; ; ;1; ;12;156,711358230609
3353999;1;3;1; ; ; ; ; ; ; ; ; ; ; ; ;12;156,711358230609
3353999;1;4;2;2;66; ;2; ; ;1;2; ; ;1; ;12;156,711358230609
3354000;1;1;2;2;17; ;2; ; ;1;2; ; ;1; ;12;93,6332467871909
3354000;1;2;1; ; ; ; ; ; ; ; ; ; ; ; ;12;93,6332467871909
3354001;1;1;2;2;63; ;2; ; ;1;2; ; ;1; ;12;161,348603434954
3354001;1;2;1; ; ; ; ; ; ; ; ; ; ; ; ;12;161,348603434954
3354001;1;3;2;3; ;2;1; ; ; ;2; ; ;1; ;12;161,348603434954
3354002;1;1;2;2;76; ;2; ; ;1;2; ; ;1; ;12;94,4881565533586
3354002;1;2;1; ; ; ; ; ; ; ; ; ; ; ; ;12;94,4881565533586
3354003;1;1;1; ; ; ; ; ; ; ; ; ; ; ; ;12;65,5254440916518
3354003;1;2;1; ; ; ; ; ; ; ; ; ; ; ; ;12;65,5254440916518
3354003;1;3;1; ; ; ; ; ; ; ; ; ; ; ; ;12;65,5254440916518
3354003;1;4;1; ; ; ; ; ; ; ; ; ; ; ; ;12;65,5254440916518
3354003;1;5;2;1; ; ;2; ; ;1;2; ; ;1; ;12;65,5254440916518
3354003;1;6;1; ; ; ; ; ; ; ; ; ; ; ; ;12;65,5254440916518
3354003;1;7;1; ; ; ; ; ; ; ; ; ; ; ; ;12;65,5254440916518
3354004;1;1;2;2;63; ;2; ; ;1;2; ; ;1; ;12;79,6008704641169
3354004;1;2;1; ; ; ; ; ; ; ; ; ; ; ; ;12;79,6008704641169
3354005;1;1;1; ; ; ; ; ; ; ; ; ; ; ; ;12;129,124455057345
3354005;1;2;1; ; ; ; ; ; ; ; ; ; ; ; ;12;129,124455057345
3354006;1;1;1; ; ; ; ; ; ; ; ; ; ; ; ;12;94,4881565533586
3354006;1;2;1; ; ; ; ; ; ; ; ; ; ; ; ;12;94,4881565533586
3354007;1;1;1; ; ; ; ; ; ; ; ; ; ; ; ;12;129,57358453121
3354007;1;2;2;2;17; ;2; ; ;1;2; ; ;1; ;12;129,57358453121
3354007;1;3;1; ; ; ; ; ; ; ; ; ; ; ; ;12;129,57358453121
3354007;1;4;1; ; ; ; ; ; ; ; ; ; ; ; ;12;129,57358453121
3354007;1;5;1; ; ; ; ; ; ; ; ; ; ; ; ;12;129,57358453121
3354008;1;1;2;2;73; ;2; ; ;1;2; ; ;1; ;12;118,364243105217
3354009;1;1;1; ; ; ; ; ; ; ; ; ; ; ; ;12;118,041306335125
3354009;1;2;2;2;76; ;2; ; ;1;2; ; ;1; ;12;118,041306335125
3354010;1;1;2;2;63; ;2; ; ;1;2; ; ;1; ;12;118,364243105217
3354011;1;1;1; ; ; ; ; ; ; ; ; ; ; ; ;12;90,7232383020535
3354011;1;2;2;2;63; ;2; ; ;1;2; ; ;1; ;12;90,7232383020535
3354011;1;3;1; ; ; ; ; ; ; ; ; ; ; ; ;12;90,7232383020535
3354011;1;4;1; ; ; ; ; ; ; ; ; ; ; ; ;12;90,7232383020535
3354012;1;1;2;2;63; ;2; ; ;1;2; ; ;1; ;12;94,4881565533586
3354012;1;2;1; ; ; ; ; ; ; ; ; ; ; ; ;12;94,4881565533586
3354013;1;1;2;2;63; ;2; ; ;1;2; ; ;1; ;12;160,663510779054
3354013;1;2;2;2;11; ;2; ; ;1;2; ; ;1; ;12;160,663510779054
3354013;1;3;1; ; ; ; ; ; ; ; ; ; ; ; ;12;160,663510779054
3354014;1;1;2;2;76; ;2; ; ;1;2; ; ;1; ;12;172,108815387082
3354014;1;2;2;2;19; ;2; ; ;1;2; ; ;1; ;12;172,108815387082
3354014;1;3;2;2;66; ;2; ; ;1;2; ; ;1; ;12;172,108815387082
3354014;1;4;2;2;76; ;2; ; ;1;2; ; ;1; ;12;172,108815387082
3354015;1;1;1; ; ; ; ; ; ; ; ; ; ; ; ;12;162,864151790208
3354015;1;2;1; ; ; ; ; ; ; ; ; ; ; ; ;12;162,864151790208
3354015;1;3;1; ; ; ; ; ; ; ; ; ; ; ; ;12;162,864151790208
3354015;1;4;1; ; ; ; ; ; ; ; ; ; ; ; ;12;162,864151790208
3354016;1;1;1; ; ; ; ; ; ; ; ; ; ; ; ;12;159,422170308995
3354016;1;2;2;2;15; ;2; ; ;1;2; ; ;1; ;12;159,422170308995
3354016;1;3;1; ; ; ; ; ; ; ; ; ; ; ; ;12;159,422170308995
3354016;1;4;1; ; ; ; ; ; ; ; ; ; ; ; ;12;159,422170308995
3354016;1;5;2;2;15; ;2; ; ;1;2; ; ;1; ;12;159,422170308995
3354017;1;1;1; ; ; ; ; ; ; ; ; ; ; ; ;12;137,472516883096
3354017;1;2;1; ; ; ; ; ; ; ; ; ; ; ; ;12;137,472516883096
3354017;1;3;1; ; ; ; ; ; ; ; ; ; ; ; ;12;137,472516883096
3354017;1;4;1; ; ; ; ; ; ; ; ; ; ; ; ;12;137,472516883096
3354018;1;1;2;2;25; ;2; ; ;1;2; ; ;1; ;12;118,041306335125
3354018;1;2;1; ; ; ; ; ; ; ; ; ; ; ; ;12;118,041306335125
3354019;1;1;2;2;63; ;2; ; ;1;2; ; ;1; ;12;94,4881565533586
3354019;1;2;1; ; ; ; ; ; ; ; ; ; ; ; ;12;94,4881565533586
3354020;1;1;2;1; ; ;2; ; ;1;2; ; ;1; ;12;118,041306335125
3354020;1;2;1; ; ; ; ; ; ; ; ; ; ; ; ;12;118,041306335125
3354021;1;1;2;2;63; ;2; ; ;1;2; ; ;1; ;12;181,442354548635
3354021;1;2;1; ; ; ; ; ; ; ; ; ; ; ; ;12;181,442354548635
3354021;1;3;1; ; ; ; ; ; ; ; ; ; ; ; ;12;181,442354548635
3354022;1;1;1; ; ; ; ; ; ; ; ; ; ; ; ;12;167,482047406142
3354022;1;2;1; ; ; ; ; ; ; ; ; ; ; ; ;12;167,482047406142
3354022;1;3;1; ; ; ; ; ; ; ; ; ; ; ; ;12;167,482047406142
3354022;1;4;2;2;76; ;2; ; ;1;2; ; ;1; ;12;167,482047406142
3354023;1;1;1; ; ; ; ; ; ; ; ; ; ; ; ;12;109,156896647437
3354023;1;2;1; ; ; ; ; ; ; ; ; ; ; ; ;12;109,156896647437
3354023;1;3;1; ; ; ; ; ; ; ; ; ; ; ; ;12;109,156896647437
3354023;1;4;1; ; ; ; ; ; ; ; ; ; ; ; ;12;109,156896647437
3354023;1;5;1; ; ; ; ; ; ; ; ; ; ; ; ;12;109,156896647437
3354023;1;6;2;2;76; ;2; ; ;1;2; ; ;1; ;12;109,156896647437
3354024;1;1;1; ; ; ; ; ; ; ; ; ; ; ; ;12;140,569759665373
3354024;1;2;1; ; ; ; ; ; ; ; ; ; ; ; ;12;140,569759665373
3354024;1;3;1; ; ; ; ; ; ; ; ; ; ; ; ;12;140,569759665373
3354025;1;1;1; ; ; ; ; ; ; ; ; ; ; ; ;12;287,501663395037
3354025;1;2;1; ; ; ; ; ; ; ; ; ; ; ; ;12;287,501663395037
3354025;1;3;1; ; ; ; ; ; ; ; ; ; ; ; ;12;287,501663395037
3354026;1;1;1; ; ; ; ; ; ; ; ; ; ; ; ;12;355,092729315651
3354027;1;1;2;2;05; ;2; ; ;1;2; ; ;1; ;12;375,516907526699
3354027;1;2;2;2;05; ;2; ; ;1;2; ; ;1; ;12;375,516907526699
3354027;1;3;2;2;05; ;2; ; ;1;2; ; ;1; ;12;375,516907526699
3354028;1;1;2;2;17; ;3;68; ;1;2; ; ;1; ;12;316,063983771116
3354028;1;2;2;2;68; ;3;68; ;1;2; ; ;1; ;12;316,063983771116
3354028;1;3;2;2;68; ;3;68; ;1;2; ; ;1; ;12;316,063983771116
3354029;1;1;2;2;76; ;2; ; ;1;2; ; ;1; ;12;110,494052645642
3354029;1;2;2;2;66; ;2; ; ;1;2; ; ;1; ;12;110,494052645642
3354029;1;3;1; ; ; ; ; ; ; ; ; ; ; ; ;12;110,494052645642
3354029;1;4;1; ; ; ; ; ; ; ; ; ; ; ; ;12;110,494052645642
3354029;1;5;2;2;66; ;2; ; ;1;2; ; ;1; ;12;110,494052645642
3354030;1;1;2;2;05; ;3;05; ;1;2; ; ;1; ;12;135,271875871941
3354030;1;2;2;2;05; ;3;05; ;1;2; ; ;1; ;12;135,271875871941
3354030;1;3;2;2;05; ;3;05; ;1;2; ; ;1; ;12;135,271875871941
3354031;1;1;1; ; ; ; ; ; ; ; ; ; ; ; ;12;92,2875155422036
3354032;1;1;2;2;73; ;2; ; ;1;2; ; ;1; ;12;118,041306335125
3354032;1;2;2;2;73; ;2; ; ;1;2; ; ;1; ;12;118,041306335125
3354033;1;1;2;2;66; ;2; ; ;1;2; ; ;1; ;12;136,294670346836
3354033;1;2;2;2;11; ;2; ; ;1;2; ; ;1; ;12;136,294670346836
3354033;1;3;1; ; ; ; ; ; ; ; ; ; ; ; ;12;136,294670346836
3354033;1;4;1; ; ; ; ; ; ; ; ; ; ; ; ;12;136,294670346836
3354033;1;5;1; ; ; ; ; ; ; ; ; ; ; ; ;12;136,294670346836
3354034;1;1;2;2;63; ;2; ; ;1;2; ; ;1; ;12;79,6008704641169
3354034;1;2;1; ; ; ; ; ; ; ; ; ; ; ; ;12;79,6008704641169
3354035;1;1;2;1; ; ;3;11; ;1;2; ; ;1; ;12;118,364243105217
3354036;1;1;1; ; ; ; ; ; ; ; ; ; ; ; ;12;282,4956593498
3354036;1;2;2;2;63; ;2; ; ;1;2; ; ;1; ;12;282,4956593498
3354036;1;3;1; ; ; ; ; ; ; ; ; ; ; ; ;12;282,4956593498
3354037;1;1;1; ; ; ; ; ; ; ; ; ; ; ; ;12;139,673157894251
3354037;1;2;1; ; ; ; ; ; ; ; ; ; ; ; ;12;139,673157894251
3354037;1;3;1; ; ; ; ; ; ; ; ; ; ; ; ;12;139,673157894251
3354037;1;4;1; ; ; ; ; ; ; ; ; ; ; ; ;12;139,673157894251
3354037;1;5;1; ; ; ; ; ; ; ; ; ; ; ; ;12;139,673157894251
3354038;1;1;1; ; ; ; ; ; ; ; ; ; ; ; ;12;118,041306335125
3354038;1;2;1; ; ; ; ; ; ; ; ; ; ; ; ;12;118,041306335125
3354039;1;1;2;1; ; ;2; ; ;1;2; ; ;1; ;12;405,815627615823
3354039;1;2;2;2;63; ;2; ; ;1;2; ; ;1; ;12;405,815627615823
3354039;1;3;1; ; ; ; ; ; ; ; ; ; ; ; ;12;405,815627615823
3354040;1;1;2;2;63; ;2; ; ;1;2; ; ;1; ;12;132,073682658199
3354040;1;2;1; ; ; ; ; ; ; ; ; ; ; ; ;12;132,073682658199
3354041;1;1;2;2;76; ;2; ; ;1;2; ; ;1; ;12;119,387037580112
3354041;1;2;2;2;76; ;2; ; ;1;2; ; ;1; ;12;119,387037580112
3354041;1;3;2;2;63; ;2; ; ;1;3;68; ;1; ;12;119,387037580112
3354042;1;1;2;2;73; ;2; ; ;1;2; ; ;1; ;12;130,083755598441
3354042;1;2;2;2;63; ;2; ; ;1;2; ; ;1; ;12;130,083755598441
3354042;1;3;1; ; ; ; ; ; ; ; ; ; ; ; ;12;130,083755598441
3354042;1;4;1; ; ; ; ; ; ; ; ; ; ; ; ;12;130,083755598441
3354042;1;5;1; ; ; ; ; ; ; ; ; ; ; ; ;12;130,083755598441
3354043;1;1;2;2;66; ;3;17; ;1;2; ; ;1; ;12;323,039054119902
3354043;1;2;2;2;63; ;3;17; ;1;2; ; ;1; ;12;323,039054119902
3354043;1;3;2;1; ; ;3;17; ;1;2; ; ;1; ;12;323,039054119902
3354043;1;4;2;2;17; ;1; ; ; ;1; ; ; ; ;12;323,039054119902
3354044;1;1;2;2;17; ;2; ; ;1;2; ; ;1; ;12;232,836618093909
3354044;1;2;1; ; ; ; ; ; ; ; ; ; ; ; ;12;232,836618093909
3354044;1;3;2;2;17; ;2; ; ;1;2; ; ;1; ;12;232,836618093909
3354045;1;1;2;2;17; ;2; ; ;1;2; ; ;1; ;12;259,600599275105
3354045;1;2;2;2;17; ;2; ; ;1;2; ; ;1; ;12;259,600599275105
3354046;1;1;1; ; ; ; ; ; ; ; ; ; ; ; ;12;330,822091355643
3354046;1;2;1; ; ; ; ; ; ; ; ; ; ; ; ;12;330,822091355643
3354046;1;3;1; ; ; ; ; ; ; ; ; ; ; ; ;12;330,822091355643
3354046;1;4;1; ; ; ; ; ; ; ; ; ; ; ; ;12;330,822091355643
3354046;1;5;1; ; ; ; ; ; ; ; ; ; ; ; ;12;330,822091355643
3354047;1;1;2;2;17; ;3;66; ;1;2; ; ;1; ;12;284,562542103901
3354047;1;2;2;2;17; ;3;66; ;1;2; ; ;1; ;12;284,562542103901
3354047;1;3;2;2;66; ;3;66; ;1;2; ; ;1; ;12;284,562542103901
3354048;1;1;2;2;76; ;2; ; ;1;2; ; ;1; ;12;216,290686782747
3354048;1;2;2;2;76; ;2; ; ;1;2; ; ;1; ;12;216,290686782747
3354049;1;1;2;2;17; ;2; ; ;1;2; ; ;1; ;12;272,722789759166
3354050;1;1;2;2;66; ;2; ; ;1;2; ; ;1; ;12;267,042783014284
3354050;1;2;2;2;66; ;2; ; ;1;2; ; ;1; ;12;267,042783014284
3354050;1;3;1; ; ; ; ; ; ; ; ; ; ; ; ;12;267,042783014284
3354050;1;4;1; ; ; ; ; ; ; ; ; ; ; ; ;12;267,042783014284
3354051;1;1;2;2;66; ;2; ; ;1;2; ; ;1; ;12;242,58659295745
3354051;1;2;2;2;66; ;2; ; ;1;2; ; ;1; ;12;242,58659295745
3354052;1;1;2;2;66; ;2; ; ;1;2; ; ;1; ;12;272,722789759166
3354053;1;1;2;2;66; ;2; ; ;1;2; ; ;1; ;12;272,722789759166
3354054;1;1;2;2;76; ;2; ; ;1;2; ; ;1; ;12;262,913535043774
3354054;1;2;1; ; ; ; ; ; ; ; ; ; ; ; ;12;262,913535043774
3354055;1;1;1; ; ; ; ; ; ; ; ; ; ; ; ;12;267,889389282808
3354055;1;2;1; ; ; ; ; ; ; ; ; ; ; ; ;12;267,889389282808
3354056;1;1;2;2;17; ;2; ; ;1;2; ; ;1; ;12;327,73747844106
3354056;1;2;1; ; ; ; ; ; ; ; ; ; ; ; ;12;327,73747844106
3354056;1;3;1; ; ; ; ; ; ; ; ; ; ; ; ;12;327,73747844106
3354056;1;4;2;2;66; ;3;66; ;1;3;66; ;1; ;12;327,73747844106
3354056;1;5;2;2;66; ;3;66; ;1;3;66; ;1; ;12;327,73747844106
3354057;1;1;2;2;63; ;2; ; ;1;2; ; ;1; ;12;259,259745778543
3354057;1;2;1; ; ; ; ; ; ; ; ; ; ; ; ;12;259,259745778543
3354057;1;3;1; ; ; ; ; ; ; ; ; ; ; ; ;12;259,259745778543
3354058;1;1;2;2;76; ;2; ; ;1;2; ; ;1; ;12;331,23691557151
3354058;1;2;2;2;76; ;2; ; ;1;2; ; ;1; ;12;331,23691557151
3354058;1;3;2;2;76; ;2; ; ;1;2; ; ;1; ;12;331,23691557151
3354058;1;4;2;2;76; ;2; ; ;1;2; ; ;1; ;12;331,23691557151
3354058;1;5;2;2;76; ;2; ; ;1;2; ; ;1; ;12;331,23691557151
3354059;1;1;1; ; ; ; ; ; ; ; ; ; ; ; ;12;272,722789759166
3354060;1;1;1; ; ; ; ; ; ; ; ; ; ; ; ;12;263,959895683744
3354061;1;1;2;2;17; ;3;66; ;1;2; ; ;1; ;12;229,412877266807
3354062;1;1;2;2;05; ;3;66; ;1;2; ; ;1; ;12;279,586687864867
3354062;1;2;1; ; ; ; ; ; ; ; ; ; ; ; ;12;279,586687864867
3354062;1;3;1; ; ; ; ; ; ; ; ; ; ; ; ;12;279,586687864867
3354063;1;1;1; ; ; ; ; ; ; ; ; ; ; ; ;12;276,273752096198
3354063;1;2;1; ; ; ; ; ; ; ; ; ; ; ; ;12;276,273752096198
3354063;1;3;1; ; ; ; ; ; ; ; ; ; ; ; ;12;276,273752096198
3354064;1;1;1; ; ; ; ; ; ; ; ; ; ; ; ;12;300,884294287813
3354064;1;2;1; ; ; ; ; ; ; ; ; ; ; ; ;12;300,884294287813
3354064;1;3;1; ; ; ; ; ; ; ; ; ; ; ; ;12;300,884294287813
3354064;1;4;1; ; ; ; ; ; ; ; ; ; ; ; ;12;300,884294287813
3354065;1;1;2;2;17; ;2; ; ;1;2; ; ;1; ;12;177,384371957171
3354065;1;2;2;2;17; ;2; ; ;1;2; ; ;1; ;12;177,384371957171
3354065;1;3;2;2;66; ;2; ; ;1;2; ; ;1; ;12;177,384371957171
3354066;1;1;2;2;66; ;2; ; ;1;2; ; ;1; ;12;287,369725100608
3354066;1;2;1; ; ; ; ; ; ; ; ; ; ; ; ;12;287,369725100608
3354066;1;3;2;2;66; ;2; ; ;1;2; ; ;1; ;12;287,369725100608
3354066;1;4;1; ; ; ; ; ; ; ; ; ; ; ; ;12;287,369725100608
3354067;1;1;2;2;17; ;3;66; ;1;2; ; ;1; ;12;272,722789759166
3354068;1;1;2;2;17; ;2; ; ;1;2; ; ;1; ;12;346,706286084711
3354068;1;2;1; ; ; ; ; ; ; ; ; ; ; ; ;12;346,706286084711
3354068;1;3;1; ; ; ; ; ; ; ; ; ; ; ; ;12;346,706286084711
3354068;1;4;1; ; ; ; ; ; ; ; ; ; ; ; ;12;346,706286084711
3354068;1;5;1; ; ; ; ; ; ; ; ; ; ; ; ;12;346,706286084711
3354068;1;6;1; ; ; ; ; ; ; ; ; ; ; ; ;12;346,706286084711
3354068;1;7;1; ; ; ; ; ; ; ; ; ; ; ; ;12;346,706286084711
3354068;1;8;2;2;17; ;2; ; ;1;2; ; ;1; ;12;346,706286084711
3354068;1;9;1; ; ; ; ; ; ; ; ; ; ; ; ;12;346,706286084711
3354068;1;10;1; ; ; ; ; ; ; ; ; ; ; ; ;12;346,706286084711
3354069;1;1;2;2;66; ;2; ; ;1;2; ; ;1; ;12;263,959895683744
3354070;1;1;2;2;17; ;2; ; ;1;2; ; ;1; ;12;263,959895683744
3354071;1;1;1; ; ; ; ; ; ; ; ; ; ; ; ;12;331,539496871155
3354071;1;2;2;2;66; ;3;66; ;1;2; ; ;1; ;12;331,539496871155
3354071;1;3;1; ; ; ; ; ; ; ; ; ; ; ; ;12;331,539496871155
3354072;1;1;2;2;66; ;2; ; ;1;2; ; ;1; ;12;292,76040355551
3354072;1;2;2;2;66; ;2; ; ;1;2; ; ;1; ;12;292,76040355551
3354072;1;3;2;2;66; ;2; ; ;1;2; ; ;1; ;12;292,76040355551
3354072;1;4;1; ; ; ; ; ; ; ; ; ; ; ; ;12;292,76040355551
3354073;1;1;2;2;66; ;3;66; ;1;2; ; ;1; ;12;220,69428444953
3354073;1;2;2;2;66; ;2; ; ;1;2; ; ;1; ;12;220,69428444953
3354073;1;3;2;2;66; ;3;66; ;1;2; ; ;1; ;12;220,69428444953
3354074;1;1;1; ; ; ; ; ; ; ; ; ; ; ; ;12;228,604543195201
3354074;1;2;2;2;66; ;2; ; ;1;2; ; ;1; ;12;228,604543195201
3354074;1;3;1; ; ; ; ; ; ; ; ; ; ; ; ;12;228,604543195201
3354074;1;4;1; ; ; ; ; ; ; ; ; ; ; ; ;12;228,604543195201
3354075;1;1;1; ; ; ; ; ; ; ; ; ; ; ; ;12;263,959895683744
3354076;1;1;2;2;17; ;2; ; ;1;2; ; ;1; ;12;254,900449369904
3354076;1;2;2;2;17; ;2; ; ;1;2; ; ;1; ;12;254,900449369904
3354076;1;3;2;2;17; ;2; ; ;1;2; ; ;1; ;12;254,900449369904
3354076;1;4;1; ; ; ; ; ; ; ; ; ; ; ; ;12;254,900449369904
3354077;1;1;1; ; ; ; ; ; ; ; ; ; ; ; ;12;268,363493350527
3354077;1;2;1; ; ; ; ; ; ; ; ; ; ; ; ;12;268,363493350527
3354078;1;1;2;2;76; ;2; ; ;1;2; ; ;1; ;12;838,760063594602
3354078;1;2;2;2;76; ;2; ; ;1;2; ; ;1; ;12;838,760063594602
3354078;1;3;1; ; ; ; ; ; ; ; ; ; ; ; ;12;838,760063594602
3354079;1;1;2;2;05; ;2; ; ;1;2; ; ;1; ;12;784,956313678146
3354079;1;2;2;2;05; ;2; ; ;1;2; ; ;1; ;12;784,956313678146
3354079;1;3;1; ; ; ; ; ; ; ; ; ; ; ; ;12;784,956313678146
3354079;1;4;1; ; ; ; ; ; ; ; ; ; ; ; ;12;784,956313678146
3354080;1;1;2;2;17; ;2; ; ;1;2; ; ;1; ;12;670,93176362674
3354080;1;2;2;2;17; ;3;66; ;1;2; ; ;1; ;12;670,93176362674
3354080;1;3;1; ; ; ; ; ; ; ; ; ; ; ; ;12;670,93176362674
3354080;1;4;2;2;17; ;2; ; ;1;2; ; ;1; ;12;670,93176362674
3354080;1;5;1; ; ; ; ; ; ; ; ; ; ; ; ;12;670,93176362674
3354081;1;1;2;2;76; ;2; ; ;1;2; ; ;1; ;12;818,168369277497
3354082;1;1;2;2;17; ;2; ; ;1;2; ; ;1; ;12;711,587743507645
3354082;1;2;1; ; ; ; ; ; ; ; ; ; ; ; ;12;711,587743507645
3354083;1;1;2;2;05; ;2; ; ;1;2; ; ;1; ;12;267,889389282808
3354083;1;2;1; ; ; ; ; ; ; ; ; ; ; ; ;12;267,889389282808
3354084;1;1;1; ; ; ; ; ; ; ; ; ; ; ; ;12;263,959895683744
3354085;1;1;2;2;73; ;2; ; ;1;2; ; ;1; ;12;259,600599275105
3354085;1;2;2;2;66; ;2; ; ;1;2; ; ;1; ;12;259,600599275105
3354086;1;1;1; ; ; ; ; ; ; ; ; ; ; ; ;12;267,889389282808
3354086;1;2;1; ; ; ; ; ; ; ; ; ; ; ; ;12;267,889389282808
3354087;1;1;2;2;63; ;2; ; ;1;2; ; ;1; ;12;284,562542103901
3354087;1;2;2;2;05; ;2; ; ;1;2; ; ;1; ;12;284,562542103901
3354087;1;3;2;2;76; ;2; ; ;1;2; ; ;1; ;12;284,562542103901
3354088;1;1;1; ; ; ; ; ; ; ; ; ; ; ; ;12;313,087345641834
3354088;1;2;2;2;52; ;2; ; ;1;2; ; ;1; ;12;313,087345641834
3354088;1;3;1; ; ; ; ; ; ; ; ; ; ; ; ;12;313,087345641834
3354088;1;4;1; ; ; ; ; ; ; ; ; ; ; ; ;12;313,087345641834
3354089;1;1;1; ; ; ; ; ; ; ; ; ; ; ; ;12;263,959895683744
3354090;1;1;1; ; ; ; ; ; ; ; ; ; ; ; ;12;293,755238988897
3354091;1;1;1; ; ; ; ; ; ; ; ; ; ; ; ;12;688,393207420167
3354091;1;2;2;2;17; ;2; ; ;1;2; ; ;1; ;12;688,393207420167
3354091;1;3;1; ; ; ; ; ; ; ; ; ; ; ; ;12;688,393207420167
3354092;1;1;2;1; ; ;2; ; ;1;2; ; ;1; ;12;123,826571263913
3354092;1;2;2;2;11; ;2; ; ;1;2; ; ;1; ;12;123,826571263913
3354093;1;1;1; ; ; ; ; ; ; ; ; ; ; ; ;12;85,0631986228124
3354093;1;2;1; ; ; ; ; ; ; ; ; ; ; ; ;12;85,0631986228124
3354093;1;3;1; ; ; ; ; ; ; ; ; ; ; ; ;12;85,0631986228124
3354094;1;1;1; ; ; ; ; ; ; ; ; ; ; ; ;12;65,5254440916518
3354094;1;2;2;1; ; ;2; ; ;1;2; ; ;1; ;12;65,5254440916518
3354094;1;3;1; ; ; ; ; ; ; ; ; ; ; ; ;12;65,5254440916518
3354095;1;1;2;2;63; ;2; ; ;1;2; ; ;1; ;12;118,364243105217
3354096;1;1;2;2;63; ;3;11; ;1;2; ; ;1; ;12;184,813805216108
3354096;1;2;2;1; ; ;3;11; ;1;2; ; ;1; ;12;184,813805216108
3354096;1;3;2;2;11; ;1; ; ; ;2; ; ;1; ;12;184,813805216108
3354096;1;4;1; ; ; ; ; ; ; ; ; ; ; ; ;12;184,813805216108
3354096;1;5;2;1; ; ;4; ;11; ;4; ;11; ;3;12;184,813805216108
3354097;1;1;2;2;05; ;2; ; ;1;2; ; ;1; ;12;79,2779336940251
3354097;1;2;1; ; ; ; ; ; ; ; ; ; ; ; ;12;79,2779336940251
3354097;1;3;1; ; ; ; ; ; ; ; ; ; ; ; ;12;79,2779336940251
3354098;1;1;2;2;76; ;2; ; ;1;2; ; ;1; ;12;147,976865700967
3354098;1;2;2;2;63; ;2; ; ;1;2; ; ;1; ;12;147,976865700967
3354098;1;3;1; ; ; ; ; ; ; ; ; ; ; ; ;12;147,976865700967
3354098;1;4;2;2;76; ;2; ; ;1;2; ; ;1; ;12;147,976865700967
3354099;1;1;2;2;25; ;3;73; ;1;3;73; ;1; ;12;176,235889524196
3354099;1;2;2;1; ; ;2; ; ;1;3;73; ;1; ;12;176,235889524196
3354099;1;3;2;1; ; ;1; ; ; ;3;73; ;1; ;12;176,235889524196
3354100;1;1;2;1; ; ;3;73; ;2;2; ; ;1; ;12;175,655187643224
3354100;1;2;2;2;19; ;3;73; ;2;2; ; ;1; ;12;175,655187643224
3354100;1;3;2;1; ; ;3;73; ;1;2; ; ;1; ;12;175,655187643224
3354100;1;4;2;1; ; ;3;73; ;1;2; ; ;1; ;12;175,655187643224
3354100;1;5;2;1; ; ;3;73; ;1;2; ; ;1; ;12;175,655187643224
3354100;1;6;1; ; ; ; ; ; ; ; ; ; ; ; ;12;175,655187643224
3354101;1;1;2;1; ; ;2; ; ;1;2; ; ;1; ;12;90,3610824162445
3354101;1;2;2;2;11; ;2; ; ;1;2; ; ;1; ;12;90,3610824162445
3354101;1;3;2;1; ; ;2; ; ;1;2; ; ;1; ;12;90,3610824162445
3354102;1;1;2;2;17; ;2; ; ;1;2; ; ;1; ;12;111,139926185826
3354102;1;2;2;2;17; ;2; ; ;1;2; ; ;1; ;12;111,139926185826
3354102;1;3;1; ; ; ; ; ; ; ; ; ; ; ; ;12;111,139926185826
3354103;1;1;1; ; ; ; ; ; ; ; ; ; ; ; ;12;132,928592424367
3354103;1;2;1; ; ; ; ; ; ; ; ; ; ; ; ;12;132,928592424367
3354104;1;1;2;2;05; ;3;63; ;2;2; ; ;1; ;12;137,149580113004
3354104;1;2;2;2;63; ;3;63; ;2;2; ; ;1; ;12;137,149580113004
3354104;1;3;1; ; ; ; ; ; ; ; ; ; ; ; ;12;137,149580113004
3354104;1;4;1; ; ; ; ; ; ; ; ; ; ; ; ;12;137,149580113004
3354104;1;5;2;2;73; ;3;63; ;2;2; ; ;1; ;12;137,149580113004
3354105;1;1;1; ; ; ; ; ; ; ; ; ; ; ; ;12;284,227814327306
3354105;1;2;1; ; ; ; ; ; ; ; ; ; ; ; ;12;284,227814327306
3354105;1;3;1; ; ; ; ; ; ; ; ; ; ; ; ;12;284,227814327306
3354105;1;4;1; ; ; ; ; ; ; ; ; ; ; ; ;12;284,227814327306
3354106;1;1;2;2;20; ;2; ; ;1;2; ; ;1; ;12;424,784513722605
3354106;1;2;1; ; ; ; ; ; ; ; ; ; ; ; ;12;424,784513722605
3354106;1;3;1; ; ; ; ; ; ; ; ; ; ; ; ;12;424,784513722605
3354106;1;4;1; ; ; ; ; ; ; ; ; ; ; ; ;12;424,784513722605
3354106;1;5;1; ; ; ; ; ; ; ; ; ; ; ; ;12;424,784513722605
3354106;1;6;2;1; ; ;3;81; ;2;3;50; ;1; ;12;424,784513722605
3354107;1;1;2;2;41; ;2; ; ;1;2; ; ;1; ;12;278,145276189702
3354107;1;2;2;2;41; ;2; ; ;1;2; ; ;1; ;12;278,145276189702
3354107;1;3;1; ; ; ; ; ; ; ; ; ; ; ; ;12;278,145276189702
3354108;1;1;2;2;41; ;2; ; ;1;2; ; ;1; ;12;185,629734533963
3354108;1;2;2;2;73; ;3;11; ;1;3;11; ;1; ;12;185,629734533963
3354108;1;3;2;2;11; ;3;11; ;1;3;11; ;1; ;12;185,629734533963
3354108;1;4;2;1; ; ;3;11; ;1;3;11; ;1; ;12;185,629734533963
3354109;1;1;2;2;73; ;2; ; ;1;2; ; ;1; ;12;309,531846804779
3354109;1;2;2;2;41; ;2; ; ;1;2; ; ;1; ;12;309,531846804779
3354109;1;3;1; ; ; ; ; ; ; ; ; ; ; ; ;12;309,531846804779
3354109;1;4;1; ; ; ; ; ; ; ; ; ; ; ; ;12;309,531846804779
3354110;1;1;2;2;73; ;2; ; ;1;2; ; ;1; ;12;181,874444046606
3354110;1;2;1; ; ; ; ; ; ; ; ; ; ; ; ;12;181,874444046606
3354110;1;3;1; ; ; ; ; ; ; ; ; ; ; ; ;12;181,874444046606
3354110;1;4;2;2;73; ;2; ; ;1;2; ; ;1; ;12;181,874444046606
3354110;1;5;1; ; ; ; ; ; ; ; ; ; ; ; ;12;181,874444046606
3354110;1;6;1; ; ; ; ; ; ; ; ; ; ; ; ;12;181,874444046606
3354110;1;7;1; ; ; ; ; ; ; ; ; ; ; ; ;12;181,874444046606
3354110;1;8;1; ; ; ; ; ; ; ; ; ; ; ; ;12;181,874444046606
3354111;1;1;2;2;41; ;2; ; ;1;2; ; ;1; ;12;277,407848071486
3354112;1;1;2;2;63; ;3;13; ;1;3;13; ;1; ;12;401,195414911576
3354112;1;2;1; ; ; ; ; ; ; ; ; ; ; ; ;12;401,195414911576
3354112;1;3;1; ; ; ; ; ; ; ; ; ; ; ; ;12;401,195414911576
3354112;1;4;1; ; ; ; ; ; ; ; ; ; ; ; ;12;401,195414911576
3354113;1;1;1; ; ; ; ; ; ; ; ; ; ; ; ;12;264,336712020845
3354113;1;2;1; ; ; ; ; ; ; ; ; ; ; ; ;12;264,336712020845
3354113;1;3;1; ; ; ; ; ; ; ; ; ; ; ; ;12;264,336712020845
3354114;1;1;2;2;15; ;2; ; ;1;2; ; ;1; ;12;278,145276189702
3354114;1;2;1; ; ; ; ; ; ; ; ; ; ; ; ;12;278,145276189702
3354114;1;3;1; ; ; ; ; ; ; ; ; ; ; ; ;12;278,145276189702
3354115;1;1;1; ; ; ; ; ; ; ; ; ; ; ; ;12;342,284193609989
3354115;1;2;1; ; ; ; ; ; ; ; ; ; ; ; ;12;342,284193609989
3354115;1;3;1; ; ; ; ; ; ; ; ; ; ; ; ;12;342,284193609989
3354115;1;4;2;1; ; ;2; ; ;1;2; ; ;1; ;12;342,284193609989
3354115;1;5;1; ; ; ; ; ; ; ; ; ; ; ; ;12;342,284193609989
3354115;1;6;1; ; ; ; ; ; ; ; ; ; ; ; ;12;342,284193609989
3354115;1;7;1; ; ; ; ; ; ; ; ; ; ; ; ;12;342,284193609989
3354116;1;1;2;2;17; ;2; ; ;1;2; ; ;1; ;12;246,758705574624
3354116;1;2;1; ; ; ; ; ; ; ; ; ; ; ; ;12;246,758705574624
3354118;1;1;1; ; ; ; ; ; ; ; ; ; ; ; ;12;470,376399022014
3354118;1;2;1; ; ; ; ; ; ; ; ; ; ; ; ;12;470,376399022014
3354119;1;1;2;2;05; ;2; ; ;1;2; ; ;1; ;12;218,591972891064
3354119;1;2;2;2;73; ;2; ; ;1;2; ; ;1; ;12;218,591972891064
3354119;1;3;2;2;73; ;2; ; ;1;2; ; ;1; ;12;218,591972891064
3354120;1;1;1; ; ; ; ; ; ; ; ; ; ; ; ;12;277,407848071486
3354121;1;1;2;2;25; ;2; ; ;1;2; ; ;1; ;12;190,380274341761
3354122;1;1;1; ; ; ; ; ; ; ; ; ; ; ; ;12;190,380274341761
3354123;1;1;2;2;19; ;2; ; ;1;2; ; ;1; ;12;190,380274341761
3354124;1;1;1; ; ; ; ; ; ; ; ; ; ; ; ;12;277,884247231181
3354124;1;2;1; ; ; ; ; ; ; ; ; ; ; ; ;12;277,884247231181
3354124;1;3;1; ; ; ; ; ; ; ; ; ; ; ; ;12;277,884247231181
3354124;1;4;2;2;11; ;2; ; ;1;2; ; ;1; ;12;277,884247231181
3354124;1;5;1; ; ; ; ; ; ; ; ; ; ; ; ;12;277,884247231181
3354124;2;1;2;2;63; ;2; ; ;1;2; ; ;1; ;12;277,884247231181
3354125;1;1;2;2;17; ;3;73; ;1;2; ; ;1; ;12;273,044517878376
3354125;1;2;2;2;17; ;3;76; ;1;2; ; ;1; ;12;273,044517878376
3354125;1;3;2;2;76; ;2; ; ;1;2; ; ;1; ;12;273,044517878376
3354125;1;4;2;2;76; ;2; ; ;1;2; ; ;1; ;12;273,044517878376
3354126;1;1;1; ; ; ; ; ; ; ; ; ; ; ; ;12;221,766844956838
3354126;1;2;1; ; ; ; ; ; ; ; ; ; ; ; ;12;221,766844956838
3354127;1;1;2;1; ; ;2; ; ;1;2; ; ;1; ;12;309,531846804779
3354127;1;2;1; ; ; ; ; ; ; ; ; ; ; ; ;12;309,531846804779
3354127;1;3;1; ; ; ; ; ; ; ; ; ; ; ; ;12;309,531846804779
3354127;1;4;1; ; ; ; ; ; ; ; ; ; ; ; ;12;309,531846804779
3354128;1;1;2;2;41; ;2; ; ;1;2; ; ;1; ;12;246,758705574624
3354128;1;2;2;1; ; ;2; ; ;1;2; ; ;1; ;12;246,758705574624
3354129;1;1;2;2;73; ;3;63; ;1;2; ; ;1; ;12;198,700870584604
3354129;1;2;2;2;73; ;3;63; ;1;2; ; ;1; ;12;198,700870584604
3354130;1;1;2;2;73; ;2; ; ;1;2; ; ;1; ;12;277,407848071486
3354131;1;1;1; ; ; ; ; ; ; ; ; ; ; ; ;12;293,338741002888
3354131;1;2;1; ; ; ; ; ; ; ; ; ; ; ; ;12;293,338741002888
3354131;1;3;1; ; ; ; ; ; ; ; ; ; ; ; ;12;293,338741002888
3354131;1;4;1; ; ; ; ; ; ; ; ; ; ; ; ;12;293,338741002888
3354132;1;1;2;2;11; ;3;11; ;1;2; ; ;1; ;12;333,301207003931
3354132;1;2;1; ; ; ; ; ; ; ; ; ; ; ; ;12;333,301207003931
3354132;1;3;1; ; ; ; ; ; ; ; ; ; ; ; ;12;333,301207003931
3354132;1;4;1; ; ; ; ; ; ; ; ; ; ; ; ;12;333,301207003931
3354133;1;1;2;2;25; ;3;73; ;2;2; ; ;1; ;12;198,700870584604
3354133;1;2;2;2;76; ;3;73; ;2;2; ; ;1; ;12;198,700870584604
3354134;1;1;2;2;73; ;2; ; ;1;2; ; ;1; ;12;372,784330519954
3354134;1;2;2;2;73; ;2; ; ;1;2; ; ;1; ;12;372,784330519954
3354134;1;3;1; ; ; ; ; ; ; ; ; ; ; ; ;12;372,784330519954
3354134;1;4;1; ; ; ; ; ; ; ; ; ; ; ; ;12;372,784330519954
3354134;1;5;1; ; ; ; ; ; ; ; ; ; ; ; ;12;372,784330519954
3354135;1;1;1; ; ; ; ; ; ; ; ; ; ; ; ;12;161,428502769361
3354135;1;2;1; ; ; ; ; ; ; ; ; ; ; ; ;12;161,428502769361
3354135;1;3;1; ; ; ; ; ; ; ; ; ; ; ; ;12;161,428502769361
3354135;1;4;1; ; ; ; ; ; ; ; ; ; ; ; ;12;161,428502769361
3354135;1;5;2;2;25; ;2; ; ;1;2; ; ;1; ;12;161,428502769361
3354137;1;1;1; ; ; ; ; ; ; ; ; ; ; ; ;12;220,346492303814
3354137;1;2;2;2;11; ;2; ; ;1;2; ; ;1; ;12;220,346492303814
3354137;1;3;1; ; ; ; ; ; ; ; ; ; ; ; ;12;220,346492303814
3354137;1;4;1; ; ; ; ; ; ; ; ; ; ; ; ;12;220,346492303814
3354138;1;1;2;2;54; ;2; ; ;1;2; ; ;1; ;12;161,415248316168
3354138;1;2;2;2;54; ;2; ; ;1;2; ; ;1; ;12;161,415248316168
3354138;1;3;2;2;54; ;2; ; ;1;2; ; ;1; ;12;161,415248316168
3354138;1;4;1; ; ; ; ; ; ; ; ; ; ; ; ;12;161,415248316168
3354138;1;5;1; ; ; ; ; ; ; ; ; ; ; ; ;12;161,415248316168
3354138;1;6;2;2;54; ;3;54; ;1;3;54; ;1; ;12;161,415248316168
3354139;1;1;2;2;25; ;2; ; ;1;2; ; ;1; ;12;220,346492303814
3354139;1;2;2;2;25; ;2; ; ;1;2; ; ;1; ;12;220,346492303814
3354139;1;3;2;2;25; ;2; ; ;1;2; ; ;1; ;12;220,346492303814
3354139;1;4;2;2;25; ;1; ; ; ;2; ; ;1; ;12;220,346492303814
3354140;1;1;2;2;05; ;3;73; ;1;2; ; ;1; ;12;187,814275710178
3354140;1;2;1; ; ; ; ; ; ; ; ; ; ; ; ;12;187,814275710178
3354140;1;3;1; ; ; ; ; ; ; ; ; ; ; ; ;12;187,814275710178
3354141;1;1;1; ; ; ; ; ; ; ; ; ; ; ; ;12;218,158967293352
3354141;1;2;2;2;15; ;2; ; ;1;2; ; ;1; ;12;218,158967293352
3354141;1;3;1; ; ; ; ; ; ; ; ; ; ; ; ;12;218,158967293352
3354141;1;4;1; ; ; ; ; ; ; ; ; ; ; ; ;12;218,158967293352
3354142;1;1;2;2;15; ;2; ; ;1;2; ; ;1; ;12;198,304091455555
3354142;1;2;2;2;50; ;2; ; ;1;2; ; ;1; ;12;198,304091455555
3354142;1;3;1; ; ; ; ; ; ; ; ; ; ; ; ;12;198,304091455555
3354142;1;4;2;2;50; ;2; ; ;1;2; ; ;1; ;12;198,304091455555
3354143;1;1;2;2;08; ;2; ; ;1;2; ; ;1; ;12;227,397892959297
3354143;1;2;1; ; ; ; ; ; ; ; ; ; ; ; ;12;227,397892959297
3354143;1;3;1; ; ; ; ; ; ; ; ; ; ; ; ;12;227,397892959297
3354143;1;4;1; ; ; ; ; ; ; ; ; ; ; ; ;12;227,397892959297
3354144;1;1;1; ; ; ; ; ; ; ; ; ; ; ; ;12;199,140536061386
3354145;1;1;1; ; ; ; ; ; ; ; ; ; ; ; ;12;218,158967293352
3354145;1;2;1; ; ; ; ; ; ; ; ; ; ; ; ;12;218,158967293352
3354145;1;3;1; ; ; ; ; ; ; ; ; ; ; ; ;12;218,158967293352
3354145;1;4;1; ; ; ; ; ; ; ; ; ; ; ; ;12;218,158967293352
3354146;1;1;1; ; ; ; ; ; ; ; ; ; ; ; ;12;156,215425279418
3354146;1;2;1; ; ; ; ; ; ; ; ; ; ; ; ;12;156,215425279418
3354146;1;3;1; ; ; ; ; ; ; ; ; ; ; ; ;12;156,215425279418
3354146;1;4;1; ; ; ; ; ; ; ; ; ; ; ; ;12;156,215425279418
3354147;1;1;1; ; ; ; ; ; ; ; ; ; ; ; ;12;150,28582356809
3354147;1;2;1; ; ; ; ; ; ; ; ; ; ; ; ;12;150,28582356809
3354147;1;3;1; ; ; ; ; ; ; ; ; ; ; ; ;12;150,28582356809
3354148;1;1;1; ; ; ; ; ; ; ; ; ; ; ; ;12;207,575186699732
3354149;1;1;1; ; ; ; ; ; ; ; ; ; ; ; ;12;232,429254794783
3354149;1;2;1; ; ; ; ; ; ; ; ; ; ; ; ;12;232,429254794783
3354149;1;3;1; ; ; ; ; ; ; ; ; ; ; ; ;12;232,429254794783
3354150;1;1;1; ; ; ; ; ; ; ; ; ; ; ; ;12;175,976336268972
3354150;1;2;1; ; ; ; ; ; ; ; ; ; ; ; ;12;175,976336268972
3354151;1;1;2;2;13; ;2; ; ;1;2; ; ;1; ;12;253,796920353307
3354152;1;1;1; ; ; ; ; ; ; ; ; ; ; ; ;12;192,150377305729
3354152;1;2;1; ; ; ; ; ; ; ; ; ; ; ; ;12;192,150377305729
3354152;1;3;1; ; ; ; ; ; ; ; ; ; ; ; ;12;192,150377305729
3354153;1;1;1; ; ; ; ; ; ; ; ; ; ; ; ;12;230,929719527249
3354153;1;2;1; ; ; ; ; ; ; ; ; ; ; ; ;12;230,929719527249
3354153;1;3;1; ; ; ; ; ; ; ; ; ; ; ; ;12;230,929719527249
3354153;1;4;1; ; ; ; ; ; ; ; ; ; ; ; ;12;230,929719527249
3354154;1;1;1; ; ; ; ; ; ; ; ; ; ; ; ;12;253,796920353307
3354155;1;1;2;2;25; ;2; ; ;1;2; ; ;1; ;12;218,158967293352
3354155;1;2;2;2;25; ;2; ; ;1;2; ; ;1; ;12;218,158967293352
3354155;1;3;2;2;11; ;2; ; ;1;2; ; ;1; ;12;218,158967293352
3354155;1;4;1; ; ; ; ; ; ; ; ; ; ; ; ;12;218,158967293352
3354156;1;1;2;2;50; ;2; ; ;1;2; ; ;1; ;12;234,036009363753
3354156;1;2;1; ; ; ; ; ; ; ; ; ; ; ; ;12;234,036009363753
3354156;1;3;1; ; ; ; ; ; ; ; ; ; ; ; ;12;234,036009363753
3354157;1;1;2;2;25; ;2; ; ;1;2; ; ;1; ;12;223,264825481858
3354157;1;2;2;2;25; ;2; ; ;1;2; ; ;1; ;12;223,264825481858
3354157;2;1;2;2;25; ;2; ; ;1;2; ; ;1; ;12;223,264825481858
3354157;3;1;2;2;25; ;2; ; ;1;2; ; ;1; ;12;223,264825481858
3354158;1;1;1; ; ; ; ; ; ; ; ; ; ; ; ;12;218,158967293352
3354158;1;2;1; ; ; ; ; ; ; ; ; ; ; ; ;12;218,158967293352
3354158;1;3;1; ; ; ; ; ; ; ; ; ; ; ; ;12;218,158967293352
3354158;1;4;1; ; ; ; ; ; ; ; ; ; ; ; ;12;218,158967293352
3354159;1;1;2;2;11; ;3;11; ;1;2; ; ;1; ;12;202,773106324721
3354159;1;2;2;2;11; ;3;11; ;1;2; ; ;1; ;12;202,773106324721
3354159;1;3;2;2;11; ;3;11; ;1;2; ; ;1; ;12;202,773106324721
3354159;1;4;2;2;11; ;3;11; ;1;2; ; ;1; ;12;202,773106324721
3354159;1;5;2;2;11; ;3;11; ;1;2; ; ;1; ;12;202,773106324721
3354159;1;6;2;2;11; ;1; ; ; ;2; ; ;1; ;12;202,773106324721
3354160;1;1;2;2;25; ;2; ; ;1;2; ; ;1; ;12;182,614452673428
3354162;1;1;1; ; ; ; ; ; ; ; ; ; ; ; ;12;200,133348637861
3354162;1;2;1; ; ; ; ; ; ; ; ; ; ; ; ;12;200,133348637861
3354162;1;3;1; ; ; ; ; ; ; ; ; ; ; ; ;12;200,133348637861
3354162;1;4;1; ; ; ; ; ; ; ; ; ; ; ; ;12;200,133348637861
3354162;1;5;1; ; ; ; ; ; ; ; ; ; ; ; ;12;200,133348637861
3354163;1;1;2;2;15; ;2; ; ;1;2; ; ;1; ;12;179,001888748454
3354163;1;2;2;2;73; ;2; ; ;1;2; ; ;1; ;12;179,001888748454
3354163;1;3;1; ; ; ; ; ; ; ; ; ; ; ; ;12;179,001888748454
3354164;1;1;2;2;25; ;2; ; ;1;2; ; ;1; ;12;151,501587360488
3354164;1;2;1; ; ; ; ; ; ; ; ; ; ; ; ;12;151,501587360488
3354164;1;3;1; ; ; ; ; ; ; ; ; ; ; ; ;12;151,501587360488
3354164;1;4;2;1; ; ;2; ; ;1;2; ; ;1; ;12;151,501587360488
3354165;1;1;2;2;70; ;2; ; ;1;2; ; ;1; ;12;727,574592141734
3354165;1;2;1; ; ; ; ; ; ; ; ; ; ; ; ;12;727,574592141734
3354165;1;3;1; ; ; ; ; ; ; ; ; ; ; ; ;12;727,574592141734
3354165;1;4;1; ; ; ; ; ; ; ; ; ; ; ; ;12;727,574592141734
3354165;1;5;1; ; ; ; ; ; ; ; ; ; ; ; ;12;727,574592141734
3354166;1;1;1; ; ; ; ; ; ; ; ; ; ; ; ;12;1051,72339124348
3354167;1;1;1; ; ; ; ; ; ; ; ; ; ; ; ;12;1326,02331966363
3354167;1;2;1; ; ; ; ; ; ; ; ; ; ; ; ;12;1326,02331966363
3354168;1;1;1; ; ; ; ; ; ; ; ; ; ; ; ;12;484,04438956977
3354168;1;2;1; ; ; ; ; ; ; ; ; ; ; ; ;12;484,04438956977
3354169;1;1;1; ; ; ; ; ; ; ; ; ; ; ; ;12;587,752915387147
3354169;1;2;1; ; ; ; ; ; ; ; ; ; ; ; ;12;587,752915387147
3354170;1;1;1; ; ; ; ; ; ; ; ; ; ; ; ;12;1243,47084308321
3354170;1;2;2;2;05; ;2; ; ;1;2; ; ;1; ;12;1243,47084308321
3354170;1;3;1; ; ; ; ; ; ; ; ; ; ; ; ;12;1243,47084308321
3354171;1;1;2;2;05; ;2; ; ;1;2; ; ;1; ;12;1203,32301565633
3354172;1;1;2;2;05; ;2; ; ;1;2; ; ;1; ;12;691,461441204525
3354172;1;2;2;2;05; ;2; ; ;1;2; ; ;1; ;12;691,461441204525
3354173;1;1;1; ; ; ; ; ; ; ; ; ; ; ; ;12;587,752915387147
3354173;1;2;2;2;05; ;2; ; ;1;2; ; ;1; ;12;587,752915387147
3354174;1;1;2;2;05; ;2; ; ;1;2; ; ;1; ;12;1190,94690167434
3354174;1;2;2;2;27; ;2; ; ;1;2; ; ;1; ;12;1190,94690167434
3354174;1;3;2;2;05; ;2; ; ;1;2; ; ;1; ;12;1190,94690167434
3354177;1;1;1; ; ; ; ; ; ; ; ; ; ; ; ;12;567,679001673709
3354177;1;2;1; ; ; ; ; ; ; ; ; ; ; ; ;12;567,679001673709
3354177;1;3;1; ; ; ; ; ; ; ; ; ; ; ; ;12;567,679001673709
3354177;1;4;1; ; ; ; ; ; ; ; ; ; ; ; ;12;567,679001673709
3354177;1;5;1; ; ; ; ; ; ; ; ; ; ; ; ;12;567,679001673709
3354177;1;6;1; ; ; ; ; ; ; ; ; ; ; ; ;12;567,679001673709
3354177;1;7;1; ; ; ; ; ; ; ; ; ; ; ; ;12;567,679001673709
3354178;1;1;2;2;68; ;2; ; ;1;2; ; ;1; ;12;1163,51918502765
3354178;1;2;1; ; ; ; ; ; ; ; ; ; ; ; ;12;1163,51918502765
3354178;1;3;1; ; ; ; ; ; ; ; ; ; ; ; ;12;1163,51918502765
3354178;1;4;1; ; ; ; ; ; ; ; ; ; ; ; ;12;1163,51918502765
3354179;1;1;2;2;05; ;3;11; ;1;3;11; ;1; ;12;1146,74074192804
3354179;1;2;2;2;05; ;3;11; ;1;3;11; ;1; ;12;1146,74074192804
3354179;1;3;2;2;05; ;3;11; ;1;3;11; ;1; ;12;1146,74074192804
3354179;1;4;1; ; ; ; ; ; ; ; ; ; ; ; ;12;1146,74074192804
3354181;1;1;2;2;05; ;2; ; ;1;2; ; ;1; ;12;1202,24088013282
3354182;1;1;1; ; ; ; ; ; ; ; ; ; ; ; ;12;950,758708303871
3354182;1;2;1; ; ; ; ; ; ; ; ; ; ; ; ;12;950,758708303871
3354183;1;1;1; ; ; ; ; ; ; ; ; ; ; ; ;12;1731,21710752251
3354183;1;2;1; ; ; ; ; ; ; ; ; ; ; ; ;12;1731,21710752251
3354183;1;3;1; ; ; ; ; ; ; ; ; ; ; ; ;12;1731,21710752251
3354183;1;4;1; ; ; ; ; ; ; ; ; ; ; ; ;12;1731,21710752251
3354183;1;5;1; ; ; ; ; ; ; ; ; ; ; ; ;12;1731,21710752251
3354183;1;6;1; ; ; ; ; ; ; ; ; ; ; ; ;12;1731,21710752251
3354183;1;7;1; ; ; ; ; ; ; ; ; ; ; ; ;12;1731,21710752251
3354184;1;1;2;2;05; ;2; ; ;1;2; ; ;1; ;12;1096,24684000691
3354184;1;2;1; ; ; ; ; ; ; ; ; ; ; ; ;12;1096,24684000691
3354184;1;3;1; ; ; ; ; ; ; ; ; ; ; ; ;12;1096,24684000691
3354185;1;1;2;2;05; ;2; ; ;1;2; ; ;1; ;12;1259,14044287823
3354187;1;1;1; ; ; ; ; ; ; ; ; ; ; ; ;12;1321,39246165104
3354187;1;2;1; ; ; ; ; ; ; ; ; ; ; ; ;12;1321,39246165104
3354187;1;3;1; ; ; ; ; ; ; ; ; ; ; ; ;12;1321,39246165104
3354188;1;1;1; ; ; ; ; ; ; ; ; ; ; ; ;12;1122,98188936543
3354188;1;2;1; ; ; ; ; ; ; ; ; ; ; ; ;12;1122,98188936543
3354189;1;1;2;2;05; ;2; ; ;1;2; ; ;1; ;12;1051,72339124348
3354190;1;1;2;2;05; ;2; ; ;1;2; ; ;1; ;12;1190,94690167434
3354190;1;2;2;2;05; ;2; ; ;1;2; ; ;1; ;12;1190,94690167434
3354190;1;3;1; ; ; ; ; ; ; ; ; ; ; ; ;12;1190,94690167434
3354191;1;1;2;2;05; ;2; ; ;1;2; ; ;1; ;12;1253,42744934213
3354191;1;2;2;2;05; ;2; ; ;1;2; ; ;1; ;12;1253,42744934213
3354192;1;1;2;2;17; ;2; ; ;1;2; ; ;1; ;12;938,382594321881
3354192;1;2;2;2;05; ;2; ; ;1;2; ; ;1; ;12;938,382594321881
3354192;1;3;1; ; ; ; ; ; ; ; ; ; ; ; ;12;938,382594321881
3354192;1;4;1; ; ; ; ; ; ; ; ; ; ; ; ;12;938,382594321881
3354193;1;1;2;2;05; ;2; ; ;1;2; ; ;1; ;12;1118,60626802888
3354193;1;2;2;2;05; ;2; ; ;1;2; ; ;1; ;12;1118,60626802888
3354194;1;1;1; ; ; ; ; ; ; ; ; ; ; ; ;12;1190,94690167434
3354194;1;2;1; ; ; ; ; ; ; ; ; ; ; ; ;12;1190,94690167434
3354194;1;3;1; ; ; ; ; ; ; ; ; ; ; ; ;12;1190,94690167434
3354195;1;1;1; ; ; ; ; ; ; ; ; ; ; ; ;12;1326,02331966363
3354195;1;2;1; ; ; ; ; ; ; ; ; ; ; ; ;12;1326,02331966363
3354196;1;1;2;1; ; ;2; ; ;1;2; ; ;1; ;12;1270,20589244173
3354196;1;2;2;2;05; ;2; ; ;1;2; ; ;1; ;12;1270,20589244173
3354197;1;1;1; ; ; ; ; ; ; ; ; ; ; ; ;12;1118,60626802888
3354197;1;2;1; ; ; ; ; ; ; ; ; ; ; ; ;12;1118,60626802888
3354198;1;1;2;2;05; ;2; ; ;1;2; ; ;1; ;12;1209,389036929
3354198;1;2;2;2;05; ;2; ; ;1;2; ; ;1; ;12;1209,389036929
3354198;1;3;1; ; ; ; ; ; ; ; ; ; ; ; ;12;1209,389036929
3354198;1;4;1; ; ; ; ; ; ; ; ; ; ; ; ;12;1209,389036929
3354198;1;5;1; ; ; ; ; ; ; ; ; ; ; ; ;12;1209,389036929
3354199;1;1;2;2;05; ;3;05; ;1;2; ; ;1; ;12;1321,39246165104
3354199;1;2;2;2;05; ;3;05; ;1;2; ; ;1; ;12;1321,39246165104
3354199;1;3;1; ; ; ; ; ; ; ; ; ; ; ; ;12;1321,39246165104
3354200;1;1;1; ; ; ; ; ; ; ; ; ; ; ; ;12;1348,11848007119
3354200;1;2;1; ; ; ; ; ; ; ; ; ; ; ; ;12;1348,11848007119
3354201;1;1;2;2;05; ;3;05; ;1;2; ; ;1; ;12;1270,20589244173
3354201;1;2;1; ; ; ; ; ; ; ; ; ; ; ; ;12;1270,20589244173
3354202;1;1;1; ; ; ; ; ; ; ; ; ; ; ; ;12;1040,42941278501
3354202;1;2;2;2;05; ;2; ; ;1;2; ; ;1; ;12;1040,42941278501
3354202;1;3;1; ; ; ; ; ; ; ; ; ; ; ; ;12;1040,42941278501
3354203;1;1;1; ; ; ; ; ; ; ; ; ; ; ; ;12;1186,88856935492
3354203;1;2;2;2;05; ;2; ; ;1;2; ; ;1; ;12;1186,88856935492
3354203;1;3;1; ; ; ; ; ; ; ; ; ; ; ; ;12;1186,88856935492
3354203;1;4;1; ; ; ; ; ; ; ; ; ; ; ; ;12;1186,88856935492
3354203;1;5;1; ; ; ; ; ; ; ; ; ; ; ; ;12;1186,88856935492
3354203;1;6;1; ; ; ; ; ; ; ; ; ; ; ; ;12;1186,88856935492
3354204;1;1;2;2;05; ;2; ; ;1;2; ; ;1; ;12;1270,20589244173
3354204;1;2;2;2;05; ;3;05; ;1;2; ; ;1; ;12;1270,20589244173
3354205;1;1;2;2;05; ;2; ; ;1;2; ; ;1; ;12;1043,72289859804
3354205;1;2;1; ; ; ; ; ; ; ; ; ; ; ; ;12;1043,72289859804
3354205;1;3;1; ; ; ; ; ; ; ; ; ; ; ; ;12;1043,72289859804
3354206;1;1;1; ; ; ; ; ; ; ; ; ; ; ; ;12;1202,24088013282
3354207;1;1;2;2;05; ;2; ; ;1;2; ; ;1; ;12;1277,90567697398
3354207;1;2;2;2;05; ;2; ; ;1;2; ; ;1; ;12;1277,90567697398
3354207;1;3;1; ; ; ; ; ; ; ; ; ; ; ; ;12;1277,90567697398
3354207;1;4;1; ; ; ; ; ; ; ; ; ; ; ; ;12;1277,90567697398
3354207;1;5;1; ; ; ; ; ; ; ; ; ; ; ; ;12;1277,90567697398
3354207;1;6;2;2;05; ;2; ; ;1;2; ; ;1; ;12;1277,90567697398
3354209;1;1;2;2;05; ;2; ; ;1;2; ; ;1; ;12;1119,68840355239
3354209;1;2;2;2;05; ;2; ; ;1;2; ; ;1; ;12;1119,68840355239
3354210;1;1;1; ; ; ; ; ; ; ; ; ; ; ; ;12;1348,11848007119
3354210;1;2;2;2;66; ;2; ; ;1;2; ; ;1; ;12;1348,11848007119
3354211;1;1;2;2;05; ;2; ; ;1;2; ; ;1; ;12;1321,39246165104
3354211;1;2;1; ; ; ; ; ; ; ; ; ; ; ; ;12;1321,39246165104
3354211;1;3;1; ; ; ; ; ; ; ; ; ; ; ; ;12;1321,39246165104
3354212;1;1;2;2;52; ;2; ; ;1;2; ; ;1; ;12;200,906081506864
3354212;1;2;2;2;52; ;2; ; ;1;2; ; ;1; ;12;200,906081506864
3354212;1;3;1; ; ; ; ; ; ; ; ; ; ; ; ;12;200,906081506864
3354212;1;4;1; ; ; ; ; ; ; ; ; ; ; ; ;12;200,906081506864
3354212;1;5;2;2;52; ;2; ; ;1;2; ; ;1; ;12;200,906081506864
3354213;1;1;1; ; ; ; ; ; ; ; ; ; ; ; ;12;175,722094054236
3354213;1;2;1; ; ; ; ; ; ; ; ; ; ; ; ;12;175,722094054236
3354213;1;3;1; ; ; ; ; ; ; ; ; ; ; ; ;12;175,722094054236
3354213;1;4;1; ; ; ; ; ; ; ; ; ; ; ; ;12;175,722094054236
3354214;1;1;2;2;52; ;2; ; ;1;2; ; ;1; ;12;217,588718289903
3354214;1;2;1; ; ; ; ; ; ; ; ; ; ; ; ;12;217,588718289903
3354214;1;3;1; ; ; ; ; ; ; ; ; ; ; ; ;12;217,588718289903
3354214;1;4;1; ; ; ; ; ; ; ; ; ; ; ; ;12;217,588718289903
3354214;1;5;1; ; ; ; ; ; ; ; ; ; ; ; ;12;217,588718289903
3354215;1;1;1; ; ; ; ; ; ; ; ; ; ; ; ;12;192,515683233005
3354215;1;2;1; ; ; ; ; ; ; ; ; ; ; ; ;12;192,515683233005
3354215;1;3;1; ; ; ; ; ; ; ; ; ; ; ; ;12;192,515683233005
3354215;1;4;1; ; ; ; ; ; ; ; ; ; ; ; ;12;192,515683233005
3354218;1;1;1; ; ; ; ; ; ; ; ; ; ; ; ;12;462,874326350476
3354218;1;2;2;2;68; ;3;68; ;1;2; ; ;1; ;12;462,874326350476
3354218;1;3;1; ; ; ; ; ; ; ; ; ; ; ; ;12;462,874326350476
3354218;1;4;1; ; ; ; ; ; ; ; ; ; ; ; ;12;462,874326350476
3354219;1;1;2;2;52; ;2; ; ;1;2; ; ;1; ;12;224,145973199445
3354219;1;2;2;2;52; ;2; ; ;1;2; ; ;1; ;12;224,145973199445
3354219;1;3;1; ; ; ; ; ; ; ; ; ; ; ; ;12;224,145973199445
3354219;1;4;1; ; ; ; ; ; ; ; ; ; ; ; ;12;224,145973199445
3354220;1;1;2;2;52; ;2; ; ;1;2; ; ;1; ;12;226,006817936496
3354220;1;2;1; ; ; ; ; ; ; ; ; ; ; ; ;12;226,006817936496
3354222;1;1;2;2;54; ;2; ; ;1;2; ; ;1; ;12;442,073553317015
3354222;1;2;2;2;54; ;2; ; ;1;2; ; ;1; ;12;442,073553317015
3354223;1;1;2;2;68; ;2; ; ;1;2; ; ;1; ;12;294,14621144889
3354223;1;2;2;2;68; ;2; ; ;1;2; ; ;1; ;12;294,14621144889
3354223;1;3;2;2;68; ;2; ; ;1;2; ; ;1; ;12;294,14621144889
3354223;1;4;2;2;68; ;2; ; ;1;2; ; ;1; ;12;294,14621144889
3354223;1;5;2;2;25; ;2; ; ;1;2; ; ;1; ;12;294,14621144889
3354224;1;1;2;2;25; ;2; ; ;1;2; ; ;1; ;12;467,304282079931
3354225;1;1;2;2;68; ;2; ; ;1;2; ; ;1; ;12;501,014479704247
3354225;1;2;2;2;68; ;2; ; ;1;2; ; ;1; ;12;501,014479704247
3354226;1;1;2;2;52; ;2; ; ;1;2; ; ;1; ;12;148,174154588492
3354228;1;1;2;1; ; ;2; ; ;1;2; ; ;1; ;12;215,755574925586
3354228;1;2;1; ; ; ; ; ; ; ; ; ; ; ; ;12;215,755574925586
3354228;1;3;1; ; ; ; ; ; ; ; ; ; ; ; ;12;215,755574925586
3354229;1;1;2;2;86; ;2; ; ;1;2; ; ;1; ;12;226,006817936496
3354229;1;2;2;2;86; ;2; ; ;1;2; ; ;1; ;12;226,006817936496
3354230;1;1;2;1; ; ;2; ; ;1;2; ; ;1; ;12;242,207415294335
3354232;1;1;2;2;68; ;2; ; ;1;2; ; ;1; ;12;467,304282079931
3354233;1;1;1; ; ; ; ; ; ; ; ; ; ; ; ;12;340,57915364699
3354233;1;2;1; ; ; ; ; ; ; ; ; ; ; ; ;12;340,57915364699
3354233;1;3;1; ; ; ; ; ; ; ; ; ; ; ; ;12;340,57915364699
3354233;1;4;1; ; ; ; ; ; ; ; ; ; ; ; ;12;340,57915364699
3354233;1;5;1; ; ; ; ; ; ; ; ; ; ; ; ;12;340,57915364699
3354234;1;1;2;2;68; ;2; ; ;1;2; ; ;1; ;12;475,372808236343
3354234;1;2;2;2;68; ;2; ; ;1;2; ; ;1; ;12;475,372808236343
3354234;1;3;1; ; ; ; ; ; ; ; ; ; ; ; ;12;475,372808236343
3354235;1;1;2;1; ; ;2; ; ;1;2; ; ;1; ;12;162,22891390569
3354235;1;2;1; ; ; ; ; ; ; ; ; ; ; ; ;12;162,22891390569
3354237;1;1;2;2;52; ;2; ; ;1;2; ; ;1; ;12;249,540600874013
3354237;1;2;2;2;52; ;2; ; ;1;2; ; ;1; ;12;249,540600874013
3354237;1;3;1; ; ; ; ; ; ; ; ; ; ; ; ;12;249,540600874013
3354237;1;4;1; ; ; ; ; ; ; ; ; ; ; ; ;12;249,540600874013
3354238;1;1;2;2;52; ;2; ; ;1;2; ; ;1; ;12;215,755574925586
3354238;1;2;2;2;52; ;2; ; ;1;2; ; ;1; ;12;215,755574925586
3354238;1;3;1; ; ; ; ; ; ; ; ; ; ; ; ;12;215,755574925586
3354239;1;1;2;2;52; ;3;52; ;1;2; ; ;1; ;12;215,755574925586
3354239;1;2;2;2;19; ;3;52; ;1;2; ; ;1; ;12;215,755574925586
3354239;1;3;2;2;52; ;3;52; ;1;2; ; ;1; ;12;215,755574925586
3354240;1;1;2;2;52; ;2; ; ;1;2; ; ;1; ;12;133,32466116977
3354240;1;2;2;1; ; ;3;11; ;1;2; ; ;1; ;12;133,32466116977
3354240;1;3;1; ; ; ; ; ; ; ; ; ; ; ; ;12;133,32466116977
3354242;1;1;2;2;25; ;2; ; ;1;2; ; ;1; ;12;509,126017709828
3354242;1;2;2;2;68; ;2; ; ;1;2; ; ;1; ;12;509,126017709828
3354243;1;1;2;2;15; ;2; ; ;1;2; ; ;1; ;12;417,942653971455
3354243;1;2;2;2;68; ;2; ; ;1;2; ; ;1; ;12;417,942653971455
3354243;1;3;1; ; ; ; ; ; ; ; ; ; ; ; ;12;417,942653971455
3354244;1;1;2;2;52; ;2; ; ;1;2; ; ;1; ;12;141,1130103445
3354244;1;2;2;2;52; ;2; ; ;1;2; ; ;1; ;12;141,1130103445
3354244;1;3;2;2;52; ;2; ; ;1;2; ; ;1; ;12;141,1130103445
3354245;1;1;2;2;52; ;3;86; ;2;2; ; ;1; ;12;177,372298569348
3354245;1;2;2;1; ; ;3;86; ;1;2; ; ;1; ;12;177,372298569348
3354245;1;3;1; ; ; ; ; ; ; ; ; ; ; ; ;12;177,372298569348
3354246;1;1;2;2;52; ;2; ; ;1;2; ; ;1; ;12;191,660212819417
3354246;1;2;2;2;52; ;2; ; ;1;2; ; ;1; ;12;191,660212819417
3354247;1;1;2;2;68; ;2; ; ;1;2; ; ;1; ;12;511,082849609352
3354247;1;2;1; ; ; ; ; ; ; ; ; ; ; ; ;12;511,082849609352
3354247;1;3;1; ; ; ; ; ; ; ; ; ; ; ; ;12;511,082849609352
3354247;1;4;1; ; ; ; ; ; ; ; ; ; ; ; ;12;511,082849609352
3354248;1;1;1; ; ; ; ; ; ; ; ; ; ; ; ;12;403,487340186065
3354248;1;2;2;2;13; ;2; ; ;1;2; ; ;1; ;12;403,487340186065
3354249;1;1;1; ; ; ; ; ; ; ; ; ; ; ; ;12;136,028183689357
3354249;1;2;1; ; ; ; ; ; ; ; ; ; ; ; ;12;136,028183689357
3354249;1;3;1; ; ; ; ; ; ; ; ; ; ; ; ;12;136,028183689357
3354249;1;4;1; ; ; ; ; ; ; ; ; ; ; ; ;12;136,028183689357
3354249;1;5;1; ; ; ; ; ; ; ; ; ; ; ; ;12;136,028183689357
3354250;1;1;2;2;66; ;3;66; ;1;3;66; ;1; ;12;215,755574925586
3354250;1;2;2;2;66; ;3;66; ;1;3;66; ;1; ;12;215,755574925586
3354250;1;3;2;2;66; ;3;66; ;1;3;66; ;1; ;12;215,755574925586
3354251;1;1;2;2;73; ;2; ; ;1;2; ; ;1; ;12;207,111755337268
3354252;1;1;2;1; ; ;3;68; ;1;2; ; ;1; ;12;544,836059082837
3354252;1;2;2;1; ; ;2; ; ;1;2; ; ;1; ;12;544,836059082837
3354252;1;3;1; ; ; ; ; ; ; ; ; ; ; ; ;12;544,836059082837
3354253;1;1;2;2;68; ;2; ; ;1;2; ; ;1; ;12;526,58276808243
3354253;1;2;1; ; ; ; ; ; ; ; ; ; ; ; ;12;526,58276808243
3354253;1;3;1; ; ; ; ; ; ; ; ; ; ; ; ;12;526,58276808243
3354253;1;4;1; ; ; ; ; ; ; ; ; ; ; ; ;12;526,58276808243
3354253;2;1;1; ; ; ; ; ; ; ; ; ; ; ; ;12;526,58276808243
3354253;2;2;1; ; ; ; ; ; ; ; ; ; ; ; ;12;526,58276808243
3354253;2;3;1; ; ; ; ; ; ; ; ; ; ; ; ;12;526,58276808243
3354253;2;4;1; ; ; ; ; ; ; ; ; ; ; ; ;12;526,58276808243
3354254;1;1;2;2;52; ;2; ; ;1;2; ; ;1; ;12;135,215494368289
3354254;1;2;1; ; ; ; ; ; ; ; ; ; ; ; ;12;135,215494368289
3354254;1;3;2;2;52; ;2; ; ;1;2; ; ;1; ;12;135,215494368289
3354254;1;4;2;2;52; ;2; ; ;1;2; ; ;1; ;12;135,215494368289
3354254;1;5;2;2;86; ;3;86; ;1;2; ; ;1; ;12;135,215494368289
3354255;1;1;2;2;73; ;2; ; ;1;2; ; ;1; ;12;150,064987787011
3354255;1;2;2;2;73; ;2; ; ;1;2; ; ;1; ;12;150,064987787011
3354255;1;3;1; ; ; ; ; ; ; ; ; ; ; ; ;12;150,064987787011
3354292;1;1;2;2;15; ;2; ; ;1;2; ; ;1; ;12;418,904414529393
3354292;1;2;2;2;54; ;2; ; ;1;2; ; ;1; ;12;418,904414529393
3354292;1;3;1; ; ; ; ; ; ; ; ; ; ; ; ;12;418,904414529393
3354293;1;1;2;2;47; ;2; ; ;1;2; ; ;1; ;12;421,106621638762
3354293;1;2;2;2;54; ;2; ; ;1;2; ; ;1; ;12;421,106621638762
3354294;1;1;2;2;54; ;2; ; ;1;2; ; ;1; ;12;281,520851434233
3354294;1;2;1; ; ; ; ; ; ; ; ; ; ; ; ;12;281,520851434233
3354295;1;1;2;2;54; ;2; ; ;1;2; ; ;1; ;12;325,699105111778
3354295;1;2;2;2;54; ;2; ; ;1;2; ; ;1; ;12;325,699105111778
3354295;1;3;1; ; ; ; ; ; ; ; ; ; ; ; ;12;325,699105111778
3354296;1;1;2;2;54; ;2; ; ;1;2; ; ;1; ;12;334,568145249249
3354296;1;2;2;1; ; ;2; ; ;1;3;50; ;1; ;12;334,568145249249
3354297;1;1;1; ; ; ; ; ; ; ; ; ; ; ; ;12;430,435675296408
3354298;1;1;1; ; ; ; ; ; ; ; ; ; ; ; ;12;396,193483726005
3354298;1;2;1; ; ; ; ; ; ; ; ; ; ; ; ;12;396,193483726005
3354298;1;3;1; ; ; ; ; ; ; ; ; ; ; ; ;12;396,193483726005
3354298;1;4;1; ; ; ; ; ; ; ; ; ; ; ; ;12;396,193483726005
3354299;1;1;2;2;15; ;2; ; ;1;2; ; ;1; ;12;334,568145249249
3354299;1;2;2;2;15; ;2; ; ;1;2; ; ;1; ;12;334,568145249249
3354300;1;1;2;2;54; ;3;54; ;1;2; ; ;1; ;12;414,851591041298
3354300;1;2;2;2;54; ;3;54; ;1;2; ; ;1; ;12;414,851591041298
3354301;1;1;2;2;76; ;2; ; ;1;2; ; ;1; ;12;407,6991139719
3354301;1;2;2;2;54; ;2; ; ;1;2; ; ;1; ;12;407,6991139719
3354301;1;3;2;2;54; ;2; ; ;1;2; ; ;1; ;12;407,6991139719
3354302;1;1;2;2;66; ;2; ; ;1;2; ; ;1; ;12;325,699105111778
3354302;1;2;2;2;76; ;2; ; ;1;2; ; ;1; ;12;325,699105111778
3354302;1;3;2;2;54; ;2; ; ;1;2; ; ;1; ;12;325,699105111778
3354303;1;1;2;2;15; ;3;54; ;1;3;54; ;1; ;12;278,906841894226
3354303;1;2;2;2;15; ;3;54; ;1;3;54; ;1; ;12;278,906841894226
3354303;1;3;2;2;15; ;2; ; ;1;2; ; ;1; ;12;278,906841894226
3354304;1;1;2;2;52; ;2; ; ;1;2; ; ;1; ;12;497,679182438544
3354304;1;2;2;2;68; ;2; ; ;1;2; ; ;1; ;12;497,679182438544
3354304;1;3;2;2;54; ;2; ; ;1;2; ; ;1; ;12;497,679182438544
3354304;1;4;2;2;54; ;1; ; ; ;1; ; ; ; ;12;497,679182438544
3354305;1;1;2;2;68; ;2; ; ;1;2; ; ;1; ;12;436,245072304796
3354305;1;2;1; ; ; ; ; ; ; ; ; ; ; ; ;12;436,245072304796
3354305;1;3;1; ; ; ; ; ; ; ; ; ; ; ; ;12;436,245072304796
3354305;1;4;1; ; ; ; ; ; ; ; ; ; ; ; ;12;436,245072304796
3354305;1;5;1; ; ; ; ; ; ; ; ; ; ; ; ;12;436,245072304796
3354306;1;1;2;2;54; ;2; ; ;1;2; ; ;1; ;12;430,435675296408
3354307;1;1;2;2;68; ;2; ; ;1;2; ; ;1; ;12;407,216890153161
3354307;1;2;1; ; ; ; ; ; ; ; ; ; ; ; ;12;407,216890153161
3354307;1;3;1; ; ; ; ; ; ; ; ; ; ; ; ;12;407,216890153161
3354308;1;1;2;2;68; ;2; ; ;1;2; ; ;1; ;12;374,774371941386
3354308;1;2;2;2;54; ;2; ; ;1;2; ; ;1; ;12;374,774371941386
3354309;1;1;2;2;70; ;2; ; ;1;2; ; ;1; ;12;297,104935689344
3354311;1;1;2;2;73; ;2; ; ;1;2; ; ;1; ;12;400,501846035522
3354311;1;2;1; ; ; ; ; ; ; ; ; ; ; ; ;12;400,501846035522
3354311;1;3;1; ; ; ; ; ; ; ; ; ; ; ; ;12;400,501846035522
3354312;1;1;2;2;54; ;2; ; ;1;2; ; ;1; ;12;288,235895551873
3354312;1;2;2;2;20; ;2; ; ;1;2; ; ;1; ;12;288,235895551873
3354313;1;1;1; ; ; ; ; ; ; ; ; ; ; ; ;12;114,939664448773
3354314;1;1;2;2;11; ;2; ; ;1;2; ; ;1; ;12;89,6729398732892
3354314;1;2;1; ; ; ; ; ; ; ; ; ; ; ; ;12;89,6729398732892
3354314;1;3;1; ; ; ; ; ; ; ; ; ; ; ; ;12;89,6729398732892
3354315;1;1;2;2;41; ;2; ; ;1;2; ; ;1; ;12;189,534095912664
3354315;1;2;2;2;41; ;2; ; ;1;2; ; ;1; ;12;189,534095912664
3354315;1;3;2;2;41; ;2; ; ;1;2; ; ;1; ;12;189,534095912664
3354316;1;1;1; ; ; ; ; ; ; ; ; ; ; ; ;12;180,217140291894
3354316;1;2;1; ; ; ; ; ; ; ; ; ; ; ; ;12;180,217140291894
3354317;1;1;1; ; ; ; ; ; ; ; ; ; ; ; ;12;145,03831977919
3354317;1;2;1; ; ; ; ; ; ; ; ; ; ; ; ;12;145,03831977919
3354317;1;3;1; ; ; ; ; ; ; ; ; ; ; ; ;12;145,03831977919
3354318;1;1;2;1; ; ;2; ; ;1;2; ; ;1; ;12;145,766630493143
3354319;1;1;2;2;73; ;2; ; ;1;2; ; ;1; ;12;114,939664448773
3354320;1;1;1; ; ; ; ; ; ; ; ; ; ; ; ;12;193,864643084397
3354320;1;2;1; ; ; ; ; ; ; ; ; ; ; ; ;12;193,864643084397
3354320;1;3;1; ; ; ; ; ; ; ; ; ; ; ; ;12;193,864643084397
3354320;1;4;2;2;05; ;3;05; ;1;2; ; ;1; ;12;193,864643084397
3354320;1;5;1; ; ; ; ; ; ; ; ; ; ; ; ;12;193,864643084397
3354321;1;1;1; ; ; ; ; ; ; ; ; ; ; ; ;12;143,517072608108
3354321;1;2;2;1; ; ;2; ; ;1;2; ; ;1; ;12;143,517072608108
3354321;1;3;1; ; ; ; ; ; ; ; ; ; ; ; ;12;143,517072608108
3354321;1;4;1; ; ; ; ; ; ; ; ; ; ; ; ;12;143,517072608108
3354322;1;1;1; ; ; ; ; ; ; ; ; ; ; ; ;12;157,259098793221
3354322;1;2;1; ; ; ; ; ; ; ; ; ; ; ; ;12;157,259098793221
3354322;1;3;1; ; ; ; ; ; ; ; ; ; ; ; ;12;157,259098793221
3354323;1;1;1; ; ; ; ; ; ; ; ; ; ; ; ;12;175,599797079771
3354323;1;2;2;1; ; ;2; ; ;1;2; ; ;1; ;12;175,599797079771
3354323;1;3;1; ; ; ; ; ; ; ; ; ; ; ; ;12;175,599797079771
3354323;1;4;1; ; ; ; ; ; ; ; ; ; ; ; ;12;175,599797079771
3354323;1;5;1; ; ; ; ; ; ; ; ; ; ; ; ;12;175,599797079771
3354324;1;1;2;2;17; ;2; ; ;1;2; ; ;1; ;12;143,517072608108
3354324;1;2;2;1; ; ;2; ; ;1;2; ; ;1; ;12;143,517072608108
3354324;1;3;2;2;11; ;2; ; ;1;2; ; ;1; ;12;143,517072608108
3354324;1;4;2;2;11; ;2; ; ;1;2; ; ;1; ;12;143,517072608108
3354325;1;1;2;2;66; ;2; ; ;1;2; ; ;1; ;12;269,681370818041
3354325;1;2;1; ; ; ; ; ; ; ; ; ; ; ; ;12;269,681370818041
3354325;1;3;1; ; ; ; ; ; ; ; ; ; ; ; ;12;269,681370818041
3354325;1;4;1; ; ; ; ; ; ; ; ; ; ; ; ;12;269,681370818041
3354326;1;1;2;2;73; ;2; ; ;1;2; ; ;1; ;12;254,233706089062
3354326;1;2;1; ; ; ; ; ; ; ; ; ; ; ; ;12;254,233706089062
3354326;1;3;2;2;11; ;2; ; ;1;2; ; ;1; ;12;254,233706089062
3354326;1;4;1; ; ; ; ; ; ; ; ; ; ; ; ;12;254,233706089062
3354326;1;5;1; ; ; ; ; ; ; ; ; ; ; ; ;12;254,233706089062
3354326;1;6;1; ; ; ; ; ; ; ; ; ; ; ; ;12;254,233706089062
3354326;1;7;1; ; ; ; ; ; ; ; ; ; ; ; ;12;254,233706089062
3354327;1;1;2;2;17; ;2; ; ;1;2; ; ;1; ;12;96,5672045565043
3354327;1;2;1; ; ; ; ; ; ; ; ; ; ; ; ;12;96,5672045565043
3354327;1;3;1; ; ; ; ; ; ; ; ; ; ; ; ;12;96,5672045565043
3354327;1;4;1; ; ; ; ; ; ; ; ; ; ; ; ;12;96,5672045565043
3354328;1;1;2;2;05; ;2; ; ;1;2; ; ;1; ;12;171,471356861394
3354329;1;1;1; ; ; ; ; ; ; ; ; ; ; ; ;12;205,88845834873
3354331;1;1;1; ; ; ; ; ; ; ; ; ; ; ; ;12;184,225406097115
3354331;1;2;1; ; ; ; ; ; ; ; ; ; ; ; ;12;184,225406097115
3354332;1;1;2;2;17; ;2; ; ;1;2; ; ;1; ;12;174,109038996643
3354332;1;2;2;2;17; ;2; ; ;1;2; ; ;1; ;12;174,109038996643
3354332;1;3;1; ; ; ; ; ; ; ; ; ; ; ; ;12;174,109038996643
3354333;1;1;1; ; ; ; ; ; ; ; ; ; ; ; ;12;171,471356861394
3354334;1;1;1; ; ; ; ; ; ; ; ; ; ; ; ;12;250,415028706408
3354334;1;2;1; ; ; ; ; ; ; ; ; ; ; ; ;12;250,415028706408
3354334;1;3;1; ; ; ; ; ; ; ; ; ; ; ; ;12;250,415028706408
3354335;1;1;1; ; ; ; ; ; ; ; ; ; ; ; ;12;200,867364069929
3354335;1;2;1; ; ; ; ; ; ; ; ; ; ; ; ;12;200,867364069929
3354335;1;3;1; ; ; ; ; ; ; ; ; ; ; ; ;12;200,867364069929
3354337;1;1;2;2;17; ;2; ; ;1;2; ; ;1; ;12;202,773646100291
3354337;1;2;1; ; ; ; ; ; ; ; ; ; ; ; ;12;202,773646100291
3354337;1;3;1; ; ; ; ; ; ; ; ; ; ; ; ;12;202,773646100291
3354338;1;1;1; ; ; ; ; ; ; ; ; ; ; ; ;12;161,354989760922
3354338;1;2;1; ; ; ; ; ; ; ; ; ; ; ; ;12;161,354989760922
3354339;1;1;1; ; ; ; ; ; ; ; ; ; ; ; ;12;215,527695336012
3354339;1;2;1; ; ; ; ; ; ; ; ; ; ; ; ;12;215,527695336012
3354339;1;3;1; ; ; ; ; ; ; ; ; ; ; ; ;12;215,527695336012
3354339;1;4;1; ; ; ; ; ; ; ; ; ; ; ; ;12;215,527695336012
3354340;1;1;1; ; ; ; ; ; ; ; ; ; ; ; ;12;174,109038996643
3354340;1;2;1; ; ; ; ; ; ; ; ; ; ; ; ;12;174,109038996643
3354340;1;3;1; ; ; ; ; ; ; ; ; ; ; ; ;12;174,109038996643
3354341;1;1;2;2;17; ;2; ; ;1;2; ; ;1; ;12;216,729327323959
3354341;1;2;2;2;17; ;2; ; ;1;2; ; ;1; ;12;216,729327323959
3354341;1;3;2;2;17; ;2; ; ;1;2; ; ;1; ;12;216,729327323959
3354341;1;4;2;2;17; ;2; ; ;1;2; ; ;1; ;12;216,729327323959
3354341;1;5;2;2;17; ;3;17; ;1;2; ; ;1; ;12;216,729327323959
3354342;1;1;1; ; ; ; ; ; ; ; ; ; ; ; ;12;242,494002639906
3354342;1;2;2;1; ; ;3;11; ;1;2; ; ;1; ;12;242,494002639906
3354342;1;3;2;1; ; ;2; ; ;1;2; ; ;1; ;12;242,494002639906
3354343;1;1;2;1; ; ;3;19; ;1;2; ; ;1; ;12;274,784268828196
3354343;1;2;2;1; ; ;3;19; ;1;2; ; ;1; ;12;274,784268828196
3354343;1;3;2;2;19; ;3;19; ;1;2; ; ;1; ;12;274,784268828196
3354344;1;1;1; ; ; ; ; ; ; ; ; ; ; ; ;12;188,113314834208
3354344;1;2;1; ; ; ; ; ; ; ; ; ; ; ; ;12;188,113314834208
3354345;1;1;2;2;17; ;2; ; ;1;2; ; ;1; ;12;184,225406097115
3354345;1;2;1; ; ; ; ; ; ; ; ; ; ; ; ;12;184,225406097115
3354347;1;1;1; ; ; ; ; ; ; ; ; ; ; ; ;12;161,147007530313
3354347;1;2;1; ; ; ; ; ; ; ; ; ; ; ; ;12;161,147007530313
3354347;1;3;1; ; ; ; ; ; ; ; ; ; ; ; ;12;161,147007530313
3354348;1;1;1; ; ; ; ; ; ; ; ; ; ; ; ;12;177,996947733736
3354348;1;2;2;2;05; ;2; ; ;1;2; ; ;1; ;12;177,996947733736
3354348;1;3;1; ; ; ; ; ; ; ; ; ; ; ; ;12;177,996947733736
3354349;1;1;1; ; ; ; ; ; ; ; ; ; ; ; ;12;164,655481563261
3354349;1;2;1; ; ; ; ; ; ; ; ; ; ; ; ;12;164,655481563261
3354349;1;3;1; ; ; ; ; ; ; ; ; ; ; ; ;12;164,655481563261
3354349;1;4;1; ; ; ; ; ; ; ; ; ; ; ; ;12;164,655481563261
3354349;1;5;1; ; ; ; ; ; ; ; ; ; ; ; ;12;164,655481563261
3354349;1;6;1; ; ; ; ; ; ; ; ; ; ; ; ;12;164,655481563261
3354349;1;7;1; ; ; ; ; ; ; ; ; ; ; ; ;12;164,655481563261
3354351;1;1;1; ; ; ; ; ; ; ; ; ; ; ; ;12;157,259098793221
3354351;1;2;1; ; ; ; ; ; ; ; ; ; ; ; ;12;157,259098793221
3354351;1;3;1; ; ; ; ; ; ; ; ; ; ; ; ;12;157,259098793221
3354352;1;1;2;2;17; ;2; ; ;1;2; ; ;1; ;12;160,36701281153
3354352;1;2;1; ; ; ; ; ; ; ; ; ; ; ; ;12;160,36701281153
3354352;1;3;1; ; ; ; ; ; ; ; ; ; ; ; ;12;160,36701281153
3354352;1;4;1; ; ; ; ; ; ; ; ; ; ; ; ;12;160,36701281153
3354353;1;1;1; ; ; ; ; ; ; ; ; ; ; ; ;12;177,216953014952
3354353;1;2;1; ; ; ; ; ; ; ; ; ; ; ; ;12;177,216953014952
3354353;1;3;1; ; ; ; ; ; ; ; ; ; ; ; ;12;177,216953014952
3354353;1;4;1; ; ; ; ; ; ; ; ; ; ; ; ;12;177,216953014952
3354354;1;1;1; ; ; ; ; ; ; ; ; ; ; ; ;12;241,486555083471
3354354;1;2;1; ; ; ; ; ; ; ; ; ; ; ; ;12;241,486555083471
3354354;1;3;1; ; ; ; ; ; ; ; ; ; ; ; ;12;241,486555083471
3354355;1;1;1; ; ; ; ; ; ; ; ; ; ; ; ;12;174,109038996643
3354355;1;2;2;2;73; ;2; ; ;1;2; ; ;1; ;12;174,109038996643
3354355;1;3;1; ; ; ; ; ; ; ; ; ; ; ; ;12;174,109038996643
3354356;1;1;1; ; ; ; ; ; ; ; ; ; ; ; ;12;174,109038996643
3354356;1;2;2;1; ; ;2; ; ;1;2; ; ;1; ;12;174,109038996643
3354356;1;3;1; ; ; ; ; ; ; ; ; ; ; ; ;12;174,109038996643
3354358;1;1;2;2;73; ;2; ; ;1;2; ; ;1; ;12;147,612963575809
3354358;1;2;1; ; ; ; ; ; ; ; ; ; ; ; ;12;147,612963575809
3354358;1;3;1; ; ; ; ; ; ; ; ; ; ; ; ;12;147,612963575809
3354359;1;1;1; ; ; ; ; ; ; ; ; ; ; ; ;12;222,039988211924
3354359;1;2;1; ; ; ; ; ; ; ; ; ; ; ; ;12;222,039988211924
3354359;1;3;1; ; ; ; ; ; ; ; ; ; ; ; ;12;222,039988211924
3354359;1;4;1; ; ; ; ; ; ; ; ; ; ; ; ;12;222,039988211924
3354360;1;1;2;2;17; ;2; ; ;1;2; ; ;1; ;12;171,711888342678
3354360;1;2;1; ; ; ; ; ; ; ; ; ; ; ; ;12;171,711888342678
3354360;1;3;2;2;17; ;2; ; ;1;2; ; ;1; ;12;171,711888342678
3354360;1;4;1; ; ; ; ; ; ; ; ; ; ; ; ;12;171,711888342678
3354360;1;5;1; ; ; ; ; ; ; ; ; ; ; ; ;12;171,711888342678
3354361;1;1;2;2;17; ;2; ; ;1;2; ; ;1; ;12;209,776367085823
3354364;1;1;1; ; ; ; ; ; ; ; ; ; ; ; ;12;199,838099043266
3354364;1;2;1; ; ; ; ; ; ; ; ; ; ; ; ;12;199,838099043266
3354364;1;3;1; ; ; ; ; ; ; ; ; ; ; ; ;12;199,838099043266
3354364;1;4;1; ; ; ; ; ; ; ; ; ; ; ; ;12;199,838099043266
3354364;1;5;1; ; ; ; ; ; ; ; ; ; ; ; ;12;199,838099043266
3354364;1;6;1; ; ; ; ; ; ; ; ; ; ; ; ;12;199,838099043266
3354365;1;1;2;2;17; ;2; ; ;1;2; ; ;1; ;12;200,867364069929
3354365;1;2;2;2;17; ;2; ; ;1;2; ; ;1; ;12;200,867364069929
3354365;1;3;2;1; ; ;2; ; ;1;2; ; ;1; ;12;200,867364069929
3354366;1;1;2;2;52; ;2; ; ;1;2; ; ;1; ;12;188,113314834208
3354366;1;2;2;2;52; ;2; ; ;1;2; ; ;1; ;12;188,113314834208
3354367;1;1;1; ; ; ; ; ; ; ; ; ; ; ; ;12;210,487130450167
3354367;1;2;2;2;17; ;2; ; ;1;2; ; ;1; ;12;210,487130450167
3354367;1;3;1; ; ; ; ; ; ; ; ; ; ; ; ;12;210,487130450167
3354367;1;4;1; ; ; ; ; ; ; ; ; ; ; ; ;12;210,487130450167
3354370;1;1;1; ; ; ; ; ; ; ; ; ; ; ; ;12;156,432794350549
3354370;1;2;2;2;54; ;2; ; ;1;2; ; ;1; ;12;156,432794350549
3354370;1;3;1; ; ; ; ; ; ; ; ; ; ; ; ;12;156,432794350549
3354371;1;1;2;2;13; ;2; ; ;1;2; ; ;1; ;12;133,015679930516
3354371;1;2;1; ; ; ; ; ; ; ; ; ; ; ; ;12;133,015679930516
3354372;1;1;1; ; ; ; ; ; ; ; ; ; ; ; ;12;167,822208685015
3354373;1;1;1; ; ; ; ; ; ; ; ; ; ; ; ;12;147,465265142115
3354373;1;2;1; ; ; ; ; ; ; ; ; ; ; ; ;12;147,465265142115
3354373;1;3;2;2;13; ;2; ; ;1;2; ; ;1; ;12;147,465265142115
3354374;1;1;1; ; ; ; ; ; ; ; ; ; ; ; ;12;170,780605287113
3354374;1;2;2;2;08; ;2; ; ;1;2; ; ;1; ;12;170,780605287113
3354374;1;3;1; ; ; ; ; ; ; ; ; ; ; ; ;12;170,780605287113
3354374;1;4;1; ; ; ; ; ; ; ; ; ; ; ; ;12;170,780605287113
3354375;1;1;1; ; ; ; ; ; ; ; ; ; ; ; ;12;173,714935742813
3354375;1;2;2;2;47; ;2; ; ;1;2; ; ;1; ;12;173,714935742813
3354375;1;3;1; ; ; ; ; ; ; ; ; ; ; ; ;12;173,714935742813
3354376;1;1;2;2;47; ;2; ; ;1;2; ; ;1; ;12;156,327843612806
3354377;1;1;2;2;08; ;2; ; ;1;2; ; ;1; ;12;180,94558529907
3354377;1;2;2;2;41; ;2; ; ;1;2; ; ;1; ;12;180,94558529907
3354378;1;1;2;2;08; ;2; ; ;1;3;11; ;1; ;12;216,041014091526
3354378;1;2;2;2;13; ;2; ; ;1;3;11; ;1; ;12;216,041014091526
3354378;1;3;2;2;13; ;2; ; ;1;3;11; ;1; ;12;216,041014091526
3354379;1;1;1; ; ; ; ; ; ; ; ; ; ; ; ;12;167,822208685015
3354380;1;1;2;2;08; ;2; ; ;1;2; ; ;1; ;12;180,959077058563
3354380;1;2;2;2;08; ;2; ; ;1;2; ; ;1; ;12;180,959077058563
3354380;1;3;1; ; ; ; ; ; ; ; ; ; ; ; ;12;180,959077058563
3354381;1;1;2;2;08; ;2; ; ;1;2; ; ;1; ;12;156,327843612806
3354382;1;1;2;2;23; ;2; ; ;1;2; ; ;1; ;12;172,399042442054
3354382;1;2;1; ; ; ; ; ; ; ; ; ; ; ; ;12;172,399042442054
3354383;1;1;1; ; ; ; ; ; ; ; ; ; ; ; ;12;182,2987774156
3354383;1;2;2;2;47; ;2; ; ;1;2; ; ;1; ;12;182,2987774156
3354383;1;3;1; ; ; ; ; ; ; ; ; ; ; ; ;12;182,2987774156
3354383;1;4;1; ; ; ; ; ; ; ; ; ; ; ; ;12;182,2987774156
3354384;1;1;2;2;47; ;2; ; ;1;2; ; ;1; ;12;169,311735989203
3354384;1;2;1; ; ; ; ; ; ; ; ; ; ; ; ;12;169,311735989203
3354384;1;3;1; ; ; ; ; ; ; ; ; ; ; ; ;12;169,311735989203
3354385;1;1;1; ; ; ; ; ; ; ; ; ; ; ; ;12;193,939792972252
3354385;1;2;1; ; ; ; ; ; ; ; ; ; ; ; ;12;193,939792972252
3354385;1;3;1; ; ; ; ; ; ; ; ; ; ; ; ;12;193,939792972252
3354386;1;1;1; ; ; ; ; ; ; ; ; ; ; ; ;12;165,158077589012
3354386;1;2;1; ; ; ; ; ; ; ; ; ; ; ; ;12;165,158077589012
3354386;1;3;1; ; ; ; ; ; ; ; ; ; ; ; ;12;165,158077589012
3354386;1;4;1; ; ; ; ; ; ; ; ; ; ; ; ;12;165,158077589012
3354388;1;1;1; ; ; ; ; ; ; ; ; ; ; ; ;12;156,327843612806
3354389;1;1;2;2;15; ;2; ; ;1;2; ; ;1; ;12;113,761636212504
3354389;1;2;2;2;15; ;2; ; ;1;2; ; ;1; ;12;113,761636212504
3354389;1;3;2;2;15; ;3;15; ;1;2; ; ;1; ;12;113,761636212504
3354390;1;1;2;2;15; ;2; ; ;1;2; ; ;1; ;12;95,1823514737776
3354390;1;2;2;2;15; ;2; ; ;1;2; ; ;1; ;12;95,1823514737776
3354391;1;1;2;2;11; ;2; ; ;1;2; ; ;1; ;12;96,0380563373106
3354392;1;1;1; ; ; ; ; ; ; ; ; ; ; ; ;12;91,755680647193
3354392;1;2;1; ; ; ; ; ; ; ; ; ; ; ; ;12;91,755680647193
3354392;1;3;1; ; ; ; ; ; ; ; ; ; ; ; ;12;91,755680647193
3354392;1;4;1; ; ; ; ; ; ; ; ; ; ; ; ;12;91,755680647193
3354393;1;1;1; ; ; ; ; ; ; ; ; ; ; ; ;12;96,0380563373106
3354394;1;1;2;2;15; ;2; ; ;1;2; ; ;1; ;12;99,3925788893295
3354395;1;1;2;2;15; ;2; ; ;1;2; ; ;1; ;12;83,9648906016625
3354395;1;2;2;2;15; ;2; ; ;1;2; ; ;1; ;12;83,9648906016625
3354395;1;3;1; ; ; ; ; ; ; ; ; ; ; ; ;12;83,9648906016625
3354395;1;4;1; ; ; ; ; ; ; ; ; ; ; ; ;12;83,9648906016625
3354395;1;5;1; ; ; ; ; ; ; ; ; ; ; ; ;12;83,9648906016625
3354395;1;6;2;2;15; ;3;15; ;1;2; ; ;1; ;12;83,9648906016625
3354396;1;1;2;2;54; ;3;54; ;1;2; ; ;1; ;12;117,004976567411
3354396;1;2;2;2;41; ;2; ; ;1;2; ; ;1; ;12;117,004976567411
3354397;1;1;2;2;15; ;2; ; ;1;2; ; ;1; ;12;91,755680647193
3354397;1;2;2;2;11; ;2; ; ;1;2; ; ;1; ;12;91,755680647193
3354397;1;3;2;2;11; ;2; ; ;1;2; ; ;1; ;12;91,755680647193
3354397;1;4;2;2;15; ;2; ; ;1;2; ; ;1; ;12;91,755680647193
3354398;1;1;2;2;15; ;2; ; ;1;2; ; ;1; ;12;112,304709555314
3354398;1;2;2;2;15; ;2; ; ;1;2; ; ;1; ;12;112,304709555314
3354398;1;3;2;2;15; ;2; ; ;1;2; ; ;1; ;12;112,304709555314
3354398;1;4;1; ; ; ; ; ; ; ; ; ; ; ; ;12;112,304709555314
3354399;1;1;2;2;25; ;2; ; ;1;2; ; ;1; ;12;87,9643402299869
3354399;1;2;1; ; ; ; ; ; ; ; ; ; ; ; ;12;87,9643402299869
3354399;1;3;1; ; ; ; ; ; ; ; ; ; ; ; ;12;87,9643402299869
3354399;1;4;1; ; ; ; ; ; ; ; ; ; ; ; ;12;87,9643402299869
3354400;1;1;2;2;15; ;3;15; ;2;2; ; ;1; ;12;50,1241418764312
3354400;1;2;2;1; ; ;3;15; ;2;2; ; ;1; ;12;50,1241418764312
3354400;1;3;2;1; ; ;3;15; ;2;3;15; ;2;2;12;50,1241418764312
3354400;2;1;2;2;15; ;3;15; ;1;2; ; ;1; ;12;50,1241418764312
3354401;1;1;2;2;76; ;2; ; ;1;2; ; ;1; ;12;93,3959377760602
3354401;1;2;1; ; ; ; ; ; ; ; ; ; ; ; ;12;93,3959377760602
3354402;1;1;1; ; ; ; ; ; ; ; ; ; ; ; ;12;94,7912688538508
3354402;1;2;1; ; ; ; ; ; ; ; ; ; ; ; ;12;94,7912688538508
3354402;1;3;1; ; ; ; ; ; ; ; ; ; ; ; ;12;94,7912688538508
3354402;1;4;1; ; ; ; ; ; ; ; ; ; ; ; ;12;94,7912688538508
3354402;1;5;1; ; ; ; ; ; ; ; ; ; ; ; ;12;94,7912688538508
3354403;1;1;2;2;76; ;2; ; ;1;2; ; ;1; ;12;74,0321007719999
3354403;1;2;1; ; ; ; ; ; ; ; ; ; ; ; ;12;74,0321007719999
3354404;1;1;1; ; ; ; ; ; ; ; ; ; ; ; ;12;66,5063847269753
3354404;1;2;1; ; ; ; ; ; ; ; ; ; ; ; ;12;66,5063847269753
3354404;1;3;1; ; ; ; ; ; ; ; ; ; ; ; ;12;66,5063847269753
3354404;1;4;1; ; ; ; ; ; ; ; ; ; ; ; ;12;66,5063847269753
3354404;1;5;1; ; ; ; ; ; ; ; ; ; ; ; ;12;66,5063847269753
3354404;1;6;1; ; ; ; ; ; ; ; ; ; ; ; ;12;66,5063847269753
3354405;1;1;1; ; ; ; ; ; ; ; ; ; ; ; ;12;90,1525974211531
3354405;1;2;1; ; ; ; ; ; ; ; ; ; ; ; ;12;90,1525974211531
3354405;1;3;1; ; ; ; ; ; ; ; ; ; ; ; ;12;90,1525974211531
3354406;1;1;1; ; ; ; ; ; ; ; ; ; ; ; ;12;146,166638140948
3354406;1;2;1; ; ; ; ; ; ; ; ; ; ; ; ;12;146,166638140948
3354406;1;3;1; ; ; ; ; ; ; ; ; ; ; ; ;12;146,166638140948
3354406;1;4;1; ; ; ; ; ; ; ; ; ; ; ; ;12;146,166638140948
3354407;1;1;2;2;15; ;3;68; ;2;3;68; ;1; ;12;131,585807354179
3354407;1;2;2;2;70; ;3;25; ;1;3;25; ;1; ;12;131,585807354179
3354407;1;3;2;2;11; ;1; ; ; ;3;25; ;1; ;12;131,585807354179
3354408;1;1;1; ; ; ; ; ; ; ; ; ; ; ; ;12;129,347640090835
3354408;1;2;1; ; ; ; ; ; ; ; ; ; ; ; ;12;129,347640090835
3354408;1;3;1; ; ; ; ; ; ; ; ; ; ; ; ;12;129,347640090835
3354408;1;4;1; ; ; ; ; ; ; ; ; ; ; ; ;12;129,347640090835
3354408;1;5;1; ; ; ; ; ; ; ; ; ; ; ; ;12;129,347640090835
3354408;1;6;1; ; ; ; ; ; ; ; ; ; ; ; ;12;129,347640090835
3354408;1;7;1; ; ; ; ; ; ; ; ; ; ; ; ;12;129,347640090835
3354409;1;1;1; ; ; ; ; ; ; ; ; ; ; ; ;12;111,835168214201
3354409;1;2;1; ; ; ; ; ; ; ; ; ; ; ; ;12;111,835168214201
3354409;1;3;1; ; ; ; ; ; ; ; ; ; ; ; ;12;111,835168214201
3354409;1;4;1; ; ; ; ; ; ; ; ; ; ; ; ;12;111,835168214201
3354409;2;1;1; ; ; ; ; ; ; ; ; ; ; ; ;12;111,835168214201
3354410;1;1;2;2;15; ;2; ; ;1;2; ; ;1; ;12;50,1241418764312
3354410;1;2;1; ; ; ; ; ; ; ; ; ; ; ; ;12;50,1241418764312
3354410;1;3;1; ; ; ; ; ; ; ; ; ; ; ; ;12;50,1241418764312
3354410;1;4;1; ; ; ; ; ; ; ; ; ; ; ; ;12;50,1241418764312
3354410;1;5;1; ; ; ; ; ; ; ; ; ; ; ; ;12;50,1241418764312
3354410;1;6;1; ; ; ; ; ; ; ; ; ; ; ; ;12;50,1241418764312
3354411;1;1;1; ; ; ; ; ; ; ; ; ; ; ; ;12;104,513919509784
3354411;1;2;1; ; ; ; ; ; ; ; ; ; ; ; ;12;104,513919509784
3354411;1;3;1; ; ; ; ; ; ; ; ; ; ; ; ;12;104,513919509784
3354411;1;4;1; ; ; ; ; ; ; ; ; ; ; ; ;12;104,513919509784
3354411;1;5;1; ; ; ; ; ; ; ; ; ; ; ; ;12;104,513919509784
3354411;1;6;1; ; ; ; ; ; ; ; ; ; ; ; ;12;104,513919509784
3354412;1;1;2;2;11; ;3;15; ;2;2; ; ;2;1;12;124,160682575637
3354412;1;2;2;2;11; ;3;11; ;1;2; ; ;1; ;12;124,160682575637
3354412;1;3;1; ; ; ; ; ; ; ; ; ; ; ; ;12;124,160682575637
3354412;1;4;1; ; ; ; ; ; ; ; ; ; ; ; ;12;124,160682575637
3354412;1;5;2;1; ; ;3;15; ;2;3;15; ;2;2;12;124,160682575637
3354413;1;1;1; ; ; ; ; ; ; ; ; ; ; ; ;12;106,336511433961
3354413;1;2;1; ; ; ; ; ; ; ; ; ; ; ; ;12;106,336511433961
3354413;1;3;1; ; ; ; ; ; ; ; ; ; ; ; ;12;106,336511433961
3354413;1;4;1; ; ; ; ; ; ; ; ; ; ; ; ;12;106,336511433961
3354413;1;5;1; ; ; ; ; ; ; ; ; ; ; ; ;12;106,336511433961
3354414;1;1;1; ; ; ; ; ; ; ; ; ; ; ; ;12;91,755680647193
3354414;1;2;1; ; ; ; ; ; ; ; ; ; ; ; ;12;91,755680647193
3354414;1;3;1; ; ; ; ; ; ; ; ; ; ; ; ;12;91,755680647193
3354414;1;4;1; ; ; ; ; ; ; ; ; ; ; ; ;12;91,755680647193
3354415;1;1;2;2;11; ;2; ; ;1;2; ; ;1; ;12;113,657760138379
3354415;1;2;2;2;15; ;2; ; ;1;2; ; ;1; ;12;113,657760138379
3354415;1;3;1; ; ; ; ; ; ; ; ; ; ; ; ;12;113,657760138379
3354415;1;4;1; ; ; ; ; ; ; ; ; ; ; ; ;12;113,657760138379
3354416;1;1;2;1; ; ;2; ; ;1;2; ; ;1; ;12;99,3925788893295
3354417;1;1;1; ; ; ; ; ; ; ; ; ; ; ; ;12;65,5394976663304
3354417;1;2;1; ; ; ; ; ; ; ; ; ; ; ; ;12;65,5394976663304
3354417;2;1;2;2;11; ;2; ; ;1;2; ; ;1; ;12;65,5394976663304
3354417;2;2;2;2;11; ;2; ; ;1;2; ; ;1; ;12;65,5394976663304
3354417;2;3;1; ; ; ; ; ; ; ; ; ; ; ; ;12;65,5394976663304
3354417;2;4;1; ; ; ; ; ; ; ; ; ; ; ; ;12;65,5394976663304
3354418;1;1;2;2;18; ;2; ; ;1;2; ; ;1; ;12;231,706303480562
3354418;1;2;2;2;18; ;2; ; ;1;2; ; ;1; ;12;231,706303480562
3354418;1;3;2;2;18; ;2; ; ;1;2; ; ;1; ;12;231,706303480562
3354418;1;4;1; ; ; ; ; ; ; ; ; ; ; ; ;12;231,706303480562
3354419;1;1;2;2;18; ;2; ; ;1;2; ; ;1; ;12;74,0264155848172
3354419;1;2;2;2;73; ;2; ; ;1;2; ; ;1; ;12;74,0264155848172
3354419;1;3;2;2;18; ;2; ; ;1;2; ; ;1; ;12;74,0264155848172
3354419;1;4;1; ; ; ; ; ; ; ; ; ; ; ; ;12;74,0264155848172
3354420;1;1;1; ; ; ; ; ; ; ; ; ; ; ; ;12;57,1038509181424
3354420;1;2;1; ; ; ; ; ; ; ; ; ; ; ; ;12;57,1038509181424
3354420;1;3;1; ; ; ; ; ; ; ; ; ; ; ; ;12;57,1038509181424
3354421;1;1;2;2;18; ;3;18; ;1;2; ; ;1; ;12;86,6232845412307
3354421;1;2;2;2;18; ;3;18; ;1;2; ; ;1; ;12;86,6232845412307
3354421;1;3;1; ; ; ; ; ; ; ; ; ; ; ; ;12;86,6232845412307
3354421;1;4;2;2;18; ;3;18; ;1;2; ; ;1; ;12;86,6232845412307
3354422;1;1;1; ; ; ; ; ; ; ; ; ; ; ; ;12;74,4784762279363
3354423;1;1;2;2;18; ;3;18; ;1;2; ; ;1; ;12;259,484852092439
3354423;1;2;2;2;18; ;3;18; ;1;2; ; ;1; ;12;259,484852092439
3354423;1;3;2;2;18; ;3;18; ;1;2; ; ;1; ;12;259,484852092439
3354423;1;4;2;1; ; ;1; ; ; ;2; ; ;1; ;12;259,484852092439
3354424;1;1;2;2;18; ;2; ; ;1;2; ; ;1; ;12;254,325797670201
3354424;1;2;2;2;18; ;2; ; ;1;2; ; ;1; ;12;254,325797670201
3354424;1;3;2;2;18; ;2; ; ;1;2; ; ;1; ;12;254,325797670201
3354424;1;4;1; ; ; ; ; ; ; ; ; ; ; ; ;12;254,325797670201
3354425;1;1;1; ; ; ; ; ; ; ; ; ; ; ; ;12;271,384069447612
3354425;1;2;2;2;18; ;2; ; ;1;2; ; ;1; ;12;271,384069447612
3354425;1;3;1; ; ; ; ; ; ; ; ; ; ; ; ;12;271,384069447612
3354425;1;4;1; ; ; ; ; ; ; ; ; ; ; ; ;12;271,384069447612
3354425;1;5;2;2;18; ;2; ; ;1;2; ; ;1; ;12;271,384069447612
3354425;1;6;2;2;18; ;2; ; ;1;2; ; ;1; ;12;271,384069447612
3354425;1;7;1; ; ; ; ; ; ; ; ; ; ; ; ;12;271,384069447612
3354425;1;8;1; ; ; ; ; ; ; ; ; ; ; ; ;12;271,384069447612
3354425;1;9;1; ; ; ; ; ; ; ; ; ; ; ; ;12;271,384069447612
3354426;1;1;2;2;18; ;2; ; ;1;2; ; ;1; ;12;57,1038509181424
3354426;1;2;2;2;76; ;3;73; ;1;2; ; ;1; ;12;57,1038509181424
3354426;1;3;2;2;76; ;3;73; ;1;2; ; ;1; ;12;57,1038509181424
3354427;1;1;2;2;18; ;2; ; ;1;2; ; ;1; ;12;61,5325338683989
3354427;1;2;2;2;18; ;2; ; ;1;2; ; ;1; ;12;61,5325338683989
3354427;1;3;2;2;18; ;2; ; ;1;2; ; ;1; ;12;61,5325338683989
3354427;1;4;1; ; ; ; ; ; ; ; ; ; ; ; ;12;61,5325338683989
3354428;1;1;1; ; ; ; ; ; ; ; ; ; ; ; ;12;75,1286696433218
3354428;1;2;2;2;18; ;2; ; ;1;2; ; ;1; ;12;75,1286696433218
3354429;1;1;2;2;41; ;2; ; ;1;2; ; ;1; ;12;70,4047917758366
3354429;1;2;2;2;41; ;2; ; ;1;2; ; ;1; ;12;70,4047917758366
3354429;1;3;2;2;18; ;3;86; ;1;2; ; ;1; ;12;70,4047917758366
3354430;1;1;1; ; ; ; ; ; ; ; ; ; ; ; ;12;75,1286696433218
3354430;1;2;2;2;73; ;2; ; ;1;2; ; ;1; ;12;75,1286696433218
3354431;1;1;2;2;17; ;2; ; ;1;2; ; ;1; ;12;73,9957717636526
3354432;1;1;1; ; ; ; ; ; ; ; ; ; ; ; ;12;48,3100580260358
3354432;1;2;1; ; ; ; ; ; ; ; ; ; ; ; ;12;48,3100580260358
3354433;1;1;2;2;18; ;2; ; ;1;2; ; ;1; ;12;82,7895646557592
3354433;1;2;2;2;18; ;2; ; ;1;4; ;11; ;1;12;82,7895646557592
3354434;1;1;1; ; ; ; ; ; ; ; ; ; ; ; ;12;56,5426814385276
3354434;1;2;1; ; ; ; ; ; ; ; ; ; ; ; ;12;56,5426814385276
3354434;1;3;1; ; ; ; ; ; ; ; ; ; ; ; ;12;56,5426814385276
3354434;1;4;1; ; ; ; ; ; ; ; ; ; ; ; ;12;56,5426814385276
3354434;1;5;1; ; ; ; ; ; ; ; ; ; ; ; ;12;56,5426814385276
3354435;1;1;2;2;18; ;2; ; ;1;2; ; ;1; ;12;79,6812891322269
3354435;1;2;1; ; ; ; ; ; ; ; ; ; ; ; ;12;79,6812891322269
3354435;1;3;1; ; ; ; ; ; ; ; ; ; ; ; ;12;79,6812891322269
3354435;1;4;1; ; ; ; ; ; ; ; ; ; ; ; ;12;79,6812891322269
3354436;1;1;2;2;41; ;2; ; ;1;2; ; ;1; ;12;44,6099692017241
3354436;1;2;2;2;41; ;2; ; ;1;2; ; ;1; ;12;44,6099692017241
3354436;1;3;1; ; ; ; ; ; ; ; ; ; ; ; ;12;44,6099692017241
3354437;1;1;2;2;18; ;2; ; ;1;2; ; ;1; ;12;70,8874962401203
3354437;1;2;1; ; ; ; ; ; ; ; ; ; ; ; ;12;70,8874962401203
3354437;1;3;1; ; ; ; ; ; ; ; ; ; ; ; ;12;70,8874962401203
3354438;1;1;2;2;18; ;2; ; ;1;2; ; ;1; ;12;50,9259178415451
3354438;1;2;2;2;41; ;2; ; ;1;2; ; ;1; ;12;50,9259178415451
3354438;1;3;1; ; ; ; ; ; ; ; ; ; ; ; ;12;50,9259178415451
3354438;1;4;1; ; ; ; ; ; ; ; ; ; ; ; ;12;50,9259178415451
3354439;1;1;1; ; ; ; ; ; ; ; ; ; ; ; ;12;74,1607625015475
3354439;1;2;1; ; ; ; ; ; ; ; ; ; ; ; ;12;74,1607625015475
3354439;1;3;1; ; ; ; ; ; ; ; ; ; ; ; ;12;74,1607625015475
3354439;1;4;1; ; ; ; ; ; ; ; ; ; ; ; ;12;74,1607625015475
3354440;1;1;1; ; ; ; ; ; ; ; ; ; ; ; ;12;106,01040464372
3354440;1;2;2;2;70; ;2; ; ;1;2; ; ;1; ;12;106,01040464372
3354440;1;3;1; ; ; ; ; ; ; ; ; ; ; ; ;12;106,01040464372
3354440;1;4;1; ; ; ; ; ; ; ; ; ; ; ; ;12;106,01040464372
3354440;1;5;1; ; ; ; ; ; ; ; ; ; ; ; ;12;106,01040464372
3354441;1;1;1; ; ; ; ; ; ; ; ; ; ; ; ;12;72,5817369703207
3354441;1;2;2;2;23; ;2; ; ;1;2; ; ;1; ;12;72,5817369703207
3354441;1;3;1; ; ; ; ; ; ; ; ; ; ; ; ;12;72,5817369703207
3354441;1;4;1; ; ; ; ; ; ; ; ; ; ; ; ;12;72,5817369703207
3354441;1;5;2;2;23; ;2; ; ;1;2; ; ;1; ;12;72,5817369703207
3354442;1;1;2;2;70; ;2; ; ;1;2; ; ;1; ;12;82,4133963987399
3354442;1;2;2;2;70; ;2; ; ;1;2; ; ;1; ;12;82,4133963987399
3354443;1;1;1; ; ; ; ; ; ; ; ; ; ; ; ;12;111,462001527773
3354443;1;2;2;2;23; ;2; ; ;1;2; ; ;1; ;12;111,462001527773
3354443;1;3;1; ; ; ; ; ; ; ; ; ; ; ; ;12;111,462001527773
3354444;1;1;1; ; ; ; ; ; ; ; ; ; ; ; ;12;106,73310755849
3354445;1;1;1; ; ; ; ; ; ; ; ; ; ; ; ;12;100,227802813275
3354445;1;2;2;2;70; ;3;70; ;1;2; ; ;1; ;12;100,227802813275
3354446;1;1;1; ; ; ; ; ; ; ; ; ; ; ; ;12;116,463068703393
3354447;1;1;2;2;13; ;2; ; ;1;2; ; ;1; ;12;110,686297777818
3354447;1;2;2;2;70; ;2; ; ;1;2; ; ;1; ;12;110,686297777818
3354447;1;3;2;2;13; ;2; ; ;1;2; ; ;1; ;12;110,686297777818
3354447;1;4;2;2;13; ;2; ; ;1;2; ; ;1; ;12;110,686297777818
3354448;1;1;2;2;70; ;2; ; ;1;2; ; ;1; ;12;110,21375095656
3354448;1;2;1; ; ; ; ; ; ; ; ; ; ; ; ;12;110,21375095656
3354448;1;3;1; ; ; ; ; ; ; ; ; ; ; ; ;12;110,21375095656
3354448;1;4;2;2;70; ;1; ; ; ;3;70; ;1; ;12;110,21375095656
3354448;1;5;2;2;23; ;2; ; ;1;2; ; ;1; ;12;110,21375095656
3354449;1;1;1; ; ; ; ; ; ; ; ; ; ; ; ;12;133,525737079654
3354449;1;2;1; ; ; ; ; ; ; ; ; ; ; ; ;12;133,525737079654
3354449;1;3;1; ; ; ; ; ; ; ; ; ; ; ; ;12;133,525737079654
3354449;1;4;1; ; ; ; ; ; ; ; ; ; ; ; ;12;133,525737079654
3354450;1;1;1; ; ; ; ; ; ; ; ; ; ; ; ;12;92,3919063171326
3354450;1;2;1; ; ; ; ; ; ; ; ; ; ; ; ;12;92,3919063171326
3354450;1;3;1; ; ; ; ; ; ; ; ; ; ; ; ;12;92,3919063171326
3354450;1;4;2;2;76; ;3;76; ;1;2; ; ;1; ;12;92,3919063171326
3354451;1;1;1; ; ; ; ; ; ; ; ; ; ; ; ;12;105,933461161387
3354451;1;2;1; ; ; ; ; ; ; ; ; ; ; ; ;12;105,933461161387
3354451;1;3;1; ; ; ; ; ; ; ; ; ; ; ; ;12;105,933461161387
3354452;1;1;1; ; ; ; ; ; ; ; ; ; ; ; ;12;123,826571263913
3354452;1;2;1; ; ; ; ; ; ; ; ; ; ; ; ;12;123,826571263913
3354453;1;1;2;1; ; ;3;63; ;1;2; ; ;1; ;12;126,027212275068
3354453;1;2;2;2;73; ;2; ; ;1;2; ; ;1; ;12;126,027212275068
3354453;1;3;2;2;63; ;3;63; ;1;2; ; ;1; ;12;126,027212275068
3354454;1;1;1; ; ; ; ; ; ; ; ; ; ; ; ;12;125,1723025089
3354454;1;2;2;2;11; ;3;11; ;1;2; ; ;1; ;12;125,1723025089
3354454;1;3;1; ; ; ; ; ; ; ; ; ; ; ; ;12;125,1723025089
3354455;1;1;2;2;76; ;2; ; ;1;2; ; ;1; ;12;396,221047974597
3354455;1;2;1; ; ; ; ; ; ; ; ; ; ; ; ;12;396,221047974597
3354456;1;1;2;2;63; ;2; ; ;1;2; ; ;1; ;12;95,510951028254
3354456;1;2;1; ; ; ; ; ; ; ; ; ; ; ; ;12;95,510951028254
3354456;1;3;1; ; ; ; ; ; ; ; ; ; ; ; ;12;95,510951028254
3354456;1;4;1; ; ; ; ; ; ; ; ; ; ; ; ;12;95,510951028254
3354457;1;1;2;1; ; ;4; ;1; ;2; ; ;1; ;12;382,118830560164
3354457;1;2;1; ; ; ; ; ; ; ; ; ; ; ; ;12;382,118830560164
3354457;1;3;2;3; ;1;2; ; ;1;2; ; ;1; ;12;382,118830560164
3354457;1;4;1; ; ; ; ; ; ; ; ; ; ; ; ;12;382,118830560164
3354458;1;1;2;2;25; ;2; ; ;1;2; ; ;1; ;12;323,634717114856
3354458;1;2;2;2;63; ;2; ; ;1;2; ; ;1; ;12;323,634717114856
3354458;1;3;1; ; ; ; ; ; ; ; ; ; ; ; ;12;323,634717114856
3354460;1;1;2;2;25; ;2; ; ;1;2; ; ;1; ;12;179,558611306773
3354460;1;2;2;2;76; ;2; ; ;1;2; ; ;1; ;12;179,558611306773
3354460;1;3;1; ; ; ; ; ; ; ; ; ; ; ; ;12;179,558611306773
3354460;1;4;1; ; ; ; ; ; ; ; ; ; ; ; ;12;179,558611306773
3354460;1;5;2;2;63; ;3;11; ;1;3;11; ;1; ;12;179,558611306773
3354460;1;6;2;2;63; ;2; ; ;1;3;11; ;1; ;12;179,558611306773
3354460;1;7;2;2;63; ;1; ; ; ;2; ; ;1; ;12;179,558611306773
3354460;1;8;2;1; ; ;2; ; ;1;4; ;5; ;1;12;179,558611306773
3354460;1;9;2;3; ;5;1; ; ; ;4; ;5; ;4;12;179,558611306773
3354461;1;1;2;2;73; ;2; ; ;1;2; ; ;1; ;12;125,1723025089
3354461;1;2;1; ; ; ; ; ; ; ; ; ; ; ; ;12;125,1723025089
3354461;1;3;1; ; ; ; ; ; ; ; ; ; ; ; ;12;125,1723025089
3354463;1;1;2;2;76; ;2; ; ;1;2; ; ;1; ;12;222,762773357367
3354463;1;2;2;2;76; ;2; ; ;1;2; ; ;1; ;12;222,762773357367
3354463;1;3;2;2;76; ;2; ; ;1;2; ; ;1; ;12;222,762773357367
3354463;1;4;2;2;76; ;2; ; ;1;2; ; ;1; ;12;222,762773357367
3354463;1;5;1; ; ; ; ; ; ; ; ; ; ; ; ;12;222,762773357367
3354463;1;6;2;2;76; ;2; ; ;1;2; ; ;1; ;12;222,762773357367
3354464;1;1;2;2;17; ;2; ; ;1;2; ; ;1; ;12;224,073724018488
3354464;1;2;2;2;17; ;2; ; ;1;2; ; ;1; ;12;224,073724018488
3354464;1;3;1; ; ; ; ; ; ; ; ; ; ; ; ;12;224,073724018488
3354465;1;1;2;2;05; ;2; ; ;1;2; ; ;1; ;12;306,92895467954
3354465;1;2;1; ; ; ; ; ; ; ; ; ; ; ; ;12;306,92895467954
3354466;1;1;2;2;66; ;2; ; ;1;2; ; ;1; ;12;279,586687864867
3354466;1;2;2;2;17; ;2; ; ;1;2; ; ;1; ;12;279,586687864867
3354466;1;3;1; ; ; ; ; ; ; ; ; ; ; ; ;12;279,586687864867
3354467;1;1;1; ; ; ; ; ; ; ; ; ; ; ; ;12;250,369630193191
3354467;1;2;1; ; ; ; ; ; ; ; ; ; ; ; ;12;250,369630193191
3354467;1;3;1; ; ; ; ; ; ; ; ; ; ; ; ;12;250,369630193191
3354468;1;1;1; ; ; ; ; ; ; ; ; ; ; ; ;12;267,889389282808
3354468;1;2;1; ; ; ; ; ; ; ; ; ; ; ; ;12;267,889389282808
3354469;1;1;1; ; ; ; ; ; ; ; ; ; ; ; ;12;283,715935835376
3354469;1;2;1; ; ; ; ; ; ; ; ; ; ; ; ;12;283,715935835376
3354469;1;3;1; ; ; ; ; ; ; ; ; ; ; ; ;12;283,715935835376
3354469;1;4;1; ; ; ; ; ; ; ; ; ; ; ; ;12;283,715935835376
3354469;1;5;1; ; ; ; ; ; ; ; ; ; ; ; ;12;283,715935835376
3354470;1;1;1; ; ; ; ; ; ; ; ; ; ; ; ;12;291,350743906254
3354470;1;2;1; ; ; ; ; ; ; ; ; ; ; ; ;12;291,350743906254
3354470;1;3;1; ; ; ; ; ; ; ; ; ; ; ; ;12;291,350743906254
3354470;1;4;1; ; ; ; ; ; ; ; ; ; ; ; ;12;291,350743906254
3354470;1;5;1; ; ; ; ; ; ; ; ; ; ; ; ;12;291,350743906254
3354470;1;6;1; ; ; ; ; ; ; ; ; ; ; ; ;12;291,350743906254
3354470;1;7;1; ; ; ; ; ; ; ; ; ; ; ; ;12;291,350743906254
3354471;1;1;2;2;73; ;2; ; ;1;2; ; ;1; ;12;216,290686782747
3354471;1;2;2;2;73; ;2; ; ;1;2; ; ;1; ;12;216,290686782747
3354472;1;1;2;2;63; ;3;66; ;1;2; ; ;1; ;12;301,709798992713
3354472;1;2;1; ; ; ; ; ; ; ; ; ; ; ; ;12;301,709798992713
3354472;1;3;2;2;63; ;2; ; ;1;2; ; ;1; ;12;301,709798992713
3354472;1;4;2;2;76; ;2; ; ;1;2; ; ;1; ;12;301,709798992713
3354473;1;1;2;2;17; ;2; ; ;1;2; ; ;1; ;12;246,0860300879
3354473;1;2;1; ; ; ; ; ; ; ; ; ; ; ; ;12;246,0860300879
3354474;1;1;1; ; ; ; ; ; ; ; ; ; ; ; ;12;283,870287970158
3354474;1;2;1; ; ; ; ; ; ; ; ; ; ; ; ;12;283,870287970158
3354474;1;3;1; ; ; ; ; ; ; ; ; ; ; ; ;12;283,870287970158
3354474;1;4;1; ; ; ; ; ; ; ; ; ; ; ; ;12;283,870287970158
3354475;1;1;1; ; ; ; ; ; ; ; ; ; ; ; ;12;279,586687864867
3354475;1;2;1; ; ; ; ; ; ; ; ; ; ; ; ;12;279,586687864867
3354475;1;3;1; ; ; ; ; ; ; ; ; ; ; ; ;12;279,586687864867
3354476;1;1;2;2;76; ;2; ; ;1;2; ; ;1; ;12;259,600599275105
3354476;1;2;1; ; ; ; ; ; ; ; ; ; ; ; ;12;259,600599275105
3354477;1;1;2;2;76; ;3;76; ;1;3;76; ;1; ;12;340,429612456507
3354477;1;2;2;2;76; ;3;76; ;1;3;76; ;1; ;12;340,429612456507
3354477;1;3;2;2;76; ;1; ; ; ;1; ; ; ; ;12;340,429612456507
3354478;1;1;2;2;63; ;2; ; ;1;2; ; ;1; ;12;255,241302866466
3354478;1;2;1; ; ; ; ; ; ; ; ; ; ; ; ;12;255,241302866466
3354478;1;3;2;2;19; ;2; ; ;1;2; ; ;1; ;12;255,241302866466
3354479;1;1;1; ; ; ; ; ; ; ; ; ; ; ; ;12;272,722789759166
3354480;1;1;2;3; ;11;4; ;11; ;2; ; ;1; ;12;306,92895467954
3354480;1;2;1; ; ; ; ; ; ; ; ; ; ; ; ;12;306,92895467954
3354481;1;1;2;2;73; ;2; ; ;1;2; ; ;1; ;12;259,600599275105
3354481;1;2;2;2;73; ;2; ; ;1;2; ; ;1; ;12;259,600599275105
3354482;1;1;2;2;76; ;2; ; ;1;2; ; ;1; ;12;246,478408791044
3354482;1;2;2;2;66; ;2; ; ;1;2; ; ;1; ;12;246,478408791044
3354482;1;3;2;2;66; ;2; ; ;1;2; ; ;1; ;12;246,478408791044
3354483;1;1;2;2;17; ;2; ; ;1;2; ; ;1; ;12;295,152762336349
3354483;1;2;2;2;17; ;2; ; ;1;2; ; ;1; ;12;295,152762336349
3354483;1;3;2;2;17; ;2; ; ;1;2; ; ;1; ;12;295,152762336349
3354483;1;4;1; ; ; ; ; ; ; ; ; ; ; ; ;12;295,152762336349
3354483;1;5;1; ; ; ; ; ; ; ; ; ; ; ; ;12;295,152762336349
3354484;1;1;2;2;17; ;2; ; ;1;2; ; ;1; ;12;244,978951738289
3354484;1;2;1; ; ; ; ; ; ; ; ; ; ; ; ;12;244,978951738289
3354484;1;3;1; ; ; ; ; ; ; ; ; ; ; ; ;12;244,978951738289
3354485;1;1;1; ; ; ; ; ; ; ; ; ; ; ; ;12;220,69428444953
3354485;1;2;2;2;17; ;2; ; ;1;2; ; ;1; ;12;220,69428444953
3354485;1;3;1; ; ; ; ; ; ; ; ; ; ; ; ;12;220,69428444953
3354486;1;1;1; ; ; ; ; ; ; ; ; ; ; ; ;12;263,959895683744
3354487;1;1;2;2;76; ;2; ; ;1;2; ; ;1; ;12;289,395942580258
3354487;1;2;2;2;76; ;2; ; ;1;2; ; ;1; ;12;289,395942580258
3354488;1;1;2;2;76; ;2; ; ;1;2; ; ;1; ;12;246,0860300879
3354488;1;2;2;2;76; ;2; ; ;1;2; ; ;1; ;12;246,0860300879
3354489;1;1;1; ; ; ; ; ; ; ; ; ; ; ; ;12;67,9107696239543
3354489;1;2;1; ; ; ; ; ; ; ; ; ; ; ; ;12;67,9107696239543
3354490;1;1;1; ; ; ; ; ; ; ; ; ; ; ; ;12;53,782943564661
3354490;1;2;1; ; ; ; ; ; ; ; ; ; ; ; ;12;53,782943564661
3354490;1;3;1; ; ; ; ; ; ; ; ; ; ; ; ;12;53,782943564661
3354490;1;4;1; ; ; ; ; ; ; ; ; ; ; ; ;12;53,782943564661
3354490;1;5;1; ; ; ; ; ; ; ; ; ; ; ; ;12;53,782943564661
3354490;1;6;1; ; ; ; ; ; ; ; ; ; ; ; ;12;53,782943564661
3354490;1;7;1; ; ; ; ; ; ; ; ; ; ; ; ;12;53,782943564661
3354490;1;8;1; ; ; ; ; ; ; ; ; ; ; ; ;12;53,782943564661
3354491;1;1;2;2;13; ;2; ; ;1;2; ; ;1; ;12;84,5630446097081
3354491;1;2;1; ; ; ; ; ; ; ; ; ; ; ; ;12;84,5630446097081
3354492;1;1;2;2;05; ;2; ; ;1;2; ; ;1; ;12;107,219116388634
3354493;1;1;1; ; ; ; ; ; ; ; ; ; ; ; ;12;98,6667252690248
3354493;1;2;1; ; ; ; ; ; ; ; ; ; ; ; ;12;98,6667252690248
3354493;1;3;1; ; ; ; ; ; ; ; ; ; ; ; ;12;98,6667252690248
3354493;1;4;1; ; ; ; ; ; ; ; ; ; ; ; ;12;98,6667252690248
3354494;1;1;1; ; ; ; ; ; ; ; ; ; ; ; ;12;94,9739348334361
3354494;1;2;1; ; ; ; ; ; ; ; ; ; ; ; ;12;94,9739348334361
3354495;1;1;1; ; ; ; ; ; ; ; ; ; ; ; ;12;45,6253370295599
3354495;1;2;2;1; ; ;3;44; ;1;2; ; ;1; ;12;45,6253370295599
3354495;1;3;2;1; ; ;3;44; ;1;2; ; ;1; ;12;45,6253370295599
3354495;1;4;2;2;13; ;3;05; ;1;3;05; ;1; ;12;45,6253370295599
3354496;1;1;1; ; ; ; ; ; ; ; ; ; ; ; ;12;46,6990290419896
3354496;1;2;1; ; ; ; ; ; ; ; ; ; ; ; ;12;46,6990290419896
3354496;1;3;1; ; ; ; ; ; ; ; ; ; ; ; ;12;46,6990290419896
3354496;1;4;1; ; ; ; ; ; ; ; ; ; ; ; ;12;46,6990290419896
3354496;1;5;1; ; ; ; ; ; ; ; ; ; ; ; ;12;46,6990290419896
3354497;1;1;2;3; ;11;2; ; ;1;2; ; ;1; ;12;61,6583091355928
3354497;1;2;1; ; ; ; ; ; ; ; ; ; ; ; ;12;61,6583091355928
3354497;1;3;2;2;44; ;3;08; ;1;3;08; ;1; ;12;61,6583091355928
3354497;1;4;2;1; ; ;3;08; ;1;2; ; ;1; ;12;61,6583091355928
3354497;1;5;1; ; ; ; ; ; ; ; ; ; ; ; ;12;61,6583091355928
3354497;1;6;1; ; ; ; ; ; ; ; ; ; ; ; ;12;61,6583091355928
3354498;1;1;2;2;20; ;2; ; ;1;2; ; ;1; ;12;88,108182895282
3354498;1;2;2;2;47; ;3;47; ;1;2; ; ;1; ;12;88,108182895282
3354498;1;3;2;2;47; ;3;47; ;1;3;47; ;1; ;12;88,108182895282
3354498;1;4;2;2;13; ;3;47; ;1;2; ; ;1; ;12;88,108182895282
3354498;1;5;2;2;47; ;3;47; ;1;2; ; ;1; ;12;88,108182895282
3354499;1;1;1; ; ; ; ; ; ; ; ; ; ; ; ;12;99,0875409743057
3354499;1;2;1; ; ; ; ; ; ; ; ; ; ; ; ;12;99,0875409743057
3354499;1;3;2;1; ; ;3;44; ;1;2; ; ;1; ;12;99,0875409743057
3354499;1;4;1; ; ; ; ; ; ; ; ; ; ; ; ;12;99,0875409743057
3354500;1;1;2;2;44; ;2; ; ;1;2; ; ;1; ;12;67,9107696239543
3354500;1;2;2;2;44; ;3;68; ;1;2; ; ;1; ;12;67,9107696239543
3354501;1;1;2;2;05; ;3;05; ;1;2; ; ;1; ;12;98,5409803551465
3354501;1;2;1; ; ; ; ; ; ; ; ; ; ; ; ;12;98,5409803551465
3354501;1;3;1; ; ; ; ; ; ; ; ; ; ; ; ;12;98,5409803551465
3354502;1;1;1; ; ; ; ; ; ; ; ; ; ; ; ;12;92,2995955931206
3354502;1;2;1; ; ; ; ; ; ; ; ; ; ; ; ;12;92,2995955931206
3354502;1;3;1; ; ; ; ; ; ; ; ; ; ; ; ;12;92,2995955931206
3354503;1;1;2;2;23; ;2; ; ;1;2; ; ;1; ;12;102,233770790735
3354503;1;2;2;2;23; ;2; ; ;1;2; ; ;1; ;12;102,233770790735
3354503;1;3;2;2;23; ;2; ; ;1;2; ; ;1; ;12;102,233770790735
3354503;1;4;2;2;23; ;2; ; ;1;2; ; ;1; ;12;102,233770790735
3354503;1;5;1; ; ; ; ; ; ; ; ; ; ; ; ;12;102,233770790735
3354504;1;1;1; ; ; ; ; ; ; ; ; ; ; ; ;12;134,38105497945
3354504;1;2;1; ; ; ; ; ; ; ; ; ; ; ; ;12;134,38105497945
3354504;1;3;1; ; ; ; ; ; ; ; ; ; ; ; ;12;134,38105497945
3354504;1;4;1; ; ; ; ; ; ; ; ; ; ; ; ;12;134,38105497945
3354504;1;5;1; ; ; ; ; ; ; ; ; ; ; ; ;12;134,38105497945
3354505;1;1;2;2;08; ;2; ; ;1;2; ; ;1; ;12;92,3215028292571
3354506;1;1;2;2;44; ;2; ; ;1;2; ; ;1; ;12;81,9131988916883
3354506;1;2;2;2;44; ;2; ; ;1;2; ; ;1; ;12;81,9131988916883
3354506;1;3;2;2;44; ;2; ; ;1;2; ; ;1; ;12;81,9131988916883
3354507;1;1;2;2;68; ;3;68; ;1;2; ; ;1; ;12;84,6887895235865
3354507;1;2;2;2;68; ;3;68; ;1;2; ; ;1; ;12;84,6887895235865
3354507;1;3;2;2;68; ;1; ; ; ;2; ; ;1; ;12;84,6887895235865
3354508;1;1;1; ; ; ; ; ; ; ; ; ; ; ; ;12;81,3666382725292
3354508;1;2;1; ; ; ; ; ; ; ; ; ; ; ; ;12;81,3666382725292
3354509;1;1;1; ; ; ; ; ; ; ; ; ; ; ; ;12;62,9019791914419
3354510;1;1;2;2;23; ;2; ; ;1;2; ; ;1; ;12;89,3010179267059
3354511;1;1;1; ; ; ; ; ; ; ; ; ; ; ; ;12;162,009242024041
3354511;1;2;1; ; ; ; ; ; ; ; ; ; ; ; ;12;162,009242024041
3354511;1;3;1; ; ; ; ; ; ; ; ; ; ; ; ;12;162,009242024041
3354511;1;4;1; ; ; ; ; ; ; ; ; ; ; ; ;12;162,009242024041
3354513;1;1;1; ; ; ; ; ; ; ; ; ; ; ; ;12;94,9789780321781
3354513;1;2;1; ; ; ; ; ; ; ; ; ; ; ; ;12;94,9789780321781
3354513;1;3;1; ; ; ; ; ; ; ; ; ; ; ; ;12;94,9789780321781
3354514;1;1;1; ; ; ; ; ; ; ; ; ; ; ; ;12;155,365626985621
3354514;1;2;2;2;73; ;2; ; ;1;2; ; ;1; ;12;155,365626985621
3354514;1;3;2;1; ; ;3;47; ;1;2; ; ;1; ;12;155,365626985621
3354517;1;1;1; ; ; ; ; ; ; ; ; ; ; ; ;12;9029,07020639251
3354517;1;2;1; ; ; ; ; ; ; ; ; ; ; ; ;12;9029,07020639251
3354517;1;3;2;2;25; ;2; ; ;1;2; ; ;1; ;12;9029,07020639251
3354518;1;1;2;2;20; ;3;20; ;2;3;20; ;2;1;12;192,55695666178
3354518;1;2;2;2;20; ;3;20; ;2;3;20; ;2;4;12;192,55695666178
3354518;1;3;2;2;20; ;3;20; ;2;3;20; ;2;2;12;192,55695666178
3354518;1;4;2;2;20; ;3;20; ;2;3;20; ;2;4;12;192,55695666178
3354518;1;5;2;2;20; ;1; ; ; ;3;20; ;2;4;12;192,55695666178
3354519;1;1;2;2;20; ;3;27; ;1;2; ; ;1; ;12;183,580955484274
3354520;1;1;2;2;08; ;2; ; ;1;2; ; ;1; ;12;122,472026437145
3354520;1;2;2;2;08; ;2; ; ;1;2; ; ;1; ;12;122,472026437145
3354521;1;1;2;2;70; ;2; ; ;1;2; ; ;1; ;12;146,537480416559
3354521;1;2;1; ; ; ; ; ; ; ; ; ; ; ; ;12;146,537480416559
3354521;1;3;1; ; ; ; ; ; ; ; ; ; ; ; ;12;146,537480416559
3354522;1;1;2;2;73; ;2; ; ;1;2; ; ;1; ;12;132,314017644294
3354522;1;2;2;2;73; ;2; ; ;1;2; ; ;1; ;12;132,314017644294
3354522;1;3;1; ; ; ; ; ; ; ; ; ; ; ; ;12;132,314017644294
3354522;1;4;1; ; ; ; ; ; ; ; ; ; ; ; ;12;132,314017644294
3354523;1;1;2;2;70; ;3;70; ;1;3;70; ;1; ;12;152,294359984402
3354524;1;1;2;2;68; ;3;68; ;1;3;68; ;1; ;12;127,373356177723
3354525;1;1;2;2;68; ;2; ; ;1;2; ; ;1; ;12;147,778300495986
3354525;1;2;2;2;13; ;2; ; ;1;2; ; ;1; ;12;147,778300495986
3354527;1;1;1; ; ; ; ; ; ; ; ; ; ; ; ;12;77,9836761509946
3354527;1;2;1; ; ; ; ; ; ; ; ; ; ; ; ;12;77,9836761509946
3354528;1;1;2;2;41; ;2; ; ;1;2; ; ;1; ;12;173,392832422944
3354528;1;2;1; ; ; ; ; ; ; ; ; ; ; ; ;12;173,392832422944
3354528;1;3;1; ; ; ; ; ; ; ; ; ; ; ; ;12;173,392832422944
3354529;1;1;2;2;20; ;2; ; ;1;2; ; ;1; ;12;102,165863866676
3354529;1;2;1; ; ; ; ; ; ; ; ; ; ; ; ;12;102,165863866676
3354529;1;3;1; ; ; ; ; ; ; ; ; ; ; ; ;12;102,165863866676
3354529;1;4;1; ; ; ; ; ; ; ; ; ; ; ; ;12;102,165863866676
3354529;1;5;1; ; ; ; ; ; ; ; ; ; ; ; ;12;102,165863866676
3354529;1;6;1; ; ; ; ; ; ; ; ; ; ; ; ;12;102,165863866676
3354530;1;1;2;2;68; ;2; ; ;1;2; ; ;1; ;12;117,244876466205
3354530;1;2;1; ; ; ; ; ; ; ; ; ; ; ; ;12;117,244876466205
3354530;1;3;1; ; ; ; ; ; ; ; ; ; ; ; ;12;117,244876466205
3354530;1;4;2;2;68; ;2; ; ;1;2; ; ;1; ;12;117,244876466205
3354531;1;1;1; ; ; ; ; ; ; ; ; ; ; ; ;12;139,400863066241
3354531;1;2;1; ; ; ; ; ; ; ; ; ; ; ; ;12;139,400863066241
3354532;1;1;1; ; ; ; ; ; ; ; ; ; ; ; ;12;139,400863066241
3354532;1;2;1; ; ; ; ; ; ; ; ; ; ; ; ;12;139,400863066241
3354533;1;1;2;2;08; ;2; ; ;1;2; ; ;1; ;12;134,884996905835
3354533;1;2;2;2;08; ;4; ;2; ;2; ; ;1; ;12;134,884996905835
3354533;1;3;2;2;44; ;4; ;2; ;2; ; ;1; ;12;134,884996905835
3354534;1;1;2;2;73; ;2; ; ;1;2; ; ;1; ;12;113,786331139283
3354535;1;1;2;2;17; ;2; ; ;1;2; ; ;1; ;12;83,6381773616645
3354535;1;2;1; ; ; ; ; ; ; ; ; ; ; ; ;12;83,6381773616645
3354535;1;3;1; ; ; ; ; ; ; ; ; ; ; ; ;12;83,6381773616645
3354536;1;1;2;2;47; ;2; ; ;1;2; ; ;1; ;12;142,876970755407
3354536;1;2;2;2;47; ;2; ; ;1;2; ; ;1; ;12;142,876970755407
3354536;1;3;2;2;47; ;2; ; ;1;2; ; ;1; ;12;142,876970755407
3354537;1;1;2;2;68; ;2; ; ;1;2; ; ;1; ;12;97,2252024001052
3354537;1;2;2;2;15; ;2; ; ;1;2; ; ;1; ;12;97,2252024001052
3354537;1;3;2;2;15; ;2; ; ;1;2; ; ;1; ;12;97,2252024001052
3354538;1;1;1; ; ; ; ; ; ; ; ; ; ; ; ;12;192,55695666178
3354538;1;2;2;2;44; ;2; ; ;1;2; ; ;1; ;12;192,55695666178
3354538;1;3;1; ; ; ; ; ; ; ; ; ; ; ; ;12;192,55695666178
3354538;1;4;1; ; ; ; ; ; ; ; ; ; ; ; ;12;192,55695666178
3354538;1;5;1; ; ; ; ; ; ; ; ; ; ; ; ;12;192,55695666178
3354539;1;1;2;1; ; ;3;20; ;2;2; ; ;1; ;12;180,529449773262
3354539;1;2;2;1; ; ;3;20; ;2;2; ; ;1; ;12;180,529449773262
3354539;1;3;2;1; ; ;3;20; ;2;2; ; ;1; ;12;180,529449773262
3354539;1;4;2;1; ; ;3;20; ;2;2; ; ;1; ;12;180,529449773262
3354540;1;1;2;2;27; ;3;44; ;1;3;44; ;1; ;12;122,472026437145
3354540;1;2;2;2;05; ;3;13; ;1;3;44; ;1; ;12;122,472026437145
3354541;1;1;1; ; ; ; ; ; ; ; ; ; ; ; ;12;175,483383731794
3354541;1;2;1; ; ; ; ; ; ; ; ; ; ; ; ;12;175,483383731794
3354541;1;3;1; ; ; ; ; ; ; ; ; ; ; ; ;12;175,483383731794
3354541;1;4;1; ; ; ; ; ; ; ; ; ; ; ; ;12;175,483383731794
3354541;1;5;1; ; ; ; ; ; ; ; ; ; ; ; ;12;175,483383731794
3354542;1;1;2;2;47; ;2; ; ;1;2; ; ;1; ;12;111,958083145454
3354542;1;2;2;2;47; ;2; ; ;1;2; ; ;1; ;12;111,958083145454
3354542;1;3;1; ; ; ; ; ; ; ; ; ; ; ; ;12;111,958083145454
3354542;1;4;1; ; ; ; ; ; ; ; ; ; ; ; ;12;111,958083145454
3354542;1;5;2;2;47; ;2; ; ;2;2; ; ;1; ;12;111,958083145454
3354543;1;1;1; ; ; ; ; ; ; ; ; ; ; ; ;12;163,590172941787
3354543;1;2;1; ; ; ; ; ; ; ; ; ; ; ; ;12;163,590172941787
3354543;1;3;1; ; ; ; ; ; ; ; ; ; ; ; ;12;163,590172941787
3354543;1;4;1; ; ; ; ; ; ; ; ; ; ; ; ;12;163,590172941787
3354543;1;5;1; ; ; ; ; ; ; ; ; ; ; ; ;12;163,590172941787
3354544;1;1;1; ; ; ; ; ; ; ; ; ; ; ; ;12;190,707132632213
3354544;1;2;1; ; ; ; ; ; ; ; ; ; ; ; ;12;190,707132632213
3354544;1;3;1; ; ; ; ; ; ; ; ; ; ; ; ;12;190,707132632213
3354545;1;1;1; ; ; ; ; ; ; ; ; ; ; ; ;12;125,177400293976
3354545;1;2;1; ; ; ; ; ; ; ; ; ; ; ; ;12;125,177400293976
3354545;1;3;2;2;08; ;2; ; ;1;2; ; ;1; ;12;125,177400293976
3354546;1;1;1; ; ; ; ; ; ; ; ; ; ; ; ;12;178,333493889515
3354546;1;2;1; ; ; ; ; ; ; ; ; ; ; ; ;12;178,333493889515
3354546;1;3;2;2;23; ;2; ; ;1;2; ; ;1; ;12;178,333493889515
3354546;1;4;1; ; ; ; ; ; ; ; ; ; ; ; ;12;178,333493889515
3354546;1;5;1; ; ; ; ; ; ; ; ; ; ; ; ;12;178,333493889515
3354546;1;6;1; ; ; ; ; ; ; ; ; ; ; ; ;12;178,333493889515
3354547;1;1;2;2;20; ;2; ; ;1;2; ; ;1; ;12;132,699287896456
3354547;1;2;1; ; ; ; ; ; ; ; ; ; ; ; ;12;132,699287896456
3354547;1;3;1; ; ; ; ; ; ; ; ; ; ; ; ;12;132,699287896456
3354547;1;4;1; ; ; ; ; ; ; ; ; ; ; ; ;12;132,699287896456
3354548;1;1;2;2;08; ;2; ; ;1;2; ; ;1; ;12;151,428369954759
3354548;1;2;1; ; ; ; ; ; ; ; ; ; ; ; ;12;151,428369954759
3354548;1;3;1; ; ; ; ; ; ; ; ; ; ; ; ;12;151,428369954759
3354549;1;1;1; ; ; ; ; ; ; ; ; ; ; ; ;12;79,2779336940251
3354549;1;2;1; ; ; ; ; ; ; ; ; ; ; ; ;12;79,2779336940251
3354549;1;3;1; ; ; ; ; ; ; ; ; ; ; ; ;12;79,2779336940251
3354550;1;1;1; ; ; ; ; ; ; ; ; ; ; ; ;12;65,5254440916518
3354550;1;2;1; ; ; ; ; ; ; ; ; ; ; ; ;12;65,5254440916518
3354550;1;3;1; ; ; ; ; ; ; ; ; ; ; ; ;12;65,5254440916518
3354551;1;1;1; ; ; ; ; ; ; ; ; ; ; ; ;12;118,041306335125
3354551;1;2;1; ; ; ; ; ; ; ; ; ; ; ; ;12;118,041306335125
3354552;1;1;1; ; ; ; ; ; ; ; ; ; ; ; ;12;158,911999241764
3354552;1;2;2;2;17; ;2; ; ;1;2; ; ;1; ;12;158,911999241764
3354552;1;3;2;1; ; ;3;73; ;1;2; ; ;1; ;12;158,911999241764
3354552;1;4;1; ; ; ; ; ; ; ; ; ; ; ; ;12;158,911999241764
3354552;1;5;1; ; ; ; ; ; ; ; ; ; ; ; ;12;158,911999241764
3354553;1;1;2;2;76; ;2; ; ;1;2; ; ;1; ;12;153,274749494399
3354553;1;2;2;1; ; ;3;17; ;1;2; ; ;1; ;12;153,274749494399
3354553;1;3;2;2;17; ;2; ; ;1;2; ; ;1; ;12;153,274749494399
3354553;1;4;2;2;17; ;2; ; ;1;2; ; ;1; ;12;153,274749494399
3354554;1;1;2;2;63; ;2; ; ;1;2; ; ;1; ;12;162,009242024041
3354554;1;2;2;2;63; ;2; ; ;1;2; ; ;1; ;12;162,009242024041
3354554;1;3;2;2;63; ;2; ; ;1;2; ; ;1; ;12;162,009242024041
3354554;1;4;1; ; ; ; ; ; ; ; ; ; ; ; ;12;162,009242024041
3354555;1;1;1; ; ; ; ; ; ; ; ; ; ; ; ;12;142,356045137443
3354555;1;2;1; ; ; ; ; ; ; ; ; ; ; ; ;12;142,356045137443
3354555;1;3;1; ; ; ; ; ; ; ; ; ; ; ; ;12;142,356045137443
3354555;1;4;1; ; ; ; ; ; ; ; ; ; ; ; ;12;142,356045137443
3354555;1;5;1; ; ; ; ; ; ; ; ; ; ; ; ;12;142,356045137443
3354556;1;1;1; ; ; ; ; ; ; ; ; ; ; ; ;12;118,364243105217
3354557;1;1;1; ; ; ; ; ; ; ; ; ; ; ; ;12;165,064792801363
3354557;1;2;2;2;63; ;2; ; ;1;2; ; ;1; ;12;165,064792801363
3354557;1;3;1; ; ; ; ; ; ; ; ; ; ; ; ;12;165,064792801363
3354557;1;4;1; ; ; ; ; ; ; ; ; ; ; ; ;12;165,064792801363
3354557;1;5;1; ; ; ; ; ; ; ; ; ; ; ; ;12;165,064792801363
3354558;1;1;1; ; ; ; ; ; ; ; ; ; ; ; ;12;93,6332467871909
3354558;1;2;1; ; ; ; ; ; ; ; ; ; ; ; ;12;93,6332467871909
3354559;1;1;2;2;63; ;2; ; ;1;2; ; ;1; ;12;130,727951413212
3354560;1;1;1; ; ; ; ; ; ; ; ; ; ; ; ;12;123,826571263913
3354560;1;2;2;2;76; ;2; ; ;1;2; ; ;1; ;12;123,826571263913
3354561;1;1;2;1; ; ;2; ; ;1;2; ; ;1; ;12;198,846181539182
3354561;1;2;1; ; ; ; ; ; ; ; ; ; ; ; ;12;198,846181539182
3354561;1;3;1; ; ; ; ; ; ; ; ; ; ; ; ;12;198,846181539182
3354561;1;4;1; ; ; ; ; ; ; ; ; ; ; ; ;12;198,846181539182
3354561;1;5;1; ; ; ; ; ; ; ; ; ; ; ; ;12;198,846181539182
3354562;1;1;1; ; ; ; ; ; ; ; ; ; ; ; ;12;81,8015114752719
3354562;1;2;1; ; ; ; ; ; ; ; ; ; ; ; ;12;81,8015114752719
3354562;1;3;1; ; ; ; ; ; ; ; ; ; ; ; ;12;81,8015114752719
3354563;1;1;2;1; ; ;2; ; ;1;2; ; ;1; ;12;149,580362056834
3354563;1;2;2;2;76; ;2; ; ;1;2; ; ;1; ;12;149,580362056834
3354563;1;3;2;2;76; ;2; ; ;1;2; ; ;1; ;12;149,580362056834
3354564;1;1;2;2;17; ;2; ; ;1;2; ; ;1; ;12;87,2638396339674
3354564;1;2;2;2;73; ;2; ; ;1;2; ; ;1; ;12;87,2638396339674
3354564;1;3;2;2;73; ;2; ; ;1;2; ; ;1; ;12;87,2638396339674
3354564;1;4;2;2;63; ;3;63; ;1;3;63; ;1; ;12;87,2638396339674
3354565;1;1;2;2;63; ;2; ; ;1;2; ; ;1; ;12;140,70381989668
3354565;1;2;1; ; ; ; ; ; ; ; ; ; ; ; ;12;140,70381989668
3354565;1;3;1; ; ; ; ; ; ; ; ; ; ; ; ;12;140,70381989668
3354565;1;4;1; ; ; ; ; ; ; ; ; ; ; ; ;12;140,70381989668
3354565;1;5;1; ; ; ; ; ; ; ; ; ; ; ; ;12;140,70381989668
3354565;1;6;2;2;63; ;3;63; ;1;2; ; ;1; ;12;140,70381989668
3354565;1;7;1; ; ; ; ; ; ; ; ; ; ; ; ;12;140,70381989668
3354565;1;8;1; ; ; ; ; ; ; ; ; ; ; ; ;12;140,70381989668
3354565;1;9;2;2;25; ;2; ; ;1;2; ; ;1; ;12;140,70381989668
3354565;1;10;1; ; ; ; ; ; ; ; ; ; ; ; ;12;140,70381989668
3354566;1;1;1; ; ; ; ; ; ; ; ; ; ; ; ;12;87,2638396339674
3354566;1;2;2;2;17; ;2; ; ;1;2; ; ;1; ;12;87,2638396339674
3354566;1;3;1; ; ; ; ; ; ; ; ; ; ; ; ;12;87,2638396339674
3354566;1;4;1; ; ; ; ; ; ; ; ; ; ; ; ;12;87,2638396339674
3354567;1;1;2;2;76; ;2; ; ;1;2; ; ;1; ;12;93,310310017099
3354567;1;2;2;2;66; ;2; ; ;1;2; ; ;1; ;12;93,310310017099
3354567;1;3;1; ; ; ; ; ; ; ; ; ; ; ; ;12;93,310310017099
3354568;1;1;2;2;76; ;2; ; ;1;2; ; ;1; ;12;119,709974350204
3354568;1;2;2;1; ; ;2; ; ;1;4; ;11; ;2;12;119,709974350204
3354569;1;1;1; ; ; ; ; ; ; ; ; ; ; ; ;12;165,555614280183
3354569;1;2;1; ; ; ; ; ; ; ; ; ; ; ; ;12;165,555614280183
3354569;1;3;1; ; ; ; ; ; ; ; ; ; ; ; ;12;165,555614280183
3354569;1;4;1; ; ; ; ; ; ; ; ; ; ; ; ;12;165,555614280183
3354569;1;5;1; ; ; ; ; ; ; ; ; ; ; ; ;12;165,555614280183
3354569;1;6;1; ; ; ; ; ; ; ; ; ; ; ; ;12;165,555614280183
3354570;1;1;2;2;52; ;2; ; ;1;2; ; ;1; ;12;1084,23406774012
3354570;1;2;1; ; ; ; ; ; ; ; ; ; ; ; ;12;1084,23406774012
3354571;1;1;1; ; ; ; ; ; ; ; ; ; ; ; ;12;1155,90533020101
3354571;1;2;1; ; ; ; ; ; ; ; ; ; ; ; ;12;1155,90533020101
3354571;1;3;1; ; ; ; ; ; ; ; ; ; ; ; ;12;1155,90533020101
3354571;1;4;2;2;52; ;2; ; ;1;2; ; ;1; ;12;1155,90533020101
3354572;1;1;2;2;76; ;2; ; ;1;2; ; ;1; ;12;737,91739997989
3354573;1;1;2;2;19; ;3;19; ;1;2; ; ;1; ;12;1164,67471830582
3354573;1;2;2;2;19; ;3;19; ;1;2; ; ;1; ;12;1164,67471830582
3354573;1;3;2;2;19; ;3;19; ;1;2; ; ;1; ;12;1164,67471830582
3354574;1;1;2;2;11; ;2; ; ;1;2; ; ;1; ;12;1408,42898294034
3354574;1;2;2;2;11; ;3;11; ;1;2; ; ;1; ;12;1408,42898294034
3354574;1;3;1; ; ; ; ; ; ; ; ; ; ; ; ;12;1408,42898294034
3354574;1;4;1; ; ; ; ; ; ; ; ; ; ; ; ;12;1408,42898294034
3354575;1;1;1; ; ; ; ; ; ; ; ; ; ; ; ;12;718,336617477564
3354575;1;2;2;2;76; ;2; ; ;1;2; ; ;1; ;12;718,336617477564
3354576;1;1;2;2;63; ;2; ; ;1;2; ; ;1; ;12;521,509368191736
3354576;1;2;2;2;76; ;2; ; ;1;2; ; ;1; ;12;521,509368191736
3354576;1;3;2;2;66; ;3;66; ;1;3;66; ;1; ;12;521,509368191736
3354576;1;4;2;2;66; ;3;66; ;1;3;66; ;1; ;12;521,509368191736
3354578;1;1;2;2;19; ;2; ; ;1;2; ; ;1; ;12;737,91739997989
3354579;1;1;2;2;41; ;2; ; ;1;2; ; ;1; ;12;1042,46956149922
3354579;1;2;1; ; ; ; ; ; ; ; ; ; ; ; ;12;1042,46956149922
3354579;1;3;1; ; ; ; ; ; ; ; ; ; ; ; ;12;1042,46956149922
3354579;1;4;1; ; ; ; ; ; ; ; ; ; ; ; ;12;1042,46956149922
3354580;1;1;1; ; ; ; ; ; ; ; ; ; ; ; ;12;521,509368191736
3354580;1;2;2;2;76; ;2; ; ;1;2; ; ;1; ;12;521,509368191736
3354581;1;1;1; ; ; ; ; ; ; ; ; ; ; ; ;12;926,561300600078
3354581;1;2;1; ; ; ; ; ; ; ; ; ; ; ; ;12;926,561300600078
3354581;1;3;1; ; ; ; ; ; ; ; ; ; ; ; ;12;926,561300600078
3354582;1;1;1; ; ; ; ; ; ; ; ; ; ; ; ;12;981,673447640241
3354582;1;2;2;2;73; ;2; ; ;1;2; ; ;1; ;12;981,673447640241
3354582;1;3;1; ; ; ; ; ; ; ; ; ; ; ; ;12;981,673447640241
3354583;1;1;1; ; ; ; ; ; ; ; ; ; ; ; ;12;804,356143793481
3354583;1;2;1; ; ; ; ; ; ; ; ; ; ; ; ;12;804,356143793481
3354583;1;3;1; ; ; ; ; ; ; ; ; ; ; ; ;12;804,356143793481
3354583;1;4;2;2;76; ;2; ; ;1;2; ; ;1; ;12;804,356143793481
3354584;1;1;2;2;08; ;2; ; ;1;2; ; ;1; ;12;1141,52645499817
3354585;1;1;1; ; ; ; ; ; ; ; ; ; ; ; ;12;1003,33935632531
3354585;1;2;1; ; ; ; ; ; ; ; ; ; ; ; ;12;1003,33935632531
3354585;1;3;1; ; ; ; ; ; ; ; ; ; ; ; ;12;1003,33935632531
3354586;1;1;2;2;52; ;2; ; ;1;2; ; ;1; ;12;637,441906062752
3354586;1;2;2;2;52; ;2; ; ;1;2; ; ;1; ;12;637,441906062752
3354586;1;3;2;2;76; ;2; ; ;1;2; ; ;1; ;12;637,441906062752
3354587;1;1;2;2;76; ;2; ; ;1;2; ; ;1; ;12;899,370112840698
3354587;1;2;2;2;76; ;2; ; ;1;2; ; ;1; ;12;899,370112840698
3354587;1;3;2;2;95; ;2; ; ;1;2; ; ;1; ;12;899,370112840698
3354587;1;4;2;2;76; ;2; ; ;1;2; ; ;1; ;12;899,370112840698
3354587;1;5;1; ; ; ; ; ; ; ; ; ; ; ; ;12;899,370112840698
3354588;1;1;2;2;27; ;2; ; ;1;2; ; ;1; ;12;1323,97855077949
3354588;1;2;2;2;19; ;2; ; ;1;2; ; ;1; ;12;1323,97855077949
3354588;1;3;1; ; ; ; ; ; ; ; ; ; ; ; ;12;1323,97855077949
3354588;1;4;1; ; ; ; ; ; ; ; ; ; ; ; ;12;1323,97855077949
3354588;1;5;1; ; ; ; ; ; ; ; ; ; ; ; ;12;1323,97855077949
3354589;1;1;2;2;19; ;2; ; ;1;2; ; ;1; ;12;1461,6164745681
3354589;1;2;2;2;05; ;2; ; ;1;2; ; ;1; ;12;1461,6164745681
3354589;1;3;1; ; ; ; ; ; ; ; ; ; ; ; ;12;1461,6164745681
3354589;1;4;1; ; ; ; ; ; ; ; ; ; ; ; ;12;1461,6164745681
3354589;1;5;1; ; ; ; ; ; ; ; ; ; ; ; ;12;1461,6164745681
3354589;1;6;1; ; ; ; ; ; ; ; ; ; ; ; ;12;1461,6164745681
3354589;1;7;1; ; ; ; ; ; ; ; ; ; ; ; ;12;1461,6164745681
3354590;1;1;2;2;19; ;3;19; ;1;2; ; ;1; ;12;1142,94505541636
3354590;1;2;2;2;19; ;3;19; ;2;3;19; ;2;1;12;1142,94505541636
3354591;1;1;2;2;76; ;2; ; ;1;2; ; ;1; ;12;737,91739997989
3354592;1;1;2;2;11; ;2; ; ;1;2; ; ;1; ;12;942,543242466333
3354592;1;2;2;2;19; ;2; ; ;1;2; ; ;1; ;12;942,543242466333
3354593;1;1;2;2;68; ;2; ; ;1;2; ; ;1; ;12;737,91739997989
3354594;1;1;1; ; ; ; ; ; ; ; ; ; ; ; ;12;1110,93805179381
3354594;1;2;1; ; ; ; ; ; ; ; ; ; ; ; ;12;1110,93805179381
3354594;1;3;1; ; ; ; ; ; ; ; ; ; ; ; ;12;1110,93805179381
3354594;1;4;1; ; ; ; ; ; ; ; ; ; ; ; ;12;1110,93805179381
3354595;1;1;2;2;52; ;2; ; ;1;2; ; ;1; ;12;1258,01188945178
3354595;1;2;1; ; ; ; ; ; ; ; ; ; ; ; ;12;1258,01188945178
3354595;1;3;1; ; ; ; ; ; ; ; ; ; ; ; ;12;1258,01188945178
3354595;1;4;1; ; ; ; ; ; ; ; ; ; ; ; ;12;1258,01188945178
3354595;1;5;2;2;19; ;2; ; ;1;2; ; ;1; ;12;1258,01188945178
3354596;1;1;2;2;52; ;2; ; ;1;2; ; ;1; ;12;820,44317672833
3354596;1;2;2;2;76; ;2; ; ;1;2; ; ;1; ;12;820,44317672833
3354596;1;3;1; ; ; ; ; ; ; ; ; ; ; ; ;12;820,44317672833
3354597;1;1;2;2;19; ;2; ; ;1;2; ; ;1; ;12;1084,23406774012
3354597;1;2;1; ; ; ; ; ; ; ; ; ; ; ; ;12;1084,23406774012
3354598;1;1;2;2;76; ;2; ; ;1;2; ; ;1; ;12;358,313375987882
3354598;1;2;2;2;73; ;2; ; ;1;2; ; ;1; ;12;358,313375987882
3354598;1;3;1; ; ; ; ; ; ; ; ; ; ; ; ;12;358,313375987882
3354599;1;1;2;2;73; ;2; ; ;1;2; ; ;1; ;12;420,542753296442
3354599;1;2;1; ; ; ; ; ; ; ; ; ; ; ; ;12;420,542753296442
3354600;1;1;1; ; ; ; ; ; ; ; ; ; ; ; ;12;276,13126142636
3354600;1;2;2;2;73; ;3;73; ;1;2; ; ;1; ;12;276,13126142636
3354600;1;3;2;2;73; ;3;73; ;1;2; ; ;1; ;12;276,13126142636
3354600;1;4;1; ; ; ; ; ; ; ; ; ; ; ; ;12;276,13126142636
3354601;1;1;2;2;63; ;2; ; ;2;2; ; ;1; ;12;281,844456606239
3354601;1;2;2;2;73; ;2; ; ;2;2; ; ;1; ;12;281,844456606239
3354601;1;3;1; ; ; ; ; ; ; ; ; ; ; ; ;12;281,844456606239
3354601;1;4;1; ; ; ; ; ; ; ; ; ; ; ; ;12;281,844456606239
3354602;1;1;1; ; ; ; ; ; ; ; ; ; ; ; ;12;314,951994579167
3354602;1;2;2;2;76; ;2; ; ;1;2; ; ;1; ;12;314,951994579167
3354602;1;3;1; ; ; ; ; ; ; ; ; ; ; ; ;12;314,951994579167
3354603;1;1;1; ; ; ; ; ; ; ; ; ; ; ; ;12;266,574770126084
3354603;1;2;2;2;73; ;2; ; ;1;2; ; ;1; ;12;266,574770126084
3354603;1;3;1; ; ; ; ; ; ; ; ; ; ; ; ;12;266,574770126084
3354604;1;1;2;2;50; ;2; ; ;1;2; ; ;1; ;12;281,544191597373
3354604;1;2;2;2;76; ;2; ; ;1;2; ; ;1; ;12;281,544191597373
3354604;1;3;1; ; ; ; ; ; ; ; ; ; ; ; ;12;281,544191597373
3354605;1;1;2;2;41; ;2; ; ;1;2; ; ;1; ;12;210,271376648221
3354605;1;2;2;2;73; ;2; ; ;1;2; ; ;1; ;12;210,271376648221
3354606;1;1;2;2;73; ;2; ; ;1;2; ; ;1; ;12;198,700870584604
3354606;1;2;2;1; ; ;2; ; ;1;2; ; ;1; ;12;198,700870584604
3354607;1;1;1; ; ; ; ; ; ; ; ; ; ; ; ;12;288,978354135103
3354608;1;1;2;2;73; ;2; ; ;1;2; ; ;1; ;12;198,700870584604
3354608;1;2;2;2;73; ;2; ; ;1;2; ; ;1; ;12;198,700870584604
3354609;1;1;1; ; ; ; ; ; ; ; ; ; ; ; ;12;295,060892272707
3354609;1;2;2;2;73; ;2; ; ;1;2; ; ;1; ;12;295,060892272707
3354610;1;1;2;2;11; ;3;11; ;1;2; ; ;1; ;12;246,758705574624
3354610;1;2;2;1; ; ;3;11; ;1;2; ; ;1; ;12;246,758705574624
3354611;1;1;2;1; ; ;3;66; ;1;2; ; ;1; ;12;290,120086983339
3354611;1;2;2;1; ; ;3;66; ;1;2; ; ;1; ;12;290,120086983339
3354612;1;1;2;2;73; ;2; ; ;1;2; ; ;1; ;12;198,700870584604
3354612;1;2;2;2;25; ;2; ; ;1;2; ; ;1; ;12;198,700870584604
3354613;1;1;2;2;73; ;2; ; ;1;2; ; ;1; ;12;442,073553317015
3354613;1;2;2;2;68; ;3;68; ;1;2; ; ;1; ;12;442,073553317015
3354614;1;1;2;2;68; ;2; ; ;1;2; ; ;1; ;12;434,373880204873
3354614;1;2;2;2;68; ;2; ; ;1;2; ; ;1; ;12;434,373880204873
3354614;1;3;1; ; ; ; ; ; ; ; ; ; ; ; ;12;434,373880204873
3354615;1;1;2;2;68; ;2; ; ;1;2; ; ;1; ;12;471,396807061045
3354615;1;2;1; ; ; ; ; ; ; ; ; ; ; ; ;12;471,396807061045
3354615;1;3;1; ; ; ; ; ; ; ; ; ; ; ; ;12;471,396807061045
3354615;1;4;1; ; ; ; ; ; ; ; ; ; ; ; ;12;471,396807061045
3354616;1;1;2;2;68; ;2; ; ;1;2; ; ;1; ;12;547,712230840778
3354616;1;2;2;2;68; ;2; ; ;1;2; ; ;1; ;12;547,712230840778
3354617;1;1;2;2;68; ;2; ; ;1;2; ; ;1; ;12;475,95202761977
3354617;1;2;1; ; ; ; ; ; ; ; ; ; ; ; ;12;475,95202761977
3354617;1;3;1; ; ; ; ; ; ; ; ; ; ; ; ;12;475,95202761977
3354617;1;4;1; ; ; ; ; ; ; ; ; ; ; ; ;12;475,95202761977
3354617;1;5;2;2;68; ;2; ; ;1;2; ; ;1; ;12;475,95202761977
3354617;1;6;1; ; ; ; ; ; ; ; ; ; ; ; ;12;475,95202761977
3354617;1;7;2;2;68; ;2; ; ;1;2; ; ;1; ;12;475,95202761977
3354618;1;1;1; ; ; ; ; ; ; ; ; ; ; ; ;12;512,858430670127
3354618;1;2;1; ; ; ; ; ; ; ; ; ; ; ; ;12;512,858430670127
3354618;1;3;2;1; ; ;2; ; ;1;2; ; ;1; ;12;512,858430670127
3354618;1;4;1; ; ; ; ; ; ; ; ; ; ; ; ;12;512,858430670127
3354619;1;1;2;2;68; ;2; ; ;1;2; ; ;1; ;12;595,189777726566
3354619;1;2;2;2;68; ;2; ; ;1;2; ; ;1; ;12;595,189777726566
3354619;1;3;2;2;68; ;2; ; ;1;2; ; ;1; ;12;595,189777726566
3354619;1;4;2;2;68; ;2; ; ;1;2; ; ;1; ;12;595,189777726566
3354619;1;5;2;2;68; ;2; ; ;1;2; ; ;1; ;12;595,189777726566
3354620;1;1;2;2;68; ;2; ; ;1;2; ; ;1; ;12;392,764439360973
3354620;1;2;2;2;68; ;2; ; ;1;2; ; ;1; ;12;392,764439360973
3354620;1;3;2;2;68; ;3;76; ;1;2; ; ;1; ;12;392,764439360973
3354621;1;1;2;2;68; ;2; ; ;1;2; ; ;1; ;12;519,657844472354
3354621;1;2;2;2;68; ;2; ; ;1;2; ; ;1; ;12;519,657844472354
3354621;1;3;2;2;50; ;2; ; ;1;2; ; ;1; ;12;519,657844472354
3354622;1;1;1; ; ; ; ; ; ; ; ; ; ; ; ;12;523,581331495218
3354622;1;2;2;2;68; ;3;68; ;1;2; ; ;1; ;12;523,581331495218
3354622;1;3;1; ; ; ; ; ; ; ; ; ; ; ; ;12;523,581331495218
3354623;1;1;2;2;68; ;3;68; ;1;2; ; ;1; ;12;556,191699702177
3354623;1;2;2;2;68; ;3;68; ;1;2; ; ;1; ;12;556,191699702177
3354623;1;3;2;2;68; ;3;68; ;1;2; ; ;1; ;12;556,191699702177
3354623;1;4;2;2;68; ;3;68; ;1;2; ; ;1; ;12;556,191699702177
3354624;1;1;2;2;68; ;3;68; ;1;2; ; ;1; ;12;487,62770190721
3354624;1;2;2;2;68; ;3;68; ;1;2; ; ;1; ;12;487,62770190721
3354624;1;3;2;2;68; ;3;68; ;1;2; ; ;1; ;12;487,62770190721
3354624;1;4;2;2;68; ;3;68; ;1;2; ; ;1; ;12;487,62770190721
3354624;1;5;2;3; ;3;3;68; ;1;2; ; ;1; ;12;487,62770190721
3354625;1;1;1; ; ; ; ; ; ; ; ; ; ; ; ;12;475,372808236343
3354625;1;2;2;2;68; ;2; ; ;1;2; ; ;1; ;12;475,372808236343
3354625;1;3;1; ; ; ; ; ; ; ; ; ; ; ; ;12;475,372808236343
3354626;1;1;2;2;68; ;2; ; ;1;2; ; ;1; ;12;495,526945126795
3354626;1;2;2;2;13; ;2; ; ;1;2; ; ;1; ;12;495,526945126795
3354626;1;3;2;2;13; ;2; ; ;1;2; ; ;1; ;12;495,526945126795
3354626;1;4;2;2;68; ;2; ; ;1;2; ; ;1; ;12;495,526945126795
3354627;1;1;1; ; ; ; ; ; ; ; ; ; ; ; ;12;456,58138125484
3354627;1;2;2;2;68; ;2; ; ;1;2; ; ;1; ;12;456,58138125484
3354628;1;1;2;2;68; ;3;68; ;1;2; ; ;1; ;12;475,372808236343
3354628;1;2;2;2;54; ;3;68; ;1;2; ; ;1; ;12;475,372808236343
3354628;1;3;1; ; ; ; ; ; ; ; ; ; ; ; ;12;475,372808236343
3354629;1;1;1; ; ; ; ; ; ; ; ; ; ; ; ;12;462,874326350476
3354629;1;2;1; ; ; ; ; ; ; ; ; ; ; ; ;12;462,874326350476
3354629;1;3;1; ; ; ; ; ; ; ; ; ; ; ; ;12;462,874326350476
3354629;1;4;1; ; ; ; ; ; ; ; ; ; ; ; ;12;462,874326350476
3354630;1;1;1; ; ; ; ; ; ; ; ; ; ; ; ;12;483,895288946911
3354630;1;2;1; ; ; ; ; ; ; ; ; ; ; ; ;12;483,895288946911
3354630;1;3;1; ; ; ; ; ; ; ; ; ; ; ; ;12;483,895288946911
3354631;1;1;2;1; ; ;2; ; ;1;2; ; ;1; ;12;400,663682580558
3354631;1;2;1; ; ; ; ; ; ; ; ; ; ; ; ;12;400,663682580558
3354632;1;1;1; ; ; ; ; ; ; ; ; ; ; ; ;12;489,828122021733
3354632;1;2;2;2;47; ;2; ; ;1;2; ; ;1; ;12;489,828122021733
3354632;1;3;1; ; ; ; ; ; ; ; ; ; ; ; ;12;489,828122021733
3354632;1;4;1; ; ; ; ; ; ; ; ; ; ; ; ;12;489,828122021733
3354633;1;1;2;1; ; ;2; ; ;1;2; ; ;1; ;12;205,406172149998
3354633;1;2;2;2;52; ;2; ; ;1;2; ; ;1; ;12;205,406172149998
3354634;1;1;2;2;52; ;3;52; ;2;2; ; ;1; ;12;230,898959589244
3354634;1;2;2;2;52; ;3;52; ;2;2; ; ;1; ;12;230,898959589244
3354634;1;3;2;2;52; ;3;52; ;2;2; ; ;1; ;12;230,898959589244
3354634;1;4;2;2;52; ;3;52; ;2;2; ; ;1; ;12;230,898959589244
3354635;1;1;1; ; ; ; ; ; ; ; ; ; ; ; ;12;170,619312179549
3354635;1;2;1; ; ; ; ; ; ; ; ; ; ; ; ;12;170,619312179549
3354635;1;3;1; ; ; ; ; ; ; ; ; ; ; ; ;12;170,619312179549
3354636;1;1;1; ; ; ; ; ; ; ; ; ; ; ; ;12;207,111755337268
3354637;1;1;2;2;52; ;2; ; ;1;2; ; ;1; ;12;155,769818760827
3354637;1;2;2;1; ; ;3;52; ;2;2; ; ;1; ;12;155,769818760827
3354637;1;3;2;1; ; ;2; ; ;1;3;66; ;1; ;12;155,769818760827
3354637;1;4;1; ; ; ; ; ; ; ; ; ; ; ; ;12;155,769818760827
3354637;1;5;1; ; ; ; ; ; ; ; ; ; ; ; ;12;155,769818760827
3354638;1;1;2;2;86; ;2; ; ;1;2; ; ;1; ;12;177,372298569348
3354638;1;2;2;2;86; ;2; ; ;1;2; ; ;1; ;12;177,372298569348
3354638;1;3;1; ; ; ; ; ; ; ; ; ; ; ; ;12;177,372298569348
3354639;1;1;2;1; ; ;2; ; ;1;2; ; ;1; ;12;170,619312179549
3354639;1;2;1; ; ; ; ; ; ; ; ; ; ; ; ;12;170,619312179549
3354639;1;3;1; ; ; ; ; ; ; ; ; ; ; ; ;12;170,619312179549
3354640;1;1;2;2;86; ;3;52; ;2;2; ; ;1; ;12;181,912859142958
3354640;1;2;2;1; ; ;3;52; ;2;2; ; ;1; ;12;181,912859142958
3354641;1;1;2;2;05; ;2; ; ;1;2; ; ;1; ;12;268,182242158782
3354641;1;2;2;2;52; ;2; ; ;1;2; ; ;1; ;12;268,182242158782
3354641;1;3;1; ; ; ; ; ; ; ; ; ; ; ; ;12;268,182242158782
3354641;1;4;1; ; ; ; ; ; ; ; ; ; ; ; ;12;268,182242158782
3354642;1;1;2;2;52; ;2; ; ;1;2; ; ;1; ;12;166,021061771737
3354642;1;2;1; ; ; ; ; ; ; ; ; ; ; ; ;12;166,021061771737
3354642;1;3;1; ; ; ; ; ; ; ; ; ; ; ; ;12;166,021061771737
3354642;1;4;1; ; ; ; ; ; ; ; ; ; ; ; ;12;166,021061771737
3354643;1;1;2;2;52; ;2; ; ;1;2; ; ;1; ;12;191,660212819417
3354643;1;2;2;2;52; ;2; ; ;1;2; ; ;1; ;12;191,660212819417
3354644;1;1;2;1; ; ;2; ; ;2;2; ; ;1; ;12;205,406172149998
3354644;1;2;1; ; ; ; ; ; ; ; ; ; ; ; ;12;205,406172149998
3354645;1;1;2;2;52; ;2; ; ;1;2; ; ;1; ;12;217,656889593114
3354645;1;2;2;2;52; ;2; ; ;1;2; ; ;1; ;12;217,656889593114
3354645;1;3;1; ; ; ; ; ; ; ; ; ; ; ; ;12;217,656889593114
3354646;1;1;1; ; ; ; ; ; ; ; ; ; ; ; ;12;148,174154588492
3354647;1;1;2;1; ; ;3;76; ;1;2; ; ;1; ;12;207,111755337268
3354649;1;1;2;1; ; ;2; ; ;1;2; ; ;1; ;12;178,392752612597
3354649;1;2;2;1; ; ;2; ; ;1;2; ; ;1; ;12;178,392752612597
3354649;1;3;2;1; ; ;2; ; ;1;4; ;11; ;4;12;178,392752612597
3354649;1;4;1; ; ; ; ; ; ; ; ; ; ; ; ;12;178,392752612597
3354649;1;5;1; ; ; ; ; ; ; ; ; ; ; ; ;12;178,392752612597
3354650;1;1;1; ; ; ; ; ; ; ; ; ; ; ; ;12;135,175024437812
3354650;1;2;1; ; ; ; ; ; ; ; ; ; ; ; ;12;135,175024437812
3354650;1;3;1; ; ; ; ; ; ; ; ; ; ; ; ;12;135,175024437812
3354651;1;1;2;2;52; ;2; ; ;1;2; ; ;1; ;12;204,844592981345
3354651;1;2;2;2;52; ;2; ; ;1;2; ; ;1; ;12;204,844592981345
3354651;1;3;2;2;76; ;2; ; ;1;2; ; ;1; ;12;204,844592981345
3354652;1;1;2;2;52; ;2; ; ;1;2; ; ;1; ;12;141,1130103445
3354652;1;2;2;2;52; ;2; ; ;1;2; ; ;1; ;12;141,1130103445
3354652;1;3;2;3; ;3;2; ; ;1;2; ; ;1; ;12;141,1130103445
3354653;1;1;2;2;52; ;3;52; ;1;2; ; ;1; ;12;162,22891390569
3354653;1;2;2;2;52; ;3;52; ;1;2; ; ;1; ;12;162,22891390569
3354654;1;1;2;2;52; ;2; ; ;1;2; ; ;1; ;12;148,174154588492
3354655;1;1;2;2;63; ;2; ; ;1;2; ; ;1; ;12;294,551002482638
3354655;1;2;1; ; ; ; ; ; ; ; ; ; ; ; ;12;294,551002482638
3354655;1;3;1; ; ; ; ; ; ; ; ; ; ; ; ;12;294,551002482638
3354655;1;4;2;2;52; ;2; ; ;1;2; ; ;1; ;12;294,551002482638
3354655;1;5;1; ; ; ; ; ; ; ; ; ; ; ; ;12;294,551002482638
3354655;1;6;1; ; ; ; ; ; ; ; ; ; ; ; ;12;294,551002482638
3354660;1;1;1; ; ; ; ; ; ; ; ; ; ; ; ;12;171,001124978334
3354660;1;2;1; ; ; ; ; ; ; ; ; ; ; ; ;12;171,001124978334
3354661;1;1;2;2;17; ;2; ; ;1;2; ; ;1; ;12;188,113314834208
3354661;1;2;2;2;17; ;2; ; ;1;2; ; ;1; ;12;188,113314834208
3354662;1;1;1; ; ; ; ; ; ; ; ; ; ; ; ;12;171,001124978334
3354662;1;2;1; ; ; ; ; ; ; ; ; ; ; ; ;12;171,001124978334
3354663;1;1;2;2;17; ;2; ; ;1;2; ; ;1; ;12;255,939344632928
3354663;1;2;2;2;17; ;2; ; ;1;2; ; ;1; ;12;255,939344632928
3354663;1;3;2;2;76; ;2; ; ;1;2; ; ;1; ;12;255,939344632928
3354663;1;4;2;2;17; ;2; ; ;1;2; ; ;1; ;12;255,939344632928
3354663;1;5;2;2;17; ;2; ; ;1;2; ; ;1; ;12;255,939344632928
3354664;1;1;1; ; ; ; ; ; ; ; ; ; ; ; ;12;125,741929093585
3354664;1;2;1; ; ; ; ; ; ; ; ; ; ; ; ;12;125,741929093585
3354664;1;3;1; ; ; ; ; ; ; ; ; ; ; ; ;12;125,741929093585
3354664;1;4;1; ; ; ; ; ; ; ; ; ; ; ; ;12;125,741929093585
3354664;1;5;2;2;17; ;2; ; ;1;2; ; ;1; ;12;125,741929093585
3354665;1;1;2;2;66; ;2; ; ;1;2; ; ;1; ;12;177,216953014952
3354665;1;2;2;2;66; ;2; ; ;1;2; ; ;1; ;12;177,216953014952
3354665;1;3;1; ; ; ; ; ; ; ; ; ; ; ; ;12;177,216953014952
3354665;1;4;1; ; ; ; ; ; ; ; ; ; ; ; ;12;177,216953014952
3354666;1;1;1; ; ; ; ; ; ; ; ; ; ; ; ;12;308,6836252492
3354666;1;2;1; ; ; ; ; ; ; ; ; ; ; ; ;12;308,6836252492
3354666;1;3;1; ; ; ; ; ; ; ; ; ; ; ; ;12;308,6836252492
3354666;1;4;1; ; ; ; ; ; ; ; ; ; ; ; ;12;308,6836252492
3354667;1;1;1; ; ; ; ; ; ; ; ; ; ; ; ;12;160,36701281153
3354667;1;2;1; ; ; ; ; ; ; ; ; ; ; ; ;12;160,36701281153
3354667;1;3;1; ; ; ; ; ; ; ; ; ; ; ; ;12;160,36701281153
3354667;1;4;1; ; ; ; ; ; ; ; ; ; ; ; ;12;160,36701281153
3354668;1;1;1; ; ; ; ; ; ; ; ; ; ; ; ;12;171,471356861394
3354669;1;1;1; ; ; ; ; ; ; ; ; ; ; ; ;12;185,924146410851
3354669;1;2;2;2;05; ;2; ; ;1;2; ; ;1; ;12;185,924146410851
3354669;1;3;2;2;05; ;2; ; ;1;2; ; ;1; ;12;185,924146410851
3354670;1;1;1; ; ; ; ; ; ; ; ; ; ; ; ;12;169,556170964604
3354670;1;2;1; ; ; ; ; ; ; ; ; ; ; ; ;12;169,556170964604
3354670;1;3;1; ; ; ; ; ; ; ; ; ; ; ; ;12;169,556170964604
3354670;1;4;1; ; ; ; ; ; ; ; ; ; ; ; ;12;169,556170964604
3354671;1;1;2;1; ; ;3;54; ;1;2; ; ;1; ;12;157,817370916994
3354671;1;2;1; ; ; ; ; ; ; ; ; ; ; ; ;12;157,817370916994
3354671;1;3;1; ; ; ; ; ; ; ; ; ; ; ; ;12;157,817370916994
3354672;1;1;1; ; ; ; ; ; ; ; ; ; ; ; ;12;173,704620446028
3354672;1;2;1; ; ; ; ; ; ; ; ; ; ; ; ;12;173,704620446028
3354672;1;3;1; ; ; ; ; ; ; ; ; ; ; ; ;12;173,704620446028
3354672;1;4;1; ; ; ; ; ; ; ; ; ; ; ; ;12;173,704620446028
3354673;1;1;1; ; ; ; ; ; ; ; ; ; ; ; ;12;240,522420590131
3354673;1;2;1; ; ; ; ; ; ; ; ; ; ; ; ;12;240,522420590131
3354673;1;3;1; ; ; ; ; ; ; ; ; ; ; ; ;12;240,522420590131
3354673;1;4;1; ; ; ; ; ; ; ; ; ; ; ; ;12;240,522420590131
3354674;1;1;2;2;68; ;2; ; ;1;2; ; ;1; ;12;193,953284731745
3354674;1;2;1; ; ; ; ; ; ; ; ; ; ; ; ;12;193,953284731745
3354674;1;3;1; ; ; ; ; ; ; ; ; ; ; ; ;12;193,953284731745
3354674;1;4;1; ; ; ; ; ; ; ; ; ; ; ; ;12;193,953284731745
3354675;1;1;1; ; ; ; ; ; ; ; ; ; ; ; ;12;156,422479053764
3354675;1;2;1; ; ; ; ; ; ; ; ; ; ; ; ;12;156,422479053764
3354675;1;3;1; ; ; ; ; ; ; ; ; ; ; ; ;12;156,422479053764
3354675;1;4;1; ; ; ; ; ; ; ; ; ; ; ; ;12;156,422479053764
3354676;1;1;2;2;44; ;2; ; ;1;2; ; ;1; ;12;220,231011262919
3354676;1;2;2;2;44; ;2; ; ;1;2; ; ;1; ;12;220,231011262919
3354676;1;3;1; ; ; ; ; ; ; ; ; ; ; ; ;12;220,231011262919
3354676;1;4;2;2;44; ;2; ; ;1;2; ; ;1; ;12;220,231011262919
3354676;1;5;2;2;44; ;2; ; ;1;2; ; ;1; ;12;220,231011262919
3354676;1;6;2;2;44; ;2; ; ;1;2; ; ;1; ;12;220,231011262919
3354678;1;1;2;2;47; ;2; ; ;1;2; ; ;1; ;12;288,472983964964
3354678;1;2;1; ; ; ; ; ; ; ; ; ; ; ; ;12;288,472983964964
3354678;1;3;1; ; ; ; ; ; ; ; ; ; ; ; ;12;288,472983964964
3354678;1;4;1; ; ; ; ; ; ; ; ; ; ; ; ;12;288,472983964964
3354678;1;5;1; ; ; ; ; ; ; ; ; ; ; ; ;12;288,472983964964
3354679;1;1;2;1; ; ;2; ; ;1;2; ; ;1; ;12;180,959077058563
3354679;1;2;1; ; ; ; ; ; ; ; ; ; ; ; ;12;180,959077058563
3354679;1;3;1; ; ; ; ; ; ; ; ; ; ; ; ;12;180,959077058563
3354680;1;1;2;2;47; ;3;20; ;1;2; ; ;1; ;12;204,386506775381
3354680;1;2;2;2;47; ;3;20; ;1;2; ; ;1; ;12;204,386506775381
3354680;1;3;1; ; ; ; ; ; ; ; ; ; ; ; ;12;204,386506775381
3354683;1;1;1; ; ; ; ; ; ; ; ; ; ; ; ;12;240,522420590131
3354683;1;2;1; ; ; ; ; ; ; ; ; ; ; ; ;12;240,522420590131
3354683;1;3;1; ; ; ; ; ; ; ; ; ; ; ; ;12;240,522420590131
3354683;1;4;1; ; ; ; ; ; ; ; ; ; ; ; ;12;240,522420590131
3354684;1;1;1; ; ; ; ; ; ; ; ; ; ; ; ;12;172,503993179797
3354684;1;2;2;2;47; ;2; ; ;1;2; ; ;1; ;12;172,503993179797
3354684;1;3;1; ; ; ; ; ; ; ; ; ; ; ; ;12;172,503993179797
3354684;1;4;1; ; ; ; ; ; ; ; ; ; ; ; ;12;172,503993179797
3354685;1;1;1; ; ; ; ; ; ; ; ; ; ; ; ;12;180,955900595855
3354686;1;1;1; ; ; ; ; ; ; ; ; ; ; ; ;12;167,822208685015
3354687;1;1;2;2;05; ;2; ; ;1;2; ; ;1; ;12;173,714935742813
3354687;1;2;1; ; ; ; ; ; ; ; ; ; ; ; ;12;173,714935742813
3354687;1;3;1; ; ; ; ; ; ; ; ; ; ; ; ;12;173,714935742813
3354688;1;1;1; ; ; ; ; ; ; ; ; ; ; ; ;12;180,94558529907
3354688;1;2;2;2;47; ;2; ; ;1;2; ; ;1; ;12;180,94558529907
3354689;1;1;1; ; ; ; ; ; ; ; ; ; ; ; ;12;180,94558529907
3354689;1;2;2;1; ; ;2; ; ;1;2; ; ;1; ;12;180,94558529907
3354690;1;1;1; ; ; ; ; ; ; ; ; ; ; ; ;12;167,822208685015
3354691;1;1;1; ; ; ; ; ; ; ; ; ; ; ; ;12;134,210829735555
3354691;1;2;1; ; ; ; ; ; ; ; ; ; ; ; ;12;134,210829735555
3354691;1;3;1; ; ; ; ; ; ; ; ; ; ; ; ;12;134,210829735555
3354691;1;4;1; ; ; ; ; ; ; ; ; ; ; ; ;12;134,210829735555
3354693;1;1;2;2;54; ;2; ; ;1;2; ; ;1; ;12;451,829156559907
3354693;1;2;1; ; ; ; ; ; ; ; ; ; ; ; ;12;451,829156559907
3354693;1;3;1; ; ; ; ; ; ; ; ; ; ; ; ;12;451,829156559907
3354693;1;4;1; ; ; ; ; ; ; ; ; ; ; ; ;12;451,829156559907
3354694;1;1;2;2;54; ;2; ; ;1;2; ; ;1; ;12;334,568145249249
3354694;1;2;1; ; ; ; ; ; ; ; ; ; ; ; ;12;334,568145249249
3354695;1;1;2;2;54; ;2; ; ;1;2; ; ;1; ;12;288,235895551873
3354695;1;2;2;2;05; ;2; ; ;1;2; ; ;1; ;12;288,235895551873
3354696;1;1;2;2;25; ;2; ; ;1;2; ; ;1; ;12;325,239091591602
3354696;1;2;1; ; ; ; ; ; ; ; ; ; ; ; ;12;325,239091591602
3354696;1;3;1; ; ; ; ; ; ; ; ; ; ; ; ;12;325,239091591602
3354697;1;1;2;2;54; ;2; ; ;1;2; ; ;1; ;12;234,331165717144
3354697;1;2;2;2;54; ;2; ; ;1;2; ; ;1; ;12;234,331165717144
3354697;1;3;1; ; ; ; ; ; ; ; ; ; ; ; ;12;234,331165717144
3354697;1;4;1; ; ; ; ; ; ; ; ; ; ; ; ;12;234,331165717144
3354697;1;5;1; ; ; ; ; ; ; ; ; ; ; ; ;12;234,331165717144
3354697;1;6;1; ; ; ; ; ; ; ; ; ; ; ; ;12;234,331165717144
3354698;1;1;2;2;54; ;2; ; ;1;2; ; ;1; ;12;421,106621638762
3354698;1;2;1; ; ; ; ; ; ; ; ; ; ; ; ;12;421,106621638762
3354699;1;1;2;2;20; ;2; ; ;1;2; ; ;1; ;12;437,965055595427
3354699;1;2;2;2;20; ;2; ; ;1;2; ; ;1; ;12;437,965055595427
3354699;1;3;1; ; ; ; ; ; ; ; ; ; ; ; ;12;437,965055595427
3354699;1;4;1; ; ; ; ; ; ; ; ; ; ; ; ;12;437,965055595427
3354700;1;1;2;2;54; ;2; ; ;1;2; ; ;1; ;12;349,754807004821
3354700;1;2;2;2;54; ;2; ; ;1;2; ; ;1; ;12;349,754807004821
3354700;1;3;2;2;54; ;2; ; ;1;2; ; ;1; ;12;349,754807004821
3354700;1;4;2;2;54; ;2; ; ;1;2; ; ;1; ;12;349,754807004821
3354700;1;5;1; ; ; ; ; ; ; ; ; ; ; ; ;12;349,754807004821
3354701;1;1;2;2;54; ;2; ; ;1;2; ; ;1; ;12;347,959356607662
3354701;1;2;2;2;54; ;2; ; ;1;2; ; ;1; ;12;347,959356607662
3354701;1;3;1; ; ; ; ; ; ; ; ; ; ; ; ;12;347,959356607662
3354701;1;4;1; ; ; ; ; ; ; ; ; ; ; ; ;12;347,959356607662
3354702;1;1;2;2;68; ;2; ; ;1;2; ; ;1; ;12;297,104935689344
3354703;1;1;1; ; ; ; ; ; ; ; ; ; ; ; ;12;342,097525548267
3354703;1;2;1; ; ; ; ; ; ; ; ; ; ; ; ;12;342,097525548267
3354703;1;3;1; ; ; ; ; ; ; ; ; ; ; ; ;12;342,097525548267
3354703;1;4;2;2;54; ;2; ; ;1;2; ; ;1; ;12;342,097525548267
3354703;1;5;1; ; ; ; ; ; ; ; ; ; ; ; ;12;342,097525548267
3354704;1;1;1; ; ; ; ; ; ; ; ; ; ; ; ;12;472,584150395451
3354704;1;2;1; ; ; ; ; ; ; ; ; ; ; ; ;12;472,584150395451
3354704;1;3;1; ; ; ; ; ; ; ; ; ; ; ; ;12;472,584150395451
3354704;1;4;1; ; ; ; ; ; ; ; ; ; ; ; ;12;472,584150395451
3354704;1;5;1; ; ; ; ; ; ; ; ; ; ; ; ;12;472,584150395451
3354705;1;1;1; ; ; ; ; ; ; ; ; ; ; ; ;12;383,643412078857
3354706;1;1;2;2;68; ;2; ; ;1;2; ; ;1; ;12;265,936767179123
3354706;1;2;2;2;54; ;2; ; ;1;2; ; ;1; ;12;265,936767179123
3354706;1;3;2;2;54; ;2; ; ;1;2; ; ;1; ;12;265,936767179123
3354707;1;1;2;2;54; ;2; ; ;1;2; ; ;1; ;12;281,520851434233
3354707;1;2;1; ; ; ; ; ; ; ; ; ; ; ; ;12;281,520851434233
3354708;1;1;2;2;54; ;2; ; ;1;2; ; ;1; ;12;288,235895551873
3354708;1;2;2;2;54; ;2; ; ;1;2; ; ;1; ;12;288,235895551873
3354709;1;1;2;2;54; ;2; ; ;1;2; ; ;1; ;12;382,679549035335
3354709;1;2;2;2;05; ;2; ; ;1;2; ; ;1; ;12;382,679549035335
3354709;1;3;1; ; ; ; ; ; ; ; ; ; ; ; ;12;382,679549035335
3354709;1;4;2;2;05; ;2; ; ;1;2; ; ;1; ;12;382,679549035335
3354709;1;5;1; ; ; ; ; ; ; ; ; ; ; ; ;12;382,679549035335
3354709;1;6;1; ; ; ; ; ; ; ; ; ; ; ; ;12;382,679549035335
3354710;1;1;2;2;54; ;2; ; ;1;2; ; ;1; ;12;368,059327823747
3354710;1;2;1; ; ; ; ; ; ; ; ; ; ; ; ;12;368,059327823747
3354711;1;1;2;2;68; ;2; ; ;1;2; ; ;1; ;12;393,809382486299
3354711;1;2;1; ; ; ; ; ; ; ; ; ; ; ; ;12;393,809382486299
3354711;1;3;1; ; ; ; ; ; ; ; ; ; ; ; ;12;393,809382486299
3354711;1;4;1; ; ; ; ; ; ; ; ; ; ; ; ;12;393,809382486299
3354712;1;1;2;2;68; ;2; ; ;1;2; ; ;1; ;12;297,104935689344
3354713;1;1;2;3; ;4;2; ; ;1;2; ; ;1; ;12;95,510951028254
3354713;1;2;2;3; ;4;2; ; ;1;2; ; ;1; ;12;95,510951028254
3354713;1;3;1; ; ; ; ; ; ; ; ; ; ; ; ;12;95,510951028254
3354713;1;4;1; ; ; ; ; ; ; ; ; ; ; ; ;12;95,510951028254
3354714;1;1;2;2;54; ;2; ; ;1;2; ; ;1; ;12;297,104935689344
3354715;1;1;2;2;54; ;2; ; ;1;2; ; ;1; ;12;408,110916402538
3354715;1;2;1; ; ; ; ; ; ; ; ; ; ; ; ;12;408,110916402538
3354715;1;3;1; ; ; ; ; ; ; ; ; ; ; ; ;12;408,110916402538
3354716;1;1;1; ; ; ; ; ; ; ; ; ; ; ; ;12;465,236664226768
3354716;1;2;1; ; ; ; ; ; ; ; ; ; ; ; ;12;465,236664226768
3354716;1;3;1; ; ; ; ; ; ; ; ; ; ; ; ;12;465,236664226768
3354717;1;1;2;2;68; ;3;68; ;2;2; ; ;1; ;12;438,376858026065
3354717;1;2;2;2;68; ;1; ; ; ;2; ; ;1; ;12;438,376858026065
3354717;1;3;2;2;81; ;2; ; ;1;2; ; ;1; ;12;438,376858026065
3354717;1;4;1; ; ; ; ; ; ; ; ; ; ; ; ;12;438,376858026065
3354718;1;1;1; ; ; ; ; ; ; ; ; ; ; ; ;12;458,495989588008
3354718;1;2;1; ; ; ; ; ; ; ; ; ; ; ; ;12;458,495989588008
3354718;1;3;1; ; ; ; ; ; ; ; ; ; ; ; ;12;458,495989588008
3354718;1;4;1; ; ; ; ; ; ; ; ; ; ; ; ;12;458,495989588008
3354719;1;1;1; ; ; ; ; ; ; ; ; ; ; ; ;12;403,36854136382
3354719;1;2;2;2;54; ;2; ; ;1;2; ; ;1; ;12;403,36854136382
3354719;1;3;1; ; ; ; ; ; ; ; ; ; ; ; ;12;403,36854136382
3354719;1;4;1; ; ; ; ; ; ; ; ; ; ; ; ;12;403,36854136382
3354720;1;1;1; ; ; ; ; ; ; ; ; ; ; ; ;12;297,104935689344
3354721;1;1;1; ; ; ; ; ; ; ; ; ; ; ; ;12;453,549139850537
3354721;1;2;1; ; ; ; ; ; ; ; ; ; ; ; ;12;453,549139850537
3354721;1;3;1; ; ; ; ; ; ; ; ; ; ; ; ;12;453,549139850537
3354722;1;1;2;2;54; ;2; ; ;1;2; ; ;1; ;12;366,365345324091
3354722;1;2;2;2;54; ;2; ; ;1;2; ; ;1; ;12;366,365345324091
3354722;1;3;2;2;54; ;2; ; ;1;2; ; ;1; ;12;366,365345324091
3354723;1;1;2;2;17; ;2; ; ;1;2; ; ;1; ;12;123,503634493821
3354723;1;2;2;2;52; ;2; ; ;1;2; ; ;1; ;12;123,503634493821
3354723;1;3;2;2;18; ;2; ; ;1;3;18; ;1; ;12;123,503634493821
3354724;1;1;1; ; ; ; ; ; ; ; ; ; ; ; ;12;162,009242024041
3354724;1;2;2;1; ; ;2; ; ;1;2; ; ;1; ;12;162,009242024041
3354724;1;3;1; ; ; ; ; ; ; ; ; ; ; ; ;12;162,009242024041
3354724;1;4;2;2;76; ;2; ; ;1;2; ; ;1; ;12;162,009242024041
3354725;1;1;2;1; ; ;3;76; ;1;2; ; ;1; ;12;133,251529194459
3354726;1;1;1; ; ; ; ; ; ; ; ; ; ; ; ;12;65,5254440916518
3354726;1;2;1; ; ; ; ; ; ; ; ; ; ; ; ;12;65,5254440916518
3354726;1;3;2;1; ; ;3;63; ;1;2; ; ;1; ;12;65,5254440916518
3354726;1;4;1; ; ; ; ; ; ; ; ; ; ; ; ;12;65,5254440916518
3354726;1;5;2;1; ; ;3;11; ;1;3;11; ;1; ;12;65,5254440916518
3354726;1;6;2;2;11; ;1; ; ; ;3;11; ;1; ;12;65,5254440916518
3354727;1;1;2;1; ; ;3;11; ;1;2; ; ;1; ;12;157,401823631513
3354727;1;2;2;2;11; ;3;11; ;1;2; ; ;1; ;12;157,401823631513
3354727;1;3;2;2;63; ;2; ; ;1;2; ; ;1; ;12;157,401823631513
3354728;1;1;2;1; ; ;2; ; ;1;4; ;3; ;1;12;213,072829039337
3354728;1;2;2;2;63; ;2; ; ;1;2; ; ;1; ;12;213,072829039337
3354728;1;3;1; ; ; ; ; ; ; ; ; ; ; ; ;12;213,072829039337
3354728;1;4;1; ; ; ; ; ; ; ; ; ; ; ; ;12;213,072829039337
3354729;1;1;2;2;76; ;2; ; ;1;2; ; ;1; ;12;149,903298826926
3354729;1;2;1; ; ; ; ; ; ; ; ; ; ; ; ;12;149,903298826926
3354731;1;1;2;2;17; ;2; ; ;1;2; ; ;1; ;12;65,5254440916518
3354731;1;2;2;2;66; ;2; ; ;1;2; ; ;1; ;12;65,5254440916518
3354731;1;3;2;1; ; ;2; ; ;1;2; ; ;1; ;12;65,5254440916518
3354731;1;4;1; ; ; ; ; ; ; ; ; ; ; ; ;12;65,5254440916518
3354731;1;5;1; ; ; ; ; ; ; ; ; ; ; ; ;12;65,5254440916518
3354732;1;1;2;2;76; ;2; ; ;1;2; ; ;1; ;12;81,8015114752719
3354732;1;2;1; ; ; ; ; ; ; ; ; ; ; ; ;12;81,8015114752719
3354732;1;3;1; ; ; ; ; ; ; ; ; ; ; ; ;12;81,8015114752719
3354733;1;1;1; ; ; ; ; ; ; ; ; ; ; ; ;12;92,9909529490437
3354733;1;2;1; ; ; ; ; ; ; ; ; ; ; ; ;12;92,9909529490437
3354733;2;1;2;2;17; ;2; ; ;1;2; ; ;1; ;12;92,9909529490437
3354734;1;1;2;1; ; ;2; ; ;1;2; ; ;1; ;12;93,6332467871909
3354734;1;2;1; ; ; ; ; ; ; ; ; ; ; ; ;12;93,6332467871909
3354735;1;1;1; ; ; ; ; ; ; ; ; ; ; ; ;12;213,072829039337
3354735;1;2;2;2;11; ;2; ; ;1;2; ; ;1; ;12;213,072829039337
3354735;1;3;1; ; ; ; ; ; ; ; ; ; ; ; ;12;213,072829039337
3354735;1;4;1; ; ; ; ; ; ; ; ; ; ; ; ;12;213,072829039337
3354736;1;1;2;2;11; ;3;11; ;1;2; ; ;1; ;12;376,530945461679
3354736;1;2;2;2;11; ;3;11; ;1;2; ; ;1; ;12;376,530945461679
3354736;1;3;2;2;11; ;3;11; ;1;2; ; ;1; ;12;376,530945461679
3354736;1;4;2;2;11; ;3;11; ;1;2; ; ;1; ;12;376,530945461679
3354736;1;5;2;2;11; ;3;11; ;1;2; ; ;1; ;12;376,530945461679
3354737;1;1;2;2;73; ;2; ; ;1;2; ; ;1; ;12;297,104935689344
3354738;1;1;1; ; ; ; ; ; ; ; ; ; ; ; ;12;447,294109253074
3354738;1;2;2;2;68; ;2; ; ;1;2; ; ;1; ;12;447,294109253074
3354738;1;3;1; ; ; ; ; ; ; ; ; ; ; ; ;12;447,294109253074
3354739;1;1;2;2;54; ;2; ; ;1;2; ; ;1; ;12;575,375874707577
3354739;1;2;2;2;54; ;3;54; ;2;2; ; ;1; ;12;575,375874707577
3354739;1;3;2;2;54; ;3;54; ;1;2; ; ;1; ;12;575,375874707577
3354739;1;4;2;2;54; ;1; ; ; ;2; ; ;1; ;12;575,375874707577
3354739;1;5;2;2;54; ;1; ; ; ;2; ; ;1; ;12;575,375874707577
3354739;1;6;2;2;54; ;2; ; ;1;2; ; ;1; ;12;575,375874707577
3354739;1;7;2;2;81; ;2; ; ;1;2; ; ;1; ;12;575,375874707577
3354740;1;1;2;2;54; ;2; ; ;1;2; ; ;1; ;12;453,549139850537
3354740;1;2;2;2;54; ;2; ; ;1;2; ; ;1; ;12;453,549139850537
3354740;1;3;2;2;54; ;2; ; ;1;2; ; ;1; ;12;453,549139850537
3354741;1;1;2;2;54; ;2; ; ;1;2; ; ;1; ;12;274,828387885011
3354741;1;2;2;2;54; ;2; ; ;1;2; ; ;1; ;12;274,828387885011
3354741;1;3;2;2;54; ;2; ; ;1;2; ; ;1; ;12;274,828387885011
3354742;1;1;1; ; ; ; ; ; ; ; ; ; ; ; ;12;465,236664226768
3354742;1;2;1; ; ; ; ; ; ; ; ; ; ; ; ;12;465,236664226768
3354742;1;3;1; ; ; ; ; ; ; ; ; ; ; ; ;12;465,236664226768
3354743;1;1;2;2;54; ;3;13; ;2;2; ; ;1; ;12;430,435675296408
3354744;1;1;2;2;54; ;2; ; ;1;2; ; ;1; ;12;334,568145249249
3354744;1;2;2;2;54; ;3;54; ;1;2; ; ;1; ;12;334,568145249249
3354746;1;1;2;2;76; ;2; ; ;1;2; ; ;1; ;12;125,1723025089
3354746;1;2;2;2;63; ;2; ; ;1;2; ; ;1; ;12;125,1723025089
3354746;1;3;2;2;63; ;3;18; ;1;2; ; ;1; ;12;125,1723025089
3354749;1;1;1; ; ; ; ; ; ; ; ; ; ; ; ;12;116,949036888128
3354749;1;2;1; ; ; ; ; ; ; ; ; ; ; ; ;12;116,949036888128
3354749;1;3;1; ; ; ; ; ; ; ; ; ; ; ; ;12;116,949036888128
3354750;1;1;2;2;70; ;2; ; ;1;2; ; ;1; ;12;78,3585078958956
3354750;1;2;2;2;23; ;2; ; ;1;2; ; ;1; ;12;78,3585078958956
3354751;1;1;2;2;70; ;2; ; ;1;2; ; ;1; ;12;120,076261086123
3354751;1;2;1; ; ; ; ; ; ; ; ; ; ; ; ;12;120,076261086123
3354751;1;3;2;1; ; ;3;47; ;1;2; ; ;1; ;12;120,076261086123
3354751;1;4;1; ; ; ; ; ; ; ; ; ; ; ; ;12;120,076261086123
3354752;1;1;2;2;70; ;2; ; ;1;2; ; ;1; ;12;93,5498126639458
3354752;1;2;1; ; ; ; ; ; ; ; ; ; ; ; ;12;93,5498126639458
3354752;1;3;2;2;70; ;2; ; ;1;2; ; ;1; ;12;93,5498126639458
3354752;1;4;1; ; ; ; ; ; ; ; ; ; ; ; ;12;93,5498126639458
3354753;1;1;1; ; ; ; ; ; ; ; ; ; ; ; ;12;116,463068703393
3354754;1;1;2;2;23; ;2; ; ;1;2; ; ;1; ;12;117,127228754046
3354754;1;2;2;2;23; ;2; ; ;1;2; ; ;1; ;12;117,127228754046
3354754;1;3;2;2;11; ;2; ; ;1;2; ; ;1; ;12;117,127228754046
3354754;1;4;1; ; ; ; ; ; ; ; ; ; ; ; ;12;117,127228754046
3354755;1;1;2;1; ; ;2; ; ;1;2; ; ;1; ;12;127,580767514321
3354755;1;2;2;2;23; ;2; ; ;1;2; ; ;1; ;12;127,580767514321
3354755;1;3;1; ; ; ; ; ; ; ; ; ; ; ; ;12;127,580767514321
3354756;1;1;1; ; ; ; ; ; ; ; ; ; ; ; ;12;85,489625988701
3354756;1;2;1; ; ; ; ; ; ; ; ; ; ; ; ;12;85,489625988701
3354756;1;3;1; ; ; ; ; ; ; ; ; ; ; ; ;12;85,489625988701
3354756;1;4;1; ; ; ; ; ; ; ; ; ; ; ; ;12;85,489625988701
3354756;1;5;1; ; ; ; ; ; ; ; ; ; ; ; ;12;85,489625988701
3354757;1;1;1; ; ; ; ; ; ; ; ; ; ; ; ;12;118,305373595472
3354757;1;2;1; ; ; ; ; ; ; ; ; ; ; ; ;12;118,305373595472
3354757;1;3;1; ; ; ; ; ; ; ; ; ; ; ; ;12;118,305373595472
3354757;1;4;1; ; ; ; ; ; ; ; ; ; ; ; ;12;118,305373595472
3354758;1;1;1; ; ; ; ; ; ; ; ; ; ; ; ;12;126,101127469945
3354758;1;2;2;2;23; ;3;23; ;1;3;23; ;1; ;12;126,101127469945
3354759;1;1;2;2;13; ;2; ; ;1;2; ; ;1; ;12;85,4820086137042
3354759;1;2;2;2;70; ;2; ; ;1;2; ; ;1; ;12;85,4820086137042
3354760;1;1;2;2;13; ;3;70; ;1;2; ; ;1; ;12;74,3532097234951
3354760;1;2;1; ; ; ; ; ; ; ; ; ; ; ; ;12;74,3532097234951
3354760;1;3;2;2;70; ;3;70; ;1;2; ; ;1; ;12;74,3532097234951
3354761;1;1;2;2;70; ;2; ; ;1;2; ; ;1; ;12;86,6477995624171
3354761;1;2;1; ; ; ; ; ; ; ; ; ; ; ; ;12;86,6477995624171
3354761;1;3;1; ; ; ; ; ; ; ; ; ; ; ; ;12;86,6477995624171
3354762;1;1;2;2;70; ;2; ; ;1;2; ; ;1; ;12;85,4820086137042
3354762;1;2;2;2;13; ;2; ; ;1;2; ; ;1; ;12;85,4820086137042
3354763;1;1;2;1; ; ;2; ; ;1;2; ; ;1; ;12;108,486152622148
3354763;1;2;2;1; ; ;2; ; ;1;2; ; ;1; ;12;108,486152622148
3354763;1;3;1; ; ; ; ; ; ; ; ; ; ; ; ;12;108,486152622148
3354763;1;4;1; ; ; ; ; ; ; ; ; ; ; ; ;12;108,486152622148
3354764;1;1;2;2;05; ;3;05; ;1;2; ; ;1; ;12;88,3942525193183
3354764;1;2;2;2;13; ;2; ; ;1;2; ; ;1; ;12;88,3942525193183
3354764;1;3;1; ; ; ; ; ; ; ; ; ; ; ; ;12;88,3942525193183
3354764;1;4;1; ; ; ; ; ; ; ; ; ; ; ; ;12;88,3942525193183
3354764;1;5;1; ; ; ; ; ; ; ; ; ; ; ; ;12;88,3942525193183
3354765;1;1;2;2;13; ;2; ; ;1;2; ; ;1; ;12;99,3329997569153
3354765;1;2;2;2;70; ;2; ; ;1;2; ; ;1; ;12;99,3329997569153
3354765;1;3;1; ; ; ; ; ; ; ; ; ; ; ; ;12;99,3329997569153
3354765;1;4;1; ; ; ; ; ; ; ; ; ; ; ; ;12;99,3329997569153
3354765;1;5;1; ; ; ; ; ; ; ; ; ; ; ; ;12;99,3329997569153
3354766;1;1;1; ; ; ; ; ; ; ; ; ; ; ; ;12;94,8738733853247
3354767;1;1;2;2;70; ;2; ; ;1;2; ; ;1; ;12;85,9831810978313
3354767;1;2;2;2;70; ;2; ; ;1;2; ; ;1; ;12;85,9831810978313
3354767;1;3;2;2;70; ;2; ; ;1;2; ; ;1; ;12;85,9831810978313
3354767;1;4;2;2;70; ;2; ; ;1;2; ; ;1; ;12;85,9831810978313
3354768;1;1;1; ; ; ; ; ; ; ; ; ; ; ; ;12;67,2278075423707
3354768;1;2;2;2;70; ;2; ; ;1;2; ; ;1; ;12;67,2278075423707
3354768;1;3;1; ; ; ; ; ; ; ; ; ; ; ; ;12;67,2278075423707
3354768;1;4;1; ; ; ; ; ; ; ; ; ; ; ; ;12;67,2278075423707
3354769;1;1;2;2;70; ;2; ; ;1;2; ; ;1; ;12;100,407111324414
3354769;1;2;2;2;70; ;2; ; ;1;2; ; ;1; ;12;100,407111324414
3354769;1;3;1; ; ; ; ; ; ; ; ; ; ; ; ;12;100,407111324414
3354769;1;4;1; ; ; ; ; ; ; ; ; ; ; ; ;12;100,407111324414
3354770;1;1;2;2;23; ;3;11; ;1;3;11; ;1; ;12;96,6203263422258
3354770;1;2;2;2;18; ;3;18; ;1;3;23; ;1; ;12;96,6203263422258
3354770;1;3;2;2;11; ;1; ; ; ;3;23; ;1; ;12;96,6203263422258
3354771;1;1;2;2;13; ;2; ; ;1;2; ; ;1; ;12;81,0446212363002
3354771;1;2;2;2;23; ;2; ; ;1;2; ; ;1; ;12;81,0446212363002
3354771;1;3;1; ; ; ; ; ; ; ; ; ; ; ; ;12;81,0446212363002
3354771;1;4;1; ; ; ; ; ; ; ; ; ; ; ; ;12;81,0446212363002
3354772;1;1;2;2;23; ;2; ; ;1;2; ; ;1; ;12;83,7697331060847
3354772;1;2;1; ; ; ; ; ; ; ; ; ; ; ; ;12;83,7697331060847
3354772;1;3;1; ; ; ; ; ; ; ; ; ; ; ; ;12;83,7697331060847
3354773;1;1;2;2;05; ;3;23; ;2;3;11; ;1; ;12;90,6266736609541
3354773;1;2;2;2;11; ;3;23; ;2;3;11; ;1; ;12;90,6266736609541
3354773;1;3;2;2;23; ;1; ; ; ;3;11; ;1; ;12;90,6266736609541
3354773;1;4;2;2;11; ;1; ; ; ;3;11; ;1; ;12;90,6266736609541
3354773;1;5;2;1; ; ;2; ; ;1;2; ; ;1; ;12;90,6266736609541
3354773;1;6;2;2;05; ;2; ; ;1;2; ; ;1; ;12;90,6266736609541
3354773;1;7;1; ; ; ; ; ; ; ; ; ; ; ; ;12;90,6266736609541
3354773;1;8;1; ; ; ; ; ; ; ; ; ; ; ; ;12;90,6266736609541
3354773;1;9;1; ; ; ; ; ; ; ; ; ; ; ; ;12;90,6266736609541
3354774;1;1;2;2;70; ;2; ; ;1;2; ; ;1; ;12;54,767330555786
3354774;1;2;2;2;70; ;2; ; ;1;2; ; ;1; ;12;54,767330555786
3354774;1;3;2;2;23; ;3;08; ;1;2; ; ;1; ;12;54,767330555786
3354774;1;4;2;2;08; ;3;08; ;1;2; ; ;1; ;12;54,767330555786
3354774;1;5;2;2;70; ;2; ; ;1;2; ; ;1; ;12;54,767330555786
3354775;1;1;1; ; ; ; ; ; ; ; ; ; ; ; ;12;68,9931151217615
3354775;1;2;1; ; ; ; ; ; ; ; ; ; ; ; ;12;68,9931151217615
3354775;1;3;1; ; ; ; ; ; ; ; ; ; ; ; ;12;68,9931151217615
3354775;1;4;1; ; ; ; ; ; ; ; ; ; ; ; ;12;68,9931151217615
3354775;2;1;1; ; ; ; ; ; ; ; ; ; ; ; ;12;68,9931151217615
3354775;2;2;1; ; ; ; ; ; ; ; ; ; ; ; ;12;68,9931151217615
3354775;3;1;2;2;13; ;2; ; ;1;2; ; ;1; ;12;68,9931151217615
3354776;1;1;2;2;70; ;2; ; ;1;2; ; ;1; ;12;116,949036888128
3354776;1;2;1; ; ; ; ; ; ; ; ; ; ; ; ;12;116,949036888128
3354776;1;3;1; ; ; ; ; ; ; ; ; ; ; ; ;12;116,949036888128
3354777;1;1;2;2;70; ;2; ; ;1;2; ; ;1; ;12;68,6029988722051
3354777;1;2;1; ; ; ; ; ; ; ; ; ; ; ; ;12;68,6029988722051
3354777;1;3;1; ; ; ; ; ; ; ; ; ; ; ; ;12;68,6029988722051
3354777;1;4;1; ; ; ; ; ; ; ; ; ; ; ; ;12;68,6029988722051
3354777;1;5;1; ; ; ; ; ; ; ; ; ; ; ; ;12;68,6029988722051
3354777;1;6;1; ; ; ; ; ; ; ; ; ; ; ; ;12;68,6029988722051
3354778;1;1;1; ; ; ; ; ; ; ; ; ; ; ; ;12;101,987677133652
3354778;1;2;1; ; ; ; ; ; ; ; ; ; ; ; ;12;101,987677133652
3354778;1;3;1; ; ; ; ; ; ; ; ; ; ; ; ;12;101,987677133652
3354778;1;4;1; ; ; ; ; ; ; ; ; ; ; ; ;12;101,987677133652
3354778;1;5;1; ; ; ; ; ; ; ; ; ; ; ; ;12;101,987677133652
3354778;1;6;1; ; ; ; ; ; ; ; ; ; ; ; ;12;101,987677133652
3354778;1;7;1; ; ; ; ; ; ; ; ; ; ; ; ;12;101,987677133652
3354779;1;1;2;2;23; ;2; ; ;1;2; ; ;1; ;12;59,8721022420732
3354779;1;2;2;2;23; ;2; ; ;1;2; ; ;1; ;12;59,8721022420732
3354779;1;3;1; ; ; ; ; ; ; ; ; ; ; ; ;12;59,8721022420732
3354779;1;4;1; ; ; ; ; ; ; ; ; ; ; ; ;12;59,8721022420732
3354779;1;5;1; ; ; ; ; ; ; ; ; ; ; ; ;12;59,8721022420732
3354780;1;1;1; ; ; ; ; ; ; ; ; ; ; ; ;12;100,911440025618
3354780;1;2;1; ; ; ; ; ; ; ; ; ; ; ; ;12;100,911440025618
3354780;1;3;2;2;70; ;2; ; ;1;2; ; ;1; ;12;100,911440025618
3354780;1;4;1; ; ; ; ; ; ; ; ; ; ; ; ;12;100,911440025618
3354780;1;5;1; ; ; ; ; ; ; ; ; ; ; ; ;12;100,911440025618
3354780;1;6;1; ; ; ; ; ; ; ; ; ; ; ; ;12;100,911440025618
3354781;1;1;2;2;08; ;2; ; ;1;2; ; ;1; ;12;136,311526976241
3354781;1;2;2;2;23; ;2; ; ;1;2; ; ;1; ;12;136,311526976241
3354781;1;3;2;2;08; ;2; ; ;1;2; ; ;1; ;12;136,311526976241
3354782;1;1;2;1; ; ;2; ; ;1;2; ; ;1; ;12;135,430631049103
3354782;1;2;2;2;41; ;2; ; ;1;2; ; ;1; ;12;135,430631049103
3354782;1;3;1; ; ; ; ; ; ; ; ; ; ; ; ;12;135,430631049103
3354783;1;1;2;2;41; ;2; ; ;1;2; ; ;1; ;12;124,155609095988
3354783;1;2;1; ; ; ; ; ; ; ; ; ; ; ; ;12;124,155609095988
3354783;1;3;1; ; ; ; ; ; ; ; ; ; ; ; ;12;124,155609095988
3354784;1;1;2;2;41; ;2; ; ;1;2; ; ;1; ;12;124,068547343781
3354784;1;2;2;2;41; ;2; ; ;1;2; ; ;1; ;12;124,068547343781
3354784;1;3;2;2;41; ;2; ; ;1;2; ; ;1; ;12;124,068547343781
3354785;1;1;2;1; ; ;2; ; ;1;2; ; ;1; ;12;171,747310924704
3354785;1;2;2;2;20; ;2; ; ;1;2; ; ;1; ;12;171,747310924704
3354785;1;3;2;2;20; ;2; ; ;1;2; ; ;1; ;12;171,747310924704
3354785;1;4;2;2;20; ;2; ; ;1;2; ; ;1; ;12;171,747310924704
3354785;1;5;1; ; ; ; ; ; ; ; ; ; ; ; ;12;171,747310924704
3354785;1;6;1; ; ; ; ; ; ; ; ; ; ; ; ;12;171,747310924704
3354785;1;7;1; ; ; ; ; ; ; ; ; ; ; ; ;12;171,747310924704
3354785;1;8;2;2;11; ;3;11; ;1;2; ; ;1; ;12;171,747310924704
3354786;1;1;2;2;41; ;2; ; ;1;2; ; ;1; ;12;114,939664448773
3354787;1;1;2;2;73; ;2; ; ;1;2; ; ;1; ;12;135,242558323342
3354787;1;2;2;2;41; ;2; ; ;1;2; ; ;1; ;12;135,242558323342
3354787;1;3;1; ; ; ; ; ; ; ; ; ; ; ; ;12;135,242558323342
3354787;1;4;1; ; ; ; ; ; ; ; ; ; ; ; ;12;135,242558323342
3354788;1;1;2;1; ; ;2; ; ;1;2; ; ;1; ;12;227,451396810575
3354788;1;2;1; ; ; ; ; ; ; ; ; ; ; ; ;12;227,451396810575
3354788;1;3;1; ; ; ; ; ; ; ; ; ; ; ; ;12;227,451396810575
3354788;1;4;1; ; ; ; ; ; ; ; ; ; ; ; ;12;227,451396810575
3354789;1;1;2;2;76; ;2; ; ;1;2; ; ;1; ;12;224,442222641597
3354789;1;2;2;2;41; ;2; ; ;1;2; ; ;1; ;12;224,442222641597
3354789;1;3;1; ; ; ; ; ; ; ; ; ; ; ; ;12;224,442222641597
3354789;1;4;2;2;41; ;2; ; ;1;2; ; ;1; ;12;224,442222641597
3354789;1;5;1; ; ; ; ; ; ; ; ; ; ; ; ;12;224,442222641597
3354790;1;1;2;2;41; ;2; ; ;1;2; ; ;1; ;12;131,875938844329
3354790;1;2;1; ; ; ; ; ; ; ; ; ; ; ; ;12;131,875938844329
3354791;1;1;2;1; ; ;3;66; ;1;2; ; ;1; ;12;149,321322697917
3354791;1;2;2;2;66; ;3;66; ;1;2; ; ;1; ;12;149,321322697917
3354792;1;1;1; ; ; ; ; ; ; ; ; ; ; ; ;12;189,991712842846
3354792;1;2;1; ; ; ; ; ; ; ; ; ; ; ; ;12;189,991712842846
3354792;1;3;1; ; ; ; ; ; ; ; ; ; ; ; ;12;189,991712842846
3354792;1;4;1; ; ; ; ; ; ; ; ; ; ; ; ;12;189,991712842846
3354793;1;1;2;1; ; ;2; ; ;1;2; ; ;1; ;12;91,2532113441115
3354793;1;2;2;2;73; ;2; ; ;1;2; ; ;1; ;12;91,2532113441115
3354793;1;3;2;1; ; ;3;11; ;1;2; ; ;1; ;12;91,2532113441115
3354794;1;1;2;2;73; ;2; ; ;1;2; ; ;1; ;12;114,939664448773
3354795;1;1;2;2;41; ;2; ; ;1;2; ; ;1; ;12;105,143902992926
3354795;1;2;1; ; ; ; ; ; ; ; ; ; ; ; ;12;105,143902992926
3354796;1;1;2;2;41; ;2; ; ;1;2; ; ;1; ;12;155,152437663519
3354796;1;2;1; ; ; ; ; ; ; ; ; ; ; ; ;12;155,152437663519
3354797;1;1;2;1; ; ;3;76; ;1;2; ; ;1; ;12;137,113467492895
3354797;1;2;2;2;76; ;3;76; ;1;2; ; ;1; ;12;137,113467492895
3354797;1;3;2;2;76; ;3;76; ;1;2; ; ;1; ;12;137,113467492895
3354797;2;1;2;1; ; ;3;76; ;1;2; ; ;1; ;12;137,113467492895
3354797;2;2;2;1; ; ;3;76; ;1;2; ; ;1; ;12;137,113467492895
3354797;2;3;2;1; ; ;3;76; ;1;2; ; ;1; ;12;137,113467492895
3354797;2;4;2;2;76; ;2; ; ;1;2; ; ;1; ;12;137,113467492895
3354798;1;1;1; ; ; ; ; ; ; ; ; ; ; ; ;12;146,705653002219
3354798;1;2;1; ; ; ; ; ; ; ; ; ; ; ; ;12;146,705653002219
3354798;1;3;1; ; ; ; ; ; ; ; ; ; ; ; ;12;146,705653002219
3354799;1;1;2;1; ; ;2; ; ;1;2; ; ;1; ;12;123,826571263913
3354799;1;2;1; ; ; ; ; ; ; ; ; ; ; ; ;12;123,826571263913
3354801;1;1;2;2;66; ;2; ; ;1;2; ; ;1; ;12;125,704275504976
3354801;1;2;1; ; ; ; ; ; ; ; ; ; ; ; ;12;125,704275504976
3354801;1;3;1; ; ; ; ; ; ; ; ; ; ; ; ;12;125,704275504976
3354801;1;4;1; ; ; ; ; ; ; ; ; ; ; ; ;12;125,704275504976
3354802;1;1;2;2;63; ;2; ; ;1;2; ; ;1; ;12;65,5254440916518
3354802;1;2;2;2;63; ;2; ; ;1;2; ; ;1; ;12;65,5254440916518
3354802;1;3;2;2;63; ;2; ; ;1;2; ; ;1; ;12;65,5254440916518
3354802;1;4;2;2;63; ;2; ; ;1;2; ; ;1; ;12;65,5254440916518
3354802;1;5;2;2;63; ;2; ; ;1;2; ; ;1; ;12;65,5254440916518
3354802;1;6;2;2;63; ;2; ; ;1;2; ; ;1; ;12;65,5254440916518
3354802;1;7;1; ; ; ; ; ; ; ; ; ; ; ; ;12;65,5254440916518
3354802;1;8;1; ; ; ; ; ; ; ; ; ; ; ; ;12;65,5254440916518
3354803;1;1;2;2;76; ;2; ; ;1;2; ; ;1; ;12;129,57358453121
3354803;1;2;2;3; ;11;2; ; ;1;2; ; ;1; ;12;129,57358453121
3354803;1;3;2;3; ;1;2; ; ;1;2; ; ;1; ;12;129,57358453121
3354803;1;4;1; ; ; ; ; ; ; ; ; ; ; ; ;12;129,57358453121
3354803;1;5;2;2;76; ;3;76; ;1;2; ; ;1; ;12;129,57358453121
3354804;1;1;2;2;05; ;2; ; ;1;2; ; ;1; ;12;118,041306335125
3354804;1;2;2;2;05; ;2; ; ;1;2; ; ;1; ;12;118,041306335125
3354805;1;1;2;2;18; ;2; ; ;1;2; ; ;1; ;12;279,437152427776
3354805;1;2;1; ; ; ; ; ; ; ; ; ; ; ; ;12;279,437152427776
3354805;1;3;2;2;18; ;2; ; ;1;2; ; ;1; ;12;279,437152427776
3354805;1;4;2;2;18; ;2; ; ;1;2; ; ;1; ;12;279,437152427776
3354805;1;5;1; ; ; ; ; ; ; ; ; ; ; ; ;12;279,437152427776
3354805;1;6;1; ; ; ; ; ; ; ; ; ; ; ; ;12;279,437152427776
3354806;1;1;1; ; ; ; ; ; ; ; ; ; ; ; ;12;255,771436348604
3354806;1;2;2;2;18; ;2; ; ;1;2; ; ;1; ;12;255,771436348604
3354806;1;3;1; ; ; ; ; ; ; ; ; ; ; ; ;12;255,771436348604
3354807;1;1;1; ; ; ; ; ; ; ; ; ; ; ; ;12;286,826965358334
3354807;1;2;2;2;18; ;3;86; ;2;2; ; ;1; ;12;286,826965358334
3354807;1;3;1; ; ; ; ; ; ; ; ; ; ; ; ;12;286,826965358334
3354808;1;1;2;2;41; ;2; ; ;1;2; ; ;1; ;12;75,1286696433218
3354808;1;2;1; ; ; ; ; ; ; ; ; ; ; ; ;12;75,1286696433218
3354809;1;1;1; ; ; ; ; ; ; ; ; ; ; ; ;12;66,7203687622471
3354809;1;2;1; ; ; ; ; ; ; ; ; ; ; ; ;12;66,7203687622471
3354809;1;3;1; ; ; ; ; ; ; ; ; ; ; ; ;12;66,7203687622471
3354809;1;4;2;2;18; ;2; ; ;1;2; ; ;1; ;12;66,7203687622471
3354809;1;5;1; ; ; ; ; ; ; ; ; ; ; ; ;12;66,7203687622471
3354810;1;1;2;2;76; ;3;18; ;1;2; ; ;1; ;12;46,2852891230873
3354810;1;2;2;2;41; ;3;18; ;1;2; ; ;1; ;12;46,2852891230873
3354810;1;3;2;2;18; ;3;18; ;1;2; ; ;1; ;12;46,2852891230873
3354810;1;4;1; ; ; ; ; ; ; ; ; ; ; ; ;12;46,2852891230873
3354811;1;1;2;2;73; ;2; ; ;1;2; ; ;1; ;12;75,1286696433218
3354811;1;2;2;2;73; ;2; ; ;1;2; ; ;1; ;12;75,1286696433218
3354812;1;1;2;2;18; ;2; ; ;1;2; ; ;1; ;12;44,0795078480457
3354812;1;2;2;2;76; ;2; ; ;1;2; ; ;1; ;12;44,0795078480457
3354812;1;3;1; ; ; ; ; ; ; ; ; ; ; ; ;12;44,0795078480457
3354812;1;4;2;2;18; ;3;18; ;2;2; ; ;1; ;12;44,0795078480457
3354812;1;5;1; ; ; ; ; ; ; ; ; ; ; ; ;12;44,0795078480457
3354813;1;1;2;2;18; ;2; ; ;1;2; ; ;1; ;12;74,4784762279363
3354814;1;1;2;2;41; ;2; ; ;1;2; ; ;1; ;12;63,1174923911873
3354814;1;2;1; ; ; ; ; ; ; ; ; ; ; ; ;12;63,1174923911873
3354815;1;1;2;2;63; ;2; ; ;1;2; ; ;1; ;12;67,9504790951683
3354815;1;2;2;2;63; ;2; ; ;1;2; ; ;1; ;12;67,9504790951683
3354816;1;1;2;1; ; ;3;18; ;1;2; ; ;1; ;12;66,7203687622471
3354816;1;2;1; ; ; ; ; ; ; ; ; ; ; ; ;12;66,7203687622471
3354816;1;3;2;2;18; ;3;18; ;1;2; ; ;1; ;12;66,7203687622471
3354816;1;4;2;2;18; ;3;18; ;1;2; ; ;1; ;12;66,7203687622471
3354816;1;5;1; ; ; ; ; ; ; ; ; ; ; ; ;12;66,7203687622471
3354817;1;1;1; ; ; ; ; ; ; ; ; ; ; ; ;12;80,9710527377866
3354817;1;2;1; ; ; ; ; ; ; ; ; ; ; ; ;12;80,9710527377866
3354817;1;3;1; ; ; ; ; ; ; ; ; ; ; ; ;12;80,9710527377866
3354817;1;4;1; ; ; ; ; ; ; ; ; ; ; ; ;12;80,9710527377866
3354818;1;1;2;2;41; ;2; ; ;1;2; ; ;1; ;12;75,1286696433218
3354818;1;2;1; ; ; ; ; ; ; ; ; ; ; ; ;12;75,1286696433218
3354819;1;1;2;1; ; ;2; ; ;1;2; ; ;1; ;12;60,8039397424541
3354819;1;2;1; ; ; ; ; ; ; ; ; ; ; ; ;12;60,8039397424541
3354820;1;1;1; ; ; ; ; ; ; ; ; ; ; ; ;12;47,5872386868342
3354820;1;2;1; ; ; ; ; ; ; ; ; ; ; ; ;12;47,5872386868342
3354820;1;3;1; ; ; ; ; ; ; ; ; ; ; ; ;12;47,5872386868342
3354820;1;4;1; ; ; ; ; ; ; ; ; ; ; ; ;12;47,5872386868342
3354821;1;1;1; ; ; ; ; ; ; ; ; ; ; ; ;12;54,7876565254436
3354821;1;2;1; ; ; ; ; ; ; ; ; ; ; ; ;12;54,7876565254436
3354821;1;3;1; ; ; ; ; ; ; ; ; ; ; ; ;12;54,7876565254436
3354822;1;1;2;2;41; ;2; ; ;1;2; ; ;1; ;12;47,5394817974395
3354822;1;2;1; ; ; ; ; ; ; ; ; ; ; ; ;12;47,5394817974395
3354822;1;3;1; ; ; ; ; ; ; ; ; ; ; ; ;12;47,5394817974395
3354822;1;4;2;2;18; ;3;18; ;2;2; ; ;1; ;12;47,5394817974395
3354822;1;5;1; ; ; ; ; ; ; ; ; ; ; ; ;12;47,5394817974395
3354822;1;6;1; ; ; ; ; ; ; ; ; ; ; ; ;12;47,5394817974395
3354823;1;1;2;1; ; ;3;18; ;2;2; ; ;1; ;12;49,1425037899041
3354823;1;2;2;2;41; ;2; ; ;1;2; ; ;1; ;12;49,1425037899041
3354823;1;3;1; ; ; ; ; ; ; ; ; ; ; ; ;12;49,1425037899041
3354823;1;4;2;1; ; ;2; ; ;1;2; ; ;1; ;12;49,1425037899041
3354823;1;5;2;1; ; ;2; ; ;1;2; ; ;1; ;12;49,1425037899041
3354823;1;6;1; ; ; ; ; ; ; ; ; ; ; ; ;12;49,1425037899041
3354823;1;7;1; ; ; ; ; ; ; ; ; ; ; ; ;12;49,1425037899041
3354824;1;1;2;2;18; ;2; ; ;1;2; ; ;1; ;12;70,5260865705195
3354824;1;2;2;2;18; ;2; ; ;1;2; ; ;1; ;12;70,5260865705195
3354824;1;3;2;2;18; ;2; ; ;1;2; ; ;1; ;12;70,5260865705195
3354824;1;4;2;2;18; ;2; ; ;1;2; ; ;1; ;12;70,5260865705195
3354825;1;1;2;2;18; ;2; ; ;1;2; ; ;1; ;12;60,4425300728533
3354825;1;2;2;2;76; ;2; ; ;1;2; ; ;1; ;12;60,4425300728533
3354825;1;3;1; ; ; ; ; ; ; ; ; ; ; ; ;12;60,4425300728533
3354826;1;1;2;2;41; ;2; ; ;1;2; ; ;1; ;12;63,1174923911873
3354826;1;2;1; ; ; ; ; ; ; ; ; ; ; ; ;12;63,1174923911873
3354827;1;1;1; ; ; ; ; ; ; ; ; ; ; ; ;12;70,3263267605055
3354827;1;2;1; ; ; ; ; ; ; ; ; ; ; ; ;12;70,3263267605055
3354827;1;3;1; ; ; ; ; ; ; ; ; ; ; ; ;12;70,3263267605055
3354827;1;4;1; ; ; ; ; ; ; ; ; ; ; ; ;12;70,3263267605055
3354827;1;5;1; ; ; ; ; ; ; ; ; ; ; ; ;12;70,3263267605055
3354828;1;1;2;2;18; ;2; ; ;1;2; ; ;1; ;12;50,5263982215171
3354828;1;2;2;2;41; ;3;41; ;1;2; ; ;1; ;12;50,5263982215171
3354828;1;3;1; ; ; ; ; ; ; ; ; ; ; ; ;12;50,5263982215171
3354828;1;4;1; ; ; ; ; ; ; ; ; ; ; ; ;12;50,5263982215171
3354828;1;5;1; ; ; ; ; ; ; ; ; ; ; ; ;12;50,5263982215171
3354828;1;6;1; ; ; ; ; ; ; ; ; ; ; ; ;12;50,5263982215171
3354829;1;1;2;2;18; ;2; ; ;1;2; ; ;1; ;12;60,8039397424541
3354829;1;2;1; ; ; ; ; ; ; ; ; ; ; ; ;12;60,8039397424541
3354830;1;1;2;1; ; ;2; ; ;1;2; ; ;1; ;12;51,0875677011319
3354830;1;2;1; ; ; ; ; ; ; ; ; ; ; ; ;12;51,0875677011319
3354830;1;3;1; ; ; ; ; ; ; ; ; ; ; ; ;12;51,0875677011319
3354830;1;4;1; ; ; ; ; ; ; ; ; ; ; ; ;12;51,0875677011319
3354831;1;1;1; ; ; ; ; ; ; ; ; ; ; ; ;12;69,5977326345607
3354831;1;2;2;2;41; ;2; ; ;1;2; ; ;1; ;12;69,5977326345607
3354831;1;3;1; ; ; ; ; ; ; ; ; ; ; ; ;12;69,5977326345607
3354832;1;1;1; ; ; ; ; ; ; ; ; ; ; ; ;12;70,8874962401203
3354832;1;2;1; ; ; ; ; ; ; ; ; ; ; ; ;12;70,8874962401203
3354832;1;3;1; ; ; ; ; ; ; ; ; ; ; ; ;12;70,8874962401203
3354833;1;1;2;2;05; ;3;47; ;1;3;05; ;1; ;12;70,4169777340238
3354833;1;2;2;2;05; ;3;44; ;1;3;05; ;1; ;12;70,4169777340238
3354833;1;3;2;2;05; ;1; ; ; ;3;05; ;1; ;12;70,4169777340238
3354834;1;1;2;2;41; ;2; ; ;1;2; ; ;1; ;12;70,7306305142299
3354834;1;2;2;2;41; ;2; ; ;1;2; ; ;1; ;12;70,7306305142299
3354834;1;3;1; ; ; ; ; ; ; ; ; ; ; ; ;12;70,7306305142299
3354834;1;4;2;2;41; ;2; ; ;1;2; ; ;1; ;12;70,7306305142299
3354835;1;1;1; ; ; ; ; ; ; ; ; ; ; ; ;12;74,4784762279363
3354836;1;1;2;2;17; ;2; ; ;1;2; ; ;1; ;12;76,9011377131652
3354836;1;2;1; ; ; ; ; ; ; ; ; ; ; ; ;12;76,9011377131652
3354837;1;1;2;2;05; ;2; ; ;1;2; ; ;1; ;12;66,817581215499
3354838;1;1;1; ; ; ; ; ; ; ; ; ; ; ; ;12;74,4784762279363
3354839;1;1;2;2;73; ;2; ; ;1;2; ; ;1; ;12;1023,43795388114
3354840;1;1;1; ; ; ; ; ; ; ; ; ; ; ; ;12;2283,05290999633
3354841;1;1;1; ; ; ; ; ; ; ; ; ; ; ; ;12;2526,36487384103
3354841;1;2;1; ; ; ; ; ; ; ; ; ; ; ; ;12;2526,36487384103
3354841;1;3;1; ; ; ; ; ; ; ; ; ; ; ; ;12;2526,36487384103
3354841;1;4;1; ; ; ; ; ; ; ; ; ; ; ; ;12;2526,36487384103
3354843;1;1;2;2;11; ;2; ; ;1;2; ; ;1; ;12;1141,52645499817
3354844;1;1;2;2;19; ;2; ; ;1;2; ; ;1; ;12;1224,05223174661
3354844;1;2;2;2;19; ;2; ; ;1;2; ; ;1; ;12;1224,05223174661
3354844;1;3;1; ; ; ; ; ; ; ; ; ; ; ; ;12;1224,05223174661
3354845;1;1;2;2;76; ;2; ; ;1;2; ; ;1; ;12;521,509368191736
3354845;1;2;2;2;76; ;2; ; ;1;2; ; ;1; ;12;521,509368191736
3354845;1;3;1; ; ; ; ; ; ; ; ; ; ; ; ;12;521,509368191736
3354845;1;4;1; ; ; ; ; ; ; ; ; ; ; ; ;12;521,509368191736
3354846;1;1;1; ; ; ; ; ; ; ; ; ; ; ; ;12;965,627751569599
3354846;1;2;1; ; ; ; ; ; ; ; ; ; ; ; ;12;965,627751569599
3354846;1;3;1; ; ; ; ; ; ; ; ; ; ; ; ;12;965,627751569599
3354847;1;1;2;2;52; ;2; ; ;1;2; ; ;1; ;12;1284,84834560559
3354847;1;2;2;2;27; ;2; ; ;1;2; ; ;1; ;12;1284,84834560559
3354847;1;3;1; ; ; ; ; ; ; ; ; ; ; ; ;12;1284,84834560559
3354847;1;4;2;2;27; ;3;27; ;2;2; ; ;1; ;12;1284,84834560559
3354849;1;1;2;2;76; ;2; ; ;1;2; ; ;1; ;12;1191,02397075394
3354849;1;2;1; ; ; ; ; ; ; ; ; ; ; ; ;12;1191,02397075394
3354849;1;3;1; ; ; ; ; ; ; ; ; ; ; ; ;12;1191,02397075394
3354849;1;4;1; ; ; ; ; ; ; ; ; ; ; ; ;12;1191,02397075394
3354849;1;5;1; ; ; ; ; ; ; ; ; ; ; ; ;12;1191,02397075394
3354849;1;6;1; ; ; ; ; ; ; ; ; ; ; ; ;12;1191,02397075394
3354850;1;1;2;2;73; ;2; ; ;1;2; ; ;1; ;12;186,579016460583
3354850;1;2;1; ; ; ; ; ; ; ; ; ; ; ; ;12;186,579016460583
3354850;1;3;1; ; ; ; ; ; ; ; ; ; ; ; ;12;186,579016460583
3354850;1;4;1; ; ; ; ; ; ; ; ; ; ; ; ;12;186,579016460583
3354850;1;5;1; ; ; ; ; ; ; ; ; ; ; ; ;12;186,579016460583
3354850;1;6;1; ; ; ; ; ; ; ; ; ; ; ; ;12;186,579016460583
3354851;1;1;2;2;68; ;2; ; ;1;2; ; ;1; ;12;202,320873648323
3354851;1;2;2;2;27; ;2; ; ;1;2; ; ;1; ;12;202,320873648323
3354851;1;3;2;2;05; ;2; ; ;1;2; ; ;1; ;12;202,320873648323
3354851;1;4;1; ; ; ; ; ; ; ; ; ; ; ; ;12;202,320873648323
3354851;1;5;1; ; ; ; ; ; ; ; ; ; ; ; ;12;202,320873648323
3354852;1;1;2;2;11; ;2; ; ;1;2; ; ;1; ;12;216,423674959289
3354852;1;2;1; ; ; ; ; ; ; ; ; ; ; ; ;12;216,423674959289
3354852;1;3;1; ; ; ; ; ; ; ; ; ; ; ; ;12;216,423674959289
3354852;1;4;1; ; ; ; ; ; ; ; ; ; ; ; ;12;216,423674959289
3354852;1;5;1; ; ; ; ; ; ; ; ; ; ; ; ;12;216,423674959289
3354853;1;1;2;2;25; ;2; ; ;1;2; ; ;1; ;12;248,95533818274
3354853;1;2;2;2;25; ;2; ; ;1;2; ; ;1; ;12;248,95533818274
3354853;1;3;2;2;11; ;2; ; ;1;2; ; ;1; ;12;248,95533818274
3354854;1;1;2;2;50; ;2; ; ;1;2; ; ;1; ;12;220,346492303814
3354854;1;2;1; ; ; ; ; ; ; ; ; ; ; ; ;12;220,346492303814
3354854;1;3;2;2;11; ;2; ; ;1;2; ; ;1; ;12;220,346492303814
3354854;1;4;2;2;11; ;2; ; ;1;2; ; ;1; ;12;220,346492303814
3354855;1;1;2;2;05; ;2; ; ;1;2; ; ;1; ;12;173,450023360504
3354855;1;2;2;2;76; ;2; ; ;1;2; ; ;1; ;12;173,450023360504
3354856;1;1;2;2;95; ;2; ; ;1;2; ; ;1; ;12;159,450252881015
3354856;1;2;1; ; ; ; ; ; ; ; ; ; ; ; ;12;159,450252881015
3354857;1;1;2;2;63; ;2; ; ;1;2; ; ;1; ;12;171,620739216225
3354857;1;2;1; ; ; ; ; ; ; ; ; ; ; ; ;12;171,620739216225
3354857;1;3;2;2;11; ;2; ; ;1;2; ; ;1; ;12;171,620739216225
3354857;1;4;2;2;11; ;2; ; ;1;2; ; ;1; ;12;171,620739216225
3354857;1;5;2;2;11; ;2; ; ;1;2; ; ;1; ;12;171,620739216225
3354857;1;6;1; ; ; ; ; ; ; ; ; ; ; ; ;12;171,620739216225
3354860;1;1;2;2;73; ;3;11; ;1;2; ; ;1; ;12;206,421218177345
3354860;1;2;2;2;76; ;3;11; ;1;2; ; ;1; ;12;206,421218177345
3354860;1;3;2;2;11; ;3;11; ;1;2; ; ;1; ;12;206,421218177345
3354860;1;4;1; ; ; ; ; ; ; ; ; ; ; ; ;12;206,421218177345
3354860;1;5;2;2;76; ;2; ; ;1;2; ; ;1; ;12;206,421218177345
3354861;1;1;2;2;11; ;2; ; ;1;2; ; ;1; ;12;184,410986907318
3354861;1;2;1; ; ; ; ; ; ; ; ; ; ; ; ;12;184,410986907318
3354862;1;1;2;2;50; ;2; ; ;1;2; ; ;1; ;12;227,020156635918
3354862;1;2;2;2;50; ;2; ; ;1;2; ; ;1; ;12;227,020156635918
3354862;1;3;2;2;50; ;2; ; ;1;2; ; ;1; ;12;227,020156635918
3354862;1;4;2;2;73; ;2; ; ;1;2; ; ;1; ;12;227,020156635918
3354863;1;1;2;2;73; ;2; ; ;1;2; ; ;1; ;12;229,585417969758
3354863;1;2;2;2;05; ;2; ; ;1;2; ; ;1; ;12;229,585417969758
3354863;1;3;1; ; ; ; ; ; ; ; ; ; ; ; ;12;229,585417969758
3354863;1;4;1; ; ; ; ; ; ; ; ; ; ; ; ;12;229,585417969758
3354864;1;1;2;2;23; ;2; ; ;1;2; ; ;1; ;12;181,114917405895
3354864;1;2;1; ; ; ; ; ; ; ; ; ; ; ; ;12;181,114917405895
3354865;1;1;2;2;76; ;3;76; ;1;2; ; ;1; ;12;202,733604529165
3354865;1;2;2;2;76; ;3;76; ;1;2; ; ;1; ;12;202,733604529165
3354865;1;3;2;2;76; ;3;76; ;1;2; ; ;1; ;12;202,733604529165
3354866;1;1;1; ; ; ; ; ; ; ; ; ; ; ; ;12;230,990961427076
3354866;1;2;1; ; ; ; ; ; ; ; ; ; ; ; ;12;230,990961427076
3354866;1;3;1; ; ; ; ; ; ; ; ; ; ; ; ;12;230,990961427076
3354866;1;4;1; ; ; ; ; ; ; ; ; ; ; ; ;12;230,990961427076
3354866;1;5;1; ; ; ; ; ; ; ; ; ; ; ; ;12;230,990961427076
3354866;1;6;1; ; ; ; ; ; ; ; ; ; ; ; ;12;230,990961427076
3354867;1;1;2;2;68; ;2; ; ;1;2; ; ;1; ;12;182,614452673428
3354868;1;1;1; ; ; ; ; ; ; ; ; ; ; ; ;12;188,166318061378
3354868;1;2;2;2;25; ;2; ; ;1;2; ; ;1; ;12;188,166318061378
3354869;1;1;2;2;68; ;2; ; ;1;2; ; ;1; ;12;189,962852295268
3354869;1;2;2;2;68; ;2; ; ;1;2; ; ;1; ;12;189,962852295268
3354869;1;3;2;2;68; ;2; ; ;1;2; ; ;1; ;12;189,962852295268
3354870;1;1;2;2;50; ;2; ; ;1;2; ; ;1; ;12;211,107566637869
3354870;1;2;2;2;95; ;2; ; ;1;2; ; ;1; ;12;211,107566637869
3354870;1;3;1; ; ; ; ; ; ; ; ; ; ; ; ;12;211,107566637869
3354870;1;4;1; ; ; ; ; ; ; ; ; ; ; ; ;12;211,107566637869
3354872;1;1;1; ; ; ; ; ; ; ; ; ; ; ; ;12;239,777654416622
3354872;1;2;2;2;50; ;2; ; ;1;2; ; ;1; ;12;239,777654416622
3354872;1;3;1; ; ; ; ; ; ; ; ; ; ; ; ;12;239,777654416622
3354872;1;4;1; ; ; ; ; ; ; ; ; ; ; ; ;12;239,777654416622
3354872;1;5;1; ; ; ; ; ; ; ; ; ; ; ; ;12;239,777654416622
3354873;1;1;2;2;15; ;2; ; ;1;2; ; ;1; ;12;295,177071836316
3354873;1;2;2;2;15; ;2; ; ;1;2; ; ;1; ;12;295,177071836316
3354873;1;3;2;2;15; ;2; ; ;1;2; ; ;1; ;12;295,177071836316
3354874;1;1;1; ; ; ; ; ; ; ; ; ; ; ; ;12;170,404975423826
3354874;1;2;1; ; ; ; ; ; ; ; ; ; ; ; ;12;170,404975423826
3354874;1;3;1; ; ; ; ; ; ; ; ; ; ; ; ;12;170,404975423826
3354874;1;4;1; ; ; ; ; ; ; ; ; ; ; ; ;12;170,404975423826
3354874;1;5;1; ; ; ; ; ; ; ; ; ; ; ; ;12;170,404975423826
3354876;1;1;1; ; ; ; ; ; ; ; ; ; ; ; ;12;159,2409777589
3354876;1;2;2;2;95; ;2; ; ;1;2; ; ;1; ;12;159,2409777589
3354876;1;3;2;2;95; ;2; ; ;1;2; ; ;1; ;12;159,2409777589
3354876;1;4;2;2;95; ;2; ; ;1;2; ; ;1; ;12;159,2409777589
3354876;1;5;1; ; ; ; ; ; ; ; ; ; ; ; ;12;159,2409777589
3354877;1;1;2;2;11; ;2; ; ;1;2; ; ;1; ;12;156,903415022346
3354877;1;2;2;2;11; ;2; ; ;1;2; ; ;1; ;12;156,903415022346
3354877;1;3;2;2;11; ;2; ; ;1;2; ; ;1; ;12;156,903415022346
3354877;1;4;2;2;11; ;2; ; ;1;2; ; ;1; ;12;156,903415022346
3354877;1;5;1; ; ; ; ; ; ; ; ; ; ; ; ;12;156,903415022346
3354878;1;1;1; ; ; ; ; ; ; ; ; ; ; ; ;12;174,018092718986
3354878;1;2;1; ; ; ; ; ; ; ; ; ; ; ; ;12;174,018092718986
3354878;1;3;1; ; ; ; ; ; ; ; ; ; ; ; ;12;174,018092718986
3354878;1;4;1; ; ; ; ; ; ; ; ; ; ; ; ;12;174,018092718986
3354878;1;5;1; ; ; ; ; ; ; ; ; ; ; ; ;12;174,018092718986
3354878;1;6;1; ; ; ; ; ; ; ; ; ; ; ; ;12;174,018092718986
3354879;1;1;1; ; ; ; ; ; ; ; ; ; ; ; ;12;240,168645193194
3354879;1;2;1; ; ; ; ; ; ; ; ; ; ; ; ;12;240,168645193194
3354879;1;3;1; ; ; ; ; ; ; ; ; ; ; ; ;12;240,168645193194
3354879;1;4;1; ; ; ; ; ; ; ; ; ; ; ; ;12;240,168645193194
3354880;1;1;1; ; ; ; ; ; ; ; ; ; ; ; ;12;181,567150082293
3354880;1;2;1; ; ; ; ; ; ; ; ; ; ; ; ;12;181,567150082293
3354880;1;3;1; ; ; ; ; ; ; ; ; ; ; ; ;12;181,567150082293
3354881;1;1;1; ; ; ; ; ; ; ; ; ; ; ; ;12;237,981120182733
3354881;1;2;1; ; ; ; ; ; ; ; ; ; ; ; ;12;237,981120182733
3354881;1;3;1; ; ; ; ; ; ; ; ; ; ; ; ;12;237,981120182733
3354881;1;4;1; ; ; ; ; ; ; ; ; ; ; ; ;12;237,981120182733
3354882;1;1;2;2;73; ;2; ; ;1;2; ; ;1; ;12;202,343167122778
3354882;1;2;2;2;50; ;2; ; ;1;2; ; ;1; ;12;202,343167122778
3354882;1;3;1; ; ; ; ; ; ; ; ; ; ; ; ;12;202,343167122778
3354882;1;4;1; ; ; ; ; ; ; ; ; ; ; ; ;12;202,343167122778
3354882;1;5;1; ; ; ; ; ; ; ; ; ; ; ; ;12;202,343167122778
3354882;1;6;1; ; ; ; ; ; ; ; ; ; ; ; ;12;202,343167122778
3354882;1;7;1; ; ; ; ; ; ; ; ; ; ; ; ;12;202,343167122778
3354883;1;1;1; ; ; ; ; ; ; ; ; ; ; ; ;12;220,346492303814
3354883;1;2;1; ; ; ; ; ; ; ; ; ; ; ; ;12;220,346492303814
3354883;1;3;1; ; ; ; ; ; ; ; ; ; ; ; ;12;220,346492303814
3354883;1;4;1; ; ; ; ; ; ; ; ; ; ; ; ;12;220,346492303814
3354884;1;1;1; ; ; ; ; ; ; ; ; ; ; ; ;12;220,346492303814
3354884;1;2;1; ; ; ; ; ; ; ; ; ; ; ; ;12;220,346492303814
3354884;1;3;1; ; ; ; ; ; ; ; ; ; ; ; ;12;220,346492303814
3354884;1;4;1; ; ; ; ; ; ; ; ; ; ; ; ;12;220,346492303814
3354885;1;1;2;2;68; ;2; ; ;1;2; ; ;1; ;12;253,796920353307
3354886;1;1;1; ; ; ; ; ; ; ; ; ; ; ; ;12;206,771465042318
3354886;1;2;2;2;94; ;2; ; ;1;2; ; ;1; ;12;206,771465042318
3354886;1;3;1; ; ; ; ; ; ; ; ; ; ; ; ;12;206,771465042318
3354886;1;4;1; ; ; ; ; ; ; ; ; ; ; ; ;12;206,771465042318
3354887;1;1;1; ; ; ; ; ; ; ; ; ; ; ; ;12;194,804434465835
3354888;1;1;2;2;11; ;2; ; ;1;2; ; ;1; ;12;222,143026537703
3354888;1;2;1; ; ; ; ; ; ; ; ; ; ; ; ;12;222,143026537703
3354888;1;3;2;2;11; ;2; ; ;1;2; ; ;1; ;12;222,143026537703
3354888;1;4;1; ; ; ; ; ; ; ; ; ; ; ; ;12;222,143026537703
3354888;1;5;1; ; ; ; ; ; ; ; ; ; ; ; ;12;222,143026537703
3354890;1;1;2;2;15; ;2; ; ;1;2; ; ;1; ;12;191,77264098235
3354890;1;2;2;2;50; ;2; ; ;1;2; ; ;1; ;12;191,77264098235
3354890;1;3;1; ; ; ; ; ; ; ; ; ; ; ; ;12;191,77264098235
3354891;1;1;1; ; ; ; ; ; ; ; ; ; ; ; ;12;211,582092788723
3354891;1;2;2;2;25; ;2; ; ;1;2; ; ;1; ;12;211,582092788723
3354891;1;3;2;2;25; ;2; ; ;1;2; ; ;1; ;12;211,582092788723
3354891;1;4;2;2;25; ;2; ; ;1;2; ; ;1; ;12;211,582092788723
3354891;1;5;1; ; ; ; ; ; ; ; ; ; ; ; ;12;211,582092788723
3354891;2;1;2;2;41; ;2; ; ;1;2; ; ;1; ;12;211,582092788723
3354891;2;2;1; ; ; ; ; ; ; ; ; ; ; ; ;12;211,582092788723
3354892;1;1;2;2;15; ;2; ; ;1;2; ; ;1; ;12;219,955501527242
3354892;1;2;1; ; ; ; ; ; ; ; ; ; ; ; ;12;219,955501527242
3354892;1;3;1; ; ; ; ; ; ; ; ; ; ; ; ;12;219,955501527242
3354892;1;4;2;2;11; ;2; ; ;1;2; ; ;1; ;12;219,955501527242
3354892;1;5;1; ; ; ; ; ; ; ; ; ; ; ; ;12;219,955501527242
3354893;1;1;1; ; ; ; ; ; ; ; ; ; ; ; ;12;229,585417969758
3354893;1;2;1; ; ; ; ; ; ; ; ; ; ; ; ;12;229,585417969758
3354893;1;3;1; ; ; ; ; ; ; ; ; ; ; ; ;12;229,585417969758
3354893;1;4;1; ; ; ; ; ; ; ; ; ; ; ; ;12;229,585417969758
3354894;1;1;1; ; ; ; ; ; ; ; ; ; ; ; ;12;240,168645193194
3354894;1;2;2;2;50; ;2; ; ;1;2; ; ;1; ;12;240,168645193194
3354894;1;3;2;2;05; ;2; ; ;1;2; ; ;1; ;12;240,168645193194
3354894;1;4;1; ; ; ; ; ; ; ; ; ; ; ; ;12;240,168645193194
3354895;1;1;1; ; ; ; ; ; ; ; ; ; ; ; ;12;175,976336268972
3354895;1;2;2;2;25; ;2; ; ;1;2; ; ;1; ;12;175,976336268972
3354896;1;1;2;2;25; ;2; ; ;1;2; ; ;1; ;12;171,640234673421
3354896;1;2;2;2;11; ;2; ; ;1;2; ; ;1; ;12;171,640234673421
3354897;1;1;1; ; ; ; ; ; ; ; ; ; ; ; ;12;192,46845459247
3354897;1;2;1; ; ; ; ; ; ; ; ; ; ; ; ;12;192,46845459247
3354897;1;3;1; ; ; ; ; ; ; ; ; ; ; ; ;12;192,46845459247
3354897;1;4;1; ; ; ; ; ; ; ; ; ; ; ; ;12;192,46845459247
3354897;1;5;1; ; ; ; ; ; ; ; ; ; ; ; ;12;192,46845459247
3354898;1;1;1; ; ; ; ; ; ; ; ; ; ; ; ;12;220,420988656833
3354898;1;2;1; ; ; ; ; ; ; ; ; ; ; ; ;12;220,420988656833
3354898;1;3;2;2;81; ;3;81; ;1;2; ; ;1; ;12;220,420988656833
3354898;1;4;2;2;81; ;3;81; ;1;2; ; ;1; ;12;220,420988656833
3354898;1;5;2;2;81; ;3;81; ;1;2; ; ;1; ;12;220,420988656833
3354899;1;1;1; ; ; ; ; ; ; ; ; ; ; ; ;12;191,346655648315
3354899;1;2;1; ; ; ; ; ; ; ; ; ; ; ; ;12;191,346655648315
3354899;1;3;1; ; ; ; ; ; ; ; ; ; ; ; ;12;191,346655648315
3354899;1;4;1; ; ; ; ; ; ; ; ; ; ; ; ;12;191,346655648315
3354899;1;5;1; ; ; ; ; ; ; ; ; ; ; ; ;12;191,346655648315
3354899;1;6;1; ; ; ; ; ; ; ; ; ; ; ; ;12;191,346655648315
3354900;1;1;2;2;11; ;2; ; ;1;2; ; ;1; ;12;219,955501527242
3354900;1;2;2;2;11; ;2; ; ;1;2; ; ;1; ;12;219,955501527242
3354900;1;3;2;2;11; ;2; ; ;1;2; ; ;1; ;12;219,955501527242
3354900;1;4;2;2;11; ;2; ; ;1;2; ; ;1; ;12;219,955501527242
3354900;1;5;1; ; ; ; ; ; ; ; ; ; ; ; ;12;219,955501527242
3354901;1;1;1; ; ; ; ; ; ; ; ; ; ; ; ;12;238,372110959305
3354901;1;2;1; ; ; ; ; ; ; ; ; ; ; ; ;12;238,372110959305
3354901;1;3;1; ; ; ; ; ; ; ; ; ; ; ; ;12;238,372110959305
3354902;1;1;1; ; ; ; ; ; ; ; ; ; ; ; ;12;178,98863429526
3354902;1;2;1; ; ; ; ; ; ; ; ; ; ; ; ;12;178,98863429526
3354902;1;3;1; ; ; ; ; ; ; ; ; ; ; ; ;12;178,98863429526
3354902;1;4;1; ; ; ; ; ; ; ; ; ; ; ; ;12;178,98863429526
3354903;1;1;2;2;95; ;2; ; ;1;2; ; ;1; ;12;225,249316374207
3354903;1;2;1; ; ; ; ; ; ; ; ; ; ; ; ;12;225,249316374207
3354903;1;3;1; ; ; ; ; ; ; ; ; ; ; ; ;12;225,249316374207
3354903;1;4;1; ; ; ; ; ; ; ; ; ; ; ; ;12;225,249316374207
3354904;1;1;1; ; ; ; ; ; ; ; ; ; ; ; ;12;176,778815810344
3354904;1;2;1; ; ; ; ; ; ; ; ; ; ; ; ;12;176,778815810344
3354905;1;1;1; ; ; ; ; ; ; ; ; ; ; ; ;12;181,114917405895
3354905;1;2;1; ; ; ; ; ; ; ; ; ; ; ; ;12;181,114917405895
3354906;1;1;1; ; ; ; ; ; ; ; ; ; ; ; ;12;222,143026537703
3354906;1;2;1; ; ; ; ; ; ; ; ; ; ; ; ;12;222,143026537703
3354906;1;3;1; ; ; ; ; ; ; ; ; ; ; ; ;12;222,143026537703
3354906;1;4;1; ; ; ; ; ; ; ; ; ; ; ; ;12;222,143026537703
3354906;1;5;1; ; ; ; ; ; ; ; ; ; ; ; ;12;222,143026537703
3354907;1;1;1; ; ; ; ; ; ; ; ; ; ; ; ;12;171,937233639777
3354907;1;2;1; ; ; ; ; ; ; ; ; ; ; ; ;12;171,937233639777
3354907;1;3;1; ; ; ; ; ; ; ; ; ; ; ; ;12;171,937233639777
3354907;1;4;1; ; ; ; ; ; ; ; ; ; ; ; ;12;171,937233639777
3354908;1;1;1; ; ; ; ; ; ; ; ; ; ; ; ;12;188,166318061378
3354908;1;2;1; ; ; ; ; ; ; ; ; ; ; ; ;12;188,166318061378
3354909;1;1;1; ; ; ; ; ; ; ; ; ; ; ; ;12;208,981283527234
3354909;1;2;1; ; ; ; ; ; ; ; ; ; ; ; ;12;208,981283527234
3354909;1;3;1; ; ; ; ; ; ; ; ; ; ; ; ;12;208,981283527234
3354909;1;4;1; ; ; ; ; ; ; ; ; ; ; ; ;12;208,981283527234
3354909;1;5;1; ; ; ; ; ; ; ; ; ; ; ; ;12;208,981283527234
3354909;1;6;1; ; ; ; ; ; ; ; ; ; ; ; ;12;208,981283527234
3354910;1;1;1; ; ; ; ; ; ; ; ; ; ; ; ;12;211,107566637869
3354910;1;2;1; ; ; ; ; ; ; ; ; ; ; ; ;12;211,107566637869
3354910;1;3;1; ; ; ; ; ; ; ; ; ; ; ; ;12;211,107566637869
3354910;1;4;1; ; ; ; ; ; ; ; ; ; ; ; ;12;211,107566637869
3354911;1;1;1; ; ; ; ; ; ; ; ; ; ; ; ;12;175,2333031412
3354911;1;2;1; ; ; ; ; ; ; ; ; ; ; ; ;12;175,2333031412
3354911;1;3;1; ; ; ; ; ; ; ; ; ; ; ; ;12;175,2333031412
3354911;1;4;1; ; ; ; ; ; ; ; ; ; ; ; ;12;175,2333031412
3354912;1;1;2;2;66; ;2; ; ;1;2; ; ;1; ;12;569,125084207802
3354912;1;2;1; ; ; ; ; ; ; ; ; ; ; ; ;12;569,125084207802
3354912;1;3;1; ; ; ; ; ; ; ; ; ; ; ; ;12;569,125084207802
3354913;1;1;1; ; ; ; ; ; ; ; ; ; ; ; ;12;518,519491557085
3354913;1;2;2;2;17; ;2; ; ;1;2; ; ;1; ;12;518,519491557085
3354913;1;3;1; ; ; ; ; ; ; ; ; ; ; ; ;12;518,519491557085
3354914;1;1;2;2;17; ;4; ;4; ;2; ; ;1; ;12;749,093656127737
3354914;1;2;2;2;17; ;4; ;4; ;2; ; ;1; ;12;749,093656127737
3354914;1;3;2;3; ;4;4; ;4; ;2; ; ;1; ;12;749,093656127737
3354914;1;4;1; ; ; ; ; ; ; ; ; ; ; ; ;12;749,093656127737
3354914;1;5;2;2;66; ;4; ;4; ;2; ; ;1; ;12;749,093656127737
3354915;1;1;2;2;76; ;3;76; ;1;2; ; ;1; ;12;596,077678188375
3354915;1;2;2;2;76; ;3;76; ;1;3;76; ;1; ;12;596,077678188375
3354916;1;1;2;2;17; ;2; ; ;1;2; ; ;1; ;12;507,738134647282
3354916;1;2;2;2;17; ;2; ; ;1;2; ; ;1; ;12;507,738134647282
3354916;1;3;1; ; ; ; ; ; ; ; ; ; ; ; ;12;507,738134647282
3354917;1;1;2;2;17; ;2; ; ;1;2; ; ;1; ;12;518,519491557085
3354917;1;2;2;2;17; ;2; ; ;1;2; ; ;1; ;12;518,519491557085
3354917;1;3;1; ; ; ; ; ; ; ; ; ; ; ; ;12;518,519491557085
3354918;1;1;1; ; ; ; ; ; ; ; ; ; ; ; ;12;237,981120182733
3354918;1;2;1; ; ; ; ; ; ; ; ; ; ; ; ;12;237,981120182733
3354918;1;3;1; ; ; ; ; ; ; ; ; ; ; ; ;12;237,981120182733
3354918;1;4;2;2;66; ;3;95; ;1;2; ; ;1; ;12;237,981120182733
3354922;1;1;1; ; ; ; ; ; ; ; ; ; ; ; ;12;190,35384307184
3354922;1;2;1; ; ; ; ; ; ; ; ; ; ; ; ;12;190,35384307184
3354923;1;1;2;2;23; ;2; ; ;1;2; ; ;1; ;12;211,107566637869
3354923;1;2;2;2;41; ;2; ; ;1;2; ; ;1; ;12;211,107566637869
3354923;1;3;2;2;11; ;2; ; ;1;2; ; ;1; ;12;211,107566637869
3354923;1;4;2;2;11; ;2; ; ;1;2; ; ;1; ;12;211,107566637869
3354924;1;1;2;2;15; ;2; ; ;1;2; ; ;1; ;12;173,450023360504
3354924;1;2;2;2;15; ;2; ; ;1;2; ; ;1; ;12;173,450023360504
3354925;1;1;2;2;25; ;2; ; ;1;2; ; ;1; ;12;225,791138390326
3354925;1;2;2;2;11; ;2; ; ;1;2; ; ;1; ;12;225,791138390326
3354925;1;3;2;2;25; ;2; ; ;1;2; ; ;1; ;12;225,791138390326
3354925;1;4;1; ; ; ; ; ; ; ; ; ; ; ; ;12;225,791138390326
3354926;1;1;1; ; ; ; ; ; ; ; ; ; ; ; ;12;180,78516852915
3354926;1;2;1; ; ; ; ; ; ; ; ; ; ; ; ;12;180,78516852915
3354926;1;3;1; ; ; ; ; ; ; ; ; ; ; ; ;12;180,78516852915
3354926;1;4;1; ; ; ; ; ; ; ; ; ; ; ; ;12;180,78516852915
3354926;1;5;1; ; ; ; ; ; ; ; ; ; ; ; ;12;180,78516852915
3354927;1;1;1; ; ; ; ; ; ; ; ; ; ; ; ;12;229,412877266807
3354928;1;1;2;2;66; ;2; ; ;1;2; ; ;1; ;12;289,395942580258
3354928;1;2;1; ; ; ; ; ; ; ; ; ; ; ; ;12;289,395942580258
3354929;1;1;1; ; ; ; ; ; ; ; ; ; ; ; ;12;253,869067323641
3354929;1;2;1; ; ; ; ; ; ; ; ; ; ; ; ;12;253,869067323641
3354929;1;3;1; ; ; ; ; ; ; ; ; ; ; ; ;12;253,869067323641
3354930;1;1;2;2;76; ;2; ; ;1;2; ; ;1; ;12;221,455036794775
3354930;1;2;1; ; ; ; ; ; ; ; ; ; ; ; ;12;221,455036794775
3354930;1;3;1; ; ; ; ; ; ; ; ; ; ; ; ;12;221,455036794775
3354930;1;4;2;2;63; ;3;63; ;1;3;63; ;1; ;12;221,455036794775
3354931;1;1;1; ; ; ; ; ; ; ; ; ; ; ; ;12;181,176159305722
3354931;1;2;2;2;50; ;3;25; ;1;2; ; ;1; ;12;181,176159305722
3354931;1;3;2;2;25; ;3;25; ;2;2; ; ;1; ;12;181,176159305722
3354931;1;4;2;2;11; ;1; ; ; ;2; ; ;1; ;12;181,176159305722
3354932;1;1;2;2;25; ;2; ; ;1;2; ; ;1; ;12;259,186523054975
3354932;1;2;1; ; ; ; ; ; ; ; ; ; ; ; ;12;259,186523054975
3354932;1;3;1; ; ; ; ; ; ; ; ; ; ; ; ;12;259,186523054975
3354932;1;4;1; ; ; ; ; ; ; ; ; ; ; ; ;12;259,186523054975
3354933;1;1;1; ; ; ; ; ; ; ; ; ; ; ; ;12;253,796920353307
3354934;1;1;1; ; ; ; ; ; ; ; ; ; ; ; ;12;253,796920353307
3354935;1;1;1; ; ; ; ; ; ; ; ; ; ; ; ;12;239,777654416622
3354935;1;2;1; ; ; ; ; ; ; ; ; ; ; ; ;12;239,777654416622
3354935;1;3;1; ; ; ; ; ; ; ; ; ; ; ; ;12;239,777654416622
3354935;1;4;1; ; ; ; ; ; ; ; ; ; ; ; ;12;239,777654416622
3354935;1;5;1; ; ; ; ; ; ; ; ; ; ; ; ;12;239,777654416622
3354936;1;1;2;2;11; ;2; ; ;1;2; ; ;1; ;12;146,637711715466
3354936;1;2;2;2;17; ;2; ; ;1;2; ; ;1; ;12;146,637711715466
3354936;1;3;2;2;11; ;2; ; ;1;2; ; ;1; ;12;146,637711715466
3354936;1;4;1; ; ; ; ; ; ; ; ; ; ; ; ;12;146,637711715466
3354937;1;1;1; ; ; ; ; ; ; ; ; ; ; ; ;12;211,107566637869
3354937;1;2;1; ; ; ; ; ; ; ; ; ; ; ; ;12;211,107566637869
3354937;1;3;1; ; ; ; ; ; ; ; ; ; ; ; ;12;211,107566637869
3354937;1;4;1; ; ; ; ; ; ; ; ; ; ; ; ;12;211,107566637869
3354938;1;1;1; ; ; ; ; ; ; ; ; ; ; ; ;12;250,75187241663
3354938;1;2;1; ; ; ; ; ; ; ; ; ; ; ; ;12;250,75187241663
3354938;1;3;1; ; ; ; ; ; ; ; ; ; ; ; ;12;250,75187241663
3354938;1;4;1; ; ; ; ; ; ; ; ; ; ; ; ;12;250,75187241663
3354939;1;1;1; ; ; ; ; ; ; ; ; ; ; ; ;12;208,981283527234
3354939;1;2;1; ; ; ; ; ; ; ; ; ; ; ; ;12;208,981283527234
3354939;1;3;1; ; ; ; ; ; ; ; ; ; ; ; ;12;208,981283527234
3354939;1;4;1; ; ; ; ; ; ; ; ; ; ; ; ;12;208,981283527234
3354939;1;5;1; ; ; ; ; ; ; ; ; ; ; ; ;12;208,981283527234
3354939;1;6;1; ; ; ; ; ; ; ; ; ; ; ; ;12;208,981283527234
3354940;1;1;1; ; ; ; ; ; ; ; ; ; ; ; ;12;238,372110959305
3354940;1;2;1; ; ; ; ; ; ; ; ; ; ; ; ;12;238,372110959305
3354940;1;3;1; ; ; ; ; ; ; ; ; ; ; ; ;12;238,372110959305
3354941;1;1;2;2;15; ;2; ; ;1;2; ; ;1; ;12;188,166318061378
3354941;2;1;2;2;50; ;3;50; ;1;2; ; ;1; ;12;188,166318061378
3354944;1;1;1; ; ; ; ; ; ; ; ; ; ; ; ;12;326,669256335823
3354944;1;2;1; ; ; ; ; ; ; ; ; ; ; ; ;12;326,669256335823
3354944;1;3;1; ; ; ; ; ; ; ; ; ; ; ; ;12;326,669256335823
3354944;1;4;1; ; ; ; ; ; ; ; ; ; ; ; ;12;326,669256335823
3354945;1;1;1; ; ; ; ; ; ; ; ; ; ; ; ;12;189,22037253768
3354945;1;2;1; ; ; ; ; ; ; ; ; ; ; ; ;12;189,22037253768
3354945;1;3;1; ; ; ; ; ; ; ; ; ; ; ; ;12;189,22037253768
3354945;1;4;1; ; ; ; ; ; ; ; ; ; ; ; ;12;189,22037253768
3354945;1;5;1; ; ; ; ; ; ; ; ; ; ; ; ;12;189,22037253768
3354945;1;6;1; ; ; ; ; ; ; ; ; ; ; ; ;12;189,22037253768
3354945;1;7;2;2;50; ;3;50; ;2;2; ; ;1; ;12;189,22037253768
3354945;1;8;1; ; ; ; ; ; ; ; ; ; ; ; ;12;189,22037253768
3354946;1;1;2;2;63; ;2; ; ;1;2; ; ;1; ;12;181,567150082293
3354946;1;2;1; ; ; ; ; ; ; ; ; ; ; ; ;12;181,567150082293
3354946;1;3;1; ; ; ; ; ; ; ; ; ; ; ; ;12;181,567150082293
3354949;1;1;2;2;63; ;3;17; ;2;2; ; ;1; ;12;229,412877266807
3354950;1;1;1; ; ; ; ; ; ; ; ; ; ; ; ;12;175,976336268972
3354950;1;2;1; ; ; ; ; ; ; ; ; ; ; ; ;12;175,976336268972
3354951;1;1;2;2;11; ;2; ; ;1;2; ; ;1; ;12;207,826761634662
3354951;1;2;2;2;25; ;2; ; ;1;2; ; ;1; ;12;207,826761634662
3354951;1;3;1; ; ; ; ; ; ; ; ; ; ; ; ;12;207,826761634662
3354951;1;4;1; ; ; ; ; ; ; ; ; ; ; ; ;12;207,826761634662
3354951;1;5;1; ; ; ; ; ; ; ; ; ; ; ; ;12;207,826761634662
3354951;1;6;1; ; ; ; ; ; ; ; ; ; ; ; ;12;207,826761634662
3354951;1;7;2;2;25; ;2; ; ;1;2; ; ;1; ;12;207,826761634662
3354952;1;1;1; ; ; ; ; ; ; ; ; ; ; ; ;12;179,001888748454
3354952;1;2;2;2;63; ;2; ; ;1;2; ; ;1; ;12;179,001888748454
3354952;1;3;2;2;63; ;2; ; ;1;2; ; ;1; ;12;179,001888748454
3354953;1;1;2;2;17; ;3;50; ;1;2; ; ;1; ;12;237,981120182733
3354953;1;2;2;2;17; ;3;50; ;1;2; ; ;1; ;12;237,981120182733
3354953;1;3;2;2;17; ;3;50; ;1;2; ; ;1; ;12;237,981120182733
3354953;1;4;2;2;17; ;3;50; ;1;2; ; ;1; ;12;237,981120182733
3354954;1;1;2;2;50; ;2; ; ;1;2; ; ;1; ;12;181,114917405895
3354954;1;2;1; ; ; ; ; ; ; ; ; ; ; ; ;12;181,114917405895
3354959;1;1;2;2;05; ;2; ; ;1;2; ; ;1; ;12;212,012031990666
3354959;1;2;2;2;05; ;2; ; ;1;2; ; ;1; ;12;212,012031990666
3354959;1;3;1; ; ; ; ; ; ; ; ; ; ; ; ;12;212,012031990666
3354959;1;4;1; ; ; ; ; ; ; ; ; ; ; ; ;12;212,012031990666
3354959;1;5;1; ; ; ; ; ; ; ; ; ; ; ; ;12;212,012031990666
3354959;1;6;1; ; ; ; ; ; ; ; ; ; ; ; ;12;212,012031990666
3354960;1;1;2;2;50; ;2; ; ;1;2; ; ;1; ;12;179,001888748454
3354960;1;2;2;2;11; ;2; ; ;1;2; ; ;1; ;12;179,001888748454
3354960;1;3;1; ; ; ; ; ; ; ; ; ; ; ; ;12;179,001888748454
3354961;1;1;2;2;52; ;2; ; ;1;2; ; ;1; ;12;173,450023360504
3354961;1;2;2;2;52; ;2; ; ;1;2; ; ;1; ;12;173,450023360504
3354962;1;1;2;3; ;3;2; ; ;1;2; ; ;1; ;12;189,976106748461
3354962;1;2;1; ; ; ; ; ; ; ; ; ; ; ; ;12;189,976106748461
3354963;1;1;2;2;15; ;2; ; ;1;2; ; ;1; ;12;230,632720560893
3354963;1;2;1; ; ; ; ; ; ; ; ; ; ; ; ;12;230,632720560893
3354964;1;1;2;2;05; ;2; ; ;1;2; ; ;1; ;12;220,798724980212
3354964;1;2;2;2;05; ;2; ; ;1;2; ; ;1; ;12;220,798724980212
3354964;1;3;1; ; ; ; ; ; ; ; ; ; ; ; ;12;220,798724980212
3354964;1;4;1; ; ; ; ; ; ; ; ; ; ; ; ;12;220,798724980212
3354964;1;5;1; ; ; ; ; ; ; ; ; ; ; ; ;12;220,798724980212
3354965;1;1;1; ; ; ; ; ; ; ; ; ; ; ; ;12;211,107566637869
3354965;1;2;1; ; ; ; ; ; ; ; ; ; ; ; ;12;211,107566637869
3354965;1;3;1; ; ; ; ; ; ; ; ; ; ; ; ;12;211,107566637869
3354965;1;4;1; ; ; ; ; ; ; ; ; ; ; ; ;12;211,107566637869
3354966;1;1;2;2;25; ;2; ; ;1;2; ; ;1; ;12;219,968755980435
3354966;1;2;1; ; ; ; ; ; ; ; ; ; ; ; ;12;219,968755980435
3354966;1;3;1; ; ; ; ; ; ; ; ; ; ; ; ;12;219,968755980435
3354966;1;4;1; ; ; ; ; ; ; ; ; ; ; ; ;12;219,968755980435
3354967;1;1;2;2;17; ;2; ; ;1;2; ; ;1; ;12;244,632491040382
3354967;1;2;1; ; ; ; ; ; ; ; ; ; ; ; ;12;244,632491040382
3354968;1;1;1; ; ; ; ; ; ; ; ; ; ; ; ;12;295,177071836316
3354968;1;2;2;2;50; ;2; ; ;1;2; ; ;1; ;12;295,177071836316
3354968;1;3;2;2;50; ;2; ; ;1;2; ; ;1; ;12;295,177071836316
3354969;1;1;2;2;25; ;2; ; ;1;2; ; ;1; ;12;182,614452673428
3354970;1;1;2;2;15; ;2; ; ;1;2; ; ;1; ;12;191,759386529157
3354970;1;2;2;2;11; ;2; ; ;1;2; ; ;1; ;12;191,759386529157
3354970;1;3;1; ; ; ; ; ; ; ; ; ; ; ; ;12;191,759386529157
3354970;1;4;1; ; ; ; ; ; ; ; ; ; ; ; ;12;191,759386529157
3354971;1;1;2;2;15; ;2; ; ;1;2; ; ;1; ;12;216,200723743366
3354971;1;2;1; ; ; ; ; ; ; ; ; ; ; ; ;12;216,200723743366
3354971;1;3;1; ; ; ; ; ; ; ; ; ; ; ; ;12;216,200723743366
3354971;1;4;1; ; ; ; ; ; ; ; ; ; ; ; ;12;216,200723743366
3354971;1;5;1; ; ; ; ; ; ; ; ; ; ; ; ;12;216,200723743366
3354971;1;6;1; ; ; ; ; ; ; ; ; ; ; ; ;12;216,200723743366
3354971;1;7;1; ; ; ; ; ; ; ; ; ; ; ; ;12;216,200723743366
3354971;1;8;1; ; ; ; ; ; ; ; ; ; ; ; ;12;216,200723743366
3354973;1;1;2;2;63; ;2; ; ;1;2; ; ;1; ;12;117,957194462751
3354973;1;2;2;2;63; ;2; ; ;1;2; ; ;1; ;12;117,957194462751
3354973;1;3;2;2;63; ;2; ; ;1;2; ; ;1; ;12;117,957194462751
3354973;1;4;2;2;63; ;2; ; ;1;2; ; ;1; ;12;117,957194462751
3354973;2;1;1; ; ; ; ; ; ; ; ; ; ; ; ;12;117,957194462751
3354974;1;1;2;2;15; ;2; ; ;1;2; ; ;1; ;12;182,614452673428
3354975;1;1;2;2;15; ;2; ; ;1;2; ; ;1; ;12;144,450186705005
3354975;1;2;1; ; ; ; ; ; ; ; ; ; ; ; ;12;144,450186705005
3354975;1;3;1; ; ; ; ; ; ; ; ; ; ; ; ;12;144,450186705005
3354975;1;4;1; ; ; ; ; ; ; ; ; ; ; ; ;12;144,450186705005
3354976;1;1;1; ; ; ; ; ; ; ; ; ; ; ; ;12;199,140536061386
3354977;1;1;2;2;66; ;2; ; ;1;2; ; ;1; ;12;241,726733679261
3354977;1;2;2;2;76; ;2; ; ;1;2; ; ;1; ;12;241,726733679261
3354977;1;3;2;2;76; ;2; ; ;1;2; ; ;1; ;12;241,726733679261
3354978;1;1;1; ; ; ; ; ; ; ; ; ; ; ; ;12;326,261061332477
3354978;1;2;2;2;73; ;2; ; ;1;2; ; ;1; ;12;326,261061332477
3354978;1;3;2;2;73; ;2; ; ;1;2; ; ;1; ;12;326,261061332477
3354978;1;4;2;2;73; ;2; ; ;1;2; ; ;1; ;12;326,261061332477
3354978;1;5;1; ; ; ; ; ; ; ; ; ; ; ; ;12;326,261061332477
3354979;1;1;1; ; ; ; ; ; ; ; ; ; ; ; ;12;237,195914502548
3354979;1;2;1; ; ; ; ; ; ; ; ; ; ; ; ;12;237,195914502548
3354980;1;1;1; ; ; ; ; ; ; ; ; ; ; ; ;12;298,038839094188
3354980;1;2;2;2;17; ;2; ; ;1;2; ; ;1; ;12;298,038839094188
3354981;1;1;1; ; ; ; ; ; ; ; ; ; ; ; ;12;250,369630193191
3354981;1;2;1; ; ; ; ; ; ; ; ; ; ; ; ;12;250,369630193191
3354981;1;3;1; ; ; ; ; ; ; ; ; ; ; ; ;12;250,369630193191
3354982;1;1;2;2;76; ;2; ; ;2;2; ; ;2;3;12;818,322944897242
3354982;1;2;1; ; ; ; ; ; ; ; ; ; ; ; ;12;818,322944897242
3354982;1;3;2;2;76; ;2; ; ;1;2; ; ;1; ;12;818,322944897242
3354983;1;1;1; ; ; ; ; ; ; ; ; ; ; ; ;12;778,801797825314
3354983;2;1;2;2;17; ;2; ; ;1;2; ; ;1; ;12;778,801797825314
3354984;1;1;1; ; ; ; ; ; ; ; ; ; ; ; ;12;711,587743507645
3354984;1;2;2;2;66; ;2; ; ;1;2; ; ;1; ;12;711,587743507645
3354985;1;1;2;2;76; ;2; ; ;1;2; ; ;1; ;12;969,117162359705
3354985;1;2;2;2;76; ;2; ; ;1;2; ; ;1; ;12;969,117162359705
3354985;1;3;1; ; ; ; ; ; ; ; ; ; ; ; ;12;969,117162359705
3354985;1;4;1; ; ; ; ; ; ; ; ; ; ; ; ;12;969,117162359705
3354986;1;1;2;2;11; ;2; ; ;1;2; ; ;1; ;12;977,538711349827
3354986;1;2;2;2;66; ;2; ; ;1;2; ; ;1; ;12;977,538711349827
3354986;1;3;1; ; ; ; ; ; ; ; ; ; ; ; ;12;977,538711349827
3354986;1;4;1; ; ; ; ; ; ; ; ; ; ; ; ;12;977,538711349827
3354986;1;5;1; ; ; ; ; ; ; ; ; ; ; ; ;12;977,538711349827
3354987;1;1;2;2;85; ;2; ; ;1;2; ; ;1; ;12;5368,27131834822
3354988;1;1;1; ; ; ; ; ; ; ; ; ; ; ; ;12;5305,79532664291
3354988;1;2;1; ; ; ; ; ; ; ; ; ; ; ; ;12;5305,79532664291
3354989;1;1;1; ; ; ; ; ; ; ; ; ; ; ; ;12;1023,43795388114
3354990;1;1;2;2;63; ;2; ; ;1;2; ; ;1; ;12;844,035523851638
3354991;1;1;2;2;52; ;2; ; ;1;2; ; ;1; ;12;1435,26543909415
3354991;1;2;1; ; ; ; ; ; ; ; ; ; ; ; ;12;1435,26543909415
3354991;1;3;1; ; ; ; ; ; ; ; ; ; ; ; ;12;1435,26543909415
3354992;1;1;2;2;27; ;2; ; ;1;2; ; ;1; ;12;1247,20049505426
3354992;1;2;2;2;76; ;2; ; ;1;2; ; ;1; ;12;1247,20049505426
3354992;1;3;2;2;76; ;2; ; ;1;2; ; ;1; ;12;1247,20049505426
3354992;1;4;1; ; ; ; ; ; ; ; ; ; ; ; ;12;1247,20049505426
3354992;1;5;1; ; ; ; ; ; ; ; ; ; ; ; ;12;1247,20049505426
3354993;1;1;2;2;18; ;2; ; ;1;2; ; ;1; ;12;341,397759904876
3354993;1;2;2;1; ; ;2; ; ;1;2; ; ;1; ;12;341,397759904876
3354993;1;3;2;1; ; ;2; ; ;1;2; ; ;1; ;12;341,397759904876
3354993;1;4;1; ; ; ; ; ; ; ; ; ; ; ; ;12;341,397759904876
3354994;1;1;1; ; ; ; ; ; ; ; ; ; ; ; ;12;230,162478954682
3354994;1;2;2;2;73; ;2; ; ;1;2; ; ;1; ;12;230,162478954682
3354994;1;3;1; ; ; ; ; ; ; ; ; ; ; ; ;12;230,162478954682
3354995;1;1;1; ; ; ; ; ; ; ; ; ; ; ; ;12;190,380274341761
3354996;1;1;1; ; ; ; ; ; ; ; ; ; ; ; ;12;196,813030982893
3354996;1;2;1; ; ; ; ; ; ; ; ; ; ; ; ;12;196,813030982893
3354996;1;3;1; ; ; ; ; ; ; ; ; ; ; ; ;12;196,813030982893
3354996;1;4;1; ; ; ; ; ; ; ; ; ; ; ; ;12;196,813030982893
3354997;1;1;1; ; ; ; ; ; ; ; ; ; ; ; ;12;315,614384942383
3354997;1;2;1; ; ; ; ; ; ; ; ; ; ; ; ;12;315,614384942383
3354997;1;3;1; ; ; ; ; ; ; ; ; ; ; ; ;12;315,614384942383
3354997;1;4;1; ; ; ; ; ; ; ; ; ; ; ; ;12;315,614384942383
3354997;1;5;1; ; ; ; ; ; ; ; ; ; ; ; ;12;315,614384942383
3354998;1;1;1; ; ; ; ; ; ; ; ; ; ; ; ;12;187,867792639202
3354998;1;2;2;2;41; ;2; ; ;1;2; ; ;1; ;12;187,867792639202
3354998;1;3;2;1; ; ;2; ; ;1;2; ; ;1; ;12;187,867792639202
3354998;1;4;1; ; ; ; ; ; ; ; ; ; ; ; ;12;187,867792639202
3354999;1;1;1; ; ; ; ; ; ; ; ; ; ; ; ;12;190,380274341761
3355000;1;1;1; ; ; ; ; ; ; ; ; ; ; ; ;12;247,740485400902
3355000;1;2;2;2;25; ;2; ; ;1;2; ; ;1; ;12;247,740485400902
3355000;1;3;1; ; ; ; ; ; ; ; ; ; ; ; ;12;247,740485400902
3355000;1;4;1; ; ; ; ; ; ; ; ; ; ; ; ;12;247,740485400902
3355001;1;1;2;2;73; ;2; ; ;1;2; ; ;1; ;12;313,41010469747
3355001;1;2;1; ; ; ; ; ; ; ; ; ; ; ; ;12;313,41010469747
3355001;1;3;1; ; ; ; ; ; ; ; ; ; ; ; ;12;313,41010469747
3355002;1;1;2;2;73; ;2; ; ;1;2; ; ;1; ;12;210,271376648221
3355002;1;2;1; ; ; ; ; ; ; ; ; ; ; ; ;12;210,271376648221
3355003;1;1;1; ; ; ; ; ; ; ; ; ; ; ; ;12;326,671506229682
3355003;1;2;1; ; ; ; ; ; ; ; ; ; ; ; ;12;326,671506229682
3355003;1;3;1; ; ; ; ; ; ; ; ; ; ; ; ;12;326,671506229682
3355003;1;4;2;2;73; ;2; ; ;1;2; ; ;1; ;12;326,671506229682
3355004;1;1;1; ; ; ; ; ; ; ; ; ; ; ; ;12;310,011189289799
3355004;1;2;1; ; ; ; ; ; ; ; ; ; ; ; ;12;310,011189289799
3355004;1;3;1; ; ; ; ; ; ; ; ; ; ; ; ;12;310,011189289799
3355005;1;1;2;1; ; ;2; ; ;1;2; ; ;1; ;12;327,813239077917
3355005;1;2;2;2;11; ;2; ; ;1;2; ; ;1; ;12;327,813239077917
3355005;1;3;1; ; ; ; ; ; ; ; ; ; ; ; ;12;327,813239077917
3355005;1;4;1; ; ; ; ; ; ; ; ; ; ; ; ;12;327,813239077917
3355005;1;5;1; ; ; ; ; ; ; ; ; ; ; ; ;12;327,813239077917
3355006;1;1;2;2;44; ;2; ; ;1;2; ; ;1; ;12;159,169369650679
3355006;1;2;2;2;20; ;2; ; ;1;2; ; ;1; ;12;159,169369650679
3355006;1;3;2;2;44; ;2; ; ;1;2; ; ;1; ;12;159,169369650679
3355006;1;4;2;2;44; ;2; ; ;1;2; ; ;1; ;12;159,169369650679
3355007;1;1;2;2;47; ;2; ; ;1;2; ; ;1; ;12;103,598208077953
3355007;1;2;1; ; ; ; ; ; ; ; ; ; ; ; ;12;103,598208077953
3355007;1;3;1; ; ; ; ; ; ; ; ; ; ; ; ;12;103,598208077953
3355008;1;1;2;2;44; ;2; ; ;1;2; ; ;1; ;12;134,499533325663
3355008;1;2;2;2;44; ;2; ; ;1;2; ; ;1; ;12;134,499533325663
3355008;1;3;1; ; ; ; ; ; ; ; ; ; ; ; ;12;134,499533325663
3355009;1;1;2;2;08; ;2; ; ;1;2; ; ;1; ;12;185,816243094013
3355009;1;2;2;2;23; ;2; ; ;1;2; ; ;1; ;12;185,816243094013
3355009;1;3;1; ; ; ; ; ; ; ; ; ; ; ; ;12;185,816243094013
3355010;1;1;1; ; ; ; ; ; ; ; ; ; ; ; ;12;192,952860444332
3355010;1;2;1; ; ; ; ; ; ; ; ; ; ; ; ;12;192,952860444332
3355010;1;3;1; ; ; ; ; ; ; ; ; ; ; ; ;12;192,952860444332
3355010;1;4;1; ; ; ; ; ; ; ; ; ; ; ; ;12;192,952860444332
3355011;1;1;2;2;44; ;2; ; ;1;2; ; ;1; ;12;155,243487338241
3355012;1;1;2;2;20; ;2; ; ;1;2; ; ;1; ;12;137,215347384873
3355012;1;2;1; ; ; ; ; ; ; ; ; ; ; ; ;12;137,215347384873
3355012;1;3;1; ; ; ; ; ; ; ; ; ; ; ; ;12;137,215347384873
3355013;1;1;1; ; ; ; ; ; ; ; ; ; ; ; ;12;134,509973528042
3355013;1;2;1; ; ; ; ; ; ; ; ; ; ; ; ;12;134,509973528042
3355014;1;1;2;2;20; ;2; ; ;1;2; ; ;1; ;12;77,9836761509946
3355014;1;2;2;2;20; ;2; ; ;1;2; ; ;1; ;12;77,9836761509946
3355015;1;1;1; ; ; ; ; ; ; ; ; ; ; ; ;12;159,169369650679
3355015;1;2;2;2;20; ;2; ; ;1;2; ; ;1; ;12;159,169369650679
3355015;1;3;1; ; ; ; ; ; ; ; ; ; ; ; ;12;159,169369650679
3355015;1;4;1; ; ; ; ; ; ; ; ; ; ; ; ;12;159,169369650679
3355016;1;1;1; ; ; ; ; ; ; ; ; ; ; ; ;12;120,276070553398
3355016;1;2;1; ; ; ; ; ; ; ; ; ; ; ; ;12;120,276070553398
3355016;1;3;2;2;47; ;2; ; ;1;2; ; ;1; ;12;120,276070553398
3355016;1;4;2;2;47; ;3;47; ;1;2; ; ;1; ;12;120,276070553398
3355017;1;1;2;2;20; ;2; ; ;1;2; ; ;1; ;12;192,55695666178
3355017;1;2;2;2;20; ;2; ; ;1;2; ; ;1; ;12;192,55695666178
3355017;1;3;1; ; ; ; ; ; ; ; ; ; ; ; ;12;192,55695666178
3355017;1;4;1; ; ; ; ; ; ; ; ; ; ; ; ;12;192,55695666178
3355017;1;5;1; ; ; ; ; ; ; ; ; ; ; ; ;12;192,55695666178
3355018;1;1;1; ; ; ; ; ; ; ; ; ; ; ; ;12;161,365325534426
3355018;1;2;1; ; ; ; ; ; ; ; ; ; ; ; ;12;161,365325534426
3355019;1;1;1; ; ; ; ; ; ; ; ; ; ; ; ;12;161,365325534426
3355019;1;2;1; ; ; ; ; ; ; ; ; ; ; ; ;12;161,365325534426
3355020;1;1;2;2;20; ;3;47; ;1;2; ; ;1; ;12;165,835900753906
3355020;1;2;2;2;47; ;3;47; ;1;2; ; ;1; ;12;165,835900753906
3355020;1;3;2;2;20; ;2; ; ;1;2; ; ;1; ;12;165,835900753906
3355020;1;4;2;2;20; ;3;47; ;1;2; ; ;1; ;12;165,835900753906
3355020;1;5;2;2;47; ;3;47; ;1;2; ; ;1; ;12;165,835900753906
3355020;1;6;2;2;47; ;3;47; ;1;2; ; ;1; ;12;165,835900753906
3355021;1;1;1; ; ; ; ; ; ; ; ; ; ; ; ;12;127,882774150808
3355021;1;2;1; ; ; ; ; ; ; ; ; ; ; ; ;12;127,882774150808
3355021;1;3;1; ; ; ; ; ; ; ; ; ; ; ; ;12;127,882774150808
3355021;1;4;2;2;20; ;3;68; ;1;2; ; ;1; ;12;127,882774150808
3355022;1;1;2;2;44; ;2; ; ;1;2; ; ;1; ;12;129,714743993341
3355022;1;2;2;2;44; ;2; ; ;1;2; ; ;1; ;12;129,714743993341
3355022;1;3;1; ; ; ; ; ; ; ; ; ; ; ; ;12;129,714743993341
3355022;1;4;1; ; ; ; ; ; ; ; ; ; ; ; ;12;129,714743993341
3355022;1;5;1; ; ; ; ; ; ; ; ; ; ; ; ;12;129,714743993341
3355022;1;6;1; ; ; ; ; ; ; ; ; ; ; ; ;12;129,714743993341
3355022;1;7;1; ; ; ; ; ; ; ; ; ; ; ; ;12;129,714743993341
3355023;1;1;2;2;47; ;2; ; ;1;2; ; ;1; ;12;156,463995793848
3355023;1;2;2;2;13; ;2; ; ;1;2; ; ;1; ;12;156,463995793848
3355023;1;3;1; ; ; ; ; ; ; ; ; ; ; ; ;12;156,463995793848
3355024;1;1;2;2;20; ;3;20; ;1;2; ; ;1; ;12;183,580955484274
3355025;1;1;2;2;20; ;2; ; ;1;2; ; ;1; ;12;173,392832422944
3355025;1;2;2;2;44; ;2; ; ;1;2; ; ;1; ;12;173,392832422944
3355025;1;3;1; ; ; ; ; ; ; ; ; ; ; ; ;12;173,392832422944
3355026;1;1;1; ; ; ; ; ; ; ; ; ; ; ; ;12;151,428369954759
3355026;1;2;1; ; ; ; ; ; ; ; ; ; ; ; ;12;151,428369954759
3355026;1;3;1; ; ; ; ; ; ; ; ; ; ; ; ;12;151,428369954759
3355027;1;1;2;2;44; ;2; ; ;1;2; ; ;1; ;12;155,243487338241
3355028;1;1;2;1; ; ;2; ; ;1;2; ; ;1; ;12;155,243487338241
3355029;1;1;1; ; ; ; ; ; ; ; ; ; ; ; ;12;154,529647594142
3355029;1;2;1; ; ; ; ; ; ; ; ; ; ; ; ;12;154,529647594142
3355029;1;3;1; ; ; ; ; ; ; ; ; ; ; ; ;12;154,529647594142
3355030;1;1;1; ; ; ; ; ; ; ; ; ; ; ; ;12;237,465385818326
3355030;1;2;2;2;47; ;2; ; ;1;2; ; ;1; ;12;237,465385818326
3355030;1;3;2;2;20; ;2; ; ;1;2; ; ;1; ;12;237,465385818326
3355030;1;4;1; ; ; ; ; ; ; ; ; ; ; ; ;12;237,465385818326
3355030;1;5;1; ; ; ; ; ; ; ; ; ; ; ; ;12;237,465385818326
3355030;1;6;1; ; ; ; ; ; ; ; ; ; ; ; ;12;237,465385818326
3355030;1;7;1; ; ; ; ; ; ; ; ; ; ; ; ;12;237,465385818326
3355031;1;1;2;2;08; ;2; ; ;1;2; ; ;1; ;12;114,999717435025
3355031;1;2;1; ; ; ; ; ; ; ; ; ; ; ; ;12;114,999717435025
3355031;1;3;1; ; ; ; ; ; ; ; ; ; ; ; ;12;114,999717435025
3355031;1;4;1; ; ; ; ; ; ; ; ; ; ; ; ;12;114,999717435025
3355032;1;1;2;2;47; ;2; ; ;1;2; ; ;1; ;12;104,361819750423
3355032;1;2;1; ; ; ; ; ; ; ; ; ; ; ; ;12;104,361819750423
3355032;1;3;2;1; ; ;3;20; ;1;2; ; ;1; ;12;104,361819750423
3355032;1;4;2;1; ; ;3;20; ;1;2; ; ;1; ;12;104,361819750423
3355033;1;1;2;2;08; ;3;08; ;1;2; ; ;1; ;12;122,472026437145
3355033;1;2;2;2;08; ;2; ; ;1;2; ; ;1; ;12;122,472026437145
3355034;1;1;2;2;44; ;2; ; ;1;2; ; ;1; ;12;187,66606712358
3355034;1;2;1; ; ; ; ; ; ; ; ; ; ; ; ;12;187,66606712358
3355034;1;3;1; ; ; ; ; ; ; ; ; ; ; ; ;12;187,66606712358
3355034;1;4;1; ; ; ; ; ; ; ; ; ; ; ; ;12;187,66606712358
3355034;1;5;1; ; ; ; ; ; ; ; ; ; ; ; ;12;187,66606712358
3355035;1;1;1; ; ; ; ; ; ; ; ; ; ; ; ;12;170,737230494484
3355035;1;2;1; ; ; ; ; ; ; ; ; ; ; ; ;12;170,737230494484
3355035;1;3;1; ; ; ; ; ; ; ; ; ; ; ; ;12;170,737230494484
3355035;1;4;1; ; ; ; ; ; ; ; ; ; ; ; ;12;170,737230494484
3355035;1;5;1; ; ; ; ; ; ; ; ; ; ; ; ;12;170,737230494484
3355036;1;1;2;2;44; ;2; ; ;1;2; ; ;1; ;12;185,816243094013
3355036;1;2;1; ; ; ; ; ; ; ; ; ; ; ; ;12;185,816243094013
3355036;1;3;1; ; ; ; ; ; ; ; ; ; ; ; ;12;185,816243094013
3355037;1;1;2;2;44; ;2; ; ;1;2; ; ;1; ;12;127,373356177723
3355038;1;1;1; ; ; ; ; ; ; ; ; ; ; ; ;12;135,489477748217
3355038;1;2;1; ; ; ; ; ; ; ; ; ; ; ; ;12;135,489477748217
3355038;1;3;1; ; ; ; ; ; ; ; ; ; ; ; ;12;135,489477748217
3355038;1;4;1; ; ; ; ; ; ; ; ; ; ; ; ;12;135,489477748217
3355039;1;1;1; ; ; ; ; ; ; ; ; ; ; ; ;12;173,392832422944
3355039;1;2;1; ; ; ; ; ; ; ; ; ; ; ; ;12;173,392832422944
3355039;1;3;1; ; ; ; ; ; ; ; ; ; ; ; ;12;173,392832422944
3355040;1;1;1; ; ; ; ; ; ; ; ; ; ; ; ;12;133,537275361477
3355040;1;2;2;2;20; ;2; ; ;1;2; ; ;1; ;12;133,537275361477
3355040;1;3;2;2;20; ;2; ; ;1;2; ; ;1; ;12;133,537275361477
3355040;1;4;1; ; ; ; ; ; ; ; ; ; ; ; ;12;133,537275361477
3355040;1;5;1; ; ; ; ; ; ; ; ; ; ; ; ;12;133,537275361477
3355041;1;1;1; ; ; ; ; ; ; ; ; ; ; ; ;12;113,786331139283
3355042;1;1;1; ; ; ; ; ; ; ; ; ; ; ; ;12;77,9836761509946
3355042;1;2;1; ; ; ; ; ; ; ; ; ; ; ; ;12;77,9836761509946
3355043;1;1;2;2;20; ;3;20; ;1;2; ; ;1; ;12;171,196876539197
3355043;1;2;1; ; ; ; ; ; ; ; ; ; ; ; ;12;171,196876539197
3355043;1;3;1; ; ; ; ; ; ; ; ; ; ; ; ;12;171,196876539197
3355043;1;4;1; ; ; ; ; ; ; ; ; ; ; ; ;12;171,196876539197
3355043;1;5;1; ; ; ; ; ; ; ; ; ; ; ; ;12;171,196876539197
3355044;1;1;2;2;68; ;2; ; ;1;2; ; ;1; ;12;133,027857388393
3355044;1;2;2;2;08; ;2; ; ;1;2; ; ;1; ;12;133,027857388393
3355045;1;1;1; ; ; ; ; ; ; ; ; ; ; ; ;12;146,537480416559
3355045;1;2;1; ; ; ; ; ; ; ; ; ; ; ; ;12;146,537480416559
3355045;1;3;1; ; ; ; ; ; ; ; ; ; ; ; ;12;146,537480416559
3355046;1;1;1; ; ; ; ; ; ; ; ; ; ; ; ;12;1141,52645499817
3355047;1;1;2;2;66; ;2; ; ;1;2; ; ;1; ;12;718,336617477564
3355047;1;2;2;2;17; ;2; ; ;1;2; ; ;1; ;12;718,336617477564
3355048;1;1;2;2;66; ;2; ; ;1;2; ; ;1; ;12;737,91739997989
3355049;1;1;2;2;27; ;2; ; ;1;2; ; ;1; ;12;1023,43795388114
3355050;1;1;1; ; ; ; ; ; ; ; ; ; ; ; ;12;1141,52645499817
3355051;1;1;1; ; ; ; ; ; ; ; ; ; ; ; ;12;1263,18243692051
3355051;1;2;2;2;50; ;2; ; ;1;2; ; ;1; ;12;1263,18243692051
3355051;1;3;1; ; ; ; ; ; ; ; ; ; ; ; ;12;1263,18243692051
3355051;1;4;1; ; ; ; ; ; ; ; ; ; ; ; ;12;1263,18243692051
3355052;1;1;2;2;73; ;2; ; ;1;2; ; ;1; ;12;291,081558443452
3355052;1;2;1; ; ; ; ; ; ; ; ; ; ; ; ;12;291,081558443452
3355052;1;3;1; ; ; ; ; ; ; ; ; ; ; ; ;12;291,081558443452
3355052;1;4;1; ; ; ; ; ; ; ; ; ; ; ; ;12;291,081558443452
3355052;1;5;1; ; ; ; ; ; ; ; ; ; ; ; ;12;291,081558443452
3355053;1;1;1; ; ; ; ; ; ; ; ; ; ; ; ;12;233,561394362353
3355053;1;2;1; ; ; ; ; ; ; ; ; ; ; ; ;12;233,561394362353
3355053;1;3;1; ; ; ; ; ; ; ; ; ; ; ; ;12;233,561394362353
3355054;1;1;1; ; ; ; ; ; ; ; ; ; ; ; ;12;198,700870584604
3355054;1;2;2;2;41; ;2; ; ;1;2; ; ;1; ;12;198,700870584604
3355055;1;1;1; ; ; ; ; ; ; ; ; ; ; ; ;12;190,380274341761
3355056;1;1;2;2;11; ;2; ; ;1;2; ; ;1; ;12;306,556360581324
3355056;1;2;1; ; ; ; ; ; ; ; ; ; ; ; ;12;306,556360581324
3355057;1;1;1; ; ; ; ; ; ; ; ; ; ; ; ;12;187,867792639202
3355057;1;2;1; ; ; ; ; ; ; ; ; ; ; ; ;12;187,867792639202
3355057;1;3;1; ; ; ; ; ; ; ; ; ; ; ; ;12;187,867792639202
3355057;1;4;1; ; ; ; ; ; ; ; ; ; ; ; ;12;187,867792639202
3355058;1;1;2;2;73; ;2; ; ;1;2; ; ;1; ;12;338,422273681421
3355058;1;2;1; ; ; ; ; ; ; ; ; ; ; ; ;12;338,422273681421
3355059;1;1;1; ; ; ; ; ; ; ; ; ; ; ; ;12;232,950141405768
3355059;1;2;1; ; ; ; ; ; ; ; ; ; ; ; ;12;232,950141405768
3355060;1;1;2;1; ; ;2; ; ;1;2; ; ;1; ;12;284,227814327306
3355060;1;2;1; ; ; ; ; ; ; ; ; ; ; ; ;12;284,227814327306
3355060;1;3;1; ; ; ; ; ; ; ; ; ; ; ; ;12;284,227814327306
3355060;1;4;1; ; ; ; ; ; ; ; ; ; ; ; ;12;284,227814327306
3355062;1;1;1; ; ; ; ; ; ; ; ; ; ; ; ;12;307,517832041437
3355062;1;2;1; ; ; ; ; ; ; ; ; ; ; ; ;12;307,517832041437
3355062;1;3;1; ; ; ; ; ; ; ; ; ; ; ; ;12;307,517832041437
3355062;1;4;1; ; ; ; ; ; ; ; ; ; ; ; ;12;307,517832041437
3355062;1;5;1; ; ; ; ; ; ; ; ; ; ; ; ;12;307,517832041437
3355063;1;1;2;2;73; ;2; ; ;1;2; ; ;1; ;12;241,270737648611
3355063;1;2;2;2;73; ;2; ; ;1;2; ; ;1; ;12;241,270737648611
3355063;1;3;1; ; ; ; ; ; ; ; ; ; ; ; ;12;241,270737648611
3355064;1;1;2;2;15; ;3;13; ;1;2; ; ;1; ;12;277,407848071486
3355065;1;1;2;2;76; ;2; ; ;1;2; ; ;1; ;12;198,700870584604
3355065;1;2;1; ; ; ; ; ; ; ; ; ; ; ; ;12;198,700870584604
3355066;1;1;2;2;73; ;2; ; ;1;2; ; ;1; ;12;194,025368531807
3355066;1;2;1; ; ; ; ; ; ; ; ; ; ; ; ;12;194,025368531807
3355066;1;3;2;2;73; ;2; ; ;1;2; ; ;1; ;12;194,025368531807
3355066;1;4;1; ; ; ; ; ; ; ; ; ; ; ; ;12;194,025368531807
3355066;1;5;2;2;25; ;2; ; ;1;2; ; ;1; ;12;194,025368531807
3355067;1;1;2;2;68; ;2; ; ;1;2; ; ;1; ;12;261,161839955072
3355067;1;2;2;2;41; ;2; ; ;1;2; ; ;1; ;12;261,161839955072
3355067;1;3;2;2;18; ;2; ; ;1;2; ; ;1; ;12;261,161839955072
3355067;1;4;1; ; ; ; ; ; ; ; ; ; ; ; ;12;261,161839955072
3355068;1;1;2;2;15; ;2; ; ;1;2; ; ;1; ;12;266,574770126084
3355068;1;2;2;2;73; ;2; ; ;1;2; ; ;1; ;12;266,574770126084
3355068;1;3;2;2;11; ;2; ; ;1;2; ; ;1; ;12;266,574770126084
3355069;1;1;1; ; ; ; ; ; ; ; ; ; ; ; ;12;397,401741169208
3355069;1;2;1; ; ; ; ; ; ; ; ; ; ; ; ;12;397,401741169208
3355070;1;1;2;2;73; ;2; ; ;1;2; ; ;1; ;12;276,13126142636
3355070;1;2;2;2;11; ;2; ; ;1;2; ; ;1; ;12;276,13126142636
3355070;1;3;2;2;11; ;2; ; ;1;2; ; ;1; ;12;276,13126142636
3355070;1;4;1; ; ; ; ; ; ; ; ; ; ; ; ;12;276,13126142636
3355071;1;1;1; ; ; ; ; ; ; ; ; ; ; ; ;12;262,322697257503
3355071;1;2;1; ; ; ; ; ; ; ; ; ; ; ; ;12;262,322697257503
3355071;1;3;1; ; ; ; ; ; ; ; ; ; ; ; ;12;262,322697257503
3355071;1;4;1; ; ; ; ; ; ; ; ; ; ; ; ;12;262,322697257503
3355072;1;1;2;1; ; ;3;73; ;1;2; ; ;1; ;12;356,591224718062
3355072;1;2;2;2;73; ;3;73; ;1;2; ; ;1; ;12;356,591224718062
3355072;1;3;2;1; ; ;3;73; ;1;2; ; ;1; ;12;356,591224718062
3355072;1;4;2;2;25; ;3;73; ;1;2; ; ;1; ;12;356,591224718062
3355072;1;5;2;2;25; ;3;73; ;1;2; ; ;1; ;12;356,591224718062
3355073;1;1;1; ; ; ; ; ; ; ; ; ; ; ; ;12;316,093727427403
3355073;1;2;1; ; ; ; ; ; ; ; ; ; ; ; ;12;316,093727427403
3355073;1;3;1; ; ; ; ; ; ; ; ; ; ; ; ;12;316,093727427403
3355073;1;4;1; ; ; ; ; ; ; ; ; ; ; ; ;12;316,093727427403
3355074;1;1;1; ; ; ; ; ; ; ; ; ; ; ; ;12;210,271376648221
3355074;1;2;2;1; ; ;2; ; ;1;2; ; ;1; ;12;210,271376648221
3355075;1;1;1; ; ; ; ; ; ; ; ; ; ; ; ;12;270,048723288756
3355075;1;2;1; ; ; ; ; ; ; ; ; ; ; ; ;12;270,048723288756
3355075;1;3;1; ; ; ; ; ; ; ; ; ; ; ; ;12;270,048723288756
3355076;1;1;1; ; ; ; ; ; ; ; ; ; ; ; ;12;335,558389563366
3355076;1;2;1; ; ; ; ; ; ; ; ; ; ; ; ;12;335,558389563366
3355076;1;3;1; ; ; ; ; ; ; ; ; ; ; ; ;12;335,558389563366
3355077;1;1;1; ; ; ; ; ; ; ; ; ; ; ; ;12;288,978354135103
3355078;1;1;2;2;73; ;2; ; ;1;2; ; ;1; ;12;176,372324330586
3355078;1;2;1; ; ; ; ; ; ; ; ; ; ; ; ;12;176,372324330586
3355078;1;3;2;2;73; ;3;73; ;2;2; ; ;1; ;12;176,372324330586
3355078;1;4;2;2;73; ;3;73; ;2;2; ; ;1; ;12;176,372324330586
3355079;1;1;1; ; ; ; ; ; ; ; ; ; ; ; ;12;262,322697257503
3355079;1;2;1; ; ; ; ; ; ; ; ; ; ; ; ;12;262,322697257503
3355079;1;3;1; ; ; ; ; ; ; ; ; ; ; ; ;12;262,322697257503
3355079;1;4;1; ; ; ; ; ; ; ; ; ; ; ; ;12;262,322697257503
3355080;1;1;2;2;41; ;2; ; ;1;2; ; ;1; ;12;134,543625914321
3355080;1;2;2;2;73; ;2; ; ;1;2; ; ;1; ;12;134,543625914321
3355080;1;3;2;2;41; ;3;41; ;1;3;41; ;1; ;12;134,543625914321
3355102;1;1;2;2;68; ;2; ; ;1;2; ; ;1; ;12;73,1763959084669
3355102;1;2;1; ; ; ; ; ; ; ; ; ; ; ; ;12;73,1763959084669
3355102;1;3;2;2;11; ;2; ; ;1;2; ; ;1; ;12;73,1763959084669
3355103;1;1;2;2;15; ;3;15; ;1;3;11; ;1; ;12;109,579851788869
3355103;1;2;2;2;15; ;3;15; ;1;3;11; ;1; ;12;109,579851788869
3355103;1;3;2;2;15; ;3;15; ;1;3;11; ;1; ;12;109,579851788869
3355103;1;4;2;2;15; ;3;15; ;1;3;11; ;1; ;12;109,579851788869
3355104;1;1;2;2;15; ;2; ; ;1;2; ; ;1; ;12;96,6392781309672
3355106;1;1;2;2;68; ;3;68; ;2;2; ; ;1; ;12;78,2423281875518
3355108;1;1;1; ; ; ; ; ; ; ; ; ; ; ; ;12;93,3959377760602
3355108;1;2;2;1; ; ;2; ; ;1;2; ; ;1; ;12;93,3959377760602
3355109;1;1;2;1; ; ;2; ; ;1;2; ; ;1; ;12;78,2423281875518
3355111;1;1;1; ; ; ; ; ; ; ; ; ; ; ; ;12;130,984585560523
3355111;1;2;2;2;15; ;2; ; ;1;2; ; ;1; ;12;130,984585560523
3355111;1;3;1; ; ; ; ; ; ; ; ; ; ; ; ;12;130,984585560523
3355112;1;1;2;2;11; ;2; ; ;1;2; ; ;1; ;12;96,5354020568426
3355112;1;2;1; ; ; ; ; ; ; ; ; ; ; ; ;12;96,5354020568426
3355113;1;1;2;2;15; ;2; ; ;1;2; ; ;1; ;12;96,6392781309672
3355114;1;1;2;1; ; ;2; ; ;1;2; ; ;1; ;12;96,6392781309672
3355115;1;1;2;2;15; ;2; ; ;1;2; ; ;1; ;12;96,0380563373106
3355116;1;1;2;2;15; ;2; ; ;1;2; ; ;1; ;12;227,523272425007
3355116;1;2;2;2;25; ;2; ; ;1;2; ; ;1; ;12;227,523272425007
3355116;1;3;2;1; ; ;2; ; ;1;3;52; ;1; ;12;227,523272425007
3355117;1;1;1; ; ; ; ; ; ; ; ; ; ; ; ;12;234,009953134821
3355117;1;2;2;2;15; ;2; ; ;1;2; ; ;1; ;12;234,009953134821
3355118;1;1;2;2;15; ;2; ; ;1;2; ; ;1; ;12;183,511361294386
3355118;1;2;1; ; ; ; ; ; ; ; ; ; ; ; ;12;183,511361294386
3355118;1;3;1; ; ; ; ; ; ; ; ; ; ; ; ;12;183,511361294386
3355118;1;4;1; ; ; ; ; ; ; ; ; ; ; ; ;12;183,511361294386
3355119;1;1;1; ; ; ; ; ; ; ; ; ; ; ; ;12;91,8278289217587
3355119;1;2;1; ; ; ; ; ; ; ; ; ; ; ; ;12;91,8278289217587
3355120;1;1;2;2;15; ;2; ; ;1;2; ; ;1; ;12;72,9930654367894
3355120;1;2;1; ; ; ; ; ; ; ; ; ; ; ; ;12;72,9930654367894
3355120;1;3;1; ; ; ; ; ; ; ; ; ; ; ; ;12;72,9930654367894
3355120;1;4;1; ; ; ; ; ; ; ; ; ; ; ; ;12;72,9930654367894
3355121;1;1;1; ; ; ; ; ; ; ; ; ; ; ; ;12;135,913748346665
3355121;1;2;1; ; ; ; ; ; ; ; ; ; ; ; ;12;135,913748346665
3355121;1;3;1; ; ; ; ; ; ; ; ; ; ; ; ;12;135,913748346665
3355121;1;4;1; ; ; ; ; ; ; ; ; ; ; ; ;12;135,913748346665
3355122;1;1;2;2;15; ;3;15; ;1;2; ; ;1; ;12;185,438565800391
3355122;1;2;2;2;15; ;1; ; ; ;2; ; ;1; ;12;185,438565800391
3355122;1;3;1; ; ; ; ; ; ; ; ; ; ; ; ;12;185,438565800391
3355123;1;1;1; ; ; ; ; ; ; ; ; ; ; ; ;12;176,293350050595
3355123;1;2;1; ; ; ; ; ; ; ; ; ; ; ; ;12;176,293350050595
3355123;1;3;1; ; ; ; ; ; ; ; ; ; ; ; ;12;176,293350050595
3355123;1;4;1; ; ; ; ; ; ; ; ; ; ; ; ;12;176,293350050595
3355123;1;5;1; ; ; ; ; ; ; ; ; ; ; ; ;12;176,293350050595
3355124;1;1;2;2;15; ;3;25; ;2;2; ; ;1; ;12;241,227964378612
3355125;1;1;2;2;15; ;2; ; ;1;2; ; ;1; ;12;91,8278289217587
3355125;1;2;2;2;15; ;2; ; ;1;2; ; ;1; ;12;91,8278289217587
3355127;1;1;2;2;25; ;2; ; ;1;2; ; ;1; ;12;96,0380563373106
3355128;1;1;1; ; ; ; ; ; ; ; ; ; ; ; ;12;128,695737102874
3355128;1;2;1; ; ; ; ; ; ; ; ; ; ; ; ;12;128,695737102874
3355128;1;3;1; ; ; ; ; ; ; ; ; ; ; ; ;12;128,695737102874
3355128;1;4;1; ; ; ; ; ; ; ; ; ; ; ; ;12;128,695737102874
3355128;1;5;1; ; ; ; ; ; ; ; ; ; ; ; ;12;128,695737102874
3355128;1;6;1; ; ; ; ; ; ; ; ; ; ; ; ;12;128,695737102874
3355129;1;1;1; ; ; ; ; ; ; ; ; ; ; ; ;12;131,135881316494
3355129;1;2;1; ; ; ; ; ; ; ; ; ; ; ; ;12;131,135881316494
3355129;1;3;1; ; ; ; ; ; ; ; ; ; ; ; ;12;131,135881316494
3355129;1;4;1; ; ; ; ; ; ; ; ; ; ; ; ;12;131,135881316494
3355129;1;5;1; ; ; ; ; ; ; ; ; ; ; ; ;12;131,135881316494
3355129;1;6;1; ; ; ; ; ; ; ; ; ; ; ; ;12;131,135881316494
3355130;1;1;2;2;68; ;2; ; ;1;2; ; ;1; ;12;124,64920060668
3355130;1;2;2;2;68; ;2; ; ;1;2; ; ;1; ;12;124,64920060668
3355130;1;3;1; ; ; ; ; ; ; ; ; ; ; ; ;12;124,64920060668
3355130;1;4;1; ; ; ; ; ; ; ; ; ; ; ; ;12;124,64920060668
3355130;1;5;1; ; ; ; ; ; ; ; ; ; ; ; ;12;124,64920060668
3355130;1;6;1; ; ; ; ; ; ; ; ; ; ; ; ;12;124,64920060668
3355130;1;7;1; ; ; ; ; ; ; ; ; ; ; ; ;12;124,64920060668
3355133;1;1;2;2;15; ;2; ; ;1;2; ; ;1; ;12;114,127301479492
3355133;1;2;1; ; ; ; ; ; ; ; ; ; ; ; ;12;114,127301479492
3355133;1;3;1; ; ; ; ; ; ; ; ; ; ; ; ;12;114,127301479492
3355134;1;1;2;2;15; ;2; ; ;1;2; ; ;1; ;12;59,8578674772823
3355134;1;2;1; ; ; ; ; ; ; ; ; ; ; ; ;12;59,8578674772823
3355134;1;3;1; ; ; ; ; ; ; ; ; ; ; ; ;12;59,8578674772823
3355134;1;4;2;1; ; ;3;11; ;1;2; ; ;1; ;12;59,8578674772823
3355134;2;1;1; ; ; ; ; ; ; ; ; ; ; ; ;12;59,8578674772823
3355134;2;2;1; ; ; ; ; ; ; ; ; ; ; ; ;12;59,8578674772823
3355134;2;3;1; ; ; ; ; ; ; ; ; ; ; ; ;12;59,8578674772823
3355135;1;1;1; ; ; ; ; ; ; ; ; ; ; ; ;12;91,3900153802047
3355135;1;2;1; ; ; ; ; ; ; ; ; ; ; ; ;12;91,3900153802047
3355135;1;3;1; ; ; ; ; ; ; ; ; ; ; ; ;12;91,3900153802047
3355135;1;4;1; ; ; ; ; ; ; ; ; ; ; ; ;12;91,3900153802047
3355136;1;1;1; ; ; ; ; ; ; ; ; ; ; ; ;12;69,7497250818823
3355136;1;2;1; ; ; ; ; ; ; ; ; ; ; ; ;12;69,7497250818823
3355136;1;3;1; ; ; ; ; ; ; ; ; ; ; ; ;12;69,7497250818823
3355136;1;4;1; ; ; ; ; ; ; ; ; ; ; ; ;12;69,7497250818823
3355136;1;5;1; ; ; ; ; ; ; ; ; ; ; ; ;12;69,7497250818823
3355137;1;1;1; ; ; ; ; ; ; ; ; ; ; ; ;12;135,913748346665
3355137;1;2;1; ; ; ; ; ; ; ; ; ; ; ; ;12;135,913748346665
3355137;1;3;1; ; ; ; ; ; ; ; ; ; ; ; ;12;135,913748346665
3355137;1;4;1; ; ; ; ; ; ; ; ; ; ; ; ;12;135,913748346665
3355138;1;1;2;2;15; ;3;15; ;1;2; ; ;1; ;12;116,403754773754
3355138;1;2;2;2;15; ;3;15; ;1;2; ; ;1; ;12;116,403754773754
3355139;1;1;1; ; ; ; ; ; ; ; ; ; ; ; ;12;93,1881856278109
3355139;1;2;1; ; ; ; ; ; ; ; ; ; ; ; ;12;93,1881856278109
3355139;1;3;1; ; ; ; ; ; ; ; ; ; ; ; ;12;93,1881856278109
3355139;1;4;1; ; ; ; ; ; ; ; ; ; ; ; ;12;93,1881856278109
3355140;1;1;1; ; ; ; ; ; ; ; ; ; ; ; ;12;91,755680647193
3355140;1;2;1; ; ; ; ; ; ; ; ; ; ; ; ;12;91,755680647193
3355140;1;3;1; ; ; ; ; ; ; ; ; ; ; ; ;12;91,755680647193
3355140;1;4;1; ; ; ; ; ; ; ; ; ; ; ; ;12;91,755680647193
3355141;1;1;2;2;15; ;3;11; ;1;2; ; ;1; ;12;120,613982189306
3355143;1;1;1; ; ; ; ; ; ; ; ; ; ; ; ;12;96,0380563373106
3355144;1;1;1; ; ; ; ; ; ; ; ; ; ; ; ;12;95,1823514737776
3355144;1;2;1; ; ; ; ; ; ; ; ; ; ; ; ;12;95,1823514737776
3355145;1;1;1; ; ; ; ; ; ; ; ; ; ; ; ;12;125,099126644365
3355145;1;2;1; ; ; ; ; ; ; ; ; ; ; ; ;12;125,099126644365
3355145;1;3;1; ; ; ; ; ; ; ; ; ; ; ; ;12;125,099126644365
3355145;1;4;1; ; ; ; ; ; ; ; ; ; ; ; ;12;125,099126644365
3355145;1;5;1; ; ; ; ; ; ; ; ; ; ; ; ;12;125,099126644365
3355146;1;1;2;2;15; ;2; ; ;1;2; ; ;1; ;12;68,7828380212375
3355146;1;2;2;2;15; ;2; ; ;1;2; ; ;1; ;12;68,7828380212375
3355146;1;3;1; ; ; ; ; ; ; ; ; ; ; ; ;12;68,7828380212375
3355146;1;4;1; ; ; ; ; ; ; ; ; ; ; ; ;12;68,7828380212375
3355146;1;5;2;2;15; ;2; ; ;1;2; ; ;1; ;12;68,7828380212375
3355148;1;1;1; ; ; ; ; ; ; ; ; ; ; ; ;12;132,952695440053
3355148;1;2;1; ; ; ; ; ; ; ; ; ; ; ; ;12;132,952695440053
3355148;1;3;1; ; ; ; ; ; ; ; ; ; ; ; ;12;132,952695440053
3355148;1;4;1; ; ; ; ; ; ; ; ; ; ; ; ;12;132,952695440053
3355148;1;5;1; ; ; ; ; ; ; ; ; ; ; ; ;12;132,952695440053
3355148;1;6;1; ; ; ; ; ; ; ; ; ; ; ; ;12;132,952695440053
3355149;1;1;1; ; ; ; ; ; ; ; ; ; ; ; ;12;131,481931280055
3355149;1;2;1; ; ; ; ; ; ; ; ; ; ; ; ;12;131,481931280055
3355149;1;3;1; ; ; ; ; ; ; ; ; ; ; ; ;12;131,481931280055
3355149;1;4;1; ; ; ; ; ; ; ; ; ; ; ; ;12;131,481931280055
3355150;1;1;2;2;25; ;3;25; ;1;2; ; ;1; ;12;140,97968062575
3355150;1;2;2;2;25; ;2; ; ;1;2; ; ;1; ;12;140,97968062575
3355151;1;1;1; ; ; ; ; ; ; ; ; ; ; ; ;12;106,336511433961
3355151;1;2;2;2;15; ;2; ; ;1;2; ; ;1; ;12;106,336511433961
3355151;1;3;1; ; ; ; ; ; ; ; ; ; ; ; ;12;106,336511433961
3355151;1;4;1; ; ; ; ; ; ; ; ; ; ; ; ;12;106,336511433961
3355151;1;5;1; ; ; ; ; ; ; ; ; ; ; ; ;12;106,336511433961
3355152;1;1;1; ; ; ; ; ; ; ; ; ; ; ; ;12;120,613982189306
3355153;1;1;2;2;11; ;3;11; ;1;2; ; ;1; ;12;91,6518045730684
3355153;1;2;2;1; ; ;3;11; ;1;2; ; ;1; ;12;91,6518045730684
3355153;1;3;2;2;11; ;3;25; ;1;2; ; ;1; ;12;91,6518045730684
3355153;1;4;1; ; ; ; ; ; ; ; ; ; ; ; ;12;91,6518045730684
3355153;1;5;1; ; ; ; ; ; ; ; ; ; ; ; ;12;91,6518045730684
3355154;1;1;1; ; ; ; ; ; ; ; ; ; ; ; ;12;91,755680647193
3355154;1;2;1; ; ; ; ; ; ; ; ; ; ; ; ;12;91,755680647193
3355154;1;3;1; ; ; ; ; ; ; ; ; ; ; ; ;12;91,755680647193
3355154;1;4;1; ; ; ; ; ; ; ; ; ; ; ; ;12;91,755680647193
3355155;1;1;1; ; ; ; ; ; ; ; ; ; ; ; ;12;128,134714851023
3355155;1;2;1; ; ; ; ; ; ; ; ; ; ; ; ;12;128,134714851023
3355155;1;3;1; ; ; ; ; ; ; ; ; ; ; ; ;12;128,134714851023
3355155;1;4;1; ; ; ; ; ; ; ; ; ; ; ; ;12;128,134714851023
3355155;1;5;1; ; ; ; ; ; ; ; ; ; ; ; ;12;128,134714851023
3355155;1;6;1; ; ; ; ; ; ; ; ; ; ; ; ;12;128,134714851023
3355156;1;1;2;2;68; ;3;68; ;1;2; ; ;1; ;12;509,982258912185
3355156;1;2;2;2;68; ;3;68; ;1;2; ; ;1; ;12;509,982258912185
3355156;1;3;2;2;68; ;3;68; ;1;2; ; ;1; ;12;509,982258912185
3355156;1;4;2;2;68; ;1; ; ; ;2; ; ;1; ;12;509,982258912185
3355156;1;5;2;2;68; ;3;68; ;1;2; ; ;1; ;12;509,982258912185
3355157;1;1;2;2;15; ;2; ; ;1;2; ; ;1; ;12;413,565212394435
3355157;1;2;2;2;15; ;2; ; ;1;2; ; ;1; ;12;413,565212394435
3355157;1;3;2;2;15; ;2; ; ;1;2; ; ;1; ;12;413,565212394435
3355157;1;4;2;2;15; ;2; ; ;1;2; ; ;1; ;12;413,565212394435
3355157;1;5;2;2;68; ;2; ; ;1;2; ; ;1; ;12;413,565212394435
3355158;1;1;2;2;54; ;2; ; ;1;2; ; ;1; ;12;372,048680092991
3355158;1;2;2;2;54; ;2; ; ;1;2; ; ;1; ;12;372,048680092991
3355158;1;3;2;2;54; ;2; ; ;1;2; ; ;1; ;12;372,048680092991
3355158;1;4;2;2;68; ;2; ; ;1;2; ; ;1; ;12;372,048680092991
3355159;1;1;2;2;68; ;2; ; ;1;2; ; ;1; ;12;312,933505808384
3355159;1;2;2;2;68; ;2; ; ;1;2; ; ;1; ;12;312,933505808384
3355159;1;3;1; ; ; ; ; ; ; ; ; ; ; ; ;12;312,933505808384
3355159;1;4;2;2;68; ;2; ; ;1;2; ; ;1; ;12;312,933505808384
3355159;1;5;2;2;68; ;2; ; ;1;2; ; ;1; ;12;312,933505808384
3355159;2;1;2;2;68; ;2; ; ;1;2; ; ;1; ;12;312,933505808384
3355159;2;2;2;2;68; ;2; ; ;1;2; ; ;1; ;12;312,933505808384
3355159;2;3;2;2;68; ;2; ; ;1;2; ; ;1; ;12;312,933505808384
3355160;1;1;2;2;68; ;2; ; ;1;2; ; ;1; ;12;428,718068948981
3355161;1;1;2;2;68; ;3;68; ;1;3;68; ;1; ;12;417,99516812389
3355161;1;2;2;2;68; ;2; ; ;1;2; ; ;1; ;12;417,99516812389
3355162;1;1;2;2;68; ;3;68; ;1;2; ; ;1; ;12;395,54169256755
3355162;1;2;2;2;68; ;3;68; ;1;2; ; ;1; ;12;395,54169256755
3355162;1;3;2;2;68; ;2; ; ;1;2; ; ;1; ;12;395,54169256755
3355162;1;4;2;2;68; ;2; ; ;1;2; ; ;1; ;12;395,54169256755
3355163;1;1;2;2;50; ;2; ; ;1;2; ; ;1; ;12;523,581331495218
3355163;1;2;2;2;15; ;2; ; ;1;2; ; ;1; ;12;523,581331495218
3355163;1;3;2;2;50; ;2; ; ;1;2; ; ;1; ;12;523,581331495218
3355164;1;1;2;2;68; ;2; ; ;1;2; ; ;1; ;12;414,019166948591
3355164;1;2;2;2;68; ;3;68; ;1;2; ; ;1; ;12;414,019166948591
3355164;1;3;2;2;68; ;4; ;3; ;2; ; ;1; ;12;414,019166948591
3355165;1;1;2;2;68; ;2; ; ;1;2; ; ;1; ;12;540,181840665463
3355165;1;2;2;2;68; ;2; ; ;1;2; ; ;1; ;12;540,181840665463
3355165;2;1;2;2;68; ;3;68; ;1;3;68; ;1; ;12;540,181840665463
3355165;2;2;2;2;68; ;3;68; ;1;3;68; ;1; ;12;540,181840665463
3355165;2;3;2;2;68; ;3;68; ;1;3;68; ;1; ;12;540,181840665463
3355165;2;4;2;2;68; ;1; ; ; ;3;68; ;1; ;12;540,181840665463
3355166;1;1;2;2;68; ;2; ; ;1;2; ; ;1; ;12;475,78375094133
3355166;1;2;2;2;68; ;3;11; ;1;2; ; ;1; ;12;475,78375094133
3355166;1;3;2;2;68; ;3;11; ;1;2; ; ;1; ;12;475,78375094133
3355167;1;1;2;2;20; ;2; ; ;1;2; ; ;1; ;12;557,248517270364
3355167;1;2;1; ; ; ; ; ; ; ; ; ; ; ; ;12;557,248517270364
3355167;1;3;1; ; ; ; ; ; ; ; ; ; ; ; ;12;557,248517270364
3355167;1;4;1; ; ; ; ; ; ; ; ; ; ; ; ;12;557,248517270364
3355167;1;5;1; ; ; ; ; ; ; ; ; ; ; ; ;12;557,248517270364
3355167;1;6;1; ; ; ; ; ; ; ; ; ; ; ; ;12;557,248517270364
3355168;1;1;2;2;68; ;2; ; ;1;2; ; ;1; ;12;374,34186542374
3355168;1;2;2;2;11; ;2; ; ;1;2; ; ;1; ;12;374,34186542374
3355168;1;3;2;2;11; ;2; ; ;1;2; ; ;1; ;12;374,34186542374
3355168;1;4;1; ; ; ; ; ; ; ; ; ; ; ; ;12;374,34186542374
3355168;1;5;1; ; ; ; ; ; ; ; ; ; ; ; ;12;374,34186542374
3355169;1;1;1; ; ; ; ; ; ; ; ; ; ; ; ;12;613,612351663799
3355169;1;2;1; ; ; ; ; ; ; ; ; ; ; ; ;12;613,612351663799
3355169;1;3;2;2;68; ;2; ; ;1;2; ; ;1; ;12;613,612351663799
3355170;1;1;2;2;68; ;2; ; ;1;2; ; ;1; ;12;434,373880204873
3355170;1;2;2;3; ;11;2; ; ;1;2; ; ;1; ;12;434,373880204873
3355170;1;3;2;3; ;2;2; ; ;1;2; ; ;1; ;12;434,373880204873
3355171;1;1;2;2;68; ;2; ; ;1;2; ; ;1; ;12;483,895288946911
3355171;1;2;2;2;68; ;2; ; ;1;2; ; ;1; ;12;483,895288946911
3355171;1;3;2;2;52; ;2; ; ;1;2; ; ;1; ;12;483,895288946911
3355172;1;1;2;2;68; ;2; ; ;1;2; ; ;1; ;12;519,827127409181
3355172;1;2;2;1; ; ;2; ; ;1;2; ; ;1; ;12;519,827127409181
3355172;1;3;2;1; ; ;2; ; ;1;2; ; ;1; ;12;519,827127409181
3355172;1;4;2;2;68; ;2; ; ;1;2; ; ;1; ;12;519,827127409181
3355172;1;5;2;2;68; ;2; ; ;1;2; ; ;1; ;12;519,827127409181
3355172;1;6;2;2;68; ;2; ; ;1;2; ; ;1; ;12;519,827127409181
3355173;1;1;1; ; ; ; ; ; ; ; ; ; ; ; ;12;498,350602732302
3355173;1;2;1; ; ; ; ; ; ; ; ; ; ; ; ;12;498,350602732302
3355173;1;3;1; ; ; ; ; ; ; ; ; ; ; ; ;12;498,350602732302
3355173;1;4;1; ; ; ; ; ; ; ; ; ; ; ; ;12;498,350602732302
3355174;1;1;2;2;11; ;2; ; ;1;2; ; ;1; ;12;369,73413071258
3355174;1;2;1; ; ; ; ; ; ; ; ; ; ; ; ;12;369,73413071258
3355174;1;3;2;2;68; ;2; ; ;1;2; ; ;1; ;12;369,73413071258
3355175;1;1;2;2;68; ;2; ; ;1;2; ; ;1; ;12;467,304282079931
3355176;1;1;1; ; ; ; ; ; ; ; ; ; ; ; ;12;432,45048190928
3355176;1;2;1; ; ; ; ; ; ; ; ; ; ; ; ;12;432,45048190928
3355176;1;3;1; ; ; ; ; ; ; ; ; ; ; ; ;12;432,45048190928
3355177;1;1;2;2;68; ;2; ; ;1;2; ; ;1; ;12;524,681922192385
3355177;1;2;1; ; ; ; ; ; ; ; ; ; ; ; ;12;524,681922192385
3355178;1;1;1; ; ; ; ; ; ; ; ; ; ; ; ;12;449,04148877626
3355178;1;2;1; ; ; ; ; ; ; ; ; ; ; ; ;12;449,04148877626
3355178;1;3;1; ; ; ; ; ; ; ; ; ; ; ; ;12;449,04148877626
3355178;1;4;1; ; ; ; ; ; ; ; ; ; ; ; ;12;449,04148877626
3355178;1;5;1; ; ; ; ; ; ; ; ; ; ; ; ;12;449,04148877626
3355179;1;1;2;1; ; ;3;47; ;1;2; ; ;1; ;12;571,746842904924
3355179;1;2;2;1; ; ;2; ; ;1;2; ; ;1; ;12;571,746842904924
3355179;1;3;2;1; ; ;2; ; ;1;2; ; ;1; ;12;571,746842904924
3355179;1;4;2;1; ; ;2; ; ;1;2; ; ;1; ;12;571,746842904924
3355179;1;5;1; ; ; ; ; ; ; ; ; ; ; ; ;12;571,746842904924
3355180;1;1;1; ; ; ; ; ; ; ; ; ; ; ; ;12;385,064766248831
3355180;1;2;2;1; ; ;2; ; ;1;2; ; ;1; ;12;385,064766248831
3355180;1;3;1; ; ; ; ; ; ; ; ; ; ; ; ;12;385,064766248831
3355180;1;4;1; ; ; ; ; ; ; ; ; ; ; ; ;12;385,064766248831
3355181;1;1;2;2;68; ;2; ; ;1;2; ; ;1; ;12;473,172388121819
3355181;1;2;2;2;15; ;2; ; ;1;2; ; ;1; ;12;473,172388121819
3355181;1;3;1; ; ; ; ; ; ; ; ; ; ; ; ;12;473,172388121819
3355181;1;4;1; ; ; ; ; ; ; ; ; ; ; ; ;12;473,172388121819
3355182;1;1;1; ; ; ; ; ; ; ; ; ; ; ; ;12;166,786653278478
3355182;1;2;1; ; ; ; ; ; ; ; ; ; ; ; ;12;166,786653278478
3355182;1;3;1; ; ; ; ; ; ; ; ; ; ; ; ;12;166,786653278478
3355182;1;4;1; ; ; ; ; ; ; ; ; ; ; ; ;12;166,786653278478
3355182;1;5;1; ; ; ; ; ; ; ; ; ; ; ; ;12;166,786653278478
3355182;1;6;1; ; ; ; ; ; ; ; ; ; ; ; ;12;166,786653278478
3355182;1;7;1; ; ; ; ; ; ; ; ; ; ; ; ;12;166,786653278478
3355183;1;1;1; ; ; ; ; ; ; ; ; ; ; ; ;12;102,946383503601
3355183;1;2;1; ; ; ; ; ; ; ; ; ; ; ; ;12;102,946383503601
3355183;1;3;1; ; ; ; ; ; ; ; ; ; ; ; ;12;102,946383503601
3355183;1;4;1; ; ; ; ; ; ; ; ; ; ; ; ;12;102,946383503601
3355183;1;5;1; ; ; ; ; ; ; ; ; ; ; ; ;12;102,946383503601
3355183;1;6;1; ; ; ; ; ; ; ; ; ; ; ; ;12;102,946383503601
3355183;1;7;1; ; ; ; ; ; ; ; ; ; ; ; ;12;102,946383503601
3355183;1;8;1; ; ; ; ; ; ; ; ; ; ; ; ;12;102,946383503601
3355184;1;1;2;2;05; ;2; ; ;1;2; ; ;1; ;12;671,948289349766
3355185;1;1;1; ; ; ; ; ; ; ; ; ; ; ; ;12;618,668237047879
3355185;1;2;1; ; ; ; ; ; ; ; ; ; ; ; ;12;618,668237047879
3355185;1;3;1; ; ; ; ; ; ; ; ; ; ; ; ;12;618,668237047879
3355186;1;1;1; ; ; ; ; ; ; ; ; ; ; ; ;12;139,747553768829
3355186;1;2;1; ; ; ; ; ; ; ; ; ; ; ; ;12;139,747553768829
3355186;1;3;1; ; ; ; ; ; ; ; ; ; ; ; ;12;139,747553768829
3355186;1;4;1; ; ; ; ; ; ; ; ; ; ; ; ;12;139,747553768829
3355186;1;5;1; ; ; ; ; ; ; ; ; ; ; ; ;12;139,747553768829
3355186;1;6;1; ; ; ; ; ; ; ; ; ; ; ; ;12;139,747553768829
3355187;1;1;1; ; ; ; ; ; ; ; ; ; ; ; ;12;135,705419581317
3355187;1;2;1; ; ; ; ; ; ; ; ; ; ; ; ;12;135,705419581317
3355187;1;3;1; ; ; ; ; ; ; ; ; ; ; ; ;12;135,705419581317
3355188;1;1;2;2;23; ;2; ; ;1;2; ; ;1; ;12;124,949918230492
3355188;1;2;1; ; ; ; ; ; ; ; ; ; ; ; ;12;124,949918230492
3355188;1;3;1; ; ; ; ; ; ; ; ; ; ; ; ;12;124,949918230492
3355188;1;4;1; ; ; ; ; ; ; ; ; ; ; ; ;12;124,949918230492
3355188;1;5;1; ; ; ; ; ; ; ; ; ; ; ; ;12;124,949918230492
3355188;1;6;1; ; ; ; ; ; ; ; ; ; ; ; ;12;124,949918230492
3355189;1;1;1; ; ; ; ; ; ; ; ; ; ; ; ;12;174,497443417799
3355189;1;2;1; ; ; ; ; ; ; ; ; ; ; ; ;12;174,497443417799
3355189;1;3;1; ; ; ; ; ; ; ; ; ; ; ; ;12;174,497443417799
3355189;1;4;1; ; ; ; ; ; ; ; ; ; ; ; ;12;174,497443417799
3355190;1;1;2;2;23; ;3;23; ;1;2; ; ;1; ;12;519,644362931718
3355190;1;2;2;1; ; ;3;23; ;1;2; ; ;1; ;12;519,644362931718
3355190;1;3;1; ; ; ; ; ; ; ; ; ; ; ; ;12;519,644362931718
3355190;1;4;1; ; ; ; ; ; ; ; ; ; ; ; ;12;519,644362931718
3355191;1;1;2;2;23; ;3;85; ;1;2; ; ;1; ;12;560,539753261353
3355191;1;2;2;2;15; ;2; ; ;1;2; ; ;1; ;12;560,539753261353
3355191;1;3;2;2;85; ;2; ; ;1;2; ; ;1; ;12;560,539753261353
3355191;1;4;1; ; ; ; ; ; ; ; ; ; ; ; ;12;560,539753261353
3355192;1;1;2;2;05; ;2; ; ;1;2; ; ;1; ;12;530,631534734794
3355192;1;2;2;2;17; ;2; ; ;1;2; ; ;1; ;12;530,631534734794
3355193;1;1;2;2;23; ;3;68; ;1;2; ; ;1; ;12;498,913665073856
3355193;1;2;2;2;23; ;3;11; ;1;2; ; ;1; ;12;498,913665073856
3355193;1;3;2;2;23; ;2; ; ;1;2; ; ;1; ;12;498,913665073856
3355193;1;4;1; ; ; ; ; ; ; ; ; ; ; ; ;12;498,913665073856
3355194;1;1;1; ; ; ; ; ; ; ; ; ; ; ; ;12;156,439783820304
3355194;1;2;1; ; ; ; ; ; ; ; ; ; ; ; ;12;156,439783820304
3355194;1;3;2;2;23; ;3;23; ;1;2; ; ;1; ;12;156,439783820304
3355194;1;4;1; ; ; ; ; ; ; ; ; ; ; ; ;12;156,439783820304
3355194;1;5;2;1; ; ;3;23; ;2;2; ; ;1; ;12;156,439783820304
3355195;1;1;2;2;05; ;2; ; ;1;2; ; ;1; ;12;120,940547486093
3355195;1;2;1; ; ; ; ; ; ; ; ; ; ; ; ;12;120,940547486093
3355196;1;1;1; ; ; ; ; ; ; ; ; ; ; ; ;12;191,28029167601
3355196;1;2;1; ; ; ; ; ; ; ; ; ; ; ; ;12;191,28029167601
3355196;1;3;1; ; ; ; ; ; ; ; ; ; ; ; ;12;191,28029167601
3355196;1;4;1; ; ; ; ; ; ; ; ; ; ; ; ;12;191,28029167601
3355197;1;1;1; ; ; ; ; ; ; ; ; ; ; ; ;12;138,280827971282
3355197;1;2;1; ; ; ; ; ; ; ; ; ; ; ; ;12;138,280827971282
3355197;1;3;1; ; ; ; ; ; ; ; ; ; ; ; ;12;138,280827971282
3355197;1;4;1; ; ; ; ; ; ; ; ; ; ; ; ;12;138,280827971282
3355198;1;1;1; ; ; ; ; ; ; ; ; ; ; ; ;12;145,604233564094
3355198;1;2;1; ; ; ; ; ; ; ; ; ; ; ; ;12;145,604233564094
3355198;1;3;1; ; ; ; ; ; ; ; ; ; ; ; ;12;145,604233564094
3355199;1;1;2;2;11; ;3;11; ;1;3;11; ;1; ;12;665,679934355209
3355199;1;2;2;2;11; ;3;11; ;1;3;11; ;1; ;12;665,679934355209
3355199;1;3;2;2;11; ;3;11; ;1;3;11; ;1; ;12;665,679934355209
3355200;1;1;2;2;15; ;3;11; ;1;3;23; ;1; ;12;607,778227855932
3355200;1;2;2;2;68; ;3;68; ;1;3;23; ;1; ;12;607,778227855932
3355201;1;1;2;2;23; ;2; ; ;1;2; ; ;1; ;12;580,242090754194
3355201;1;2;1; ; ; ; ; ; ; ; ; ; ; ; ;12;580,242090754194
3355202;1;1;1; ; ; ; ; ; ; ; ; ; ; ; ;12;566,882837526298
3355202;1;2;1; ; ; ; ; ; ; ; ; ; ; ; ;12;566,882837526298
3355203;1;1;1; ; ; ; ; ; ; ; ; ; ; ; ;12;122,759069700922
3355203;1;2;1; ; ; ; ; ; ; ; ; ; ; ; ;12;122,759069700922
3355204;1;1;1; ; ; ; ; ; ; ; ; ; ; ; ;12;155,407392146722
3355204;1;2;1; ; ; ; ; ; ; ; ; ; ; ; ;12;155,407392146722
3355204;1;3;1; ; ; ; ; ; ; ; ; ; ; ; ;12;155,407392146722
3355204;1;4;1; ; ; ; ; ; ; ; ; ; ; ; ;12;155,407392146722
3355205;1;1;1; ; ; ; ; ; ; ; ; ; ; ; ;12;91,8136021247054
3355205;1;2;1; ; ; ; ; ; ; ; ; ; ; ; ;12;91,8136021247054
3355205;1;3;1; ; ; ; ; ; ; ; ; ; ; ; ;12;91,8136021247054
3355205;1;4;1; ; ; ; ; ; ; ; ; ; ; ; ;12;91,8136021247054
3355205;1;5;1; ; ; ; ; ; ; ; ; ; ; ; ;12;91,8136021247054
3355205;1;6;1; ; ; ; ; ; ; ; ; ; ; ; ;12;91,8136021247054
3355206;1;1;2;2;11; ;2; ; ;1;2; ; ;1; ;12;587,332988987532
3355206;1;2;2;2;11; ;2; ; ;1;2; ; ;1; ;12;587,332988987532
3355206;1;3;2;2;11; ;2; ; ;1;2; ; ;1; ;12;587,332988987532
3355206;1;4;2;2;11; ;2; ; ;1;2; ; ;1; ;12;587,332988987532
3355207;1;1;2;3; ;4;2; ; ;1;2; ; ;1; ;12;151,944556963983
3355207;1;2;2;2;11; ;2; ; ;1;2; ; ;1; ;12;151,944556963983
3355208;1;1;1; ; ; ; ; ; ; ; ; ; ; ; ;12;161,843370946759
3355208;1;2;1; ; ; ; ; ; ; ; ; ; ; ; ;12;161,843370946759
3355209;1;1;1; ; ; ; ; ; ; ; ; ; ; ; ;12;164,890906844378
3355209;1;2;1; ; ; ; ; ; ; ; ; ; ; ; ;12;164,890906844378
3355209;1;3;1; ; ; ; ; ; ; ; ; ; ; ; ;12;164,890906844378
3355210;1;1;1; ; ; ; ; ; ; ; ; ; ; ; ;12;420,597862315298
3355210;1;2;2;2;23; ;2; ; ;1;2; ; ;1; ;12;420,597862315298
3355210;1;3;1; ; ; ; ; ; ; ; ; ; ; ; ;12;420,597862315298
3355210;1;4;1; ; ; ; ; ; ; ; ; ; ; ; ;12;420,597862315298
3355210;1;5;1; ; ; ; ; ; ; ; ; ; ; ; ;12;420,597862315298
3355211;1;1;2;2;05; ;2; ; ;1;2; ; ;1; ;12;424,322244003517
3355211;1;2;1; ; ; ; ; ; ; ; ; ; ; ; ;12;424,322244003517
3355211;1;3;1; ; ; ; ; ; ; ; ; ; ; ; ;12;424,322244003517
3355211;1;4;1; ; ; ; ; ; ; ; ; ; ; ; ;12;424,322244003517
3355212;1;1;1; ; ; ; ; ; ; ; ; ; ; ; ;12;576,935067298647
3355212;1;2;1; ; ; ; ; ; ; ; ; ; ; ; ;12;576,935067298647
3355212;1;3;1; ; ; ; ; ; ; ; ; ; ; ; ;12;576,935067298647
3355212;1;4;2;2;76; ;2; ; ;1;2; ; ;1; ;12;576,935067298647
3355212;1;5;2;2;05; ;3;05; ;1;2; ; ;1; ;12;576,935067298647
3355213;1;1;1; ; ; ; ; ; ; ; ; ; ; ; ;12;151,308563637399
3355213;1;2;1; ; ; ; ; ; ; ; ; ; ; ; ;12;151,308563637399
3355213;1;3;2;2;70; ;2; ; ;1;2; ; ;1; ;12;151,308563637399
3355214;1;1;1; ; ; ; ; ; ; ; ; ; ; ; ;12;81,1447265998544
3355214;1;2;1; ; ; ; ; ; ; ; ; ; ; ; ;12;81,1447265998544
3355214;1;3;1; ; ; ; ; ; ; ; ; ; ; ; ;12;81,1447265998544
3355214;2;1;1; ; ; ; ; ; ; ; ; ; ; ; ;12;81,1447265998544
3355214;2;2;1; ; ; ; ; ; ; ; ; ; ; ; ;12;81,1447265998544
3355214;2;3;1; ; ; ; ; ; ; ; ; ; ; ; ;12;81,1447265998544
3355214;2;4;1; ; ; ; ; ; ; ; ; ; ; ; ;12;81,1447265998544
3355215;1;1;1; ; ; ; ; ; ; ; ; ; ; ; ;12;131,729612947759
3355215;1;2;1; ; ; ; ; ; ; ; ; ; ; ; ;12;131,729612947759
3355215;1;3;1; ; ; ; ; ; ; ; ; ; ; ; ;12;131,729612947759
3355215;1;4;1; ; ; ; ; ; ; ; ; ; ; ; ;12;131,729612947759
3355216;1;1;1; ; ; ; ; ; ; ; ; ; ; ; ;12;153,499412166969
3355216;1;2;1; ; ; ; ; ; ; ; ; ; ; ; ;12;153,499412166969
3355216;1;3;1; ; ; ; ; ; ; ; ; ; ; ; ;12;153,499412166969
3355216;1;4;1; ; ; ; ; ; ; ; ; ; ; ; ;12;153,499412166969
3355216;1;5;1; ; ; ; ; ; ; ; ; ; ; ; ;12;153,499412166969
3355216;1;6;1; ; ; ; ; ; ; ; ; ; ; ; ;12;153,499412166969
3355216;1;7;1; ; ; ; ; ; ; ; ; ; ; ; ;12;153,499412166969
3355217;1;1;1; ; ; ; ; ; ; ; ; ; ; ; ;12;176,957615584278
3355217;1;2;1; ; ; ; ; ; ; ; ; ; ; ; ;12;176,957615584278
3355217;1;3;1; ; ; ; ; ; ; ; ; ; ; ; ;12;176,957615584278
3355218;1;1;2;1; ; ;3;23; ;1;2; ; ;1; ;12;131,478179481569
3355218;1;2;1; ; ; ; ; ; ; ; ; ; ; ; ;12;131,478179481569
3355219;1;1;1; ; ; ; ; ; ; ; ; ; ; ; ;12;151,944556963983
3355219;1;2;2;1; ; ;2; ; ;1;2; ; ;1; ;12;151,944556963983
3355220;1;1;1; ; ; ; ; ; ; ; ; ; ; ; ;12;167,333188840138
3355220;1;2;1; ; ; ; ; ; ; ; ; ; ; ; ;12;167,333188840138
3355220;1;3;1; ; ; ; ; ; ; ; ; ; ; ; ;12;167,333188840138
3355220;1;4;2;2;05; ;2; ; ;1;2; ; ;1; ;12;167,333188840138
3355220;1;5;2;2;05; ;2; ; ;1;2; ; ;1; ;12;167,333188840138
3355220;1;6;2;2;05; ;2; ; ;1;2; ; ;1; ;12;167,333188840138
3355220;1;7;1; ; ; ; ; ; ; ; ; ; ; ; ;12;167,333188840138
3355220;1;8;1; ; ; ; ; ; ; ; ; ; ; ; ;12;167,333188840138
3355220;1;9;1; ; ; ; ; ; ; ; ; ; ; ; ;12;167,333188840138
3355221;1;1;1; ; ; ; ; ; ; ; ; ; ; ; ;12;140,770931641923
3355221;1;2;1; ; ; ; ; ; ; ; ; ; ; ; ;12;140,770931641923
3355221;1;3;1; ; ; ; ; ; ; ; ; ; ; ; ;12;140,770931641923
3355222;1;1;1; ; ; ; ; ; ; ; ; ; ; ; ;12;142,589453856752
3355222;2;1;1; ; ; ; ; ; ; ; ; ; ; ; ;12;142,589453856752
3355222;2;2;1; ; ; ; ; ; ; ; ; ; ; ; ;12;142,589453856752
3355223;1;1;1; ; ; ; ; ; ; ; ; ; ; ; ;12;180,933422217837
3355223;1;2;1; ; ; ; ; ; ; ; ; ; ; ; ;12;180,933422217837
3355224;1;1;2;2;23; ;2; ; ;1;2; ; ;1; ;12;137,038772822275
3355224;1;2;1; ; ; ; ; ; ; ; ; ; ; ; ;12;137,038772822275
3355224;1;3;1; ; ; ; ; ; ; ; ; ; ; ; ;12;137,038772822275
3355224;1;4;1; ; ; ; ; ; ; ; ; ; ; ; ;12;137,038772822275
3355224;1;5;1; ; ; ; ; ; ; ; ; ; ; ; ;12;137,038772822275
3355224;1;6;1; ; ; ; ; ; ; ; ; ; ; ; ;12;137,038772822275
3355225;1;1;1; ; ; ; ; ; ; ; ; ; ; ; ;12;140,770931641923
3355225;1;2;1; ; ; ; ; ; ; ; ; ; ; ; ;12;140,770931641923
3355225;1;3;1; ; ; ; ; ; ; ; ; ; ; ; ;12;140,770931641923
3355226;1;1;1; ; ; ; ; ; ; ; ; ; ; ; ;12;181,289195242195
3355226;1;2;1; ; ; ; ; ; ; ; ; ; ; ; ;12;181,289195242195
3355226;1;3;1; ; ; ; ; ; ; ; ; ; ; ; ;12;181,289195242195
3355226;1;4;1; ; ; ; ; ; ; ; ; ; ; ; ;12;181,289195242195
3355226;1;5;1; ; ; ; ; ; ; ; ; ; ; ; ;12;181,289195242195
3355226;1;6;1; ; ; ; ; ; ; ; ; ; ; ; ;12;181,289195242195
3355227;1;1;2;2;70; ;3;23; ;1;2; ; ;1; ;12;140,770931641923
3355227;1;2;2;2;23; ;3;23; ;1;2; ; ;1; ;12;140,770931641923
3355227;1;3;1; ; ; ; ; ; ; ; ; ; ; ; ;12;140,770931641923
3355228;1;1;1; ; ; ; ; ; ; ; ; ; ; ; ;12;145,060522688548
3355228;1;2;1; ; ; ; ; ; ; ; ; ; ; ; ;12;145,060522688548
3355229;1;1;2;2;41; ;3;41; ;1;3;41; ;1; ;12;151,944556963983
3355229;1;2;2;2;41; ;3;41; ;1;3;41; ;1; ;12;151,944556963983
3355230;1;1;1; ; ; ; ; ; ; ; ; ; ; ; ;12;149,427690475692
3355230;1;2;1; ; ; ; ; ; ; ; ; ; ; ; ;12;149,427690475692
3355230;1;3;1; ; ; ; ; ; ; ; ; ; ; ; ;12;149,427690475692
3355230;1;4;1; ; ; ; ; ; ; ; ; ; ; ; ;12;149,427690475692
3355230;1;5;1; ; ; ; ; ; ; ; ; ; ; ; ;12;149,427690475692
3355231;1;1;1; ; ; ; ; ; ; ; ; ; ; ; ;12;180,933422217837
3355231;1;2;1; ; ; ; ; ; ; ; ; ; ; ; ;12;180,933422217837
3355232;1;1;1; ; ; ; ; ; ; ; ; ; ; ; ;12;131,478179481569
3355232;1;2;1; ; ; ; ; ; ; ; ; ; ; ; ;12;131,478179481569
3355233;1;1;1; ; ; ; ; ; ; ; ; ; ; ; ;12;151,944556963983
3355233;1;2;1; ; ; ; ; ; ; ; ; ; ; ; ;12;151,944556963983
3355234;1;1;1; ; ; ; ; ; ; ; ; ; ; ; ;12;129,44648196715
3355234;1;2;1; ; ; ; ; ; ; ; ; ; ; ; ;12;129,44648196715
3355235;1;1;1; ; ; ; ; ; ; ; ; ; ; ; ;12;145,475821973669
3355235;1;2;1; ; ; ; ; ; ; ; ; ; ; ; ;12;145,475821973669
3355235;1;3;1; ; ; ; ; ; ; ; ; ; ; ; ;12;145,475821973669
3355236;1;1;1; ; ; ; ; ; ; ; ; ; ; ; ;12;151,944556963983
3355236;1;2;2;2;23; ;2; ; ;1;2; ; ;1; ;12;151,944556963983
3355237;1;1;1; ; ; ; ; ; ; ; ; ; ; ; ;12;132,021890357114
3355237;1;2;1; ; ; ; ; ; ; ; ; ; ; ; ;12;132,021890357114
3355237;1;3;1; ; ; ; ; ; ; ; ; ; ; ; ;12;132,021890357114
3355238;1;1;1; ; ; ; ; ; ; ; ; ; ; ; ;12;152,488267839528
3355238;1;2;1; ; ; ; ; ; ; ; ; ; ; ; ;12;152,488267839528
3355238;1;3;1; ; ; ; ; ; ; ; ; ; ; ; ;12;152,488267839528
3355239;1;1;1; ; ; ; ; ; ; ; ; ; ; ; ;12;132,657883683699
3355239;1;2;1; ; ; ; ; ; ; ; ; ; ; ; ;12;132,657883683699
3355240;1;1;1; ; ; ; ; ; ; ; ; ; ; ; ;12;150,942686094601
3355240;1;2;1; ; ; ; ; ; ; ; ; ; ; ; ;12;150,942686094601
3355240;1;3;1; ; ; ; ; ; ; ; ; ; ; ; ;12;150,942686094601
3355240;1;4;1; ; ; ; ; ; ; ; ; ; ; ; ;12;150,942686094601
3355240;1;5;1; ; ; ; ; ; ; ; ; ; ; ; ;12;150,942686094601
3355240;1;6;1; ; ; ; ; ; ; ; ; ; ; ; ;12;150,942686094601
3355241;1;1;1; ; ; ; ; ; ; ; ; ; ; ; ;12;161,843370946759
3355241;1;2;2;2;05; ;2; ; ;1;2; ; ;1; ;12;161,843370946759
3355242;1;1;1; ; ; ; ; ; ; ; ; ; ; ; ;12;153,717281522318
3355242;1;2;1; ; ; ; ; ; ; ; ; ; ; ; ;12;153,717281522318
3355242;1;3;1; ; ; ; ; ; ; ; ; ; ; ; ;12;153,717281522318
3355242;1;4;1; ; ; ; ; ; ; ; ; ; ; ; ;12;153,717281522318
3355243;1;1;1; ; ; ; ; ; ; ; ; ; ; ; ;12;174,497443417799
3355243;1;2;1; ; ; ; ; ; ; ; ; ; ; ; ;12;174,497443417799
3355243;1;3;1; ; ; ; ; ; ; ; ; ; ; ; ;12;174,497443417799
3355243;1;4;1; ; ; ; ; ; ; ; ; ; ; ; ;12;174,497443417799
3355244;1;1;1; ; ; ; ; ; ; ; ; ; ; ; ;12;171,157630110825
3355244;1;2;1; ; ; ; ; ; ; ; ; ; ; ; ;12;171,157630110825
3355244;1;3;1; ; ; ; ; ; ; ; ; ; ; ; ;12;171,157630110825
3355244;1;4;1; ; ; ; ; ; ; ; ; ; ; ; ;12;171,157630110825
3355245;1;1;1; ; ; ; ; ; ; ; ; ; ; ; ;12;161,802527003594
3355245;1;2;1; ; ; ; ; ; ; ; ; ; ; ; ;12;161,802527003594
3355245;1;3;1; ; ; ; ; ; ; ; ; ; ; ; ;12;161,802527003594
3355245;1;4;1; ; ; ; ; ; ; ; ; ; ; ; ;12;161,802527003594
3355245;1;5;1; ; ; ; ; ; ; ; ; ; ; ; ;12;161,802527003594
3355246;1;1;1; ; ; ; ; ; ; ; ; ; ; ; ;12;120,940547486093
3355246;1;2;1; ; ; ; ; ; ; ; ; ; ; ; ;12;120,940547486093
3355247;1;1;1; ; ; ; ; ; ; ; ; ; ; ; ;12;190,352020940071
3355247;1;2;1; ; ; ; ; ; ; ; ; ; ; ; ;12;190,352020940071
3355247;1;3;1; ; ; ; ; ; ; ; ; ; ; ; ;12;190,352020940071
3355247;1;4;1; ; ; ; ; ; ; ; ; ; ; ; ;12;190,352020940071
3355247;1;5;1; ; ; ; ; ; ; ; ; ; ; ; ;12;190,352020940071
3355247;1;6;1; ; ; ; ; ; ; ; ; ; ; ; ;12;190,352020940071
3355248;1;1;1; ; ; ; ; ; ; ; ; ; ; ; ;12;154,66705926197
3355248;1;2;1; ; ; ; ; ; ; ; ; ; ; ; ;12;154,66705926197
3355248;1;3;1; ; ; ; ; ; ; ; ; ; ; ; ;12;154,66705926197
3355249;1;1;1; ; ; ; ; ; ; ; ; ; ; ; ;12;171,774941119813
3355249;1;2;1; ; ; ; ; ; ; ; ; ; ; ; ;12;171,774941119813
3355249;1;3;1; ; ; ; ; ; ; ; ; ; ; ; ;12;171,774941119813
3355250;1;1;1; ; ; ; ; ; ; ; ; ; ; ; ;12;134,941014664308
3355250;1;2;1; ; ; ; ; ; ; ; ; ; ; ; ;12;134,941014664308
3355250;1;3;1; ; ; ; ; ; ; ; ; ; ; ; ;12;134,941014664308
3355250;1;4;1; ; ; ; ; ; ; ; ; ; ; ; ;12;134,941014664308
3355253;1;1;1; ; ; ; ; ; ; ; ; ; ; ; ;12;239,525442372954
3355253;1;2;2;2;18; ;2; ; ;1;2; ; ;1; ;12;239,525442372954
3355253;1;3;1; ; ; ; ; ; ; ; ; ; ; ; ;12;239,525442372954
3355253;1;4;1; ; ; ; ; ; ; ; ; ; ; ; ;12;239,525442372954
3355253;1;5;1; ; ; ; ; ; ; ; ; ; ; ; ;12;239,525442372954
3355254;1;1;2;2;18; ;2; ; ;1;2; ; ;1; ;12;80,9710527377866
3355254;1;2;1; ; ; ; ; ; ; ; ; ; ; ; ;12;80,9710527377866
3355254;1;3;1; ; ; ; ; ; ; ; ; ; ; ; ;12;80,9710527377866
3355254;1;4;2;2;18; ;3;18; ;2;2; ; ;1; ;12;80,9710527377866
3355255;1;1;1; ; ; ; ; ; ; ; ; ; ; ; ;12;63,942859087151
3355255;1;2;1; ; ; ; ; ; ; ; ; ; ; ; ;12;63,942859087151
3355255;1;3;1; ; ; ; ; ; ; ; ; ; ; ; ;12;63,942859087151
3355256;1;1;1; ; ; ; ; ; ; ; ; ; ; ; ;12;85,2122261409881
3355256;1;2;1; ; ; ; ; ; ; ; ; ; ; ; ;12;85,2122261409881
3355256;1;3;1; ; ; ; ; ; ; ; ; ; ; ; ;12;85,2122261409881
3355257;1;1;1; ; ; ; ; ; ; ; ; ; ; ; ;12;83,9224625354284
3355257;1;2;2;2;41; ;3;41; ;1;2; ; ;1; ;12;83,9224625354284
3355257;1;3;1; ; ; ; ; ; ; ; ; ; ; ; ;12;83,9224625354284
3355258;1;1;2;2;63; ;2; ; ;1;2; ; ;1; ;12;58,2879855397413
3355258;1;2;1; ; ; ; ; ; ; ; ; ; ; ; ;12;58,2879855397413
3355258;1;3;1; ; ; ; ; ; ; ; ; ; ; ; ;12;58,2879855397413
3355260;1;1;2;2;18; ;2; ; ;1;2; ; ;1; ;12;59,6290597601334
3355260;1;2;1; ; ; ; ; ; ; ; ; ; ; ; ;12;59,6290597601334
3355260;1;3;1; ; ; ; ; ; ; ; ; ; ; ; ;12;59,6290597601334
3355260;1;4;1; ; ; ; ; ; ; ; ; ; ; ; ;12;59,6290597601334
3355260;1;5;1; ; ; ; ; ; ; ; ; ; ; ; ;12;59,6290597601334
3355260;1;6;2;2;05; ;3;05; ;1;2; ; ;1; ;12;59,6290597601334
3355260;1;7;1; ; ; ; ; ; ; ; ; ; ; ; ;12;59,6290597601334
3355261;1;1;1; ; ; ; ; ; ; ; ; ; ; ; ;12;60,4425300728533
3355261;1;2;1; ; ; ; ; ; ; ; ; ; ; ; ;12;60,4425300728533
3355261;1;3;1; ; ; ; ; ; ; ; ; ; ; ; ;12;60,4425300728533
3355262;1;1;2;1; ; ;2; ; ;1;3;41; ;1; ;12;51,6487371807467
3355262;1;2;2;1; ; ;2; ; ;1;3;41; ;1; ;12;51,6487371807467
3355263;1;1;2;2;18; ;2; ; ;1;2; ; ;1; ;12;56,2819640747137
3355263;1;2;1; ; ; ; ; ; ; ; ; ; ; ; ;12;56,2819640747137
3355263;1;3;2;2;25; ;2; ; ;1;2; ; ;1; ;12;56,2819640747137
3355264;1;1;2;2;18; ;3;18; ;1;2; ; ;1; ;12;48,3100580260358
3355264;1;2;2;2;18; ;3;18; ;1;2; ; ;1; ;12;48,3100580260358
3355265;1;1;2;1; ; ;3;18; ;1;2; ; ;1; ;12;61,984594511518
3355266;1;1;2;2;18; ;2; ; ;1;2; ; ;1; ;12;43,0679047630593
3355266;1;2;1; ; ; ; ; ; ; ; ; ; ; ; ;12;43,0679047630593
3355266;1;3;1; ; ; ; ; ; ; ; ; ; ; ; ;12;43,0679047630593
3355266;1;4;2;1; ; ;2; ; ;1;3;73; ;1; ;12;43,0679047630593
3355266;1;5;1; ; ; ; ; ; ; ; ; ; ; ; ;12;43,0679047630593
3355267;1;1;2;2;18; ;2; ; ;1;2; ; ;1; ;12;218,351586861718
3355267;1;2;1; ; ; ; ; ; ; ; ; ; ; ; ;12;218,351586861718
3355267;1;3;1; ; ; ; ; ; ; ; ; ; ; ; ;12;218,351586861718
3355267;1;4;1; ; ; ; ; ; ; ; ; ; ; ; ;12;218,351586861718
3355268;1;1;2;2;41; ;2; ; ;1;2; ; ;1; ;12;206,594948722987
3355268;1;2;1; ; ; ; ; ; ; ; ; ; ; ; ;12;206,594948722987
3355269;1;1;2;2;41; ;3;63; ;2;2; ; ;1; ;12;56,7424412485416
3355269;1;2;2;2;63; ;3;63; ;2;2; ; ;1; ;12;56,7424412485416
3355269;1;3;2;2;73; ;3;63; ;2;2; ; ;1; ;12;56,7424412485416
3355269;1;4;1; ; ; ; ; ; ; ; ; ; ; ; ;12;56,7424412485416
3355270;1;1;1; ; ; ; ; ; ; ; ; ; ; ; ;12;73,9173067483215
3355270;1;2;2;2;41; ;2; ; ;1;2; ; ;1; ;12;73,9173067483215
3355270;1;3;1; ; ; ; ; ; ; ; ; ; ; ; ;12;73,9173067483215
3355271;1;1;1; ; ; ; ; ; ; ; ; ; ; ; ;12;74,0264155848172
3355271;1;2;1; ; ; ; ; ; ; ; ; ; ; ; ;12;74,0264155848172
3355271;1;3;1; ; ; ; ; ; ; ; ; ; ; ; ;12;74,0264155848172
3355271;1;4;1; ; ; ; ; ; ; ; ; ; ; ; ;12;74,0264155848172
3355277;1;1;1; ; ; ; ; ; ; ; ; ; ; ; ;12;276,13126142636
3355277;1;2;1; ; ; ; ; ; ; ; ; ; ; ; ;12;276,13126142636
3355277;1;3;1; ; ; ; ; ; ; ; ; ; ; ; ;12;276,13126142636
3355277;1;4;1; ; ; ; ; ; ; ; ; ; ; ; ;12;276,13126142636
3355278;1;1;1; ; ; ; ; ; ; ; ; ; ; ; ;12;134,543625914321
3355278;1;2;1; ; ; ; ; ; ; ; ; ; ; ; ;12;134,543625914321
3355278;2;1;2;2;73; ;2; ; ;1;2; ; ;1; ;12;134,543625914321
3355278;2;2;1; ; ; ; ; ; ; ; ; ; ; ; ;12;134,543625914321
3355278;2;3;1; ; ; ; ; ; ; ; ; ; ; ; ;12;134,543625914321
3355281;1;1;2;2;52; ;2; ; ;1;2; ; ;1; ;12;192,194090615336
3355281;1;2;2;2;52; ;2; ; ;1;2; ; ;1; ;12;192,194090615336
3355281;1;3;1; ; ; ; ; ; ; ; ; ; ; ; ;12;192,194090615336
3355281;1;4;1; ; ; ; ; ; ; ; ; ; ; ; ;12;192,194090615336
3355281;1;5;2;2;52; ;3;52; ;2;2; ; ;1; ;12;192,194090615336
3355282;1;1;2;2;52; ;2; ; ;1;2; ; ;1; ;12;195,241720463525
3355282;1;2;1; ; ; ; ; ; ; ; ; ; ; ; ;12;195,241720463525
3355282;1;3;1; ; ; ; ; ; ; ; ; ; ; ; ;12;195,241720463525
3355282;1;4;1; ; ; ; ; ; ; ; ; ; ; ; ;12;195,241720463525
3355282;1;5;1; ; ; ; ; ; ; ; ; ; ; ; ;12;195,241720463525
3355283;1;1;1; ; ; ; ; ; ; ; ; ; ; ; ;12;217,392986809646
3355283;1;2;1; ; ; ; ; ; ; ; ; ; ; ; ;12;217,392986809646
3355283;1;3;1; ; ; ; ; ; ; ; ; ; ; ; ;12;217,392986809646
3355283;1;4;1; ; ; ; ; ; ; ; ; ; ; ; ;12;217,392986809646
3355284;1;1;2;2;52; ;2; ; ;1;2; ; ;1; ;12;141,1130103445
3355284;1;2;2;2;52; ;2; ; ;1;2; ; ;1; ;12;141,1130103445
3355284;1;3;2;2;52; ;2; ; ;1;2; ; ;1; ;12;141,1130103445
3355285;1;1;2;2;52; ;2; ; ;1;2; ; ;1; ;12;200,612190261929
3355285;1;2;1; ; ; ; ; ; ; ; ; ; ; ; ;12;200,612190261929
3355286;1;1;2;2;76; ;2; ; ;1;2; ; ;1; ;12;183,871863644688
3355286;1;2;2;2;76; ;1; ; ; ;1; ; ; ; ;12;183,871863644688
3355287;1;1;1; ; ; ; ; ; ; ; ; ; ; ; ;12;291,361545848144
3355287;1;2;1; ; ; ; ; ; ; ; ; ; ; ; ;12;291,361545848144
3355287;1;3;1; ; ; ; ; ; ; ; ; ; ; ; ;12;291,361545848144
3355287;1;4;1; ; ; ; ; ; ; ; ; ; ; ; ;12;291,361545848144
3355287;1;5;1; ; ; ; ; ; ; ; ; ; ; ; ;12;291,361545848144
3355287;1;6;1; ; ; ; ; ; ; ; ; ; ; ; ;12;291,361545848144
3355287;1;7;1; ; ; ; ; ; ; ; ; ; ; ; ;12;291,361545848144
3355287;1;8;2;2;73; ;2; ; ;1;2; ; ;1; ;12;291,361545848144
3355288;1;1;2;2;52; ;2; ; ;1;2; ; ;1; ;12;247,581596372283
3355288;1;2;1; ; ; ; ; ; ; ; ; ; ; ; ;12;247,581596372283
3355288;1;3;1; ; ; ; ; ; ; ; ; ; ; ; ;12;247,581596372283
3355288;1;4;1; ; ; ; ; ; ; ; ; ; ; ; ;12;247,581596372283
3355289;1;1;2;2;52; ;2; ; ;1;2; ; ;1; ;12;207,111755337268
3355290;1;1;2;2;86; ;2; ; ;1;2; ; ;1; ;12;220,549556813655
3355290;1;2;2;2;86; ;2; ; ;1;2; ; ;1; ;12;220,549556813655
3355290;1;3;1; ; ; ; ; ; ; ; ; ; ; ; ;12;220,549556813655
3355291;1;1;2;2;52; ;2; ; ;1;2; ; ;1; ;12;239,191198098424
3355291;1;2;1; ; ; ; ; ; ; ; ; ; ; ; ;12;239,191198098424
3355291;1;3;1; ; ; ; ; ; ; ; ; ; ; ; ;12;239,191198098424
3355292;1;1;2;1; ; ;2; ; ;1;2; ; ;1; ;12;207,111755337268
3355293;1;1;2;2;52; ;2; ; ;1;2; ; ;1; ;12;191,660212819417
3355293;1;2;2;2;52; ;2; ; ;1;2; ; ;1; ;12;191,660212819417
3355294;1;1;2;2;52; ;2; ; ;1;2; ; ;1; ;12;111,681711430772
3355294;1;2;1; ; ; ; ; ; ; ; ; ; ; ; ;12;111,681711430772
3355294;1;3;2;2;52; ;2; ; ;1;2; ; ;1; ;12;111,681711430772
3355295;1;1;2;1; ; ;2; ; ;1;2; ; ;1; ;12;249,540600874013
3355295;1;2;2;1; ; ;3;68; ;1;2; ; ;1; ;12;249,540600874013
3355295;1;3;2;2;11; ;3;68; ;1;2; ; ;1; ;12;249,540600874013
3355295;1;4;1; ; ; ; ; ; ; ; ; ; ; ; ;12;249,540600874013
3355296;1;1;1; ; ; ; ; ; ; ; ; ; ; ; ;12;217,027139121251
3355296;1;2;2;2;52; ;2; ; ;1;2; ; ;1; ;12;217,027139121251
3355296;1;3;2;2;52; ;2; ; ;1;2; ; ;1; ;12;217,027139121251
3355296;1;4;2;2;76; ;2; ; ;1;2; ; ;1; ;12;217,027139121251
3355296;1;5;2;2;52; ;3;76; ;2;2; ; ;1; ;12;217,027139121251
3355296;1;6;2;2;76; ;2; ; ;1;2; ; ;1; ;12;217,027139121251
3355297;1;1;2;1; ; ;2; ; ;1;2; ; ;1; ;12;207,365176651727
3355297;1;2;1; ; ; ; ; ; ; ; ; ; ; ; ;12;207,365176651727
3355298;1;1;2;2;52; ;3;52; ;2;3;52; ;2;2;12;168,72847898103
3355299;1;1;2;2;52; ;2; ; ;1;2; ; ;1; ;12;196,013939854117
3355299;1;2;1; ; ; ; ; ; ; ; ; ; ; ; ;12;196,013939854117
3355299;1;3;1; ; ; ; ; ; ; ; ; ; ; ; ;12;196,013939854117
3355300;1;1;2;2;05; ;2; ; ;1;2; ; ;1; ;12;200,612190261929
3355300;1;2;2;2;52; ;2; ; ;1;2; ; ;1; ;12;200,612190261929
3355301;1;1;2;2;52; ;3;52; ;2;2; ; ;1; ;12;209,198320016045
3355301;1;2;2;2;52; ;2; ; ;1;2; ; ;1; ;12;209,198320016045
3355301;1;3;2;2;52; ;2; ; ;1;2; ; ;1; ;12;209,198320016045
3355301;1;4;2;1; ; ;3;52; ;2;2; ; ;1; ;12;209,198320016045
3355302;1;1;1; ; ; ; ; ; ; ; ; ; ; ; ;12;250,783063579442
3355302;1;2;2;2;68; ;2; ; ;1;2; ; ;1; ;12;250,783063579442
3355302;1;3;1; ; ; ; ; ; ; ; ; ; ; ; ;12;250,783063579442
3355302;1;4;1; ; ; ; ; ; ; ; ; ; ; ; ;12;250,783063579442
3355302;1;5;1; ; ; ; ; ; ; ; ; ; ; ; ;12;250,783063579442
3355303;1;1;2;2;52; ;2; ; ;1;2; ; ;1; ;12;169,748933024279
3355303;1;2;2;1; ; ;2; ; ;1;2; ; ;1; ;12;169,748933024279
3355303;1;3;2;2;76; ;2; ; ;1;2; ; ;1; ;12;169,748933024279
3355304;1;1;1; ; ; ; ; ; ; ; ; ; ; ; ;12;213,796570423857
3355304;1;2;2;1; ; ;2; ; ;1;2; ; ;1; ;12;213,796570423857
3355304;1;3;2;2;19; ;2; ; ;1;2; ; ;1; ;12;213,796570423857
3355305;1;1;2;2;52; ;2; ; ;1;2; ; ;1; ;12;213,796570423857
3355305;1;2;2;2;52; ;2; ; ;1;2; ; ;1; ;12;213,796570423857
3355305;1;3;1; ; ; ; ; ; ; ; ; ; ; ; ;12;213,796570423857
3355306;1;1;2;1; ; ;2; ; ;1;2; ; ;1; ;12;204,404338127975
3355306;1;2;2;2;52; ;3;86; ;1;2; ; ;1; ;12;204,404338127975
3355306;1;3;2;1; ; ;3;86; ;1;2; ; ;1; ;12;204,404338127975
3355306;1;4;2;1; ; ;2; ; ;1;2; ; ;1; ;12;204,404338127975
3355307;1;1;2;2;52; ;2; ; ;1;2; ; ;1; ;12;215,502153611127
3355307;1;2;2;2;52; ;2; ; ;1;2; ; ;1; ;12;215,502153611127
3355308;1;1;2;2;52; ;2; ; ;1;2; ; ;1; ;12;252,488646766713
3355308;1;2;1; ; ; ; ; ; ; ; ; ; ; ; ;12;252,488646766713
3355308;1;3;1; ; ; ; ; ; ; ; ; ; ; ; ;12;252,488646766713
3355308;1;4;1; ; ; ; ; ; ; ; ; ; ; ; ;12;252,488646766713
3355309;1;1;2;2;13; ;3;13; ;1;2; ; ;1; ;12;396,313298141451
3355309;1;2;2;2;13; ;3;13; ;1;3;13; ;1; ;12;396,313298141451
3355310;1;1;2;2;13; ;2; ; ;1;2; ; ;1; ;12;341,311634845021
3355310;1;2;1; ; ; ; ; ; ; ; ; ; ; ; ;12;341,311634845021
3355311;1;1;2;2;05; ;2; ; ;1;2; ; ;1; ;12;370,356510923183
3355311;1;2;1; ; ; ; ; ; ; ; ; ; ; ; ;12;370,356510923183
3355311;1;3;1; ; ; ; ; ; ; ; ; ; ; ; ;12;370,356510923183
3355311;1;4;1; ; ; ; ; ; ; ; ; ; ; ; ;12;370,356510923183
3355312;1;1;2;2;23; ;2; ; ;1;2; ; ;1; ;12;295,158009937882
3355312;1;2;1; ; ; ; ; ; ; ; ; ; ; ; ;12;295,158009937882
3355312;1;3;2;2;23; ;3;23; ;1;3;23; ;1; ;12;295,158009937882
3355313;1;1;2;2;70; ;2; ; ;1;2; ; ;1; ;12;328,158684082744
3355313;1;2;1; ; ; ; ; ; ; ; ; ; ; ; ;12;328,158684082744
3355313;1;3;1; ; ; ; ; ; ; ; ; ; ; ; ;12;328,158684082744
3355313;1;4;1; ; ; ; ; ; ; ; ; ; ; ; ;12;328,158684082744
3355313;1;5;1; ; ; ; ; ; ; ; ; ; ; ; ;12;328,158684082744
3355313;1;6;1; ; ; ; ; ; ; ; ; ; ; ; ;12;328,158684082744
3355313;1;7;1; ; ; ; ; ; ; ; ; ; ; ; ;12;328,158684082744
3355314;1;1;1; ; ; ; ; ; ; ; ; ; ; ; ;12;492,028037397389
3355314;1;2;1; ; ; ; ; ; ; ; ; ; ; ; ;12;492,028037397389
3355314;1;3;1; ; ; ; ; ; ; ; ; ; ; ; ;12;492,028037397389
3355314;1;4;1; ; ; ; ; ; ; ; ; ; ; ; ;12;492,028037397389
3355314;1;5;1; ; ; ; ; ; ; ; ; ; ; ; ;12;492,028037397389
3355315;1;1;2;2;13; ;2; ; ;1;2; ; ;1; ;12;425,358174219613
3355315;1;2;2;1; ; ;2; ; ;1;2; ; ;1; ;12;425,358174219613
3355315;1;3;1; ; ; ; ; ; ; ; ; ; ; ; ;12;425,358174219613
3355315;1;4;1; ; ; ; ; ; ; ; ; ; ; ; ;12;425,358174219613
3355316;1;1;2;2;13; ;2; ; ;1;2; ; ;1; ;12;341,835022256449
3355317;1;1;2;2;27; ;3;27; ;1;2; ; ;1; ;12;380,34673279851
3355319;1;1;1; ; ; ; ; ; ; ; ; ; ; ; ;12;425,129843985585
3355320;1;1;2;2;13; ;2; ; ;1;2; ; ;1; ;12;399,450651619322
3355320;1;2;1; ; ; ; ; ; ; ; ; ; ; ; ;12;399,450651619322
3355320;1;3;2;2;23; ;2; ; ;1;2; ; ;1; ;12;399,450651619322
3355320;1;4;1; ; ; ; ; ; ; ; ; ; ; ; ;12;399,450651619322
3355320;1;5;1; ; ; ; ; ; ; ; ; ; ; ; ;12;399,450651619322
3355320;1;6;1; ; ; ; ; ; ; ; ; ; ; ; ;12;399,450651619322
3355320;1;7;1; ; ; ; ; ; ; ; ; ; ; ; ;12;399,450651619322
3355320;1;8;2;2;23; ;3;23; ;1;2; ; ;1; ;12;399,450651619322
3355320;1;9;1; ; ; ; ; ; ; ; ; ; ; ; ;12;399,450651619322
3355321;1;1;1; ; ; ; ; ; ; ; ; ; ; ; ;12;682,108872203912
3355321;1;2;1; ; ; ; ; ; ; ; ; ; ; ; ;12;682,108872203912
3355321;1;3;1; ; ; ; ; ; ; ; ; ; ; ; ;12;682,108872203912
3355321;1;4;1; ; ; ; ; ; ; ; ; ; ; ; ;12;682,108872203912
3355321;1;5;1; ; ; ; ; ; ; ; ; ; ; ; ;12;682,108872203912
3355321;1;6;1; ; ; ; ; ; ; ; ; ; ; ; ;12;682,108872203912
3355321;1;7;1; ; ; ; ; ; ; ; ; ; ; ; ;12;682,108872203912
3355322;1;1;1; ; ; ; ; ; ; ; ; ; ; ; ;12;346,128864817099
3355323;1;1;1; ; ; ; ; ; ; ; ; ; ; ; ;12;213,994066176625
3355323;1;2;1; ; ; ; ; ; ; ; ; ; ; ; ;12;213,994066176625
3355323;1;3;1; ; ; ; ; ; ; ; ; ; ; ; ;12;213,994066176625
3355323;1;4;1; ; ; ; ; ; ; ; ; ; ; ; ;12;213,994066176625
3355323;1;5;1; ; ; ; ; ; ; ; ; ; ; ; ;12;213,994066176625
3355323;1;6;1; ; ; ; ; ; ; ; ; ; ; ; ;12;213,994066176625
3355325;1;1;1; ; ; ; ; ; ; ; ; ; ; ; ;12;385,945434638363
3355325;1;2;1; ; ; ; ; ; ; ; ; ; ; ; ;12;385,945434638363
3355325;1;3;1; ; ; ; ; ; ; ; ; ; ; ; ;12;385,945434638363
3355325;1;4;1; ; ; ; ; ; ; ; ; ; ; ; ;12;385,945434638363
3355325;1;5;1; ; ; ; ; ; ; ; ; ; ; ; ;12;385,945434638363
3355325;1;6;1; ; ; ; ; ; ; ; ; ; ; ; ;12;385,945434638363
3355326;1;1;1; ; ; ; ; ; ; ; ; ; ; ; ;12;378,452831667017
3355326;1;2;2;2;47; ;2; ; ;1;2; ; ;1; ;12;378,452831667017
3355326;1;3;1; ; ; ; ; ; ; ; ; ; ; ; ;12;378,452831667017
3355327;1;1;1; ; ; ; ; ; ; ; ; ; ; ; ;12;340,450202939643
3355327;1;2;1; ; ; ; ; ; ; ; ; ; ; ; ;12;340,450202939643
3355327;1;3;1; ; ; ; ; ; ; ; ; ; ; ; ;12;340,450202939643
3355327;1;4;1; ; ; ; ; ; ; ; ; ; ; ; ;12;340,450202939643
3355327;1;5;1; ; ; ; ; ; ; ; ; ; ; ; ;12;340,450202939643
3355329;1;1;2;2;13; ;2; ; ;1;2; ; ;1; ;12;370,356510923183
3355329;1;2;1; ; ; ; ; ; ; ; ; ; ; ; ;12;370,356510923183
3355329;1;3;1; ; ; ; ; ; ; ; ; ; ; ; ;12;370,356510923183
3355329;1;4;1; ; ; ; ; ; ; ; ; ; ; ; ;12;370,356510923183
3355330;1;1;1; ; ; ; ; ; ; ; ; ; ; ; ;12;377,929444255589
3355330;1;2;2;2;13; ;2; ; ;1;2; ; ;1; ;12;377,929444255589
3355330;1;3;1; ; ; ; ; ; ; ; ; ; ; ; ;12;377,929444255589
3355330;1;4;1; ; ; ; ; ; ; ; ; ; ; ; ;12;377,929444255589
3355331;1;1;1; ; ; ; ; ; ; ; ; ; ; ; ;12;356,188438048556
3355331;1;2;1; ; ; ; ; ; ; ; ; ; ; ; ;12;356,188438048556
3355331;1;3;1; ; ; ; ; ; ; ; ; ; ; ; ;12;356,188438048556
3355332;1;1;1; ; ; ; ; ; ; ; ; ; ; ; ;12;340,71926640092
3355332;1;2;1; ; ; ; ; ; ; ; ; ; ; ; ;12;340,71926640092
3355332;1;3;1; ; ; ; ; ; ; ; ; ; ; ; ;12;340,71926640092
3355332;1;4;1; ; ; ; ; ; ; ; ; ; ; ; ;12;340,71926640092
3355333;1;1;1; ; ; ; ; ; ; ; ; ; ; ; ;12;272,370228907992
3355333;1;2;2;2;52; ;2; ; ;1;2; ; ;1; ;12;272,370228907992
3355333;1;3;1; ; ; ; ; ; ; ; ; ; ; ; ;12;272,370228907992
3355333;1;4;1; ; ; ; ; ; ; ; ; ; ; ; ;12;272,370228907992
3355335;1;1;2;2;20; ;2; ; ;1;2; ; ;1; ;12;416,44115479765
3355335;1;2;1; ; ; ; ; ; ; ; ; ; ; ; ;12;416,44115479765
3355335;1;3;1; ; ; ; ; ; ; ; ; ; ; ; ;12;416,44115479765
3355335;1;4;1; ; ; ; ; ; ; ; ; ; ; ; ;12;416,44115479765
3355336;1;1;2;2;19; ;2; ; ;1;2; ; ;1; ;12;371,40328574604
3355336;1;2;2;1; ; ;2; ; ;1;2; ; ;1; ;12;371,40328574604
3355337;1;1;2;2;23; ;2; ; ;1;2; ; ;1; ;12;432,40772014059
3355337;1;2;1; ; ; ; ; ; ; ; ; ; ; ; ;12;432,40772014059
3355337;1;3;2;2;23; ;3;23; ;2;2; ; ;1; ;12;432,40772014059
3355337;1;4;2;2;11; ;2; ; ;1;2; ; ;1; ;12;432,40772014059
3355337;1;5;1; ; ; ; ; ; ; ; ; ; ; ; ;12;432,40772014059
3355338;1;1;1; ; ; ; ; ; ; ; ; ; ; ; ;12;432,931107552019
3355338;1;2;1; ; ; ; ; ; ; ; ; ; ; ; ;12;432,931107552019
3355338;1;3;1; ; ; ; ; ; ; ; ; ; ; ; ;12;432,931107552019
3355338;1;4;1; ; ; ; ; ; ; ; ; ; ; ; ;12;432,931107552019
3355339;1;1;2;2;70; ;2; ; ;1;2; ; ;1; ;12;272,370228907992
3355339;1;2;1; ; ; ; ; ; ; ; ; ; ; ; ;12;272,370228907992
3355339;1;3;2;2;70; ;2; ; ;1;2; ; ;1; ;12;272,370228907992
3355339;1;4;2;2;08; ;3;08; ;1;3;08; ;1; ;12;272,370228907992
3355340;1;1;2;2;70; ;2; ; ;1;2; ; ;1; ;12;321,970570067144
3355340;1;2;2;2;70; ;2; ; ;1;2; ; ;1; ;12;321,970570067144
3355340;1;3;2;2;70; ;2; ; ;1;2; ; ;1; ;12;321,970570067144
3355341;1;1;2;2;13; ;2; ; ;1;2; ; ;1; ;12;458,689318758578
3355341;1;2;2;2;70; ;2; ; ;1;2; ; ;1; ;12;458,689318758578
3355341;1;3;1; ; ; ; ; ; ; ; ; ; ; ; ;12;458,689318758578
3355342;1;1;1; ; ; ; ; ; ; ; ; ; ; ; ;12;346,128864817099
3355343;1;1;2;2;13; ;2; ; ;1;2; ; ;1; ;12;556,724865391747
3355343;1;2;2;2;27; ;2; ; ;1;2; ; ;1; ;12;556,724865391747
3355343;1;3;1; ; ; ; ; ; ; ; ; ; ; ; ;12;556,724865391747
3355343;1;4;1; ; ; ; ; ; ; ; ; ; ; ; ;12;556,724865391747
3355343;1;5;1; ; ; ; ; ; ; ; ; ; ; ; ;12;556,724865391747
3355343;1;6;1; ; ; ; ; ; ; ; ; ; ; ; ;12;556,724865391747
3355344;1;1;2;2;70; ;2; ; ;1;2; ; ;1; ;12;320,923795244287
3355344;2;1;2;2;08; ;2; ; ;1;2; ; ;1; ;12;320,923795244287
3355344;2;2;2;1; ; ;2; ; ;1;2; ; ;1; ;12;320,923795244287
3355344;2;3;1; ; ; ; ; ; ; ; ; ; ; ; ;12;320,923795244287
3355344;2;4;1; ; ; ; ; ; ; ; ; ; ; ; ;12;320,923795244287
3355345;1;1;1; ; ; ; ; ; ; ; ; ; ; ; ;12;346,128864817099
3355346;1;1;2;2;08; ;2; ; ;1;2; ; ;1; ;12;377,929444255589
3355346;1;2;1; ; ; ; ; ; ; ; ; ; ; ; ;12;377,929444255589
3355346;1;3;1; ; ; ; ; ; ; ; ; ; ; ; ;12;377,929444255589
3355346;1;4;1; ; ; ; ; ; ; ; ; ; ; ; ;12;377,929444255589
3355347;1;1;2;2;13; ;2; ; ;1;2; ; ;1; ;12;325,758742653588
3355347;1;2;1; ; ; ; ; ; ; ; ; ; ; ; ;12;325,758742653588
3355347;1;3;1; ; ; ; ; ; ; ; ; ; ; ; ;12;325,758742653588
3355347;1;4;1; ; ; ; ; ; ; ; ; ; ; ; ;12;325,758742653588
3355347;1;5;1; ; ; ; ; ; ; ; ; ; ; ; ;12;325,758742653588
3355348;1;1;2;1; ; ;2; ; ;1;2; ; ;1; ;12;296,696149138203
3355348;1;2;1; ; ; ; ; ; ; ; ; ; ; ; ;12;296,696149138203
3355349;1;1;1; ; ; ; ; ; ; ; ; ; ; ; ;12;434,301621272084
3355349;1;2;2;2;47; ;3;08; ;1;2; ; ;1; ;12;434,301621272084
3355349;1;3;1; ; ; ; ; ; ; ; ; ; ; ; ;12;434,301621272084
3355350;1;1;1; ; ; ; ; ; ; ; ; ; ; ; ;12;435,576726328969
3355350;1;2;1; ; ; ; ; ; ; ; ; ; ; ; ;12;435,576726328969
3355350;1;3;1; ; ; ; ; ; ; ; ; ; ; ; ;12;435,576726328969
3355350;1;4;1; ; ; ; ; ; ; ; ; ; ; ; ;12;435,576726328969
3355351;1;1;2;2;05; ;2; ; ;1;2; ; ;1; ;12;394,928478824645
3355351;1;2;2;2;05; ;2; ; ;1;2; ; ;1; ;12;394,928478824645
3355351;1;3;2;2;05; ;2; ; ;1;2; ; ;1; ;12;394,928478824645
3355351;1;4;2;2;05; ;2; ; ;1;2; ; ;1; ;12;394,928478824645
3355351;1;5;2;2;05; ;2; ; ;1;2; ; ;1; ;12;394,928478824645
3355351;1;6;1; ; ; ; ; ; ; ; ; ; ; ; ;12;394,928478824645
3355352;1;1;2;2;05; ;2; ; ;1;2; ; ;1; ;12;430,927121837148
3355352;1;2;2;2;13; ;2; ; ;1;2; ; ;1; ;12;430,927121837148
3355352;1;3;1; ; ; ; ; ; ; ; ; ; ; ; ;12;430,927121837148
3355352;1;4;1; ; ; ; ; ; ; ; ; ; ; ; ;12;430,927121837148
3355352;1;5;2;2;05; ;3;05; ;1;3;05; ;1; ;12;430,927121837148
3355353;1;1;1; ; ; ; ; ; ; ; ; ; ; ; ;12;441,470485346222
3355353;1;2;1; ; ; ; ; ; ; ; ; ; ; ; ;12;441,470485346222
3355353;1;3;1; ; ; ; ; ; ; ; ; ; ; ; ;12;441,470485346222
3355353;1;4;1; ; ; ; ; ; ; ; ; ; ; ; ;12;441,470485346222
3355353;1;5;1; ; ; ; ; ; ; ; ; ; ; ; ;12;441,470485346222
3355354;1;1;1; ; ; ; ; ; ; ; ; ; ; ; ;12;348,48049891916
3355354;1;2;1; ; ; ; ; ; ; ; ; ; ; ; ;12;348,48049891916
3355354;1;3;1; ; ; ; ; ; ; ; ; ; ; ; ;12;348,48049891916
3355354;1;4;1; ; ; ; ; ; ; ; ; ; ; ; ;12;348,48049891916
3355355;1;1;2;2;08; ;2; ; ;1;2; ; ;1; ;12;357,541604654855
3355355;1;2;1; ; ; ; ; ; ; ; ; ; ; ; ;12;357,541604654855
3355355;1;3;1; ; ; ; ; ; ; ; ; ; ; ; ;12;357,541604654855
3355355;1;4;2;2;13; ;2; ; ;1;2; ; ;1; ;12;357,541604654855
3355355;1;5;1; ; ; ; ; ; ; ; ; ; ; ; ;12;357,541604654855
3355355;1;6;1; ; ; ; ; ; ; ; ; ; ; ; ;12;357,541604654855
3355355;1;7;1; ; ; ; ; ; ; ; ; ; ; ; ;12;357,541604654855
3355356;1;1;1; ; ; ; ; ; ; ; ; ; ; ; ;12;377,929444255589
3355356;1;2;1; ; ; ; ; ; ; ; ; ; ; ; ;12;377,929444255589
3355356;1;3;1; ; ; ; ; ; ; ; ; ; ; ; ;12;377,929444255589
3355356;1;4;1; ; ; ; ; ; ; ; ; ; ; ; ;12;377,929444255589
3355357;1;1;2;2;08; ;2; ; ;1;2; ; ;1; ;12;348,361180765998
3355357;1;2;1; ; ; ; ; ; ; ; ; ; ; ; ;12;348,361180765998
3355357;1;3;1; ; ; ; ; ; ; ; ; ; ; ; ;12;348,361180765998
3355358;1;1;1; ; ; ; ; ; ; ; ; ; ; ; ;12;591,012786908342
3355358;1;2;1; ; ; ; ; ; ; ; ; ; ; ; ;12;591,012786908342
3355358;1;3;2;2;13; ;3;11; ;1;2; ; ;1; ;12;591,012786908342
3355358;1;4;1; ; ; ; ; ; ; ; ; ; ; ; ;12;591,012786908342
3355359;1;1;2;2;13; ;2; ; ;1;2; ; ;1; ;12;370,018466429234
3355359;1;2;2;2;13; ;2; ; ;1;2; ; ;1; ;12;370,018466429234
3355359;1;3;1; ; ; ; ; ; ; ; ; ; ; ; ;12;370,018466429234
3355359;1;4;1; ; ; ; ; ; ; ; ; ; ; ; ;12;370,018466429234
3355359;1;5;1; ; ; ; ; ; ; ; ; ; ; ; ;12;370,018466429234
3355359;1;6;1; ; ; ; ; ; ; ; ; ; ; ; ;12;370,018466429234
3355360;1;1;1; ; ; ; ; ; ; ; ; ; ; ; ;12;401,723266881087
3355360;1;2;1; ; ; ; ; ; ; ; ; ; ; ; ;12;401,723266881087
3355360;1;3;1; ; ; ; ; ; ; ; ; ; ; ; ;12;401,723266881087
3355360;1;4;1; ; ; ; ; ; ; ; ; ; ; ; ;12;401,723266881087
3355360;1;5;1; ; ; ; ; ; ; ; ; ; ; ; ;12;401,723266881087
3355361;1;1;1; ; ; ; ; ; ; ; ; ; ; ; ;12;455,93361539825
3355361;1;2;2;1; ; ;2; ; ;1;2; ; ;1; ;12;455,93361539825
3355362;1;1;2;1; ; ;2; ; ;1;2; ; ;1; ;12;485,50187888784
3355362;1;2;2;2;70; ;2; ; ;1;2; ; ;1; ;12;485,50187888784
3355362;1;3;2;1; ; ;2; ; ;1;2; ; ;1; ;12;485,50187888784
3355363;1;1;2;2;70; ;3;08; ;1;2; ; ;1; ;12;425,129843985585
3355364;1;1;2;2;13; ;2; ; ;1;2; ; ;1; ;12;456,685333043706
3355364;1;2;2;2;13; ;2; ; ;1;2; ; ;1; ;12;456,685333043706
3355364;1;3;1; ; ; ; ; ; ; ; ; ; ; ; ;12;456,685333043706
3355364;1;4;1; ; ; ; ; ; ; ; ; ; ; ; ;12;456,685333043706
3355365;1;1;1; ; ; ; ; ; ; ; ; ; ; ; ;12;377,929444255589
3355365;1;2;1; ; ; ; ; ; ; ; ; ; ; ; ;12;377,929444255589
3355365;1;3;1; ; ; ; ; ; ; ; ; ; ; ; ;12;377,929444255589
3355365;1;4;1; ; ; ; ; ; ; ; ; ; ; ; ;12;377,929444255589
3355367;1;1;1; ; ; ; ; ; ; ; ; ; ; ; ;12;484,640446982463
3355367;1;2;1; ; ; ; ; ; ; ; ; ; ; ; ;12;484,640446982463
3355367;1;3;1; ; ; ; ; ; ; ; ; ; ; ; ;12;484,640446982463
3355367;1;4;1; ; ; ; ; ; ; ; ; ; ; ; ;12;484,640446982463
3355367;1;5;1; ; ; ; ; ; ; ; ; ; ; ; ;12;484,640446982463
3355367;1;6;1; ; ; ; ; ; ; ; ; ; ; ; ;12;484,640446982463
3355368;1;1;2;2;70; ;3;13; ;1;2; ; ;1; ;12;346,128864817099
3355369;1;1;2;2;23; ;2; ; ;1;2; ; ;1; ;12;368,283544175639
3355369;1;2;2;2;05; ;2; ; ;1;2; ; ;1; ;12;368,283544175639
3355369;1;3;1; ; ; ; ; ; ; ; ; ; ; ; ;12;368,283544175639
3355369;1;4;1; ; ; ; ; ; ; ; ; ; ; ; ;12;368,283544175639
3355369;1;5;1; ; ; ; ; ; ; ; ; ; ; ; ;12;368,283544175639
3355369;1;6;2;2;23; ;2; ; ;1;2; ; ;1; ;12;368,283544175639
3355370;1;1;2;2;73; ;3;17; ;1;3;17; ;1; ;12;239,172374294358
3355370;1;2;2;2;73; ;3;17; ;1;3;17; ;1; ;12;239,172374294358
3355370;1;3;2;2;17; ;3;17; ;1;3;17; ;1; ;12;239,172374294358
3355371;1;1;2;1; ; ;2; ; ;1;2; ; ;1; ;12;180,10314629224
3355371;1;2;1; ; ; ; ; ; ; ; ; ; ; ; ;12;180,10314629224
3355371;1;3;2;1; ; ;2; ; ;1;2; ; ;1; ;12;180,10314629224
3355371;1;4;1; ; ; ; ; ; ; ; ; ; ; ; ;12;180,10314629224
3355372;1;1;1; ; ; ; ; ; ; ; ; ; ; ; ;12;174,109038996643
3355372;1;2;1; ; ; ; ; ; ; ; ; ; ; ; ;12;174,109038996643
3355372;1;3;1; ; ; ; ; ; ; ; ; ; ; ; ;12;174,109038996643
3355373;1;1;1; ; ; ; ; ; ; ; ; ; ; ; ;12;198,270296887822
3355373;1;2;1; ; ; ; ; ; ; ; ; ; ; ; ;12;198,270296887822
3355373;1;3;1; ; ; ; ; ; ; ; ; ; ; ; ;12;198,270296887822
3355373;1;4;1; ; ; ; ; ; ; ; ; ; ; ; ;12;198,270296887822
3355374;1;1;2;2;17; ;2; ; ;1;2; ; ;1; ;12;190,750996969457
3355374;1;2;2;2;17; ;2; ; ;1;2; ; ;1; ;12;190,750996969457
3355374;1;3;1; ; ; ; ; ; ; ; ; ; ; ; ;12;190,750996969457
3355374;1;4;1; ; ; ; ; ; ; ; ; ; ; ; ;12;190,750996969457
3355375;1;1;1; ; ; ; ; ; ; ; ; ; ; ; ;12;179,392382927896
3355376;1;1;1; ; ; ; ; ; ; ; ; ; ; ; ;12;278,609844440979
3355376;1;2;1; ; ; ; ; ; ; ; ; ; ; ; ;12;278,609844440979
3355376;1;3;1; ; ; ; ; ; ; ; ; ; ; ; ;12;278,609844440979
3355376;1;4;1; ; ; ; ; ; ; ; ; ; ; ; ;12;278,609844440979
3355377;1;1;1; ; ; ; ; ; ; ; ; ; ; ; ;12;206,599221713074
3355377;1;2;1; ; ; ; ; ; ; ; ; ; ; ; ;12;206,599221713074
3355377;1;3;1; ; ; ; ; ; ; ; ; ; ; ; ;12;206,599221713074
3355377;1;4;1; ; ; ; ; ; ; ; ; ; ; ; ;12;206,599221713074
3355378;1;1;2;2;63; ;2; ; ;1;2; ; ;1; ;12;172,69986529207
3355378;1;2;2;2;76; ;3;99; ;1;2; ; ;1; ;12;172,69986529207
3355378;1;3;1; ; ; ; ; ; ; ; ; ; ; ; ;12;172,69986529207
3355379;1;1;1; ; ; ; ; ; ; ; ; ; ; ; ;12;131,002321628599
3355379;1;2;1; ; ; ; ; ; ; ; ; ; ; ; ;12;131,002321628599
3355379;1;3;1; ; ; ; ; ; ; ; ; ; ; ; ;12;131,002321628599
3355379;1;4;1; ; ; ; ; ; ; ; ; ; ; ; ;12;131,002321628599
3355379;1;5;2;2;17; ;2; ; ;1;2; ; ;1; ;12;131,002321628599
3355379;1;6;1; ; ; ; ; ; ; ; ; ; ; ; ;12;131,002321628599
3355379;1;7;1; ; ; ; ; ; ; ; ; ; ; ; ;12;131,002321628599
3355379;1;8;1; ; ; ; ; ; ; ; ; ; ; ; ;12;131,002321628599
3355380;1;1;2;2;73; ;2; ; ;1;2; ; ;1; ;12;164,254921548623
3355380;1;2;1; ; ; ; ; ; ; ; ; ; ; ; ;12;164,254921548623
3355380;1;3;1; ; ; ; ; ; ; ; ; ; ; ; ;12;164,254921548623
3355380;1;4;1; ; ; ; ; ; ; ; ; ; ; ; ;12;164,254921548623
3355381;1;1;2;2;73; ;2; ; ;1;2; ; ;1; ;12;220,341247898188
3355381;1;2;2;2;17; ;2; ; ;1;2; ; ;1; ;12;220,341247898188
3355381;1;3;1; ; ; ; ; ; ; ; ; ; ; ; ;12;220,341247898188
3355382;1;1;2;2;17; ;2; ; ;1;2; ; ;1; ;12;180,122616899284
3355382;1;2;2;2;17; ;2; ; ;1;2; ; ;1; ;12;180,122616899284
3355382;1;3;1; ; ; ; ; ; ; ; ; ; ; ; ;12;180,122616899284
3355382;1;4;2;2;17; ;2; ; ;1;2; ; ;1; ;12;180,122616899284
3355382;1;5;1; ; ; ; ; ; ; ; ; ; ; ; ;12;180,122616899284
3355382;1;6;1; ; ; ; ; ; ; ; ; ; ; ; ;12;180,122616899284
3355383;1;1;1; ; ; ; ; ; ; ; ; ; ; ; ;12;174,109038996643
3355383;1;2;1; ; ; ; ; ; ; ; ; ; ; ; ;12;174,109038996643
3355383;1;3;1; ; ; ; ; ; ; ; ; ; ; ; ;12;174,109038996643
3355384;1;1;2;2;17; ;2; ; ;1;2; ; ;1; ;12;171,001124978334
3355384;1;2;2;2;17; ;3;17; ;1;2; ; ;1; ;12;171,001124978334
3355385;1;1;2;2;05; ;2; ; ;1;2; ; ;1; ;12;221,535541142022
3355385;1;2;1; ; ; ; ; ; ; ; ; ; ; ; ;12;221,535541142022
3355385;1;3;1; ; ; ; ; ; ; ; ; ; ; ; ;12;221,535541142022
3355385;1;4;1; ; ; ; ; ; ; ; ; ; ; ; ;12;221,535541142022
3355385;1;5;1; ; ; ; ; ; ; ; ; ; ; ; ;12;221,535541142022
3355385;1;6;2;2;41; ;2; ; ;1;2; ; ;1; ;12;221,535541142022
3355385;1;7;1; ; ; ; ; ; ; ; ; ; ; ; ;12;221,535541142022
3355386;1;1;1; ; ; ; ; ; ; ; ; ; ; ; ;12;162,5623538455
3355386;1;2;1; ; ; ; ; ; ; ; ; ; ; ; ;12;162,5623538455
3355386;1;3;1; ; ; ; ; ; ; ; ; ; ; ; ;12;162,5623538455
3355387;1;1;1; ; ; ; ; ; ; ; ; ; ; ; ;12;171,001124978334
3355387;1;2;1; ; ; ; ; ; ; ; ; ; ; ; ;12;171,001124978334
3355388;1;1;1; ; ; ; ; ; ; ; ; ; ; ; ;12;174,581093554365
3355388;1;2;1; ; ; ; ; ; ; ; ; ; ; ; ;12;174,581093554365
3355388;1;3;1; ; ; ; ; ; ; ; ; ; ; ; ;12;174,581093554365
3355388;1;4;1; ; ; ; ; ; ; ; ; ; ; ; ;12;174,581093554365
3355388;1;5;2;1; ; ;4; ;2; ;4; ;2; ;4;12;174,581093554365
3355388;1;6;1; ; ; ; ; ; ; ; ; ; ; ; ;12;174,581093554365
3355389;1;1;2;1; ; ;2; ; ;1;2; ; ;1; ;12;174,109038996643
3355389;1;2;1; ; ; ; ; ; ; ; ; ; ; ; ;12;174,109038996643
3355389;1;3;1; ; ; ; ; ; ; ; ; ; ; ; ;12;174,109038996643
3355390;1;1;2;2;73; ;3;66; ;1;2; ; ;1; ;12;220,341247898188
3355390;1;2;1; ; ; ; ; ; ; ; ; ; ; ; ;12;220,341247898188
3355390;1;3;1; ; ; ; ; ; ; ; ; ; ; ; ;12;220,341247898188
3355391;1;1;1; ; ; ; ; ; ; ; ; ; ; ; ;12;289,237058377654
3355391;1;2;1; ; ; ; ; ; ; ; ; ; ; ; ;12;289,237058377654
3355391;1;3;1; ; ; ; ; ; ; ; ; ; ; ; ;12;289,237058377654
3355391;1;4;1; ; ; ; ; ; ; ; ; ; ; ; ;12;289,237058377654
3355391;1;5;1; ; ; ; ; ; ; ; ; ; ; ; ;12;289,237058377654
3355392;1;1;2;2;73; ;2; ; ;1;2; ; ;1; ;12;130,782934493413
3355392;1;2;1; ; ; ; ; ; ; ; ; ; ; ; ;12;130,782934493413
3355392;2;1;1; ; ; ; ; ; ; ; ; ; ; ; ;12;130,782934493413
3355392;2;2;1; ; ; ; ; ; ; ; ; ; ; ; ;12;130,782934493413
3355392;2;3;1; ; ; ; ; ; ; ; ; ; ; ; ;12;130,782934493413
3355393;1;1;1; ; ; ; ; ; ; ; ; ; ; ; ;12;411,77691669746
3355394;1;1;1; ; ; ; ; ; ; ; ; ; ; ; ;12;204,559418048432
3355394;1;2;1; ; ; ; ; ; ; ; ; ; ; ; ;12;204,559418048432
3355394;1;3;1; ; ; ; ; ; ; ; ; ; ; ; ;12;204,559418048432
3355394;1;4;1; ; ; ; ; ; ; ; ; ; ; ; ;12;204,559418048432
3355394;1;5;1; ; ; ; ; ; ; ; ; ; ; ; ;12;204,559418048432
3355395;1;1;1; ; ; ; ; ; ; ; ; ; ; ; ;12;185,251218726528
3355395;1;2;1; ; ; ; ; ; ; ; ; ; ; ; ;12;185,251218726528
3355396;1;1;2;2;17; ;2; ; ;1;2; ; ;1; ;12;177,996947733736
3355396;1;2;2;2;17; ;2; ; ;1;2; ; ;1; ;12;177,996947733736
3355396;1;3;2;2;17; ;2; ; ;1;2; ; ;1; ;12;177,996947733736
3355397;1;1;1; ; ; ; ; ; ; ; ; ; ; ; ;12;278,609844440979
3355397;1;2;2;2;73; ;2; ; ;1;2; ; ;1; ;12;278,609844440979
3355397;1;3;2;2;73; ;2; ; ;1;2; ; ;1; ;12;278,609844440979
3355397;1;4;1; ; ; ; ; ; ; ; ; ; ; ; ;12;278,609844440979
3355398;1;1;2;2;17; ;2; ; ;1;2; ; ;1; ;12;241,486555083471
3355398;1;2;1; ; ; ; ; ; ; ; ; ; ; ; ;12;241,486555083471
3355398;1;3;1; ; ; ; ; ; ; ; ; ; ; ; ;12;241,486555083471
3355399;1;1;2;2;17; ;2; ; ;1;2; ; ;1; ;12;122,841997305884
3355399;1;2;1; ; ; ; ; ; ; ; ; ; ; ; ;12;122,841997305884
3355399;1;3;1; ; ; ; ; ; ; ; ; ; ; ; ;12;122,841997305884
3355400;1;1;2;2;17; ;2; ; ;1;2; ; ;1; ;12;187,547817217855
3355400;1;2;2;2;17; ;2; ; ;1;2; ; ;1; ;12;187,547817217855
3355400;1;3;1; ; ; ; ; ; ; ; ; ; ; ; ;12;187,547817217855
3355400;1;4;1; ; ; ; ; ; ; ; ; ; ; ; ;12;187,547817217855
3355400;1;5;1; ; ; ; ; ; ; ; ; ; ; ; ;12;187,547817217855
3355401;1;1;1; ; ; ; ; ; ; ; ; ; ; ; ;12;220,341247898188
3355401;1;2;2;2;17; ;3;17; ;1;2; ; ;1; ;12;220,341247898188
3355401;1;3;1; ; ; ; ; ; ; ; ; ; ; ; ;12;220,341247898188
3355402;1;1;2;2;17; ;2; ; ;1;2; ; ;1; ;12;172,906181586513
3355402;1;2;1; ; ; ; ; ; ; ; ; ; ; ; ;12;172,906181586513
3355402;1;3;2;1; ; ;2; ; ;1;2; ; ;1; ;12;172,906181586513
3355402;1;4;1; ; ; ; ; ; ; ; ; ; ; ; ;12;172,906181586513
3355402;1;5;1; ; ; ; ; ; ; ; ; ; ; ; ;12;172,906181586513
3355402;1;6;1; ; ; ; ; ; ; ; ; ; ; ; ;12;172,906181586513
3355402;1;7;1; ; ; ; ; ; ; ; ; ; ; ; ;12;172,906181586513
3355402;1;8;1; ; ; ; ; ; ; ; ; ; ; ; ;12;172,906181586513
3355402;1;9;2;2;17; ;2; ; ;1;2; ; ;1; ;12;172,906181586513
3355403;1;1;2;2;73; ;2; ; ;1;2; ; ;1; ;12;160,36701281153
3355403;1;2;2;2;05; ;2; ; ;1;2; ; ;1; ;12;160,36701281153
3355403;1;3;1; ; ; ; ; ; ; ; ; ; ; ; ;12;160,36701281153
3355403;1;4;2;2;73; ;3;66; ;2;2; ; ;1; ;12;160,36701281153
3355404;1;1;1; ; ; ; ; ; ; ; ; ; ; ; ;12;240,768893488996
3355404;1;2;1; ; ; ; ; ; ; ; ; ; ; ; ;12;240,768893488996
3355404;1;3;1; ; ; ; ; ; ; ; ; ; ; ; ;12;240,768893488996
3355405;1;1;2;2;17; ;2; ; ;1;2; ; ;1; ;12;223,045829877791
3355406;1;1;2;2;17; ;2; ; ;1;2; ; ;1; ;12;168,589224483749
3355406;1;2;2;2;17; ;3;17; ;2;2; ; ;1; ;12;168,589224483749
3355407;1;1;1; ; ; ; ; ; ; ; ; ; ; ; ;12;187,125337884816
3355407;1;2;2;2;25; ;2; ; ;1;2; ; ;1; ;12;187,125337884816
3355407;1;3;2;1; ; ;4; ;8; ;3;11; ;1; ;12;187,125337884816
3355407;1;4;1; ; ; ; ; ; ; ; ; ; ; ; ;12;187,125337884816
3355408;1;1;1; ; ; ; ; ; ; ; ; ; ; ; ;12;121,62626559605
3355408;1;2;1; ; ; ; ; ; ; ; ; ; ; ; ;12;121,62626559605
3355408;1;3;1; ; ; ; ; ; ; ; ; ; ; ; ;12;121,62626559605
3355408;1;4;1; ; ; ; ; ; ; ; ; ; ; ; ;12;121,62626559605
3355409;1;1;2;2;08; ;2; ; ;1;2; ; ;1; ;12;104,105054696523
3355409;1;2;2;2;47; ;2; ; ;1;2; ; ;1; ;12;104,105054696523
3355409;1;3;2;2;08; ;2; ; ;1;2; ; ;1; ;12;104,105054696523
3355409;1;4;2;2;08; ;2; ; ;1;2; ; ;1; ;12;104,105054696523
3355409;1;5;1; ; ; ; ; ; ; ; ; ; ; ; ;12;104,105054696523
3355409;2;1;2;2;08; ;2; ; ;1;2; ; ;1; ;12;104,105054696523
3355409;2;2;1; ; ; ; ; ; ; ; ; ; ; ; ;12;104,105054696523
3355410;1;1;2;2;47; ;2; ; ;1;2; ; ;1; ;12;157,643736913565
3355410;1;2;2;2;47; ;2; ; ;1;2; ; ;1; ;12;157,643736913565
3355411;1;1;2;1; ; ;2; ; ;1;2; ; ;1; ;12;220,562656342371
3355411;1;2;1; ; ; ; ; ; ; ; ; ; ; ; ;12;220,562656342371
3355411;1;3;2;2;08; ;2; ; ;1;2; ; ;1; ;12;220,562656342371
3355411;1;4;2;1; ; ;2; ; ;1;2; ; ;1; ;12;220,562656342371
3355411;1;5;1; ; ; ; ; ; ; ; ; ; ; ; ;12;220,562656342371
3355411;1;6;1; ; ; ; ; ; ; ; ; ; ; ; ;12;220,562656342371
3355412;1;1;1; ; ; ; ; ; ; ; ; ; ; ; ;12;199,835696492758
3355412;1;2;2;2;54; ;2; ; ;1;2; ; ;1; ;12;199,835696492758
3355412;1;3;1; ; ; ; ; ; ; ; ; ; ; ; ;12;199,835696492758
3355412;1;4;1; ; ; ; ; ; ; ; ; ; ; ; ;12;199,835696492758
3355412;1;5;1; ; ; ; ; ; ; ; ; ; ; ; ;12;199,835696492758
3355412;1;6;1; ; ; ; ; ; ; ; ; ; ; ; ;12;199,835696492758
3355412;1;7;1; ; ; ; ; ; ; ; ; ; ; ; ;12;199,835696492758
3355413;1;1;2;1; ; ;3;44; ;2;3;08; ;1; ;12;306,036859148399
3355413;1;2;2;2;44; ;3;44; ;2;3;44; ;2;4;12;306,036859148399
3355413;1;3;2;1; ; ;3;44; ;2;3;44; ;2;4;12;306,036859148399
3355413;1;4;2;2;44; ;3;44; ;2;3;08; ;1; ;12;306,036859148399
3355413;1;5;2;2;44; ;1; ; ; ;3;08; ;1; ;12;306,036859148399
3355413;1;6;2;1; ; ;3;44; ;2;2; ; ;1; ;12;306,036859148399
3355413;1;7;1; ; ; ; ; ; ; ; ; ; ; ; ;12;306,036859148399
3355414;1;1;2;2;47; ;2; ; ;1;2; ; ;1; ;12;167,822208685015
3355415;1;1;2;1; ; ;2; ; ;1;2; ; ;1; ;12;156,432794350549
3355415;1;2;2;2;68; ;2; ; ;1;2; ; ;1; ;12;156,432794350549
3355415;1;3;1; ; ; ; ; ; ; ; ; ; ; ; ;12;156,432794350549
3355417;1;1;2;2;13; ;2; ; ;1;2; ; ;1; ;12;201,803519360842
3355417;1;2;2;2;13; ;2; ; ;1;2; ; ;1; ;12;201,803519360842
3355417;1;3;1; ; ; ; ; ; ; ; ; ; ; ; ;12;201,803519360842
3355417;1;4;1; ; ; ; ; ; ; ; ; ; ; ; ;12;201,803519360842
3355417;1;5;2;2;44; ;2; ; ;1;2; ; ;1; ;12;201,803519360842
3355417;1;6;1; ; ; ; ; ; ; ; ; ; ; ; ;12;201,803519360842
3355417;1;7;1; ; ; ; ; ; ; ; ; ; ; ; ;12;201,803519360842
3355417;1;8;1; ; ; ; ; ; ; ; ; ; ; ; ;12;201,803519360842
3355419;1;1;1; ; ; ; ; ; ; ; ; ; ; ; ;12;193,953284731745
3355419;1;2;1; ; ; ; ; ; ; ; ; ; ; ; ;12;193,953284731745
3355419;1;3;1; ; ; ; ; ; ; ; ; ; ; ; ;12;193,953284731745
3355419;1;4;1; ; ; ; ; ; ; ; ; ; ; ; ;12;193,953284731745
3355420;1;1;2;2;47; ;2; ; ;1;2; ; ;1; ;12;209,68023996011
3355420;1;2;2;2;70; ;2; ; ;1;2; ; ;1; ;12;209,68023996011
3355420;1;3;1; ; ; ; ; ; ; ; ; ; ; ; ;12;209,68023996011
3355420;1;4;1; ; ; ; ; ; ; ; ; ; ; ; ;12;209,68023996011
3355420;1;5;1; ; ; ; ; ; ; ; ; ; ; ; ;12;209,68023996011
3355420;1;6;1; ; ; ; ; ; ; ; ; ; ; ; ;12;209,68023996011
3355420;1;7;1; ; ; ; ; ; ; ; ; ; ; ; ;12;209,68023996011
3355420;1;8;1; ; ; ; ; ; ; ; ; ; ; ; ;12;209,68023996011
3355420;1;9;1; ; ; ; ; ; ; ; ; ; ; ; ;12;209,68023996011
3355420;1;10;1; ; ; ; ; ; ; ; ; ; ; ; ;12;209,68023996011
3355420;1;11;1; ; ; ; ; ; ; ; ; ; ; ; ;12;209,68023996011
3355421;1;1;1; ; ; ; ; ; ; ; ; ; ; ; ;12;169,311735989203
3355421;1;2;1; ; ; ; ; ; ; ; ; ; ; ; ;12;169,311735989203
3355421;1;3;1; ; ; ; ; ; ; ; ; ; ; ; ;12;169,311735989203
3355422;1;1;2;2;47; ;2; ; ;1;2; ; ;1; ;12;172,109990347365
3355422;1;2;2;2;27; ;2; ; ;1;2; ; ;1; ;12;172,109990347365
3355422;1;3;2;1; ; ;2; ; ;1;2; ; ;1; ;12;172,109990347365
3355422;1;4;2;3; ;3;2; ; ;1;2; ; ;1; ;12;172,109990347365
3355422;1;5;2;2;91; ;2; ; ;1;2; ; ;1; ;12;172,109990347365
3355422;1;6;2;2;91; ;2; ; ;1;2; ; ;1; ;12;172,109990347365
3355423;1;1;2;2;47; ;2; ; ;1;2; ; ;1; ;12;176,533848107253
3355423;1;2;2;2;20; ;2; ; ;1;2; ; ;1; ;12;176,533848107253
3355423;1;3;2;2;20; ;2; ; ;1;2; ; ;1; ;12;176,533848107253
3355423;1;4;1; ; ; ; ; ; ; ; ; ; ; ; ;12;176,533848107253
3355423;1;5;1; ; ; ; ; ; ; ; ; ; ; ; ;12;176,533848107253
3355423;1;6;2;2;20; ;2; ; ;1;2; ; ;1; ;12;176,533848107253
3355423;1;7;2;2;20; ;2; ; ;1;2; ; ;1; ;12;176,533848107253
3355424;1;1;1; ; ; ; ; ; ; ; ; ; ; ; ;12;151,892299364711
3355424;1;2;1; ; ; ; ; ; ; ; ; ; ; ; ;12;151,892299364711
3355424;1;3;1; ; ; ; ; ; ; ; ; ; ; ; ;12;151,892299364711
3355424;1;4;1; ; ; ; ; ; ; ; ; ; ; ; ;12;151,892299364711
3355424;1;5;2;2;20; ;3;20; ;1;2; ; ;1; ;12;151,892299364711
3355424;1;6;1; ; ; ; ; ; ; ; ; ; ; ; ;12;151,892299364711
3355425;1;1;1; ; ; ; ; ; ; ; ; ; ; ; ;12;191,239323105048
3355425;1;2;1; ; ; ; ; ; ; ; ; ; ; ; ;12;191,239323105048
3355426;1;1;2;2;47; ;3;47; ;1;2; ; ;1; ;12;167,81189338823
3355426;1;2;2;2;76; ;2; ; ;1;2; ; ;1; ;12;167,81189338823
3355427;1;1;2;1; ; ;3;08; ;1;2; ; ;1; ;12;144,93842927834
3355427;1;2;1; ; ; ; ; ; ; ; ; ; ; ; ;12;144,93842927834
3355427;1;3;2;2;08; ;3;08; ;1;2; ; ;1; ;12;144,93842927834
3355429;1;1;1; ; ; ; ; ; ; ; ; ; ; ; ;12;200,103938524436
3355429;1;2;1; ; ; ; ; ; ; ; ; ; ; ; ;12;200,103938524436
3355429;1;3;1; ; ; ; ; ; ; ; ; ; ; ; ;12;200,103938524436
3355429;1;4;1; ; ; ; ; ; ; ; ; ; ; ; ;12;200,103938524436
3355429;1;5;1; ; ; ; ; ; ; ; ; ; ; ; ;12;200,103938524436
3355429;1;6;1; ; ; ; ; ; ; ; ; ; ; ; ;12;200,103938524436
3355429;1;7;1; ; ; ; ; ; ; ; ; ; ; ; ;12;200,103938524436
3355429;1;8;1; ; ; ; ; ; ; ; ; ; ; ; ;12;200,103938524436
3355430;1;1;1; ; ; ; ; ; ; ; ; ; ; ; ;12;241,998456134827
3355430;1;2;1; ; ; ; ; ; ; ; ; ; ; ; ;12;241,998456134827
3355430;1;3;1; ; ; ; ; ; ; ; ; ; ; ; ;12;241,998456134827
3355430;1;4;1; ; ; ; ; ; ; ; ; ; ; ; ;12;241,998456134827
3355430;1;5;1; ; ; ; ; ; ; ; ; ; ; ; ;12;241,998456134827
3355431;1;1;1; ; ; ; ; ; ; ; ; ; ; ; ;12;133,005364633731
3355431;1;2;1; ; ; ; ; ; ; ; ; ; ; ; ;12;133,005364633731
3355431;1;3;2;2;44; ;2; ; ;1;2; ; ;1; ;12;133,005364633731
3355432;1;1;1; ; ; ; ; ; ; ; ; ; ; ; ;12;169,311735989203
3355432;1;2;1; ; ; ; ; ; ; ; ; ; ; ; ;12;169,311735989203
3355432;1;3;1; ; ; ; ; ; ; ; ; ; ; ; ;12;169,311735989203
3355433;1;1;2;2;47; ;2; ; ;1;2; ; ;1; ;12;194,312985741673
3355433;1;2;2;2;20; ;2; ; ;1;2; ; ;1; ;12;194,312985741673
3355433;1;3;1; ; ; ; ; ; ; ; ; ; ; ; ;12;194,312985741673
3355433;1;4;1; ; ; ; ; ; ; ; ; ; ; ; ;12;194,312985741673
3355433;1;5;1; ; ; ; ; ; ; ; ; ; ; ; ;12;194,312985741673
3355433;2;1;2;2;47; ;3;47; ;1;2; ; ;1; ;12;194,312985741673
3355434;1;1;1; ; ; ; ; ; ; ; ; ; ; ; ;12;145,999572306913
3355434;1;2;2;2;47; ;2; ; ;1;2; ; ;1; ;12;145,999572306913
3355434;1;3;2;2;47; ;2; ; ;1;2; ; ;1; ;12;145,999572306913
3355434;1;4;1; ; ; ; ; ; ; ; ; ; ; ; ;12;145,999572306913
3355435;1;1;2;2;17; ;2; ; ;1;2; ; ;1; ;12;156,327843612806
3355439;1;1;2;2;54; ;2; ; ;1;2; ; ;1; ;12;157,63342161678
3355439;1;2;2;2;54; ;2; ; ;1;2; ; ;1; ;12;157,63342161678
3355439;1;3;2;1; ; ;2; ; ;1;2; ; ;1; ;12;157,63342161678
3355440;1;1;1; ; ; ; ; ; ; ; ; ; ; ; ;12;162,325521408346
3355440;1;2;1; ; ; ; ; ; ; ; ; ; ; ; ;12;162,325521408346
3355440;1;3;1; ; ; ; ; ; ; ; ; ; ; ; ;12;162,325521408346
3355440;1;4;1; ; ; ; ; ; ; ; ; ; ; ; ;12;162,325521408346
3355440;1;5;2;2;47; ;2; ; ;1;2; ; ;1; ;12;162,325521408346
3355441;1;1;2;1; ; ;2; ; ;1;2; ; ;1; ;12;165,158077589012
3355441;1;2;1; ; ; ; ; ; ; ; ; ; ; ; ;12;165,158077589012
3355441;1;3;1; ; ; ; ; ; ; ; ; ; ; ; ;12;165,158077589012
3355441;1;4;1; ; ; ; ; ; ; ; ; ; ; ; ;12;165,158077589012
3355442;1;1;2;2;08; ;2; ; ;1;2; ; ;1; ;12;134,181773696833
3355442;1;2;2;2;08; ;2; ; ;1;2; ; ;1; ;12;134,181773696833
3355442;1;3;2;2;08; ;2; ; ;1;2; ; ;1; ;12;134,181773696833
3355442;1;4;2;2;47; ;2; ; ;1;2; ; ;1; ;12;134,181773696833
3355442;1;5;2;2;47; ;3;47; ;1;2; ; ;1; ;12;134,181773696833
3355443;1;1;2;2;08; ;3;08; ;1;2; ; ;1; ;12;230,622685616585
3355443;1;2;2;2;08; ;2; ; ;1;2; ; ;1; ;12;230,622685616585
3355444;1;1;2;2;54; ;2; ; ;1;2; ; ;1; ;12;261,170453176418
3355444;1;2;1; ; ; ; ; ; ; ; ; ; ; ; ;12;261,170453176418
3355444;1;3;1; ; ; ; ; ; ; ; ; ; ; ; ;12;261,170453176418
3355444;1;4;1; ; ; ; ; ; ; ; ; ; ; ; ;12;261,170453176418
3355444;1;5;1; ; ; ; ; ; ; ; ; ; ; ; ;12;261,170453176418
3355444;1;6;1; ; ; ; ; ; ; ; ; ; ; ; ;12;261,170453176418
3355445;1;1;2;2;23; ;2; ; ;1;2; ; ;1; ;12;166,6476048932
3355445;1;2;2;2;44; ;2; ; ;1;2; ; ;1; ;12;166,6476048932
3355445;1;3;1; ; ; ; ; ; ; ; ; ; ; ; ;12;166,6476048932
3355445;1;4;1; ; ; ; ; ; ; ; ; ; ; ; ;12;166,6476048932
3355445;1;5;1; ; ; ; ; ; ; ; ; ; ; ; ;12;166,6476048932
3355445;1;6;1; ; ; ; ; ; ; ; ; ; ; ; ;12;166,6476048932
3355446;1;1;1; ; ; ; ; ; ; ; ; ; ; ; ;12;223,171667231326
3355446;1;2;1; ; ; ; ; ; ; ; ; ; ; ; ;12;223,171667231326
3355446;1;3;2;1; ; ;2; ; ;1;3;54; ;1; ;12;223,171667231326
3355446;1;4;1; ; ; ; ; ; ; ; ; ; ; ; ;12;223,171667231326
3355446;1;5;1; ; ; ; ; ; ; ; ; ; ; ; ;12;223,171667231326
3355446;1;6;2;2;68; ;2; ; ;1;3;54; ;1; ;12;223,171667231326
3355447;1;1;2;2;20; ;2; ; ;1;2; ; ;1; ;12;167,822208685015
3355448;1;1;1; ; ; ; ; ; ; ; ; ; ; ; ;12;242,01194789432
3355448;1;2;2;1; ; ;3;47; ;1;2; ; ;1; ;12;242,01194789432
3355448;1;3;1; ; ; ; ; ; ; ; ; ; ; ; ;12;242,01194789432
3355448;1;4;2;2;47; ;2; ; ;1;2; ; ;1; ;12;242,01194789432
3355448;1;5;1; ; ; ; ; ; ; ; ; ; ; ; ;12;242,01194789432
3355448;1;6;1; ; ; ; ; ; ; ; ; ; ; ; ;12;242,01194789432
3355451;1;1;1; ; ; ; ; ; ; ; ; ; ; ; ;12;182,445427900043
3355451;1;2;1; ; ; ; ; ; ; ; ; ; ; ; ;12;182,445427900043
3355451;1;3;1; ; ; ; ; ; ; ; ; ; ; ; ;12;182,445427900043
3355452;1;1;2;2;20; ;2; ; ;1;2; ; ;1; ;12;195,921107599829
3355452;1;2;2;2;20; ;2; ; ;1;2; ; ;1; ;12;195,921107599829
3355452;1;3;2;2;44; ;2; ; ;1;2; ; ;1; ;12;195,921107599829
3355452;1;4;2;2;44; ;2; ; ;1;2; ; ;1; ;12;195,921107599829
3355452;1;5;2;2;44; ;2; ; ;1;2; ; ;1; ;12;195,921107599829
3355453;1;1;2;2;17; ;3;44; ;1;2; ; ;1; ;12;183,893407514263
3355453;1;2;2;2;41; ;3;41; ;1;3;41; ;1; ;12;183,893407514263
3355454;1;1;2;2;47; ;2; ; ;1;2; ; ;1; ;12;112,685719906602
3355454;1;2;2;1; ; ;3;66; ;1;2; ; ;1; ;12;112,685719906602
3355454;1;3;1; ; ; ; ; ; ; ; ; ; ; ; ;12;112,685719906602
3355454;1;4;1; ; ; ; ; ; ; ; ; ; ; ; ;12;112,685719906602
3355454;1;5;2;2;08; ;2; ; ;1;2; ; ;1; ;12;112,685719906602
3355454;1;6;1; ; ; ; ; ; ; ; ; ; ; ; ;12;112,685719906602
3355455;1;1;1; ; ; ; ; ; ; ; ; ; ; ; ;12;193,953284731745
3355455;1;2;1; ; ; ; ; ; ; ; ; ; ; ; ;12;193,953284731745
3355455;1;3;1; ; ; ; ; ; ; ; ; ; ; ; ;12;193,953284731745
3355455;1;4;1; ; ; ; ; ; ; ; ; ; ; ; ;12;193,953284731745
3355456;1;1;2;1; ; ;2; ; ;1;2; ; ;1; ;12;172,399042442054
3355456;1;2;1; ; ; ; ; ; ; ; ; ; ; ; ;12;172,399042442054
3355459;1;1;1; ; ; ; ; ; ; ; ; ; ; ; ;12;284,584418546451
3355459;1;2;1; ; ; ; ; ; ; ; ; ; ; ; ;12;284,584418546451
3355459;1;3;2;1; ; ;2; ; ;1;3;68; ;1; ;12;284,584418546451
3355459;1;4;1; ; ; ; ; ; ; ; ; ; ; ; ;12;284,584418546451
3355459;1;5;2;1; ; ;2; ; ;1;2; ; ;1; ;12;284,584418546451
3355459;1;6;1; ; ; ; ; ; ; ; ; ; ; ; ;12;284,584418546451
3355459;1;7;1; ; ; ; ; ; ; ; ; ; ; ; ;12;284,584418546451
3355459;1;8;2;1; ; ;1; ; ; ;2; ; ;1; ;12;284,584418546451
3355460;1;1;2;2;95; ;2; ; ;1;2; ; ;1; ;12;173,728427502306
3355460;1;2;2;1; ; ;2; ; ;1;2; ; ;1; ;12;173,728427502306
3355460;1;3;2;2;11; ;2; ; ;1;2; ; ;1; ;12;173,728427502306
3355460;1;4;2;2;11; ;2; ; ;1;2; ; ;1; ;12;173,728427502306
3355461;1;1;2;1; ; ;2; ; ;1;2; ; ;1; ;12;193,953284731745
3355461;1;2;1; ; ; ; ; ; ; ; ; ; ; ; ;12;193,953284731745
3355461;1;3;1; ; ; ; ; ; ; ; ; ; ; ; ;12;193,953284731745
3355461;1;4;1; ; ; ; ; ; ; ; ; ; ; ; ;12;193,953284731745
3355462;1;1;1; ; ; ; ; ; ; ; ; ; ; ; ;12;150,416263820016
3355462;1;2;2;2;44; ;2; ; ;1;2; ; ;1; ;12;150,416263820016
3355462;1;3;2;2;47; ;4; ;3; ;4; ;3; ;1;12;150,416263820016
3355462;1;4;1; ; ; ; ; ; ; ; ; ; ; ; ;12;150,416263820016
3355462;1;5;1; ; ; ; ; ; ; ; ; ; ; ; ;12;150,416263820016
3355463;1;1;1; ; ; ; ; ; ; ; ; ; ; ; ;12;204,65159975706
3355463;1;2;1; ; ; ; ; ; ; ; ; ; ; ; ;12;204,65159975706
3355463;1;3;1; ; ; ; ; ; ; ; ; ; ; ; ;12;204,65159975706
3355463;1;4;2;1; ; ;3;76; ;1;2; ; ;1; ;12;204,65159975706
3355463;1;5;2;2;13; ;2; ; ;1;2; ; ;1; ;12;204,65159975706
3355464;1;1;2;2;20; ;2; ; ;1;2; ; ;1; ;12;157,657228673058
3355464;1;2;2;2;13; ;2; ; ;1;2; ; ;1; ;12;157,657228673058
3355464;1;3;1; ; ; ; ; ; ; ; ; ; ; ; ;12;157,657228673058
3355465;1;1;2;2;13; ;4; ;3; ;2; ; ;1; ;12;99,5385362362694
3355465;1;2;2;2;13; ;4; ;3; ;2; ; ;1; ;12;99,5385362362694
3355465;1;3;1; ; ; ; ; ; ; ; ; ; ; ; ;12;99,5385362362694
3355465;1;4;1; ; ; ; ; ; ; ; ; ; ; ; ;12;99,5385362362694
3355465;1;5;1; ; ; ; ; ; ; ; ; ; ; ; ;12;99,5385362362694
3355466;1;1;1; ; ; ; ; ; ; ; ; ; ; ; ;12;152,031783602369
3355466;1;2;1; ; ; ; ; ; ; ; ; ; ; ; ;12;152,031783602369
3355466;1;3;1; ; ; ; ; ; ; ; ; ; ; ; ;12;152,031783602369
3355466;1;4;1; ; ; ; ; ; ; ; ; ; ; ; ;12;152,031783602369
3355466;1;5;1; ; ; ; ; ; ; ; ; ; ; ; ;12;152,031783602369
3355467;1;1;1; ; ; ; ; ; ; ; ; ; ; ; ;12;149,086878759764
3355467;1;2;2;2;47; ;2; ; ;1;2; ; ;1; ;12;149,086878759764
3355467;1;3;1; ; ; ; ; ; ; ; ; ; ; ; ;12;149,086878759764
3355468;1;1;1; ; ; ; ; ; ; ; ; ; ; ; ;12;266,918741675272
3355468;1;2;2;2;08; ;2; ; ;1;2; ; ;1; ;12;266,918741675272
3355468;1;3;1; ; ; ; ; ; ; ; ; ; ; ; ;12;266,918741675272
3355469;1;1;2;2;47; ;2; ; ;1;2; ; ;1; ;12;172,503993179797
3355469;1;2;2;2;13; ;2; ; ;1;2; ; ;1; ;12;172,503993179797
3355469;1;3;1; ; ; ; ; ; ; ; ; ; ; ; ;12;172,503993179797
3355469;1;4;1; ; ; ; ; ; ; ; ; ; ; ; ;12;172,503993179797
3355470;1;1;2;2;47; ;2; ; ;1;2; ; ;1; ;12;156,432794350549
3355470;1;2;2;2;47; ;2; ; ;1;2; ; ;1; ;12;156,432794350549
3355470;1;3;1; ; ; ; ; ; ; ; ; ; ; ; ;12;156,432794350549
3355471;1;1;1; ; ; ; ; ; ; ; ; ; ; ; ;12;185,382934818451
3355471;1;2;1; ; ; ; ; ; ; ; ; ; ; ; ;12;185,382934818451
3355471;1;3;1; ; ; ; ; ; ; ; ; ; ; ; ;12;185,382934818451
3355471;1;4;1; ; ; ; ; ; ; ; ; ; ; ; ;12;185,382934818451
3355472;1;1;1; ; ; ; ; ; ; ; ; ; ; ; ;12;193,953284731745
3355472;1;2;1; ; ; ; ; ; ; ; ; ; ; ; ;12;193,953284731745
3355472;1;3;1; ; ; ; ; ; ; ; ; ; ; ; ;12;193,953284731745
3355472;1;4;1; ; ; ; ; ; ; ; ; ; ; ; ;12;193,953284731745
3355473;1;1;1; ; ; ; ; ; ; ; ; ; ; ; ;12;178,396720237594
3355473;1;2;1; ; ; ; ; ; ; ; ; ; ; ; ;12;178,396720237594
3355473;1;3;1; ; ; ; ; ; ; ; ; ; ; ; ;12;178,396720237594
3355473;1;4;1; ; ; ; ; ; ; ; ; ; ; ; ;12;178,396720237594
3355473;1;5;1; ; ; ; ; ; ; ; ; ; ; ; ;12;178,396720237594
3355473;1;6;1; ; ; ; ; ; ; ; ; ; ; ; ;12;178,396720237594
3355474;1;1;1; ; ; ; ; ; ; ; ; ; ; ; ;12;210,024483560993
3355474;1;2;1; ; ; ; ; ; ; ; ; ; ; ; ;12;210,024483560993
3355474;1;3;1; ; ; ; ; ; ; ; ; ; ; ; ;12;210,024483560993
3355474;1;4;1; ; ; ; ; ; ; ; ; ; ; ; ;12;210,024483560993
3355474;1;5;1; ; ; ; ; ; ; ; ; ; ; ; ;12;210,024483560993
3355475;1;1;1; ; ; ; ; ; ; ; ; ; ; ; ;12;147,492248661101
3355475;1;2;1; ; ; ; ; ; ; ; ; ; ; ; ;12;147,492248661101
3355475;1;3;1; ; ; ; ; ; ; ; ; ; ; ; ;12;147,492248661101
3355475;1;4;1; ; ; ; ; ; ; ; ; ; ; ; ;12;147,492248661101
3355475;1;5;1; ; ; ; ; ; ; ; ; ; ; ; ;12;147,492248661101
3355477;1;1;2;2;54; ;2; ; ;1;2; ; ;1; ;12;207,205571196553
3355478;1;1;1; ; ; ; ; ; ; ; ; ; ; ; ;12;197,145541922338
3355478;1;2;2;2;68; ;2; ; ;1;2; ; ;1; ;12;197,145541922338
3355478;1;3;1; ; ; ; ; ; ; ; ; ; ; ; ;12;197,145541922338
3355478;1;4;1; ; ; ; ; ; ; ; ; ; ; ; ;12;197,145541922338
3355478;1;5;1; ; ; ; ; ; ; ; ; ; ; ; ;12;197,145541922338
3355479;1;1;1; ; ; ; ; ; ; ; ; ; ; ; ;12;163,549955730856
3355479;1;2;2;2;76; ;2; ; ;1;2; ; ;1; ;12;163,549955730856
3355479;1;3;1; ; ; ; ; ; ; ; ; ; ; ; ;12;163,549955730856
3355479;1;4;1; ; ; ; ; ; ; ; ; ; ; ; ;12;163,549955730856
3355479;1;5;2;2;25; ;2; ; ;1;2; ; ;1; ;12;163,549955730856
3355480;1;1;2;2;47; ;2; ; ;1;2; ; ;1; ;12;220,457705604628
3355480;1;2;1; ; ; ; ; ; ; ; ; ; ; ; ;12;220,457705604628
3355480;1;3;1; ; ; ; ; ; ; ; ; ; ; ; ;12;220,457705604628
3355480;1;4;1; ; ; ; ; ; ; ; ; ; ; ; ;12;220,457705604628
3355482;1;1;1; ; ; ; ; ; ; ; ; ; ; ; ;12;157,657228673058
3355482;1;2;1; ; ; ; ; ; ; ; ; ; ; ; ;12;157,657228673058
3355482;1;3;1; ; ; ; ; ; ; ; ; ; ; ; ;12;157,657228673058
3355483;1;1;1; ; ; ; ; ; ; ; ; ; ; ; ;12;172,503993179797
3355483;1;2;1; ; ; ; ; ; ; ; ; ; ; ; ;12;172,503993179797
3355483;1;3;1; ; ; ; ; ; ; ; ; ; ; ; ;12;172,503993179797
3355483;1;4;1; ; ; ; ; ; ; ; ; ; ; ; ;12;172,503993179797
3355484;1;1;1; ; ; ; ; ; ; ; ; ; ; ; ;12;193,939792972252
3355484;1;2;1; ; ; ; ; ; ; ; ; ; ; ; ;12;193,939792972252
3355484;1;3;1; ; ; ; ; ; ; ; ; ; ; ; ;12;193,939792972252
3355485;1;1;1; ; ; ; ; ; ; ; ; ; ; ; ;12;181,074343093091
3355485;1;2;1; ; ; ; ; ; ; ; ; ; ; ; ;12;181,074343093091
3355485;1;3;1; ; ; ; ; ; ; ; ; ; ; ; ;12;181,074343093091
3355485;1;4;1; ; ; ; ; ; ; ; ; ; ; ; ;12;181,074343093091
3355486;1;1;1; ; ; ; ; ; ; ; ; ; ; ; ;12;193,953284731745
3355486;1;2;2;2;47; ;2; ; ;1;2; ; ;1; ;12;193,953284731745
3355486;1;3;2;2;47; ;2; ; ;1;2; ; ;1; ;12;193,953284731745
3355486;1;4;1; ; ; ; ; ; ; ; ; ; ; ; ;12;193,953284731745
3355487;1;1;2;2;47; ;2; ; ;1;2; ; ;1; ;12;197,145541922338
3355487;1;2;1; ; ; ; ; ; ; ; ; ; ; ; ;12;197,145541922338
3355487;1;3;2;2;47; ;2; ; ;1;2; ; ;1; ;12;197,145541922338
3355487;1;4;1; ; ; ; ; ; ; ; ; ; ; ; ;12;197,145541922338
3355487;1;5;1; ; ; ; ; ; ; ; ; ; ; ; ;12;197,145541922338
3355488;1;1;1; ; ; ; ; ; ; ; ; ; ; ; ;12;165,158077589012
3355488;1;2;1; ; ; ; ; ; ; ; ; ; ; ; ;12;165,158077589012
3355488;1;3;1; ; ; ; ; ; ; ; ; ; ; ; ;12;165,158077589012
3355488;1;4;1; ; ; ; ; ; ; ; ; ; ; ; ;12;165,158077589012
3355489;1;1;1; ; ; ; ; ; ; ; ; ; ; ; ;12;167,822208685015
3355490;1;1;1; ; ; ; ; ; ; ; ; ; ; ; ;12;147,465265142115
3355490;1;2;1; ; ; ; ; ; ; ; ; ; ; ; ;12;147,465265142115
3355490;1;3;1; ; ; ; ; ; ; ; ; ; ; ; ;12;147,465265142115
3355491;1;1;1; ; ; ; ; ; ; ; ; ; ; ; ;12;134,32125793449
3355491;1;2;2;2;47; ;2; ; ;1;2; ; ;1; ;12;134,32125793449
3355491;1;3;1; ; ; ; ; ; ; ; ; ; ; ; ;12;134,32125793449
3355491;1;4;1; ; ; ; ; ; ; ; ; ; ; ; ;12;134,32125793449
3355492;1;1;1; ; ; ; ; ; ; ; ; ; ; ; ;12;243,864504727876
3355492;1;2;1; ; ; ; ; ; ; ; ; ; ; ; ;12;243,864504727876
3355492;1;3;1; ; ; ; ; ; ; ; ; ; ; ; ;12;243,864504727876
3355492;1;4;1; ; ; ; ; ; ; ; ; ; ; ; ;12;243,864504727876
3355492;1;5;1; ; ; ; ; ; ; ; ; ; ; ; ;12;243,864504727876
3355492;1;6;1; ; ; ; ; ; ; ; ; ; ; ; ;12;243,864504727876
3355493;1;1;2;2;11; ;2; ; ;1;2; ; ;1; ;12;193,953284731745
3355493;1;2;1; ; ; ; ; ; ; ; ; ; ; ; ;12;193,953284731745
3355493;1;3;1; ; ; ; ; ; ; ; ; ; ; ; ;12;193,953284731745
3355493;1;4;1; ; ; ; ; ; ; ; ; ; ; ; ;12;193,953284731745
3355494;1;1;2;2;08; ;2; ; ;1;2; ; ;1; ;12;149,086878759764
3355494;1;2;1; ; ; ; ; ; ; ; ; ; ; ; ;12;149,086878759764
3355494;2;1;2;2;20; ;2; ; ;1;2; ; ;1; ;12;149,086878759764
3355495;1;1;2;2;47; ;2; ; ;1;2; ; ;1; ;12;172,503993179797
3355495;1;2;2;2;47; ;2; ; ;1;2; ; ;1; ;12;172,503993179797
3355495;1;3;1; ; ; ; ; ; ; ; ; ; ; ; ;12;172,503993179797
3355495;1;4;1; ; ; ; ; ; ; ; ; ; ; ; ;12;172,503993179797
3355496;1;1;2;2;20; ;2; ; ;1;2; ; ;1; ;12;138,908406988314
3355496;1;2;1; ; ; ; ; ; ; ; ; ; ; ; ;12;138,908406988314
3355496;1;3;2;2;20; ;2; ; ;1;2; ; ;1; ;12;138,908406988314
3355496;1;4;2;2;20; ;2; ; ;1;2; ; ;1; ;12;138,908406988314
3355497;1;1;2;2;05; ;2; ; ;1;2; ; ;1; ;12;208,800049238484
3355497;1;2;2;2;11; ;2; ; ;1;2; ; ;1; ;12;208,800049238484
3355497;1;3;2;2;05; ;2; ; ;1;2; ; ;1; ;12;208,800049238484
3355497;1;4;2;2;05; ;2; ; ;1;2; ; ;1; ;12;208,800049238484
3355497;1;5;2;2;05; ;2; ; ;1;2; ; ;1; ;12;208,800049238484
3355498;1;1;1; ; ; ; ; ; ; ; ; ; ; ; ;12;169,291105395633
3355498;1;2;1; ; ; ; ; ; ; ; ; ; ; ; ;12;169,291105395633
3355498;2;1;1; ; ; ; ; ; ; ; ; ; ; ; ;12;169,291105395633
3355498;2;2;1; ; ; ; ; ; ; ; ; ; ; ; ;12;169,291105395633
3355498;2;3;1; ; ; ; ; ; ; ; ; ; ; ; ;12;169,291105395633
3355499;1;1;1; ; ; ; ; ; ; ; ; ; ; ; ;12;227,535379163735
3355499;1;2;1; ; ; ; ; ; ; ; ; ; ; ; ;12;227,535379163735
3355499;1;3;1; ; ; ; ; ; ; ; ; ; ; ; ;12;227,535379163735
3355500;1;1;1; ; ; ; ; ; ; ; ; ; ; ; ;12;162,315206111561
3355500;1;2;1; ; ; ; ; ; ; ; ; ; ; ; ;12;162,315206111561
3355500;1;3;1; ; ; ; ; ; ; ; ; ; ; ; ;12;162,315206111561
3355500;1;4;2;1; ; ;2; ; ;1;2; ; ;1; ;12;162,315206111561
3355500;1;5;1; ; ; ; ; ; ; ; ; ; ; ; ;12;162,315206111561
3355500;1;6;1; ; ; ; ; ; ; ; ; ; ; ; ;12;162,315206111561
3355501;1;1;2;2;13; ;2; ; ;1;2; ; ;1; ;12;249,512796810273
3355501;1;2;1; ; ; ; ; ; ; ; ; ; ; ; ;12;249,512796810273
3355501;1;3;1; ; ; ; ; ; ; ; ; ; ; ; ;12;249,512796810273
3355501;1;4;1; ; ; ; ; ; ; ; ; ; ; ; ;12;249,512796810273
3355501;1;5;1; ; ; ; ; ; ; ; ; ; ; ; ;12;249,512796810273
3355501;1;6;1; ; ; ; ; ; ; ; ; ; ; ; ;12;249,512796810273
3355501;1;7;1; ; ; ; ; ; ; ; ; ; ; ; ;12;249,512796810273
3355502;1;1;2;2;47; ;2; ; ;1;2; ; ;1; ;12;210,024483560993
3355502;1;2;2;2;47; ;2; ; ;1;2; ; ;1; ;12;210,024483560993
3355502;1;3;2;2;47; ;2; ; ;1;2; ; ;1; ;12;210,024483560993
3355502;1;4;1; ; ; ; ; ; ; ; ; ; ; ; ;12;210,024483560993
3355502;1;5;1; ; ; ; ; ; ; ; ; ; ; ; ;12;210,024483560993
3355503;1;1;1; ; ; ; ; ; ; ; ; ; ; ; ;12;215,88087184759
3355503;1;2;1; ; ; ; ; ; ; ; ; ; ; ; ;12;215,88087184759
3355503;1;3;1; ; ; ; ; ; ; ; ; ; ; ; ;12;215,88087184759
3355504;1;1;2;2;47; ;2; ; ;1;2; ; ;1; ;12;232,217163658516
3355504;1;2;2;2;47; ;2; ; ;1;2; ; ;1; ;12;232,217163658516
3355504;1;3;2;2;47; ;2; ; ;1;2; ; ;1; ;12;232,217163658516
3355504;1;4;2;2;47; ;2; ; ;1;2; ; ;1; ;12;232,217163658516
3355504;1;5;2;2;47; ;2; ; ;1;2; ; ;1; ;12;232,217163658516
3355504;1;6;2;2;47; ;3;47; ;1;2; ; ;1; ;12;232,217163658516
3355505;1;1;2;2;47; ;2; ; ;1;2; ; ;1; ;12;149,086878759764
3355505;1;2;2;2;47; ;2; ; ;1;2; ; ;1; ;12;149,086878759764
3355505;1;3;1; ; ; ; ; ; ; ; ; ; ; ; ;12;149,086878759764
3355506;1;1;1; ; ; ; ; ; ; ; ; ; ; ; ;12;322,21300871539
3355506;1;2;1; ; ; ; ; ; ; ; ; ; ; ; ;12;322,21300871539
3355506;1;3;1; ; ; ; ; ; ; ; ; ; ; ; ;12;322,21300871539
3355506;1;4;1; ; ; ; ; ; ; ; ; ; ; ; ;12;322,21300871539
3355506;1;5;1; ; ; ; ; ; ; ; ; ; ; ; ;12;322,21300871539
3355506;1;6;1; ; ; ; ; ; ; ; ; ; ; ; ;12;322,21300871539
3355506;1;7;1; ; ; ; ; ; ; ; ; ; ; ; ;12;322,21300871539
3355506;1;8;1; ; ; ; ; ; ; ; ; ; ; ; ;12;322,21300871539
3355506;1;9;1; ; ; ; ; ; ; ; ; ; ; ; ;12;322,21300871539
3355506;1;10;1; ; ; ; ; ; ; ; ; ; ; ; ;12;322,21300871539
3355507;1;1;1; ; ; ; ; ; ; ; ; ; ; ; ;12;255,264234359127
3355507;1;2;1; ; ; ; ; ; ; ; ; ; ; ; ;12;255,264234359127
3355507;1;3;1; ; ; ; ; ; ; ; ; ; ; ; ;12;255,264234359127
3355508;1;1;2;2;13; ;2; ; ;1;2; ; ;1; ;12;207,205571196553
3355509;1;1;2;2;20; ;2; ; ;1;2; ; ;1; ;12;203,267023190614
3355509;1;2;1; ; ; ; ; ; ; ; ; ; ; ; ;12;203,267023190614
3355509;1;3;1; ; ; ; ; ; ; ; ; ; ; ; ;12;203,267023190614
3355509;1;4;1; ; ; ; ; ; ; ; ; ; ; ; ;12;203,267023190614
3355509;1;5;1; ; ; ; ; ; ; ; ; ; ; ; ;12;203,267023190614
3355510;1;1;1; ; ; ; ; ; ; ; ; ; ; ; ;12;241,903848106578
3355510;1;2;1; ; ; ; ; ; ; ; ; ; ; ; ;12;241,903848106578
3355510;1;3;1; ; ; ; ; ; ; ; ; ; ; ; ;12;241,903848106578
3355510;1;4;1; ; ; ; ; ; ; ; ; ; ; ; ;12;241,903848106578
3355510;1;5;1; ; ; ; ; ; ; ; ; ; ; ; ;12;241,903848106578
3355511;1;1;2;2;47; ;2; ; ;1;2; ; ;1; ;12;205,70240007614
3355511;1;2;1; ; ; ; ; ; ; ; ; ; ; ; ;12;205,70240007614
3355511;1;3;2;2;47; ;3;47; ;1;2; ; ;1; ;12;205,70240007614
3355511;1;4;1; ; ; ; ; ; ; ; ; ; ; ; ;12;205,70240007614
3355512;1;1;1; ; ; ; ; ; ; ; ; ; ; ; ;12;192,50241965693
3355512;2;1;1; ; ; ; ; ; ; ; ; ; ; ; ;12;192,50241965693
3355513;1;1;2;2;85; ;3;50; ;1;2; ; ;1; ;12;255,593454587197
3355513;1;2;2;2;85; ;2; ; ;1;2; ; ;1; ;12;255,593454587197
3355514;1;1;2;2;50; ;2; ; ;1;2; ; ;1; ;12;242,8227023533
3355514;1;2;1; ; ; ; ; ; ; ; ; ; ; ; ;12;242,8227023533
3355515;1;1;2;2;73; ;2; ; ;1;2; ; ;1; ;12;183,337990344005
3355515;1;2;2;2;73; ;2; ; ;1;2; ; ;1; ;12;183,337990344005
3355515;1;3;2;2;50; ;2; ; ;1;2; ; ;1; ;12;183,337990344005
3355516;1;1;2;2;50; ;3;11; ;1;2; ; ;1; ;12;206,326672996944
3355516;1;2;2;2;50; ;2; ; ;1;2; ; ;1; ;12;206,326672996944
3355516;1;3;2;2;50; ;2; ; ;1;2; ; ;1; ;12;206,326672996944
3355516;1;4;2;2;50; ;2; ; ;1;2; ; ;1; ;12;206,326672996944
3355516;1;5;1; ; ; ; ; ; ; ; ; ; ; ; ;12;206,326672996944
3355517;1;1;2;2;25; ;2; ; ;1;2; ; ;1; ;12;196,614223152917
3355518;1;1;1; ; ; ; ; ; ; ; ; ; ; ; ;12;278,650988448358
3355518;1;2;1; ; ; ; ; ; ; ; ; ; ; ; ;12;278,650988448358
3355518;1;3;1; ; ; ; ; ; ; ; ; ; ; ; ;12;278,650988448358
3355519;1;1;2;2;17; ;2; ; ;1;2; ; ;1; ;12;196,614223152917
3355520;1;1;1; ; ; ; ; ; ; ; ; ; ; ; ;12;182,614452673428
3355521;1;1;1; ; ; ; ; ; ; ; ; ; ; ; ;12;237,994374635926
3355521;1;2;1; ; ; ; ; ; ; ; ; ; ; ; ;12;237,994374635926
3355521;1;3;1; ; ; ; ; ; ; ; ; ; ; ; ;12;237,994374635926
3355522;1;1;1; ; ; ; ; ; ; ; ; ; ; ; ;12;192,150377305729
3355522;1;2;1; ; ; ; ; ; ; ; ; ; ; ; ;12;192,150377305729
3355522;1;3;1; ; ; ; ; ; ; ; ; ; ; ; ;12;192,150377305729
3355523;1;1;1; ; ; ; ; ; ; ; ; ; ; ; ;12;213,708375899357
3355523;2;1;2;2;05; ;2; ; ;1;2; ; ;1; ;12;213,708375899357
3355523;2;2;1; ; ; ; ; ; ; ; ; ; ; ; ;12;213,708375899357
3355523;2;3;1; ; ; ; ; ; ; ; ; ; ; ; ;12;213,708375899357
3355523;2;4;1; ; ; ; ; ; ; ; ; ; ; ; ;12;213,708375899357
3355524;1;1;2;2;25; ;2; ; ;1;2; ; ;1; ;12;229,546469544387
3355524;1;2;1; ; ; ; ; ; ; ; ; ; ; ; ;12;229,546469544387
3355524;1;3;1; ; ; ; ; ; ; ; ; ; ; ; ;12;229,546469544387
3355524;1;4;2;2;25; ;2; ; ;1;2; ; ;1; ;12;229,546469544387
3355525;1;1;2;2;41; ;2; ; ;1;2; ; ;1; ;12;191,77264098235
3355525;1;2;2;2;25; ;2; ; ;1;2; ; ;1; ;12;191,77264098235
3355525;1;3;1; ; ; ; ; ; ; ; ; ; ; ; ;12;191,77264098235
3355526;1;1;2;1; ; ;3;50; ;2;2; ; ;1; ;12;163,150540650231
3355526;1;2;1; ; ; ; ; ; ; ; ; ; ; ; ;12;163,150540650231
3355526;1;3;1; ; ; ; ; ; ; ; ; ; ; ; ;12;163,150540650231
3355526;1;4;1; ; ; ; ; ; ; ; ; ; ; ; ;12;163,150540650231
3355526;1;5;1; ; ; ; ; ; ; ; ; ; ; ; ;12;163,150540650231
3355527;1;1;2;2;99; ;2; ; ;1;2; ; ;1; ;12;250,75187241663
3355527;1;2;2;2;41; ;2; ; ;1;2; ; ;1; ;12;250,75187241663
3355527;1;3;2;2;99; ;2; ; ;1;2; ; ;1; ;12;250,75187241663
3355527;2;1;2;2;99; ;3;99; ;1;2; ; ;1; ;12;250,75187241663
3355528;1;1;1; ; ; ; ; ; ; ; ; ; ; ; ;12;247,158803948851
3355528;1;2;2;2;11; ;2; ; ;1;2; ; ;1; ;12;247,158803948851
3355530;1;1;2;2;15; ;2; ; ;1;2; ; ;1; ;12;73,7776177021235
3355530;1;2;2;2;15; ;2; ; ;1;2; ; ;1; ;12;73,7776177021235
3355530;1;3;2;1; ; ;2; ; ;1;4; ;1; ;1;12;73,7776177021235
3355531;1;1;2;2;15; ;2; ; ;1;2; ; ;1; ;12;67,1870609181848
3355531;1;2;2;2;15; ;2; ; ;1;2; ; ;1; ;12;67,1870609181848
3355531;1;3;1; ; ; ; ; ; ; ; ; ; ; ; ;12;67,1870609181848
3355531;1;4;1; ; ; ; ; ; ; ; ; ; ; ; ;12;67,1870609181848
3355531;1;5;1; ; ; ; ; ; ; ; ; ; ; ; ;12;67,1870609181848
3355531;1;6;1; ; ; ; ; ; ; ; ; ; ; ; ;12;67,1870609181848
3355533;1;1;2;2;15; ;2; ; ;1;2; ; ;1; ;12;95,7835732674342
3355533;1;2;2;2;15; ;2; ; ;1;2; ; ;1; ;12;95,7835732674342
3355534;1;1;2;2;15; ;3;68; ;1;2; ; ;1; ;12;96,6392781309672
3355535;1;1;2;2;15; ;3;15; ;1;2; ; ;1; ;12;120,613982189306
3355536;1;1;1; ; ; ; ; ; ; ; ; ; ; ; ;12;100,023791671417
3355536;1;2;1; ; ; ; ; ; ; ; ; ; ; ; ;12;100,023791671417
3355536;1;3;1; ; ; ; ; ; ; ; ; ; ; ; ;12;100,023791671417
3355536;1;4;1; ; ; ; ; ; ; ; ; ; ; ; ;12;100,023791671417
3355536;1;5;1; ; ; ; ; ; ; ; ; ; ; ; ;12;100,023791671417
3355536;1;6;1; ; ; ; ; ; ; ; ; ; ; ; ;12;100,023791671417
3355536;1;7;1; ; ; ; ; ; ; ; ; ; ; ; ;12;100,023791671417
3355536;1;8;1; ; ; ; ; ; ; ; ; ; ; ; ;12;100,023791671417
3355536;2;1;1; ; ; ; ; ; ; ; ; ; ; ; ;12;100,023791671417
3355536;2;2;2;2;76; ;2; ; ;1;2; ; ;1; ;12;100,023791671417
3355536;2;3;1; ; ; ; ; ; ; ; ; ; ; ; ;12;100,023791671417
3355537;1;1;1; ; ; ; ; ; ; ; ; ; ; ; ;12;81,3949203149777
3355537;1;2;1; ; ; ; ; ; ; ; ; ; ; ; ;12;81,3949203149777
3355537;1;3;1; ; ; ; ; ; ; ; ; ; ; ; ;12;81,3949203149777
3355537;1;4;1; ; ; ; ; ; ; ; ; ; ; ; ;12;81,3949203149777
3355537;1;5;1; ; ; ; ; ; ; ; ; ; ; ; ;12;81,3949203149777
3355538;1;1;2;2;15; ;2; ; ;1;2; ; ;1; ;12;97,6811691622635
3355538;1;2;2;2;15; ;2; ; ;1;2; ; ;1; ;12;97,6811691622635
3355538;1;3;2;2;15; ;2; ; ;1;2; ; ;1; ;12;97,6811691622635
3355539;1;1;1; ; ; ; ; ; ; ; ; ; ; ; ;12;227,523272425007
3355539;1;2;1; ; ; ; ; ; ; ; ; ; ; ; ;12;227,523272425007
3355539;1;3;1; ; ; ; ; ; ; ; ; ; ; ; ;12;227,523272425007
3355540;1;1;1; ; ; ; ; ; ; ; ; ; ; ; ;12;215,953537125657
3355540;1;2;1; ; ; ; ; ; ; ; ; ; ; ; ;12;215,953537125657
3355540;1;3;1; ; ; ; ; ; ; ; ; ; ; ; ;12;215,953537125657
3355541;1;1;1; ; ; ; ; ; ; ; ; ; ; ; ;12;107,27495550269
3355541;1;2;1; ; ; ; ; ; ; ; ; ; ; ; ;12;107,27495550269
3355541;1;3;1; ; ; ; ; ; ; ; ; ; ; ; ;12;107,27495550269
3355541;1;4;1; ; ; ; ; ; ; ; ; ; ; ; ;12;107,27495550269
3355541;1;5;1; ; ; ; ; ; ; ; ; ; ; ; ;12;107,27495550269
3355543;1;1;2;2;52; ;2; ; ;1;2; ; ;1; ;12;95,1823514737776
3355543;1;2;2;2;15; ;2; ; ;1;2; ; ;1; ;12;95,1823514737776
3355544;1;1;1; ; ; ; ; ; ; ; ; ; ; ; ;12;94,8951449279754
3355544;1;2;2;2;15; ;2; ; ;1;2; ; ;1; ;12;94,8951449279754
3355544;1;3;1; ; ; ; ; ; ; ; ; ; ; ; ;12;94,8951449279754
3355544;1;4;1; ; ; ; ; ; ; ; ; ; ; ; ;12;94,8951449279754
3355545;1;1;1; ; ; ; ; ; ; ; ; ; ; ; ;12;161,516420027576
3355545;1;2;1; ; ; ; ; ; ; ; ; ; ; ; ;12;161,516420027576
3355545;1;3;1; ; ; ; ; ; ; ; ; ; ; ; ;12;161,516420027576
3355545;1;4;2;2;15; ;2; ; ;1;2; ; ;1; ;12;161,516420027576
3355545;1;5;1; ; ; ; ; ; ; ; ; ; ; ; ;12;161,516420027576
3355545;1;6;1; ; ; ; ; ; ; ; ; ; ; ; ;12;161,516420027576
3355545;1;7;1; ; ; ; ; ; ; ; ; ; ; ; ;12;161,516420027576
3355545;1;8;1; ; ; ; ; ; ; ; ; ; ; ; ;12;161,516420027576
3355545;1;9;1; ; ; ; ; ; ; ; ; ; ; ; ;12;161,516420027576
3355546;1;1;1; ; ; ; ; ; ; ; ; ; ; ; ;12;91,755680647193
3355546;1;2;1; ; ; ; ; ; ; ; ; ; ; ; ;12;91,755680647193
3355546;1;3;1; ; ; ; ; ; ; ; ; ; ; ; ;12;91,755680647193
3355546;1;4;1; ; ; ; ; ; ; ; ; ; ; ; ;12;91,755680647193
3355547;1;1;1; ; ; ; ; ; ; ; ; ; ; ; ;12;92,7192829001956
3355547;1;2;1; ; ; ; ; ; ; ; ; ; ; ; ;12;92,7192829001956
3355547;1;3;1; ; ; ; ; ; ; ; ; ; ; ; ;12;92,7192829001956
3355549;1;1;1; ; ; ; ; ; ; ; ; ; ; ; ;12;67,1425808923703
3355549;1;2;1; ; ; ; ; ; ; ; ; ; ; ; ;12;67,1425808923703
3355549;1;3;1; ; ; ; ; ; ; ; ; ; ; ; ;12;67,1425808923703
3355549;1;4;1; ; ; ; ; ; ; ; ; ; ; ; ;12;67,1425808923703
3355549;1;5;1; ; ; ; ; ; ; ; ; ; ; ; ;12;67,1425808923703
3355549;1;6;1; ; ; ; ; ; ; ; ; ; ; ; ;12;67,1425808923703
3355549;1;7;1; ; ; ; ; ; ; ; ; ; ; ; ;12;67,1425808923703
3355550;1;1;1; ; ; ; ; ; ; ; ; ; ; ; ;12;112,304709555314
3355550;1;2;2;2;15; ;2; ; ;1;2; ; ;1; ;12;112,304709555314
3355550;1;3;1; ; ; ; ; ; ; ; ; ; ; ; ;12;112,304709555314
3355550;1;4;1; ; ; ; ; ; ; ; ; ; ; ; ;12;112,304709555314
3355551;1;1;1; ; ; ; ; ; ; ; ; ; ; ; ;12;115,444173836097
3355551;1;2;2;2;15; ;2; ; ;1;2; ; ;1; ;12;115,444173836097
3355551;1;3;2;2;15; ;2; ; ;1;2; ; ;1; ;12;115,444173836097
3355551;1;4;1; ; ; ; ; ; ; ; ; ; ; ; ;12;115,444173836097
3355552;1;1;2;2;23; ;3;11; ;1;2; ; ;1; ;12;98,6080266239954
3355552;1;2;2;2;15; ;3;15; ;1;2; ; ;1; ;12;98,6080266239954
3355553;1;1;2;2;15; ;2; ; ;1;2; ; ;1; ;12;103,5120580774
3355553;1;2;2;2;15; ;2; ; ;1;2; ; ;1; ;12;103,5120580774
3355553;1;3;1; ; ; ; ; ; ; ; ; ; ; ; ;12;103,5120580774
3355553;1;4;1; ; ; ; ; ; ; ; ; ; ; ; ;12;103,5120580774
3355553;1;5;1; ; ; ; ; ; ; ; ; ; ; ; ;12;103,5120580774
3355554;1;1;2;2;15; ;2; ; ;1;2; ; ;1; ;12;156,484656375104
3355555;1;1;1; ; ; ; ; ; ; ; ; ; ; ; ;12;116,797224419162
3355555;1;2;1; ; ; ; ; ; ; ; ; ; ; ; ;12;116,797224419162
3355555;1;3;1; ; ; ; ; ; ; ; ; ; ; ; ;12;116,797224419162
3355555;1;4;1; ; ; ; ; ; ; ; ; ; ; ; ;12;116,797224419162
3355556;1;1;1; ; ; ; ; ; ; ; ; ; ; ; ;12;90,1525974211531
3355556;1;2;1; ; ; ; ; ; ; ; ; ; ; ; ;12;90,1525974211531
3355556;1;3;1; ; ; ; ; ; ; ; ; ; ; ; ;12;90,1525974211531
3355558;1;1;1; ; ; ; ; ; ; ; ; ; ; ; ;12;95,3646862690884
3355558;1;2;1; ; ; ; ; ; ; ; ; ; ; ; ;12;95,3646862690884
3355558;1;3;1; ; ; ; ; ; ; ; ; ; ; ; ;12;95,3646862690884
3355559;1;1;1; ; ; ; ; ; ; ; ; ; ; ; ;12;116,901100493286
3355559;1;2;1; ; ; ; ; ; ; ; ; ; ; ; ;12;116,901100493286
3355559;1;3;1; ; ; ; ; ; ; ; ; ; ; ; ;12;116,901100493286
3355560;1;1;2;2;47; ;3;47; ;1;3;47; ;2;1;12;358,313375987882
3355560;1;2;2;2;41; ;2; ; ;1;3;47; ;2;4;12;358,313375987882
3355560;1;3;2;1; ; ;1; ; ; ;3;47; ;2;4;12;358,313375987882
3355561;1;1;1; ; ; ; ; ; ; ; ; ; ; ; ;12;300,47382244372
3355562;1;1;1; ; ; ; ; ; ; ; ; ; ; ; ;12;310,011189289799
3355562;1;2;1; ; ; ; ; ; ; ; ; ; ; ; ;12;310,011189289799
3355562;1;3;1; ; ; ; ; ; ; ; ; ; ; ; ;12;310,011189289799
3355563;1;1;1; ; ; ; ; ; ; ; ; ; ; ; ;12;250,157620982296
3355563;1;2;1; ; ; ; ; ; ; ; ; ; ; ; ;12;250,157620982296
3355564;1;1;2;2;73; ;2; ; ;1;2; ; ;1; ;12;321,506657598416
3355564;1;2;2;2;11; ;2; ; ;1;2; ; ;1; ;12;321,506657598416
3355564;1;3;1; ; ; ; ; ; ; ; ; ; ; ; ;12;321,506657598416
3355565;1;1;2;2;25; ;3;73; ;1;3;73; ;1; ;12;369,808844296499
3355565;1;2;2;2;11; ;3;11; ;1;3;73; ;1; ;12;369,808844296499
3355565;1;3;2;2;73; ;1; ; ; ;3;73; ;1; ;12;369,808844296499
3355566;1;1;2;2;25; ;2; ; ;1;2; ; ;1; ;12;370,770315756612
3355566;1;2;2;2;18; ;2; ; ;1;2; ; ;1; ;12;370,770315756612
3355566;1;3;2;2;18; ;2; ; ;1;2; ; ;1; ;12;370,770315756612
3355566;1;4;2;2;18; ;2; ; ;1;2; ; ;1; ;12;370,770315756612
3355566;1;5;1; ; ; ; ; ; ; ; ; ; ; ; ;12;370,770315756612
3355566;1;6;1; ; ; ; ; ; ; ; ; ; ; ; ;12;370,770315756612
3355567;1;1;1; ; ; ; ; ; ; ; ; ; ; ; ;12;278,055388258555
3355567;1;2;2;2;41; ;2; ; ;1;2; ; ;1; ;12;278,055388258555
3355567;1;3;1; ; ; ; ; ; ; ; ; ; ; ; ;12;278,055388258555
3355567;1;4;1; ; ; ; ; ; ; ; ; ; ; ; ;12;278,055388258555
3355567;1;5;1; ; ; ; ; ; ; ; ; ; ; ; ;12;278,055388258555
3355567;2;1;1; ; ; ; ; ; ; ; ; ; ; ; ;12;278,055388258555
3355567;2;2;1; ; ; ; ; ; ; ; ; ; ; ; ;12;278,055388258555
3355567;2;3;1; ; ; ; ; ; ; ; ; ; ; ; ;12;278,055388258555
3355567;2;4;1; ; ; ; ; ; ; ; ; ; ; ; ;12;278,055388258555
3355567;2;5;1; ; ; ; ; ; ; ; ; ; ; ; ;12;278,055388258555
3355568;1;1;1; ; ; ; ; ; ; ; ; ; ; ; ;12;289,250591558306
3355568;1;2;1; ; ; ; ; ; ; ; ; ; ; ; ;12;289,250591558306
3355568;1;3;1; ; ; ; ; ; ; ; ; ; ; ; ;12;289,250591558306
3355568;1;4;1; ; ; ; ; ; ; ; ; ; ; ; ;12;289,250591558306
3355568;1;5;1; ; ; ; ; ; ; ; ; ; ; ; ;12;289,250591558306
3355568;1;6;1; ; ; ; ; ; ; ; ; ; ; ; ;12;289,250591558306
3355568;1;7;1; ; ; ; ; ; ; ; ; ; ; ; ;12;289,250591558306
3355568;1;8;1; ; ; ; ; ; ; ; ; ; ; ; ;12;289,250591558306
3355568;1;9;1; ; ; ; ; ; ; ; ; ; ; ; ;12;289,250591558306
3355569;1;1;1; ; ; ; ; ; ; ; ; ; ; ; ;12;270,048723288756
3355569;1;2;1; ; ; ; ; ; ; ; ; ; ; ; ;12;270,048723288756
3355569;1;3;1; ; ; ; ; ; ; ; ; ; ; ; ;12;270,048723288756
3355570;1;1;1; ; ; ; ; ; ; ; ; ; ; ; ;12;216,25856866466
3355570;1;2;2;2;73; ;2; ; ;1;2; ; ;1; ;12;216,25856866466
3355570;1;3;1; ; ; ; ; ; ; ; ; ; ; ; ;12;216,25856866466
3355570;1;4;1; ; ; ; ; ; ; ; ; ; ; ; ;12;216,25856866466
3355571;1;1;1; ; ; ; ; ; ; ; ; ; ; ; ;12;533,149540252169
3355571;1;2;2;2;11; ;2; ; ;1;2; ; ;1; ;12;533,149540252169
3355571;1;3;1; ; ; ; ; ; ; ; ; ; ; ; ;12;533,149540252169
3355573;1;1;2;2;25; ;3;73; ;1;2; ; ;1; ;12;275,169789966246
3355574;1;1;1; ; ; ; ; ; ; ; ; ; ; ; ;12;274,665593211632
3355574;1;2;2;2;11; ;2; ; ;1;2; ; ;1; ;12;274,665593211632
3355574;1;3;1; ; ; ; ; ; ; ; ; ; ; ; ;12;274,665593211632
3355574;1;4;2;2;25; ;2; ; ;1;2; ; ;1; ;12;274,665593211632
3355575;1;1;2;2;73; ;2; ; ;1;2; ; ;1; ;12;258,254173883241
3355575;1;2;1; ; ; ; ; ; ; ; ; ; ; ; ;12;258,254173883241
3355576;1;1;2;2;73; ;2; ; ;1;2; ; ;1; ;12;148,160625781282
3355576;1;2;2;2;73; ;2; ; ;1;2; ; ;1; ;12;148,160625781282
3355577;1;1;1; ; ; ; ; ; ; ; ; ; ; ; ;12;290,31035246491
3355577;1;2;2;1; ; ;2; ; ;1;2; ; ;1; ;12;290,31035246491
3355577;1;3;1; ; ; ; ; ; ; ; ; ; ; ; ;12;290,31035246491
3355577;1;4;1; ; ; ; ; ; ; ; ; ; ; ; ;12;290,31035246491
3355577;1;5;1; ; ; ; ; ; ; ; ; ; ; ; ;12;290,31035246491
3355578;1;1;2;2;63; ;3;11; ;1;2; ; ;1; ;12;148,160625781282
3355578;1;2;2;2;11; ;3;11; ;1;2; ; ;1; ;12;148,160625781282
3355579;1;1;1; ; ; ; ; ; ; ; ; ; ; ; ;12;310,011189289799
3355579;1;2;2;2;73; ;2; ; ;1;2; ; ;1; ;12;310,011189289799
3355579;1;3;1; ; ; ; ; ; ; ; ; ; ; ; ;12;310,011189289799
3355580;1;1;1; ; ; ; ; ; ; ; ; ; ; ; ;12;329,846378295455
3355580;1;2;2;1; ; ;2; ; ;1;2; ; ;1; ;12;329,846378295455
3355580;1;3;1; ; ; ; ; ; ; ; ; ; ; ; ;12;329,846378295455
3355581;1;1;1; ; ; ; ; ; ; ; ; ; ; ; ;12;198,700870584604
3355581;1;2;1; ; ; ; ; ; ; ; ; ; ; ; ;12;198,700870584604
3355582;1;1;2;1; ; ;2; ; ;1;2; ; ;1; ;12;309,531846804779
3355582;1;2;2;2;73; ;2; ; ;1;2; ; ;1; ;12;309,531846804779
3355582;1;3;2;2;11; ;2; ; ;1;2; ; ;1; ;12;309,531846804779
3355582;1;4;2;2;11; ;2; ; ;1;2; ; ;1; ;12;309,531846804779
3355583;1;1;1; ; ; ; ; ; ; ; ; ; ; ; ;12;238,528482788757
3355583;1;2;1; ; ; ; ; ; ; ; ; ; ; ; ;12;238,528482788757
3355583;1;3;2;1; ; ;2; ; ;1;2; ; ;1; ;12;238,528482788757
3355583;1;4;1; ; ; ; ; ; ; ; ; ; ; ; ;12;238,528482788757
3355583;1;5;1; ; ; ; ; ; ; ; ; ; ; ; ;12;238,528482788757
3355583;1;6;1; ; ; ; ; ; ; ; ; ; ; ; ;12;238,528482788757
3355584;1;1;2;1; ; ;2; ; ;1;2; ; ;1; ;12;198,700870584604
3355584;1;2;2;1; ; ;2; ; ;1;2; ; ;1; ;12;198,700870584604
3355585;1;1;2;2;73; ;2; ; ;1;2; ; ;1; ;12;199,662342044717
3355585;1;2;2;2;41; ;2; ; ;1;2; ; ;1; ;12;199,662342044717
3355585;1;3;2;2;73; ;2; ; ;1;2; ; ;1; ;12;199,662342044717
3355585;1;4;2;1; ; ;2; ; ;1;2; ; ;1; ;12;199,662342044717
3355585;1;5;1; ; ; ; ; ; ; ; ; ; ; ; ;12;199,662342044717
3355586;1;1;1; ; ; ; ; ; ; ; ; ; ; ; ;12;295,060892272707
3355586;1;2;2;1; ; ;2; ; ;1;2; ; ;1; ;12;295,060892272707
3355587;1;1;2;2;76; ;2; ; ;1;2; ; ;1; ;12;249,978543506142
3355587;1;2;2;2;18; ;2; ; ;1;2; ; ;1; ;12;249,978543506142
3355587;1;3;2;2;18; ;2; ; ;1;2; ; ;1; ;12;249,978543506142
3355587;1;4;2;2;18; ;3;76; ;1;2; ; ;1; ;12;249,978543506142
3355589;1;1;2;2;73; ;2; ; ;1;2; ; ;1; ;12;198,700870584604
3355589;1;2;2;2;73; ;2; ; ;1;2; ; ;1; ;12;198,700870584604
3355590;1;1;2;2;73; ;2; ; ;1;2; ; ;1; ;12;246,758705574624
3355590;1;2;2;1; ; ;2; ; ;1;2; ; ;1; ;12;246,758705574624
3355591;1;1;2;2;76; ;3;25; ;1;2; ; ;1; ;12;190,380274341761
3355592;1;1;2;2;54; ;2; ; ;1;2; ; ;1; ;12;424,557547928565
3355592;1;2;2;2;54; ;2; ; ;1;2; ; ;1; ;12;424,557547928565
3355592;1;3;1; ; ; ; ; ; ; ; ; ; ; ; ;12;424,557547928565
3355592;1;4;1; ; ; ; ; ; ; ; ; ; ; ; ;12;424,557547928565
3355592;1;5;1; ; ; ; ; ; ; ; ; ; ; ; ;12;424,557547928565
3355593;1;1;2;2;54; ;2; ; ;1;2; ; ;1; ;12;380,884098638176
3355593;1;2;2;2;54; ;2; ; ;1;2; ; ;1; ;12;380,884098638176
3355593;1;3;2;2;54; ;2; ; ;1;2; ; ;1; ;12;380,884098638176
3355593;1;4;2;2;54; ;2; ; ;1;2; ; ;1; ;12;380,884098638176
3355593;1;5;1; ; ; ; ; ; ; ; ; ; ; ; ;12;380,884098638176
3355596;1;1;1; ; ; ; ; ; ; ; ; ; ; ; ;12;361,366864274524
3355596;1;2;2;2;54; ;2; ; ;1;2; ; ;1; ;12;361,366864274524
3355596;1;3;1; ; ; ; ; ; ; ; ; ; ; ; ;12;361,366864274524
3355597;1;1;2;2;54; ;2; ; ;1;2; ; ;1; ;12;440,323526314012
3355597;1;2;2;2;54; ;2; ; ;1;2; ; ;1; ;12;440,323526314012
3355597;1;3;2;2;54; ;2; ; ;1;2; ; ;1; ;12;440,323526314012
3355597;1;4;1; ; ; ; ; ; ; ; ; ; ; ; ;12;440,323526314012
3355597;1;5;1; ; ; ; ; ; ; ; ; ; ; ; ;12;440,323526314012
3355598;1;1;1; ; ; ; ; ; ; ; ; ; ; ; ;12;430,435675296408
3355599;1;1;1; ; ; ; ; ; ; ; ; ; ; ; ;12;325,699105111778
3355599;1;2;1; ; ; ; ; ; ; ; ; ; ; ; ;12;325,699105111778
3355599;1;3;1; ; ; ; ; ; ; ; ; ; ; ; ;12;325,699105111778
3355600;1;1;1; ; ; ; ; ; ; ; ; ; ; ; ;12;378,698187837255
3355600;1;2;2;2;54; ;2; ; ;1;2; ; ;1; ;12;378,698187837255
3355600;1;3;2;2;54; ;1; ; ; ;3;54; ;1; ;12;378,698187837255
3355601;1;1;2;2;54; ;2; ; ;1;2; ; ;1; ;12;375,234385461562
3355601;1;2;2;2;54; ;2; ; ;1;2; ; ;1; ;12;375,234385461562
3355602;1;1;1; ; ; ; ; ; ; ; ; ; ; ; ;12;402,67842262377
3355602;1;2;1; ; ; ; ; ; ; ; ; ; ; ; ;12;402,67842262377
3355602;1;3;1; ; ; ; ; ; ; ; ; ; ; ; ;12;402,67842262377
3355605;1;1;1; ; ; ; ; ; ; ; ; ; ; ; ;12;497,679182438544
3355605;1;2;1; ; ; ; ; ; ; ; ; ; ; ; ;12;497,679182438544
3355605;1;3;1; ; ; ; ; ; ; ; ; ; ; ; ;12;497,679182438544
3355605;1;4;1; ; ; ; ; ; ; ; ; ; ; ; ;12;497,679182438544
3355606;1;1;1; ; ; ; ; ; ; ; ; ; ; ; ;12;302,962543787269
3355606;1;2;1; ; ; ; ; ; ; ; ; ; ; ; ;12;302,962543787269
3355606;1;3;1; ; ; ; ; ; ; ; ; ; ; ; ;12;302,962543787269
3355606;1;4;2;2;11; ;2; ; ;1;2; ; ;1; ;12;302,962543787269
3355606;1;5;1; ; ; ; ; ; ; ; ; ; ; ; ;12;302,962543787269
3355607;1;1;1; ; ; ; ; ; ; ; ; ; ; ; ;12;349,861234028629
3355607;1;2;1; ; ; ; ; ; ; ; ; ; ; ; ;12;349,861234028629
3355607;1;3;1; ; ; ; ; ; ; ; ; ; ; ; ;12;349,861234028629
3355607;1;4;1; ; ; ; ; ; ; ; ; ; ; ; ;12;349,861234028629
3355608;1;1;2;2;54; ;2; ; ;1;2; ; ;1; ;12;270,037801756755
3355608;1;2;2;2;54; ;2; ; ;1;2; ; ;1; ;12;270,037801756755
3355608;1;3;1; ; ; ; ; ; ; ; ; ; ; ; ;12;270,037801756755
3355608;1;4;2;2;54; ;2; ; ;1;2; ; ;1; ;12;270,037801756755
3355609;1;1;2;2;54; ;2; ; ;1;2; ; ;1; ;12;421,106621638762
3355609;1;2;1; ; ; ; ; ; ; ; ; ; ; ; ;12;421,106621638762
3355610;1;1;2;2;54; ;2; ; ;1;2; ; ;1; ;12;405,522537383652
3355610;1;2;2;2;54; ;2; ; ;1;2; ; ;1; ;12;405,522537383652
3355610;1;3;2;2;47; ;2; ; ;1;2; ; ;1; ;12;405,522537383652
3355613;1;1;1; ; ; ; ; ; ; ; ; ; ; ; ;12;414,365947000001
3355613;1;2;1; ; ; ; ; ; ; ; ; ; ; ; ;12;414,365947000001
3355613;1;3;1; ; ; ; ; ; ; ; ; ; ; ; ;12;414,365947000001
3355614;1;1;1; ; ; ; ; ; ; ; ; ; ; ; ;12;445,574125962443
3355614;1;2;2;2;47; ;2; ; ;1;2; ; ;1; ;12;445,574125962443
3355614;1;3;1; ; ; ; ; ; ; ; ; ; ; ; ;12;445,574125962443
3355614;1;4;1; ; ; ; ; ; ; ; ; ; ; ; ;12;445,574125962443
3355615;1;1;2;2;54; ;2; ; ;1;2; ; ;1; ;12;371,51025411355
3355615;1;2;2;2;54; ;2; ; ;1;2; ; ;1; ;12;371,51025411355
3355615;1;3;2;2;54; ;2; ; ;1;2; ; ;1; ;12;371,51025411355
3355615;1;4;1; ; ; ; ; ; ; ; ; ; ; ; ;12;371,51025411355
3355615;1;5;1; ; ; ; ; ; ; ; ; ; ; ; ;12;371,51025411355
3355616;1;1;1; ; ; ; ; ; ; ; ; ; ; ; ;12;325,239091591602
3355616;1;2;1; ; ; ; ; ; ; ; ; ; ; ; ;12;325,239091591602
3355616;1;3;1; ; ; ; ; ; ; ; ; ; ; ; ;12;325,239091591602
3355617;1;1;2;2;76; ;2; ; ;1;2; ; ;1; ;12;368,059327823747
3355617;1;2;2;2;54; ;2; ; ;1;2; ; ;1; ;12;368,059327823747
3355618;1;1;2;2;11; ;2; ; ;1;2; ; ;1; ;12;407,6991139719
3355618;1;2;2;2;68; ;2; ; ;1;2; ; ;1; ;12;407,6991139719
3355618;1;3;2;2;68; ;2; ; ;1;2; ; ;1; ;12;407,6991139719
3355619;1;1;2;2;54; ;2; ; ;1;2; ; ;1; ;12;383,643412078857
3355620;1;1;2;2;41; ;3;11; ;1;3;11; ;1; ;12;453,549139850537
3355620;1;2;2;3; ;3;2; ; ;1;3;11; ;1; ;12;453,549139850537
3355620;1;3;2;3; ;3;1; ; ; ;3;11; ;1; ;12;453,549139850537
3355621;1;1;2;2;68; ;2; ; ;1;2; ; ;1; ;12;354,651820156885
3355621;1;2;2;2;68; ;2; ; ;1;2; ; ;1; ;12;354,651820156885
3355621;1;3;2;2;68; ;2; ; ;1;2; ; ;1; ;12;354,651820156885
3355625;1;1;1; ; ; ; ; ; ; ; ; ; ; ; ;12;491,42415184108
3355625;1;2;1; ; ; ; ; ; ; ; ; ; ; ; ;12;491,42415184108
3355625;1;3;1; ; ; ; ; ; ; ; ; ; ; ; ;12;491,42415184108
3355625;1;4;1; ; ; ; ; ; ; ; ; ; ; ; ;12;491,42415184108
3355626;1;1;1; ; ; ; ; ; ; ; ; ; ; ; ;12;383,643412078857
3355628;1;1;2;2;68; ;2; ; ;1;2; ; ;1; ;12;372,820060469412
3355628;1;2;1; ; ; ; ; ; ; ; ; ; ; ; ;12;372,820060469412
3355628;1;3;2;2;15; ;2; ; ;1;2; ; ;1; ;12;372,820060469412
3355628;1;4;1; ; ; ; ; ; ; ; ; ; ; ; ;12;372,820060469412
3355628;2;1;2;2;76; ;3;76; ;1;2; ; ;1; ;12;372,820060469412
3355628;2;2;2;2;54; ;2; ; ;1;2; ; ;1; ;12;372,820060469412
3355628;2;3;2;2;54; ;1; ; ; ;1; ; ; ; ;12;372,820060469412
3355630;1;1;2;2;68; ;2; ; ;1;3;68; ;1; ;12;383,643412078857
3355632;1;1;2;2;54; ;2; ; ;1;2; ; ;1; ;12;288,235895551873
3355632;1;2;2;2;17; ;2; ; ;1;2; ; ;1; ;12;288,235895551873
3355633;1;1;2;2;54; ;2; ; ;1;2; ; ;1; ;12;412,189370411753
3355633;1;2;1; ; ; ; ; ; ; ; ; ; ; ; ;12;412,189370411753
3355633;1;3;1; ; ; ; ; ; ; ; ; ; ; ; ;12;412,189370411753
3355634;1;1;1; ; ; ; ; ; ; ; ; ; ; ; ;12;461,234783758771
3355634;1;2;2;2;54; ;2; ; ;1;2; ; ;1; ;12;461,234783758771
3355634;1;3;1; ; ; ; ; ; ; ; ; ; ; ; ;12;461,234783758771
3355634;1;4;1; ; ; ; ; ; ; ; ; ; ; ; ;12;461,234783758771
3355634;1;5;1; ; ; ; ; ; ; ; ; ; ; ; ;12;461,234783758771
3355634;1;6;2;3; ;3;2; ; ;1;2; ; ;1; ;12;461,234783758771
3355634;1;7;1; ; ; ; ; ; ; ; ; ; ; ; ;12;461,234783758771
3355634;1;8;1; ; ; ; ; ; ; ; ; ; ; ; ;12;461,234783758771
3355636;1;1;1; ; ; ; ; ; ; ; ; ; ; ; ;12;411,817578433336
3355636;1;2;1; ; ; ; ; ; ; ; ; ; ; ; ;12;411,817578433336
3355636;1;3;1; ; ; ; ; ; ; ; ; ; ; ; ;12;411,817578433336
3355636;1;4;1; ; ; ; ; ; ; ; ; ; ; ; ;12;411,817578433336
3355636;1;5;1; ; ; ; ; ; ; ; ; ; ; ; ;12;411,817578433336
3355636;1;6;2;2;54; ;2; ; ;1;2; ; ;1; ;12;411,817578433336
3355637;1;1;2;2;68; ;3;11; ;1;2; ; ;1; ;12;455,28008284971
3355637;1;2;2;2;11; ;3;11; ;1;2; ; ;1; ;12;455,28008284971
3355637;1;3;2;2;68; ;3;11; ;1;2; ; ;1; ;12;455,28008284971
3355637;1;4;2;2;11; ;3;11; ;1;2; ; ;1; ;12;455,28008284971
3355637;1;5;2;2;11; ;3;11; ;1;2; ; ;1; ;12;455,28008284971
3355637;1;6;2;2;11; ;3;11; ;1;2; ; ;1; ;12;455,28008284971
3355637;1;7;2;2;68; ;3;68; ;1;2; ; ;1; ;12;455,28008284971
3355638;1;1;2;2;54; ;2; ; ;1;2; ; ;1; ;12;288,235895551873
3355638;1;2;2;2;68; ;2; ; ;1;2; ; ;1; ;12;288,235895551873
3355639;1;1;1; ; ; ; ; ; ; ; ; ; ; ; ;12;433,886601586212
3355639;1;2;2;2;11; ;2; ; ;1;2; ; ;1; ;12;433,886601586212
3355639;1;3;1; ; ; ; ; ; ; ; ; ; ; ; ;12;433,886601586212
3355639;1;4;2;2;11; ;3;25; ;1;2; ; ;1; ;12;433,886601586212
3355640;1;1;2;2;68; ;2; ; ;1;2; ; ;1; ;12;376,946725568165
3355640;1;2;2;2;11; ;2; ; ;1;2; ; ;1; ;12;376,946725568165
3355640;1;3;2;2;68; ;2; ; ;1;2; ; ;1; ;12;376,946725568165
3355640;1;4;2;2;68; ;3;68; ;1;2; ; ;1; ;12;376,946725568165
3355640;1;5;2;2;68; ;1; ; ; ;2; ; ;1; ;12;376,946725568165
3355640;1;6;2;2;68; ;2; ; ;1;2; ; ;1; ;12;376,946725568165
3355640;1;7;1; ; ; ; ; ; ; ; ; ; ; ; ;12;376,946725568165
3355641;1;1;1; ; ; ; ; ; ; ; ; ; ; ; ;12;453,549139850537
3355641;1;2;1; ; ; ; ; ; ; ; ; ; ; ; ;12;453,549139850537
3355641;1;3;1; ; ; ; ; ; ; ; ; ; ; ; ;12;453,549139850537
3355648;1;1;2;2;54; ;2; ; ;1;2; ; ;1; ;12;334,568145249249
3355648;1;2;2;2;54; ;2; ; ;1;2; ; ;1; ;12;334,568145249249
3355649;1;1;1; ; ; ; ; ; ; ; ; ; ; ; ;12;430,435675296408
3355650;1;1;2;2;68; ;2; ; ;1;2; ; ;1; ;12;310,115020856668
3355650;1;2;2;2;15; ;2; ; ;1;2; ; ;1; ;12;310,115020856668
3355650;1;3;2;2;68; ;2; ; ;1;2; ; ;1; ;12;310,115020856668
3355650;1;4;2;2;68; ;2; ; ;1;2; ; ;1; ;12;310,115020856668
3355651;1;1;2;2;15; ;2; ; ;1;2; ; ;1; ;12;389,938453128541
3355651;1;2;2;2;15; ;2; ; ;1;2; ; ;1; ;12;389,938453128541
3355651;1;3;2;2;15; ;2; ; ;1;2; ; ;1; ;12;389,938453128541
3355651;1;4;2;2;15; ;2; ; ;1;2; ; ;1; ;12;389,938453128541
3355652;1;1;2;2;68; ;2; ; ;1;2; ; ;1; ;12;347,959356607662
3355652;1;2;2;2;11; ;2; ; ;1;2; ; ;1; ;12;347,959356607662
3355652;1;3;2;2;11; ;2; ; ;1;2; ; ;1; ;12;347,959356607662
3355652;1;4;2;2;11; ;2; ; ;1;2; ; ;1; ;12;347,959356607662
3355653;1;1;1; ; ; ; ; ; ; ; ; ; ; ; ;12;379,564958069641
3355654;1;1;2;2;54; ;2; ; ;1;2; ; ;1; ;12;484,271674771682
3355654;1;2;2;2;54; ;2; ; ;1;2; ; ;1; ;12;484,271674771682
3355654;1;3;1; ; ; ; ; ; ; ; ; ; ; ; ;12;484,271674771682
3355654;1;4;1; ; ; ; ; ; ; ; ; ; ; ; ;12;484,271674771682
3355654;1;5;1; ; ; ; ; ; ; ; ; ; ; ; ;12;484,271674771682
3355657;1;1;2;2;15; ;2; ; ;1;2; ; ;1; ;12;402,67842262377
3355657;1;2;2;2;11; ;2; ; ;1;2; ; ;1; ;12;402,67842262377
3355657;1;3;1; ; ; ; ; ; ; ; ; ; ; ; ;12;402,67842262377
3355659;1;1;1; ; ; ; ; ; ; ; ; ; ; ; ;12;479,432877553889
3355659;1;2;1; ; ; ; ; ; ; ; ; ; ; ; ;12;479,432877553889
3355659;1;3;1; ; ; ; ; ; ; ; ; ; ; ; ;12;479,432877553889
3355659;1;4;2;1; ; ;2; ; ;1;4; ;3; ;1;12;479,432877553889
3355659;1;5;2;3; ;3;1; ; ; ;4; ;3; ;4;12;479,432877553889
3355659;1;6;2;2;54; ;2; ; ;1;2; ; ;1; ;12;479,432877553889
3355663;1;1;2;2;19; ;2; ; ;1;2; ; ;1; ;12;430,435675296408
3355664;1;1;2;2;54; ;2; ; ;1;2; ; ;1; ;12;361,804297226283
3355664;1;2;2;2;54; ;3;54; ;1;2; ; ;1; ;12;361,804297226283
3355665;1;1;2;2;54; ;2; ; ;1;2; ; ;1; ;12;453,103506261462
3355665;1;2;2;2;54; ;3;20; ;1;2; ; ;1; ;12;453,103506261462
3355665;1;3;2;2;68; ;3;20; ;1;2; ; ;1; ;12;453,103506261462
3355665;1;4;2;2;20; ;3;54; ;2;3;54; ;2;1;12;453,103506261462
3355665;1;5;2;2;20; ;3;20; ;1;2; ; ;1; ;12;453,103506261462
3355665;1;6;2;2;20; ;3;20; ;1;2; ; ;1; ;12;453,103506261462
3355665;1;7;2;2;54; ;1; ; ; ;2; ; ;1; ;12;453,103506261462
3355666;1;1;2;2;54; ;2; ; ;1;2; ; ;1; ;12;368,059327823747
3355666;1;2;1; ; ; ; ; ; ; ; ; ; ; ; ;12;368,059327823747
3355667;1;1;2;2;68; ;2; ; ;1;2; ; ;1; ;12;274,828387885011
3355667;1;2;2;2;11; ;2; ; ;1;2; ; ;1; ;12;274,828387885011
3355667;1;3;1; ; ; ; ; ; ; ; ; ; ; ; ;12;274,828387885011
3355668;1;1;2;2;68; ;2; ; ;1;2; ; ;1; ;12;331,905924619704
3355668;1;2;2;2;68; ;2; ; ;1;2; ; ;1; ;12;331,905924619704
3355668;1;3;1; ; ; ; ; ; ; ; ; ; ; ; ;12;331,905924619704
3355669;1;1;2;2;54; ;2; ; ;1;2; ; ;1; ;12;392,11502971679
3355669;1;2;2;2;68; ;2; ; ;1;2; ; ;1; ;12;392,11502971679
3355669;1;3;1; ; ; ; ; ; ; ; ; ; ; ; ;12;392,11502971679
3355669;1;4;1; ; ; ; ; ; ; ; ; ; ; ; ;12;392,11502971679
3355670;1;1;2;2;54; ;2; ; ;1;2; ; ;1; ;12;440,73532874465
3355670;1;2;1; ; ; ; ; ; ; ; ; ; ; ; ;12;440,73532874465
3355670;1;3;1; ; ; ; ; ; ; ; ; ; ; ; ;12;440,73532874465
3355670;1;4;1; ; ; ; ; ; ; ; ; ; ; ; ;12;440,73532874465
3355670;1;5;1; ; ; ; ; ; ; ; ; ; ; ; ;12;440,73532874465
3355671;1;1;2;2;54; ;2; ; ;1;2; ; ;1; ;12;366,981598800106
3355671;1;2;2;2;54; ;2; ; ;1;2; ; ;1; ;12;366,981598800106
3355671;1;3;1; ; ; ; ; ; ; ; ; ; ; ; ;12;366,981598800106
3355671;1;4;2;2;68; ;2; ; ;1;2; ; ;1; ;12;366,981598800106
3355671;1;5;2;2;54; ;1; ; ; ;2; ; ;1; ;12;366,981598800106
3355671;1;6;1; ; ; ; ; ; ; ; ; ; ; ; ;12;366,981598800106
3355672;1;1;1; ; ; ; ; ; ; ; ; ; ; ; ;12;482,844724032264
3355672;1;2;2;2;68; ;2; ; ;1;2; ; ;1; ;12;482,844724032264
3355672;1;3;1; ; ; ; ; ; ; ; ; ; ; ; ;12;482,844724032264
3355672;1;4;2;2;54; ;2; ; ;1;2; ; ;1; ;12;482,844724032264
3355672;1;5;2;2;54; ;2; ; ;1;2; ; ;1; ;12;482,844724032264
3355672;1;6;2;2;54; ;2; ; ;1;2; ; ;1; ;12;482,844724032264
3355675;1;1;1; ; ; ; ; ; ; ; ; ; ; ; ;12;384,103425599033
3355676;1;1;2;2;54; ;2; ; ;1;2; ; ;1; ;12;524,872726497758
3355676;1;2;1; ; ; ; ; ; ; ; ; ; ; ; ;12;524,872726497758
3355676;2;1;2;2;54; ;2; ; ;1;2; ; ;1; ;12;524,872726497758
3355676;2;2;2;2;54; ;2; ; ;1;2; ; ;1; ;12;524,872726497758
3355676;2;3;1; ; ; ; ; ; ; ; ; ; ; ; ;12;524,872726497758
3355676;2;4;1; ; ; ; ; ; ; ; ; ; ; ; ;12;524,872726497758
3355676;2;5;1; ; ; ; ; ; ; ; ; ; ; ; ;12;524,872726497758
3355676;2;6;1; ; ; ; ; ; ; ; ; ; ; ; ;12;524,872726497758
3355676;2;7;1; ; ; ; ; ; ; ; ; ; ; ; ;12;524,872726497758
3355677;1;1;1; ; ; ; ; ; ; ; ; ; ; ; ;12;421,106621638762
3355677;1;2;1; ; ; ; ; ; ; ; ; ; ; ; ;12;421,106621638762
3355678;1;1;2;2;13; ;2; ; ;1;2; ; ;1; ;12;392,942612253913
3355678;1;2;1; ; ; ; ; ; ; ; ; ; ; ; ;12;392,942612253913
3355678;1;3;2;2;47; ;2; ; ;1;2; ; ;1; ;12;392,942612253913
3355678;1;4;1; ; ; ; ; ; ; ; ; ; ; ; ;12;392,942612253913
3355678;1;5;1; ; ; ; ; ; ; ; ; ; ; ; ;12;392,942612253913
3355678;1;6;1; ; ; ; ; ; ; ; ; ; ; ; ;12;392,942612253913
3355679;1;1;2;2;15; ;2; ; ;1;2; ; ;1; ;12;325,239091591602
3355679;1;2;2;2;54; ;2; ; ;1;2; ; ;1; ;12;325,239091591602
3355679;1;3;2;2;15; ;2; ; ;1;2; ; ;1; ;12;325,239091591602
3355682;1;1;2;2;54; ;2; ; ;1;2; ; ;1; ;12;362,702301151507
3355682;1;2;2;2;54; ;2; ; ;1;2; ; ;1; ;12;362,702301151507
3355682;1;3;2;2;54; ;2; ; ;1;2; ; ;1; ;12;362,702301151507
3355682;1;4;2;2;54; ;2; ; ;1;2; ; ;1; ;12;362,702301151507
3355683;1;1;2;2;76; ;2; ; ;1;2; ; ;1; ;12;334,568145249249
3355683;1;2;1; ; ; ; ; ; ; ; ; ; ; ; ;12;334,568145249249
3355684;1;1;2;2;76; ;3;76; ;1;2; ; ;1; ;12;430,435675296408
3355685;1;1;2;2;68; ;2; ; ;1;2; ; ;1; ;12;383,643412078857
3355686;1;1;1; ; ; ; ; ; ; ; ; ; ; ; ;12;447,294109253074
3355686;1;2;2;2;05; ;2; ; ;1;2; ; ;1; ;12;447,294109253074
3355686;1;3;1; ; ; ; ; ; ; ; ; ; ; ; ;12;447,294109253074
3355687;1;1;2;2;68; ;3;68; ;1;2; ; ;1; ;12;497,679182438544
3355687;1;2;2;2;11; ;3;68; ;1;2; ; ;1; ;12;497,679182438544
3355687;1;3;2;2;68; ;3;68; ;1;2; ; ;1; ;12;497,679182438544
3355687;1;4;2;2;68; ;1; ; ; ;2; ; ;1; ;12;497,679182438544
3355688;1;1;2;2;05; ;2; ; ;1;2; ; ;1; ;12;392,942612253913
3355688;1;2;2;2;73; ;2; ; ;1;2; ; ;1; ;12;392,942612253913
3355688;2;1;2;2;54; ;2; ; ;1;2; ; ;1; ;12;392,942612253913
3355688;2;2;1; ; ; ; ; ; ; ; ; ; ; ; ;12;392,942612253913
3355688;2;3;1; ; ; ; ; ; ; ; ; ; ; ; ;12;392,942612253913
3355688;2;4;1; ; ; ; ; ; ; ; ; ; ; ; ;12;392,942612253913
3355689;1;1;2;2;68; ;2; ; ;1;2; ; ;1; ;12;332,365938139879
3355689;1;2;2;2;11; ;2; ; ;1;2; ; ;1; ;12;332,365938139879
3355689;1;3;2;2;68; ;2; ; ;1;2; ; ;1; ;12;332,365938139879
3355690;1;1;2;2;54; ;2; ; ;1;2; ; ;1; ;12;465,236664226768
3355690;1;2;2;2;54; ;2; ; ;1;2; ; ;1; ;12;465,236664226768
3355690;1;3;1; ; ; ; ; ; ; ; ; ; ; ; ;12;465,236664226768
3355691;1;1;2;2;54; ;2; ; ;1;2; ; ;1; ;12;325,699105111778
3355691;1;2;2;2;54; ;2; ; ;1;2; ; ;1; ;12;325,699105111778
3355691;1;3;1; ; ; ; ; ; ; ; ; ; ; ; ;12;325,699105111778
3355692;1;1;2;2;54; ;2; ; ;1;2; ; ;1; ;12;370,695917932171
3355692;1;2;1; ; ; ; ; ; ; ; ; ; ; ; ;12;370,695917932171
3355693;1;1;1; ; ; ; ; ; ; ; ; ; ; ; ;12;409,830899693168
3355693;1;2;1; ; ; ; ; ; ; ; ; ; ; ; ;12;409,830899693168
3355694;1;1;2;2;54; ;2; ; ;1;2; ; ;1; ;12;417,028167629546
3355694;1;2;1; ; ; ; ; ; ; ; ; ; ; ; ;12;417,028167629546
3355695;1;1;2;2;66; ;2; ; ;1;2; ; ;1; ;12;430,435675296408
3355696;1;1;1; ; ; ; ; ; ; ; ; ; ; ; ;12;547,456319494284
3355696;1;2;1; ; ; ; ; ; ; ; ; ; ; ; ;12;547,456319494284
3355696;1;3;1; ; ; ; ; ; ; ; ; ; ; ; ;12;547,456319494284
3355696;1;4;2;2;54; ;1; ; ; ;1; ; ; ; ;12;547,456319494284
3355700;1;1;2;2;54; ;2; ; ;1;2; ; ;1; ;12;297,104935689344
3355701;1;1;1; ; ; ; ; ; ; ; ; ; ; ; ;12;414,851591041298
3355701;1;2;2;3; ;3;4; ;3; ;2; ; ;1; ;12;414,851591041298
3355702;1;1;1; ; ; ; ; ; ; ; ; ; ; ; ;12;407,6991139719
3355702;1;2;1; ; ; ; ; ; ; ; ; ; ; ; ;12;407,6991139719
3355702;1;3;1; ; ; ; ; ; ; ; ; ; ; ; ;12;407,6991139719
3355703;1;1;1; ; ; ; ; ; ; ; ; ; ; ; ;12;458,981633629305
3355703;1;2;1; ; ; ; ; ; ; ; ; ; ; ; ;12;458,981633629305
3355703;1;3;1; ; ; ; ; ; ; ; ; ; ; ; ;12;458,981633629305
3355704;1;1;1; ; ; ; ; ; ; ; ; ; ; ; ;12;335,405061999045
3355704;1;2;1; ; ; ; ; ; ; ; ; ; ; ; ;12;335,405061999045
3355704;1;3;1; ; ; ; ; ; ; ; ; ; ; ; ;12;335,405061999045
3355704;1;4;1; ; ; ; ; ; ; ; ; ; ; ; ;12;335,405061999045
3355704;1;5;2;2;13; ;2; ; ;1;2; ; ;1; ;12;335,405061999045
3355704;1;6;2;2;13; ;2; ; ;1;2; ; ;1; ;12;335,405061999045
3355705;1;1;1; ; ; ; ; ; ; ; ; ; ; ; ;12;315,910037933955
3355705;1;2;2;2;08; ;3;08; ;1;2; ; ;1; ;12;315,910037933955
3355705;1;3;1; ; ; ; ; ; ; ; ; ; ; ; ;12;315,910037933955
3355705;1;4;2;2;08; ;3;08; ;1;3;08; ;1; ;12;315,910037933955
3355706;1;1;1; ; ; ; ; ; ; ; ; ; ; ; ;12;466,099211497686
3355706;1;2;1; ; ; ; ; ; ; ; ; ; ; ; ;12;466,099211497686
3355706;1;3;1; ; ; ; ; ; ; ; ; ; ; ; ;12;466,099211497686
3355706;1;4;1; ; ; ; ; ; ; ; ; ; ; ; ;12;466,099211497686
3355706;1;5;1; ; ; ; ; ; ; ; ; ; ; ; ;12;466,099211497686
3355706;1;6;1; ; ; ; ; ; ; ; ; ; ; ; ;12;466,099211497686
3355707;1;1;2;2;68; ;3;68; ;1;2; ; ;1; ;12;370,235904411995
3355707;1;2;2;2;68; ;3;68; ;1;2; ; ;1; ;12;370,235904411995
3355708;1;1;2;2;05; ;3;23; ;1;2; ; ;1; ;12;500,627307544402
3355708;1;2;2;2;05; ;3;23; ;2;2; ; ;1; ;12;500,627307544402
3355708;1;3;2;2;23; ;3;23; ;2;2; ; ;1; ;12;500,627307544402
3355709;1;1;2;2;15; ;2; ; ;1;2; ; ;1; ;12;431,272592046204
3355709;1;2;2;2;54; ;2; ; ;1;2; ; ;1; ;12;431,272592046204
3355709;1;3;1; ; ; ; ; ; ; ; ; ; ; ; ;12;431,272592046204
3355709;1;4;2;2;15; ;2; ; ;1;2; ; ;1; ;12;431,272592046204
3355709;1;5;2;2;54; ;2; ; ;1;2; ; ;1; ;12;431,272592046204
3355710;1;1;2;2;13; ;2; ; ;1;4; ;3; ;3;12;244,037122604411
3355710;1;2;2;2;20; ;2; ; ;1;2; ; ;1; ;12;244,037122604411
3355710;1;3;1; ; ; ; ; ; ; ; ; ; ; ; ;12;244,037122604411
3355710;1;4;1; ; ; ; ; ; ; ; ; ; ; ; ;12;244,037122604411
3355710;1;5;1; ; ; ; ; ; ; ; ; ; ; ; ;12;244,037122604411
3355710;1;6;1; ; ; ; ; ; ; ; ; ; ; ; ;12;244,037122604411
3355710;1;7;1; ; ; ; ; ; ; ; ; ; ; ; ;12;244,037122604411
3355710;1;8;2;2;20; ;3;20; ;1;2; ; ;1; ;12;244,037122604411
3355710;1;9;2;2;20; ;2; ; ;1;2; ; ;1; ;12;244,037122604411
3355711;1;1;2;2;54; ;2; ; ;1;2; ; ;1; ;12;374,774371941386
3355711;1;2;1; ; ; ; ; ; ; ; ; ; ; ; ;12;374,774371941386
3355712;1;1;1; ; ; ; ; ; ; ; ; ; ; ; ;12;421,106621638762
3355712;1;2;1; ; ; ; ; ; ; ; ; ; ; ; ;12;421,106621638762
3355713;1;1;1; ; ; ; ; ; ; ; ; ; ; ; ;12;189,959553418898
3355713;1;2;2;2;15; ;2; ; ;1;2; ; ;1; ;12;189,959553418898
3355713;1;3;1; ; ; ; ; ; ; ; ; ; ; ; ;12;189,959553418898
3355713;1;4;1; ; ; ; ; ; ; ; ; ; ; ; ;12;189,959553418898
3355713;1;5;1; ; ; ; ; ; ; ; ; ; ; ; ;12;189,959553418898
3355714;1;1;2;1; ; ;2; ; ;1;2; ; ;1; ;12;101,183697196877
3355714;1;2;2;1; ; ;3;54; ;1;2; ; ;1; ;12;101,183697196877
3355714;1;3;2;2;54; ;1; ; ; ;2; ; ;1; ;12;101,183697196877
3355714;1;4;1; ; ; ; ; ; ; ; ; ; ; ; ;12;101,183697196877
3355714;1;5;1; ; ; ; ; ; ; ; ; ; ; ; ;12;101,183697196877
3355715;1;1;2;2;41; ;2; ; ;1;2; ; ;1; ;12;89,7739508468435
3355715;1;2;1; ; ; ; ; ; ; ; ; ; ; ; ;12;89,7739508468435
3355716;1;1;1; ; ; ; ; ; ; ; ; ; ; ; ;12;195,909889560655
3355716;1;2;2;1; ; ;2; ; ;1;2; ; ;1; ;12;195,909889560655
3355716;1;3;1; ; ; ; ; ; ; ; ; ; ; ; ;12;195,909889560655
3355716;1;4;1; ; ; ; ; ; ; ; ; ; ; ; ;12;195,909889560655
3355717;1;1;1; ; ; ; ; ; ; ; ; ; ; ; ;12;174,077082014375
3355717;1;2;1; ; ; ; ; ; ; ; ; ; ; ; ;12;174,077082014375
3355717;1;3;1; ; ; ; ; ; ; ; ; ; ; ; ;12;174,077082014375
3355718;1;1;1; ; ; ; ; ; ; ; ; ; ; ; ;12;84,3848423526388
3355718;1;2;1; ; ; ; ; ; ; ; ; ; ; ; ;12;84,3848423526388
3355718;1;3;1; ; ; ; ; ; ; ; ; ; ; ; ;12;84,3848423526388
3355718;1;4;1; ; ; ; ; ; ; ; ; ; ; ; ;12;84,3848423526388
3355718;1;5;1; ; ; ; ; ; ; ; ; ; ; ; ;12;84,3848423526388
3355718;1;6;2;2;15; ;3;15; ;1;2; ; ;1; ;12;84,3848423526388
3355721;1;1;1; ; ; ; ; ; ; ; ; ; ; ; ;12;211,382406679706
3355721;1;2;1; ; ; ; ; ; ; ; ; ; ; ; ;12;211,382406679706
3355721;1;3;1; ; ; ; ; ; ; ; ; ; ; ; ;12;211,382406679706
3355721;1;4;1; ; ; ; ; ; ; ; ; ; ; ; ;12;211,382406679706
3355721;1;5;1; ; ; ; ; ; ; ; ; ; ; ; ;12;211,382406679706
3355721;1;6;1; ; ; ; ; ; ; ; ; ; ; ; ;12;211,382406679706
3355721;1;7;1; ; ; ; ; ; ; ; ; ; ; ; ;12;211,382406679706
3355721;1;8;1; ; ; ; ; ; ; ; ; ; ; ; ;12;211,382406679706
3355722;1;1;1; ; ; ; ; ; ; ; ; ; ; ; ;12;174,621760696764
3355722;1;2;1; ; ; ; ; ; ; ; ; ; ; ; ;12;174,621760696764
3355722;1;3;1; ; ; ; ; ; ; ; ; ; ; ; ;12;174,621760696764
3355722;1;4;1; ; ; ; ; ; ; ; ; ; ; ; ;12;174,621760696764
3355723;1;1;2;1; ; ;2; ; ;1;2; ; ;1; ;12;200,809117865779
3355723;1;2;2;1; ; ;2; ; ;1;2; ; ;1; ;12;200,809117865779
3355723;1;3;2;2;11; ;2; ; ;1;2; ; ;1; ;12;200,809117865779
3355724;1;1;2;2;41; ;2; ; ;1;2; ; ;1; ;12;240,5109258215
3355724;1;2;2;2;41; ;2; ; ;1;2; ; ;1; ;12;240,5109258215
3355724;1;3;2;2;41; ;3;41; ;1;2; ; ;1; ;12;240,5109258215
3355724;1;4;2;2;41; ;2; ; ;1;2; ; ;1; ;12;240,5109258215
3355724;1;5;2;2;41; ;2; ; ;1;2; ; ;1; ;12;240,5109258215
3355724;1;6;2;1; ; ;3;52; ;1;2; ; ;1; ;12;240,5109258215
3355724;1;7;1; ; ; ; ; ; ; ; ; ; ; ; ;12;240,5109258215
3355725;1;1;2;2;54; ;2; ; ;1;2; ; ;1; ;12;189,534095912664
3355725;1;2;1; ; ; ; ; ; ; ; ; ; ; ; ;12;189,534095912664
3355725;1;3;1; ; ; ; ; ; ; ; ; ; ; ; ;12;189,534095912664
3355726;1;1;2;2;41; ;2; ; ;1;2; ; ;1; ;12;145,03831977919
3355726;1;2;1; ; ; ; ; ; ; ; ; ; ; ; ;12;145,03831977919
3355726;1;3;1; ; ; ; ; ; ; ; ; ; ; ; ;12;145,03831977919
3355727;1;1;1; ; ; ; ; ; ; ; ; ; ; ; ;12;186,592933939885
3355727;1;2;2;2;18; ;2; ; ;1;2; ; ;1; ;12;186,592933939885
3355727;1;3;1; ; ; ; ; ; ; ; ; ; ; ; ;12;186,592933939885
3355728;1;1;2;1; ; ;3;76; ;1;2; ; ;1; ;12;180,217140291894
3355728;1;2;2;2;73; ;2; ; ;1;2; ; ;1; ;12;180,217140291894
3355729;1;1;1; ; ; ; ; ; ; ; ; ; ; ; ;12;254,91258272934
3355729;1;2;2;2;18; ;2; ; ;1;2; ; ;1; ;12;254,91258272934
3355729;1;3;2;1; ; ;2; ; ;1;2; ; ;1; ;12;254,91258272934
3355730;1;1;2;2;41; ;2; ; ;1;2; ; ;1; ;12;207,18491151377
3355730;1;2;2;2;41; ;2; ; ;1;2; ; ;1; ;12;207,18491151377
3355730;1;3;1; ; ; ; ; ; ; ; ; ; ; ; ;12;207,18491151377
3355730;1;4;1; ; ; ; ; ; ; ; ; ; ; ; ;12;207,18491151377
3355731;1;1;2;1; ; ;2; ; ;1;2; ; ;1; ;12;140,24010244762
3355731;1;2;2;1; ; ;2; ; ;1;2; ; ;1; ;12;140,24010244762
3355731;1;3;1; ; ; ; ; ; ; ; ; ; ; ; ;12;140,24010244762
3355734;1;1;2;2;41; ;2; ; ;1;2; ; ;1; ;12;99,3816395769298
3355734;1;2;2;2;11; ;2; ; ;1;2; ; ;1; ;12;99,3816395769298
3355735;1;1;1; ; ; ; ; ; ; ; ; ; ; ; ;12;198,630819383724
3355735;1;2;1; ; ; ; ; ; ; ; ; ; ; ; ;12;198,630819383724
3355735;1;3;1; ; ; ; ; ; ; ; ; ; ; ; ;12;198,630819383724
3355735;1;4;1; ; ; ; ; ; ; ; ; ; ; ; ;12;198,630819383724
3355735;1;5;1; ; ; ; ; ; ; ; ; ; ; ; ;12;198,630819383724
3355735;1;6;1; ; ; ; ; ; ; ; ; ; ; ; ;12;198,630819383724
3355736;1;1;2;2;15; ;3;25; ;1;2; ; ;1; ;12;185,251092993936
3355736;1;2;2;2;11; ;3;25; ;1;2; ; ;1; ;12;185,251092993936
3355736;1;3;2;2;25; ;3;25; ;1;2; ; ;1; ;12;185,251092993936
3355736;1;4;2;2;25; ;3;25; ;1;2; ; ;1; ;12;185,251092993936
3355740;1;1;1; ; ; ; ; ; ; ; ; ; ; ; ;12;205,517578290741
3355740;1;2;2;2;66; ;2; ; ;1;2; ; ;1; ;12;205,517578290741
3355740;1;3;1; ; ; ; ; ; ; ; ; ; ; ; ;12;205,517578290741
3355740;1;4;1; ; ; ; ; ; ; ; ; ; ; ; ;12;205,517578290741
3355741;1;1;1; ; ; ; ; ; ; ; ; ; ; ; ;12;279,567331072243
3355741;1;2;2;2;41; ;2; ; ;1;2; ; ;1; ;12;279,567331072243
3355741;1;3;1; ; ; ; ; ; ; ; ; ; ; ; ;12;279,567331072243
3355741;1;4;1; ; ; ; ; ; ; ; ; ; ; ; ;12;279,567331072243
3355741;1;5;1; ; ; ; ; ; ; ; ; ; ; ; ;12;279,567331072243
3355742;1;1;2;2;73; ;2; ; ;1;2; ; ;1; ;12;110,177855694967
3355742;1;2;1; ; ; ; ; ; ; ; ; ; ; ; ;12;110,177855694967
3355742;1;3;1; ; ; ; ; ; ; ; ; ; ; ; ;12;110,177855694967
3355742;1;4;1; ; ; ; ; ; ; ; ; ; ; ; ;12;110,177855694967
3355743;1;1;2;2;17; ;2; ; ;1;2; ; ;1; ;12;189,534095912664
3355743;1;2;2;2;41; ;2; ; ;1;2; ; ;1; ;12;189,534095912664
3355743;1;3;1; ; ; ; ; ; ; ; ; ; ; ; ;12;189,534095912664
3355744;1;1;1; ; ; ; ; ; ; ; ; ; ; ; ;12;105,143902992926
3355744;1;2;1; ; ; ; ; ; ; ; ; ; ; ; ;12;105,143902992926
3355745;1;1;2;1; ; ;2; ; ;1;2; ; ;1; ;12;91,2532113441115
3355745;1;2;2;1; ; ;2; ; ;1;2; ; ;1; ;12;91,2532113441115
3355745;1;3;1; ; ; ; ; ; ; ; ; ; ; ; ;12;91,2532113441115
3355746;1;1;1; ; ; ; ; ; ; ; ; ; ; ; ;12;77,7811959744953
3355746;1;2;1; ; ; ; ; ; ; ; ; ; ; ; ;12;77,7811959744953
3355747;1;1;2;2;41; ;3;41; ;1;2; ; ;1; ;12;143,370986556161
3355747;1;2;2;1; ; ;3;41; ;1;2; ; ;1; ;12;143,370986556161
3355747;1;3;2;2;86; ;2; ; ;1;2; ; ;1; ;12;143,370986556161
3355748;1;1;2;2;41; ;3;41; ;1;2; ; ;1; ;12;140,004367077148
3355749;1;1;2;2;41; ;2; ; ;1;2; ; ;1; ;12;189,534095912664
3355749;1;2;2;2;41; ;3;41; ;2;2; ; ;1; ;12;189,534095912664
3355749;1;3;2;1; ; ;3;41; ;2;2; ; ;1; ;12;189,534095912664
3355750;1;1;2;1; ; ;3;41; ;1;2; ; ;1; ;12;186,918426216965
3355750;1;2;2;2;41; ;2; ; ;1;2; ; ;1; ;12;186,918426216965
3355750;1;3;2;1; ; ;3;41; ;1;2; ; ;1; ;12;186,918426216965
3355750;1;4;2;1; ; ;3;41; ;1;2; ; ;1; ;12;186,918426216965
3355751;1;1;2;2;73; ;2; ; ;1;2; ; ;1; ;12;143,370986556161
3355751;1;2;1; ; ; ; ; ; ; ; ; ; ; ; ;12;143,370986556161
3355751;1;3;1; ; ; ; ; ; ; ; ; ; ; ; ;12;143,370986556161
3355752;1;1;2;1; ; ;2; ; ;1;2; ; ;1; ;12;106,522152516639
3355752;1;2;2;1; ; ;2; ; ;1;2; ; ;1; ;12;106,522152516639
3355752;1;3;1; ; ; ; ; ; ; ; ; ; ; ; ;12;106,522152516639
3355752;1;4;1; ; ; ; ; ; ; ; ; ; ; ; ;12;106,522152516639
3355753;1;1;2;2;73; ;2; ; ;1;2; ; ;1; ;12;135,856088555338
3355753;1;2;2;2;18; ;2; ; ;1;2; ; ;1; ;12;135,856088555338
3355753;1;3;2;2;18; ;2; ; ;1;2; ; ;1; ;12;135,856088555338
3355753;1;4;2;2;41; ;3;41; ;1;2; ; ;1; ;12;135,856088555338
3355753;1;5;1; ; ; ; ; ; ; ; ; ; ; ; ;12;135,856088555338
3355757;1;1;2;2;19; ;2; ; ;1;2; ; ;1; ;12;93,0395593523021
3355757;1;2;2;2;11; ;2; ; ;1;2; ; ;1; ;12;93,0395593523021
3355757;1;3;1; ; ; ; ; ; ; ; ; ; ; ; ;12;93,0395593523021
3355757;1;4;2;2;15; ;2; ; ;1;2; ; ;1; ;12;93,0395593523021
3355757;1;5;1; ; ; ; ; ; ; ; ; ; ; ; ;12;93,0395593523021
3355758;1;1;2;2;41; ;2; ; ;1;2; ; ;1; ;12;192,968727587876
3355758;1;2;1; ; ; ; ; ; ; ; ; ; ; ; ;12;192,968727587876
3355758;1;3;1; ; ; ; ; ; ; ; ; ; ; ; ;12;192,968727587876
3355758;1;4;1; ; ; ; ; ; ; ; ; ; ; ; ;12;192,968727587876
3355759;1;1;1; ; ; ; ; ; ; ; ; ; ; ; ;12;170,744175958726
3355759;1;2;2;3; ;3;4; ;3; ;2; ; ;1; ;12;170,744175958726
3355759;1;3;2;3; ;3;4; ;3; ;2; ; ;1; ;12;170,744175958726
3355759;1;4;1; ; ; ; ; ; ; ; ; ; ; ; ;12;170,744175958726
3355759;1;5;1; ; ; ; ; ; ; ; ; ; ; ; ;12;170,744175958726
3355760;1;1;2;2;18; ;2; ; ;1;2; ; ;1; ;12;254,91258272934
3355760;1;2;2;2;18; ;3;18; ;1;2; ; ;1; ;12;254,91258272934
3355760;1;3;2;2;66; ;2; ; ;1;2; ; ;1; ;12;254,91258272934
3355761;1;1;2;2;11; ;2; ; ;1;2; ; ;1; ;12;168,057894323012
3355761;1;2;1; ; ; ; ; ; ; ; ; ; ; ; ;12;168,057894323012
3355761;1;3;1; ; ; ; ; ; ; ; ; ; ; ; ;12;168,057894323012
3355761;1;4;2;2;41; ;3;41; ;1;3;41; ;1; ;12;168,057894323012
3355762;1;1;1; ; ; ; ; ; ; ; ; ; ; ; ;12;200,809117865779
3355762;1;2;2;2;19; ;2; ; ;1;2; ; ;1; ;12;200,809117865779
3355762;1;3;1; ; ; ; ; ; ; ; ; ; ; ; ;12;200,809117865779
3355763;1;1;1; ; ; ; ; ; ; ; ; ; ; ; ;12;114,939664448773
3355764;1;1;2;2;73; ;3;76; ;1;2; ; ;1; ;12;114,939664448773
3355765;1;1;2;2;70; ;2; ; ;1;2; ; ;1; ;12;100,227802813275
3355765;1;2;2;2;08; ;2; ; ;1;2; ; ;1; ;12;100,227802813275
3355766;1;1;2;2;20; ;2; ; ;1;2; ; ;1; ;12;85,2914628550724
3355766;1;2;2;2;20; ;1; ; ; ;2; ; ;1; ;12;85,2914628550724
3355767;1;1;2;1; ; ;2; ; ;1;2; ; ;1; ;12;82,6115595323685
3355767;1;2;1; ; ; ; ; ; ; ; ; ; ; ; ;12;82,6115595323685
3355767;1;3;2;1; ; ;2; ; ;1;2; ; ;1; ;12;82,6115595323685
3355767;1;4;1; ; ; ; ; ; ; ; ; ; ; ; ;12;82,6115595323685
3355767;1;5;2;2;70; ;3;70; ;1;3;70; ;1; ;12;82,6115595323685
3355768;1;1;1; ; ; ; ; ; ; ; ; ; ; ; ;12;82,6115595323685
3355768;1;2;1; ; ; ; ; ; ; ; ; ; ; ; ;12;82,6115595323685
3355768;1;3;1; ; ; ; ; ; ; ; ; ; ; ; ;12;82,6115595323685
3355768;1;4;1; ; ; ; ; ; ; ; ; ; ; ; ;12;82,6115595323685
3355768;1;5;1; ; ; ; ; ; ; ; ; ; ; ; ;12;82,6115595323685
3355769;1;1;2;2;41; ;2; ; ;1;2; ; ;1; ;12;126,300559036683
3355769;1;2;1; ; ; ; ; ; ; ; ; ; ; ; ;12;126,300559036683
3355769;1;3;1; ; ; ; ; ; ; ; ; ; ; ; ;12;126,300559036683
3355769;1;4;1; ; ; ; ; ; ; ; ; ; ; ; ;12;126,300559036683
3355770;1;1;2;2;13; ;3;13; ;1;2; ; ;1; ;12;106,010289650531
3355770;1;2;1; ; ; ; ; ; ; ; ; ; ; ; ;12;106,010289650531
3355770;1;3;1; ; ; ; ; ; ; ; ; ; ; ; ;12;106,010289650531
3355771;1;1;1; ; ; ; ; ; ; ; ; ; ; ; ;12;106,067700425959
3355771;1;2;2;1; ; ;3;47; ;1;2; ; ;1; ;12;106,067700425959
3355771;1;3;1; ; ; ; ; ; ; ; ; ; ; ; ;12;106,067700425959
3355771;1;4;1; ; ; ; ; ; ; ; ; ; ; ; ;12;106,067700425959
3355771;1;5;1; ; ; ; ; ; ; ; ; ; ; ; ;12;106,067700425959
3355777;1;1;1; ; ; ; ; ; ; ; ; ; ; ; ;12;82,8420688012355
3355777;1;2;1; ; ; ; ; ; ; ; ; ; ; ; ;12;82,8420688012355
3355777;1;3;1; ; ; ; ; ; ; ; ; ; ; ; ;12;82,8420688012355
3355777;1;4;1; ; ; ; ; ; ; ; ; ; ; ; ;12;82,8420688012355
3355778;1;1;1; ; ; ; ; ; ; ; ; ; ; ; ;12;67,9057288430332
3355778;1;2;1; ; ; ; ; ; ; ; ; ; ; ; ;12;67,9057288430332
3355778;1;3;1; ; ; ; ; ; ; ; ; ; ; ; ;12;67,9057288430332
3355778;1;4;1; ; ; ; ; ; ; ; ; ; ; ; ;12;67,9057288430332
3355779;1;1;2;2;13; ;2; ; ;1;2; ; ;1; ;12;76,6177708506754
3355779;1;2;2;2;13; ;2; ; ;1;2; ; ;1; ;12;76,6177708506754
3355779;1;3;2;2;13; ;2; ; ;1;2; ; ;1; ;12;76,6177708506754
3355779;1;4;2;2;13; ;2; ; ;1;2; ; ;1; ;12;76,6177708506754
3355780;1;1;1; ; ; ; ; ; ; ; ; ; ; ; ;12;67,2278075423707
3355780;1;2;1; ; ; ; ; ; ; ; ; ; ; ; ;12;67,2278075423707
3355780;1;3;2;2;08; ;2; ; ;1;2; ; ;1; ;12;67,2278075423707
3355780;1;4;2;2;23; ;2; ; ;1;2; ; ;1; ;12;67,2278075423707
3355781;1;1;2;2;70; ;2; ; ;1;2; ; ;1; ;12;102,267570583269
3355781;1;2;1; ; ; ; ; ; ; ; ; ; ; ; ;12;102,267570583269
3355781;1;3;1; ; ; ; ; ; ; ; ; ; ; ; ;12;102,267570583269
3355781;1;4;1; ; ; ; ; ; ; ; ; ; ; ; ;12;102,267570583269
3355781;1;5;2;2;70; ;2; ; ;1;2; ; ;1; ;12;102,267570583269
3355781;1;6;1; ; ; ; ; ; ; ; ; ; ; ; ;12;102,267570583269
3355781;1;7;1; ; ; ; ; ; ; ; ; ; ; ; ;12;102,267570583269
3355781;1;8;1; ; ; ; ; ; ; ; ; ; ; ; ;12;102,267570583269
3355782;1;1;2;2;70; ;3;70; ;1;2; ; ;1; ;12;89,9674709823598
3355782;1;2;2;2;70; ;3;23; ;1;2; ; ;1; ;12;89,9674709823598
3355782;1;3;2;2;70; ;3;13; ;1;2; ; ;1; ;12;89,9674709823598
3355783;1;1;2;2;66; ;2; ; ;1;2; ; ;1; ;12;106,452100763835
3355783;1;2;2;2;66; ;2; ; ;1;2; ; ;1; ;12;106,452100763835
3355784;1;1;2;2;47; ;2; ; ;1;2; ; ;1; ;12;95,3025457878202
3355784;1;2;2;2;13; ;2; ; ;1;2; ; ;1; ;12;95,3025457878202
3355784;1;3;1; ; ; ; ; ; ; ; ; ; ; ; ;12;95,3025457878202
3355785;1;1;1; ; ; ; ; ; ; ; ; ; ; ; ;12;77,4881393732855
3355785;1;2;1; ; ; ; ; ; ; ; ; ; ; ; ;12;77,4881393732855
3355785;1;3;1; ; ; ; ; ; ; ; ; ; ; ; ;12;77,4881393732855
3355792;1;1;1; ; ; ; ; ; ; ; ; ; ; ; ;12;78,3585078958956
3355792;1;2;2;2;13; ;2; ; ;1;2; ; ;1; ;12;78,3585078958956
3355793;1;1;1; ; ; ; ; ; ; ; ; ; ; ; ;12;86,1675472893634
3355793;1;2;1; ; ; ; ; ; ; ; ; ; ; ; ;12;86,1675472893634
3355793;1;3;1; ; ; ; ; ; ; ; ; ; ; ; ;12;86,1675472893634
3355793;1;4;1; ; ; ; ; ; ; ; ; ; ; ; ;12;86,1675472893634
3355793;1;5;2;2;13; ;2; ; ;1;2; ; ;1; ;12;86,1675472893634
3355794;1;1;1; ; ; ; ; ; ; ; ; ; ; ; ;12;47,8721209539674
3355794;1;2;2;2;70; ;2; ; ;1;2; ; ;1; ;12;47,8721209539674
3355794;1;3;1; ; ; ; ; ; ; ; ; ; ; ; ;12;47,8721209539674
3355794;1;4;1; ; ; ; ; ; ; ; ; ; ; ; ;12;47,8721209539674
3355794;1;5;1; ; ; ; ; ; ; ; ; ; ; ; ;12;47,8721209539674
3355794;1;6;1; ; ; ; ; ; ; ; ; ; ; ; ;12;47,8721209539674
3355794;1;7;1; ; ; ; ; ; ; ; ; ; ; ; ;12;47,8721209539674
3355794;1;8;1; ; ; ; ; ; ; ; ; ; ; ; ;12;47,8721209539674
3355794;1;9;1; ; ; ; ; ; ; ; ; ; ; ; ;12;47,8721209539674
3355794;1;10;1; ; ; ; ; ; ; ; ; ; ; ; ;12;47,8721209539674
3355794;1;11;1; ; ; ; ; ; ; ; ; ; ; ; ;12;47,8721209539674
3355794;1;12;1; ; ; ; ; ; ; ; ; ; ; ; ;12;47,8721209539674
3355795;1;1;2;2;17; ;2; ; ;1;2; ; ;1; ;12;86,8454685900259
3355795;1;2;2;2;17; ;2; ; ;1;2; ; ;1; ;12;86,8454685900259
3355795;1;3;1; ; ; ; ; ; ; ; ; ; ; ; ;12;86,8454685900259
3355795;1;4;1; ; ; ; ; ; ; ; ; ; ; ; ;12;86,8454685900259
3355795;1;5;1; ; ; ; ; ; ; ; ; ; ; ; ;12;86,8454685900259
3355796;1;1;1; ; ; ; ; ; ; ; ; ; ; ; ;12;195,909889560655
3355796;1;2;1; ; ; ; ; ; ; ; ; ; ; ; ;12;195,909889560655
3355796;1;3;1; ; ; ; ; ; ; ; ; ; ; ; ;12;195,909889560655
3355796;1;4;1; ; ; ; ; ; ; ; ; ; ; ; ;12;195,909889560655
3355797;1;1;2;2;73; ;2; ; ;1;2; ; ;1; ;12;189,991712842846
3355797;1;2;2;2;76; ;2; ; ;1;2; ; ;1; ;12;189,991712842846
3355797;1;3;2;2;76; ;2; ; ;1;2; ; ;1; ;12;189,991712842846
3355797;1;4;1; ; ; ; ; ; ; ; ; ; ; ; ;12;189,991712842846
3355798;1;1;2;2;18; ;2; ; ;1;2; ; ;1; ;12;195,775165163737
3355799;1;1;1; ; ; ; ; ; ; ; ; ; ; ; ;12;214,289855229122
3355799;1;2;1; ; ; ; ; ; ; ; ; ; ; ; ;12;214,289855229122
3355799;1;3;1; ; ; ; ; ; ; ; ; ; ; ; ;12;214,289855229122
3355799;1;4;2;2;18; ;2; ; ;1;2; ; ;1; ;12;214,289855229122
3355800;1;1;1; ; ; ; ; ; ; ; ; ; ; ; ;12;105,143902992926
3355800;1;2;2;2;11; ;2; ; ;1;2; ; ;1; ;12;105,143902992926
3355801;1;1;1; ; ; ; ; ; ; ; ; ; ; ; ;12;160,186390365561
3355801;1;2;1; ; ; ; ; ; ; ; ; ; ; ; ;12;160,186390365561
3355801;1;3;1; ; ; ; ; ; ; ; ; ; ; ; ;12;160,186390365561
3355801;1;4;2;2;41; ;2; ; ;1;2; ; ;1; ;12;160,186390365561
3355802;1;1;2;2;13; ;2; ; ;1;2; ; ;1; ;12;214,699809514593
3355802;1;2;1; ; ; ; ; ; ; ; ; ; ; ; ;12;214,699809514593
3355803;1;1;2;2;44; ;3;44; ;1;2; ; ;1; ;12;195,775165163737
3355804;1;1;2;2;41; ;3;41; ;1;2; ; ;1; ;12;140,004367077148
3355807;1;1;1; ; ; ; ; ; ; ; ; ; ; ; ;12;165,304805075995
3355807;1;2;1; ; ; ; ; ; ; ; ; ; ; ; ;12;165,304805075995
3355807;1;3;1; ; ; ; ; ; ; ; ; ; ; ; ;12;165,304805075995
3355810;1;1;2;1; ; ;3;41; ;1;2; ; ;1; ;12;127,781008651363
3355810;1;2;2;2;41; ;3;41; ;1;3;41; ;1; ;12;127,781008651363
3355811;1;1;2;2;41; ;2; ; ;1;2; ; ;1; ;12;165,304805075995
3355811;1;2;2;2;11; ;2; ; ;1;2; ; ;1; ;12;165,304805075995
3355811;1;3;1; ; ; ; ; ; ; ; ; ; ; ; ;12;165,304805075995
3355812;1;1;1; ; ; ; ; ; ; ; ; ; ; ; ;12;164,691274843999
3355812;1;2;2;2;41; ;2; ; ;1;2; ; ;1; ;12;164,691274843999
3355813;1;1;2;2;73; ;2; ; ;1;2; ; ;1; ;12;101,048972799959
3355813;1;2;2;1; ; ;2; ; ;1;2; ; ;1; ;12;101,048972799959
3355814;1;1;2;2;41; ;2; ; ;1;2; ; ;1; ;12;160,085379392007
3355814;1;2;2;2;41; ;2; ; ;1;2; ; ;1; ;12;160,085379392007
3355814;1;3;1; ; ; ; ; ; ; ; ; ; ; ; ;12;160,085379392007
3355814;1;4;1; ; ; ; ; ; ; ; ; ; ; ; ;12;160,085379392007
3355814;1;5;1; ; ; ; ; ; ; ; ; ; ; ; ;12;160,085379392007
3355815;1;1;2;2;41; ;2; ; ;1;2; ; ;1; ;12;91,8667415761069
3355815;1;2;2;2;41; ;2; ; ;1;2; ; ;1; ;12;91,8667415761069
3355815;1;3;1; ; ; ; ; ; ; ; ; ; ; ; ;12;91,8667415761069
3355815;1;4;1; ; ; ; ; ; ; ; ; ; ; ; ;12;91,8667415761069
3355816;1;1;2;1; ; ;2; ; ;1;2; ; ;1; ;12;221,075603162584
3355816;1;2;2;2;41; ;2; ; ;1;2; ; ;1; ;12;221,075603162584
3355816;1;3;1; ; ; ; ; ; ; ; ; ; ; ; ;12;221,075603162584
3355817;1;1;2;1; ; ;2; ; ;1;2; ; ;1; ;12;58,0929240371036
3355817;1;2;1; ; ; ; ; ; ; ; ; ; ; ; ;12;58,0929240371036
3355817;1;3;1; ; ; ; ; ; ; ; ; ; ; ; ;12;58,0929240371036
3355817;1;4;1; ; ; ; ; ; ; ; ; ; ; ; ;12;58,0929240371036
3355817;1;5;1; ; ; ; ; ; ; ; ; ; ; ; ;12;58,0929240371036
3355817;1;6;1; ; ; ; ; ; ; ; ; ; ; ; ;12;58,0929240371036
3355817;1;7;1; ; ; ; ; ; ; ; ; ; ; ; ;12;58,0929240371036
3355817;1;8;1; ; ; ; ; ; ; ; ; ; ; ; ;12;58,0929240371036
3355818;1;1;2;2;70; ;2; ; ;1;2; ; ;1; ;12;114,722331658173
3355818;1;2;1; ; ; ; ; ; ; ; ; ; ; ; ;12;114,722331658173
3355818;1;3;1; ; ; ; ; ; ; ; ; ; ; ; ;12;114,722331658173
3355819;1;1;1; ; ; ; ; ; ; ; ; ; ; ; ;12;89,750589226663
3355819;1;2;1; ; ; ; ; ; ; ; ; ; ; ; ;12;89,750589226663
3355819;1;3;1; ; ; ; ; ; ; ; ; ; ; ; ;12;89,750589226663
3355819;1;4;1; ; ; ; ; ; ; ; ; ; ; ; ;12;89,750589226663
3355819;1;5;1; ; ; ; ; ; ; ; ; ; ; ; ;12;89,750589226663
3355819;2;1;1; ; ; ; ; ; ; ; ; ; ; ; ;12;89,750589226663
3355820;1;1;2;2;70; ;2; ; ;1;2; ; ;1; ;12;94,8738733853247
3355821;1;1;2;2;23; ;3;23; ;1;2; ; ;1; ;12;116,949036888128
3355821;1;2;2;2;23; ;2; ; ;1;2; ; ;1; ;12;116,949036888128
3355821;1;3;2;2;23; ;2; ; ;1;2; ; ;1; ;12;116,949036888128
3355822;1;1;2;3; ;3;2; ; ;1;2; ; ;1; ;12;107,366626357875
3355822;1;2;1; ; ; ; ; ; ; ; ; ; ; ; ;12;107,366626357875
3355822;1;3;1; ; ; ; ; ; ; ; ; ; ; ; ;12;107,366626357875
3355822;1;4;1; ; ; ; ; ; ; ; ; ; ; ; ;12;107,366626357875
3355823;1;1;2;2;05; ;2; ; ;1;2; ; ;1; ;12;116,463068703393
3355824;1;1;2;2;13; ;2; ; ;1;2; ; ;1; ;12;88,6710358901549
3355824;1;2;1; ; ; ; ; ; ; ; ; ; ; ; ;12;88,6710358901549
3355824;1;3;2;2;70; ;3;08; ;1;2; ; ;1; ;12;88,6710358901549
3355824;1;4;2;2;08; ;3;08; ;1;2; ; ;1; ;12;88,6710358901549
3355827;1;1;1; ; ; ; ; ; ; ; ; ; ; ; ;12;120,946629608733
3355827;1;2;1; ; ; ; ; ; ; ; ; ; ; ; ;12;120,946629608733
3355827;1;3;1; ; ; ; ; ; ; ; ; ; ; ; ;12;120,946629608733
3355828;1;1;1; ; ; ; ; ; ; ; ; ; ; ; ;12;120,282129671547
3355828;1;2;1; ; ; ; ; ; ; ; ; ; ; ; ;12;120,282129671547
3355828;1;3;1; ; ; ; ; ; ; ; ; ; ; ; ;12;120,282129671547
3355828;1;4;1; ; ; ; ; ; ; ; ; ; ; ; ;12;120,282129671547
3355828;1;5;2;1; ; ;2; ; ;1;2; ; ;1; ;12;120,282129671547
3355828;1;6;1; ; ; ; ; ; ; ; ; ; ; ; ;12;120,282129671547
3355829;1;1;2;2;13; ;2; ; ;1;2; ; ;1; ;12;100,407111324414
3355829;1;2;1; ; ; ; ; ; ; ; ; ; ; ; ;12;100,407111324414
3355829;1;3;2;1; ; ;2; ; ;1;2; ; ;1; ;12;100,407111324414
3355829;1;4;1; ; ; ; ; ; ; ; ; ; ; ; ;12;100,407111324414
3355830;1;1;2;2;23; ;2; ; ;1;2; ; ;1; ;12;77,4881393732855
3355830;1;2;2;2;23; ;2; ; ;1;2; ; ;1; ;12;77,4881393732855
3355830;1;3;1; ; ; ; ; ; ; ; ; ; ; ; ;12;77,4881393732855
3355831;1;1;1; ; ; ; ; ; ; ; ; ; ; ; ;12;77,7629411402346
3355831;1;2;1; ; ; ; ; ; ; ; ; ; ; ; ;12;77,7629411402346
3355831;1;3;2;2;70; ;3;70; ;2;3;70; ;2;1;12;77,7629411402346
3355831;1;4;2;2;13; ;3;11; ;1;2; ; ;1; ;12;77,7629411402346
3355832;1;1;1; ; ; ; ; ; ; ; ; ; ; ; ;12;123,659303023422
3355832;1;2;1; ; ; ; ; ; ; ; ; ; ; ; ;12;123,659303023422
3355832;1;3;1; ; ; ; ; ; ; ; ; ; ; ; ;12;123,659303023422
3355832;1;4;1; ; ; ; ; ; ; ; ; ; ; ; ;12;123,659303023422
3355832;1;5;1; ; ; ; ; ; ; ; ; ; ; ; ;12;123,659303023422
3355833;1;1;2;2;70; ;2; ; ;1;2; ; ;1; ;12;96,4278791202782
3355833;1;2;1; ; ; ; ; ; ; ; ; ; ; ; ;12;96,4278791202782
3355833;1;3;1; ; ; ; ; ; ; ; ; ; ; ; ;12;96,4278791202782
3355833;1;4;1; ; ; ; ; ; ; ; ; ; ; ; ;12;96,4278791202782
3355834;1;1;2;2;54; ;3;54; ;1;2; ; ;1; ;12;106,010289650531
3355834;1;2;2;1; ; ;3;54; ;1;2; ; ;1; ;12;106,010289650531
3355834;1;3;1; ; ; ; ; ; ; ; ; ; ; ; ;12;106,010289650531
3355835;1;1;2;2;13; ;2; ; ;1;2; ; ;1; ;12;104,494481962918
3355835;1;2;2;2;13; ;2; ; ;1;2; ; ;1; ;12;104,494481962918
3355835;1;3;1; ; ; ; ; ; ; ; ; ; ; ; ;12;104,494481962918
3355835;1;4;1; ; ; ; ; ; ; ; ; ; ; ; ;12;104,494481962918
3355835;1;5;1; ; ; ; ; ; ; ; ; ; ; ; ;12;104,494481962918
3355835;1;6;1; ; ; ; ; ; ; ; ; ; ; ; ;12;104,494481962918
3355835;1;7;2;2;13; ;3;13; ;1;3;13; ;1; ;12;104,494481962918
3355836;1;1;1; ; ; ; ; ; ; ; ; ; ; ; ;12;116,71814850643
3355836;1;2;2;2;13; ;2; ; ;2;2; ; ;1; ;12;116,71814850643
3355836;1;3;1; ; ; ; ; ; ; ; ; ; ; ; ;12;116,71814850643
3355836;1;4;1; ; ; ; ; ; ; ; ; ; ; ; ;12;116,71814850643
3355836;1;5;1; ; ; ; ; ; ; ; ; ; ; ; ;12;116,71814850643
3355837;1;1;1; ; ; ; ; ; ; ; ; ; ; ; ;12;95,7499578196157
3355837;1;2;1; ; ; ; ; ; ; ; ; ; ; ; ;12;95,7499578196157
3355837;1;3;1; ; ; ; ; ; ; ; ; ; ; ; ;12;95,7499578196157
3355837;1;4;1; ; ; ; ; ; ; ; ; ; ; ; ;12;95,7499578196157
3355838;1;1;2;1; ; ;2; ; ;1;2; ; ;1; ;12;81,112592425631
3355838;1;2;1; ; ; ; ; ; ; ; ; ; ; ; ;12;81,112592425631
3355838;1;3;2;1; ; ;3;70; ;1;2; ; ;1; ;12;81,112592425631
3355842;1;1;2;2;70; ;2; ; ;1;3;11; ;1; ;12;93,0452322055335
3355842;1;2;2;1; ; ;1; ; ; ;3;11; ;1; ;12;93,0452322055335
3355844;1;1;2;2;13; ;3;13; ;1;2; ; ;1; ;12;100,713770998009
3355844;1;2;2;2;13; ;3;47; ;2;2; ; ;1; ;12;100,713770998009
3355844;1;3;2;2;13; ;1; ; ; ;2; ; ;1; ;12;100,713770998009
3355844;1;4;2;2;76; ;3;47; ;2;3;47; ;2;1;12;100,713770998009
3355845;1;1;2;2;70; ;2; ; ;1;2; ; ;1; ;12;116,040227205768
3355845;1;2;1; ; ; ; ; ; ; ; ; ; ; ; ;12;116,040227205768
3355845;1;3;1; ; ; ; ; ; ; ; ; ; ; ; ;12;116,040227205768
3355845;1;4;1; ; ; ; ; ; ; ; ; ; ; ; ;12;116,040227205768
3355845;1;5;1; ; ; ; ; ; ; ; ; ; ; ; ;12;116,040227205768
3355846;1;1;1; ; ; ; ; ; ; ; ; ; ; ; ;12;95,3025457878202
3355846;1;2;1; ; ; ; ; ; ; ; ; ; ; ; ;12;95,3025457878202
3355846;1;3;1; ; ; ; ; ; ; ; ; ; ; ; ;12;95,3025457878202
3355847;1;1;1; ; ; ; ; ; ; ; ; ; ; ; ;12;101,584139520619
3355847;1;2;1; ; ; ; ; ; ; ; ; ; ; ; ;12;101,584139520619
3355847;1;3;1; ; ; ; ; ; ; ; ; ; ; ; ;12;101,584139520619
3355848;1;1;1; ; ; ; ; ; ; ; ; ; ; ; ;12;116,040227205768
3355848;1;2;1; ; ; ; ; ; ; ; ; ; ; ; ;12;116,040227205768
3355848;1;3;1; ; ; ; ; ; ; ; ; ; ; ; ;12;116,040227205768
3355848;1;4;1; ; ; ; ; ; ; ; ; ; ; ; ;12;116,040227205768
3355848;1;5;1; ; ; ; ; ; ; ; ; ; ; ; ;12;116,040227205768
3355849;1;1;2;2;54; ;2; ; ;1;2; ; ;1; ;12;120,946629608733
3355849;1;2;1; ; ; ; ; ; ; ; ; ; ; ; ;12;120,946629608733
3355849;1;3;1; ; ; ; ; ; ; ; ; ; ; ; ;12;120,946629608733
3355850;1;1;1; ; ; ; ; ; ; ; ; ; ; ; ;12;107,81415338286
3355850;1;2;1; ; ; ; ; ; ; ; ; ; ; ; ;12;107,81415338286
3355850;1;3;1; ; ; ; ; ; ; ; ; ; ; ; ;12;107,81415338286
3355850;1;4;1; ; ; ; ; ; ; ; ; ; ; ; ;12;107,81415338286
3355850;1;5;1; ; ; ; ; ; ; ; ; ; ; ; ;12;107,81415338286
3355850;1;6;1; ; ; ; ; ; ; ; ; ; ; ; ;12;107,81415338286
3355850;1;7;1; ; ; ; ; ; ; ; ; ; ; ; ;12;107,81415338286
3355851;1;1;1; ; ; ; ; ; ; ; ; ; ; ; ;12;107,366626357875
3355851;1;2;1; ; ; ; ; ; ; ; ; ; ; ; ;12;107,366626357875
3355851;1;3;1; ; ; ; ; ; ; ; ; ; ; ; ;12;107,366626357875
3355851;1;4;1; ; ; ; ; ; ; ; ; ; ; ; ;12;107,366626357875
3355852;1;1;1; ; ; ; ; ; ; ; ; ; ; ; ;12;96,6260422539068
3355852;1;2;2;2;13; ;2; ; ;1;2; ; ;1; ;12;96,6260422539068
3355852;1;3;1; ; ; ; ; ; ; ; ; ; ; ; ;12;96,6260422539068
3355852;1;4;1; ; ; ; ; ; ; ; ; ; ; ; ;12;96,6260422539068
3355852;1;5;1; ; ; ; ; ; ; ; ; ; ; ; ;12;96,6260422539068
3355852;1;6;1; ; ; ; ; ; ; ; ; ; ; ; ;12;96,6260422539068
3355852;1;7;1; ; ; ; ; ; ; ; ; ; ; ; ;12;96,6260422539068
3355853;1;1;2;2;70; ;2; ; ;1;3;11; ;1; ;12;115,59225091868
3355853;1;2;2;2;13; ;2; ; ;1;2; ; ;1; ;12;115,59225091868
3355853;1;3;1; ; ; ; ; ; ; ; ; ; ; ; ;12;115,59225091868
3355853;1;4;1; ; ; ; ; ; ; ; ; ; ; ; ;12;115,59225091868
3355853;1;5;1; ; ; ; ; ; ; ; ; ; ; ; ;12;115,59225091868
3355853;1;6;1; ; ; ; ; ; ; ; ; ; ; ; ;12;115,59225091868
3355853;1;7;1; ; ; ; ; ; ; ; ; ; ; ; ;12;115,59225091868
3355853;1;8;2;2;70; ;2; ; ;1;2; ; ;1; ;12;115,59225091868
3355853;1;9;2;2;70; ;2; ; ;1;2; ; ;1; ;12;115,59225091868
3355853;1;10;2;1; ; ;2; ; ;1;2; ; ;1; ;12;115,59225091868
3355853;1;11;1; ; ; ; ; ; ; ; ; ; ; ; ;12;115,59225091868
3355854;1;1;2;2;70; ;2; ; ;1;2; ; ;1; ;12;96,1729143104303
3355854;1;2;1; ; ; ; ; ; ; ; ; ; ; ; ;12;96,1729143104303
3355855;1;1;1; ; ; ; ; ; ; ; ; ; ; ; ;12;106,010289650531
3355855;1;2;1; ; ; ; ; ; ; ; ; ; ; ; ;12;106,010289650531
3355855;1;3;1; ; ; ; ; ; ; ; ; ; ; ; ;12;106,010289650531
3355859;1;1;2;2;70; ;2; ; ;1;2; ; ;1; ;12;126,631274580565
3355859;1;2;2;1; ; ;3;11; ;1;2; ; ;1; ;12;126,631274580565
3355859;1;3;2;1; ; ;3;13; ;1;3;13; ;1; ;12;126,631274580565
3355859;1;4;1; ; ; ; ; ; ; ; ; ; ; ; ;12;126,631274580565
3355860;1;1;2;2;25; ;2; ; ;1;2; ; ;1; ;12;276,20071159323
3355860;1;2;2;2;11; ;2; ; ;1;2; ; ;1; ;12;276,20071159323
3355860;2;1;2;2;73; ;3;73; ;1;2; ; ;1; ;12;276,20071159323
3355861;1;1;2;1; ; ;2; ; ;1;3;13; ;1; ;12;77,7811959744953
3355861;1;2;2;1; ; ;1; ; ; ;3;13; ;1; ;12;77,7811959744953
3355861;1;3;1; ; ; ; ; ; ; ; ; ; ; ; ;12;77,7811959744953
3355861;1;4;1; ; ; ; ; ; ; ; ; ; ; ; ;12;77,7811959744953
3355861;1;5;2;2;41; ;2; ; ;1;2; ; ;1; ;12;77,7811959744953
3355861;1;6;2;2;41; ;2; ; ;1;2; ; ;1; ;12;77,7811959744953
3355862;1;1;1; ; ; ; ; ; ; ; ; ; ; ; ;12;195,775165163737
3355863;1;1;2;2;41; ;2; ; ;1;2; ; ;1; ;12;77,7811959744953
3355863;1;2;1; ; ; ; ; ; ; ; ; ; ; ; ;12;77,7811959744953
3355863;1;3;1; ; ; ; ; ; ; ; ; ; ; ; ;12;77,7811959744953
3355863;1;4;1; ; ; ; ; ; ; ; ; ; ; ; ;12;77,7811959744953
3355863;1;5;1; ; ; ; ; ; ; ; ; ; ; ; ;12;77,7811959744953
3355864;1;1;2;1; ; ;3;18; ;1;2; ; ;1; ;12;179,738334456817
3355864;1;2;2;2;18; ;3;18; ;1;2; ; ;1; ;12;179,738334456817
3355864;1;3;1; ; ; ; ; ; ; ; ; ; ; ; ;12;179,738334456817
3355864;1;4;2;2;41; ;3;18; ;2;2; ; ;1; ;12;179,738334456817
3355865;1;1;1; ; ; ; ; ; ; ; ; ; ; ; ;12;195,775165163737
3355866;1;1;1; ; ; ; ; ; ; ; ; ; ; ; ;12;213,560705161761
3355866;1;2;1; ; ; ; ; ; ; ; ; ; ; ; ;12;213,560705161761
3355866;1;3;1; ; ; ; ; ; ; ; ; ; ; ; ;12;213,560705161761
3355866;1;4;1; ; ; ; ; ; ; ; ; ; ; ; ;12;213,560705161761
3355866;1;5;1; ; ; ; ; ; ; ; ; ; ; ; ;12;213,560705161761
3355870;1;1;2;2;41; ;2; ; ;1;2; ; ;1; ;12;136,311769124553
3355870;1;2;2;2;41; ;2; ; ;1;2; ; ;1; ;12;136,311769124553
3355870;1;3;1; ; ; ; ; ; ; ; ; ; ; ; ;12;136,311769124553
3355870;1;4;1; ; ; ; ; ; ; ; ; ; ; ; ;12;136,311769124553
3355870;1;5;2;1; ; ;3;50; ;1;2; ; ;1; ;12;136,311769124553
3355870;1;6;1; ; ; ; ; ; ; ; ; ; ; ; ;12;136,311769124553
3355870;1;7;1; ; ; ; ; ; ; ; ; ; ; ; ;12;136,311769124553
3355870;1;8;1; ; ; ; ; ; ; ; ; ; ; ; ;12;136,311769124553
3355870;1;9;2;1; ; ;3;11; ;1;2; ; ;1; ;12;136,311769124553
3355870;1;10;2;2;11; ;1; ; ; ;2; ; ;1; ;12;136,311769124553
3355870;2;1;2;2;41; ;2; ; ;1;2; ; ;1; ;12;136,311769124553
3355871;1;1;2;2;41; ;3;11; ;1;4; ;5; ;1;12;181,884473514923
3355871;1;2;2;1; ; ;4; ;3; ;4; ;5; ;1;12;181,884473514923
3355872;1;1;1; ; ; ; ; ; ; ; ; ; ; ; ;12;213,560705161761
3355872;1;2;1; ; ; ; ; ; ; ; ; ; ; ; ;12;213,560705161761
3355872;1;3;1; ; ; ; ; ; ; ; ; ; ; ; ;12;213,560705161761
3355872;1;4;1; ; ; ; ; ; ; ; ; ; ; ; ;12;213,560705161761
3355872;1;5;1; ; ; ; ; ; ; ; ; ; ; ; ;12;213,560705161761
3355873;1;1;2;2;25; ;3;25; ;2;2; ; ;1; ;12;202,285683208646
3355873;1;2;2;2;11; ;3;11; ;2;2; ; ;1; ;12;202,285683208646
3355873;1;3;2;2;11; ;3;11; ;2;2; ; ;1; ;12;202,285683208646
3355873;1;4;2;2;11; ;3;11; ;2;2; ; ;1; ;12;202,285683208646
3355873;1;5;2;2;11; ;1; ; ; ;2; ; ;1; ;12;202,285683208646
3355874;1;1;2;2;41; ;2; ; ;2;2; ; ;1; ;12;132,489469076325
3355874;1;2;1; ; ; ; ; ; ; ; ; ; ; ; ;12;132,489469076325
3355874;1;3;1; ; ; ; ; ; ; ; ; ; ; ; ;12;132,489469076325
3355875;1;1;2;2;41; ;2; ; ;1;2; ; ;1; ;12;164,894850790523
3355875;1;2;2;2;41; ;2; ; ;1;2; ; ;1; ;12;164,894850790523
3355875;1;3;1; ; ; ; ; ; ; ; ; ; ; ; ;12;164,894850790523
3355875;1;4;1; ; ; ; ; ; ; ; ; ; ; ; ;12;164,894850790523
3355875;1;5;2;2;41; ;2; ; ;1;2; ; ;1; ;12;164,894850790523
3355876;1;1;2;2;41; ;2; ; ;1;2; ; ;1; ;12;158,519057142532
3355876;1;2;2;2;41; ;2; ; ;1;2; ; ;1; ;12;158,519057142532
3355876;1;3;1; ; ; ; ; ; ; ; ; ; ; ; ;12;158,519057142532
3355876;1;4;2;2;41; ;2; ; ;1;2; ; ;1; ;12;158,519057142532
3355877;1;1;2;2;73; ;2; ; ;1;2; ; ;1; ;12;251,492614921483
3355877;1;2;1; ; ; ; ; ; ; ; ; ; ; ; ;12;251,492614921483
3355877;1;3;1; ; ; ; ; ; ; ; ; ; ; ; ;12;251,492614921483
3355877;1;4;2;2;11; ;3;41; ;1;3;41; ;1; ;12;251,492614921483
3355877;1;5;1; ; ; ; ; ; ; ; ; ; ; ; ;12;251,492614921483
3355878;1;1;2;2;70; ;2; ; ;1;2; ; ;1; ;12;99,9191282179938
3355878;1;2;2;2;70; ;2; ; ;1;2; ; ;1; ;12;99,9191282179938
3355878;1;3;1; ; ; ; ; ; ; ; ; ; ; ; ;12;99,9191282179938
3355878;1;4;1; ; ; ; ; ; ; ; ; ; ; ; ;12;99,9191282179938
3355879;1;1;1; ; ; ; ; ; ; ; ; ; ; ; ;12;126,047963795808
3355879;1;2;2;2;23; ;2; ; ;1;2; ; ;1; ;12;126,047963795808
3355879;1;3;1; ; ; ; ; ; ; ; ; ; ; ; ;12;126,047963795808
3355879;1;4;1; ; ; ; ; ; ; ; ; ; ; ; ;12;126,047963795808
3355879;1;5;1; ; ; ; ; ; ; ; ; ; ; ; ;12;126,047963795808
3355880;1;1;1; ; ; ; ; ; ; ; ; ; ; ; ;12;70,7842894053854
3355880;1;2;2;2;13; ;2; ; ;1;2; ; ;1; ;12;70,7842894053854
3355880;1;3;1; ; ; ; ; ; ; ; ; ; ; ; ;12;70,7842894053854
3355880;1;4;1; ; ; ; ; ; ; ; ; ; ; ; ;12;70,7842894053854
3355880;1;5;1; ; ; ; ; ; ; ; ; ; ; ; ;12;70,7842894053854
3355882;1;1;1; ; ; ; ; ; ; ; ; ; ; ; ;12;130,515901428177
3355882;1;2;2;2;70; ;2; ; ;1;2; ; ;1; ;12;130,515901428177
3355882;1;3;1; ; ; ; ; ; ; ; ; ; ; ; ;12;130,515901428177
3355882;1;4;1; ; ; ; ; ; ; ; ; ; ; ; ;12;130,515901428177
3355882;1;5;1; ; ; ; ; ; ; ; ; ; ; ; ;12;130,515901428177
3355883;1;1;2;2;70; ;2; ; ;1;2; ; ;1; ;12;95,3025457878202
3355883;1;2;1; ; ; ; ; ; ; ; ; ; ; ; ;12;95,3025457878202
3355883;1;3;2;2;13; ;2; ; ;1;2; ; ;1; ;12;95,3025457878202
3355884;1;1;2;2;70; ;2; ; ;1;2; ; ;1; ;12;82,6115595323685
3355884;1;2;2;2;70; ;2; ; ;1;2; ; ;1; ;12;82,6115595323685
3355884;1;3;1; ; ; ; ; ; ; ; ; ; ; ; ;12;82,6115595323685
3355884;1;4;1; ; ; ; ; ; ; ; ; ; ; ; ;12;82,6115595323685
3355884;1;5;2;2;70; ;2; ; ;1;2; ; ;1; ;12;82,6115595323685
3355885;1;1;1; ; ; ; ; ; ; ; ; ; ; ; ;12;126,300559036683
3355885;1;2;1; ; ; ; ; ; ; ; ; ; ; ; ;12;126,300559036683
3355885;1;3;1; ; ; ; ; ; ; ; ; ; ; ; ;12;126,300559036683
3355885;1;4;1; ; ; ; ; ; ; ; ; ; ; ; ;12;126,300559036683
3355886;1;1;1; ; ; ; ; ; ; ; ; ; ; ; ;12;85,2914628550724
3355886;1;2;1; ; ; ; ; ; ; ; ; ; ; ; ;12;85,2914628550724
3355887;1;1;1; ; ; ; ; ; ; ; ; ; ; ; ;12;110,686297777818
3355887;1;2;1; ; ; ; ; ; ; ; ; ; ; ; ;12;110,686297777818
3355887;1;3;1; ; ; ; ; ; ; ; ; ; ; ; ;12;110,686297777818
3355887;1;4;1; ; ; ; ; ; ; ; ; ; ; ; ;12;110,686297777818
3355888;1;1;1; ; ; ; ; ; ; ; ; ; ; ; ;12;101,192193404854
3355888;1;2;2;2;70; ;2; ; ;1;2; ; ;1; ;12;101,192193404854
3355889;1;1;2;2;13; ;2; ; ;1;2; ; ;1; ;12;106,222703834875
3355889;1;2;1; ; ; ; ; ; ; ; ; ; ; ; ;12;106,222703834875
3355889;1;3;1; ; ; ; ; ; ; ; ; ; ; ; ;12;106,222703834875
3355890;1;1;1; ; ; ; ; ; ; ; ; ; ; ; ;12;136,064958309824
3355890;1;2;1; ; ; ; ; ; ; ; ; ; ; ; ;12;136,064958309824
3355890;1;3;1; ; ; ; ; ; ; ; ; ; ; ; ;12;136,064958309824
3355891;1;1;1; ; ; ; ; ; ; ; ; ; ; ; ;12;91,4123575965573
3355891;1;2;1; ; ; ; ; ; ; ; ; ; ; ; ;12;91,4123575965573
3355891;1;3;1; ; ; ; ; ; ; ; ; ; ; ; ;12;91,4123575965573
3355893;1;1;2;2;23; ;2; ; ;1;2; ; ;1; ;12;100,425965946903
3355893;1;2;1; ; ; ; ; ; ; ; ; ; ; ; ;12;100,425965946903
3355893;1;3;1; ; ; ; ; ; ; ; ; ; ; ; ;12;100,425965946903
3355893;1;4;1; ; ; ; ; ; ; ; ; ; ; ; ;12;100,425965946903
3355893;1;5;1; ; ; ; ; ; ; ; ; ; ; ; ;12;100,425965946903
3355894;1;1;2;2;23; ;2; ; ;1;2; ; ;1; ;12;94,8738733853247
3355895;1;1;2;2;70; ;2; ; ;1;2; ; ;1; ;12;99,0773346913537
3355895;1;2;2;2;70; ;2; ; ;1;2; ; ;1; ;12;99,0773346913537
3355895;1;3;2;2;70; ;2; ; ;1;2; ; ;1; ;12;99,0773346913537
3355896;1;1;2;2;23; ;3;23; ;1;2; ; ;1; ;12;107,097790922448
3355896;1;2;1; ; ; ; ; ; ; ; ; ; ; ; ;12;107,097790922448
3355896;1;3;2;2;23; ;2; ; ;1;2; ; ;1; ;12;107,097790922448
3355896;1;4;2;2;23; ;2; ; ;1;2; ; ;1; ;12;107,097790922448
3355896;1;5;2;2;70; ;2; ; ;1;2; ; ;1; ;12;107,097790922448
3355896;1;6;2;2;23; ;2; ; ;1;2; ; ;1; ;12;107,097790922448
3355896;1;7;2;2;23; ;2; ; ;1;2; ; ;1; ;12;107,097790922448
3355896;1;8;2;2;05; ;3;23; ;1;2; ; ;1; ;12;107,097790922448
3355897;1;1;2;2;70; ;2; ; ;1;2; ; ;1; ;12;109,842489329493
3355897;1;2;1; ; ; ; ; ; ; ; ; ; ; ; ;12;109,842489329493
3355897;1;3;1; ; ; ; ; ; ; ; ; ; ; ; ;12;109,842489329493
3355897;1;4;1; ; ; ; ; ; ; ; ; ; ; ; ;12;109,842489329493
3355897;1;5;1; ; ; ; ; ; ; ; ; ; ; ; ;12;109,842489329493
3355898;1;1;2;2;70; ;2; ; ;1;2; ; ;1; ;12;101,5898554323
3355898;1;2;1; ; ; ; ; ; ; ; ; ; ; ; ;12;101,5898554323
3355898;1;3;1; ; ; ; ; ; ; ; ; ; ; ; ;12;101,5898554323
3355898;2;1;1; ; ; ; ; ; ; ; ; ; ; ; ;12;101,5898554323
3355898;2;2;1; ; ; ; ; ; ; ; ; ; ; ; ;12;101,5898554323
3355898;2;3;1; ; ; ; ; ; ; ; ; ; ; ; ;12;101,5898554323
3355898;2;4;1; ; ; ; ; ; ; ; ; ; ; ; ;12;101,5898554323
3355899;1;1;1; ; ; ; ; ; ; ; ; ; ; ; ;12;90,8189848824803
3355900;1;1;1; ; ; ; ; ; ; ; ; ; ; ; ;12;86,4231211984208
3355900;1;2;1; ; ; ; ; ; ; ; ; ; ; ; ;12;86,4231211984208
3355900;1;3;1; ; ; ; ; ; ; ; ; ; ; ; ;12;86,4231211984208
3355900;1;4;1; ; ; ; ; ; ; ; ; ; ; ; ;12;86,4231211984208
3355900;1;5;1; ; ; ; ; ; ; ; ; ; ; ; ;12;86,4231211984208
3355900;1;6;1; ; ; ; ; ; ; ; ; ; ; ; ;12;86,4231211984208
3355900;1;7;1; ; ; ; ; ; ; ; ; ; ; ; ;12;86,4231211984208
3355900;1;8;1; ; ; ; ; ; ; ; ; ; ; ; ;12;86,4231211984208
3355900;1;9;1; ; ; ; ; ; ; ; ; ; ; ; ;12;86,4231211984208
3355900;1;10;1; ; ; ; ; ; ; ; ; ; ; ; ;12;86,4231211984208
3355901;1;1;2;2;13; ;2; ; ;1;2; ; ;1; ;12;105,364644335834
3355901;1;2;2;2;70; ;2; ; ;1;2; ; ;1; ;12;105,364644335834
3355901;1;3;1; ; ; ; ; ; ; ; ; ; ; ; ;12;105,364644335834
3355901;1;4;2;2;13; ;2; ; ;1;2; ; ;1; ;12;105,364644335834
3355901;1;5;1; ; ; ; ; ; ; ; ; ; ; ; ;12;105,364644335834
3355901;1;6;1; ; ; ; ; ; ; ; ; ; ; ; ;12;105,364644335834
3355901;1;7;2;2;13; ;2; ; ;1;2; ; ;1; ;12;105,364644335834
3355902;1;1;1; ; ; ; ; ; ; ; ; ; ; ; ;12;189,534095912664
3355902;1;2;1; ; ; ; ; ; ; ; ; ; ; ; ;12;189,534095912664
3355902;1;3;1; ; ; ; ; ; ; ; ; ; ; ; ;12;189,534095912664
3355903;1;1;2;2;41; ;2; ; ;1;2; ; ;1; ;12;165,304805075995
3355903;1;2;1; ; ; ; ; ; ; ; ; ; ; ; ;12;165,304805075995
3355903;1;3;1; ; ; ; ; ; ; ; ; ; ; ; ;12;165,304805075995
3355904;1;1;1; ; ; ; ; ; ; ; ; ; ; ; ;12;155,152437663519
3355904;1;2;1; ; ; ; ; ; ; ; ; ; ; ; ;12;155,152437663519
3355905;1;1;1; ; ; ; ; ; ; ; ; ; ; ; ;12;77,7811959744953
3355905;1;2;2;2;05; ;2; ; ;1;2; ; ;1; ;12;77,7811959744953
3355905;1;3;1; ; ; ; ; ; ; ; ; ; ; ; ;12;77,7811959744953
3355905;1;4;1; ; ; ; ; ; ; ; ; ; ; ; ;12;77,7811959744953
3355905;1;5;1; ; ; ; ; ; ; ; ; ; ; ; ;12;77,7811959744953
3355905;1;6;1; ; ; ; ; ; ; ; ; ; ; ; ;12;77,7811959744953
3355906;1;1;2;2;41; ;3;41; ;2;2; ; ;1; ;12;152,570481391184
3355906;1;2;2;2;18; ;3;41; ;2;2; ; ;1; ;12;152,570481391184
3355906;1;3;2;2;41; ;3;41; ;2;2; ; ;1; ;12;152,570481391184
3355906;1;4;2;2;41; ;2; ; ;2;2; ; ;1; ;12;152,570481391184
3355906;1;5;2;2;41; ;2; ; ;1;2; ; ;1; ;12;152,570481391184
3355906;1;6;2;1; ; ;3;41; ;2;2; ; ;1; ;12;152,570481391184
3355906;1;7;1; ; ; ; ; ; ; ; ; ; ; ; ;12;152,570481391184
3355907;1;1;1; ; ; ; ; ; ; ; ; ; ; ; ;12;108,409511498384
3355907;1;2;1; ; ; ; ; ; ; ; ; ; ; ; ;12;108,409511498384
3355907;1;3;1; ; ; ; ; ; ; ; ; ; ; ; ;12;108,409511498384
3355907;1;4;1; ; ; ; ; ; ; ; ; ; ; ; ;12;108,409511498384
3355907;1;5;2;2;41; ;3;41; ;2;2; ; ;1; ;12;108,409511498384
3355908;1;1;2;2;41; ;2; ; ;1;2; ; ;1; ;12;114,939664448773
3355909;1;1;2;2;41; ;2; ; ;1;2; ; ;1; ;12;164,691274843999
3355909;1;2;1; ; ; ; ; ; ; ; ; ; ; ; ;12;164,691274843999
3355910;1;1;2;2;41; ;3;41; ;2;2; ; ;1; ;12;141,671700300177
3355911;1;1;2;2;41; ;2; ; ;1;2; ; ;1; ;12;207,18491151377
3355911;1;2;2;2;41; ;2; ; ;1;2; ; ;1; ;12;207,18491151377
3355911;1;3;1; ; ; ; ; ; ; ; ; ; ; ; ;12;207,18491151377
3355911;1;4;1; ; ; ; ; ; ; ; ; ; ; ; ;12;207,18491151377
3355912;1;1;2;2;41; ;2; ; ;1;2; ; ;1; ;12;114,939664448773
3355913;1;1;1; ; ; ; ; ; ; ; ; ; ; ; ;12;155,152437663519
3355913;1;2;1; ; ; ; ; ; ; ; ; ; ; ; ;12;155,152437663519
3355914;1;1;2;1; ; ;4; ;11; ;2; ; ;1; ;12;214,699809514593
3355914;1;2;2;2;73; ;3;11; ;1;2; ; ;1; ;12;214,699809514593
3355915;1;1;1; ; ; ; ; ; ; ; ; ; ; ; ;12;195,775165163737
3355916;1;1;2;2;41; ;2; ; ;1;2; ; ;1; ;12;221,075603162584
3355916;1;2;1; ; ; ; ; ; ; ; ; ; ; ; ;12;221,075603162584
3355916;1;3;1; ; ; ; ; ; ; ; ; ; ; ; ;12;221,075603162584
3355917;1;1;2;2;18; ;3;50; ;1;2; ; ;1; ;12;195,909889560655
3355917;1;2;2;2;41; ;2; ; ;1;2; ; ;1; ;12;195,909889560655
3355917;1;3;1; ; ; ; ; ; ; ; ; ; ; ; ;12;195,909889560655
3355917;1;4;1; ; ; ; ; ; ; ; ; ; ; ; ;12;195,909889560655
3355921;1;1;2;2;18; ;2; ; ;1;2; ; ;1; ;12;189,534095912664
3355921;1;2;1; ; ; ; ; ; ; ; ; ; ; ; ;12;189,534095912664
3355921;1;3;1; ; ; ; ; ; ; ; ; ; ; ; ;12;189,534095912664
3355922;1;1;2;2;41; ;2; ; ;1;2; ; ;1; ;12;165,304805075995
3355922;1;2;1; ; ; ; ; ; ; ; ; ; ; ; ;12;165,304805075995
3355922;1;3;1; ; ; ; ; ; ; ; ; ; ; ; ;12;165,304805075995
3355923;1;1;2;2;18; ;3;73; ;2;2; ; ;1; ;12;107,795885855803
3355923;1;2;2;2;73; ;3;73; ;1;2; ; ;1; ;12;107,795885855803
3355923;1;3;2;2;73; ;3;73; ;1;2; ; ;1; ;12;107,795885855803
3355923;1;4;2;2;73; ;3;73; ;1;2; ; ;1; ;12;107,795885855803
3355923;1;5;2;2;73; ;3;73; ;1;3;73; ;1; ;12;107,795885855803
3355923;1;6;2;2;73; ;3;73; ;1;3;73; ;1; ;12;107,795885855803
3355923;1;7;2;2;73; ;3;73; ;1;3;73; ;1; ;12;107,795885855803
3355923;1;8;2;2;73; ;1; ; ; ;3;73; ;1; ;12;107,795885855803
3355924;1;1;1; ; ; ; ; ; ; ; ; ; ; ; ;12;77,7811959744953
3355924;1;2;1; ; ; ; ; ; ; ; ; ; ; ; ;12;77,7811959744953
3355924;1;3;1; ; ; ; ; ; ; ; ; ; ; ; ;12;77,7811959744953
3355924;1;4;1; ; ; ; ; ; ; ; ; ; ; ; ;12;77,7811959744953
3355925;1;1;2;2;18; ;2; ; ;1;2; ; ;1; ;12;105,143902992926
3355925;1;2;2;2;41; ;2; ; ;1;2; ; ;1; ;12;105,143902992926
3355926;1;1;1; ; ; ; ; ; ; ; ; ; ; ; ;12;180,351864688812
3355926;1;2;1; ; ; ; ; ; ; ; ; ; ; ; ;12;180,351864688812
3355926;1;3;1; ; ; ; ; ; ; ; ; ; ; ; ;12;180,351864688812
3355926;1;4;1; ; ; ; ; ; ; ; ; ; ; ; ;12;180,351864688812
3355926;1;5;1; ; ; ; ; ; ; ; ; ; ; ; ;12;180,351864688812
3355927;1;1;1; ; ; ; ; ; ; ; ; ; ; ; ;12;205,517578290741
3355927;1;2;1; ; ; ; ; ; ; ; ; ; ; ; ;12;205,517578290741
3355927;1;3;1; ; ; ; ; ; ; ; ; ; ; ; ;12;205,517578290741
3355927;1;4;1; ; ; ; ; ; ; ; ; ; ; ; ;12;205,517578290741
3355928;1;1;2;2;73; ;2; ; ;1;2; ; ;1; ;12;101,048972799959
3355928;1;2;1; ; ; ; ; ; ; ; ; ; ; ; ;12;101,048972799959
3355929;1;1;1; ; ; ; ; ; ; ; ; ; ; ; ;12;118,205272954231
3355929;1;2;1; ; ; ; ; ; ; ; ; ; ; ; ;12;118,205272954231
3355929;1;3;1; ; ; ; ; ; ; ; ; ; ; ; ;12;118,205272954231
3355929;1;4;1; ; ; ; ; ; ; ; ; ; ; ; ;12;118,205272954231
3355930;1;1;1; ; ; ; ; ; ; ; ; ; ; ; ;12;145,766630493143
3355931;1;1;1; ; ; ; ; ; ; ; ; ; ; ; ;12;174,487036299847
3355933;1;1;2;2;25; ;2; ; ;1;2; ; ;1; ;12;91,2532113441115
3355933;1;2;2;2;41; ;2; ; ;1;2; ; ;1; ;12;91,2532113441115
3355933;1;3;1; ; ; ; ; ; ; ; ; ; ; ; ;12;91,2532113441115
3355936;1;1;2;2;63; ;2; ; ;1;2; ; ;1; ;12;209,938000760788
3355936;1;2;2;2;76; ;2; ; ;1;2; ; ;1; ;12;209,938000760788
3355936;1;3;1; ; ; ; ; ; ; ; ; ; ; ; ;12;209,938000760788
3355936;1;4;2;2;81; ;2; ; ;1;2; ; ;1; ;12;209,938000760788
3355936;1;5;1; ; ; ; ; ; ; ; ; ; ; ; ;12;209,938000760788
3355938;1;1;1; ; ; ; ; ; ; ; ; ; ; ; ;12;155,051426689965
3355938;1;2;2;2;76; ;2; ; ;1;2; ; ;1; ;12;155,051426689965
3355938;1;3;1; ; ; ; ; ; ; ; ; ; ; ; ;12;155,051426689965
3355939;1;1;2;2;73; ;2; ; ;1;2; ; ;1; ;12;105,143902992926
3355939;1;2;2;2;73; ;2; ; ;1;2; ; ;1; ;12;105,143902992926
3355940;1;1;1; ; ; ; ; ; ; ; ; ; ; ; ;12;241,021891080526
3355940;1;2;1; ; ; ; ; ; ; ; ; ; ; ; ;12;241,021891080526
3355940;1;3;1; ; ; ; ; ; ; ; ; ; ; ; ;12;241,021891080526
3355940;1;4;1; ; ; ; ; ; ; ; ; ; ; ; ;12;241,021891080526
3355941;1;1;2;2;41; ;2; ; ;1;2; ; ;1; ;12;149,321322697917
3355941;1;2;1; ; ; ; ; ; ; ; ; ; ; ; ;12;149,321322697917
3355942;1;1;2;2;41; ;3;76; ;2;2; ; ;1; ;12;168,025734899064
3355942;1;2;2;2;11; ;3;76; ;2;2; ; ;1; ;12;168,025734899064
3355942;1;3;2;2;11; ;3;76; ;2;2; ; ;1; ;12;168,025734899064
3355942;1;4;2;2;11; ;3;76; ;2;2; ; ;1; ;12;168,025734899064
3355942;1;5;2;2;11; ;3;76; ;2;2; ; ;1; ;12;168,025734899064
3355943;1;1;2;2;41; ;2; ; ;1;2; ; ;1; ;12;180,862829947838
3355943;1;2;1; ; ; ; ; ; ; ; ; ; ; ; ;12;180,862829947838
3355944;1;1;2;2;44; ;2; ; ;1;2; ; ;1; ;12;201,051127827792
3355944;1;2;2;2;47; ;2; ; ;1;2; ; ;1; ;12;201,051127827792
3355944;1;3;1; ; ; ; ; ; ; ; ; ; ; ; ;12;201,051127827792
3355944;1;4;1; ; ; ; ; ; ; ; ; ; ; ; ;12;201,051127827792
3355944;1;5;2;2;13; ;2; ; ;1;2; ; ;2;3;12;201,051127827792
3355944;1;6;1; ; ; ; ; ; ; ; ; ; ; ; ;12;201,051127827792
3355944;1;7;1; ; ; ; ; ; ; ; ; ; ; ; ;12;201,051127827792
3355944;1;8;1; ; ; ; ; ; ; ; ; ; ; ; ;12;201,051127827792
3355945;1;1;2;2;13; ;2; ; ;1;2; ; ;1; ;12;75,5189904233419
3355945;1;2;2;2;47; ;2; ; ;1;2; ; ;1; ;12;75,5189904233419
3355945;1;3;1; ; ; ; ; ; ; ; ; ; ; ; ;12;75,5189904233419
3355945;1;4;1; ; ; ; ; ; ; ; ; ; ; ; ;12;75,5189904233419
3355945;1;5;1; ; ; ; ; ; ; ; ; ; ; ; ;12;75,5189904233419
3355945;1;6;2;2;47; ;3;47; ;1;2; ; ;1; ;12;75,5189904233419
3355945;1;7;2;2;47; ;3;47; ;1;2; ; ;1; ;12;75,5189904233419
3355946;1;1;2;2;20; ;2; ; ;1;2; ; ;1; ;12;169,011360857829
3355946;1;2;2;2;23; ;2; ; ;1;2; ; ;1; ;12;169,011360857829
3355946;1;3;1; ; ; ; ; ; ; ; ; ; ; ; ;12;169,011360857829
3355946;1;4;1; ; ; ; ; ; ; ; ; ; ; ; ;12;169,011360857829
3355946;1;5;1; ; ; ; ; ; ; ; ; ; ; ; ;12;169,011360857829
3355946;1;6;2;2;47; ;2; ; ;1;2; ; ;1; ;12;169,011360857829
3355947;1;1;2;2;44; ;2; ; ;1;2; ; ;1; ;12;139,149695584579
3355947;1;2;2;2;44; ;2; ; ;1;2; ; ;1; ;12;139,149695584579
3355947;1;3;2;2;44; ;2; ; ;1;2; ; ;1; ;12;139,149695584579
3355948;1;1;2;2;47; ;3;47; ;1;2; ; ;1; ;12;127,373356177723
3355949;1;1;2;2;47; ;2; ; ;1;2; ; ;1; ;12;119,440832349953
3355949;1;2;1; ; ; ; ; ; ; ; ; ; ; ; ;12;119,440832349953
3355950;1;1;1; ; ; ; ; ; ; ; ; ; ; ; ;12;192,606728590151
3355950;1;2;1; ; ; ; ; ; ; ; ; ; ; ; ;12;192,606728590151
3355950;1;3;1; ; ; ; ; ; ; ; ; ; ; ; ;12;192,606728590151
3355950;1;4;1; ; ; ; ; ; ; ; ; ; ; ; ;12;192,606728590151
3355950;1;5;1; ; ; ; ; ; ; ; ; ; ; ; ;12;192,606728590151
3355950;1;6;1; ; ; ; ; ; ; ; ; ; ; ; ;12;192,606728590151
3355950;1;7;1; ; ; ; ; ; ; ; ; ; ; ; ;12;192,606728590151
3355950;1;8;1; ; ; ; ; ; ; ; ; ; ; ; ;12;192,606728590151
3355951;1;1;2;1; ; ;2; ; ;1;2; ; ;1; ;12;186,286329341105
3355951;1;2;2;2;11; ;2; ; ;1;2; ; ;1; ;12;186,286329341105
3355952;1;1;2;1; ; ;2; ; ;1;2; ; ;1; ;12;150,483674352817
3355952;1;2;1; ; ; ; ; ; ; ; ; ; ; ; ;12;150,483674352817
3355952;1;3;1; ; ; ; ; ; ; ; ; ; ; ; ;12;150,483674352817
3355953;1;1;1; ; ; ; ; ; ; ; ; ; ; ; ;12;98,6968783373745
3355953;1;2;1; ; ; ; ; ; ; ; ; ; ; ; ;12;98,6968783373745
3355953;1;3;1; ; ; ; ; ; ; ; ; ; ; ; ;12;98,6968783373745
3355953;1;4;1; ; ; ; ; ; ; ; ; ; ; ; ;12;98,6968783373745
3355954;1;1;2;2;23; ;3;54; ;1;2; ; ;1; ;12;132,784103891386
3355954;1;2;2;2;11; ;3;54; ;1;2; ; ;1; ;12;132,784103891386
3355954;1;3;2;2;44; ;3;54; ;1;2; ; ;1; ;12;132,784103891386
3355958;1;1;1; ; ; ; ; ; ; ; ; ; ; ; ;12;94,5487200668875
3355958;1;2;1; ; ; ; ; ; ; ; ; ; ; ; ;12;94,5487200668875
3355958;1;3;1; ; ; ; ; ; ; ; ; ; ; ; ;12;94,5487200668875
3355958;1;4;1; ; ; ; ; ; ; ; ; ; ; ; ;12;94,5487200668875
3355958;1;5;1; ; ; ; ; ; ; ; ; ; ; ; ;12;94,5487200668875
3355958;1;6;1; ; ; ; ; ; ; ; ; ; ; ; ;12;94,5487200668875
3355958;1;7;1; ; ; ; ; ; ; ; ; ; ; ; ;12;94,5487200668875
3355959;1;1;2;1; ; ;2; ; ;1;2; ; ;1; ;12;187,66606712358
3355959;1;2;2;2;08; ;2; ; ;1;2; ; ;1; ;12;187,66606712358
3355959;1;3;1; ; ; ; ; ; ; ; ; ; ; ; ;12;187,66606712358
3355959;1;4;1; ; ; ; ; ; ; ; ; ; ; ; ;12;187,66606712358
3355959;1;5;1; ; ; ; ; ; ; ; ; ; ; ; ;12;187,66606712358
3355960;1;1;1; ; ; ; ; ; ; ; ; ; ; ; ;12;137,968518854964
3355960;1;2;2;2;47; ;3;47; ;1;2; ; ;1; ;12;137,968518854964
3355960;1;3;1; ; ; ; ; ; ; ; ; ; ; ; ;12;137,968518854964
3355960;1;4;1; ; ; ; ; ; ; ; ; ; ; ; ;12;137,968518854964
3355960;1;5;2;2;47; ;3;47; ;1;2; ; ;1; ;12;137,968518854964
3355961;1;1;2;2;20; ;2; ; ;1;2; ; ;1; ;12;122,146206206784
3355961;1;2;1; ; ; ; ; ; ; ; ; ; ; ; ;12;122,146206206784
3355961;1;3;1; ; ; ; ; ; ; ; ; ; ; ; ;12;122,146206206784
3355962;1;1;2;2;68; ;2; ; ;1;2; ; ;1; ;12;91,5707011894353
3355962;1;2;1; ; ; ; ; ; ; ; ; ; ; ; ;12;91,5707011894353
3355963;1;1;1; ; ; ; ; ; ; ; ; ; ; ; ;12;147,432168641806
3355963;1;2;1; ; ; ; ; ; ; ; ; ; ; ; ;12;147,432168641806
3355963;1;3;1; ; ; ; ; ; ; ; ; ; ; ; ;12;147,432168641806
3355963;1;4;1; ; ; ; ; ; ; ; ; ; ; ; ;12;147,432168641806
3355963;1;5;1; ; ; ; ; ; ; ; ; ; ; ; ;12;147,432168641806
3355963;1;6;1; ; ; ; ; ; ; ; ; ; ; ; ;12;147,432168641806
3355964;1;1;2;2;20; ;2; ; ;1;2; ; ;1; ;12;217,572924840977
3355964;1;2;1; ; ; ; ; ; ; ; ; ; ; ; ;12;217,572924840977
3355965;1;1;2;2;54; ;2; ; ;1;2; ; ;1; ;12;91,5707011894353
3355965;1;2;2;2;20; ;2; ; ;1;2; ; ;1; ;12;91,5707011894353
3355966;1;1;1; ; ; ; ; ; ; ; ; ; ; ; ;12;175,638560235063
3355966;1;2;1; ; ; ; ; ; ; ; ; ; ; ; ;12;175,638560235063
3355966;1;3;1; ; ; ; ; ; ; ; ; ; ; ; ;12;175,638560235063
3355966;1;4;1; ; ; ; ; ; ; ; ; ; ; ; ;12;175,638560235063
3355967;1;1;1; ; ; ; ; ; ; ; ; ; ; ; ;12;161,365325534426
3355967;1;2;1; ; ; ; ; ; ; ; ; ; ; ; ;12;161,365325534426
3355968;1;1;2;1; ; ;2; ; ;1;2; ; ;1; ;12;190,717572834592
3355968;1;2;2;2;08; ;3;08; ;1;2; ; ;1; ;12;190,717572834592
3355969;1;1;1; ; ; ; ; ; ; ; ; ; ; ; ;12;132,314017644294
3355969;1;2;1; ; ; ; ; ; ; ; ; ; ; ; ;12;132,314017644294
3355969;1;3;1; ; ; ; ; ; ; ; ; ; ; ; ;12;132,314017644294
3355969;1;4;1; ; ; ; ; ; ; ; ; ; ; ; ;12;132,314017644294
3355975;1;1;2;2;47; ;2; ; ;1;2; ; ;1; ;12;159,169369650679
3355975;1;2;2;2;52; ;2; ; ;1;2; ; ;1; ;12;159,169369650679
3355975;1;3;1; ; ; ; ; ; ; ; ; ; ; ; ;12;159,169369650679
3355975;1;4;1; ; ; ; ; ; ; ; ; ; ; ; ;12;159,169369650679
3355976;1;1;2;2;47; ;2; ; ;1;2; ; ;1; ;12;110,47321774423
3355976;1;2;1; ; ; ; ; ; ; ; ; ; ; ; ;12;110,47321774423
3355976;1;3;1; ; ; ; ; ; ; ; ; ; ; ; ;12;110,47321774423
3355976;1;4;2;2;08; ;2; ; ;1;2; ; ;1; ;12;110,47321774423
3355976;1;5;1; ; ; ; ; ; ; ; ; ; ; ; ;12;110,47321774423
3355976;1;6;1; ; ; ; ; ; ; ; ; ; ; ; ;12;110,47321774423
3355977;1;1;1; ; ; ; ; ; ; ; ; ; ; ; ;12;178,343934091894
3355977;1;2;2;2;20; ;2; ; ;1;2; ; ;1; ;12;178,343934091894
3355977;1;3;1; ; ; ; ; ; ; ; ; ; ; ; ;12;178,343934091894
3355977;1;4;1; ; ; ; ; ; ; ; ; ; ; ; ;12;178,343934091894
3355977;1;5;1; ; ; ; ; ; ; ; ; ; ; ; ;12;178,343934091894
3355978;1;1;1; ; ; ; ; ; ; ; ; ; ; ; ;12;161,365325534426
3355978;1;2;1; ; ; ; ; ; ; ; ; ; ; ; ;12;161,365325534426
3355979;1;1;2;2;20; ;2; ; ;1;2; ; ;1; ;12;188,125713168293
3355979;1;2;1; ; ; ; ; ; ; ; ; ; ; ; ;12;188,125713168293
3355979;1;3;1; ; ; ; ; ; ; ; ; ; ; ; ;12;188,125713168293
3355979;1;4;1; ; ; ; ; ; ; ; ; ; ; ; ;12;188,125713168293
3355979;1;5;1; ; ; ; ; ; ; ; ; ; ; ; ;12;188,125713168293
3355980;1;1;1; ; ; ; ; ; ; ; ; ; ; ; ;12;75,0095724502578
3355980;1;2;1; ; ; ; ; ; ; ; ; ; ; ; ;12;75,0095724502578
3355980;1;3;1; ; ; ; ; ; ; ; ; ; ; ; ;12;75,0095724502578
3355980;1;4;1; ; ; ; ; ; ; ; ; ; ; ; ;12;75,0095724502578
3355981;1;1;1; ; ; ; ; ; ; ; ; ; ; ; ;12;185,816243094013
3355981;1;2;1; ; ; ; ; ; ; ; ; ; ; ; ;12;185,816243094013
3355981;1;3;1; ; ; ; ; ; ; ; ; ; ; ; ;12;185,816243094013
3355982;1;1;1; ; ; ; ; ; ; ; ; ; ; ; ;12;159,420537132341
3355982;1;2;1; ; ; ; ; ; ; ; ; ; ; ; ;12;159,420537132341
3355982;1;3;1; ; ; ; ; ; ; ; ; ; ; ; ;12;159,420537132341
3355983;1;1;1; ; ; ; ; ; ; ; ; ; ; ; ;12;180,519009570883
3355983;1;2;2;2;20; ;2; ; ;1;2; ; ;1; ;12;180,519009570883
3355983;1;3;1; ; ; ; ; ; ; ; ; ; ; ; ;12;180,519009570883
3355983;1;4;1; ; ; ; ; ; ; ; ; ; ; ; ;12;180,519009570883
3355983;1;5;1; ; ; ; ; ; ; ; ; ; ; ; ;12;180,519009570883
3355984;1;1;1; ; ; ; ; ; ; ; ; ; ; ; ;12;148,783208228678
3355984;1;2;1; ; ; ; ; ; ; ; ; ; ; ; ;12;148,783208228678
3355984;1;3;1; ; ; ; ; ; ; ; ; ; ; ; ;12;148,783208228678
3355984;1;4;1; ; ; ; ; ; ; ; ; ; ; ; ;12;148,783208228678
3355985;1;1;1; ; ; ; ; ; ; ; ; ; ; ; ;12;200,559564041741
3355985;1;2;1; ; ; ; ; ; ; ; ; ; ; ; ;12;200,559564041741
3355985;1;3;1; ; ; ; ; ; ; ; ; ; ; ; ;12;200,559564041741
3355985;1;4;1; ; ; ; ; ; ; ; ; ; ; ; ;12;200,559564041741
3355986;1;1;2;2;08; ;3;08; ;1;2; ; ;1; ;12;130,078730034555
3355986;1;2;1; ; ; ; ; ; ; ; ; ; ; ; ;12;130,078730034555
3355987;1;1;2;2;20; ;2; ; ;1;2; ; ;1; ;12;103,598208077953
3355987;1;2;1; ; ; ; ; ; ; ; ; ; ; ; ;12;103,598208077953
3355987;1;3;1; ; ; ; ; ; ; ; ; ; ; ; ;12;103,598208077953
3355988;1;1;1; ; ; ; ; ; ; ; ; ; ; ; ;12;180,529449773262
3355988;1;2;1; ; ; ; ; ; ; ; ; ; ; ; ;12;180,529449773262
3355988;1;3;1; ; ; ; ; ; ; ; ; ; ; ; ;12;180,529449773262
3355988;1;4;1; ; ; ; ; ; ; ; ; ; ; ; ;12;180,529449773262
3355994;1;1;2;2;20; ;2; ; ;1;2; ; ;1; ;12;103,637539803946
3355994;1;2;2;2;20; ;2; ; ;1;2; ; ;1; ;12;103,637539803946
3355994;1;3;2;2;20; ;2; ; ;1;2; ; ;1; ;12;103,637539803946
3355994;1;4;1; ; ; ; ; ; ; ; ; ; ; ; ;12;103,637539803946
3355994;1;5;2;2;20; ;2; ; ;1;2; ; ;1; ;12;103,637539803946
3355994;1;6;1; ; ; ; ; ; ; ; ; ; ; ; ;12;103,637539803946
3355994;1;7;1; ; ; ; ; ; ; ; ; ; ; ; ;12;103,637539803946
3355995;1;1;2;2;08; ;2; ; ;1;2; ; ;1; ;12;161,404657260419
3355995;1;2;2;2;08; ;2; ; ;1;2; ; ;1; ;12;161,404657260419
3355995;1;3;2;2;08; ;2; ; ;1;2; ; ;1; ;12;161,404657260419
3355995;1;4;2;2;08; ;2; ; ;1;2; ; ;1; ;12;161,404657260419
3355995;1;5;1; ; ; ; ; ; ; ; ; ; ; ; ;12;161,404657260419
3355995;1;6;1; ; ; ; ; ; ; ; ; ; ; ; ;12;161,404657260419
3355996;1;1;1; ; ; ; ; ; ; ; ; ; ; ; ;12;165,450437173733
3355996;1;2;1; ; ; ; ; ; ; ; ; ; ; ; ;12;165,450437173733
3355996;1;3;1; ; ; ; ; ; ; ; ; ; ; ; ;12;165,450437173733
3355996;1;4;1; ; ; ; ; ; ; ; ; ; ; ; ;12;165,450437173733
3355996;1;5;1; ; ; ; ; ; ; ; ; ; ; ; ;12;165,450437173733
3355996;1;6;2;2;47; ;2; ; ;1;2; ; ;1; ;12;165,450437173733
3355997;1;1;2;2;08; ;2; ; ;1;2; ; ;1; ;12;169,244674152457
3355997;1;2;2;2;20; ;2; ; ;1;2; ; ;1; ;12;169,244674152457
3355997;1;3;1; ; ; ; ; ; ; ; ; ; ; ; ;12;169,244674152457
3355997;1;4;1; ; ; ; ; ; ; ; ; ; ; ; ;12;169,244674152457
3355997;1;5;1; ; ; ; ; ; ; ; ; ; ; ; ;12;169,244674152457
3355997;1;6;1; ; ; ; ; ; ; ; ; ; ; ; ;12;169,244674152457
3355998;1;1;2;2;20; ;2; ; ;1;2; ; ;1; ;12;127,882774150808
3355998;1;2;1; ; ; ; ; ; ; ; ; ; ; ; ;12;127,882774150808
3355998;1;3;1; ; ; ; ; ; ; ; ; ; ; ; ;12;127,882774150808
3355998;1;4;1; ; ; ; ; ; ; ; ; ; ; ; ;12;127,882774150808
3355999;1;1;1; ; ; ; ; ; ; ; ; ; ; ; ;12;166,815404974082
3355999;1;2;1; ; ; ; ; ; ; ; ; ; ; ; ;12;166,815404974082
3355999;1;3;1; ; ; ; ; ; ; ; ; ; ; ; ;12;166,815404974082
3355999;1;4;1; ; ; ; ; ; ; ; ; ; ; ; ;12;166,815404974082
3355999;1;5;1; ; ; ; ; ; ; ; ; ; ; ; ;12;166,815404974082
3355999;1;6;1; ; ; ; ; ; ; ; ; ; ; ; ;12;166,815404974082
3355999;1;7;1; ; ; ; ; ; ; ; ; ; ; ; ;12;166,815404974082
3355999;1;8;1; ; ; ; ; ; ; ; ; ; ; ; ;12;166,815404974082
3356000;1;1;1; ; ; ; ; ; ; ; ; ; ; ; ;12;151,428369954759
3356000;1;2;1; ; ; ; ; ; ; ; ; ; ; ; ;12;151,428369954759
3356000;1;3;1; ; ; ; ; ; ; ; ; ; ; ; ;12;151,428369954759
3356001;1;1;1; ; ; ; ; ; ; ; ; ; ; ; ;12;147,393030243824
3356001;1;2;1; ; ; ; ; ; ; ; ; ; ; ; ;12;147,393030243824
3356002;1;1;1; ; ; ; ; ; ; ; ; ; ; ; ;12;117,570696696566
3356002;1;2;1; ; ; ; ; ; ; ; ; ; ; ; ;12;117,570696696566
3356002;1;3;1; ; ; ; ; ; ; ; ; ; ; ; ;12;117,570696696566
3356003;1;1;2;2;68; ;3;76; ;1;2; ; ;1; ;12;142,106236923072
3356003;1;2;2;2;68; ;3;76; ;1;2; ; ;1; ;12;142,106236923072
3356003;1;3;1; ; ; ; ; ; ; ; ; ; ; ; ;12;142,106236923072
3356007;1;1;2;2;44; ;2; ; ;1;2; ; ;1; ;12;109,252709288623
3356007;1;2;2;2;44; ;2; ; ;1;2; ; ;1; ;12;109,252709288623
3356007;1;3;2;2;44; ;2; ; ;1;2; ; ;1; ;12;109,252709288623
3356007;1;4;1; ; ; ; ; ; ; ; ; ; ; ; ;12;109,252709288623
3356008;1;1;1; ; ; ; ; ; ; ; ; ; ; ; ;12;156,138175563487
3356008;1;2;1; ; ; ; ; ; ; ; ; ; ; ; ;12;156,138175563487
3356008;1;3;1; ; ; ; ; ; ; ; ; ; ; ; ;12;156,138175563487
3356008;1;4;1; ; ; ; ; ; ; ; ; ; ; ; ;12;156,138175563487
3356009;1;1;1; ; ; ; ; ; ; ; ; ; ; ; ;12;166,295546798618
3356009;1;2;2;2;20; ;2; ; ;1;2; ; ;1; ;12;166,295546798618
3356009;1;3;1; ; ; ; ; ; ; ; ; ; ; ; ;12;166,295546798618
3356009;1;4;1; ; ; ; ; ; ; ; ; ; ; ; ;12;166,295546798618
3356009;1;5;1; ; ; ; ; ; ; ; ; ; ; ; ;12;166,295546798618
3356009;1;6;1; ; ; ; ; ; ; ; ; ; ; ; ;12;166,295546798618
3356010;1;1;2;2;44; ;2; ; ;1;2; ; ;1; ;12;119,430960928512
3356010;1;2;1; ; ; ; ; ; ; ; ; ; ; ; ;12;119,430960928512
3356010;1;3;1; ; ; ; ; ; ; ; ; ; ; ; ;12;119,430960928512
3356010;1;4;1; ; ; ; ; ; ; ; ; ; ; ; ;12;119,430960928512
3356011;1;1;1; ; ; ; ; ; ; ; ; ; ; ; ;12;120,276070553398
3356011;1;2;1; ; ; ; ; ; ; ; ; ; ; ; ;12;120,276070553398
3356011;1;3;1; ; ; ; ; ; ; ; ; ; ; ; ;12;120,276070553398
3356011;1;4;1; ; ; ; ; ; ; ; ; ; ; ; ;12;120,276070553398
3356014;1;1;2;2;13; ;2; ; ;1;2; ; ;1; ;12;164,070699391258
3356014;1;2;2;2;47; ;2; ; ;1;2; ; ;1; ;12;164,070699391258
3356014;1;3;1; ; ; ; ; ; ; ; ; ; ; ; ;12;164,070699391258
3356015;1;1;1; ; ; ; ; ; ; ; ; ; ; ; ;12;173,392832422944
3356015;1;2;1; ; ; ; ; ; ; ; ; ; ; ; ;12;173,392832422944
3356015;1;3;1; ; ; ; ; ; ; ; ; ; ; ; ;12;173,392832422944
3356016;1;1;2;2;54; ;2; ; ;1;2; ; ;1; ;12;151,61224465363
3356016;1;2;1; ; ; ; ; ; ; ; ; ; ; ; ;12;151,61224465363
3356016;1;3;1; ; ; ; ; ; ; ; ; ; ; ; ;12;151,61224465363
3356016;1;4;1; ; ; ; ; ; ; ; ; ; ; ; ;12;151,61224465363
3356016;1;5;1; ; ; ; ; ; ; ; ; ; ; ; ;12;151,61224465363
3356016;1;6;1; ; ; ; ; ; ; ; ; ; ; ; ;12;151,61224465363
3356016;1;7;1; ; ; ; ; ; ; ; ; ; ; ; ;12;151,61224465363
3356020;1;1;1; ; ; ; ; ; ; ; ; ; ; ; ;12;161,365325534426
3356020;1;2;1; ; ; ; ; ; ; ; ; ; ; ; ;12;161,365325534426
3356021;1;1;2;2;54; ;2; ; ;1;2; ; ;1; ;12;106,303581934784
3356021;1;2;2;2;54; ;2; ; ;1;2; ; ;1; ;12;106,303581934784
3356021;1;3;1; ; ; ; ; ; ; ; ; ; ; ; ;12;106,303581934784
3356021;1;4;1; ; ; ; ; ; ; ; ; ; ; ; ;12;106,303581934784
3356022;1;1;2;2;13; ;2; ; ;1;2; ; ;1; ;12;189,649618470719
3356022;1;2;2;2;13; ;2; ; ;1;2; ; ;1; ;12;189,649618470719
3356022;1;3;2;2;13; ;2; ; ;1;2; ; ;1; ;12;189,649618470719
3356022;1;4;2;2;13; ;2; ; ;1;2; ; ;1; ;12;189,649618470719
3356022;1;5;2;2;47; ;2; ; ;1;2; ; ;1; ;12;189,649618470719
3356022;1;6;1; ; ; ; ; ; ; ; ; ; ; ; ;12;189,649618470719
3356022;1;7;2;2;47; ;2; ; ;1;2; ; ;1; ;12;189,649618470719
3356023;1;1;2;2;68; ;2; ; ;1;2; ; ;1; ;12;173,392832422944
3356023;1;2;2;2;68; ;2; ; ;1;2; ; ;1; ;12;173,392832422944
3356023;1;3;1; ; ; ; ; ; ; ; ; ; ; ; ;12;173,392832422944
3356024;1;1;1; ; ; ; ; ; ; ; ; ; ; ; ;12;137,590177434656
3356024;1;2;1; ; ; ; ; ; ; ; ; ; ; ; ;12;137,590177434656
3356024;1;3;1; ; ; ; ; ; ; ; ; ; ; ; ;12;137,590177434656
3356024;1;4;2;2;47; ;2; ; ;1;2; ; ;1; ;12;137,590177434656
3356025;1;1;2;2;54; ;3;13; ;1;2; ; ;1; ;12;180,529449773262
3356025;1;2;2;2;13; ;3;13; ;1;2; ; ;1; ;12;180,529449773262
3356025;1;3;2;2;13; ;3;13; ;1;2; ; ;1; ;12;180,529449773262
3356025;1;4;2;2;20; ;3;13; ;1;2; ; ;1; ;12;180,529449773262
3356026;1;1;1; ; ; ; ; ; ; ; ; ; ; ; ;12;164,070699391258
3356026;1;2;2;2;47; ;2; ; ;1;2; ; ;1; ;12;164,070699391258
3356026;1;3;1; ; ; ; ; ; ; ; ; ; ; ; ;12;164,070699391258
3356027;1;1;2;2;08; ;2; ; ;1;2; ; ;1; ;12;97,2252024001052
3356027;1;2;1; ; ; ; ; ; ; ; ; ; ; ; ;12;97,2252024001052
3356027;1;3;1; ; ; ; ; ; ; ; ; ; ; ; ;12;97,2252024001052
3356028;1;1;2;2;13; ;2; ; ;1;2; ; ;1; ;12;131,217171756808
3356028;1;2;2;2;08; ;2; ; ;1;2; ; ;1; ;12;131,217171756808
3356028;1;3;1; ; ; ; ; ; ; ; ; ; ; ; ;12;131,217171756808
3356028;1;4;1; ; ; ; ; ; ; ; ; ; ; ; ;12;131,217171756808
3356029;1;1;2;2;13; ;2; ; ;1;2; ; ;1; ;12;183,580955484274
3356030;1;1;2;2;18; ;3;18; ;1;2; ; ;1; ;12;187,66606712358
3356030;1;2;2;1; ; ;3;18; ;1;2; ; ;1; ;12;187,66606712358
3356030;1;3;2;2;18; ;3;18; ;1;2; ; ;1; ;12;187,66606712358
3356030;1;4;2;2;18; ;1; ; ; ;2; ; ;1; ;12;187,66606712358
3356030;1;5;1; ; ; ; ; ; ; ; ; ; ; ; ;12;187,66606712358
3356031;1;1;1; ; ; ; ; ; ; ; ; ; ; ; ;12;89,3747453056881
3356031;1;2;1; ; ; ; ; ; ; ; ; ; ; ; ;12;89,3747453056881
3356031;1;3;1; ; ; ; ; ; ; ; ; ; ; ; ;12;89,3747453056881
3356031;1;4;1; ; ; ; ; ; ; ; ; ; ; ; ;12;89,3747453056881
3356032;1;1;1; ; ; ; ; ; ; ; ; ; ; ; ;12;159,169369650679
3356032;1;2;1; ; ; ; ; ; ; ; ; ; ; ; ;12;159,169369650679
3356032;1;3;1; ; ; ; ; ; ; ; ; ; ; ; ;12;159,169369650679
3356032;1;4;1; ; ; ; ; ; ; ; ; ; ; ; ;12;159,169369650679
3356033;1;1;1; ; ; ; ; ; ; ; ; ; ; ; ;12;168,491502682366
3356033;1;2;2;2;47; ;2; ; ;1;2; ; ;1; ;12;168,491502682366
3356033;1;3;1; ; ; ; ; ; ; ; ; ; ; ; ;12;168,491502682366
3356033;1;4;2;2;47; ;3;47; ;1;2; ; ;1; ;12;168,491502682366
3356034;1;1;2;2;13; ;2; ; ;1;2; ; ;1; ;12;125,177400293976
3356034;1;2;2;2;13; ;2; ; ;1;2; ; ;1; ;12;125,177400293976
3356034;1;3;2;2;13; ;2; ; ;1;2; ; ;1; ;12;125,177400293976
3356035;1;1;2;2;68; ;3;68; ;1;2; ; ;1; ;12;168,501942884745
3356035;1;2;2;2;68; ;3;68; ;1;2; ; ;1; ;12;168,501942884745
3356035;1;3;2;2;68; ;1; ; ; ;2; ; ;1; ;12;168,501942884745
3356036;1;1;1; ; ; ; ; ; ; ; ; ; ; ; ;12;168,501942884745
3356036;1;2;2;2;25; ;3;25; ;1;2; ; ;1; ;12;168,501942884745
3356036;1;3;2;2;25; ;3;25; ;1;2; ; ;1; ;12;168,501942884745
3356037;1;1;1; ; ; ; ; ; ; ; ; ; ; ; ;12;147,393030243824
3356037;1;2;1; ; ; ; ; ; ; ; ; ; ; ; ;12;147,393030243824
3356038;1;1;2;2;20; ;2; ; ;1;2; ; ;1; ;12;142,869848595543
3356038;1;2;2;2;44; ;2; ; ;1;2; ; ;1; ;12;142,869848595543
3356038;1;3;1; ; ; ; ; ; ; ; ; ; ; ; ;12;142,869848595543
3356038;1;4;1; ; ; ; ; ; ; ; ; ; ; ; ;12;142,869848595543
3356039;1;1;2;2;44; ;2; ; ;1;2; ; ;1; ;12;213,290470471979
3356039;1;2;2;2;08; ;2; ; ;1;2; ; ;1; ;12;213,290470471979
3356039;1;3;1; ; ; ; ; ; ; ; ; ; ; ; ;12;213,290470471979
3356039;1;4;1; ; ; ; ; ; ; ; ; ; ; ; ;12;213,290470471979
3356040;1;1;2;2;44; ;2; ; ;1;2; ; ;1; ;12;109,252709288623
3356040;1;2;1; ; ; ; ; ; ; ; ; ; ; ; ;12;109,252709288623
3356040;1;3;1; ; ; ; ; ; ; ; ; ; ; ; ;12;109,252709288623
3356040;1;4;2;2;20; ;2; ; ;1;2; ; ;1; ;12;109,252709288623
3356041;1;1;2;2;20; ;2; ; ;1;2; ; ;1; ;12;105,843935890072
3356041;1;2;2;2;20; ;2; ; ;1;2; ; ;1; ;12;105,843935890072
3356041;1;3;1; ; ; ; ; ; ; ; ; ; ; ; ;12;105,843935890072
3356041;1;4;1; ; ; ; ; ; ; ; ; ; ; ; ;12;105,843935890072
3356042;1;1;2;2;68; ;3;85; ;1;2; ; ;1; ;12;139,920721241704
3356042;1;2;2;2;68; ;3;85; ;1;2; ; ;1; ;12;139,920721241704
3356042;1;3;2;2;68; ;3;85; ;1;2; ; ;1; ;12;139,920721241704
3356042;1;4;2;2;85; ;3;85; ;1;2; ; ;1; ;12;139,920721241704
3356043;1;1;1; ; ; ; ; ; ; ; ; ; ; ; ;12;175,638560235063
3356043;1;2;1; ; ; ; ; ; ; ; ; ; ; ; ;12;175,638560235063
3356043;1;3;1; ; ; ; ; ; ; ; ; ; ; ; ;12;175,638560235063
3356043;1;4;1; ; ; ; ; ; ; ; ; ; ; ; ;12;175,638560235063
3356044;1;1;1; ; ; ; ; ; ; ; ; ; ; ; ;12;190,707132632213
3356044;1;2;1; ; ; ; ; ; ; ; ; ; ; ; ;12;190,707132632213
3356044;1;3;1; ; ; ; ; ; ; ; ; ; ; ; ;12;190,707132632213
3356045;1;1;2;2;23; ;2; ; ;1;2; ; ;1; ;12;117,185233116394
3356045;1;2;1; ; ; ; ; ; ; ; ; ; ; ; ;12;117,185233116394
3356045;1;3;1; ; ; ; ; ; ; ; ; ; ; ; ;12;117,185233116394
3356046;1;1;1; ; ; ; ; ; ; ; ; ; ; ; ;12;136,147393021
3356046;1;2;1; ; ; ; ; ; ; ; ; ; ; ; ;12;136,147393021
3356046;1;3;1; ; ; ; ; ; ; ; ; ; ; ; ;12;136,147393021
3356046;1;4;1; ; ; ; ; ; ; ; ; ; ; ; ;12;136,147393021
3356046;1;5;1; ; ; ; ; ; ; ; ; ; ; ; ;12;136,147393021
3356046;1;6;1; ; ; ; ; ; ; ; ; ; ; ; ;12;136,147393021
3356046;1;7;1; ; ; ; ; ; ; ; ; ; ; ; ;12;136,147393021
3356046;1;8;1; ; ; ; ; ; ; ; ; ; ; ; ;12;136,147393021
3356047;1;1;2;2;47; ;2; ; ;1;2; ; ;1; ;12;145,950052502157
3356047;1;2;2;2;50; ;2; ; ;1;2; ; ;1; ;12;145,950052502157
3356047;1;3;1; ; ; ; ; ; ; ; ; ; ; ; ;12;145,950052502157
3356047;1;4;1; ; ; ; ; ; ; ; ; ; ; ; ;12;145,950052502157
3356047;1;5;2;2;13; ;2; ; ;1;2; ; ;1; ;12;145,950052502157
3356047;1;6;1; ; ; ; ; ; ; ; ; ; ; ; ;12;145,950052502157
3356049;1;1;1; ; ; ; ; ; ; ; ; ; ; ; ;12;145,094696002904
3356049;1;2;2;2;47; ;2; ; ;1;2; ; ;1; ;12;145,094696002904
3356049;1;3;1; ; ; ; ; ; ; ; ; ; ; ; ;12;145,094696002904
3356049;1;4;1; ; ; ; ; ; ; ; ; ; ; ; ;12;145,094696002904
3356049;1;5;1; ; ; ; ; ; ; ; ; ; ; ; ;12;145,094696002904
3356049;1;6;1; ; ; ; ; ; ; ; ; ; ; ; ;12;145,094696002904
3356049;1;7;1; ; ; ; ; ; ; ; ; ; ; ; ;12;145,094696002904
3356050;1;1;1; ; ; ; ; ; ; ; ; ; ; ; ;12;152,294359984402
3356052;1;1;1; ; ; ; ; ; ; ; ; ; ; ; ;12;178,679625743695
3356052;1;2;1; ; ; ; ; ; ; ; ; ; ; ; ;12;178,679625743695
3356053;1;1;2;2;47; ;2; ; ;1;2; ; ;1; ;12;178,343934091894
3356053;1;2;1; ; ; ; ; ; ; ; ; ; ; ; ;12;178,343934091894
3356053;1;3;1; ; ; ; ; ; ; ; ; ; ; ; ;12;178,343934091894
3356053;1;4;1; ; ; ; ; ; ; ; ; ; ; ; ;12;178,343934091894
3356053;1;5;1; ; ; ; ; ; ; ; ; ; ; ; ;12;178,343934091894
3356054;1;1;2;2;85; ;3;11; ;1;2; ; ;1; ;12;180,529449773262
3356054;1;2;2;1; ; ;3;11; ;1;2; ; ;1; ;12;180,529449773262
3356054;1;3;1; ; ; ; ; ; ; ; ; ; ; ; ;12;180,529449773262
3356054;1;4;1; ; ; ; ; ; ; ; ; ; ; ; ;12;180,529449773262
3356055;1;1;1; ; ; ; ; ; ; ; ; ; ; ; ;12;173,392832422944
3356055;1;2;1; ; ; ; ; ; ; ; ; ; ; ; ;12;173,392832422944
3356055;1;3;1; ; ; ; ; ; ; ; ; ; ; ; ;12;173,392832422944
3356056;1;1;1; ; ; ; ; ; ; ; ; ; ; ; ;12;166,305987000997
3356056;1;2;1; ; ; ; ; ; ; ; ; ; ; ; ;12;166,305987000997
3356056;1;3;1; ; ; ; ; ; ; ; ; ; ; ; ;12;166,305987000997
3356056;1;4;2;2;68; ;2; ; ;1;2; ; ;1; ;12;166,305987000997
3356056;1;5;1; ; ; ; ; ; ; ; ; ; ; ; ;12;166,305987000997
3356057;1;1;2;2;68; ;2; ; ;1;2; ; ;1; ;12;130,503332012709
3356057;1;2;2;2;68; ;2; ; ;1;2; ; ;1; ;12;130,503332012709
3356057;1;3;1; ; ; ; ; ; ; ; ; ; ; ; ;12;130,503332012709
3356057;1;4;1; ; ; ; ; ; ; ; ; ; ; ; ;12;130,503332012709
3356057;1;5;1; ; ; ; ; ; ; ; ; ; ; ; ;12;130,503332012709
3356057;1;6;2;2;68; ;2; ; ;1;2; ; ;1; ;12;130,503332012709
3356058;1;1;1; ; ; ; ; ; ; ; ; ; ; ; ;12;144,811610779904
3356058;1;2;1; ; ; ; ; ; ; ; ; ; ; ; ;12;144,811610779904
3356058;1;3;1; ; ; ; ; ; ; ; ; ; ; ; ;12;144,811610779904
3356058;1;4;2;2;47; ;3;47; ;1;3;47; ;1; ;12;144,811610779904
3356059;1;1;2;2;17; ;2; ; ;1;2; ; ;1; ;12;211,931390374108
3356059;1;2;2;2;17; ;2; ; ;1;2; ; ;1; ;12;211,931390374108
3356059;1;3;2;2;17; ;2; ; ;1;2; ; ;1; ;12;211,931390374108
3356063;1;1;2;2;17; ;2; ; ;1;2; ; ;1; ;12;259,600599275105
3356063;1;2;2;2;17; ;2; ; ;1;2; ; ;1; ;12;259,600599275105
3356064;1;1;2;2;17; ;2; ; ;1;2; ; ;1; ;12;190,903975475866
3356064;1;2;2;2;66; ;2; ; ;1;2; ; ;1; ;12;190,903975475866
3356064;1;3;2;2;05; ;2; ; ;1;2; ; ;1; ;12;190,903975475866
3356064;1;4;2;2;27; ;4; ;11; ;2; ; ;1; ;12;190,903975475866
3356064;1;5;2;2;17; ;2; ; ;1;2; ; ;1; ;12;190,903975475866
3356064;1;6;1; ; ; ; ; ; ; ; ; ; ; ; ;12;190,903975475866
3356064;1;7;2;2;66; ;2; ; ;1;2; ; ;1; ;12;190,903975475866
3356064;1;8;1; ; ; ; ; ; ; ; ; ; ; ; ;12;190,903975475866
3356064;1;9;1; ; ; ; ; ; ; ; ; ; ; ; ;12;190,903975475866
3356064;1;10;1; ; ; ; ; ; ; ; ; ; ; ; ;12;190,903975475866
3356064;1;11;1; ; ; ; ; ; ; ; ; ; ; ; ;12;190,903975475866
3356064;1;12;1; ; ; ; ; ; ; ; ; ; ; ; ;12;190,903975475866
3356064;1;13;1; ; ; ; ; ; ; ; ; ; ; ; ;12;190,903975475866
3356065;1;1;1; ; ; ; ; ; ; ; ; ; ; ; ;12;288,543560909547
3356065;1;2;1; ; ; ; ; ; ; ; ; ; ; ; ;12;288,543560909547
3356065;1;3;1; ; ; ; ; ; ; ; ; ; ; ; ;12;288,543560909547
3356065;1;4;1; ; ; ; ; ; ; ; ; ; ; ; ;12;288,543560909547
3356065;1;5;1; ; ; ; ; ; ; ; ; ; ; ; ;12;288,543560909547
3356065;1;6;1; ; ; ; ; ; ; ; ; ; ; ; ;12;288,543560909547
3356066;1;1;2;2;11; ;2; ; ;1;2; ; ;1; ;12;340,429612456507
3356066;1;2;2;2;66; ;2; ; ;1;2; ; ;1; ;12;340,429612456507
3356066;1;3;2;2;66; ;2; ; ;1;2; ; ;1; ;12;340,429612456507
3356067;1;1;2;2;66; ;2; ; ;1;2; ; ;1; ;12;562,126209946901
3356067;1;2;2;2;66; ;2; ; ;1;2; ; ;1; ;12;562,126209946901
3356067;1;3;1; ; ; ; ; ; ; ; ; ; ; ; ;12;562,126209946901
3356068;1;1;2;2;66; ;2; ; ;1;2; ; ;1; ;12;560,432997409852
3356068;1;2;2;2;73; ;2; ; ;1;2; ; ;1; ;12;560,432997409852
3356068;1;3;1; ; ; ; ; ; ; ; ; ; ; ; ;12;560,432997409852
3356068;1;4;1; ; ; ; ; ; ; ; ; ; ; ; ;12;560,432997409852
3356068;1;5;1; ; ; ; ; ; ; ; ; ; ; ; ;12;560,432997409852
3356069;1;1;2;2;17; ;2; ; ;1;2; ; ;1; ;12;566,020857383939
3356069;1;2;2;2;66; ;2; ; ;1;2; ; ;1; ;12;566,020857383939
3356069;1;3;2;2;66; ;2; ; ;1;2; ; ;1; ;12;566,020857383939
3356069;1;4;1; ; ; ; ; ; ; ; ; ; ; ; ;12;566,020857383939
3356069;1;5;2;2;66; ;2; ; ;1;2; ; ;1; ;12;566,020857383939
3356070;1;1;2;2;63; ;2; ; ;1;2; ; ;1; ;12;483,453467358523
3356070;1;2;2;2;66; ;2; ; ;1;2; ; ;1; ;12;483,453467358523
3356070;1;3;2;2;66; ;3;66; ;1;3;66; ;1; ;12;483,453467358523
3356071;1;1;1; ; ; ; ; ; ; ; ; ; ; ; ;12;518,519491557085
3356071;1;2;2;2;17; ;2; ; ;1;2; ; ;1; ;12;518,519491557085
3356071;1;3;1; ; ; ; ; ; ; ; ; ; ; ; ;12;518,519491557085
3356074;1;1;2;2;66; ;2; ; ;1;2; ; ;1; ;12;255,760308648092
3356074;1;2;1; ; ; ; ; ; ; ; ; ; ; ; ;12;255,760308648092
3356074;1;3;1; ; ; ; ; ; ; ; ; ; ; ; ;12;255,760308648092
3356075;1;1;1; ; ; ; ; ; ; ; ; ; ; ; ;12;321,48694070797
3356075;1;2;2;2;17; ;2; ; ;1;2; ; ;1; ;12;321,48694070797
3356075;1;3;1; ; ; ; ; ; ; ; ; ; ; ; ;12;321,48694070797
3356075;1;4;1; ; ; ; ; ; ; ; ; ; ; ; ;12;321,48694070797
3356075;1;5;1; ; ; ; ; ; ; ; ; ; ; ; ;12;321,48694070797
3356075;1;6;2;2;76; ;2; ; ;1;2; ; ;1; ;12;321,48694070797
3356076;1;1;1; ; ; ; ; ; ; ; ; ; ; ; ;12;258,264910345155
3356076;1;2;1; ; ; ; ; ; ; ; ; ; ; ; ;12;258,264910345155
3356076;1;3;1; ; ; ; ; ; ; ; ; ; ; ; ;12;258,264910345155
3356076;1;4;1; ; ; ; ; ; ; ; ; ; ; ; ;12;258,264910345155
3356076;1;5;1; ; ; ; ; ; ; ; ; ; ; ; ;12;258,264910345155
3356076;1;6;1; ; ; ; ; ; ; ; ; ; ; ; ;12;258,264910345155
3356077;1;1;1; ; ; ; ; ; ; ; ; ; ; ; ;12;289,395942580258
3356077;1;2;1; ; ; ; ; ; ; ; ; ; ; ; ;12;289,395942580258
3356078;1;1;1; ; ; ; ; ; ; ; ; ; ; ; ;12;626,174691283669
3356078;1;2;2;2;66; ;2; ; ;1;2; ; ;1; ;12;626,174691283669
3356078;1;3;2;2;66; ;2; ; ;1;3;66; ;1; ;12;626,174691283669
3356078;1;4;2;1; ; ;1; ; ; ;2; ; ;1; ;12;626,174691283669
3356079;1;1;1; ; ; ; ; ; ; ; ; ; ; ; ;12;431,721767946344
3356079;1;2;1; ; ; ; ; ; ; ; ; ; ; ; ;12;431,721767946344
3356079;1;3;1; ; ; ; ; ; ; ; ; ; ; ; ;12;431,721767946344
3356079;1;4;1; ; ; ; ; ; ; ; ; ; ; ; ;12;431,721767946344
3356080;1;1;1; ; ; ; ; ; ; ; ; ; ; ; ;12;450,107161716337
3356080;1;2;1; ; ; ; ; ; ; ; ; ; ; ; ;12;450,107161716337
3356081;1;1;1; ; ; ; ; ; ; ; ; ; ; ; ;12;578,791885160517
3356081;1;2;1; ; ; ; ; ; ; ; ; ; ; ; ;12;578,791885160517
3356082;1;1;1; ; ; ; ; ; ; ; ; ; ; ; ;12;518,519491557085
3356082;1;2;1; ; ; ; ; ; ; ; ; ; ; ; ;12;518,519491557085
3356082;1;3;1; ; ; ; ; ; ; ; ; ; ; ; ;12;518,519491557085
3356083;1;1;1; ; ; ; ; ; ; ; ; ; ; ; ;12;485,173185914899
3356083;1;2;1; ; ; ; ; ; ; ; ; ; ; ; ;12;485,173185914899
3356084;1;1;1; ; ; ; ; ; ; ; ; ; ; ; ;12;450,107161716337
3356084;1;2;1; ; ; ; ; ; ; ; ; ; ; ; ;12;450,107161716337
3356085;1;1;1; ; ; ; ; ; ; ; ; ; ; ; ;12;292,76040355551
3356085;1;2;1; ; ; ; ; ; ; ; ; ; ; ; ;12;292,76040355551
3356085;1;3;1; ; ; ; ; ; ; ; ; ; ; ; ;12;292,76040355551
3356085;1;4;1; ; ; ; ; ; ; ; ; ; ; ; ;12;292,76040355551
3356088;1;1;1; ; ; ; ; ; ; ; ; ; ; ; ;12;261,652104559382
3356088;1;2;1; ; ; ; ; ; ; ; ; ; ; ; ;12;261,652104559382
3356088;1;3;1; ; ; ; ; ; ; ; ; ; ; ; ;12;261,652104559382
3356088;1;4;1; ; ; ; ; ; ; ; ; ; ; ; ;12;261,652104559382
3356089;1;1;1; ; ; ; ; ; ; ; ; ; ; ; ;12;289,395942580258
3356089;1;2;1; ; ; ; ; ; ; ; ; ; ; ; ;12;289,395942580258
3356090;1;1;2;1; ; ;2; ; ;1;2; ; ;1; ;12;294,236820664093
3356090;1;2;1; ; ; ; ; ; ; ; ; ; ; ; ;12;294,236820664093
3356090;1;3;1; ; ; ; ; ; ; ; ; ; ; ; ;12;294,236820664093
3356090;1;4;1; ; ; ; ; ; ; ; ; ; ; ; ;12;294,236820664093
3356091;1;1;1; ; ; ; ; ; ; ; ; ; ; ; ;12;297,736257794543
3356091;1;2;1; ; ; ; ; ; ; ; ; ; ; ; ;12;297,736257794543
3356091;1;3;1; ; ; ; ; ; ; ; ; ; ; ; ;12;297,736257794543
3356091;1;4;1; ; ; ; ; ; ; ; ; ; ; ; ;12;297,736257794543
3356094;1;1;2;2;66; ;3;11; ;1;2; ; ;1; ;12;270,393990979871
3356094;1;2;2;2;15; ;3;11; ;1;2; ; ;1; ;12;270,393990979871
3356094;1;3;2;2;11; ;1; ; ; ;2; ; ;1; ;12;270,393990979871
3356094;1;4;2;2;11; ;1; ; ; ;2; ; ;1; ;12;270,393990979871
3356094;1;5;2;2;05; ;3;11; ;1;2; ; ;1; ;12;270,393990979871
3356095;1;1;2;2;11; ;2; ; ;1;2; ; ;1; ;12;259,259745778543
3356095;1;2;2;2;47; ;2; ; ;1;2; ; ;1; ;12;259,259745778543
3356095;1;3;2;1; ; ;2; ; ;1;2; ; ;1; ;12;259,259745778543
3356096;1;1;2;2;52; ;2; ; ;1;2; ; ;1; ;12;259,259745778543
3356096;1;2;2;2;52; ;2; ; ;1;2; ; ;1; ;12;259,259745778543
3356096;1;3;2;2;52; ;2; ; ;1;2; ; ;1; ;12;259,259745778543
3356097;1;1;1; ; ; ; ; ; ; ; ; ; ; ; ;12;289,395942580258
3356097;1;2;1; ; ; ; ; ; ; ; ; ; ; ; ;12;289,395942580258
3356098;1;1;1; ; ; ; ; ; ; ; ; ; ; ; ;12;284,747317881639
3356098;1;2;2;2;73; ;2; ; ;1;2; ; ;1; ;12;284,747317881639
3356098;1;3;1; ; ; ; ; ; ; ; ; ; ; ; ;12;284,747317881639
3356098;1;4;1; ; ; ; ; ; ; ; ; ; ; ; ;12;284,747317881639
3356098;1;5;1; ; ; ; ; ; ; ; ; ; ; ; ;12;284,747317881639
3356098;1;6;1; ; ; ; ; ; ; ; ; ; ; ; ;12;284,747317881639
3356099;1;1;1; ; ; ; ; ; ; ; ; ; ; ; ;12;306,069095401351
3356099;1;2;1; ; ; ; ; ; ; ; ; ; ; ; ;12;306,069095401351
3356099;1;3;1; ; ; ; ; ; ; ; ; ; ; ; ;12;306,069095401351
3356100;1;1;2;2;66; ;2; ; ;1;2; ; ;1; ;12;356,448783340774
3356100;1;2;1; ; ; ; ; ; ; ; ; ; ; ; ;12;356,448783340774
3356100;1;3;1; ; ; ; ; ; ; ; ; ; ; ; ;12;356,448783340774
3356100;1;4;1; ; ; ; ; ; ; ; ; ; ; ; ;12;356,448783340774
3356100;1;5;1; ; ; ; ; ; ; ; ; ; ; ; ;12;356,448783340774
3356100;1;6;1; ; ; ; ; ; ; ; ; ; ; ; ;12;356,448783340774
3356101;1;1;2;2;25; ;2; ; ;1;2; ; ;1; ;12;216,290686782747
3356101;1;2;2;2;66; ;3;11; ;1;2; ; ;1; ;12;216,290686782747
3356102;1;1;2;2;66; ;3;66; ;1;2; ; ;1; ;12;318,063199880868
3356102;1;2;2;2;76; ;2; ; ;1;2; ; ;1; ;12;318,063199880868
3356102;1;3;1; ; ; ; ; ; ; ; ; ; ; ; ;12;318,063199880868
3356102;1;4;1; ; ; ; ; ; ; ; ; ; ; ; ;12;318,063199880868
3356103;1;1;2;2;76; ;2; ; ;1;2; ; ;1; ;12;275,227391456229
3356103;1;2;1; ; ; ; ; ; ; ; ; ; ; ; ;12;275,227391456229
3356103;1;3;1; ; ; ; ; ; ; ; ; ; ; ; ;12;275,227391456229
3356103;1;4;1; ; ; ; ; ; ; ; ; ; ; ; ;12;275,227391456229
3356104;1;1;2;2;66; ;2; ; ;1;2; ; ;1; ;12;211,931390374108
3356104;1;2;1; ; ; ; ; ; ; ; ; ; ; ; ;12;211,931390374108
3356104;1;3;1; ; ; ; ; ; ; ; ; ; ; ; ;12;211,931390374108
3356105;1;1;2;2;66; ;4; ;4; ;2; ; ;1; ;12;246,0860300879
3356105;1;2;2;2;17; ;3;19; ;1;2; ; ;1; ;12;246,0860300879
3356106;1;1;2;2;73; ;2; ; ;1;2; ; ;1; ;12;263,959895683744
3356108;1;1;2;2;17; ;2; ; ;1;2; ; ;1; ;12;250,369630193191
3356108;1;2;1; ; ; ; ; ; ; ; ; ; ; ; ;12;250,369630193191
3356108;1;3;1; ; ; ; ; ; ; ; ; ; ; ; ;12;250,369630193191
3356109;1;1;1; ; ; ; ; ; ; ; ; ; ; ; ;12;163,215820833141
3356109;1;2;1; ; ; ; ; ; ; ; ; ; ; ; ;12;163,215820833141
3356109;1;3;1; ; ; ; ; ; ; ; ; ; ; ; ;12;163,215820833141
3356109;1;4;1; ; ; ; ; ; ; ; ; ; ; ; ;12;163,215820833141
3356109;1;5;1; ; ; ; ; ; ; ; ; ; ; ; ;12;163,215820833141
3356110;1;1;2;2;76; ;2; ; ;1;2; ; ;1; ;12;250,369630193191
3356110;1;2;2;2;76; ;2; ; ;1;2; ; ;1; ;12;250,369630193191
3356110;1;3;1; ; ; ; ; ; ; ; ; ; ; ; ;12;250,369630193191
3356112;1;1;2;2;63; ;2; ; ;1;2; ; ;1; ;12;263,959895683744
3356113;1;1;2;2;05; ;2; ; ;1;2; ; ;1; ;12;263,959895683744
3356114;1;1;1; ; ; ; ; ; ; ; ; ; ; ; ;12;181,74366836581
3356114;1;2;1; ; ; ; ; ; ; ; ; ; ; ; ;12;181,74366836581
3356117;1;1;1; ; ; ; ; ; ; ; ; ; ; ; ;12;242,58659295745
3356117;1;2;1; ; ; ; ; ; ; ; ; ; ; ; ;12;242,58659295745
3356118;1;1;1; ; ; ; ; ; ; ; ; ; ; ; ;12;280,203245695262
3356118;1;2;1; ; ; ; ; ; ; ; ; ; ; ; ;12;280,203245695262
3356118;1;3;2;2;76; ;2; ; ;1;2; ; ;1; ;12;280,203245695262
3356118;1;4;1; ; ; ; ; ; ; ; ; ; ; ; ;12;280,203245695262
3356119;1;1;2;1; ; ;3;76; ;1;2; ; ;1; ;12;838,451582810003
3356119;1;2;1; ; ; ; ; ; ; ; ; ; ; ; ;12;838,451582810003
3356119;1;3;1; ; ; ; ; ; ; ; ; ; ; ; ;12;838,451582810003
3356119;1;4;2;1; ; ;3;76; ;1;2; ; ;1; ;12;838,451582810003
3356119;1;5;2;2;76; ;3;76; ;1;2; ; ;1; ;12;838,451582810003
3356119;1;6;2;1; ; ;3;05; ;1;2; ; ;1; ;12;838,451582810003
3356120;1;1;1; ; ; ; ; ; ; ; ; ; ; ; ;12;881,265716966692
3356121;1;1;2;2;66; ;2; ; ;1;2; ; ;1; ;12;784,956313678146
3356121;1;2;2;2;17; ;2; ; ;1;2; ; ;1; ;12;784,956313678146
3356121;1;3;1; ; ; ; ; ; ; ; ; ; ; ; ;12;784,956313678146
3356121;1;4;1; ; ; ; ; ; ; ; ; ; ; ; ;12;784,956313678146
3356122;1;1;2;2;05; ;2; ; ;1;2; ; ;1; ;12;877,036738018926
3356122;1;2;2;1; ; ;3;66; ;1;2; ; ;1; ;12;877,036738018926
3356122;1;3;1; ; ; ; ; ; ; ; ; ; ; ; ;12;877,036738018926
3356122;1;4;1; ; ; ; ; ; ; ; ; ; ; ; ;12;877,036738018926
3356123;1;1;1; ; ; ; ; ; ; ; ; ; ; ; ;12;688,238631800422
3356124;1;1;2;2;66; ;2; ; ;1;2; ; ;1; ;12;280,557352201488
3356124;1;2;2;2;73; ;2; ; ;1;2; ; ;1; ;12;280,557352201488
3356124;1;3;1; ; ; ; ; ; ; ; ; ; ; ; ;12;280,557352201488
3356124;1;4;2;2;63; ;3;63; ;1;2; ; ;1; ;12;280,557352201488
3356125;1;1;1; ; ; ; ; ; ; ; ; ; ; ; ;12;263,959895683744
3356126;1;1;2;2;19; ;2; ; ;1;2; ; ;1; ;12;262,913535043774
3356126;1;2;1; ; ; ; ; ; ; ; ; ; ; ; ;12;262,913535043774
3356127;1;1;2;2;17; ;2; ; ;1;2; ; ;1; ;12;738,258090263701
3356127;1;2;2;2;17; ;3;17; ;2;3;17; ;1; ;12;738,258090263701
3356128;1;1;1; ; ; ; ; ; ; ; ; ; ; ; ;12;290,793465927711
3356128;1;2;2;2;66; ;2; ; ;1;2; ; ;1; ;12;290,793465927711
3356128;1;3;1; ; ; ; ; ; ; ; ; ; ; ; ;12;290,793465927711
3356128;1;4;1; ; ; ; ; ; ; ; ; ; ; ; ;12;290,793465927711
3356128;1;5;1; ; ; ; ; ; ; ; ; ; ; ; ;12;290,793465927711
3356128;1;6;2;2;66; ;2; ; ;1;2; ; ;1; ;12;290,793465927711
3356129;1;1;1; ; ; ; ; ; ; ; ; ; ; ; ;12;293,376961385904
3356129;1;2;1; ; ; ; ; ; ; ; ; ; ; ; ;12;293,376961385904
3356129;1;3;1; ; ; ; ; ; ; ; ; ; ; ; ;12;293,376961385904
3356129;1;4;1; ; ; ; ; ; ; ; ; ; ; ; ;12;293,376961385904
3356129;1;5;2;2;05; ;2; ; ;1;2; ; ;1; ;12;293,376961385904
3356130;1;1;2;2;17; ;3;17; ;1;2; ; ;1; ;12;314,563762750418
3356130;1;2;2;2;17; ;3;17; ;1;2; ; ;1; ;12;314,563762750418
3356130;1;3;2;2;17; ;3;17; ;1;2; ; ;1; ;12;314,563762750418
3356130;1;4;2;2;11; ;3;17; ;1;2; ; ;1; ;12;314,563762750418
3356131;1;1;2;2;17; ;2; ; ;1;2; ; ;1; ;12;306,980479886121
3356131;1;2;1; ; ; ; ; ; ; ; ; ; ; ; ;12;306,980479886121
3356131;1;3;1; ; ; ; ; ; ; ; ; ; ; ; ;12;306,980479886121
3356131;1;4;1; ; ; ; ; ; ; ; ; ; ; ; ;12;306,980479886121
3356132;1;1;2;3; ;2;4; ;2; ;2; ; ;1; ;12;246,0860300879
3356132;1;2;2;2;11; ;4; ;2; ;2; ; ;1; ;12;246,0860300879
3356133;1;1;2;2;66; ;2; ; ;1;2; ; ;1; ;12;272,722789759166
3356134;1;1;2;2;76; ;2; ; ;1;2; ; ;1; ;12;213,982895658385
3356134;1;2;1; ; ; ; ; ; ; ; ; ; ; ; ;12;213,982895658385
3356134;1;3;1; ; ; ; ; ; ; ; ; ; ; ; ;12;213,982895658385
3356134;1;4;1; ; ; ; ; ; ; ; ; ; ; ; ;12;213,982895658385
3356134;1;5;1; ; ; ; ; ; ; ; ; ; ; ; ;12;213,982895658385
3356135;1;1;1; ; ; ; ; ; ; ; ; ; ; ; ;12;284,865123403545
3356136;1;1;2;2;17; ;2; ; ;1;2; ; ;1; ;12;250,369630193191
3356136;1;2;2;2;66; ;2; ; ;1;2; ; ;1; ;12;250,369630193191
3356136;1;3;2;2;50; ;2; ; ;1;2; ; ;1; ;12;250,369630193191
3356137;1;1;1; ; ; ; ; ; ; ; ; ; ; ; ;12;253,869067323641
3356137;1;2;1; ; ; ; ; ; ; ; ; ; ; ; ;12;253,869067323641
3356137;1;3;1; ; ; ; ; ; ; ; ; ; ; ; ;12;253,869067323641
3356138;1;1;1; ; ; ; ; ; ; ; ; ; ; ; ;12;954,189599642604
3356138;1;2;1; ; ; ; ; ; ; ; ; ; ; ; ;12;954,189599642604
3356138;1;3;1; ; ; ; ; ; ; ; ; ; ; ; ;12;954,189599642604
3356138;1;4;1; ; ; ; ; ; ; ; ; ; ; ; ;12;954,189599642604
3356139;1;1;2;2;76; ;2; ; ;1;2; ; ;1; ;12;761,607201970923
3356139;1;2;1; ; ; ; ; ; ; ; ; ; ; ; ;12;761,607201970923
3356139;1;3;1; ; ; ; ; ; ; ; ; ; ; ; ;12;761,607201970923
3356140;1;1;2;2;05; ;2; ; ;1;2; ; ;1; ;12;1068,82815429858
3356140;1;2;2;2;05; ;2; ; ;1;2; ; ;1; ;12;1068,82815429858
3356140;1;3;1; ; ; ; ; ; ; ; ; ; ; ; ;12;1068,82815429858
3356140;1;4;2;2;05; ;3;05; ;1;2; ; ;1; ;12;1068,82815429858
3356143;1;1;2;2;54; ;3;54; ;1;2; ; ;1; ;12;586,487367289391
3356143;1;2;2;2;54; ;2; ; ;1;2; ; ;1; ;12;586,487367289391
3356143;1;3;2;2;54; ;1; ; ; ;2; ; ;1; ;12;586,487367289391
3356143;1;4;2;2;54; ;3;54; ;1;2; ; ;1; ;12;586,487367289391
3356143;1;5;2;2;05; ;2; ; ;1;2; ; ;1; ;12;586,487367289391
3356143;1;6;2;2;54; ;3;54; ;1;2; ; ;1; ;12;586,487367289391
3356144;1;1;2;2;05; ;2; ; ;1;2; ; ;1; ;12;1270,20589244173
3356144;1;2;1; ; ; ; ; ; ; ; ; ; ; ; ;12;1270,20589244173
3356145;1;1;2;2;05; ;2; ; ;1;2; ; ;1; ;12;494,912200103615
3356145;1;2;1; ; ; ; ; ; ; ; ; ; ; ; ;12;494,912200103615
3356145;1;3;1; ; ; ; ; ; ; ; ; ; ; ; ;12;494,912200103615
3356145;1;4;1; ; ; ; ; ; ; ; ; ; ; ; ;12;494,912200103615
3356146;1;1;2;2;05; ;2; ; ;1;2; ; ;1; ;12;1258,91191398326
3356146;1;2;2;2;05; ;2; ; ;1;2; ; ;1; ;12;1258,91191398326
3356146;1;3;1; ; ; ; ; ; ; ; ; ; ; ; ;12;1258,91191398326
3356146;1;4;1; ; ; ; ; ; ; ; ; ; ; ; ;12;1258,91191398326
3356147;1;1;1; ; ; ; ; ; ; ; ; ; ; ; ;12;765,077277736806
3356147;1;2;1; ; ; ; ; ; ; ; ; ; ; ; ;12;765,077277736806
3356147;1;3;1; ; ; ; ; ; ; ; ; ; ; ; ;12;765,077277736806
3356147;1;4;1; ; ; ; ; ; ; ; ; ; ; ; ;12;765,077277736806
3356148;1;1;1; ; ; ; ; ; ; ; ; ; ; ; ;12;635,102946220866
3356148;1;2;1; ; ; ; ; ; ; ; ; ; ; ; ;12;635,102946220866
3356149;1;1;2;2;66; ;2; ; ;1;2; ; ;1; ;12;949,676572780353
3356149;1;2;1; ; ; ; ; ; ; ; ; ; ; ; ;12;949,676572780353
3356150;1;1;2;2;05; ;2; ; ;1;2; ; ;1; ;12;1321,39246165104
3356150;1;2;2;2;05; ;2; ; ;1;2; ; ;1; ;12;1321,39246165104
3356150;1;3;1; ; ; ; ; ; ; ; ; ; ; ; ;12;1321,39246165104
3356152;1;1;2;2;76; ;2; ; ;1;2; ; ;1; ;12;910,565409439841
3356152;1;2;1; ; ; ; ; ; ; ; ; ; ; ; ;12;910,565409439841
3356152;1;3;1; ; ; ; ; ; ; ; ; ; ; ; ;12;910,565409439841
3356152;1;4;1; ; ; ; ; ; ; ; ; ; ; ; ;12;910,565409439841
3356152;1;5;2;2;05; ;2; ; ;1;2; ; ;1; ;12;910,565409439841
3356153;1;1;2;2;17; ;2; ; ;1;2; ; ;1; ;12;1186,57128033779
3356153;1;2;1; ; ; ; ; ; ; ; ; ; ; ; ;12;1186,57128033779
3356153;1;3;1; ; ; ; ; ; ; ; ; ; ; ; ;12;1186,57128033779
3356156;1;1;2;2;05; ;2; ; ;1;2; ; ;1; ;12;1163,51918502765
3356156;1;2;1; ; ; ; ; ; ; ; ; ; ; ; ;12;1163,51918502765
3356156;1;3;1; ; ; ; ; ; ; ; ; ; ; ; ;12;1163,51918502765
3356156;1;4;2;2;05; ;2; ; ;1;2; ; ;1; ;12;1163,51918502765
3356157;1;1;1; ; ; ; ; ; ; ; ; ; ; ; ;12;1202,24088013282
3356159;1;1;2;2;05; ;2; ; ;1;2; ; ;1; ;12;1270,20589244173
3356159;1;2;1; ; ; ; ; ; ; ; ; ; ; ; ;12;1270,20589244173
3356160;1;1;2;2;05; ;2; ; ;1;2; ; ;1; ;12;1298,36707412196
3356160;1;2;2;2;05; ;2; ; ;1;2; ; ;1; ;12;1298,36707412196
3356160;1;3;2;2;05; ;2; ; ;1;2; ; ;1; ;12;1298,36707412196
3356160;1;4;2;2;05; ;3;05; ;1;2; ; ;1; ;12;1298,36707412196
3356160;1;5;2;2;05; ;2; ; ;1;2; ; ;1; ;12;1298,36707412196
3356160;1;6;2;2;05; ;2; ; ;1;2; ; ;1; ;12;1298,36707412196
3356162;1;1;2;2;05; ;2; ; ;1;2; ; ;1; ;12;1270,20589244173
3356162;1;2;1; ; ; ; ; ; ; ; ; ; ; ; ;12;1270,20589244173
3356163;1;1;1; ; ; ; ; ; ; ; ; ; ; ; ;12;1122,98188936543
3356163;1;2;2;2;05; ;3;05; ;1;3;05; ;1; ;12;1122,98188936543
3356164;1;1;2;2;66; ;2; ; ;1;2; ; ;1; ;12;1073,45901231117
3356164;1;2;1; ; ; ; ; ; ; ; ; ; ; ; ;12;1073,45901231117
3356164;1;3;1; ; ; ; ; ; ; ; ; ; ; ; ;12;1073,45901231117
3356165;1;1;1; ; ; ; ; ; ; ; ; ; ; ; ;12;1016,29518195134
3356165;1;2;1; ; ; ; ; ; ; ; ; ; ; ; ;12;1016,29518195134
3356165;1;3;1; ; ; ; ; ; ; ; ; ; ; ; ;12;1016,29518195134
3356165;1;4;1; ; ; ; ; ; ; ; ; ; ; ; ;12;1016,29518195134
3356167;1;1;2;2;27; ;2; ; ;1;2; ; ;1; ;12;1304,61401855144
3356167;1;2;1; ; ; ; ; ; ; ; ; ; ; ; ;12;1304,61401855144
3356167;1;3;1; ; ; ; ; ; ; ; ; ; ; ; ;12;1304,61401855144
3356168;1;1;2;2;11; ;2; ; ;1;2; ; ;1; ;12;669,039843869812
3356168;1;2;1; ; ; ; ; ; ; ; ; ; ; ; ;12;669,039843869812
3356168;1;3;1; ; ; ; ; ; ; ; ; ; ; ; ;12;669,039843869812
3356168;1;4;1; ; ; ; ; ; ; ; ; ; ; ; ;12;669,039843869812
3356168;1;5;1; ; ; ; ; ; ; ; ; ; ; ; ;12;669,039843869812
3356169;1;1;2;2;05; ;2; ; ;1;2; ; ;1; ;12;1270,20589244173
3356169;1;2;2;1; ; ;2; ; ;1;2; ; ;1; ;12;1270,20589244173
3356170;1;1;1; ; ; ; ; ; ; ; ; ; ; ; ;12;1084,26019426026
3356170;1;2;1; ; ; ; ; ; ; ; ; ; ; ; ;12;1084,26019426026
3356170;1;3;1; ; ; ; ; ; ; ; ; ; ; ; ;12;1084,26019426026
3356170;1;4;1; ; ; ; ; ; ; ; ; ; ; ; ;12;1084,26019426026
3356170;1;5;1; ; ; ; ; ; ; ; ; ; ; ; ;12;1084,26019426026
3356171;1;1;1; ; ; ; ; ; ; ; ; ; ; ; ;12;1226,08849281758
3356171;1;2;1; ; ; ; ; ; ; ; ; ; ; ; ;12;1226,08849281758
3356171;1;3;1; ; ; ; ; ; ; ; ; ; ; ; ;12;1226,08849281758
3356171;1;4;1; ; ; ; ; ; ; ; ; ; ; ; ;12;1226,08849281758
3356171;1;5;1; ; ; ; ; ; ; ; ; ; ; ; ;12;1226,08849281758
3356171;1;6;1; ; ; ; ; ; ; ; ; ; ; ; ;12;1226,08849281758
3356171;1;7;1; ; ; ; ; ; ; ; ; ; ; ; ;12;1226,08849281758
3356171;1;8;1; ; ; ; ; ; ; ; ; ; ; ; ;12;1226,08849281758
3356171;1;9;1; ; ; ; ; ; ; ; ; ; ; ; ;12;1226,08849281758
3356172;1;1;1; ; ; ; ; ; ; ; ; ; ; ; ;12;1017,64158508927
3356172;1;2;1; ; ; ; ; ; ; ; ; ; ; ; ;12;1017,64158508927
3356172;1;3;1; ; ; ; ; ; ; ; ; ; ; ; ;12;1017,64158508927
3356173;1;1;2;2;05; ;2; ; ;1;2; ; ;1; ;12;1119,68840355239
3356173;1;2;2;2;05; ;2; ; ;1;2; ; ;1; ;12;1119,68840355239
3356174;1;1;2;2;05; ;2; ; ;1;2; ; ;1; ;12;1534,15293837482
3356174;1;2;2;2;05; ;2; ; ;1;2; ; ;1; ;12;1534,15293837482
3356174;1;3;1; ; ; ; ; ; ; ; ; ; ; ; ;12;1534,15293837482
3356174;1;4;1; ; ; ; ; ; ; ; ; ; ; ; ;12;1534,15293837482
3356174;1;5;2;2;05; ;2; ; ;1;2; ; ;1; ;12;1534,15293837482
3356175;1;1;1; ; ; ; ; ; ; ; ; ; ; ; ;12;934,00697298533
3356175;1;2;1; ; ; ; ; ; ; ; ; ; ; ; ;12;934,00697298533
3356175;1;3;1; ; ; ; ; ; ; ; ; ; ; ; ;12;934,00697298533
3356175;1;4;1; ; ; ; ; ; ; ; ; ; ; ; ;12;934,00697298533
3356177;1;1;2;2;23; ;2; ; ;1;2; ; ;1; ;12;859,123603554493
3356177;1;2;2;2;23; ;2; ; ;1;2; ; ;1; ;12;859,123603554493
3356177;1;3;1; ; ; ; ; ; ; ; ; ; ; ; ;12;859,123603554493
3356177;1;4;1; ; ; ; ; ; ; ; ; ; ; ; ;12;859,123603554493
3356177;1;5;1; ; ; ; ; ; ; ; ; ; ; ; ;12;859,123603554493
3356178;1;1;2;2;70; ;2; ; ;1;2; ; ;1; ;12;1096,63630824225
3356178;1;2;1; ; ; ; ; ; ; ; ; ; ; ; ;12;1096,63630824225
3356178;1;3;1; ; ; ; ; ; ; ; ; ; ; ; ;12;1096,63630824225
3356179;1;1;1; ; ; ; ; ; ; ; ; ; ; ; ;12;918,310665409242
3356179;1;2;1; ; ; ; ; ; ; ; ; ; ; ; ;12;918,310665409242
3356179;1;3;1; ; ; ; ; ; ; ; ; ; ; ; ;12;918,310665409242
3356179;1;4;1; ; ; ; ; ; ; ; ; ; ; ; ;12;918,310665409242
3356180;1;1;1; ; ; ; ; ; ; ; ; ; ; ; ;12;1051,72339124348
3356181;1;1;2;2;05; ;2; ; ;1;2; ; ;1; ;12;1202,24088013282
3356182;1;1;1; ; ; ; ; ; ; ; ; ; ; ; ;12;1575,12766464917
3356182;1;2;2;2;68; ;2; ; ;1;2; ; ;1; ;12;1575,12766464917
3356182;1;3;1; ; ; ; ; ; ; ; ; ; ; ; ;12;1575,12766464917
3356182;1;4;1; ; ; ; ; ; ; ; ; ; ; ; ;12;1575,12766464917
3356182;1;5;1; ; ; ; ; ; ; ; ; ; ; ; ;12;1575,12766464917
3356182;1;6;1; ; ; ; ; ; ; ; ; ; ; ; ;12;1575,12766464917
3356182;1;7;1; ; ; ; ; ; ; ; ; ; ; ; ;12;1575,12766464917
3356182;1;8;1; ; ; ; ; ; ; ; ; ; ; ; ;12;1575,12766464917
3356183;1;1;2;2;68; ;2; ; ;1;2; ; ;1; ;12;1219,33661224955
3356183;1;2;2;2;52; ;2; ; ;1;2; ; ;1; ;12;1219,33661224955
3356183;1;3;1; ; ; ; ; ; ; ; ; ; ; ; ;12;1219,33661224955
3356183;1;4;1; ; ; ; ; ; ; ; ; ; ; ; ;12;1219,33661224955
3356184;1;1;1; ; ; ; ; ; ; ; ; ; ; ; ;12;1203,32301565633
3356185;1;1;2;2;05; ;2; ; ;1;2; ; ;1; ;12;1073,45901231117
3356185;1;2;2;2;05; ;2; ; ;1;2; ; ;1; ;12;1073,45901231117
3356185;1;3;1; ; ; ; ; ; ; ; ; ; ; ; ;12;1073,45901231117
3356186;1;1;2;2;23; ;2; ; ;1;2; ; ;1; ;12;1120,01472350789
3356186;1;2;2;2;23; ;3;23; ;1;2; ; ;1; ;12;1120,01472350789
3356186;1;3;1; ; ; ; ; ; ; ; ; ; ; ; ;12;1120,01472350789
3356186;1;4;1; ; ; ; ; ; ; ; ; ; ; ; ;12;1120,01472350789
3356186;1;5;2;2;23; ;3;23; ;2;3;23; ;2;1;12;1120,01472350789
3356187;1;1;1; ; ; ; ; ; ; ; ; ; ; ; ;12;1163,51918502765
3356187;1;2;2;2;05; ;2; ; ;1;2; ; ;1; ;12;1163,51918502765
3356187;1;3;2;2;08; ;2; ; ;1;2; ; ;1; ;12;1163,51918502765
3356187;1;4;1; ; ; ; ; ; ; ; ; ; ; ; ;12;1163,51918502765
3356188;1;1;1; ; ; ; ; ; ; ; ; ; ; ; ;12;786,782969909025
3356188;1;2;2;1; ; ;3;05; ;1;2; ; ;1; ;12;786,782969909025
3356188;1;3;2;2;05; ;3;05; ;2;2; ; ;1; ;12;786,782969909025
3356188;1;4;2;1; ; ;2; ; ;1;3;05; ;2;4;12;786,782969909025
3356189;1;1;1; ; ; ; ; ; ; ; ; ; ; ; ;12;1374,55282131652
3356189;1;2;1; ; ; ; ; ; ; ; ; ; ; ; ;12;1374,55282131652
3356189;1;3;1; ; ; ; ; ; ; ; ; ; ; ; ;12;1374,55282131652
3356189;1;4;1; ; ; ; ; ; ; ; ; ; ; ; ;12;1374,55282131652
3356189;1;5;1; ; ; ; ; ; ; ; ; ; ; ; ;12;1374,55282131652
3356189;1;6;1; ; ; ; ; ; ; ; ; ; ; ; ;12;1374,55282131652
3356189;1;7;1; ; ; ; ; ; ; ; ; ; ; ; ;12;1374,55282131652
3356190;1;1;2;2;66; ;2; ; ;1;2; ; ;1; ;12;1388,01107082203
3356190;1;2;1; ; ; ; ; ; ; ; ; ; ; ; ;12;1388,01107082203
3356190;1;3;1; ; ; ; ; ; ; ; ; ; ; ; ;12;1388,01107082203
3356190;1;4;1; ; ; ; ; ; ; ; ; ; ; ; ;12;1388,01107082203
3356190;1;5;1; ; ; ; ; ; ; ; ; ; ; ; ;12;1388,01107082203
3356191;1;1;2;2;05; ;2; ; ;1;2; ; ;1; ;12;1384,74429279006
3356191;1;2;2;2;05; ;2; ; ;1;2; ; ;1; ;12;1384,74429279006
3356191;1;3;2;2;05; ;2; ; ;1;2; ; ;1; ;12;1384,74429279006
3356191;1;4;1; ; ; ; ; ; ; ; ; ; ; ; ;12;1384,74429279006
3356191;1;5;2;2;05; ;2; ; ;1;2; ; ;1; ;12;1384,74429279006
3356191;1;6;1; ; ; ; ; ; ; ; ; ; ; ; ;12;1384,74429279006
3356191;1;7;1; ; ; ; ; ; ; ; ; ; ; ; ;12;1384,74429279006
3356192;1;1;2;2;05; ;2; ; ;1;2; ; ;1; ;12;1017,64158508927
3356192;1;2;1; ; ; ; ; ; ; ; ; ; ; ; ;12;1017,64158508927
3356192;1;3;1; ; ; ; ; ; ; ; ; ; ; ; ;12;1017,64158508927
3356193;1;1;2;2;05; ;2; ; ;1;2; ; ;1; ;12;1253,42744934213
3356193;1;2;1; ; ; ; ; ; ; ; ; ; ; ; ;12;1253,42744934213
3356194;1;1;2;2;05; ;2; ; ;1;2; ; ;1; ;12;1203,32301565633
3356195;1;1;2;2;05; ;2; ; ;1;2; ; ;1; ;12;777,767459621514
3356195;1;2;2;2;05; ;2; ; ;1;2; ; ;1; ;12;777,767459621514
3356195;1;3;2;2;05; ;2; ; ;1;2; ; ;1; ;12;777,767459621514
3356195;1;4;1; ; ; ; ; ; ; ; ; ; ; ; ;12;777,767459621514
3356195;1;5;1; ; ; ; ; ; ; ; ; ; ; ; ;12;777,767459621514
3356196;1;1;2;2;05; ;3;05; ;1;2; ; ;1; ;12;1321,39246165104
3356196;1;2;2;2;05; ;3;05; ;1;2; ; ;1; ;12;1321,39246165104
3356196;1;3;1; ; ; ; ; ; ; ; ; ; ; ; ;12;1321,39246165104
3356198;1;1;2;2;05; ;2; ; ;1;2; ; ;1; ;12;870,417582012964
3356198;1;2;1; ; ; ; ; ; ; ; ; ; ; ; ;12;870,417582012964
3356198;1;3;2;2;05; ;2; ; ;1;2; ; ;1; ;12;870,417582012964
3356199;1;1;2;2;66; ;2; ; ;1;2; ; ;1; ;12;1091,87121867036
3356199;1;2;2;2;17; ;2; ; ;1;2; ; ;1; ;12;1091,87121867036
3356199;1;3;2;2;17; ;2; ; ;1;2; ; ;1; ;12;1091,87121867036
3356200;1;1;1; ; ; ; ; ; ; ; ; ; ; ; ;12;1190,94690167434
3356200;1;2;1; ; ; ; ; ; ; ; ; ; ; ; ;12;1190,94690167434
3356200;1;3;1; ; ; ; ; ; ; ; ; ; ; ; ;12;1190,94690167434
3356201;1;1;1; ; ; ; ; ; ; ; ; ; ; ; ;12;1203,32301565633
3356202;1;1;1; ; ; ; ; ; ; ; ; ; ; ; ;12;1321,39246165104
3356202;1;2;2;2;05; ;2; ; ;1;2; ; ;1; ;12;1321,39246165104
3356202;1;3;1; ; ; ; ; ; ; ; ; ; ; ; ;12;1321,39246165104
3356203;1;1;1; ; ; ; ; ; ; ; ; ; ; ; ;12;1338,17090475065
3356203;1;2;1; ; ; ; ; ; ; ; ; ; ; ; ;12;1338,17090475065
3356203;1;3;1; ; ; ; ; ; ; ; ; ; ; ; ;12;1338,17090475065
3356204;1;1;2;2;27; ;2; ; ;1;2; ; ;1; ;12;1467,27006158942
3356204;1;2;2;2;05; ;2; ; ;1;2; ; ;1; ;12;1467,27006158942
3356204;1;3;1; ; ; ; ; ; ; ; ; ; ; ; ;12;1467,27006158942
3356204;1;4;1; ; ; ; ; ; ; ; ; ; ; ; ;12;1467,27006158942
3356205;1;1;2;2;05; ;2; ; ;1;2; ; ;1; ;12;1326,02331966363
3356205;1;2;1; ; ; ; ; ; ; ; ; ; ; ; ;12;1326,02331966363
3356206;1;1;2;2;05; ;2; ; ;1;2; ; ;1; ;12;1243,47084308321
3356206;1;2;2;2;05; ;2; ; ;1;2; ; ;1; ;12;1243,47084308321
3356206;1;3;1; ; ; ; ; ; ; ; ; ; ; ; ;12;1243,47084308321
3356207;1;1;1; ; ; ; ; ; ; ; ; ; ; ; ;12;949,676572780353
3356207;1;2;2;2;05; ;2; ; ;1;2; ; ;1; ;12;949,676572780353
3356208;1;1;2;2;05; ;2; ; ;1;2; ; ;1; ;12;1259,14044287823
3356209;1;1;1; ; ; ; ; ; ; ; ; ; ; ; ;12;949,676572780353
3356209;1;2;1; ; ; ; ; ; ; ; ; ; ; ; ;12;949,676572780353
3356210;1;1;2;2;05; ;3;05; ;1;2; ; ;1; ;12;1202,24088013282
3356211;1;1;2;2;05; ;2; ; ;1;2; ; ;1; ;12;1270,20589244173
3356211;1;2;1; ; ; ; ; ; ; ; ; ; ; ; ;12;1270,20589244173
3356213;1;1;2;2;05; ;3;05; ;1;2; ; ;1; ;12;1253,51620946428
3356213;1;2;2;2;05; ;3;05; ;1;2; ; ;1; ;12;1253,51620946428
3356213;1;3;2;2;05; ;3;05; ;1;3;05; ;1; ;12;1253,51620946428
3356213;1;4;2;2;05; ;3;05; ;1;2; ; ;1; ;12;1253,51620946428
3356213;1;5;2;2;05; ;3;05; ;1;2; ; ;1; ;12;1253,51620946428
3356213;1;6;2;2;05; ;3;05; ;1;2; ; ;1; ;12;1253,51620946428
3356213;1;7;2;2;76; ;3;05; ;1;2; ; ;1; ;12;1253,51620946428
3356213;1;8;2;2;05; ;1; ; ; ;2; ; ;1; ;12;1253,51620946428
3356214;1;1;2;2;05; ;3;05; ;1;2; ; ;1; ;12;950,758708303871
3356214;1;2;2;2;05; ;2; ; ;1;2; ; ;1; ;12;950,758708303871
3356215;1;1;2;2;54; ;2; ; ;1;2; ; ;1; ;12;1084,26019426026
3356215;1;2;2;2;54; ;2; ; ;1;2; ; ;1; ;12;1084,26019426026
3356215;1;3;2;2;54; ;2; ; ;1;2; ; ;1; ;12;1084,26019426026
3356215;1;4;1; ; ; ; ; ; ; ; ; ; ; ; ;12;1084,26019426026
3356215;1;5;1; ; ; ; ; ; ; ; ; ; ; ; ;12;1084,26019426026
3356216;1;1;2;2;05; ;2; ; ;1;2; ; ;1; ;12;1203,32301565633
3356217;1;1;2;2;54; ;2; ; ;1;2; ; ;1; ;12;949,676572780353
3356217;1;2;2;1; ; ;2; ; ;1;2; ; ;1; ;12;949,676572780353
3356218;1;1;2;2;05; ;2; ; ;1;2; ; ;1; ;12;1186,57128033779
3356218;1;2;2;2;27; ;2; ; ;1;2; ; ;1; ;12;1186,57128033779
3356218;1;3;2;1; ; ;2; ; ;1;2; ; ;1; ;12;1186,57128033779
3356219;1;1;1; ; ; ; ; ; ; ; ; ; ; ; ;12;1068,82815429858
3356219;1;2;1; ; ; ; ; ; ; ; ; ; ; ; ;12;1068,82815429858
3356219;1;3;1; ; ; ; ; ; ; ; ; ; ; ; ;12;1068,82815429858
3356219;1;4;1; ; ; ; ; ; ; ; ; ; ; ; ;12;1068,82815429858
3356220;1;1;1; ; ; ; ; ; ; ; ; ; ; ; ;12;1043,72289859804
3356220;1;2;1; ; ; ; ; ; ; ; ; ; ; ; ;12;1043,72289859804
3356220;1;3;1; ; ; ; ; ; ; ; ; ; ; ; ;12;1043,72289859804
3356221;1;1;2;2;05; ;2; ; ;1;2; ; ;1; ;12;1270,20589244173
3356221;1;2;2;2;05; ;2; ; ;1;2; ; ;1; ;12;1270,20589244173
3356222;1;1;2;2;05; ;2; ; ;1;2; ; ;1; ;12;843,682532654443
3356222;1;2;2;2;05; ;2; ; ;1;2; ; ;1; ;12;843,682532654443
3356222;1;3;2;2;05; ;2; ; ;1;2; ; ;1; ;12;843,682532654443
3356222;1;4;1; ; ; ; ; ; ; ; ; ; ; ; ;12;843,682532654443
3356223;1;1;2;2;05; ;2; ; ;1;2; ; ;1; ;12;1379,40086770104
3356223;1;2;2;2;05; ;2; ; ;1;2; ; ;1; ;12;1379,40086770104
3356223;1;3;2;2;05; ;2; ; ;1;2; ; ;1; ;12;1379,40086770104
3356223;1;4;2;2;05; ;2; ; ;1;2; ; ;1; ;12;1379,40086770104
3356223;1;5;2;2;05; ;2; ; ;1;2; ; ;1; ;12;1379,40086770104
3356224;1;1;2;2;08; ;2; ; ;1;2; ; ;1; ;12;1393,98833197255
3356224;1;2;1; ; ; ; ; ; ; ; ; ; ; ; ;12;1393,98833197255
3356224;1;3;1; ; ; ; ; ; ; ; ; ; ; ; ;12;1393,98833197255
3356225;1;1;2;2;05; ;2; ; ;1;2; ; ;1; ;12;1122,98188936543
3356225;1;2;1; ; ; ; ; ; ; ; ; ; ; ; ;12;1122,98188936543
3356227;1;1;2;2;05; ;3;05; ;1;2; ; ;1; ;12;803,534705227566
3356227;1;2;2;2;05; ;2; ; ;1;2; ; ;1; ;12;803,534705227566
3356228;1;1;2;1; ; ;2; ; ;1;2; ; ;1; ;12;1190,94690167434
3356228;1;2;2;1; ; ;2; ; ;1;2; ; ;1; ;12;1190,94690167434
3356228;1;3;2;2;05; ;2; ; ;1;2; ; ;1; ;12;1190,94690167434
3356229;1;1;1; ; ; ; ; ; ; ; ; ; ; ; ;12;1073,45901231117
3356229;1;2;1; ; ; ; ; ; ; ; ; ; ; ; ;12;1073,45901231117
3356229;1;3;1; ; ; ; ; ; ; ; ; ; ; ; ;12;1073,45901231117
3356230;1;1;2;2;05; ;2; ; ;1;2; ; ;1; ;12;1428,42316586332
3356230;1;2;2;2;05; ;2; ; ;1;2; ; ;1; ;12;1428,42316586332
3356230;1;3;2;1; ; ;2; ; ;1;2; ; ;1; ;12;1428,42316586332
3356230;1;4;1; ; ; ; ; ; ; ; ; ; ; ; ;12;1428,42316586332
3356230;1;5;1; ; ; ; ; ; ; ; ; ; ; ; ;12;1428,42316586332
3356230;1;6;2;2;05; ;2; ; ;1;2; ; ;1; ;12;1428,42316586332
3356231;1;1;2;2;05; ;2; ; ;1;2; ; ;1; ;12;1336,82450161272
3356231;1;2;2;2;05; ;2; ; ;1;2; ; ;1; ;12;1336,82450161272
3356231;1;3;1; ; ; ; ; ; ; ; ; ; ; ; ;12;1336,82450161272
3356231;1;4;1; ; ; ; ; ; ; ; ; ; ; ; ;12;1336,82450161272
3356232;1;1;1; ; ; ; ; ; ; ; ; ; ; ; ;12;1321,39246165104
3356232;1;2;1; ; ; ; ; ; ; ; ; ; ; ; ;12;1321,39246165104
3356232;1;3;1; ; ; ; ; ; ; ; ; ; ; ; ;12;1321,39246165104
3356233;1;1;1; ; ; ; ; ; ; ; ; ; ; ; ;12;1203,32301565633
3356234;1;1;2;2;05; ;3;85; ;1;3;05; ;1; ;12;1270,20589244173
3356234;1;2;2;2;05; ;3;76; ;1;3;05; ;1; ;12;1270,20589244173
3356235;1;1;1; ; ; ; ; ; ; ; ; ; ; ; ;12;1493,99608000957
3356235;1;2;1; ; ; ; ; ; ; ; ; ; ; ; ;12;1493,99608000957
3356235;1;3;1; ; ; ; ; ; ; ; ; ; ; ; ;12;1493,99608000957
3356236;1;1;2;2;27; ;2; ; ;1;2; ; ;1; ;12;1538,519528773
3356236;1;2;2;2;27; ;2; ; ;1;2; ; ;1; ;12;1538,519528773
3356236;1;3;1; ; ; ; ; ; ; ; ; ; ; ; ;12;1538,519528773
3356236;1;4;1; ; ; ; ; ; ; ; ; ; ; ; ;12;1538,519528773
3356236;1;5;1; ; ; ; ; ; ; ; ; ; ; ; ;12;1538,519528773
3356237;1;1;1; ; ; ; ; ; ; ; ; ; ; ; ;12;1439,19764003134
3356237;1;2;1; ; ; ; ; ; ; ; ; ; ; ; ;12;1439,19764003134
3356237;1;3;1; ; ; ; ; ; ; ; ; ; ; ; ;12;1439,19764003134
3356237;1;4;1; ; ; ; ; ; ; ; ; ; ; ; ;12;1439,19764003134
3356237;1;5;1; ; ; ; ; ; ; ; ; ; ; ; ;12;1439,19764003134
3356237;1;6;1; ; ; ; ; ; ; ; ; ; ; ; ;12;1439,19764003134
3356238;1;1;1; ; ; ; ; ; ; ; ; ; ; ; ;12;696,936757935631
3356238;1;2;1; ; ; ; ; ; ; ; ; ; ; ; ;12;696,936757935631
3356238;1;3;1; ; ; ; ; ; ; ; ; ; ; ; ;12;696,936757935631
3356238;1;4;1; ; ; ; ; ; ; ; ; ; ; ; ;12;696,936757935631
3356238;1;5;1; ; ; ; ; ; ; ; ; ; ; ; ;12;696,936757935631
3356238;1;6;1; ; ; ; ; ; ; ; ; ; ; ; ;12;696,936757935631
3356238;1;7;1; ; ; ; ; ; ; ; ; ; ; ; ;12;696,936757935631
3356238;1;8;1; ; ; ; ; ; ; ; ; ; ; ; ;12;696,936757935631
3356238;1;9;1; ; ; ; ; ; ; ; ; ; ; ; ;12;696,936757935631
3356238;1;10;1; ; ; ; ; ; ; ; ; ; ; ; ;12;696,936757935631
3356239;1;1;1; ; ; ; ; ; ; ; ; ; ; ; ;12;938,382594321881
3356239;1;2;1; ; ; ; ; ; ; ; ; ; ; ; ;12;938,382594321881
3356239;1;3;1; ; ; ; ; ; ; ; ; ; ; ; ;12;938,382594321881
3356239;1;4;1; ; ; ; ; ; ; ; ; ; ; ; ;12;938,382594321881
3356240;1;1;2;2;05; ;2; ; ;1;2; ; ;1; ;12;1163,51918502765
3356240;1;2;1; ; ; ; ; ; ; ; ; ; ; ; ;12;1163,51918502765
3356240;1;3;1; ; ; ; ; ; ; ; ; ; ; ; ;12;1163,51918502765
3356240;1;4;2;2;05; ;2; ; ;1;2; ; ;1; ;12;1163,51918502765
3356242;1;1;1; ; ; ; ; ; ; ; ; ; ; ; ;12;972,46440047609
3356242;1;2;1; ; ; ; ; ; ; ; ; ; ; ; ;12;972,46440047609
3356243;1;1;1; ; ; ; ; ; ; ; ; ; ; ; ;12;1326,02331966363
3356243;1;2;1; ; ; ; ; ; ; ; ; ; ; ; ;12;1326,02331966363
3356245;1;1;1; ; ; ; ; ; ; ; ; ; ; ; ;12;1388,27533843644
3356245;1;2;1; ; ; ; ; ; ; ; ; ; ; ; ;12;1388,27533843644
3356245;1;3;1; ; ; ; ; ; ; ; ; ; ; ; ;12;1388,27533843644
3356245;1;4;1; ; ; ; ; ; ; ; ; ; ; ; ;12;1388,27533843644
3356247;1;1;2;2;05; ;2; ; ;1;2; ; ;1; ;12;1122,98188936543
3356247;1;2;1; ; ; ; ; ; ; ; ; ; ; ; ;12;1122,98188936543
3356248;1;1;2;2;66; ;2; ; ;1;2; ; ;1; ;12;1051,72339124348
3356250;1;1;1; ; ; ; ; ; ; ; ; ; ; ; ;12;1187,65341586131
3356250;1;2;1; ; ; ; ; ; ; ; ; ; ; ; ;12;1187,65341586131
3356250;1;3;1; ; ; ; ; ; ; ; ; ; ; ; ;12;1187,65341586131
3356251;1;1;2;2;05; ;2; ; ;1;2; ; ;1; ;12;1190,94690167434
3356251;1;2;2;2;05; ;2; ; ;1;2; ; ;1; ;12;1190,94690167434
3356251;1;3;2;2;23; ;2; ; ;1;2; ; ;1; ;12;1190,94690167434
3356253;1;1;1; ; ; ; ; ; ; ; ; ; ; ; ;12;1095,28990510432
3356253;1;2;1; ; ; ; ; ; ; ; ; ; ; ; ;12;1095,28990510432
3356253;1;3;1; ; ; ; ; ; ; ; ; ; ; ; ;12;1095,28990510432
3356253;1;4;1; ; ; ; ; ; ; ; ; ; ; ; ;12;1095,28990510432
3356254;1;1;2;2;73; ;2; ; ;1;2; ; ;1; ;12;1202,24088013282
3356255;1;1;2;2;05; ;2; ; ;1;2; ; ;1; ;12;1257,82977845974
3356255;1;2;2;2;05; ;2; ; ;1;2; ; ;1; ;12;1257,82977845974
3356255;1;3;2;2;05; ;2; ; ;1;2; ; ;1; ;12;1257,82977845974
3356255;1;4;2;2;05; ;2; ; ;1;2; ; ;1; ;12;1257,82977845974
3356256;1;1;2;2;27; ;2; ; ;1;2; ; ;1; ;12;964,463907830651
3356256;1;2;1; ; ; ; ; ; ; ; ; ; ; ; ;12;964,463907830651
3356256;1;3;1; ; ; ; ; ; ; ; ; ; ; ; ;12;964,463907830651
3356256;1;4;1; ; ; ; ; ; ; ; ; ; ; ; ;12;964,463907830651
3356257;1;1;2;2;05; ;2; ; ;1;2; ; ;1; ;12;567,679001673709
3356257;1;2;2;2;05; ;2; ; ;1;2; ; ;1; ;12;567,679001673709
3356257;1;3;1; ; ; ; ; ; ; ; ; ; ; ; ;12;567,679001673709
3356257;1;4;2;2;05; ;2; ; ;1;2; ; ;1; ;12;567,679001673709
3356257;1;5;1; ; ; ; ; ; ; ; ; ; ; ; ;12;567,679001673709
3356257;1;6;2;2;05; ;2; ; ;1;2; ; ;1; ;12;567,679001673709
3356257;1;7;2;2;05; ;2; ; ;1;3;05; ;1; ;12;567,679001673709
3356257;1;8;2;2;05; ;2; ; ;1;2; ; ;1; ;12;567,679001673709
3356257;1;9;2;2;05; ;2; ; ;1;2; ; ;1; ;12;567,679001673709
3356257;1;10;2;2;05; ;2; ; ;1;2; ; ;1; ;12;567,679001673709
3356257;1;11;2;2;05; ;2; ; ;1;2; ; ;1; ;12;567,679001673709
3356257;1;12;2;2;05; ;2; ; ;1;2; ; ;1; ;12;567,679001673709
3356258;1;1;2;2;05; ;2; ; ;1;2; ; ;1; ;12;1062,1650338527
3356258;1;2;1; ; ; ; ; ; ; ; ; ; ; ; ;12;1062,1650338527
3356258;1;3;1; ; ; ; ; ; ; ; ; ; ; ; ;12;1062,1650338527
3356258;1;4;2;2;05; ;2; ; ;1;2; ; ;1; ;12;1062,1650338527
3356258;1;5;2;2;05; ;2; ; ;1;2; ; ;1; ;12;1062,1650338527
3356259;1;1;2;2;05; ;2; ; ;1;2; ; ;1; ;12;949,676572780353
3356259;1;2;1; ; ; ; ; ; ; ; ; ; ; ; ;12;949,676572780353
3356260;1;1;2;2;23; ;2; ; ;1;2; ; ;1; ;12;895,258570099095
3356260;1;2;1; ; ; ; ; ; ; ; ; ; ; ; ;12;895,258570099095
3356260;1;3;1; ; ; ; ; ; ; ; ; ; ; ; ;12;895,258570099095
3356260;1;4;1; ; ; ; ; ; ; ; ; ; ; ; ;12;895,258570099095
3356260;1;5;2;2;05; ;2; ; ;1;2; ; ;1; ;12;895,258570099095
3356261;1;1;2;1; ; ;2; ; ;1;2; ; ;1; ;12;1016,29518195134
3356261;1;2;1; ; ; ; ; ; ; ; ; ; ; ; ;12;1016,29518195134
3356261;1;3;1; ; ; ; ; ; ; ; ; ; ; ; ;12;1016,29518195134
3356261;1;4;1; ; ; ; ; ; ; ; ; ; ; ; ;12;1016,29518195134
3356262;1;1;2;2;66; ;2; ; ;1;2; ; ;1; ;12;1051,72339124348
3356264;1;1;2;2;17; ;2; ; ;1;2; ; ;1; ;12;922,941523421831
3356264;1;2;2;2;05; ;2; ; ;1;2; ; ;1; ;12;922,941523421831
3356264;1;3;1; ; ; ; ; ; ; ; ; ; ; ; ;12;922,941523421831
3356265;1;1;2;2;27; ;3;27; ;1;2; ; ;1; ;12;1203,32301565633
3356266;1;1;2;2;05; ;2; ; ;1;2; ; ;1; ;12;1124,06402488895
3356266;1;2;2;2;05; ;3;05; ;1;3;05; ;1; ;12;1124,06402488895
3356268;1;1;1; ; ; ; ; ; ; ; ; ; ; ; ;12;949,676572780353
3356268;1;2;1; ; ; ; ; ; ; ; ; ; ; ; ;12;949,676572780353
3356270;1;1;2;2;23; ;3;47; ;1;2; ; ;1; ;12;567,679001673709
3356270;1;2;2;2;44; ;3;44; ;1;2; ; ;1; ;12;567,679001673709
3356270;1;3;2;2;44; ;3;47; ;1;2; ; ;1; ;12;567,679001673709
3356270;1;4;2;2;44; ;3;47; ;1;3;44; ;1; ;12;567,679001673709
3356270;1;5;2;2;44; ;3;47; ;1;2; ; ;1; ;12;567,679001673709
3356270;1;6;2;2;05; ;3;05; ;1;3;05; ;1; ;12;567,679001673709
3356271;1;1;2;2;76; ;3;76; ;1;2; ; ;1; ;12;674,752837405919
3356271;1;2;2;2;76; ;3;76; ;1;2; ; ;1; ;12;674,752837405919
3356271;1;3;2;1; ; ;3;76; ;1;3;76; ;1; ;12;674,752837405919
3356271;1;4;2;1; ; ;3;76; ;1;3;76; ;1; ;12;674,752837405919
3356272;1;1;2;2;05; ;2; ; ;1;2; ; ;1; ;12;949,676572780353
3356272;1;2;2;2;05; ;2; ; ;1;2; ; ;1; ;12;949,676572780353
3356273;1;1;2;2;05; ;2; ; ;1;2; ; ;1; ;12;1068,82815429858
3356273;1;2;2;2;05; ;2; ; ;1;2; ; ;1; ;12;1068,82815429858
3356273;1;3;1; ; ; ; ; ; ; ; ; ; ; ; ;12;1068,82815429858
3356273;1;4;2;2;05; ;3;05; ;1;2; ; ;1; ;12;1068,82815429858
3356274;1;1;1; ; ; ; ; ; ; ; ; ; ; ; ;12;871,499717536482
3356274;1;2;1; ; ; ; ; ; ; ; ; ; ; ; ;12;871,499717536482
3356274;1;3;1; ; ; ; ; ; ; ; ; ; ; ; ;12;871,499717536482
3356275;1;1;2;2;05; ;3;05; ;1;2; ; ;1; ;12;1079,21316023126
3356275;1;2;2;2;05; ;3;05; ;1;2; ; ;1; ;12;1079,21316023126
3356275;1;3;2;2;05; ;3;05; ;1;2; ; ;1; ;12;1079,21316023126
3356275;1;4;2;2;05; ;3;05; ;1;2; ; ;1; ;12;1079,21316023126
3356276;1;1;2;2;05; ;2; ; ;1;2; ; ;1; ;12;1203,32301565633
3356277;1;1;2;2;05; ;2; ; ;1;2; ; ;1; ;12;1111,68791090696
3356277;1;2;2;2;05; ;2; ; ;1;2; ; ;1; ;12;1111,68791090696
3356277;1;3;1; ; ; ; ; ; ; ; ; ; ; ; ;12;1111,68791090696
3356277;1;4;2;2;05; ;2; ; ;1;2; ; ;1; ;12;1111,68791090696
3356278;1;1;2;2;05; ;2; ; ;1;2; ; ;1; ;12;1310,35371986861
3356278;1;2;2;2;05; ;2; ; ;1;2; ; ;1; ;12;1310,35371986861
3356278;1;3;2;2;05; ;2; ; ;1;2; ; ;1; ;12;1310,35371986861
3356278;1;4;2;2;05; ;3;05; ;1;2; ; ;1; ;12;1310,35371986861
3356279;1;1;2;2;05; ;2; ; ;1;2; ; ;1; ;12;1178,57078769235
3356279;1;2;2;2;05; ;2; ; ;1;2; ; ;1; ;12;1178,57078769235
3356279;1;3;2;2;05; ;2; ; ;1;2; ; ;1; ;12;1178,57078769235
3356279;1;4;2;2;05; ;2; ; ;1;2; ; ;1; ;12;1178,57078769235
3356279;1;5;2;2;05; ;2; ; ;1;2; ; ;1; ;12;1178,57078769235
3356280;1;1;2;2;76; ;2; ; ;1;2; ; ;1; ;12;1163,51918502765
3356280;1;2;2;2;05; ;2; ; ;1;2; ; ;1; ;12;1163,51918502765
3356280;1;3;1; ; ; ; ; ; ; ; ; ; ; ; ;12;1163,51918502765
3356280;1;4;1; ; ; ; ; ; ; ; ; ; ; ; ;12;1163,51918502765
3356281;1;1;2;2;05; ;2; ; ;1;2; ; ;1; ;12;1231,09472910122
3356281;1;2;2;2;05; ;2; ; ;1;2; ; ;1; ;12;1231,09472910122
3356281;1;3;1; ; ; ; ; ; ; ; ; ; ; ; ;12;1231,09472910122
3356281;1;4;1; ; ; ; ; ; ; ; ; ; ; ; ;12;1231,09472910122
3356281;1;5;2;2;05; ;2; ; ;1;2; ; ;1; ;12;1231,09472910122
3356282;1;1;2;2;05; ;2; ; ;1;2; ; ;1; ;12;938,382594321881
3356282;1;2;2;2;05; ;2; ; ;1;2; ; ;1; ;12;938,382594321881
3356282;1;3;2;2;05; ;2; ; ;1;2; ; ;1; ;12;938,382594321881
3356282;1;4;1; ; ; ; ; ; ; ; ; ; ; ; ;12;938,382594321881
3356283;1;1;2;2;05; ;3;05; ;1;2; ; ;1; ;12;1429,50530138684
3356283;1;2;2;2;05; ;3;05; ;1;2; ; ;1; ;12;1429,50530138684
3356283;1;3;2;2;05; ;3;05; ;1;2; ; ;1; ;12;1429,50530138684
3356283;1;4;2;2;05; ;3;05; ;1;2; ; ;1; ;12;1429,50530138684
3356283;1;5;1; ; ; ; ; ; ; ; ; ; ; ; ;12;1429,50530138684
3356283;1;6;2;2;05; ;3;05; ;1;2; ; ;1; ;12;1429,50530138684
3356284;1;1;2;2;05; ;2; ; ;1;2; ; ;1; ;12;1271,63202476344
3356284;1;2;1; ; ; ; ; ; ; ; ; ; ; ; ;12;1271,63202476344
3356284;1;3;1; ; ; ; ; ; ; ; ; ; ; ; ;12;1271,63202476344
3356284;2;1;2;2;05; ;3;11; ;1;3;11; ;1; ;12;1271,63202476344
3356284;2;2;2;2;05; ;3;11; ;1;3;11; ;1; ;12;1271,63202476344
3356284;2;3;2;2;11; ;3;11; ;1;3;11; ;1; ;12;1271,63202476344
3356284;2;4;2;2;11; ;1; ; ; ;3;11; ;1; ;12;1271,63202476344
3356285;1;1;2;2;63; ;2; ; ;1;2; ; ;1; ;12;1246,76432889624
3356285;1;2;2;2;05; ;2; ; ;1;2; ; ;1; ;12;1246,76432889624
3356285;1;3;1; ; ; ; ; ; ; ; ; ; ; ; ;12;1246,76432889624
3356286;1;1;2;2;05; ;2; ; ;1;2; ; ;1; ;12;855,454739470407
3356286;1;2;1; ; ; ; ; ; ; ; ; ; ; ; ;12;855,454739470407
3356286;1;3;1; ; ; ; ; ; ; ; ; ; ; ; ;12;855,454739470407
3356286;1;4;1; ; ; ; ; ; ; ; ; ; ; ; ;12;855,454739470407
3356286;1;5;1; ; ; ; ; ; ; ; ; ; ; ; ;12;855,454739470407
3356286;1;6;2;2;05; ;3;05; ;1;2; ; ;1; ;12;855,454739470407
3356286;1;7;1; ; ; ; ; ; ; ; ; ; ; ; ;12;855,454739470407
3356286;1;8;1; ; ; ; ; ; ; ; ; ; ; ; ;12;855,454739470407
3356287;1;1;2;2;05; ;3;05; ;1;2; ; ;1; ;12;1270,20589244173
3356287;1;2;2;2;05; ;2; ; ;1;2; ; ;1; ;12;1270,20589244173
3356288;1;1;2;2;05; ;3;05; ;1;3;05; ;1; ;12;1350,50154729549
3356288;1;2;2;2;05; ;3;05; ;1;3;05; ;1; ;12;1350,50154729549
3356288;1;3;2;2;05; ;3;05; ;1;3;05; ;1; ;12;1350,50154729549
3356288;1;4;2;2;05; ;3;05; ;1;3;05; ;1; ;12;1350,50154729549
3356288;1;5;2;2;05; ;3;05; ;1;3;05; ;1; ;12;1350,50154729549
3356288;1;6;2;2;05; ;3;05; ;1;3;05; ;1; ;12;1350,50154729549
3356289;1;1;1; ; ; ; ; ; ; ; ; ; ; ; ;12;1068,82815429858
3356289;1;2;2;2;05; ;2; ; ;1;2; ; ;1; ;12;1068,82815429858
3356289;1;3;2;2;05; ;2; ; ;1;2; ; ;1; ;12;1068,82815429858
3356289;1;4;1; ; ; ; ; ; ; ; ; ; ; ; ;12;1068,82815429858
3356290;1;1;2;2;05; ;2; ; ;1;2; ; ;1; ;12;640,641102356239
3356290;1;2;1; ; ; ; ; ; ; ; ; ; ; ; ;12;640,641102356239
3356290;1;3;1; ; ; ; ; ; ; ; ; ; ; ; ;12;640,641102356239
3356290;1;4;1; ; ; ; ; ; ; ; ; ; ; ; ;12;640,641102356239
3356291;1;1;1; ; ; ; ; ; ; ; ; ; ; ; ;12;1202,24088013282
3356292;1;1;2;2;05; ;3;05; ;2;2; ; ;1; ;12;1111,68791090696
3356292;1;2;2;2;05; ;3;05; ;2;2; ; ;1; ;12;1111,68791090696
3356292;1;3;2;2;05; ;3;05; ;2;2; ; ;1; ;12;1111,68791090696
3356292;1;4;2;2;05; ;3;05; ;2;2; ; ;1; ;12;1111,68791090696
3356293;1;1;2;2;05; ;2; ; ;1;2; ; ;1; ;12;1696,8089814128
3356293;1;2;2;2;05; ;2; ; ;1;2; ; ;1; ;12;1696,8089814128
3356293;1;3;1; ; ; ; ; ; ; ; ; ; ; ; ;12;1696,8089814128
3356293;1;4;2;2;66; ;2; ; ;1;2; ; ;1; ;12;1696,8089814128
3356293;1;5;1; ; ; ; ; ; ; ; ; ; ; ; ;12;1696,8089814128
3356293;1;6;1; ; ; ; ; ; ; ; ; ; ; ; ;12;1696,8089814128
3356294;1;1;1; ; ; ; ; ; ; ; ; ; ; ; ;12;1000,86314198966
3356294;1;2;2;2;05; ;2; ; ;1;2; ; ;1; ;12;1000,86314198966
3356294;1;3;1; ; ; ; ; ; ; ; ; ; ; ; ;12;1000,86314198966
3356295;1;1;2;2;52; ;2; ; ;1;2; ; ;1; ;12;765,077277736806
3356295;1;2;1; ; ; ; ; ; ; ; ; ; ; ; ;12;765,077277736806
3356295;1;3;1; ; ; ; ; ; ; ; ; ; ; ; ;12;765,077277736806
3356295;1;4;1; ; ; ; ; ; ; ; ; ; ; ; ;12;765,077277736806
3356296;1;1;2;2;05; ;2; ; ;1;2; ; ;1; ;12;765,077277736806
3356296;1;2;2;2;05; ;2; ; ;1;2; ; ;1; ;12;765,077277736806
3356296;1;3;1; ; ; ; ; ; ; ; ; ; ; ; ;12;765,077277736806
3356296;1;4;1; ; ; ; ; ; ; ; ; ; ; ; ;12;765,077277736806
3356297;1;1;2;2;05; ;2; ; ;1;2; ; ;1; ;12;1321,39246165104
3356297;1;2;2;2;05; ;2; ; ;1;2; ; ;1; ;12;1321,39246165104
3356297;1;3;1; ; ; ; ; ; ; ; ; ; ; ; ;12;1321,39246165104
3356298;1;1;2;2;66; ;2; ; ;1;2; ; ;1; ;12;1203,32301565633
3356299;1;1;2;2;05; ;2; ; ;1;2; ; ;1; ;12;1096,24684000691
3356299;1;2;1; ; ; ; ; ; ; ; ; ; ; ; ;12;1096,24684000691
3356299;1;3;1; ; ; ; ; ; ; ; ; ; ; ; ;12;1096,24684000691
3356300;1;1;1; ; ; ; ; ; ; ; ; ; ; ; ;12;1332,44888027617
3356300;1;2;1; ; ; ; ; ; ; ; ; ; ; ; ;12;1332,44888027617
3356300;1;3;1; ; ; ; ; ; ; ; ; ; ; ; ;12;1332,44888027617
3356300;1;4;2;2;05; ;2; ; ;1;2; ; ;1; ;12;1332,44888027617
3356301;1;1;1; ; ; ; ; ; ; ; ; ; ; ; ;12;1242,13347088365
3356301;1;2;1; ; ; ; ; ; ; ; ; ; ; ; ;12;1242,13347088365
3356301;1;3;1; ; ; ; ; ; ; ; ; ; ; ; ;12;1242,13347088365
3356301;1;4;1; ; ; ; ; ; ; ; ; ; ; ; ;12;1242,13347088365
3356302;1;1;2;2;17; ;2; ; ;1;2; ; ;1; ;12;1326,02331966363
3356302;1;2;1; ; ; ; ; ; ; ; ; ; ; ; ;12;1326,02331966363
3356303;1;1;1; ; ; ; ; ; ; ; ; ; ; ; ;12;1190,94690167434
3356303;1;2;2;2;68; ;2; ; ;1;2; ; ;1; ;12;1190,94690167434
3356303;1;3;1; ; ; ; ; ; ; ; ; ; ; ; ;12;1190,94690167434
3356305;1;1;2;2;05; ;2; ; ;1;2; ; ;1; ;12;1271,28802796525
3356305;1;2;2;2;05; ;2; ; ;1;2; ; ;1; ;12;1271,28802796525
3356306;1;1;1; ; ; ; ; ; ; ; ; ; ; ; ;12;1321,39246165104
3356306;1;2;1; ; ; ; ; ; ; ; ; ; ; ; ;12;1321,39246165104
3356306;1;3;1; ; ; ; ; ; ; ; ; ; ; ; ;12;1321,39246165104
3356308;1;1;2;2;05; ;2; ; ;1;2; ; ;1; ;12;867,124096199931
3356308;1;2;1; ; ; ; ; ; ; ; ; ; ; ; ;12;867,124096199931
3356308;1;3;2;2;08; ;2; ; ;1;2; ; ;1; ;12;867,124096199931
3356309;1;1;1; ; ; ; ; ; ; ; ; ; ; ; ;12;1187,65341586131
3356309;1;2;1; ; ; ; ; ; ; ; ; ; ; ; ;12;1187,65341586131
3356309;2;1;2;2;05; ;3;05; ;1;2; ; ;1; ;12;1187,65341586131
3356310;1;1;2;2;66; ;2; ; ;1;2; ; ;1; ;12;853,665846694424
3356310;1;2;2;2;66; ;2; ; ;1;2; ; ;1; ;12;853,665846694424
3356310;1;3;2;2;66; ;2; ; ;1;2; ; ;1; ;12;853,665846694424
3356310;1;4;1; ; ; ; ; ; ; ; ; ; ; ; ;12;853,665846694424
3356310;1;5;1; ; ; ; ; ; ; ; ; ; ; ; ;12;853,665846694424
3356313;1;1;2;2;63; ;2; ; ;1;2; ; ;1; ;12;1243,47084308321
3356313;1;2;2;2;05; ;2; ; ;1;2; ; ;1; ;12;1243,47084308321
3356313;1;3;1; ; ; ; ; ; ; ; ; ; ; ; ;12;1243,47084308321
3356314;1;1;1; ; ; ; ; ; ; ; ; ; ; ; ;12;910,954877675183
3356314;1;2;1; ; ; ; ; ; ; ; ; ; ; ; ;12;910,954877675183
3356314;1;3;1; ; ; ; ; ; ; ; ; ; ; ; ;12;910,954877675183
3356314;1;4;1; ; ; ; ; ; ; ; ; ; ; ; ;12;910,954877675183
3356314;1;5;1; ; ; ; ; ; ; ; ; ; ; ; ;12;910,954877675183
3356315;1;1;1; ; ; ; ; ; ; ; ; ; ; ; ;12;1482,7021015511
3356315;1;2;2;2;05; ;2; ; ;1;2; ; ;1; ;12;1482,7021015511
3356315;1;3;1; ; ; ; ; ; ; ; ; ; ; ; ;12;1482,7021015511
3356315;1;4;1; ; ; ; ; ; ; ; ; ; ; ; ;12;1482,7021015511
3356315;1;5;2;2;05; ;3;05; ;2;3;05; ;2;1;12;1482,7021015511
3356316;1;1;2;2;05; ;2; ; ;1;2; ; ;1; ;12;1336,82450161272
3356316;1;2;2;2;05; ;2; ; ;1;2; ; ;1; ;12;1336,82450161272
3356316;1;3;1; ; ; ; ; ; ; ; ; ; ; ; ;12;1336,82450161272
3356316;1;4;1; ; ; ; ; ; ; ; ; ; ; ; ;12;1336,82450161272
3356317;1;1;2;2;05; ;2; ; ;1;2; ; ;1; ;12;1657,97111662507
3356317;1;2;1; ; ; ; ; ; ; ; ; ; ; ; ;12;1657,97111662507
3356317;1;3;2;2;05; ;2; ; ;1;2; ; ;1; ;12;1657,97111662507
3356317;1;4;2;2;05; ;2; ; ;1;2; ; ;1; ;12;1657,97111662507
3356317;1;5;2;2;05; ;2; ; ;1;2; ; ;1; ;12;1657,97111662507
3356317;1;6;2;2;05; ;4; ;7; ;2; ; ;1; ;12;1657,97111662507
3356317;1;7;2;2;47; ;4; ;7; ;2; ; ;1; ;12;1657,97111662507
3356317;1;8;2;3; ;7;4; ;7; ;2; ; ;1; ;12;1657,97111662507
3356318;1;1;2;2;05; ;3;05; ;2;2; ; ;1; ;12;1321,39246165104
3356318;1;2;2;2;05; ;3;05; ;1;2; ; ;1; ;12;1321,39246165104
3356318;1;3;1; ; ; ; ; ; ; ; ; ; ; ; ;12;1321,39246165104
3356319;1;1;2;2;05; ;2; ; ;1;2; ; ;1; ;12;985,193542194641
3356319;1;2;2;1; ; ;2; ; ;1;2; ; ;1; ;12;985,193542194641
3356319;1;3;1; ; ; ; ; ; ; ; ; ; ; ; ;12;985,193542194641
3356319;1;4;1; ; ; ; ; ; ; ; ; ; ; ; ;12;985,193542194641
3356319;1;5;1; ; ; ; ; ; ; ; ; ; ; ; ;12;985,193542194641
3356320;1;1;2;2;05; ;3;11; ;1;2; ; ;1; ;12;1085,60659739819
3356320;1;2;2;1; ; ;2; ; ;1;2; ; ;1; ;12;1085,60659739819
3356320;1;3;1; ; ; ; ; ; ; ; ; ; ; ; ;12;1085,60659739819
3356320;1;4;2;1; ; ;2; ; ;1;2; ; ;1; ;12;1085,60659739819
3356321;1;1;1; ; ; ; ; ; ; ; ; ; ; ; ;12;949,412305165943
3356321;1;2;1; ; ; ; ; ; ; ; ; ; ; ; ;12;949,412305165943
3356321;1;3;1; ; ; ; ; ; ; ; ; ; ; ; ;12;949,412305165943
3356322;1;1;2;2;05; ;2; ; ;1;2; ; ;1; ;12;787,865105432543
3356322;1;2;1; ; ; ; ; ; ; ; ; ; ; ; ;12;787,865105432543
3356322;1;3;1; ; ; ; ; ; ; ; ; ; ; ; ;12;787,865105432543
3356322;1;4;1; ; ; ; ; ; ; ; ; ; ; ; ;12;787,865105432543
3356323;1;1;2;2;05; ;2; ; ;1;2; ; ;1; ;12;1186,63333267888
3356323;1;2;1; ; ; ; ; ; ; ; ; ; ; ; ;12;1186,63333267888
3356323;1;3;2;2;05; ;2; ; ;1;2; ; ;1; ;12;1186,63333267888
3356323;1;4;1; ; ; ; ; ; ; ; ; ; ; ; ;12;1186,63333267888
3356323;1;5;1; ; ; ; ; ; ; ; ; ; ; ; ;12;1186,63333267888
3356323;1;6;1; ; ; ; ; ; ; ; ; ; ; ; ;12;1186,63333267888
3356323;1;7;1; ; ; ; ; ; ; ; ; ; ; ; ;12;1186,63333267888
3356324;1;1;2;1; ; ;4; ;3; ;2; ; ;1; ;12;1067,48175116065
3356324;1;2;2;1; ; ;4; ;3; ;2; ; ;1; ;12;1067,48175116065
3356324;1;3;2;3; ;3;4; ;3; ;2; ; ;1; ;12;1067,48175116065
3356324;1;4;2;1; ; ;4; ;3; ;2; ; ;1; ;12;1067,48175116065
3356324;1;5;2;1; ; ;4; ;3; ;4; ;3; ;4;12;1067,48175116065
3356325;1;1;2;2;05; ;2; ; ;1;2; ; ;1; ;12;1327,10545518715
3356325;1;2;1; ; ; ; ; ; ; ; ; ; ; ; ;12;1327,10545518715
3356326;1;1;2;2;05; ;2; ; ;1;2; ; ;1; ;12;1242,13347088365
3356326;1;2;2;2;05; ;2; ; ;1;2; ; ;1; ;12;1242,13347088365
3356326;1;3;1; ; ; ; ; ; ; ; ; ; ; ; ;12;1242,13347088365
3356326;1;4;1; ; ; ; ; ; ; ; ; ; ; ; ;12;1242,13347088365
3356327;1;1;2;2;05; ;2; ; ;1;2; ; ;1; ;12;1000,86314198966
3356327;1;2;1; ; ; ; ; ; ; ; ; ; ; ; ;12;1000,86314198966
3356327;1;3;1; ; ; ; ; ; ; ; ; ; ; ; ;12;1000,86314198966
3356328;1;1;1; ; ; ; ; ; ; ; ; ; ; ; ;12;1467,27006158942
3356328;1;2;2;1; ; ;3;11; ;1;2; ; ;1; ;12;1467,27006158942
3356328;1;3;2;1; ; ;3;11; ;1;3;05; ;1; ;12;1467,27006158942
3356328;1;4;1; ; ; ; ; ; ; ; ; ; ; ; ;12;1467,27006158942
3356329;1;1;2;2;17; ;3;17; ;1;2; ; ;1; ;12;1253,42744934213
3356329;1;2;2;2;17; ;3;17; ;1;2; ; ;1; ;12;1253,42744934213
3356333;1;1;2;2;05; ;2; ; ;1;3;11; ;1; ;12;1000,86314198966
3356333;1;2;2;2;05; ;2; ; ;1;3;11; ;1; ;12;1000,86314198966
3356333;1;3;2;2;05; ;2; ; ;1;3;11; ;1; ;12;1000,86314198966
3356334;1;1;2;2;05; ;2; ; ;1;2; ; ;1; ;12;1237,7578495471
3356334;1;2;1; ; ; ; ; ; ; ; ; ; ; ; ;12;1237,7578495471
3356334;1;3;2;1; ; ;3;05; ;1;2; ; ;1; ;12;1237,7578495471
3356334;1;4;1; ; ; ; ; ; ; ; ; ; ; ; ;12;1237,7578495471
3356335;1;1;2;1; ; ;2; ; ;1;2; ; ;1; ;12;1174,16845857474
3356335;1;2;1; ; ; ; ; ; ; ; ; ; ; ; ;12;1174,16845857474
3356335;1;3;1; ; ; ; ; ; ; ; ; ; ; ; ;12;1174,16845857474
3356336;1;1;2;2;05; ;2; ; ;1;2; ; ;1; ;12;1237,7578495471
3356336;1;2;1; ; ; ; ; ; ; ; ; ; ; ; ;12;1237,7578495471
3356336;1;3;2;2;05; ;3;05; ;1;2; ; ;1; ;12;1237,7578495471
3356336;1;4;1; ; ; ; ; ; ; ; ; ; ; ; ;12;1237,7578495471
3356337;1;1;1; ; ; ; ; ; ; ; ; ; ; ; ;12;1043,72289859804
3356337;1;2;1; ; ; ; ; ; ; ; ; ; ; ; ;12;1043,72289859804
3356337;1;3;1; ; ; ; ; ; ; ; ; ; ; ; ;12;1043,72289859804
3356338;1;1;1; ; ; ; ; ; ; ; ; ; ; ; ;12;1231,48419733656
3356338;1;2;1; ; ; ; ; ; ; ; ; ; ; ; ;12;1231,48419733656
3356338;1;3;1; ; ; ; ; ; ; ; ; ; ; ; ;12;1231,48419733656
3356338;1;4;1; ; ; ; ; ; ; ; ; ; ; ; ;12;1231,48419733656
3356338;1;5;1; ; ; ; ; ; ; ; ; ; ; ; ;12;1231,48419733656
3356339;1;1;2;1; ; ;2; ; ;1;2; ; ;1; ;12;1146,5031820947
3356339;1;2;2;1; ; ;2; ; ;1;2; ; ;1; ;12;1146,5031820947
3356339;1;3;2;2;05; ;2; ; ;1;2; ; ;1; ;12;1146,5031820947
3356339;1;4;2;2;08; ;2; ; ;1;2; ; ;1; ;12;1146,5031820947
3356339;1;5;2;2;08; ;2; ; ;1;2; ; ;1; ;12;1146,5031820947
3356339;1;6;1; ; ; ; ; ; ; ; ; ; ; ; ;12;1146,5031820947
3356339;1;7;1; ; ; ; ; ; ; ; ; ; ; ; ;12;1146,5031820947
3356340;1;1;1; ; ; ; ; ; ; ; ; ; ; ; ;12;719,900093123627
3356340;1;2;1; ; ; ; ; ; ; ; ; ; ; ; ;12;719,900093123627
3356340;1;3;1; ; ; ; ; ; ; ; ; ; ; ; ;12;719,900093123627
3356341;1;1;2;2;05; ;2; ; ;1;2; ; ;1; ;12;1478,32648021455
3356341;1;2;2;2;05; ;2; ; ;1;2; ; ;1; ;12;1478,32648021455
3356341;1;3;1; ; ; ; ; ; ; ; ; ; ; ; ;12;1478,32648021455
3356341;1;4;2;2;05; ;2; ; ;1;2; ; ;1; ;12;1478,32648021455
3356341;1;5;1; ; ; ; ; ; ; ; ; ; ; ; ;12;1478,32648021455
3356342;1;1;2;2;05; ;2; ; ;1;2; ; ;1; ;12;1282,28129831053
3356342;1;2;2;2;05; ;3;05; ;1;2; ; ;1; ;12;1282,28129831053
3356342;1;3;1; ; ; ; ; ; ; ; ; ; ; ; ;12;1282,28129831053
3356342;1;4;1; ; ; ; ; ; ; ; ; ; ; ; ;12;1282,28129831053
3356342;1;5;2;2;05; ;3;05; ;1;2; ; ;1; ;12;1282,28129831053
3356342;1;6;2;2;05; ;3;05; ;1;2; ; ;1; ;12;1282,28129831053
3356343;1;1;1; ; ; ; ; ; ; ; ; ; ; ; ;12;1314,72934120516
3356343;1;2;1; ; ; ; ; ; ; ; ; ; ; ; ;12;1314,72934120516
3356343;1;3;1; ; ; ; ; ; ; ; ; ; ; ; ;12;1314,72934120516
3356343;1;4;1; ; ; ; ; ; ; ; ; ; ; ; ;12;1314,72934120516
3356344;1;1;1; ; ; ; ; ; ; ; ; ; ; ; ;12;1342,24581797401
3356344;1;2;1; ; ; ; ; ; ; ; ; ; ; ; ;12;1342,24581797401
3356344;1;3;1; ; ; ; ; ; ; ; ; ; ; ; ;12;1342,24581797401
3356344;1;4;1; ; ; ; ; ; ; ; ; ; ; ; ;12;1342,24581797401
3356344;2;1;1; ; ; ; ; ; ; ; ; ; ; ; ;12;1342,24581797401
3356344;3;1;1; ; ; ; ; ; ; ; ; ; ; ; ;12;1342,24581797401
3356344;3;2;1; ; ; ; ; ; ; ; ; ; ; ; ;12;1342,24581797401
3356344;4;1;1; ; ; ; ; ; ; ; ; ; ; ; ;12;1342,24581797401
3356344;4;2;1; ; ; ; ; ; ; ; ; ; ; ; ;12;1342,24581797401
3356345;1;1;1; ; ; ; ; ; ; ; ; ; ; ; ;12;567,679001673709
3356345;1;2;1; ; ; ; ; ; ; ; ; ; ; ; ;12;567,679001673709
3356345;1;3;1; ; ; ; ; ; ; ; ; ; ; ; ;12;567,679001673709
3356345;1;4;1; ; ; ; ; ; ; ; ; ; ; ; ;12;567,679001673709
3356345;1;5;1; ; ; ; ; ; ; ; ; ; ; ; ;12;567,679001673709
3356346;1;1;2;2;05; ;3;05; ;1;2; ; ;1; ;12;1203,32301565633
3356347;1;1;1; ; ; ; ; ; ; ; ; ; ; ; ;12;1190,94690167434
3356347;1;2;1; ; ; ; ; ; ; ; ; ; ; ; ;12;1190,94690167434
3356347;1;3;1; ; ; ; ; ; ; ; ; ; ; ; ;12;1190,94690167434
3356348;1;1;2;2;05; ;2; ; ;1;2; ; ;1; ;12;1118,60626802888
3356348;1;2;1; ; ; ; ; ; ; ; ; ; ; ; ;12;1118,60626802888
3356349;1;1;2;2;05; ;2; ; ;1;2; ; ;1; ;12;1259,14044287823
3356350;1;1;2;2;05; ;2; ; ;1;2; ; ;1; ;12;1040,7557327405
3356350;1;2;2;2;05; ;2; ; ;1;2; ; ;1; ;12;1040,7557327405
3356350;1;3;2;1; ; ;2; ; ;1;2; ; ;1; ;12;1040,7557327405
3356350;1;4;2;1; ; ;2; ; ;1;2; ; ;1; ;12;1040,7557327405
3356350;1;5;2;2;05; ;2; ; ;1;2; ; ;1; ;12;1040,7557327405
3356350;1;6;2;2;05; ;2; ; ;1;2; ; ;1; ;12;1040,7557327405
3356351;1;1;2;2;05; ;2; ; ;1;2; ; ;1; ;12;1338,48819376777
3356351;1;2;1; ; ; ; ; ; ; ; ; ; ; ; ;12;1338,48819376777
3356351;1;3;1; ; ; ; ; ; ; ; ; ; ; ; ;12;1338,48819376777
3356351;1;4;1; ; ; ; ; ; ; ; ; ; ; ; ;12;1338,48819376777
3356351;1;5;1; ; ; ; ; ; ; ; ; ; ; ; ;12;1338,48819376777
3356351;1;6;1; ; ; ; ; ; ; ; ; ; ; ; ;12;1338,48819376777
3356352;1;1;2;1; ; ;2; ; ;1;2; ; ;1; ;12;1186,57128033779
3356352;1;2;2;2;05; ;2; ; ;1;2; ; ;1; ;12;1186,57128033779
3356352;1;3;2;2;05; ;2; ; ;1;2; ; ;1; ;12;1186,57128033779
3356359;1;1;2;2;05; ;2; ; ;1;2; ; ;1; ;12;567,679001673709
3356359;1;2;1; ; ; ; ; ; ; ; ; ; ; ; ;12;567,679001673709
3356359;1;3;1; ; ; ; ; ; ; ; ; ; ; ; ;12;567,679001673709
3356360;1;1;2;1; ; ;2; ; ;1;2; ; ;1; ;12;1203,32301565633
3356361;1;1;2;2;05; ;2; ; ;1;2; ; ;1; ;12;1118,60626802888
3356361;1;2;2;2;05; ;2; ; ;1;2; ; ;1; ;12;1118,60626802888
3356362;1;1;1; ; ; ; ; ; ; ; ; ; ; ; ;12;1213,38605888009
3356362;1;2;1; ; ; ; ; ; ; ; ; ; ; ; ;12;1213,38605888009
3356362;1;3;1; ; ; ; ; ; ; ; ; ; ; ; ;12;1213,38605888009
3356362;1;4;1; ; ; ; ; ; ; ; ; ; ; ; ;12;1213,38605888009
3356362;1;5;1; ; ; ; ; ; ; ; ; ; ; ; ;12;1213,38605888009
3356362;1;6;1; ; ; ; ; ; ; ; ; ; ; ; ;12;1213,38605888009
3356362;1;7;1; ; ; ; ; ; ; ; ; ; ; ; ;12;1213,38605888009
3356362;1;8;1; ; ; ; ; ; ; ; ; ; ; ; ;12;1213,38605888009
3356363;1;1;2;2;17; ;3;17; ;2;3;17; ;2;4;12;882,793695994954
3356364;1;1;2;2;05; ;3;54; ;1;2; ; ;1; ;12;1336,82450161272
3356364;1;2;2;1; ; ;3;54; ;1;2; ; ;1; ;12;1336,82450161272
3356364;1;3;2;2;05; ;3;54; ;1;2; ; ;1; ;12;1336,82450161272
3356364;1;4;1; ; ; ; ; ; ; ; ; ; ; ; ;12;1336,82450161272
3356365;1;1;1; ; ; ; ; ; ; ; ; ; ; ; ;12;1243,47084308321
3356365;1;2;1; ; ; ; ; ; ; ; ; ; ; ; ;12;1243,47084308321
3356365;1;3;1; ; ; ; ; ; ; ; ; ; ; ; ;12;1243,47084308321
3356366;1;1;1; ; ; ; ; ; ; ; ; ; ; ; ;12;1326,02331966363
3356366;1;2;1; ; ; ; ; ; ; ; ; ; ; ; ;12;1326,02331966363
3356370;1;1;1; ; ; ; ; ; ; ; ; ; ; ; ;12;72,0681510091843
3356370;1;2;2;2;18; ;2; ; ;1;2; ; ;1; ;12;72,0681510091843
3356371;1;1;2;2;25; ;3;41; ;1;2; ; ;1; ;12;88,9207314960086
3356371;1;2;2;2;41; ;3;41; ;1;2; ; ;1; ;12;88,9207314960086
3356371;1;3;2;2;25; ;3;41; ;1;2; ; ;1; ;12;88,9207314960086
3356371;1;4;2;2;25; ;3;41; ;1;2; ; ;1; ;12;88,9207314960086
3356371;1;5;1; ; ; ; ; ; ; ; ; ; ; ; ;12;88,9207314960086
3356371;1;6;1; ; ; ; ; ; ; ; ; ; ; ; ;12;88,9207314960086
3356372;1;1;1; ; ; ; ; ; ; ; ; ; ; ; ;12;52,0101468503475
3356373;1;1;1; ; ; ; ; ; ; ; ; ; ; ; ;12;75,768239833496
3356374;1;1;1; ; ; ; ; ; ; ; ; ; ; ; ;12;61,984594511518
3356376;1;1;1; ; ; ; ; ; ; ; ; ; ; ; ;12;74,4784762279363
3356380;1;1;2;2;86; ;2; ; ;1;2; ; ;1; ;12;84,0793282613188
3356380;1;2;1; ; ; ; ; ; ; ; ; ; ; ; ;12;84,0793282613188
3356383;1;1;2;2;76; ;2; ; ;1;2; ; ;1; ;12;63,8889806012557
3356383;1;2;1; ; ; ; ; ; ; ; ; ; ; ; ;12;63,8889806012557
3356383;1;3;1; ; ; ; ; ; ; ; ; ; ; ; ;12;63,8889806012557
3356383;1;4;2;2;73; ;2; ; ;1;2; ; ;1; ;12;63,8889806012557
3356384;1;1;1; ; ; ; ; ; ; ; ; ; ; ; ;12;75,768239833496
3356385;1;1;1; ; ; ; ; ; ; ; ; ; ; ; ;12;60,0811204032525
3356385;1;2;2;2;18; ;2; ; ;1;2; ; ;1; ;12;60,0811204032525
3356385;1;3;1; ; ; ; ; ; ; ; ; ; ; ; ;12;60,0811204032525
3356385;1;4;1; ; ; ; ; ; ; ; ; ; ; ; ;12;60,0811204032525
3356386;1;1;2;2;05; ;2; ; ;1;2; ; ;1; ;12;60,4425300728533
3356386;1;2;1; ; ; ; ; ; ; ; ; ; ; ; ;12;60,4425300728533
3356386;1;3;1; ; ; ; ; ; ; ; ; ; ; ; ;12;60,4425300728533
3356387;1;1;2;2;17; ;2; ; ;1;2; ; ;1; ;12;72,17725984568
3356387;1;2;1; ; ; ; ; ; ; ; ; ; ; ; ;12;72,17725984568
3356387;1;3;1; ; ; ; ; ; ; ; ; ; ; ; ;12;72,17725984568
3356388;1;1;1; ; ; ; ; ; ; ; ; ; ; ; ;12;73,6650059152164
3356388;1;2;1; ; ; ; ; ; ; ; ; ; ; ; ;12;73,6650059152164
3356388;1;3;1; ; ; ; ; ; ; ; ; ; ; ; ;12;73,6650059152164
3356388;1;4;1; ; ; ; ; ; ; ; ; ; ; ; ;12;73,6650059152164
3356388;1;5;1; ; ; ; ; ; ; ; ; ; ; ; ;12;73,6650059152164
3356389;1;1;1; ; ; ; ; ; ; ; ; ; ; ; ;12;58,2879855397413
3356389;1;2;1; ; ; ; ; ; ; ; ; ; ; ; ;12;58,2879855397413
3356389;1;3;1; ; ; ; ; ; ; ; ; ; ; ; ;12;58,2879855397413
3356390;1;1;2;2;18; ;2; ; ;1;2; ; ;1; ;12;46,568233777357
3356390;1;2;2;2;18; ;2; ; ;1;2; ; ;1; ;12;46,568233777357
3356390;1;3;2;2;11; ;2; ; ;1;2; ; ;1; ;12;46,568233777357
3356390;1;4;1; ; ; ; ; ; ; ; ; ; ; ; ;12;46,568233777357
3356390;1;5;2;2;73; ;3;15; ;1;3;15; ;1; ;12;46,568233777357
3356391;1;1;1; ; ; ; ; ; ; ; ; ; ; ; ;12;64,8712130231098
3356391;1;2;1; ; ; ; ; ; ; ; ; ; ; ; ;12;64,8712130231098
3356391;1;3;1; ; ; ; ; ; ; ; ; ; ; ; ;12;64,8712130231098
3356391;1;4;1; ; ; ; ; ; ; ; ; ; ; ; ;12;64,8712130231098
3356392;1;1;2;2;50; ;3;50; ;1;2; ; ;1; ;12;73,9173067483215
3356392;1;2;2;2;23; ;3;50; ;1;2; ; ;1; ;12;73,9173067483215
3356392;1;3;2;2;50; ;1; ; ; ;2; ; ;1; ;12;73,9173067483215
3356393;1;1;2;2;73; ;2; ; ;1;2; ; ;1; ;12;68,3203052954779
3356393;1;2;1; ; ; ; ; ; ; ; ; ; ; ; ;12;68,3203052954779
3356393;1;3;1; ; ; ; ; ; ; ; ; ; ; ; ;12;68,3203052954779
3356393;1;4;1; ; ; ; ; ; ; ; ; ; ; ; ;12;68,3203052954779
3356393;1;5;2;2;73; ;2; ; ;1;2; ; ;1; ;12;68,3203052954779
3356394;1;1;1; ; ; ; ; ; ; ; ; ; ; ; ;12;57,1038509181424
3356394;1;2;1; ; ; ; ; ; ; ; ; ; ; ; ;12;57,1038509181424
3356394;1;3;1; ; ; ; ; ; ; ; ; ; ; ; ;12;57,1038509181424
3356395;1;1;1; ; ; ; ; ; ; ; ; ; ; ; ;12;49,906912932068
3356395;1;2;2;2;41; ;2; ; ;1;2; ; ;1; ;12;49,906912932068
3356395;1;3;1; ; ; ; ; ; ; ; ; ; ; ; ;12;49,906912932068
3356395;1;4;1; ; ; ; ; ; ; ; ; ; ; ; ;12;49,906912932068
3356395;1;5;2;2;41; ;3;41; ;2;3;41; ;2;1;12;49,906912932068
3356396;1;1;1; ; ; ; ; ; ; ; ; ; ; ; ;12;70,4047917758366
3356396;1;2;1; ; ; ; ; ; ; ; ; ; ; ; ;12;70,4047917758366
3356396;1;3;1; ; ; ; ; ; ; ; ; ; ; ; ;12;70,4047917758366
3356397;1;1;2;2;41; ;2; ; ;1;2; ; ;1; ;12;58,393614523702
3356397;1;2;2;2;41; ;3;11; ;1;2; ; ;1; ;12;58,393614523702
3356397;1;3;1; ; ; ; ; ; ; ; ; ; ; ; ;12;58,393614523702
3356398;1;1;2;1; ; ;3;41; ;1;2; ; ;1; ;12;73,9173067483215
3356398;1;2;2;2;18; ;3;41; ;1;2; ; ;1; ;12;73,9173067483215
3356398;1;3;1; ; ; ; ; ; ; ; ; ; ; ; ;12;73,9173067483215
3356399;1;1;2;1; ; ;2; ; ;1;2; ; ;1; ;12;67,0817784318479
3356399;1;2;1; ; ; ; ; ; ; ; ; ; ; ; ;12;67,0817784318479
3356399;1;3;1; ; ; ; ; ; ; ; ; ; ; ; ;12;67,0817784318479
3356399;1;4;1; ; ; ; ; ; ; ; ; ; ; ; ;12;67,0817784318479
3356400;1;1;2;2;41; ;2; ; ;1;2; ; ;1; ;12;65,0757569668203
3356400;1;2;2;2;18; ;2; ; ;1;2; ; ;1; ;12;65,0757569668203
3356400;1;3;2;1; ; ;2; ; ;1;2; ; ;1; ;12;65,0757569668203
3356400;1;4;1; ; ; ; ; ; ; ; ; ; ; ; ;12;65,0757569668203
3356401;1;1;2;1; ; ;4; ;4; ;2; ; ;1; ;12;70,7783874036246
3356401;1;2;2;1; ; ;4; ;4; ;2; ; ;1; ;12;70,7783874036246
3356402;1;1;1; ; ; ; ; ; ; ; ; ; ; ; ;12;60,4425300728533
3356402;1;2;1; ; ; ; ; ; ; ; ; ; ; ; ;12;60,4425300728533
3356402;1;3;1; ; ; ; ; ; ; ; ; ; ; ; ;12;60,4425300728533
3356404;1;1;1; ; ; ; ; ; ; ; ; ; ; ; ;12;52,0101468503475
3356405;1;1;1; ; ; ; ; ; ; ; ; ; ; ; ;12;48,4191668625315
3356405;1;2;2;1; ; ;3;76; ;1;3;76; ;1; ;12;48,4191668625315
3356405;1;3;1; ; ; ; ; ; ; ; ; ; ; ; ;12;48,4191668625315
3356406;1;1;2;2;11; ;2; ; ;1;2; ; ;1; ;12;61,9368376221234
3356406;1;2;2;2;73; ;3;73; ;1;2; ; ;1; ;12;61,9368376221234
3356406;1;3;2;2;25; ;3;73; ;1;3;73; ;1; ;12;61,9368376221234
3356407;1;1;2;2;18; ;3;18; ;1;2; ; ;1; ;12;70,8874962401203
3356407;1;2;2;2;73; ;3;18; ;1;2; ; ;1; ;12;70,8874962401203
3356407;1;3;2;1; ; ;3;18; ;1;2; ; ;1; ;12;70,8874962401203
3356408;1;1;2;2;18; ;2; ; ;1;2; ; ;1; ;12;74,4784762279363
3356409;1;1;2;2;76; ;2; ; ;1;2; ; ;1; ;12;74,4784762279363
3356410;1;1;2;1; ; ;2; ; ;1;2; ; ;1; ;12;83,7485624128826
3356410;1;2;2;2;18; ;2; ; ;1;2; ; ;1; ;12;83,7485624128826
3356410;1;3;1; ; ; ; ; ; ; ; ; ; ; ; ;12;83,7485624128826
3356410;1;4;1; ; ; ; ; ; ; ; ; ; ; ; ;12;83,7485624128826
3356410;1;5;1; ; ; ; ; ; ; ; ; ; ; ; ;12;83,7485624128826
3356410;1;6;1; ; ; ; ; ; ; ; ; ; ; ; ;12;83,7485624128826
3356411;1;1;2;2;73; ;2; ; ;1;2; ; ;1; ;12;83,2722691200429
3356411;1;2;2;2;73; ;2; ; ;1;2; ; ;1; ;12;83,2722691200429
3356412;1;1;2;2;63; ;3;63; ;1;2; ; ;1; ;12;81,8887053693926
3356412;1;2;2;2;63; ;3;63; ;1;2; ; ;1; ;12;81,8887053693926
3356412;1;3;2;2;63; ;3;63; ;1;2; ; ;1; ;12;81,8887053693926
3356413;1;1;1; ; ; ; ; ; ; ; ; ; ; ; ;12;113,338873783637
3356413;1;2;1; ; ; ; ; ; ; ; ; ; ; ; ;12;113,338873783637
3356413;1;3;1; ; ; ; ; ; ; ; ; ; ; ; ;12;113,338873783637
3356413;1;4;1; ; ; ; ; ; ; ; ; ; ; ; ;12;113,338873783637
3356413;1;5;1; ; ; ; ; ; ; ; ; ; ; ; ;12;113,338873783637
3356414;1;1;1; ; ; ; ; ; ; ; ; ; ; ; ;12;81,3666382725292
3356414;1;2;2;2;47; ;2; ; ;1;2; ; ;1; ;12;81,3666382725292
3356415;1;1;1; ; ; ; ; ; ; ; ; ; ; ; ;12;109,992229010284
3356415;1;2;1; ; ; ; ; ; ; ; ; ; ; ; ;12;109,992229010284
3356415;1;3;1; ; ; ; ; ; ; ; ; ; ; ; ;12;109,992229010284
3356415;1;4;1; ; ; ; ; ; ; ; ; ; ; ; ;12;109,992229010284
3356416;1;1;2;2;23; ;2; ; ;1;2; ; ;1; ;12;124,117816905737
3356416;1;2;2;2;44; ;2; ; ;1;2; ; ;1; ;12;124,117816905737
3356416;1;3;1; ; ; ; ; ; ; ; ; ; ; ; ;12;124,117816905737
3356416;1;4;2;2;44; ;3;44; ;2;3;44; ;2;2;12;124,117816905737
3356417;1;1;2;2;17; ;3;11; ;1;2; ; ;1; ;12;110,911906824223
3356417;1;2;1; ; ; ; ; ; ; ; ; ; ; ; ;12;110,911906824223
3356417;1;3;1; ; ; ; ; ; ; ; ; ; ; ; ;12;110,911906824223
3356418;1;1;2;2;23; ;2; ; ;1;2; ; ;1; ;12;95,866641114831
3356418;1;2;1; ; ; ; ; ; ; ; ; ; ; ; ;12;95,866641114831
3356418;1;3;1; ; ; ; ; ; ; ; ; ; ; ; ;12;95,866641114831
3356418;1;4;1; ; ; ; ; ; ; ; ; ; ; ; ;12;95,866641114831
3356419;1;1;2;2;05; ;2; ; ;1;2; ; ;1; ;12;64,890284721403
3356419;1;2;1; ; ; ; ; ; ; ; ; ; ; ; ;12;64,890284721403
3356420;1;1;1; ; ; ; ; ; ; ; ; ; ; ; ;12;50,2660745637001
3356420;1;2;1; ; ; ; ; ; ; ; ; ; ; ; ;12;50,2660745637001
3356420;1;3;1; ; ; ; ; ; ; ; ; ; ; ; ;12;50,2660745637001
3356420;1;4;1; ; ; ; ; ; ; ; ; ; ; ; ;12;50,2660745637001
3356420;1;5;1; ; ; ; ; ; ; ; ; ; ; ; ;12;50,2660745637001
3356420;1;6;1; ; ; ; ; ; ; ; ; ; ; ; ;12;50,2660745637001
3356426;1;1;2;2;50; ;2; ; ;1;2; ; ;1; ;12;48,5590976188516
3356426;1;2;2;2;23; ;2; ; ;1;2; ; ;1; ;12;48,5590976188516
3356426;1;3;2;2;05; ;2; ; ;1;2; ; ;1; ;12;48,5590976188516
3356426;1;4;2;2;08; ;2; ; ;1;2; ; ;1; ;12;48,5590976188516
3356427;1;1;1; ; ; ; ; ; ; ; ; ; ; ; ;12;59,7414462152023
3356427;1;2;2;1; ; ;2; ; ;1;2; ; ;1; ;12;59,7414462152023
3356427;1;3;1; ; ; ; ; ; ; ; ; ; ; ; ;12;59,7414462152023
3356427;1;4;1; ; ; ; ; ; ; ; ; ; ; ; ;12;59,7414462152023
3356427;1;5;1; ; ; ; ; ; ; ; ; ; ; ; ;12;59,7414462152023
3356428;1;1;2;2;23; ;3;23; ;1;2; ; ;1; ;12;76,4163963620762
3356428;1;2;2;2;23; ;3;23; ;1;2; ; ;1; ;12;76,4163963620762
3356428;1;3;2;2;23; ;1; ; ; ;2; ; ;1; ;12;76,4163963620762
3356429;1;1;2;2;13; ;3;68; ;1;2; ; ;1; ;12;68,0701583941846
3356429;1;2;2;2;44; ;3;68; ;1;2; ; ;1; ;12;68,0701583941846
3356429;1;3;2;1; ; ;3;68; ;1;2; ; ;1; ;12;68,0701583941846
3356429;1;4;2;1; ; ;3;68; ;1;2; ; ;1; ;12;68,0701583941846
3356429;1;5;2;1; ; ;3;68; ;1;2; ; ;1; ;12;68,0701583941846
3356430;1;1;1; ; ; ; ; ; ; ; ; ; ; ; ;12;49,9199289014644
3356430;1;2;1; ; ; ; ; ; ; ; ; ; ; ; ;12;49,9199289014644
3356430;1;3;1; ; ; ; ; ; ; ; ; ; ; ; ;12;49,9199289014644
3356430;1;4;1; ; ; ; ; ; ; ; ; ; ; ; ;12;49,9199289014644
3356430;1;5;1; ; ; ; ; ; ; ; ; ; ; ; ;12;49,9199289014644
3356431;1;1;1; ; ; ; ; ; ; ; ; ; ; ; ;12;57,5024656863855
3356431;1;2;1; ; ; ; ; ; ; ; ; ; ; ; ;12;57,5024656863855
3356431;1;3;1; ; ; ; ; ; ; ; ; ; ; ; ;12;57,5024656863855
3356431;1;4;1; ; ; ; ; ; ; ; ; ; ; ; ;12;57,5024656863855
3356432;1;1;2;2;44; ;2; ; ;1;2; ; ;1; ;12;88,4537719919725
3356432;1;2;2;2;44; ;2; ; ;1;2; ; ;1; ;12;88,4537719919725
3356432;1;3;1; ; ; ; ; ; ; ; ; ; ; ; ;12;88,4537719919725
3356432;1;4;1; ; ; ; ; ; ; ; ; ; ; ; ;12;88,4537719919725
3356432;1;5;1; ; ; ; ; ; ; ; ; ; ; ; ;12;88,4537719919725
3356432;1;6;1; ; ; ; ; ; ; ; ; ; ; ; ;12;88,4537719919725
3356432;1;7;1; ; ; ; ; ; ; ; ; ; ; ; ;12;88,4537719919725
3356433;1;1;2;2;47; ;2; ; ;1;2; ; ;1; ;12;93,3927168314389
3356433;1;2;2;1; ; ;2; ; ;1;2; ; ;1; ;12;93,3927168314389
3356433;1;3;1; ; ; ; ; ; ; ; ; ; ; ; ;12;93,3927168314389
3356433;1;4;1; ; ; ; ; ; ; ; ; ; ; ; ;12;93,3927168314389
3356433;1;5;1; ; ; ; ; ; ; ; ; ; ; ; ;12;93,3927168314389
3356434;1;1;2;2;20; ;2; ; ;1;2; ; ;1; ;12;85,0876979927308
3356434;1;2;1; ; ; ; ; ; ; ; ; ; ; ; ;12;85,0876979927308
3356434;1;3;1; ; ; ; ; ; ; ; ; ; ; ; ;12;85,0876979927308
3356434;1;4;2;2;20; ;3;20; ;2;2; ; ;1; ;12;85,0876979927308
3356434;1;5;1; ; ; ; ; ; ; ; ; ; ; ; ;12;85,0876979927308
3356435;1;1;2;1; ; ;2; ; ;1;2; ; ;1; ;12;144,46288232708
3356435;1;2;2;2;47; ;3;47; ;1;2; ; ;1; ;12;144,46288232708
3356435;1;3;2;2;47; ;3;47; ;1;2; ; ;1; ;12;144,46288232708
3356435;1;4;1; ; ; ; ; ; ; ; ; ; ; ; ;12;144,46288232708
3356435;1;5;1; ; ; ; ; ; ; ; ; ; ; ; ;12;144,46288232708
3356435;1;6;2;2;47; ;1; ; ; ;2; ; ;1; ;12;144,46288232708
3356436;1;1;2;2;44; ;2; ; ;1;2; ; ;1; ;12;81,3666382725292
3356436;1;2;2;2;08; ;2; ; ;1;2; ; ;1; ;12;81,3666382725292
3356437;1;1;2;2;13; ;2; ; ;1;2; ; ;1; ;12;52,4691817315774
3356437;1;2;1; ; ; ; ; ; ; ; ; ; ; ; ;12;52,4691817315774
3356437;1;3;2;2;13; ;2; ; ;1;2; ; ;1; ;12;52,4691817315774
3356438;1;1;2;2;47; ;2; ; ;1;2; ; ;1; ;12;106,425183488574
3356438;1;2;1; ; ; ; ; ; ; ; ; ; ; ; ;12;106,425183488574
3356438;1;3;1; ; ; ; ; ; ; ; ; ; ; ; ;12;106,425183488574
3356439;1;1;2;2;47; ;2; ; ;1;2; ; ;1; ;12;81,3666382725292
3356439;1;2;2;2;23; ;2; ; ;1;2; ; ;1; ;12;81,3666382725292
3356440;1;1;2;2;44; ;2; ; ;1;2; ; ;1; ;12;81,5425597071569
3356440;1;2;1; ; ; ; ; ; ; ; ; ; ; ; ;12;81,5425597071569
3356444;1;1;2;2;47; ;2; ; ;1;2; ; ;1; ;12;56,5852658826949
3356444;1;2;2;1; ; ;3;47; ;1;2; ; ;1; ;12;56,5852658826949
3356445;1;1;2;2;13; ;3;47; ;1;2; ; ;1; ;12;106,299438574695
3356445;1;2;2;2;47; ;2; ; ;1;2; ; ;1; ;12;106,299438574695
3356446;1;1;2;2;70; ;2; ; ;1;2; ; ;1; ;12;50,1186009598762
3356446;1;2;2;2;13; ;2; ; ;1;2; ; ;1; ;12;50,1186009598762
3356446;1;3;2;2;13; ;2; ; ;1;2; ; ;1; ;12;50,1186009598762
3356446;1;4;2;2;13; ;2; ; ;1;2; ; ;1; ;12;50,1186009598762
3356446;1;5;2;2;13; ;2; ; ;1;2; ; ;1; ;12;50,1186009598762
3356447;1;1;1; ; ; ; ; ; ; ; ; ; ; ; ;12;58,1508017912334
3356447;1;2;1; ; ; ; ; ; ; ; ; ; ; ; ;12;58,1508017912334
3356447;1;3;1; ; ; ; ; ; ; ; ; ; ; ; ;12;58,1508017912334
3356447;1;4;1; ; ; ; ; ; ; ; ; ; ; ; ;12;58,1508017912334
3356448;1;1;2;2;23; ;2; ; ;1;2; ; ;1; ;12;51,4749792817951
3356449;1;1;2;1; ; ;2; ; ;1;2; ; ;1; ;12;44,3772286537733
3356449;1;2;1; ; ; ; ; ; ; ; ; ; ; ; ;12;44,3772286537733
3356450;1;1;2;2;44; ;2; ; ;1;2; ; ;1; ;12;67,9107696239543
3356450;1;2;1; ; ; ; ; ; ; ; ; ; ; ; ;12;67,9107696239543
3356451;1;1;2;2;47; ;2; ; ;1;2; ; ;1; ;12;89,3489562836153
3356451;1;2;2;1; ; ;2; ; ;1;2; ; ;1; ;12;89,3489562836153
3356451;1;3;2;1; ; ;2; ; ;1;2; ; ;1; ;12;89,3489562836153
3356451;1;4;1; ; ; ; ; ; ; ; ; ; ; ; ;12;89,3489562836153
3356451;1;5;1; ; ; ; ; ; ; ; ; ; ; ; ;12;89,3489562836153
3356451;1;6;1; ; ; ; ; ; ; ; ; ; ; ; ;12;89,3489562836153
3356452;1;1;1; ; ; ; ; ; ; ; ; ; ; ; ;12;64,890284721403
3356452;1;2;1; ; ; ; ; ; ; ; ; ; ; ; ;12;64,890284721403
3356453;1;1;1; ; ; ; ; ; ; ; ; ; ; ; ;12;54,7876565254436
3356453;1;2;1; ; ; ; ; ; ; ; ; ; ; ; ;12;54,7876565254436
3356453;1;3;1; ; ; ; ; ; ; ; ; ; ; ; ;12;54,7876565254436
3356454;1;1;1; ; ; ; ; ; ; ; ; ; ; ; ;12;65,2326226927107
3356454;1;2;1; ; ; ; ; ; ; ; ; ; ; ; ;12;65,2326226927107
3356454;1;3;1; ; ; ; ; ; ; ; ; ; ; ; ;12;65,2326226927107
3356455;1;1;2;2;76; ;2; ; ;1;2; ; ;1; ;12;52,2204655808012
3356455;1;2;1; ; ; ; ; ; ; ; ; ; ; ; ;12;52,2204655808012
3356455;1;3;1; ; ; ; ; ; ; ; ; ; ; ; ;12;52,2204655808012
3356455;1;4;1; ; ; ; ; ; ; ; ; ; ; ; ;12;52,2204655808012
3356455;1;5;2;2;17; ;2; ; ;1;2; ; ;1; ;12;52,2204655808012
3356456;1;1;1; ; ; ; ; ; ; ; ; ; ; ; ;12;56,6211464538587
3356456;1;2;1; ; ; ; ; ; ; ; ; ; ; ; ;12;56,6211464538587
3356456;1;3;1; ; ; ; ; ; ; ; ; ; ; ; ;12;56,6211464538587
3356457;1;1;2;2;18; ;2; ; ;1;2; ; ;1; ;12;56,5426814385276
3356457;1;2;2;2;76; ;2; ; ;1;2; ; ;1; ;12;56,5426814385276
3356457;1;3;2;2;18; ;2; ; ;1;2; ; ;1; ;12;56,5426814385276
3356457;1;4;2;2;18; ;2; ; ;1;2; ; ;1; ;12;56,5426814385276
3356457;1;5;1; ; ; ; ; ; ; ; ; ; ; ; ;12;56,5426814385276
3356458;1;1;1; ; ; ; ; ; ; ; ; ; ; ; ;12;60,4425300728533
3356458;1;2;1; ; ; ; ; ; ; ; ; ; ; ; ;12;60,4425300728533
3356458;1;3;1; ; ; ; ; ; ; ; ; ; ; ; ;12;60,4425300728533
3356459;1;1;2;2;18; ;2; ; ;1;2; ; ;1; ;12;51,0875677011319
3356459;1;2;1; ; ; ; ; ; ; ; ; ; ; ; ;12;51,0875677011319
3356459;1;3;1; ; ; ; ; ; ; ; ; ; ; ; ;12;51,0875677011319
3356459;1;4;1; ; ; ; ; ; ; ; ; ; ; ; ;12;51,0875677011319
3356460;1;1;1; ; ; ; ; ; ; ; ; ; ; ; ;12;63,942859087151
3356460;1;2;1; ; ; ; ; ; ; ; ; ; ; ; ;12;63,942859087151
3356460;1;3;1; ; ; ; ; ; ; ; ; ; ; ; ;12;63,942859087151
3356461;1;1;1; ; ; ; ; ; ; ; ; ; ; ; ;12;73,9173067483215
3356461;1;2;1; ; ; ; ; ; ; ; ; ; ; ; ;12;73,9173067483215
3356461;1;3;1; ; ; ; ; ; ; ; ; ; ; ; ;12;73,9173067483215
3356462;1;1;1; ; ; ; ; ; ; ; ; ; ; ; ;12;66,817581215499
3356463;1;1;1; ; ; ; ; ; ; ; ; ; ; ; ;12;74,4784762279363
3356464;1;1;1; ; ; ; ; ; ; ; ; ; ; ; ;12;50,2683226016688
3356464;1;2;2;2;27; ;2; ; ;1;2; ; ;1; ;12;50,2683226016688
3356464;1;3;1; ; ; ; ; ; ; ; ; ; ; ; ;12;50,2683226016688
3356464;1;4;2;2;73; ;2; ; ;1;2; ; ;1; ;12;50,2683226016688
3356466;1;1;2;2;50; ;2; ; ;1;2; ; ;1; ;12;65,0757569668203
3356466;1;2;1; ; ; ; ; ; ; ; ; ; ; ; ;12;65,0757569668203
3356466;1;3;1; ; ; ; ; ; ; ; ; ; ; ; ;12;65,0757569668203
3356466;1;4;1; ; ; ; ; ; ; ; ; ; ; ; ;12;65,0757569668203
3356467;1;1;2;2;18; ;2; ; ;1;2; ; ;1; ;12;67,1874074158086
3356467;1;2;2;2;18; ;2; ; ;1;2; ; ;1; ;12;67,1874074158086
3356467;1;3;1; ; ; ; ; ; ; ; ; ; ; ; ;12;67,1874074158086
3356467;1;4;1; ; ; ; ; ; ; ; ; ; ; ; ;12;67,1874074158086
3356468;1;1;2;2;18; ;3;41; ;1;2; ; ;1; ;12;55,1490661950444
3356468;1;2;1; ; ; ; ; ; ; ; ; ; ; ; ;12;55,1490661950444
3356469;1;1;2;2;41; ;2; ; ;1;2; ; ;1; ;12;70,1646769009187
3356469;1;2;1; ; ; ; ; ; ; ; ; ; ; ; ;12;70,1646769009187
3356469;1;3;1; ; ; ; ; ; ; ; ; ; ; ; ;12;70,1646769009187
3356469;1;4;1; ; ; ; ; ; ; ; ; ; ; ; ;12;70,1646769009187
3356469;1;5;1; ; ; ; ; ; ; ; ; ; ; ; ;12;70,1646769009187
3356470;1;1;2;2;18; ;2; ; ;1;2; ; ;1; ;12;73,6650059152164
3356470;1;2;2;2;18; ;2; ; ;1;2; ; ;1; ;12;73,6650059152164
3356470;1;3;1; ; ; ; ; ; ; ; ; ; ; ; ;12;73,6650059152164
3356470;1;4;1; ; ; ; ; ; ; ; ; ; ; ; ;12;73,6650059152164
3356470;1;5;1; ; ; ; ; ; ; ; ; ; ; ; ;12;73,6650059152164
3356471;1;1;2;2;18; ;2; ; ;1;2; ; ;1; ;12;74,4784762279363
3356472;1;1;1; ; ; ; ; ; ; ; ; ; ; ; ;12;48,3100580260358
3356472;1;2;1; ; ; ; ; ; ; ; ; ; ; ; ;12;48,3100580260358
3356473;1;1;1; ; ; ; ; ; ; ; ; ; ; ; ;12;63,4873185914969
3356473;1;2;1; ; ; ; ; ; ; ; ; ; ; ; ;12;63,4873185914969
3356473;1;3;1; ; ; ; ; ; ; ; ; ; ; ; ;12;63,4873185914969
3356473;1;4;1; ; ; ; ; ; ; ; ; ; ; ; ;12;63,4873185914969
3356473;1;5;1; ; ; ; ; ; ; ; ; ; ; ; ;12;63,4873185914969
3356476;1;1;2;2;73; ;2; ; ;1;2; ; ;1; ;12;72,9487480557484
3356476;1;2;2;2;18; ;2; ; ;1;2; ; ;1; ;12;72,9487480557484
3356476;1;3;1; ; ; ; ; ; ; ; ; ; ; ; ;12;72,9487480557484
3356476;1;4;2;2;18; ;2; ; ;1;2; ; ;1; ;12;72,9487480557484
3356476;1;5;1; ; ; ; ; ; ; ; ; ; ; ; ;12;72,9487480557484
3356477;1;1;1; ; ; ; ; ; ; ; ; ; ; ; ;12;75,768239833496
3356478;1;1;2;2;41; ;2; ; ;1;2; ; ;1; ;12;61,3756681425085
3356478;1;2;2;2;66; ;2; ; ;1;2; ; ;1; ;12;61,3756681425085
3356478;1;3;1; ; ; ; ; ; ; ; ; ; ; ; ;12;61,3756681425085
3356478;1;4;1; ; ; ; ; ; ; ; ; ; ; ; ;12;61,3756681425085
3356478;1;5;2;2;73; ;2; ; ;1;2; ; ;1; ;12;61,3756681425085
3356479;1;1;2;2;11; ;2; ; ;1;2; ; ;1; ;12;60,8039397424541
3356479;1;2;1; ; ; ; ; ; ; ; ; ; ; ; ;12;60,8039397424541
3356480;1;1;1; ; ; ; ; ; ; ; ; ; ; ; ;12;122,528419844921
3356480;1;2;1; ; ; ; ; ; ; ; ; ; ; ; ;12;122,528419844921
3356480;1;3;1; ; ; ; ; ; ; ; ; ; ; ; ;12;122,528419844921
3356480;1;4;1; ; ; ; ; ; ; ; ; ; ; ; ;12;122,528419844921
3356480;1;5;1; ; ; ; ; ; ; ; ; ; ; ; ;12;122,528419844921
3356481;1;1;2;2;47; ;2; ; ;1;2; ; ;1; ;12;44,3772286537733
3356481;1;2;2;2;20; ;2; ; ;1;2; ; ;1; ;12;44,3772286537733
3356481;1;3;1; ; ; ; ; ; ; ; ; ; ; ; ;12;44,3772286537733
3356481;1;4;2;2;44; ;2; ; ;1;2; ; ;1; ;12;44,3772286537733
3356481;1;5;2;2;44; ;2; ; ;1;2; ; ;1; ;12;44,3772286537733
3356481;1;6;2;2;08; ;1; ; ; ;2; ; ;1; ;12;44,3772286537733
3356482;1;1;2;2;47; ;2; ; ;1;2; ; ;1; ;12;87,8853041366768
3356482;1;2;2;2;47; ;3;11; ;1;2; ; ;1; ;12;87,8853041366768
3356482;1;3;2;2;47; ;3;47; ;2;2; ; ;1; ;12;87,8853041366768
3356482;1;4;2;2;47; ;3;47; ;2;2; ; ;1; ;12;87,8853041366768
3356482;1;5;2;2;47; ;3;47; ;2;2; ; ;1; ;12;87,8853041366768
3356482;1;6;1; ; ; ; ; ; ; ; ; ; ; ; ;12;87,8853041366768
3356482;1;7;2;2;47; ;3;47; ;2;2; ; ;1; ;12;87,8853041366768
3356482;1;8;1; ; ; ; ; ; ; ; ; ; ; ; ;12;87,8853041366768
3356483;1;1;2;2;20; ;2; ; ;1;2; ; ;1; ;12;96,1149944286639
3356483;1;2;2;2;20; ;2; ; ;1;2; ; ;1; ;12;96,1149944286639
3356483;1;3;1; ; ; ; ; ; ; ; ; ; ; ; ;12;96,1149944286639
3356483;1;4;1; ; ; ; ; ; ; ; ; ; ; ; ;12;96,1149944286639
3356483;1;5;1; ; ; ; ; ; ; ; ; ; ; ; ;12;96,1149944286639
3356483;1;6;1; ; ; ; ; ; ; ; ; ; ; ; ;12;96,1149944286639
3356483;1;7;1; ; ; ; ; ; ; ; ; ; ; ; ;12;96,1149944286639
3356483;1;8;1; ; ; ; ; ; ; ; ; ; ; ; ;12;96,1149944286639
3356483;1;9;2;2;20; ;2; ; ;1;2; ; ;1; ;12;96,1149944286639
3356484;1;1;1; ; ; ; ; ; ; ; ; ; ; ; ;12;78,3216598476822
3356484;1;2;1; ; ; ; ; ; ; ; ; ; ; ; ;12;78,3216598476822
3356485;1;1;1; ; ; ; ; ; ; ; ; ; ; ; ;12;81,8887053693926
3356485;1;2;1; ; ; ; ; ; ; ; ; ; ; ; ;12;81,8887053693926
3356485;1;3;1; ; ; ; ; ; ; ; ; ; ; ; ;12;81,8887053693926
3356486;1;1;1; ; ; ; ; ; ; ; ; ; ; ; ;12;96,560853884005
3356486;1;2;2;2;44; ;2; ; ;1;2; ; ;1; ;12;96,560853884005
3356486;1;3;1; ; ; ; ; ; ; ; ; ; ; ; ;12;96,560853884005
3356486;1;4;2;2;44; ;2; ; ;1;2; ; ;1; ;12;96,560853884005
3356489;1;1;2;2;08; ;2; ; ;1;2; ; ;1; ;12;84,5411373735716
3356489;1;2;2;2;08; ;2; ; ;1;2; ; ;1; ;12;84,5411373735716
3356489;1;3;2;2;44; ;2; ; ;1;2; ; ;1; ;12;84,5411373735716
3356489;1;4;1; ; ; ; ; ; ; ; ; ; ; ; ;12;84,5411373735716
3356490;1;1;1; ; ; ; ; ; ; ; ; ; ; ; ;12;67,9107696239543
3356490;1;2;1; ; ; ; ; ; ; ; ; ; ; ; ;12;67,9107696239543
3356493;1;1;2;2;08; ;3;08; ;1;2; ; ;1; ;12;82,4352659885518
3356493;1;2;2;2;44; ;2; ; ;1;2; ; ;1; ;12;82,4352659885518
3356493;1;3;2;2;08; ;3;08; ;1;2; ; ;1; ;12;82,4352659885518
3356493;1;4;2;2;08; ;1; ; ; ;2; ; ;1; ;12;82,4352659885518
3356494;1;1;2;2;44; ;2; ; ;1;2; ; ;1; ;12;67,6504356877665
3356494;1;2;2;2;20; ;2; ; ;1;2; ; ;1; ;12;67,6504356877665
3356495;1;1;2;2;50; ;2; ; ;1;2; ; ;1; ;12;67,6504356877665
3356495;1;2;2;2;73; ;2; ; ;1;2; ; ;1; ;12;67,6504356877665
3356496;1;1;1; ; ; ; ; ; ; ; ; ; ; ; ;12;172,418753817957
3356496;1;2;1; ; ; ; ; ; ; ; ; ; ; ; ;12;172,418753817957
3356496;1;3;1; ; ; ; ; ; ; ; ; ; ; ; ;12;172,418753817957
3356496;1;4;1; ; ; ; ; ; ; ; ; ; ; ; ;12;172,418753817957
3356496;1;5;1; ; ; ; ; ; ; ; ; ; ; ; ;12;172,418753817957
3356496;1;6;1; ; ; ; ; ; ; ; ; ; ; ; ;12;172,418753817957
3356496;1;7;1; ; ; ; ; ; ; ; ; ; ; ; ;12;172,418753817957
3356496;1;8;1; ; ; ; ; ; ; ; ; ; ; ; ;12;172,418753817957
3356497;1;1;2;2;44; ;3;44; ;1;2; ; ;1; ;12;98,5409803551465
3356497;1;2;1; ; ; ; ; ; ; ; ; ; ; ; ;12;98,5409803551465
3356497;1;3;1; ; ; ; ; ; ; ; ; ; ; ; ;12;98,5409803551465
3356498;1;1;1; ; ; ; ; ; ; ; ; ; ; ; ;12;67,9107696239543
3356498;1;2;1; ; ; ; ; ; ; ; ; ; ; ; ;12;67,9107696239543
3356500;1;1;1; ; ; ; ; ; ; ; ; ; ; ; ;12;63,9951004297603
3356500;1;2;1; ; ; ; ; ; ; ; ; ; ; ; ;12;63,9951004297603
3356500;1;3;1; ; ; ; ; ; ; ; ; ; ; ; ;12;63,9951004297603
3356501;1;1;1; ; ; ; ; ; ; ; ; ; ; ; ;12;106,425183488574
3356501;1;2;1; ; ; ; ; ; ; ; ; ; ; ; ;12;106,425183488574
3356501;1;3;1; ; ; ; ; ; ; ; ; ; ; ; ;12;106,425183488574
3356508;1;1;2;2;44; ;2; ; ;1;2; ; ;1; ;12;64,3437241022438
3356510;1;1;1; ; ; ; ; ; ; ; ; ; ; ; ;12;57,1318265018541
3356510;1;2;1; ; ; ; ; ; ; ; ; ; ; ; ;12;57,1318265018541
3356510;1;3;1; ; ; ; ; ; ; ; ; ; ; ; ;12;57,1318265018541
3356512;1;1;1; ; ; ; ; ; ; ; ; ; ; ; ;12;61,0450176858002
3356512;1;2;2;2;63; ;2; ; ;1;2; ; ;1; ;12;61,0450176858002
3356512;1;3;1; ; ; ; ; ; ; ; ; ; ; ; ;12;61,0450176858002
3356512;1;4;1; ; ; ; ; ; ; ; ; ; ; ; ;12;61,0450176858002
3356512;1;5;1; ; ; ; ; ; ; ; ; ; ; ; ;12;61,0450176858002
3356513;1;1;1; ; ; ; ; ; ; ; ; ; ; ; ;12;138,269435921963
3356513;1;2;1; ; ; ; ; ; ; ; ; ; ; ; ;12;138,269435921963
3356513;1;3;1; ; ; ; ; ; ; ; ; ; ; ; ;12;138,269435921963
3356513;1;4;1; ; ; ; ; ; ; ; ; ; ; ; ;12;138,269435921963
3356513;1;5;1; ; ; ; ; ; ; ; ; ; ; ; ;12;138,269435921963
3356513;1;6;1; ; ; ; ; ; ; ; ; ; ; ; ;12;138,269435921963
3356513;1;7;1; ; ; ; ; ; ; ; ; ; ; ; ;12;138,269435921963
3356513;1;8;1; ; ; ; ; ; ; ; ; ; ; ; ;12;138,269435921963
3356513;1;9;1; ; ; ; ; ; ; ; ; ; ; ; ;12;138,269435921963
3356513;1;10;1; ; ; ; ; ; ; ; ; ; ; ; ;12;138,269435921963
3356513;1;11;1; ; ; ; ; ; ; ; ; ; ; ; ;12;138,269435921963
3356514;1;1;1; ; ; ; ; ; ; ; ; ; ; ; ;12;81,8887053693926
3356514;1;2;2;1; ; ;2; ; ;1;2; ; ;1; ;12;81,8887053693926
3356514;1;3;1; ; ; ; ; ; ; ; ; ; ; ; ;12;81,8887053693926
3356515;1;1;2;2;68; ;2; ; ;1;2; ; ;1; ;12;92,3215028292571
3356516;1;1;2;1; ; ;3;20; ;1;2; ; ;1; ;12;67,9107696239543
3356516;1;2;2;1; ; ;3;44; ;1;2; ; ;1; ;12;67,9107696239543
3356517;1;1;2;2;13; ;2; ; ;1;2; ; ;1; ;12;81,3666382725292
3356517;1;2;2;1; ; ;2; ; ;1;2; ; ;1; ;12;81,3666382725292
3356523;1;1;1; ; ; ; ; ; ; ; ; ; ; ; ;12;75,0499249637822
3356523;1;2;2;2;05; ;2; ; ;1;2; ; ;1; ;12;75,0499249637822
3356523;1;3;1; ; ; ; ; ; ; ; ; ; ; ; ;12;75,0499249637822
3356524;1;1;2;2;05; ;2; ; ;1;2; ; ;1; ;12;85,1096052288673
3356524;1;2;2;1; ; ;2; ; ;1;2; ; ;1; ;12;85,1096052288673
3356524;1;3;2;2;54; ;3;54; ;1;2; ; ;1; ;12;85,1096052288673
3356525;1;1;1; ; ; ; ; ; ; ; ; ; ; ; ;12;117,376278620765
3356525;1;2;2;2;44; ;2; ; ;1;2; ; ;1; ;12;117,376278620765
3356525;1;3;2;1; ; ;3;05; ;1;3;05; ;1; ;12;117,376278620765
3356525;1;4;2;2;05; ;3;05; ;1;2; ; ;1; ;12;117,376278620765
3356525;1;5;1; ; ; ; ; ; ; ; ; ; ; ; ;12;117,376278620765
3356526;1;1;2;2;08; ;2; ; ;1;2; ; ;1; ;12;67,9107696239543
3356526;1;2;2;1; ; ;2; ; ;1;2; ; ;1; ;12;67,9107696239543
3356527;1;1;2;2;47; ;3;47; ;1;2; ; ;1; ;12;81,8887053693926
3356527;1;2;1; ; ; ; ; ; ; ; ; ; ; ; ;12;81,8887053693926
3356527;1;3;2;2;47; ;1; ; ; ;2; ; ;1; ;12;81,8887053693926
3356528;1;1;2;2;47; ;2; ; ;1;2; ; ;1; ;12;44,3772286537733
3356528;1;2;1; ; ; ; ; ; ; ; ; ; ; ; ;12;44,3772286537733
3356528;1;3;1; ; ; ; ; ; ; ; ; ; ; ; ;12;44,3772286537733
3356528;1;4;1; ; ; ; ; ; ; ; ; ; ; ; ;12;44,3772286537733
3356528;1;5;1; ; ; ; ; ; ; ; ; ; ; ; ;12;44,3772286537733
3356528;1;6;1; ; ; ; ; ; ; ; ; ; ; ; ;12;44,3772286537733
3356528;1;7;1; ; ; ; ; ; ; ; ; ; ; ; ;12;44,3772286537733
3356529;1;1;2;2;47; ;2; ; ;1;2; ; ;1; ;12;81,8887053693926
3356529;1;2;1; ; ; ; ; ; ; ; ; ; ; ; ;12;81,8887053693926
3356529;1;3;1; ; ; ; ; ; ; ; ; ; ; ; ;12;81,8887053693926
3356530;1;1;2;2;13; ;2; ; ;1;2; ; ;1; ;12;81,8887053693926
3356530;1;2;1; ; ; ; ; ; ; ; ; ; ; ; ;12;81,8887053693926
3356530;1;3;2;2;13; ;3;11; ;1;2; ; ;1; ;12;81,8887053693926
3356531;1;1;2;2;44; ;2; ; ;1;2; ; ;1; ;12;65,4368453405622
3356531;1;2;1; ; ; ; ; ; ; ; ; ; ; ; ;12;65,4368453405622
3356531;1;3;2;2;08; ;3;47; ;1;3;20; ;1; ;12;65,4368453405622
3356532;1;1;1; ; ; ; ; ; ; ; ; ; ; ; ;12;96,0142932648458
3356532;1;2;2;2;23; ;2; ; ;1;2; ; ;1; ;12;96,0142932648458
3356532;1;3;1; ; ; ; ; ; ; ; ; ; ; ; ;12;96,0142932648458
3356533;1;1;2;2;08; ;3;08; ;1;2; ; ;1; ;12;109,992229010284
3356533;1;2;2;2;08; ;3;08; ;1;2; ; ;1; ;12;109,992229010284
3356533;1;3;2;2;08; ;3;08; ;1;2; ; ;1; ;12;109,992229010284
3356533;1;4;2;2;08; ;1; ; ; ;2; ; ;1; ;12;109,992229010284
3356534;1;1;1; ; ; ; ; ; ; ; ; ; ; ; ;12;92,3215028292571
3356535;1;1;1; ; ; ; ; ; ; ; ; ; ; ; ;12;44,3772286537733
3356535;1;2;1; ; ; ; ; ; ; ; ; ; ; ; ;12;44,3772286537733
3356535;1;3;2;2;47; ;2; ; ;1;2; ; ;1; ;12;44,3772286537733
3356535;1;4;1; ; ; ; ; ; ; ; ; ; ; ; ;12;44,3772286537733
3356535;1;5;1; ; ; ; ; ; ; ; ; ; ; ; ;12;44,3772286537733
3356536;1;1;1; ; ; ; ; ; ; ; ; ; ; ; ;12;110,786161910344
3356536;1;2;1; ; ; ; ; ; ; ; ; ; ; ; ;12;110,786161910344
3356537;1;1;1; ; ; ; ; ; ; ; ; ; ; ; ;12;82,981826607711
3356537;1;2;1; ; ; ; ; ; ; ; ; ; ; ; ;12;82,981826607711
3356537;1;3;1; ; ; ; ; ; ; ; ; ; ; ; ;12;82,981826607711
3356537;1;4;1; ; ; ; ; ; ; ; ; ; ; ; ;12;82,981826607711
3356537;1;5;1; ; ; ; ; ; ; ; ; ; ; ; ;12;82,981826607711
3356538;1;1;2;2;70; ;4; ;3; ;2; ; ;1; ;12;96,560853884005
3356538;1;2;2;2;08; ;4; ;3; ;2; ; ;1; ;12;96,560853884005
3356538;1;3;2;2;70; ;4; ;3; ;2; ; ;1; ;12;96,560853884005
3356538;1;4;2;3; ;3;4; ;3; ;2; ; ;1; ;12;96,560853884005
3356539;1;1;2;2;20; ;2; ; ;1;2; ; ;1; ;12;96,0142932648458
3356539;1;2;1; ; ; ; ; ; ; ; ; ; ; ; ;12;96,0142932648458
3356539;1;3;1; ; ; ; ; ; ; ; ; ; ; ; ;12;96,0142932648458
3356543;1;1;2;1; ; ;2; ; ;1;2; ; ;1; ;12;68,4573302431135
3356543;1;2;1; ; ; ; ; ; ; ; ; ; ; ; ;12;68,4573302431135
3356543;1;3;2;2;47; ;3;47; ;1;2; ; ;1; ;12;68,4573302431135
3356544;1;1;2;2;47; ;2; ; ;1;2; ; ;1; ;12;84,6109829666176
3356544;1;2;1; ; ; ; ; ; ; ; ; ; ; ; ;12;84,6109829666176
3356544;1;3;1; ; ; ; ; ; ; ; ; ; ; ; ;12;84,6109829666176
3356544;1;4;1; ; ; ; ; ; ; ; ; ; ; ; ;12;84,6109829666176
3356544;1;5;1; ; ; ; ; ; ; ; ; ; ; ; ;12;84,6109829666176
3356544;1;6;2;2;08; ;2; ; ;1;2; ; ;1; ;12;84,6109829666176
3356544;1;7;1; ; ; ; ; ; ; ; ; ; ; ; ;12;84,6109829666176
3356545;1;1;2;2;47; ;3;23; ;2;3;23; ;2;4;12;109,992229010284
3356545;1;2;2;2;44; ;3;23; ;1;3;44; ;2;1;12;109,992229010284
3356545;1;3;2;2;23; ;3;23; ;2;3;23; ;2;4;12;109,992229010284
3356545;1;4;2;2;23; ;3;23; ;2;3;23; ;2;4;12;109,992229010284
3356546;1;1;2;2;44; ;2; ; ;1;2; ; ;1; ;12;44,3772286537733
3356546;1;2;2;2;44; ;2; ; ;1;2; ; ;1; ;12;44,3772286537733
3356547;1;1;2;2;13; ;2; ; ;1;2; ; ;1; ;12;47,0451747042253
3356547;1;2;2;2;13; ;2; ; ;1;2; ; ;1; ;12;47,0451747042253
3356547;1;3;2;2;13; ;3;44; ;1;2; ; ;1; ;12;47,0451747042253
3356547;1;4;2;2;44; ;3;44; ;1;2; ; ;1; ;12;47,0451747042253
3356547;1;5;2;2;13; ;2; ; ;1;2; ; ;1; ;12;47,0451747042253
3356547;1;6;1; ; ; ; ; ; ; ; ; ; ; ; ;12;47,0451747042253
3356548;1;1;2;2;20; ;2; ; ;1;2; ; ;1; ;12;89,398499893752
3356548;1;2;2;2;13; ;2; ; ;1;2; ; ;1; ;12;89,398499893752
3356548;1;3;1; ; ; ; ; ; ; ; ; ; ; ; ;12;89,398499893752
3356548;1;4;1; ; ; ; ; ; ; ; ; ; ; ; ;12;89,398499893752
3356548;1;5;2;2;20; ;2; ; ;1;2; ; ;1; ;12;89,398499893752
3356549;1;1;2;2;20; ;2; ; ;1;2; ; ;1; ;12;66,4471174770158
3356549;1;2;2;2;76; ;2; ; ;1;2; ; ;1; ;12;66,4471174770158
3356549;1;3;1; ; ; ; ; ; ; ; ; ; ; ; ;12;66,4471174770158
3356549;1;4;1; ; ; ; ; ; ; ; ; ; ; ; ;12;66,4471174770158
3356550;1;1;1; ; ; ; ; ; ; ; ; ; ; ; ;12;44,3772286537733
3356550;1;2;1; ; ; ; ; ; ; ; ; ; ; ; ;12;44,3772286537733
3356550;1;3;1; ; ; ; ; ; ; ; ; ; ; ; ;12;44,3772286537733
3356550;1;4;1; ; ; ; ; ; ; ; ; ; ; ; ;12;44,3772286537733
3356550;1;5;1; ; ; ; ; ; ; ; ; ; ; ; ;12;44,3772286537733
3356550;1;6;1; ; ; ; ; ; ; ; ; ; ; ; ;12;44,3772286537733
3356551;1;1;2;2;20; ;3;20; ;2;2; ; ;1; ;12;110,192643967208
3356551;1;2;2;2;23; ;3;08; ;1;2; ; ;1; ;12;110,192643967208
3356551;1;3;1; ; ; ; ; ; ; ; ; ; ; ; ;12;110,192643967208
3356551;1;4;1; ; ; ; ; ; ; ; ; ; ; ; ;12;110,192643967208
3356552;1;1;2;2;73; ;2; ; ;1;2; ; ;1; ;12;69,0038908622727
3356552;1;2;2;2;44; ;2; ; ;1;2; ; ;1; ;12;69,0038908622727
3356552;1;3;2;2;44; ;2; ; ;1;2; ; ;1; ;12;69,0038908622727
3356552;1;4;2;2;44; ;3;44; ;1;2; ; ;1; ;12;69,0038908622727
3356553;1;1;2;2;44; ;3;20; ;1;2; ; ;1; ;12;95,5204954525953
3356553;1;2;2;2;44; ;2; ; ;1;2; ; ;1; ;12;95,5204954525953
3356553;1;3;2;2;08; ;1; ; ; ;2; ; ;1; ;12;95,5204954525953
3356554;1;1;2;2;47; ;3;47; ;1;2; ; ;1; ;12;67,9107696239543
3356554;1;2;1; ; ; ; ; ; ; ; ; ; ; ; ;12;67,9107696239543
3356555;1;1;1; ; ; ; ; ; ; ; ; ; ; ; ;12;124,117816905737
3356555;1;2;2;2;47; ;2; ; ;1;2; ; ;1; ;12;124,117816905737
3356555;1;3;1; ; ; ; ; ; ; ; ; ; ; ; ;12;124,117816905737
3356555;1;4;1; ; ; ; ; ; ; ; ; ; ; ; ;12;124,117816905737
3356556;1;1;1; ; ; ; ; ; ; ; ; ; ; ; ;12;69,0038908622727
3356556;1;2;2;1; ; ;3;47; ;1;3;47; ;1; ;12;69,0038908622727
3356556;1;3;1; ; ; ; ; ; ; ; ; ; ; ; ;12;69,0038908622727
3356556;1;4;1; ; ; ; ; ; ; ; ; ; ; ; ;12;69,0038908622727
3356557;1;1;2;2;47; ;2; ; ;1;2; ; ;1; ;12;48,826807663146
3356557;1;2;1; ; ; ; ; ; ; ; ; ; ; ; ;12;48,826807663146
3356557;1;3;1; ; ; ; ; ; ; ; ; ; ; ; ;12;48,826807663146
3356558;1;1;2;2;23; ;3;23; ;1;2; ; ;1; ;12;68,4573302431135
3356558;1;2;2;2;23; ;3;05; ;1;2; ; ;1; ;12;68,4573302431135
3356558;1;3;2;2;23; ;2; ; ;1;2; ; ;1; ;12;68,4573302431135
3356559;1;1;2;2;13; ;2; ; ;1;2; ; ;1; ;12;74,6768077690029
3356559;1;2;1; ; ; ; ; ; ; ; ; ; ; ; ;12;74,6768077690029
3356559;1;3;1; ; ; ; ; ; ; ; ; ; ; ; ;12;74,6768077690029
3356559;1;4;1; ; ; ; ; ; ; ; ; ; ; ; ;12;74,6768077690029
3356559;1;5;1; ; ; ; ; ; ; ; ; ; ; ; ;12;74,6768077690029
3356560;1;1;1; ; ; ; ; ; ; ; ; ; ; ; ;12;148,654295024919
3356560;1;2;1; ; ; ; ; ; ; ; ; ; ; ; ;12;148,654295024919
3356560;1;3;1; ; ; ; ; ; ; ; ; ; ; ; ;12;148,654295024919
3356560;1;4;1; ; ; ; ; ; ; ; ; ; ; ; ;12;148,654295024919
3356561;1;1;2;2;44; ;3;20; ;1;3;20; ;1; ;12;90,6147797597895
3356561;1;2;2;2;23; ;2; ; ;1;2; ; ;1; ;12;90,6147797597895
3356561;1;3;1; ; ; ; ; ; ; ; ; ; ; ; ;12;90,6147797597895
3356561;1;4;1; ; ; ; ; ; ; ; ; ; ; ; ;12;90,6147797597895
3356561;1;5;2;1; ; ;3;20; ;1;2; ; ;1; ;12;90,6147797597895
3356561;1;6;1; ; ; ; ; ; ; ; ; ; ; ; ;12;90,6147797597895
3356562;1;1;1; ; ; ; ; ; ; ; ; ; ; ; ;12;81,3666382725292
3356562;1;2;2;2;76; ;2; ; ;1;2; ; ;1; ;12;81,3666382725292
3356563;1;1;2;2;47; ;2; ; ;1;2; ; ;1; ;12;139,015430465114
3356563;1;2;2;2;44; ;2; ; ;1;2; ; ;1; ;12;139,015430465114
3356563;1;3;1; ; ; ; ; ; ; ; ; ; ; ; ;12;139,015430465114
3356563;1;4;1; ; ; ; ; ; ; ; ; ; ; ; ;12;139,015430465114
3356566;1;1;1; ; ; ; ; ; ; ; ; ; ; ; ;12;56,5852658826949
3356566;1;2;2;2;13; ;2; ; ;1;2; ; ;1; ;12;56,5852658826949
3356567;1;1;2;2;44; ;2; ; ;1;2; ; ;1; ;12;126,644503996038
3356567;1;2;1; ; ; ; ; ; ; ; ; ; ; ; ;12;126,644503996038
3356567;1;3;1; ; ; ; ; ; ; ; ; ; ; ; ;12;126,644503996038
3356567;1;4;1; ; ; ; ; ; ; ; ; ; ; ; ;12;126,644503996038
3356568;1;1;2;2;70; ;2; ; ;1;2; ; ;1; ;12;73,9788192375116
3356568;1;2;1; ; ; ; ; ; ; ; ; ; ; ; ;12;73,9788192375116
3356568;1;3;1; ; ; ; ; ; ; ; ; ; ; ; ;12;73,9788192375116
3356568;1;4;1; ; ; ; ; ; ; ; ; ; ; ; ;12;73,9788192375116
3356569;1;1;1; ; ; ; ; ; ; ; ; ; ; ; ;12;92,4951861000448
3356569;1;2;1; ; ; ; ; ; ; ; ; ; ; ; ;12;92,4951861000448
3356569;1;3;1; ; ; ; ; ; ; ; ; ; ; ; ;12;92,4951861000448
3356569;1;4;1; ; ; ; ; ; ; ; ; ; ; ; ;12;92,4951861000448
3356569;1;5;1; ; ; ; ; ; ; ; ; ; ; ; ;12;92,4951861000448
3356569;1;6;2;1; ; ;3;05; ;1;3;05; ;1; ;12;92,4951861000448
3356569;1;7;2;1; ; ;1; ; ; ;3;05; ;1; ;12;92,4951861000448
3356570;1;1;1; ; ; ; ; ; ; ; ; ; ; ; ;12;92,9938083622946
3356570;1;2;1; ; ; ; ; ; ; ; ; ; ; ; ;12;92,9938083622946
3356570;1;3;1; ; ; ; ; ; ; ; ; ; ; ; ;12;92,9938083622946
3356571;1;1;2;2;73; ;2; ; ;1;2; ; ;1; ;12;81,3666382725292
3356571;1;2;1; ; ; ; ; ; ; ; ; ; ; ; ;12;81,3666382725292
3356572;1;1;1; ; ; ; ; ; ; ; ; ; ; ; ;12;81,8887053693926
3356572;1;2;2;2;08; ;2; ; ;1;2; ; ;1; ;12;81,8887053693926
3356572;1;3;1; ; ; ; ; ; ; ; ; ; ; ; ;12;81,8887053693926
3356573;1;1;2;2;68; ;2; ; ;1;2; ; ;1; ;12;76,8045863901592
3356573;1;2;1; ; ; ; ; ; ; ; ; ; ; ; ;12;76,8045863901592
3356573;1;3;1; ; ; ; ; ; ; ; ; ; ; ; ;12;76,8045863901592
3356574;1;1;2;2;05; ;2; ; ;1;2; ; ;1; ;12;2551,26974737024
3356574;1;2;2;2;76; ;2; ; ;1;2; ; ;1; ;12;2551,26974737024
3356574;1;3;1; ; ; ; ; ; ; ; ; ; ; ; ;12;2551,26974737024
3356574;1;4;1; ; ; ; ; ; ; ; ; ; ; ; ;12;2551,26974737024
3356574;1;5;1; ; ; ; ; ; ; ; ; ; ; ; ;12;2551,26974737024
3356574;1;6;1; ; ; ; ; ; ; ; ; ; ; ; ;12;2551,26974737024
3356574;1;7;1; ; ; ; ; ; ; ; ; ; ; ; ;12;2551,26974737024
3356574;1;8;1; ; ; ; ; ; ; ; ; ; ; ; ;12;2551,26974737024
3356574;1;9;1; ; ; ; ; ; ; ; ; ; ; ; ;12;2551,26974737024
3356575;1;1;2;2;76; ;2; ; ;1;2; ; ;1; ;12;836,425118594585
3356575;1;2;1; ; ; ; ; ; ; ; ; ; ; ; ;12;836,425118594585
3356576;1;1;1; ; ; ; ; ; ; ; ; ; ; ; ;12;1141,52645499817
3356577;1;1;2;2;52; ;2; ; ;1;2; ; ;1; ;12;832,673171544041
3356577;1;2;2;2;54; ;2; ; ;1;2; ; ;1; ;12;832,673171544041
3356577;1;3;1; ; ; ; ; ; ; ; ; ; ; ; ;12;832,673171544041
3356577;1;4;1; ; ; ; ; ; ; ; ; ; ; ; ;12;832,673171544041
3356578;1;1;1; ; ; ; ; ; ; ; ; ; ; ; ;12;965,691505773986
3356578;1;2;2;1; ; ;2; ; ;1;2; ; ;1; ;12;965,691505773986
3356578;1;3;1; ; ; ; ; ; ; ; ; ; ; ; ;12;965,691505773986
3356578;1;4;1; ; ; ; ; ; ; ; ; ; ; ; ;12;965,691505773986
3356580;1;1;2;2;19; ;2; ; ;1;2; ; ;1; ;12;2031,26621069082
3356580;1;2;2;2;19; ;2; ; ;1;2; ; ;1; ;12;2031,26621069082
3356580;1;3;1; ; ; ; ; ; ; ; ; ; ; ; ;12;2031,26621069082
3356580;2;1;1; ; ; ; ; ; ; ; ; ; ; ; ;12;2031,26621069082
3356580;2;2;1; ; ; ; ; ; ; ; ; ; ; ; ;12;2031,26621069082
3356582;1;1;1; ; ; ; ; ; ; ; ; ; ; ; ;12;1141,52645499817
3356584;1;1;1; ; ; ; ; ; ; ; ; ; ; ; ;12;1175,48611270334
3356584;1;2;1; ; ; ; ; ; ; ; ; ; ; ; ;12;1175,48611270334
3356584;1;3;1; ; ; ; ; ; ; ; ; ; ; ; ;12;1175,48611270334
3356585;1;1;2;2;52; ;2; ; ;1;2; ; ;1; ;12;816,812976261513
3356585;1;2;2;2;52; ;2; ; ;1;2; ; ;1; ;12;816,812976261513
3356585;1;3;1; ; ; ; ; ; ; ; ; ; ; ; ;12;816,812976261513
3356585;1;4;2;2;52; ;2; ; ;1;2; ; ;1; ;12;816,812976261513
3356585;1;5;2;2;52; ;2; ; ;1;2; ; ;1; ;12;816,812976261513
3356585;1;6;2;2;52; ;2; ; ;1;2; ; ;1; ;12;816,812976261513
3356586;1;1;1; ; ; ; ; ; ; ; ; ; ; ; ;12;1042,46956149922
3356586;1;2;1; ; ; ; ; ; ; ; ; ; ; ; ;12;1042,46956149922
3356586;1;3;1; ; ; ; ; ; ; ; ; ; ; ; ;12;1042,46956149922
3356586;1;4;1; ; ; ; ; ; ; ; ; ; ; ; ;12;1042,46956149922
3356587;1;1;2;2;15; ;2; ; ;1;2; ; ;1; ;12;1043,01873638347
3356587;1;2;2;2;15; ;2; ; ;1;2; ; ;1; ;12;1043,01873638347
3356587;1;3;2;2;76; ;2; ; ;1;2; ; ;1; ;12;1043,01873638347
3356587;1;4;1; ; ; ; ; ; ; ; ; ; ; ; ;12;1043,01873638347
3356589;1;1;2;2;19; ;2; ; ;1;2; ; ;1; ;12;883,165729025546
3356589;1;2;2;2;19; ;2; ; ;1;2; ; ;1; ;12;883,165729025546
3356590;1;1;1; ; ; ; ; ; ; ; ; ; ; ; ;12;1180,65666017207
3356590;1;2;1; ; ; ; ; ; ; ; ; ; ; ; ;12;1180,65666017207
3356591;1;1;2;2;73; ;3;11; ;1;3;11; ;1; ;12;942,543242466333
3356591;1;2;2;2;19; ;3;11; ;1;3;11; ;1; ;12;942,543242466333
3356592;1;1;1; ; ; ; ; ; ; ; ; ; ; ; ;12;637,441906062752
3356592;1;2;1; ; ; ; ; ; ; ; ; ; ; ; ;12;637,441906062752
3356592;1;3;2;2;73; ;2; ; ;1;2; ; ;1; ;12;637,441906062752
3356593;1;1;1; ; ; ; ; ; ; ; ; ; ; ; ;12;1200,20608284366
3356593;1;2;1; ; ; ; ; ; ; ; ; ; ; ; ;12;1200,20608284366
3356593;1;3;1; ; ; ; ; ; ; ; ; ; ; ; ;12;1200,20608284366
3356593;1;4;1; ; ; ; ; ; ; ; ; ; ; ; ;12;1200,20608284366
3356595;1;1;1; ; ; ; ; ; ; ; ; ; ; ; ;12;1041,05096108103
3356595;1;2;1; ; ; ; ; ; ; ; ; ; ; ; ;12;1041,05096108103
3356595;1;3;1; ; ; ; ; ; ; ; ; ; ; ; ;12;1041,05096108103
3356596;1;1;1; ; ; ; ; ; ; ; ; ; ; ; ;12;1076,97839408864
3356596;1;2;1; ; ; ; ; ; ; ; ; ; ; ; ;12;1076,97839408864
3356597;1;1;2;2;19; ;2; ; ;1;2; ; ;1; ;12;1008,02270008836
3356597;1;2;1; ; ; ; ; ; ; ; ; ; ; ; ;12;1008,02270008836
3356597;1;3;1; ; ; ; ; ; ; ; ; ; ; ; ;12;1008,02270008836
3356597;1;4;1; ; ; ; ; ; ; ; ; ; ; ; ;12;1008,02270008836
3356597;1;5;1; ; ; ; ; ; ; ; ; ; ; ; ;12;1008,02270008836
3356597;1;6;1; ; ; ; ; ; ; ; ; ; ; ; ;12;1008,02270008836
3356598;1;1;2;2;76; ;2; ; ;1;2; ; ;1; ;12;1701,60798759486
3356598;1;2;2;2;73; ;2; ; ;1;2; ; ;1; ;12;1701,60798759486
3356598;2;1;2;1; ; ;3;76; ;1;2; ; ;1; ;12;1701,60798759486
3356598;2;2;1; ; ; ; ; ; ; ; ; ; ; ; ;12;1701,60798759486
3356598;2;3;1; ; ; ; ; ; ; ; ; ; ; ; ;12;1701,60798759486
3356600;1;1;1; ; ; ; ; ; ; ; ; ; ; ; ;12;1175,48611270334
3356600;1;2;1; ; ; ; ; ; ; ; ; ; ; ; ;12;1175,48611270334
3356600;1;3;2;2;66; ;3;66; ;1;2; ; ;1; ;12;1175,48611270334
3356602;1;1;2;2;76; ;2; ; ;1;2; ; ;1; ;12;848,169692730433
3356602;1;2;2;2;17; ;2; ; ;1;2; ; ;1; ;12;848,169692730433
3356602;1;3;1; ; ; ; ; ; ; ; ; ; ; ; ;12;848,169692730433
3356602;1;4;1; ; ; ; ; ; ; ; ; ; ; ; ;12;848,169692730433
3356602;1;5;1; ; ; ; ; ; ; ; ; ; ; ; ;12;848,169692730433
3356602;1;6;1; ; ; ; ; ; ; ; ; ; ; ; ;12;848,169692730433
3356602;1;7;1; ; ; ; ; ; ; ; ; ; ; ; ;12;848,169692730433
3356602;1;8;2;2;08; ;2; ; ;1;2; ; ;1; ;12;848,169692730433
3356603;1;1;2;1; ; ;2; ; ;1;2; ; ;1; ;12;538,934187448057
3356603;1;2;1; ; ; ; ; ; ; ; ; ; ; ; ;12;538,934187448057
3356604;1;1;2;2;19; ;2; ; ;1;2; ; ;1; ;12;1003,33935632531
3356604;1;2;1; ; ; ; ; ; ; ; ; ; ; ; ;12;1003,33935632531
3356604;2;1;2;2;52; ;2; ; ;1;2; ; ;1; ;12;1003,33935632531
3356605;1;1;2;2;19; ;3;52; ;2;3;19; ;2;1;12;2913,99020396722
3356605;1;2;2;2;19; ;3;19; ;2;3;19; ;2;1;12;2913,99020396722
3356605;1;3;2;2;19; ;1; ; ; ;3;19; ;2;4;12;2913,99020396722
3356605;1;4;2;2;19; ;1; ; ; ;3;19; ;2;4;12;2913,99020396722
3356606;1;1;2;2;19; ;3;19; ;2;3;19; ;2;1;12;2448,10446349321
3356606;1;2;2;2;19; ;3;19; ;2;3;19; ;2;1;12;2448,10446349321
3356606;1;3;2;2;19; ;1; ; ; ;3;19; ;2;4;12;2448,10446349321
3356608;1;1;2;2;76; ;2; ; ;1;2; ; ;1; ;12;1023,43795388114
3356609;1;1;2;2;76; ;2; ; ;1;2; ; ;1; ;12;718,336617477564
3356609;1;2;2;2;76; ;2; ; ;1;2; ; ;1; ;12;718,336617477564
3356610;1;1;1; ; ; ; ; ; ; ; ; ; ; ; ;12;1060,60038375261
3356610;1;2;1; ; ; ; ; ; ; ; ; ; ; ; ;12;1060,60038375261
3356610;1;3;1; ; ; ; ; ; ; ; ; ; ; ; ;12;1060,60038375261
3356610;1;4;1; ; ; ; ; ; ; ; ; ; ; ; ;12;1060,60038375261
3356610;1;5;2;2;52; ;2; ; ;1;2; ; ;1; ;12;1060,60038375261
3356611;1;1;1; ; ; ; ; ; ; ; ; ; ; ; ;12;942,543242466333
3356611;1;2;1; ; ; ; ; ; ; ; ; ; ; ; ;12;942,543242466333
3356613;1;1;1; ; ; ; ; ; ; ; ; ; ; ; ;12;743,5600299345
3356613;1;2;1; ; ; ; ; ; ; ; ; ; ; ; ;12;743,5600299345
3356613;1;3;2;2;27; ;2; ; ;1;2; ; ;1; ;12;743,5600299345
3356614;1;1;1; ; ; ; ; ; ; ; ; ; ; ; ;12;942,543242466333
3356614;1;2;1; ; ; ; ; ; ; ; ; ; ; ; ;12;942,543242466333
3356615;1;1;2;2;19; ;2; ; ;1;2; ; ;1; ;12;2114,79522317263
3356615;1;2;2;2;19; ;2; ; ;1;2; ; ;1; ;12;2114,79522317263
3356615;1;3;1; ; ; ; ; ; ; ; ; ; ; ; ;12;2114,79522317263
3356617;1;1;2;2;76; ;2; ; ;1;2; ; ;1; ;12;981,673447640241
3356617;1;2;1; ; ; ; ; ; ; ; ; ; ; ; ;12;981,673447640241
3356617;1;3;1; ; ; ; ; ; ; ; ; ; ; ; ;12;981,673447640241
3356618;1;1;2;2;76; ;2; ; ;1;2; ; ;1; ;12;1479,78863368569
3356618;2;1;2;2;52; ;2; ; ;1;2; ; ;1; ;12;1479,78863368569
3356618;2;2;2;2;52; ;2; ; ;1;2; ; ;1; ;12;1479,78863368569
3356618;2;3;1; ; ; ; ; ; ; ; ; ; ; ; ;12;1479,78863368569
3356618;2;4;1; ; ; ; ; ; ; ; ; ; ; ; ;12;1479,78863368569
3356618;3;1;2;3; ;6;2; ; ;1;2; ; ;1; ;12;1479,78863368569
3356618;3;2;1; ; ; ; ; ; ; ; ; ; ; ; ;12;1479,78863368569
3356619;1;1;1; ; ; ; ; ; ; ; ; ; ; ; ;12;1142,94505541636
3356619;1;2;2;2;05; ;2; ; ;1;2; ; ;1; ;12;1142,94505541636
3356620;1;1;2;2;76; ;2; ; ;1;2; ; ;1; ;12;682,256078055477
3356620;1;2;1; ; ; ; ; ; ; ; ; ; ; ; ;12;682,256078055477
3356620;1;3;1; ; ; ; ; ; ; ; ; ; ; ; ;12;682,256078055477
3356620;1;4;1; ; ; ; ; ; ; ; ; ; ; ; ;12;682,256078055477
3356620;1;5;1; ; ; ; ; ; ; ; ; ; ; ; ;12;682,256078055477
3356621;1;1;2;2;52; ;2; ; ;1;2; ; ;1; ;12;1530,0212106583
3356621;1;2;2;2;52; ;2; ; ;1;2; ; ;1; ;12;1530,0212106583
3356621;1;3;2;2;52; ;2; ; ;1;2; ; ;1; ;12;1530,0212106583
3356621;1;4;2;2;52; ;2; ; ;1;2; ; ;1; ;12;1530,0212106583
3356621;1;5;1; ; ; ; ; ; ; ; ; ; ; ; ;12;1530,0212106583
3356621;1;6;1; ; ; ; ; ; ; ; ; ; ; ; ;12;1530,0212106583
3356622;1;1;2;2;52; ;2; ; ;1;2; ; ;1; ;12;1175,48611270334
3356622;1;2;2;2;41; ;2; ; ;1;2; ; ;1; ;12;1175,48611270334
3356622;1;3;1; ; ; ; ; ; ; ; ; ; ; ; ;12;1175,48611270334
3356623;1;1;1; ; ; ; ; ; ; ; ; ; ; ; ;12;1263,18243692051
3356623;1;2;1; ; ; ; ; ; ; ; ; ; ; ; ;12;1263,18243692051
3356623;1;3;1; ; ; ; ; ; ; ; ; ; ; ; ;12;1263,18243692051
3356623;1;4;1; ; ; ; ; ; ; ; ; ; ; ; ;12;1263,18243692051
3356625;1;1;1; ; ; ; ; ; ; ; ; ; ; ; ;12;676,57211123666
3356625;1;2;1; ; ; ; ; ; ; ; ; ; ; ; ;12;676,57211123666
3356625;1;3;2;1; ; ;3;11; ;1;3;11; ;1; ;12;676,57211123666
3356625;1;4;1; ; ; ; ; ; ; ; ; ; ; ; ;12;676,57211123666
3356626;1;1;2;2;76; ;2; ; ;1;2; ; ;1; ;12;1403,45466177611
3356626;1;2;1; ; ; ; ; ; ; ; ; ; ; ; ;12;1403,45466177611
3356626;1;3;1; ; ; ; ; ; ; ; ; ; ; ; ;12;1403,45466177611
3356627;1;1;2;2;76; ;2; ; ;1;2; ; ;1; ;12;926,561300600078
3356627;1;2;1; ; ; ; ; ; ; ; ; ; ; ; ;12;926,561300600078
3356627;1;3;1; ; ; ; ; ; ; ; ; ; ; ; ;12;926,561300600078
3356628;1;1;1; ; ; ; ; ; ; ; ; ; ; ; ;12;1020,80365281415
3356628;1;2;2;2;15; ;2; ; ;1;2; ; ;1; ;12;1020,80365281415
3356628;1;3;1; ; ; ; ; ; ; ; ; ; ; ; ;12;1020,80365281415
3356628;1;4;1; ; ; ; ; ; ; ; ; ; ; ; ;12;1020,80365281415
3356629;1;1;2;2;27; ;2; ; ;1;2; ; ;1; ;12;578,064392621966
3356629;1;2;2;2;76; ;2; ; ;1;2; ; ;1; ;12;578,064392621966
3356629;1;3;1; ; ; ; ; ; ; ; ; ; ; ; ;12;578,064392621966
3356630;1;1;2;2;19; ;2; ; ;1;2; ; ;1; ;12;904,831637710619
3356630;1;2;2;2;19; ;2; ; ;1;2; ; ;1; ;12;904,831637710619
3356631;1;1;2;2;27; ;2; ; ;1;2; ; ;1; ;12;1478,3700332675
3356631;1;2;2;2;52; ;2; ; ;1;2; ; ;1; ;12;1478,3700332675
3356631;1;3;2;2;76; ;2; ; ;1;2; ; ;1; ;12;1478,3700332675
3356631;1;4;1; ; ; ; ; ; ; ; ; ; ; ; ;12;1478,3700332675
3356631;1;5;1; ; ; ; ; ; ; ; ; ; ; ; ;12;1478,3700332675
3356631;1;6;2;2;76; ;2; ; ;1;2; ; ;1; ;12;1478,3700332675
3356633;1;1;2;2;63; ;3;63; ;1;2; ; ;1; ;12;844,035523851638
3356634;1;1;1; ; ; ; ; ; ; ; ; ; ; ; ;12;608,876657862587
3356634;1;2;1; ; ; ; ; ; ; ; ; ; ; ; ;12;608,876657862587
3356634;1;3;1; ; ; ; ; ; ; ; ; ; ; ; ;12;608,876657862587
3356634;1;4;1; ; ; ; ; ; ; ; ; ; ; ; ;12;608,876657862587
3356634;1;5;1; ; ; ; ; ; ; ; ; ; ; ; ;12;608,876657862587
3356634;1;6;1; ; ; ; ; ; ; ; ; ; ; ; ;12;608,876657862587
3356634;1;7;1; ; ; ; ; ; ; ; ; ; ; ; ;12;608,876657862587
3356635;1;1;1; ; ; ; ; ; ; ; ; ; ; ; ;12;1202,32256885715
3356635;1;2;1; ; ; ; ; ; ; ; ; ; ; ; ;12;1202,32256885715
3356636;1;1;1; ; ; ; ; ; ; ; ; ; ; ; ;12;1224,05223174661
3356636;1;2;2;2;76; ;2; ; ;1;2; ; ;1; ;12;1224,05223174661
3356636;1;3;1; ; ; ; ; ; ; ; ; ; ; ; ;12;1224,05223174661
3356637;1;1;1; ; ; ; ; ; ; ; ; ; ; ; ;12;1137,77450794762
3356637;1;2;1; ; ; ; ; ; ; ; ; ; ; ; ;12;1137,77450794762
3356637;1;3;1; ; ; ; ; ; ; ; ; ; ; ; ;12;1137,77450794762
3356638;1;1;2;2;52; ;2; ; ;1;2; ; ;1; ;12;1175,48611270334
3356638;1;2;1; ; ; ; ; ; ; ; ; ; ; ; ;12;1175,48611270334
3356638;1;3;2;2;52; ;2; ; ;1;2; ; ;1; ;12;1175,48611270334
3356639;1;1;2;2;19; ;2; ; ;1;2; ; ;1; ;12;1349,05146949955
3356639;1;2;1; ; ; ; ; ; ; ; ; ; ; ; ;12;1349,05146949955
3356639;1;3;1; ; ; ; ; ; ; ; ; ; ; ; ;12;1349,05146949955
3356639;1;4;1; ; ; ; ; ; ; ; ; ; ; ; ;12;1349,05146949955
3356640;1;1;1; ; ; ; ; ; ; ; ; ; ; ; ;12;1020,80365281415
3356640;1;2;1; ; ; ; ; ; ; ; ; ; ; ; ;12;1020,80365281415
3356640;1;3;1; ; ; ; ; ; ; ; ; ; ; ; ;12;1020,80365281415
3356640;1;4;1; ; ; ; ; ; ; ; ; ; ; ; ;12;1020,80365281415
3356641;1;1;2;2;76; ;2; ; ;1;2; ; ;1; ;12;816,844336092258
3356641;1;2;2;2;63; ;2; ; ;1;2; ; ;1; ;12;816,844336092258
3356641;1;3;2;2;76; ;2; ; ;1;2; ; ;1; ;12;816,844336092258
3356642;1;1;2;2;19; ;2; ; ;1;2; ; ;1; ;12;1175,48611270334
3356642;1;2;1; ; ; ; ; ; ; ; ; ; ; ; ;12;1175,48611270334
3356642;1;3;1; ; ; ; ; ; ; ; ; ; ; ; ;12;1175,48611270334
3356643;1;1;1; ; ; ; ; ; ; ; ; ; ; ; ;12;1141,52645499817
3356644;1;1;2;2;76; ;2; ; ;1;2; ; ;1; ;12;1033,25608957876
3356644;1;2;1; ; ; ; ; ; ; ; ; ; ; ; ;12;1033,25608957876
3356644;1;3;1; ; ; ; ; ; ; ; ; ; ; ; ;12;1033,25608957876
3356644;1;4;1; ; ; ; ; ; ; ; ; ; ; ; ;12;1033,25608957876
3356644;1;5;1; ; ; ; ; ; ; ; ; ; ; ; ;12;1033,25608957876
3356644;1;6;1; ; ; ; ; ; ; ; ; ; ; ; ;12;1033,25608957876
3356644;1;7;2;2;76; ;2; ; ;1;2; ; ;1; ;12;1033,25608957876
3356644;1;8;1; ; ; ; ; ; ; ; ; ; ; ; ;12;1033,25608957876
3356644;1;9;1; ; ; ; ; ; ; ; ; ; ; ; ;12;1033,25608957876
3356646;1;1;2;2;76; ;2; ; ;1;2; ; ;1; ;12;521,509368191736
3356646;1;2;2;2;76; ;2; ; ;1;2; ; ;1; ;12;521,509368191736
3356646;1;3;1; ; ; ; ; ; ; ; ; ; ; ; ;12;521,509368191736
3356646;1;4;1; ; ; ; ; ; ; ; ; ; ; ; ;12;521,509368191736
3356646;1;5;1; ; ; ; ; ; ; ; ; ; ; ; ;12;521,509368191736
3356647;1;1;2;2;76; ;2; ; ;1;2; ; ;1; ;12;904,831637710619
3356647;1;2;1; ; ; ; ; ; ; ; ; ; ; ; ;12;904,831637710619
3356648;1;1;1; ; ; ; ; ; ; ; ; ; ; ; ;12;1121,94567249584
3356648;1;2;2;2;18; ;2; ; ;1;2; ; ;1; ;12;1121,94567249584
3356649;1;1;2;2;41; ;2; ; ;1;2; ; ;1; ;12;1175,48611270334
3356649;1;2;2;2;19; ;2; ; ;1;2; ; ;1; ;12;1175,48611270334
3356649;1;3;1; ; ; ; ; ; ; ; ; ; ; ; ;12;1175,48611270334
3356650;1;1;2;2;76; ;2; ; ;1;2; ; ;1; ;12;645,052311319805
3356650;1;2;1; ; ; ; ; ; ; ; ; ; ; ; ;12;645,052311319805
3356651;1;1;2;2;76; ;3;76; ;1;3;76; ;1; ;12;804,356143793481
3356651;1;2;2;2;76; ;3;76; ;1;3;76; ;1; ;12;804,356143793481
3356651;1;3;2;2;76; ;3;76; ;1;3;76; ;1; ;12;804,356143793481
3356651;1;4;2;2;76; ;3;76; ;2;3;76; ;2;1;12;804,356143793481
3356653;1;1;2;2;76; ;2; ; ;1;2; ; ;1; ;12;737,91739997989
3356654;1;1;1; ; ; ; ; ; ; ; ; ; ; ; ;12;1535,25551233142
3356654;1;2;2;2;19; ;2; ; ;1;2; ; ;1; ;12;1535,25551233142
3356654;1;3;1; ; ; ; ; ; ; ; ; ; ; ; ;12;1535,25551233142
3356654;1;4;1; ; ; ; ; ; ; ; ; ; ; ; ;12;1535,25551233142
3356654;1;5;2;2;19; ;2; ; ;1;2; ; ;1; ;12;1535,25551233142
3356654;1;6;2;2;19; ;2; ; ;1;2; ; ;1; ;12;1535,25551233142
3356655;1;1;2;2;76; ;2; ; ;1;2; ; ;1; ;12;798,713513838871
3356655;1;2;1; ; ; ; ; ; ; ; ; ; ; ; ;12;798,713513838871
3356656;1;1;1; ; ; ; ; ; ; ; ; ; ; ; ;12;1716,77442837442
3356656;1;2;1; ; ; ; ; ; ; ; ; ; ; ; ;12;1716,77442837442
3356656;1;3;1; ; ; ; ; ; ; ; ; ; ; ; ;12;1716,77442837442
3356656;1;4;1; ; ; ; ; ; ; ; ; ; ; ; ;12;1716,77442837442
3356657;1;1;2;2;27; ;2; ; ;1;2; ; ;1; ;12;1470,64369721751
3356657;1;2;1; ; ; ; ; ; ; ; ; ; ; ; ;12;1470,64369721751
3356657;1;3;1; ; ; ; ; ; ; ; ; ; ; ; ;12;1470,64369721751
3356657;1;4;1; ; ; ; ; ; ; ; ; ; ; ; ;12;1470,64369721751
3356657;1;5;1; ; ; ; ; ; ; ; ; ; ; ; ;12;1470,64369721751
3356657;1;6;1; ; ; ; ; ; ; ; ; ; ; ; ;12;1470,64369721751
3356658;1;1;2;1; ; ;2; ; ;1;2; ; ;1; ;12;1202,32256885715
3356658;1;2;2;2;23; ;3;23; ;1;3;23; ;1; ;12;1202,32256885715
3356660;1;1;1; ; ; ; ; ; ; ; ; ; ; ; ;12;1101,84707494001
3356660;1;2;1; ; ; ; ; ; ; ; ; ; ; ; ;12;1101,84707494001
3356660;1;3;1; ; ; ; ; ; ; ; ; ; ; ; ;12;1101,84707494001
3356660;1;4;1; ; ; ; ; ; ; ; ; ; ; ; ;12;1101,84707494001
3356661;1;1;1; ; ; ; ; ; ; ; ; ; ; ; ;12;1003,33935632531
3356661;1;2;2;2;05; ;3;17; ;1;2; ; ;1; ;12;1003,33935632531
3356661;1;3;2;2;50; ;2; ; ;1;2; ; ;1; ;12;1003,33935632531
3356663;1;1;2;2;76; ;2; ; ;1;2; ; ;1; ;12;698,238019921733
3356663;1;2;2;2;76; ;2; ; ;1;2; ; ;1; ;12;698,238019921733
3356663;1;3;1; ; ; ; ; ; ; ; ; ; ; ; ;12;698,238019921733
3356663;1;4;2;2;76; ;3;76; ;1;3;76; ;1; ;12;698,238019921733
3356664;1;1;2;2;76; ;2; ; ;1;2; ; ;1; ;12;861,658508084983
3356664;1;2;1; ; ; ; ; ; ; ; ; ; ; ; ;12;861,658508084983
3356664;1;3;1; ; ; ; ; ; ; ; ; ; ; ; ;12;861,658508084983
3356664;1;4;1; ; ; ; ; ; ; ; ; ; ; ; ;12;861,658508084983
3356664;1;5;2;2;19; ;2; ; ;1;2; ; ;1; ;12;861,658508084983
3356665;1;1;2;2;76; ;2; ; ;1;2; ; ;1; ;12;1003,33935632531
3356665;1;2;2;2;05; ;2; ; ;1;2; ; ;1; ;12;1003,33935632531
3356665;1;3;2;2;63; ;2; ; ;1;2; ; ;1; ;12;1003,33935632531
3356666;1;1;1; ; ; ; ; ; ; ; ; ; ; ; ;12;698,238019921733
3356666;1;2;2;2;76; ;2; ; ;1;2; ; ;1; ;12;698,238019921733
3356666;1;3;1; ; ; ; ; ; ; ; ; ; ; ; ;12;698,238019921733
3356666;1;4;1; ; ; ; ; ; ; ; ; ; ; ; ;12;698,238019921733
3356667;1;1;1; ; ; ; ; ; ; ; ; ; ; ; ;12;521,509368191736
3356667;1;2;2;2;52; ;2; ; ;1;2; ; ;1; ;12;521,509368191736
3356667;1;3;1; ; ; ; ; ; ; ; ; ; ; ; ;12;521,509368191736
3356667;1;4;1; ; ; ; ; ; ; ; ; ; ; ; ;12;521,509368191736
3356667;1;5;1; ; ; ; ; ; ; ; ; ; ; ; ;12;521,509368191736
3356667;1;6;1; ; ; ; ; ; ; ; ; ; ; ; ;12;521,509368191736
3356668;1;1;1; ; ; ; ; ; ; ; ; ; ; ; ;12;942,543242466333
3356668;1;2;1; ; ; ; ; ; ; ; ; ; ; ; ;12;942,543242466333
3356669;1;1;1; ; ; ; ; ; ; ; ; ; ; ; ;12;1224,05223174661
3356669;1;2;1; ; ; ; ; ; ; ; ; ; ; ; ;12;1224,05223174661
3356669;1;3;1; ; ; ; ; ; ; ; ; ; ; ; ;12;1224,05223174661
3356670;1;1;2;2;19; ;2; ; ;1;2; ; ;1; ;12;1125,54451313191
3356670;1;2;1; ; ; ; ; ; ; ; ; ; ; ; ;12;1125,54451313191
3356671;1;1;2;2;76; ;2; ; ;1;2; ; ;1; ;12;1789,8642912535
3356671;1;2;1; ; ; ; ; ; ; ; ; ; ; ; ;12;1789,8642912535
3356671;1;3;1; ; ; ; ; ; ; ; ; ; ; ; ;12;1789,8642912535
3356671;1;4;2;2;76; ;2; ; ;1;2; ; ;1; ;12;1789,8642912535
3356671;1;5;2;2;76; ;2; ; ;1;2; ; ;1; ;12;1789,8642912535
3356671;1;6;1; ; ; ; ; ; ; ; ; ; ; ; ;12;1789,8642912535
3356671;1;7;1; ; ; ; ; ; ; ; ; ; ; ; ;12;1789,8642912535
3356672;1;1;2;2;19; ;2; ; ;1;2; ; ;1; ;12;844,035523851638
3356674;1;1;2;2;76; ;2; ; ;1;2; ; ;1; ;12;1119,31137142884
3356674;1;2;2;2;73; ;2; ; ;1;2; ; ;1; ;12;1119,31137142884
3356674;1;3;2;2;11; ;2; ; ;1;2; ; ;1; ;12;1119,31137142884
3356674;1;4;2;2;11; ;2; ; ;1;2; ; ;1; ;12;1119,31137142884
3356674;1;5;1; ; ; ; ; ; ; ; ; ; ; ; ;12;1119,31137142884
3356675;1;1;2;2;52; ;3;52; ;2;2; ; ;1; ;12;1495,51237806888
3356675;1;2;2;2;52; ;2; ; ;1;2; ; ;1; ;12;1495,51237806888
3356675;1;3;1; ; ; ; ; ; ; ; ; ; ; ; ;12;1495,51237806888
3356675;2;1;2;2;52; ;2; ; ;1;2; ; ;1; ;12;1495,51237806888
3356675;2;2;2;2;52; ;2; ; ;1;2; ; ;1; ;12;1495,51237806888
3356675;2;3;2;2;76; ;2; ; ;1;2; ; ;1; ;12;1495,51237806888
3356675;2;4;2;1; ; ;2; ; ;1;2; ; ;1; ;12;1495,51237806888
3356675;2;5;1; ; ; ; ; ; ; ; ; ; ; ; ;12;1495,51237806888
3356676;1;1;2;2;76; ;2; ; ;1;2; ; ;1; ;12;777,164956034101
3356676;1;2;2;2;19; ;2; ; ;1;2; ; ;1; ;12;777,164956034101
3356676;1;3;2;1; ; ;3;19; ;1;2; ; ;1; ;12;777,164956034101
3356676;1;4;2;2;19; ;2; ; ;1;2; ; ;1; ;12;777,164956034101
3356676;1;5;1; ; ; ; ; ; ; ; ; ; ; ; ;12;777,164956034101
3356676;1;6;1; ; ; ; ; ; ; ; ; ; ; ; ;12;777,164956034101
3356677;1;1;2;2;76; ;2; ; ;1;2; ; ;1; ;12;1176,90471312153
3356677;1;2;2;1; ; ;2; ; ;1;2; ; ;1; ;12;1176,90471312153
3356677;1;3;1; ; ; ; ; ; ; ; ; ; ; ; ;12;1176,90471312153
3356677;1;4;1; ; ; ; ; ; ; ; ; ; ; ; ;12;1176,90471312153
3356679;1;1;2;2;19; ;3;19; ;2;3;19; ;2;1;12;1202,32256885715
3356679;1;2;2;3; ;6;4; ;6; ;4; ;6; ;4;12;1202,32256885715
3356680;1;1;1; ; ; ; ; ; ; ; ; ; ; ; ;12;1585,19711190285
3356680;1;2;2;2;66; ;2; ; ;1;2; ; ;1; ;12;1585,19711190285
3356680;1;3;1; ; ; ; ; ; ; ; ; ; ; ; ;12;1585,19711190285
3356680;1;4;1; ; ; ; ; ; ; ; ; ; ; ; ;12;1585,19711190285
3356680;1;5;1; ; ; ; ; ; ; ; ; ; ; ; ;12;1585,19711190285
3356680;1;6;2;2;66; ;2; ; ;1;2; ; ;1; ;12;1585,19711190285
3356680;1;7;2;2;66; ;4; ;5; ;4; ;5; ;1;12;1585,19711190285
3356681;1;1;2;2;17; ;2; ; ;1;2; ; ;1; ;12;718,336617477564
3356681;1;2;2;2;19; ;2; ; ;1;2; ; ;1; ;12;718,336617477564
3356682;1;1;2;2;63; ;2; ; ;1;2; ; ;1; ;12;1003,33935632531
3356682;1;2;1; ; ; ; ; ; ; ; ; ; ; ; ;12;1003,33935632531
3356682;1;3;1; ; ; ; ; ; ; ; ; ; ; ; ;12;1003,33935632531
3356683;1;1;2;2;63; ;2; ; ;1;2; ; ;1; ;12;935,316842063361
3356683;1;2;1; ; ; ; ; ; ; ; ; ; ; ; ;12;935,316842063361
3356683;1;3;1; ; ; ; ; ; ; ; ; ; ; ; ;12;935,316842063361
3356683;1;4;1; ; ; ; ; ; ; ; ; ; ; ; ;12;935,316842063361
3356683;1;5;1; ; ; ; ; ; ; ; ; ; ; ; ;12;935,316842063361
3356683;1;6;1; ; ; ; ; ; ; ; ; ; ; ; ;12;935,316842063361
3356683;1;7;1; ; ; ; ; ; ; ; ; ; ; ; ;12;935,316842063361
3356683;1;8;2;2;05; ;2; ; ;1;2; ; ;1; ;12;935,316842063361
3356683;1;9;1; ; ; ; ; ; ; ; ; ; ; ; ;12;935,316842063361
3356683;1;10;1; ; ; ; ; ; ; ; ; ; ; ; ;12;935,316842063361
3356683;1;11;1; ; ; ; ; ; ; ; ; ; ; ; ;12;935,316842063361
3356683;1;12;1; ; ; ; ; ; ; ; ; ; ; ; ;12;935,316842063361
3356683;1;13;1; ; ; ; ; ; ; ; ; ; ; ; ;12;935,316842063361
3356684;1;1;2;2;52; ;2; ; ;1;2; ; ;1; ;12;1380,83911403359
3356684;1;2;2;2;52; ;3;52; ;2;2; ; ;1; ;12;1380,83911403359
3356684;2;1;2;2;18; ;2; ; ;1;2; ; ;1; ;12;1380,83911403359
3356684;2;2;1; ; ; ; ; ; ; ; ; ; ; ; ;12;1380,83911403359
3356684;2;3;1; ; ; ; ; ; ; ; ; ; ; ; ;12;1380,83911403359
3356684;2;4;2;2;76; ;2; ; ;1;2; ; ;1; ;12;1380,83911403359
3356684;2;5;2;2;76; ;2; ; ;1;2; ; ;1; ;12;1380,83911403359
3356684;2;6;1; ; ; ; ; ; ; ; ; ; ; ; ;12;1380,83911403359
3356684;2;7;1; ; ; ; ; ; ; ; ; ; ; ; ;12;1380,83911403359
3356684;2;8;1; ; ; ; ; ; ; ; ; ; ; ; ;12;1380,83911403359
3356684;2;9;1; ; ; ; ; ; ; ; ; ; ; ; ;12;1380,83911403359
3356684;2;10;2;2;19; ;2; ; ;1;2; ; ;1; ;12;1380,83911403359
3356685;1;1;1; ; ; ; ; ; ; ; ; ; ; ; ;12;153,717281522318
3356685;1;2;1; ; ; ; ; ; ; ; ; ; ; ; ;12;153,717281522318
3356685;1;3;1; ; ; ; ; ; ; ; ; ; ; ; ;12;153,717281522318
3356685;1;4;1; ; ; ; ; ; ; ; ; ; ; ; ;12;153,717281522318
3356688;1;1;2;2;44; ;2; ; ;1;2; ; ;1; ;12;108,488294526709
3356688;1;2;2;2;44; ;2; ; ;1;2; ; ;1; ;12;108,488294526709
3356688;2;1;1; ; ; ; ; ; ; ; ; ; ; ; ;12;108,488294526709
3356688;2;2;1; ; ; ; ; ; ; ; ; ; ; ; ;12;108,488294526709
3356688;2;3;1; ; ; ; ; ; ; ; ; ; ; ; ;12;108,488294526709
3356688;2;4;1; ; ; ; ; ; ; ; ; ; ; ; ;12;108,488294526709
3356688;3;1;1; ; ; ; ; ; ; ; ; ; ; ; ;12;108,488294526709
3356688;3;2;1; ; ; ; ; ; ; ; ; ; ; ; ;12;108,488294526709
3356688;3;3;1; ; ; ; ; ; ; ; ; ; ; ; ;12;108,488294526709
3356688;3;4;1; ; ; ; ; ; ; ; ; ; ; ; ;12;108,488294526709
3356688;3;5;1; ; ; ; ; ; ; ; ; ; ; ; ;12;108,488294526709
3356688;3;6;1; ; ; ; ; ; ; ; ; ; ; ; ;12;108,488294526709
3356689;1;1;1; ; ; ; ; ; ; ; ; ; ; ; ;12;106,390536368743
3356689;1;2;1; ; ; ; ; ; ; ; ; ; ; ; ;12;106,390536368743
3356689;1;3;1; ; ; ; ; ; ; ; ; ; ; ; ;12;106,390536368743
3356689;1;4;1; ; ; ; ; ; ; ; ; ; ; ; ;12;106,390536368743
3356689;1;5;1; ; ; ; ; ; ; ; ; ; ; ; ;12;106,390536368743
3356689;1;6;1; ; ; ; ; ; ; ; ; ; ; ; ;12;106,390536368743
3356689;1;7;1; ; ; ; ; ; ; ; ; ; ; ; ;12;106,390536368743
3356689;1;8;2;1; ; ;3;05; ;1;2; ; ;1; ;12;106,390536368743
3356689;1;9;2;2;05; ;3;05; ;1;2; ; ;1; ;12;106,390536368743
3356689;1;10;2;2;05; ;3;05; ;1;2; ; ;1; ;12;106,390536368743
3356690;1;1;1; ; ; ; ; ; ; ; ; ; ; ; ;12;141,953460530167
3356690;1;2;1; ; ; ; ; ; ; ; ; ; ; ; ;12;141,953460530167
3356690;1;3;1; ; ; ; ; ; ; ; ; ; ; ; ;12;141,953460530167
3356690;1;4;1; ; ; ; ; ; ; ; ; ; ; ; ;12;141,953460530167
3356691;1;1;2;2;05; ;2; ; ;1;2; ; ;1; ;12;147,833494909006
3356691;1;2;1; ; ; ; ; ; ; ; ; ; ; ; ;12;147,833494909006
3356691;1;3;1; ; ; ; ; ; ; ; ; ; ; ; ;12;147,833494909006
3356691;1;4;1; ; ; ; ; ; ; ; ; ; ; ; ;12;147,833494909006
3356691;1;5;1; ; ; ; ; ; ; ; ; ; ; ; ;12;147,833494909006
3356691;2;1;1; ; ; ; ; ; ; ; ; ; ; ; ;12;147,833494909006
3356691;2;2;1; ; ; ; ; ; ; ; ; ; ; ; ;12;147,833494909006
3356691;2;3;1; ; ; ; ; ; ; ; ; ; ; ; ;12;147,833494909006
3356692;1;1;2;2;23; ;2; ; ;1;2; ; ;1; ;12;150,377468215344
3356692;1;2;2;2;05; ;2; ; ;1;2; ; ;1; ;12;150,377468215344
3356692;1;3;1; ; ; ; ; ; ; ; ; ; ; ; ;12;150,377468215344
3356692;1;4;1; ; ; ; ; ; ; ; ; ; ; ; ;12;150,377468215344
3356693;1;1;2;2;05; ;2; ; ;1;2; ; ;1; ;12;130,2061928284
3356693;1;2;2;2;05; ;2; ; ;1;2; ; ;1; ;12;130,2061928284
3356693;1;3;1; ; ; ; ; ; ; ; ; ; ; ; ;12;130,2061928284
3356693;1;4;1; ; ; ; ; ; ; ; ; ; ; ; ;12;130,2061928284
3356694;1;1;1; ; ; ; ; ; ; ; ; ; ; ; ;12;169,437587982259
3356694;1;2;1; ; ; ; ; ; ; ; ; ; ; ; ;12;169,437587982259
3356694;1;3;1; ; ; ; ; ; ; ; ; ; ; ; ;12;169,437587982259
3356694;1;4;1; ; ; ; ; ; ; ; ; ; ; ; ;12;169,437587982259
3356695;1;1;1; ; ; ; ; ; ; ; ; ; ; ; ;12;560,539753261353
3356695;1;2;1; ; ; ; ; ; ; ; ; ; ; ; ;12;560,539753261353
3356695;1;3;1; ; ; ; ; ; ; ; ; ; ; ; ;12;560,539753261353
3356695;1;4;1; ; ; ; ; ; ; ; ; ; ; ; ;12;560,539753261353
3356697;1;1;2;1; ; ;2; ; ;1;2; ; ;1; ;12;174,497443417799
3356697;1;2;1; ; ; ; ; ; ; ; ; ; ; ; ;12;174,497443417799
3356697;1;3;1; ; ; ; ; ; ; ; ; ; ; ; ;12;174,497443417799
3356697;1;4;1; ; ; ; ; ; ; ; ; ; ; ; ;12;174,497443417799
3356698;1;1;1; ; ; ; ; ; ; ; ; ; ; ; ;12;161,843370946759
3356698;1;2;1; ; ; ; ; ; ; ; ; ; ; ; ;12;161,843370946759
3356699;1;1;1; ; ; ; ; ; ; ; ; ; ; ; ;12;123,45360492918
3356699;1;2;1; ; ; ; ; ; ; ; ; ; ; ; ;12;123,45360492918
3356699;1;3;1; ; ; ; ; ; ; ; ; ; ; ; ;12;123,45360492918
3356699;1;4;1; ; ; ; ; ; ; ; ; ; ; ; ;12;123,45360492918
3356699;1;5;1; ; ; ; ; ; ; ; ; ; ; ; ;12;123,45360492918
3356700;1;1;1; ; ; ; ; ; ; ; ; ; ; ; ;12;143,922807097709
3356700;1;2;1; ; ; ; ; ; ; ; ; ; ; ; ;12;143,922807097709
3356700;2;1;2;2;23; ;2; ; ;1;2; ; ;1; ;12;143,922807097709
3356700;2;2;2;1; ; ;2; ; ;1;2; ; ;1; ;12;143,922807097709
3356700;2;3;1; ; ; ; ; ; ; ; ; ; ; ; ;12;143,922807097709
3356700;2;4;1; ; ; ; ; ; ; ; ; ; ; ; ;12;143,922807097709
3356703;1;1;2;2;23; ;2; ; ;1;2; ; ;1; ;12;115,43566410811
3356703;1;2;1; ; ; ; ; ; ; ; ; ; ; ; ;12;115,43566410811
3356703;1;3;2;2;23; ;3;23; ;1;2; ; ;1; ;12;115,43566410811
3356704;1;1;2;2;23; ;2; ; ;1;2; ; ;1; ;12;144,424529361964
3356704;1;2;1; ; ; ; ; ; ; ; ; ; ; ; ;12;144,424529361964
3356704;1;3;1; ; ; ; ; ; ; ; ; ; ; ; ;12;144,424529361964
3356705;1;1;1; ; ; ; ; ; ; ; ; ; ; ; ;12;461,742656432441
3356705;1;2;1; ; ; ; ; ; ; ; ; ; ; ; ;12;461,742656432441
3356705;1;3;1; ; ; ; ; ; ; ; ; ; ; ; ;12;461,742656432441
3356708;1;1;2;2;05; ;3;13; ;1;2; ; ;1; ;12;151,308563637399
3356708;1;2;2;2;05; ;3;13; ;1;2; ; ;1; ;12;151,308563637399
3356708;1;3;1; ; ; ; ; ; ; ; ; ; ; ; ;12;151,308563637399
3356709;1;1;1; ; ; ; ; ; ; ; ; ; ; ; ;12;131,478179481569
3356709;1;2;1; ; ; ; ; ; ; ; ; ; ; ; ;12;131,478179481569
3356710;1;1;1; ; ; ; ; ; ; ; ; ; ; ; ;12;166,046320393725
3356710;1;2;1; ; ; ; ; ; ; ; ; ; ; ; ;12;166,046320393725
3356710;1;3;1; ; ; ; ; ; ; ; ; ; ; ; ;12;166,046320393725
3356710;1;4;1; ; ; ; ; ; ; ; ; ; ; ; ;12;166,046320393725
3356710;1;5;1; ; ; ; ; ; ; ; ; ; ; ; ;12;166,046320393725
3356710;1;6;1; ; ; ; ; ; ; ; ; ; ; ; ;12;166,046320393725
3356711;1;1;2;2;23; ;2; ; ;1;2; ; ;1; ;12;163,323818095739
3356711;1;2;2;2;23; ;2; ; ;1;2; ; ;1; ;12;163,323818095739
3356711;1;3;1; ; ; ; ; ; ; ; ; ; ; ; ;12;163,323818095739
3356711;1;4;1; ; ; ; ; ; ; ; ; ; ; ; ;12;163,323818095739
3356711;1;5;1; ; ; ; ; ; ; ; ; ; ; ; ;12;163,323818095739
3356712;1;1;1; ; ; ; ; ; ; ; ; ; ; ; ;12;153,717281522318
3356712;1;2;1; ; ; ; ; ; ; ; ; ; ; ; ;12;153,717281522318
3356712;1;3;1; ; ; ; ; ; ; ; ; ; ; ; ;12;153,717281522318
3356712;1;4;1; ; ; ; ; ; ; ; ; ; ; ; ;12;153,717281522318
3356713;1;1;2;2;05; ;3;13; ;1;2; ; ;1; ;12;135,705419581317
3356713;1;2;2;2;13; ;3;13; ;1;2; ; ;1; ;12;135,705419581317
3356713;1;3;2;2;13; ;3;13; ;1;2; ; ;1; ;12;135,705419581317
3356714;1;1;1; ; ; ; ; ; ; ; ; ; ; ; ;12;134,878663717431
3356714;1;2;1; ; ; ; ; ; ; ; ; ; ; ; ;12;134,878663717431
3356714;1;3;1; ; ; ; ; ; ; ; ; ; ; ; ;12;134,878663717431
3356714;1;4;1; ; ; ; ; ; ; ; ; ; ; ; ;12;134,878663717431
3356714;1;5;1; ; ; ; ; ; ; ; ; ; ; ; ;12;134,878663717431
3356714;1;6;1; ; ; ; ; ; ; ; ; ; ; ; ;12;134,878663717431
3356715;1;1;1; ; ; ; ; ; ; ; ; ; ; ; ;12;155,732425746354
3356715;1;2;1; ; ; ; ; ; ; ; ; ; ; ; ;12;155,732425746354
3356715;1;3;1; ; ; ; ; ; ; ; ; ; ; ; ;12;155,732425746354
3356715;1;4;1; ; ; ; ; ; ; ; ; ; ; ; ;12;155,732425746354
3356716;1;1;1; ; ; ; ; ; ; ; ; ; ; ; ;12;132,365606274343
3356716;1;2;1; ; ; ; ; ; ; ; ; ; ; ; ;12;132,365606274343
3356716;1;3;1; ; ; ; ; ; ; ; ; ; ; ; ;12;132,365606274343
3356717;1;1;2;2;23; ;3;05; ;1;2; ; ;1; ;12;145,060522688548
3356717;1;2;2;2;23; ;3;23; ;1;2; ; ;1; ;12;145,060522688548
3356718;1;1;2;2;05; ;2; ; ;1;2; ; ;1; ;12;140,770931641923
3356718;1;2;1; ; ; ; ; ; ; ; ; ; ; ; ;12;140,770931641923
3356718;1;3;1; ; ; ; ; ; ; ; ; ; ; ; ;12;140,770931641923
3356719;1;1;1; ; ; ; ; ; ; ; ; ; ; ; ;12;151,944556963983
3356719;1;2;2;2;05; ;2; ; ;1;2; ; ;1; ;12;151,944556963983
3356720;1;1;1; ; ; ; ; ; ; ; ; ; ; ; ;12;132,657883683699
3356720;1;2;2;2;23; ;2; ; ;1;2; ; ;1; ;12;132,657883683699
3356721;1;1;1; ; ; ; ; ; ; ; ; ; ; ; ;12;150,521008534272
3356721;1;2;1; ; ; ; ; ; ; ; ; ; ; ; ;12;150,521008534272
3356721;1;3;1; ; ; ; ; ; ; ; ; ; ; ; ;12;150,521008534272
3356722;1;1;2;1; ; ;2; ; ;1;2; ; ;1; ;12;168,272727962105
3356722;1;2;1; ; ; ; ; ; ; ; ; ; ; ; ;12;168,272727962105
3356722;1;3;1; ; ; ; ; ; ; ; ; ; ; ; ;12;168,272727962105
3356722;1;4;1; ; ; ; ; ; ; ; ; ; ; ; ;12;168,272727962105
3356722;1;5;2;2;23; ;3;23; ;1;2; ; ;1; ;12;168,272727962105
3356725;1;1;2;2;23; ;2; ; ;1;2; ; ;1; ;12;129,758340199842
3356725;1;2;2;2;23; ;2; ; ;1;2; ; ;1; ;12;129,758340199842
3356725;1;3;2;2;23; ;2; ; ;1;2; ; ;1; ;12;129,758340199842
3356725;1;4;2;2;76; ;2; ; ;1;2; ; ;1; ;12;129,758340199842
3356726;1;1;1; ; ; ; ; ; ; ; ; ; ; ; ;12;138,801585074381
3356727;1;1;1; ; ; ; ; ; ; ; ; ; ; ; ;12;155,001325282615
3356727;1;2;1; ; ; ; ; ; ; ; ; ; ; ; ;12;155,001325282615
3356727;1;3;1; ; ; ; ; ; ; ; ; ; ; ; ;12;155,001325282615
3356727;1;4;1; ; ; ; ; ; ; ; ; ; ; ; ;12;155,001325282615
3356727;1;5;1; ; ; ; ; ; ; ; ; ; ; ; ;12;155,001325282615
3356727;1;6;1; ; ; ; ; ; ; ; ; ; ; ; ;12;155,001325282615
3356728;1;1;1; ; ; ; ; ; ; ; ; ; ; ; ;12;151,308563637399
3356728;1;2;1; ; ; ; ; ; ; ; ; ; ; ; ;12;151,308563637399
3356728;1;3;1; ; ; ; ; ; ; ; ; ; ; ; ;12;151,308563637399
3356729;1;1;2;2;47; ;3;47; ;1;2; ; ;1; ;12;151,944556963983
3356729;1;2;1; ; ; ; ; ; ; ; ; ; ; ; ;12;151,944556963983
3356730;1;1;2;2;13; ;2; ; ;1;2; ; ;1; ;12;138,801585074381
3356731;1;1;1; ; ; ; ; ; ; ; ; ; ; ; ;12;163,323818095739
3356731;1;2;1; ; ; ; ; ; ; ; ; ; ; ; ;12;163,323818095739
3356731;1;3;1; ; ; ; ; ; ; ; ; ; ; ; ;12;163,323818095739
3356731;1;4;1; ; ; ; ; ; ; ; ; ; ; ; ;12;163,323818095739
3356731;1;5;1; ; ; ; ; ; ; ; ; ; ; ; ;12;163,323818095739
3356732;1;1;1; ; ; ; ; ; ; ; ; ; ; ; ;12;157,065101959781
3356732;1;2;1; ; ; ; ; ; ; ; ; ; ; ; ;12;157,065101959781
3356732;1;3;1; ; ; ; ; ; ; ; ; ; ; ; ;12;157,065101959781
3356732;1;4;1; ; ; ; ; ; ; ; ; ; ; ; ;12;157,065101959781
3356733;1;1;2;2;13; ;2; ; ;1;2; ; ;1; ;12;151,196857373173
3356733;1;2;1; ; ; ; ; ; ; ; ; ; ; ; ;12;151,196857373173
3356733;1;3;1; ; ; ; ; ; ; ; ; ; ; ; ;12;151,196857373173
3356733;1;4;1; ; ; ; ; ; ; ; ; ; ; ; ;12;151,196857373173
3356734;1;1;1; ; ; ; ; ; ; ; ; ; ; ; ;12;165,681817922751
3356735;1;1;2;2;47; ;2; ; ;1;2; ; ;1; ;12;163,490761367894
3356735;1;2;1; ; ; ; ; ; ; ; ; ; ; ; ;12;163,490761367894
3356735;1;3;1; ; ; ; ; ; ; ; ; ; ; ; ;12;163,490761367894
3356735;1;4;1; ; ; ; ; ; ; ; ; ; ; ; ;12;163,490761367894
3356737;1;1;2;2;23; ;2; ; ;1;2; ; ;1; ;12;151,944556963983
3356737;1;2;1; ; ; ; ; ; ; ; ; ; ; ; ;12;151,944556963983
3356738;1;1;1; ; ; ; ; ; ; ; ; ; ; ; ;12;148,651769461712
3356738;1;2;1; ; ; ; ; ; ; ; ; ; ; ; ;12;148,651769461712
3356738;1;3;1; ; ; ; ; ; ; ; ; ; ; ; ;12;148,651769461712
3356738;1;4;1; ; ; ; ; ; ; ; ; ; ; ; ;12;148,651769461712
3356739;1;1;1; ; ; ; ; ; ; ; ; ; ; ; ;12;151,308563637399
3356739;1;2;1; ; ; ; ; ; ; ; ; ; ; ; ;12;151,308563637399
3356739;1;3;1; ; ; ; ; ; ; ; ; ; ; ; ;12;151,308563637399
3356740;1;1;1; ; ; ; ; ; ; ; ; ; ; ; ;12;161,551093537404
3356740;1;2;1; ; ; ; ; ; ; ; ; ; ; ; ;12;161,551093537404
3356740;1;3;1; ; ; ; ; ; ; ; ; ; ; ; ;12;161,551093537404
3356741;1;1;2;2;23; ;2; ; ;1;2; ; ;1; ;12;156,795556844662
3356741;1;2;1; ; ; ; ; ; ; ; ; ; ; ; ;12;156,795556844662
3356741;1;3;1; ; ; ; ; ; ; ; ; ; ; ; ;12;156,795556844662
3356741;1;4;1; ; ; ; ; ; ; ; ; ; ; ; ;12;156,795556844662
3356741;1;5;1; ; ; ; ; ; ; ; ; ; ; ; ;12;156,795556844662
3356741;1;6;1; ; ; ; ; ; ; ; ; ; ; ; ;12;156,795556844662
3356741;1;7;1; ; ; ; ; ; ; ; ; ; ; ; ;12;156,795556844662
3356741;1;8;2;2;23; ;2; ; ;1;2; ; ;1; ;12;156,795556844662
3356741;1;9;1; ; ; ; ; ; ; ; ; ; ; ; ;12;156,795556844662
3356742;1;1;1; ; ; ; ; ; ; ; ; ; ; ; ;12;144,332246910925
3356742;1;2;1; ; ; ; ; ; ; ; ; ; ; ; ;12;144,332246910925
3356742;1;3;1; ; ; ; ; ; ; ; ; ; ; ; ;12;144,332246910925
3356742;1;4;1; ; ; ; ; ; ; ; ; ; ; ; ;12;144,332246910925
3356742;1;5;1; ; ; ; ; ; ; ; ; ; ; ; ;12;144,332246910925
3356747;1;1;1; ; ; ; ; ; ; ; ; ; ; ; ;12;151,869972471452
3356747;1;2;1; ; ; ; ; ; ; ; ; ; ; ; ;12;151,869972471452
3356747;1;3;1; ; ; ; ; ; ; ; ; ; ; ; ;12;151,869972471452
3356747;1;4;2;2;76; ;3;05; ;1;2; ; ;1; ;12;151,869972471452
3356747;1;5;2;2;08; ;1; ; ; ;2; ; ;1; ;12;151,869972471452
3356747;1;6;1; ; ; ; ; ; ; ; ; ; ; ; ;12;151,869972471452
3356747;1;7;1; ; ; ; ; ; ; ; ; ; ; ; ;12;151,869972471452
3356747;1;8;1; ; ; ; ; ; ; ; ; ; ; ; ;12;151,869972471452
3356747;1;9;1; ; ; ; ; ; ; ; ; ; ; ; ;12;151,869972471452
3356747;1;10;1; ; ; ; ; ; ; ; ; ; ; ; ;12;151,869972471452
3356747;1;11;1; ; ; ; ; ; ; ; ; ; ; ; ;12;151,869972471452
3356748;1;1;1; ; ; ; ; ; ; ; ; ; ; ; ;12;117,656444141842
3356748;1;2;1; ; ; ; ; ; ; ; ; ; ; ; ;12;117,656444141842
3356748;1;3;2;2;23; ;3;23; ;1;2; ; ;1; ;12;117,656444141842
3356748;1;4;2;2;23; ;3;23; ;1;2; ; ;1; ;12;117,656444141842
3356748;1;5;2;2;11; ;1; ; ; ;2; ; ;1; ;12;117,656444141842
3356748;1;6;1; ; ; ; ; ; ; ; ; ; ; ; ;12;117,656444141842
3356748;1;7;1; ; ; ; ; ; ; ; ; ; ; ; ;12;117,656444141842
3356749;1;1;1; ; ; ; ; ; ; ; ; ; ; ; ;12;162,687824769154
3356749;1;2;1; ; ; ; ; ; ; ; ; ; ; ; ;12;162,687824769154
3356749;1;3;1; ; ; ; ; ; ; ; ; ; ; ; ;12;162,687824769154
3356749;1;4;1; ; ; ; ; ; ; ; ; ; ; ; ;12;162,687824769154
3356749;1;5;1; ; ; ; ; ; ; ; ; ; ; ; ;12;162,687824769154
3356749;1;6;1; ; ; ; ; ; ; ; ; ; ; ; ;12;162,687824769154
3356750;1;1;2;2;23; ;2; ; ;1;2; ; ;1; ;12;151,944556963983
3356750;1;2;1; ; ; ; ; ; ; ; ; ; ; ; ;12;151,944556963983
3356751;1;1;1; ; ; ; ; ; ; ; ; ; ; ; ;12;153,643681388876
3356751;1;2;1; ; ; ; ; ; ; ; ; ; ; ; ;12;153,643681388876
3356751;1;3;1; ; ; ; ; ; ; ; ; ; ; ; ;12;153,643681388876
3356751;1;4;1; ; ; ; ; ; ; ; ; ; ; ; ;12;153,643681388876
3356751;2;1;1; ; ; ; ; ; ; ; ; ; ; ; ;12;153,643681388876
3356751;2;2;1; ; ; ; ; ; ; ; ; ; ; ; ;12;153,643681388876
3356752;1;1;1; ; ; ; ; ; ; ; ; ; ; ; ;12;140,770931641923
3356752;1;2;1; ; ; ; ; ; ; ; ; ; ; ; ;12;140,770931641923
3356752;1;3;1; ; ; ; ; ; ; ; ; ; ; ; ;12;140,770931641923
3356753;1;1;2;2;23; ;2; ; ;1;2; ; ;1; ;12;362,012143530626
3356753;1;2;1; ; ; ; ; ; ; ; ; ; ; ; ;12;362,012143530626
3356753;1;3;1; ; ; ; ; ; ; ; ; ; ; ; ;12;362,012143530626
3356753;2;1;1; ; ; ; ; ; ; ; ; ; ; ; ;12;362,012143530626
3356753;2;2;1; ; ; ; ; ; ; ; ; ; ; ; ;12;362,012143530626
3356753;2;3;1; ; ; ; ; ; ; ; ; ; ; ; ;12;362,012143530626
3356754;1;1;1; ; ; ; ; ; ; ; ; ; ; ; ;12;381,098450443967
3356754;1;2;1; ; ; ; ; ; ; ; ; ; ; ; ;12;381,098450443967
3356754;1;3;1; ; ; ; ; ; ; ; ; ; ; ; ;12;381,098450443967
3356756;1;1;1; ; ; ; ; ; ; ; ; ; ; ; ;12;322,748715343108
3356756;1;2;1; ; ; ; ; ; ; ; ; ; ; ; ;12;322,748715343108
3356756;1;3;1; ; ; ; ; ; ; ; ; ; ; ; ;12;322,748715343108
3356756;1;4;1; ; ; ; ; ; ; ; ; ; ; ; ;12;322,748715343108
3356757;1;1;2;2;23; ;2; ; ;1;2; ; ;1; ;12;406,017109441736
3356757;1;2;1; ; ; ; ; ; ; ; ; ; ; ; ;12;406,017109441736
3356757;1;3;2;2;23; ;2; ; ;1;2; ; ;1; ;12;406,017109441736
3356757;1;4;1; ; ; ; ; ; ; ; ; ; ; ; ;12;406,017109441736
3356757;1;5;1; ; ; ; ; ; ; ; ; ; ; ; ;12;406,017109441736
3356758;1;1;1; ; ; ; ; ; ; ; ; ; ; ; ;12;341,311634845021
3356758;1;2;1; ; ; ; ; ; ; ; ; ; ; ; ;12;341,311634845021
3356759;1;1;1; ; ; ; ; ; ; ; ; ; ; ; ;12;370,356510923183
3356759;1;2;2;2;23; ;3;23; ;1;2; ; ;1; ;12;370,356510923183
3356759;1;3;1; ; ; ; ; ; ; ; ; ; ; ; ;12;370,356510923183
3356759;1;4;1; ; ; ; ; ; ; ; ; ; ; ; ;12;370,356510923183
3356760;1;1;2;2;05; ;2; ; ;1;2; ; ;1; ;12;306,75572236966
3356760;1;2;2;2;70; ;2; ; ;1;2; ; ;1; ;12;306,75572236966
3356760;1;3;2;2;70; ;2; ; ;1;2; ; ;1; ;12;306,75572236966
3356760;1;4;2;2;70; ;2; ; ;1;2; ; ;1; ;12;306,75572236966
3356761;1;1;1; ; ; ; ; ; ; ; ; ; ; ; ;12;489,311931170872
3356761;1;2;2;1; ; ;3;11; ;1;3;05; ;1; ;12;489,311931170872
3356761;1;3;1; ; ; ; ; ; ; ; ; ; ; ; ;12;489,311931170872
3356761;1;4;1; ; ; ; ; ; ; ; ; ; ; ; ;12;489,311931170872
3356761;1;5;1; ; ; ; ; ; ; ; ; ; ; ; ;12;489,311931170872
3356764;1;1;1; ; ; ; ; ; ; ; ; ; ; ; ;12;425,881561631042
3356764;1;2;1; ; ; ; ; ; ; ; ; ; ; ; ;12;425,881561631042
3356764;1;3;1; ; ; ; ; ; ; ; ; ; ; ; ;12;425,881561631042
3356765;1;1;2;1; ; ;2; ; ;1;4; ;3; ;1;12;323,087130160514
3356765;1;2;1; ; ; ; ; ; ; ; ; ; ; ; ;12;323,087130160514
3356765;1;3;1; ; ; ; ; ; ; ; ; ; ; ; ;12;323,087130160514
3356765;1;4;1; ; ; ; ; ; ; ; ; ; ; ; ;12;323,087130160514
3356765;1;5;1; ; ; ; ; ; ; ; ; ; ; ; ;12;323,087130160514
3356765;1;6;1; ; ; ; ; ; ; ; ; ; ; ; ;12;323,087130160514
3356765;1;7;1; ; ; ; ; ; ; ; ; ; ; ; ;12;323,087130160514
3356765;1;8;1; ; ; ; ; ; ; ; ; ; ; ; ;12;323,087130160514
3356766;1;1;1; ; ; ; ; ; ; ; ; ; ; ; ;12;370,879898334611
3356766;1;2;1; ; ; ; ; ; ; ; ; ; ; ; ;12;370,879898334611
3356766;1;3;1; ; ; ; ; ; ; ; ; ; ; ; ;12;370,879898334611
3356767;1;1;1; ; ; ; ; ; ; ; ; ; ; ; ;12;370,356510923183
3356767;1;2;1; ; ; ; ; ; ; ; ; ; ; ; ;12;370,356510923183
3356767;1;3;1; ; ; ; ; ; ; ; ; ; ; ; ;12;370,356510923183
3356767;1;4;1; ; ; ; ; ; ; ; ; ; ; ; ;12;370,356510923183
3356768;1;1;2;2;13; ;2; ; ;1;2; ; ;1; ;12;410,143326522129
3356768;1;2;2;2;13; ;2; ; ;1;2; ; ;1; ;12;410,143326522129
3356768;1;3;1; ; ; ; ; ; ; ; ; ; ; ; ;12;410,143326522129
3356768;1;4;1; ; ; ; ; ; ; ; ; ; ; ; ;12;410,143326522129
3356768;1;5;1; ; ; ; ; ; ; ; ; ; ; ; ;12;410,143326522129
3356769;1;1;1; ; ; ; ; ; ; ; ; ; ; ; ;12;321,970570067144
3356769;1;2;1; ; ; ; ; ; ; ; ; ; ; ; ;12;321,970570067144
3356769;1;3;2;2;23; ;2; ; ;1;2; ; ;1; ;12;321,970570067144
3356771;1;1;2;2;13; ;2; ; ;1;2; ; ;1; ;12;347,244990996085
3356771;1;2;2;2;13; ;2; ; ;1;2; ; ;1; ;12;347,244990996085
3356771;1;3;2;2;13; ;2; ; ;1;2; ; ;1; ;12;347,244990996085
3356771;1;4;2;2;13; ;2; ; ;1;2; ; ;1; ;12;347,244990996085
3356772;1;1;2;2;13; ;2; ; ;1;2; ; ;1; ;12;469,548916962587
3356772;1;2;2;2;13; ;2; ; ;1;2; ; ;1; ;12;469,548916962587
3356772;1;3;2;2;13; ;2; ; ;1;2; ; ;1; ;12;469,548916962587
3356772;1;4;1; ; ; ; ; ; ; ; ; ; ; ; ;12;469,548916962587
3356772;1;5;1; ; ; ; ; ; ; ; ; ; ; ; ;12;469,548916962587
3356772;1;6;2;2;23; ;3;13; ;2;2; ; ;1; ;12;469,548916962587
3356773;1;1;2;2;54; ;3;54; ;1;3;68; ;1; ;12;371,40328574604
3356773;1;2;2;2;54; ;3;54; ;1;3;68; ;1; ;12;371,40328574604
3356774;1;1;2;2;23; ;2; ; ;1;2; ; ;1; ;12;405,26539179628
3356774;1;2;1; ; ; ; ; ; ; ; ; ; ; ; ;12;405,26539179628
3356774;1;3;1; ; ; ; ; ; ; ; ; ; ; ; ;12;405,26539179628
3356775;1;1;2;2;20; ;2; ; ;1;2; ; ;1; ;12;370,879898334611
3356775;1;2;2;2;13; ;2; ; ;1;2; ; ;1; ;12;370,879898334611
3356775;1;3;1; ; ; ; ; ; ; ; ; ; ; ; ;12;370,879898334611
3356776;1;1;1; ; ; ; ; ; ; ; ; ; ; ; ;12;362,191209146676
3356776;1;2;2;2;13; ;2; ; ;1;2; ; ;1; ;12;362,191209146676
3356776;1;3;1; ; ; ; ; ; ; ; ; ; ; ; ;12;362,191209146676
3356776;1;4;1; ; ; ; ; ; ; ; ; ; ; ; ;12;362,191209146676
3356776;1;5;1; ; ; ; ; ; ; ; ; ; ; ; ;12;362,191209146676
3356776;1;6;1; ; ; ; ; ; ; ; ; ; ; ; ;12;362,191209146676
3356777;1;1;2;2;13; ;2; ; ;1;2; ; ;1; ;12;426,958090676217
3356777;1;2;2;2;13; ;2; ; ;1;2; ; ;1; ;12;426,958090676217
3356777;1;3;2;2;13; ;2; ; ;1;2; ; ;1; ;12;426,958090676217
3356777;1;4;2;2;13; ;2; ; ;1;2; ; ;1; ;12;426,958090676217
3356777;1;5;2;2;08; ;2; ; ;1;2; ; ;1; ;12;426,958090676217
3356778;1;1;1; ; ; ; ; ; ; ; ; ; ; ; ;12;355,665050637127
3356778;1;2;1; ; ; ; ; ; ; ; ; ; ; ; ;12;355,665050637127
3356778;1;3;1; ; ; ; ; ; ; ; ; ; ; ; ;12;355,665050637127
3356778;1;4;1; ; ; ; ; ; ; ; ; ; ; ; ;12;355,665050637127
3356779;1;1;2;2;70; ;2; ; ;1;2; ; ;1; ;12;495,197043585768
3356779;1;2;2;2;13; ;2; ; ;1;2; ; ;1; ;12;495,197043585768
3356779;1;3;1; ; ; ; ; ; ; ; ; ; ; ; ;12;495,197043585768
3356779;1;4;1; ; ; ; ; ; ; ; ; ; ; ; ;12;495,197043585768
3356780;1;1;2;2;23; ;2; ; ;1;2; ; ;1; ;12;348,48049891916
3356780;1;2;1; ; ; ; ; ; ; ; ; ; ; ; ;12;348,48049891916
3356780;1;3;1; ; ; ; ; ; ; ; ; ; ; ; ;12;348,48049891916
3356780;1;4;1; ; ; ; ; ; ; ; ; ; ; ; ;12;348,48049891916
3356781;1;1;1; ; ; ; ; ; ; ; ; ; ; ; ;12;485,50187888784
3356781;1;2;1; ; ; ; ; ; ; ; ; ; ; ; ;12;485,50187888784
3356781;1;3;2;1; ; ;3;11; ;1;3;11; ;1; ;12;485,50187888784
3356784;1;1;1; ; ; ; ; ; ; ; ; ; ; ; ;12;519,099878292133
3356784;1;2;1; ; ; ; ; ; ; ; ; ; ; ; ;12;519,099878292133
3356784;1;3;1; ; ; ; ; ; ; ; ; ; ; ; ;12;519,099878292133
3356784;1;4;1; ; ; ; ; ; ; ; ; ; ; ; ;12;519,099878292133
3356784;1;5;1; ; ; ; ; ; ; ; ; ; ; ; ;12;519,099878292133
3356784;1;6;1; ; ; ; ; ; ; ; ; ; ; ; ;12;519,099878292133
3356784;1;7;1; ; ; ; ; ; ; ; ; ; ; ; ;12;519,099878292133
3356785;1;1;1; ; ; ; ; ; ; ; ; ; ; ; ;12;370,879898334611
3356785;1;2;1; ; ; ; ; ; ; ; ; ; ; ; ;12;370,879898334611
3356785;1;3;1; ; ; ; ; ; ; ; ; ; ; ; ;12;370,879898334611
3356786;1;1;2;3; ;3;4; ;3; ;2; ; ;1; ;12;370,879898334611
3356786;1;2;2;3; ;3;4; ;3; ;2; ; ;1; ;12;370,879898334611
3356786;1;3;2;3; ;3;4; ;3; ;2; ; ;1; ;12;370,879898334611
3356787;1;1;1; ; ; ; ; ; ; ; ; ; ; ; ;12;377,929444255589
3356787;1;2;2;1; ; ;4; ;3; ;2; ; ;1; ;12;377,929444255589
3356787;1;3;1; ; ; ; ; ; ; ; ; ; ; ; ;12;377,929444255589
3356787;1;4;1; ; ; ; ; ; ; ; ; ; ; ; ;12;377,929444255589
3356788;1;1;1; ; ; ; ; ; ; ; ; ; ; ; ;12;275,293557748576
3356788;1;2;1; ; ; ; ; ; ; ; ; ; ; ; ;12;275,293557748576
3356788;1;3;1; ; ; ; ; ; ; ; ; ; ; ; ;12;275,293557748576
3356788;1;4;1; ; ; ; ; ; ; ; ; ; ; ; ;12;275,293557748576
3356788;1;5;1; ; ; ; ; ; ; ; ; ; ; ; ;12;275,293557748576
3356789;1;1;2;2;85; ;2; ; ;1;2; ; ;1; ;12;438,824866569273
3356789;1;2;1; ; ; ; ; ; ; ; ; ; ; ; ;12;438,824866569273
3356789;1;3;1; ; ; ; ; ; ; ; ; ; ; ; ;12;438,824866569273
3356789;1;4;1; ; ; ; ; ; ; ; ; ; ; ; ;12;438,824866569273
3356789;1;5;1; ; ; ; ; ; ; ; ; ; ; ; ;12;438,824866569273
3356790;1;1;1; ; ; ; ; ; ; ; ; ; ; ; ;12;381,494406158252
3356790;1;2;2;1; ; ;2; ; ;1;2; ; ;1; ;12;381,494406158252
3356790;1;3;2;2;70; ;2; ; ;1;2; ; ;1; ;12;381,494406158252
3356790;1;4;2;2;70; ;2; ; ;1;2; ; ;1; ;12;381,494406158252
3356790;1;5;2;2;70; ;2; ; ;1;2; ; ;1; ;12;381,494406158252
3356790;1;6;2;2;13; ;2; ; ;1;2; ; ;1; ;12;381,494406158252
3356792;1;1;1; ; ; ; ; ; ; ; ; ; ; ; ;12;426,364649729605
3356792;1;2;1; ; ; ; ; ; ; ; ; ; ; ; ;12;426,364649729605
3356792;1;3;1; ; ; ; ; ; ; ; ; ; ; ; ;12;426,364649729605
3356792;1;4;1; ; ; ; ; ; ; ; ; ; ; ; ;12;426,364649729605
3356792;1;5;1; ; ; ; ; ; ; ; ; ; ; ; ;12;426,364649729605
3356792;1;6;1; ; ; ; ; ; ; ; ; ; ; ; ;12;426,364649729605
3356792;1;7;1; ; ; ; ; ; ; ; ; ; ; ; ;12;426,364649729605
3356792;1;8;2;2;47; ;3;08; ;1;3;08; ;1; ;12;426,364649729605
3356793;1;1;1; ; ; ; ; ; ; ; ; ; ; ; ;12;424,980532591853
3356793;1;2;1; ; ; ; ; ; ; ; ; ; ; ; ;12;424,980532591853
3356793;1;3;1; ; ; ; ; ; ; ; ; ; ; ; ;12;424,980532591853
3356793;1;4;1; ; ; ; ; ; ; ; ; ; ; ; ;12;424,980532591853
3356793;1;5;1; ; ; ; ; ; ; ; ; ; ; ; ;12;424,980532591853
3356796;1;1;2;2;05; ;2; ; ;1;2; ; ;1; ;12;417,716259854535
3356796;1;2;2;2;05; ;2; ; ;1;2; ; ;1; ;12;417,716259854535
3356796;1;3;2;2;05; ;2; ; ;1;2; ; ;1; ;12;417,716259854535
3356796;1;4;1; ; ; ; ; ; ; ; ; ; ; ; ;12;417,716259854535
3356796;1;5;2;2;05; ;2; ; ;1;2; ; ;1; ;12;417,716259854535
3356797;1;1;2;2;13; ;2; ; ;1;2; ; ;1; ;12;417,716259854535
3356797;1;2;1; ; ; ; ; ; ; ; ; ; ; ; ;12;417,716259854535
3356797;1;3;1; ; ; ; ; ; ; ; ; ; ; ; ;12;417,716259854535
3356797;1;4;1; ; ; ; ; ; ; ; ; ; ; ; ;12;417,716259854535
3356797;1;5;1; ; ; ; ; ; ; ; ; ; ; ; ;12;417,716259854535
3356798;1;1;2;2;70; ;2; ; ;1;2; ; ;1; ;12;455,93361539825
3356798;1;2;2;2;23; ;2; ; ;1;2; ; ;1; ;12;455,93361539825
3356799;1;1;1; ; ; ; ; ; ; ; ; ; ; ; ;12;375,697128306689
3356799;1;2;1; ; ; ; ; ; ; ; ; ; ; ; ;12;375,697128306689
3356800;1;1;2;2;27; ;2; ; ;1;2; ; ;1; ;12;367,483519203087
3356800;1;2;2;2;13; ;2; ; ;1;2; ; ;1; ;12;367,483519203087
3356800;1;3;1; ; ; ; ; ; ; ; ; ; ; ; ;12;367,483519203087
3356800;1;4;1; ; ; ; ; ; ; ; ; ; ; ; ;12;367,483519203087
3356800;1;5;1; ; ; ; ; ; ; ; ; ; ; ; ;12;367,483519203087
3356801;1;1;2;2;54; ;3;11; ;1;3;11; ;1; ;12;324,726273427472
3356801;1;2;2;2;54; ;3;11; ;1;3;11; ;1; ;12;324,726273427472
3356801;1;3;2;2;11; ;1; ; ; ;2; ; ;1; ;12;324,726273427472
3356801;1;4;2;2;54; ;3;54; ;1;3;54; ;1; ;12;324,726273427472
3356802;1;1;1; ; ; ; ; ; ; ; ; ; ; ; ;12;377,929444255589
3356802;1;2;1; ; ; ; ; ; ; ; ; ; ; ; ;12;377,929444255589
3356802;1;3;1; ; ; ; ; ; ; ; ; ; ; ; ;12;377,929444255589
3356802;1;4;1; ; ; ; ; ; ; ; ; ; ; ; ;12;377,929444255589
3356803;1;1;1; ; ; ; ; ; ; ; ; ; ; ; ;12;424,765805775512
3356803;1;2;1; ; ; ; ; ; ; ; ; ; ; ; ;12;424,765805775512
3356803;1;3;1; ; ; ; ; ; ; ; ; ; ; ; ;12;424,765805775512
3356803;1;4;1; ; ; ; ; ; ; ; ; ; ; ; ;12;424,765805775512
3356803;1;5;1; ; ; ; ; ; ; ; ; ; ; ; ;12;424,765805775512
3356803;1;6;1; ; ; ; ; ; ; ; ; ; ; ; ;12;424,765805775512
3356804;1;1;1; ; ; ; ; ; ; ; ; ; ; ; ;12;392,551923508972
3356804;1;2;1; ; ; ; ; ; ; ; ; ; ; ; ;12;392,551923508972
3356804;1;3;1; ; ; ; ; ; ; ; ; ; ; ; ;12;392,551923508972
3356804;1;4;1; ; ; ; ; ; ; ; ; ; ; ; ;12;392,551923508972
3356804;1;5;1; ; ; ; ; ; ; ; ; ; ; ; ;12;392,551923508972
3356806;1;1;2;2;23; ;2; ; ;1;2; ; ;1; ;12;464,621602407131
3356806;1;2;1; ; ; ; ; ; ; ; ; ; ; ; ;12;464,621602407131
3356806;1;3;1; ; ; ; ; ; ; ; ; ; ; ; ;12;464,621602407131
3356806;1;4;1; ; ; ; ; ; ; ; ; ; ; ; ;12;464,621602407131
3356806;1;5;1; ; ; ; ; ; ; ; ; ; ; ; ;12;464,621602407131
3356806;1;6;1; ; ; ; ; ; ; ; ; ; ; ; ;12;464,621602407131
3356807;1;1;1; ; ; ; ; ; ; ; ; ; ; ; ;12;416,44115479765
3356807;1;2;1; ; ; ; ; ; ; ; ; ; ; ; ;12;416,44115479765
3356807;1;3;1; ; ; ; ; ; ; ; ; ; ; ; ;12;416,44115479765
3356807;1;4;1; ; ; ; ; ; ; ; ; ; ; ; ;12;416,44115479765
3356808;1;1;1; ; ; ; ; ; ; ; ; ; ; ; ;12;346,128864817099
3356809;1;1;2;2;05; ;2; ; ;1;2; ; ;1; ;12;505,366331077146
3356810;1;1;2;2;70; ;2; ; ;1;2; ; ;1; ;12;306,232334958231
3356810;1;2;2;2;13; ;2; ; ;1;2; ; ;1; ;12;306,232334958231
3356810;1;3;2;2;13; ;2; ; ;1;2; ; ;1; ;12;306,232334958231
3356810;1;4;1; ; ; ; ; ; ; ; ; ; ; ; ;12;306,232334958231
3356810;1;5;2;2;13; ;2; ; ;1;2; ; ;1; ;12;306,232334958231
3356811;1;1;2;2;70; ;2; ; ;1;2; ; ;1; ;12;440,718767700766
3356811;1;2;2;2;13; ;2; ; ;1;2; ; ;1; ;12;440,718767700766
3356811;1;3;1; ; ; ; ; ; ; ; ; ; ; ; ;12;440,718767700766
3356813;1;1;2;2;13; ;2; ; ;1;2; ; ;1; ;12;378,717193424793
3356813;1;2;2;2;13; ;2; ; ;1;2; ; ;1; ;12;378,717193424793
3356813;1;3;2;2;13; ;2; ; ;1;2; ; ;1; ;12;378,717193424793
3356813;1;4;1; ; ; ; ; ; ; ; ; ; ; ; ;12;378,717193424793
3356813;1;5;1; ; ; ; ; ; ; ; ; ; ; ; ;12;378,717193424793
3356813;1;6;2;2;70; ;3;70; ;1;2; ; ;1; ;12;378,717193424793
3356813;1;7;2;2;13; ;3;70; ;1;2; ; ;1; ;12;378,717193424793
3356813;1;8;2;2;13; ;3;13; ;1;2; ; ;1; ;12;378,717193424793
3356813;1;9;2;2;13; ;3;13; ;1;2; ; ;1; ;12;378,717193424793
3356813;1;10;2;2;13; ;2; ; ;1;2; ; ;1; ;12;378,717193424793
3356813;1;11;2;2;13; ;2; ; ;1;2; ; ;1; ;12;378,717193424793
3356814;1;1;2;2;13; ;2; ; ;1;2; ; ;1; ;12;378,452831667017
3356814;1;2;1; ; ; ; ; ; ; ; ; ; ; ; ;12;378,452831667017
3356814;1;3;1; ; ; ; ; ; ; ; ; ; ; ; ;12;378,452831667017
3356815;1;1;1; ; ; ; ; ; ; ; ; ; ; ; ;12;434,301621272084
3356815;1;2;1; ; ; ; ; ; ; ; ; ; ; ; ;12;434,301621272084
3356815;1;3;1; ; ; ; ; ; ; ; ; ; ; ; ;12;434,301621272084
3356817;1;1;1; ; ; ; ; ; ; ; ; ; ; ; ;12;427,481478087646
3356817;1;2;2;2;13; ;2; ; ;1;2; ; ;1; ;12;427,481478087646
3356817;1;3;1; ; ; ; ; ; ; ; ; ; ; ; ;12;427,481478087646
3356817;1;4;2;2;08; ;3;08; ;1;2; ; ;1; ;12;427,481478087646
3356818;1;1;1; ; ; ; ; ; ; ; ; ; ; ; ;12;480,359837516043
3356818;1;2;1; ; ; ; ; ; ; ; ; ; ; ; ;12;480,359837516043
3356818;1;3;1; ; ; ; ; ; ; ; ; ; ; ; ;12;480,359837516043
3356818;1;4;1; ; ; ; ; ; ; ; ; ; ; ; ;12;480,359837516043
3356819;1;1;1; ; ; ; ; ; ; ; ; ; ; ; ;12;317,153340095066
3356819;1;2;1; ; ; ; ; ; ; ; ; ; ; ; ;12;317,153340095066
3356819;1;3;1; ; ; ; ; ; ; ; ; ; ; ; ;12;317,153340095066
3356819;1;4;2;2;05; ;2; ; ;1;2; ; ;1; ;12;317,153340095066
3356820;1;1;1; ; ; ; ; ; ; ; ; ; ; ; ;12;325,573399736108
3356820;1;2;1; ; ; ; ; ; ; ; ; ; ; ; ;12;325,573399736108
3356820;1;3;1; ; ; ; ; ; ; ; ; ; ; ; ;12;325,573399736108
3356820;1;4;2;2;08; ;3;08; ;1;3;08; ;1; ;12;325,573399736108
3356821;1;1;1; ; ; ; ; ; ; ; ; ; ; ; ;12;378,04876240875
3356821;1;2;1; ; ; ; ; ; ; ; ; ; ; ; ;12;378,04876240875
3356821;1;3;1; ; ; ; ; ; ; ; ; ; ; ; ;12;378,04876240875
3356821;1;4;1; ; ; ; ; ; ; ; ; ; ; ; ;12;378,04876240875
3356821;1;5;1; ; ; ; ; ; ; ; ; ; ; ; ;12;378,04876240875
3356822;1;1;1; ; ; ; ; ; ; ; ; ; ; ; ;12;370,356510923183
3356822;1;2;1; ; ; ; ; ; ; ; ; ; ; ; ;12;370,356510923183
3356822;1;3;1; ; ; ; ; ; ; ; ; ; ; ; ;12;370,356510923183
3356822;1;4;1; ; ; ; ; ; ; ; ; ; ; ; ;12;370,356510923183
3356823;1;1;1; ; ; ; ; ; ; ; ; ; ; ; ;12;481,208036327191
3356823;1;2;1; ; ; ; ; ; ; ; ; ; ; ; ;12;481,208036327191
3356823;1;3;1; ; ; ; ; ; ; ; ; ; ; ; ;12;481,208036327191
3356824;1;1;1; ; ; ; ; ; ; ; ; ; ; ; ;12;381,098450443967
3356824;1;2;1; ; ; ; ; ; ; ; ; ; ; ; ;12;381,098450443967
3356824;1;3;1; ; ; ; ; ; ; ; ; ; ; ; ;12;381,098450443967
3356825;1;1;1; ; ; ; ; ; ; ; ; ; ; ; ;12;378,452831667017
3356825;1;2;1; ; ; ; ; ; ; ; ; ; ; ; ;12;378,452831667017
3356825;1;3;1; ; ; ; ; ; ; ; ; ; ; ; ;12;378,452831667017
3356826;1;1;1; ; ; ; ; ; ; ; ; ; ; ; ;12;348,884568177427
3356826;1;2;1; ; ; ; ; ; ; ; ; ; ; ; ;12;348,884568177427
3356827;1;1;1; ; ; ; ; ; ; ; ; ; ; ; ;12;425,358174219613
3356827;1;2;1; ; ; ; ; ; ; ; ; ; ; ; ;12;425,358174219613
3356827;1;3;1; ; ; ; ; ; ; ; ; ; ; ; ;12;425,358174219613
3356827;1;4;1; ; ; ; ; ; ; ; ; ; ; ; ;12;425,358174219613
3356830;1;1;2;2;08; ;2; ; ;1;2; ; ;1; ;12;450,268186615024
3356830;1;2;1; ; ; ; ; ; ; ; ; ; ; ; ;12;450,268186615024
3356830;1;3;1; ; ; ; ; ; ; ; ; ; ; ; ;12;450,268186615024
3356830;1;4;1; ; ; ; ; ; ; ; ; ; ; ; ;12;450,268186615024
3356831;1;1;1; ; ; ; ; ; ; ; ; ; ; ; ;12;402,435387392733
3356831;1;2;2;2;23; ;2; ; ;1;2; ; ;1; ;12;402,435387392733
3356831;1;3;1; ; ; ; ; ; ; ; ; ; ; ; ;12;402,435387392733
3356831;1;4;1; ; ; ; ; ; ; ; ; ; ; ; ;12;402,435387392733
3356831;1;5;1; ; ; ; ; ; ; ; ; ; ; ; ;12;402,435387392733
3356831;1;6;1; ; ; ; ; ; ; ; ; ; ; ; ;12;402,435387392733
3356832;1;1;1; ; ; ; ; ; ; ; ; ; ; ; ;12;401,978024745623
3356832;1;2;1; ; ; ; ; ; ; ; ; ; ; ; ;12;401,978024745623
3356832;1;3;1; ; ; ; ; ; ; ; ; ; ; ; ;12;401,978024745623
3356832;1;4;1; ; ; ; ; ; ; ; ; ; ; ; ;12;401,978024745623
3356832;1;5;1; ; ; ; ; ; ; ; ; ; ; ; ;12;401,978024745623
3356832;1;6;1; ; ; ; ; ; ; ; ; ; ; ; ;12;401,978024745623
3356832;1;7;2;2;70; ;2; ; ;1;2; ; ;1; ;12;401,978024745623
3356833;1;1;2;1; ; ;3;17; ;1;2; ; ;1; ;12;409,391608876672
3356833;1;2;1; ; ; ; ; ; ; ; ; ; ; ; ;12;409,391608876672
3356833;1;3;1; ; ; ; ; ; ; ; ; ; ; ; ;12;409,391608876672
3356834;1;1;1; ; ; ; ; ; ; ; ; ; ; ; ;12;455,93361539825
3356834;1;2;2;2;13; ;2; ; ;1;2; ; ;1; ;12;455,93361539825
3356836;1;1;1; ; ; ; ; ; ; ; ; ; ; ; ;12;385,392293004616
3356836;1;2;1; ; ; ; ; ; ; ; ; ; ; ; ;12;385,392293004616
3356836;1;3;1; ; ; ; ; ; ; ; ; ; ; ; ;12;385,392293004616
3356837;1;1;2;2;47; ;2; ; ;1;2; ; ;1; ;12;380,34673279851
3356838;1;1;1; ; ; ; ; ; ; ; ; ; ; ; ;12;401,683669747276
3356838;1;2;1; ; ; ; ; ; ; ; ; ; ; ; ;12;401,683669747276
3356838;1;3;1; ; ; ; ; ; ; ; ; ; ; ; ;12;401,683669747276
3356838;1;4;1; ; ; ; ; ; ; ; ; ; ; ; ;12;401,683669747276
3356839;1;1;1; ; ; ; ; ; ; ; ; ; ; ; ;12;329,020115988121
3356839;1;2;1; ; ; ; ; ; ; ; ; ; ; ; ;12;329,020115988121
3356839;1;3;1; ; ; ; ; ; ; ; ; ; ; ; ;12;329,020115988121
3356839;1;4;1; ; ; ; ; ; ; ; ; ; ; ; ;12;329,020115988121
3356840;1;1;1; ; ; ; ; ; ; ; ; ; ; ; ;12;424,606456574156
3356840;1;2;1; ; ; ; ; ; ; ; ; ; ; ; ;12;424,606456574156
3356841;1;1;1; ; ; ; ; ; ; ; ; ; ; ; ;12;296,190479163997
3356841;1;2;1; ; ; ; ; ; ; ; ; ; ; ; ;12;296,190479163997
3356841;1;3;1; ; ; ; ; ; ; ; ; ; ; ; ;12;296,190479163997
3356841;1;4;2;3; ;1;4; ;1; ;4; ;1; ;1;12;296,190479163997
3356842;1;1;2;2;76; ;2; ; ;1;2; ; ;1; ;12;371,40328574604
3356842;1;2;1; ; ; ; ; ; ; ; ; ; ; ; ;12;371,40328574604
3356843;1;1;2;2;13; ;2; ; ;1;2; ; ;1; ;12;459,743667681282
3356843;1;2;1; ; ; ; ; ; ; ; ; ; ; ; ;12;459,743667681282
3356843;1;3;1; ; ; ; ; ; ; ; ; ; ; ; ;12;459,743667681282
3356843;1;4;1; ; ; ; ; ; ; ; ; ; ; ; ;12;459,743667681282
3356845;1;1;2;2;68; ;3;68; ;1;2; ; ;1; ;12;425,881561631042
3356845;1;2;2;2;68; ;3;68; ;1;2; ; ;1; ;12;425,881561631042
3356845;1;3;2;2;11; ;3;68; ;1;2; ; ;1; ;12;425,881561631042
3356846;1;1;2;2;05; ;2; ; ;1;2; ; ;1; ;12;341,835022256449
3356848;1;1;1; ; ; ; ; ; ; ; ; ; ; ; ;12;471,038748835813
3356848;1;2;1; ; ; ; ; ; ; ; ; ; ; ; ;12;471,038748835813
3356848;1;3;1; ; ; ; ; ; ; ; ; ; ; ; ;12;471,038748835813
3356848;1;4;1; ; ; ; ; ; ; ; ; ; ; ; ;12;471,038748835813
3356848;1;5;1; ; ; ; ; ; ; ; ; ; ; ; ;12;471,038748835813
3356848;1;6;1; ; ; ; ; ; ; ; ; ; ; ; ;12;471,038748835813
3356850;1;1;1; ; ; ; ; ; ; ; ; ; ; ; ;12;371,40328574604
3356850;1;2;1; ; ; ; ; ; ; ; ; ; ; ; ;12;371,40328574604
3356851;1;1;1; ; ; ; ; ; ; ; ; ; ; ; ;12;377,929444255589
3356851;1;2;1; ; ; ; ; ; ; ; ; ; ; ; ;12;377,929444255589
3356851;1;3;1; ; ; ; ; ; ; ; ; ; ; ; ;12;377,929444255589
3356851;1;4;1; ; ; ; ; ; ; ; ; ; ; ; ;12;377,929444255589
3356852;1;1;2;2;13; ;2; ; ;1;2; ; ;1; ;12;272,370228907992
3356852;1;2;1; ; ; ; ; ; ; ; ; ; ; ; ;12;272,370228907992
3356852;1;3;1; ; ; ; ; ; ; ; ; ; ; ; ;12;272,370228907992
3356852;1;4;2;2;13; ;2; ; ;1;2; ; ;1; ;12;272,370228907992
3356853;1;1;1; ; ; ; ; ; ; ; ; ; ; ; ;12;341,311634845021
3356853;1;2;1; ; ; ; ; ; ; ; ; ; ; ; ;12;341,311634845021
3356854;1;1;1; ; ; ; ; ; ; ; ; ; ; ; ;12;271,846841496563
3356854;1;2;1; ; ; ; ; ; ; ; ; ; ; ; ;12;271,846841496563
3356854;2;1;1; ; ; ; ; ; ; ; ; ; ; ; ;12;271,846841496563
3356854;2;2;1; ; ; ; ; ; ; ; ; ; ; ; ;12;271,846841496563
3356854;2;3;1; ; ; ; ; ; ; ; ; ; ; ; ;12;271,846841496563
3356855;1;1;2;2;13; ;2; ; ;1;2; ; ;1; ;12;347,499748860621
3356855;1;2;1; ; ; ; ; ; ; ; ; ; ; ; ;12;347,499748860621
3356855;1;3;1; ; ; ; ; ; ; ; ; ; ; ; ;12;347,499748860621
3356855;1;4;1; ; ; ; ; ; ; ; ; ; ; ; ;12;347,499748860621
3356855;1;5;1; ; ; ; ; ; ; ; ; ; ; ; ;12;347,499748860621
3356855;1;6;1; ; ; ; ; ; ; ; ; ; ; ; ;12;347,499748860621
3356856;1;1;1; ; ; ; ; ; ; ; ; ; ; ; ;12;369,833123511754
3356856;1;2;1; ; ; ; ; ; ; ; ; ; ; ; ;12;369,833123511754
3356856;1;3;1; ; ; ; ; ; ; ; ; ; ; ; ;12;369,833123511754
3356856;1;4;1; ; ; ; ; ; ; ; ; ; ; ; ;12;369,833123511754
3356856;1;5;1; ; ; ; ; ; ; ; ; ; ; ; ;12;369,833123511754
3356857;1;1;2;2;23; ;3;13; ;1;2; ; ;1; ;12;485,50187888784
3356857;1;2;2;2;23; ;2; ; ;1;2; ; ;1; ;12;485,50187888784
3356857;1;3;2;2;23; ;2; ; ;1;2; ; ;1; ;12;485,50187888784
3356858;1;1;1; ; ; ; ; ; ; ; ; ; ; ; ;12;178,542012189538
3356858;1;2;1; ; ; ; ; ; ; ; ; ; ; ; ;12;178,542012189538
3356859;1;1;1; ; ; ; ; ; ; ; ; ; ; ; ;12;81,7900897800988
3356859;1;2;1; ; ; ; ; ; ; ; ; ; ; ; ;12;81,7900897800988
3356860;1;1;2;2;19; ;2; ; ;1;2; ; ;1; ;12;86,2227291890507
3356860;1;2;2;2;76; ;2; ; ;1;2; ; ;1; ;12;86,2227291890507
3356860;1;3;1; ; ; ; ; ; ; ; ; ; ; ; ;12;86,2227291890507
3356861;1;1;2;3; ;4;2; ; ;1;2; ; ;1; ;12;75,010335251308
3356861;1;2;1; ; ; ; ; ; ; ; ; ; ; ; ;12;75,010335251308
3356861;1;3;1; ; ; ; ; ; ; ; ; ; ; ; ;12;75,010335251308
3356861;1;4;1; ; ; ; ; ; ; ; ; ; ; ; ;12;75,010335251308
3356862;1;1;2;2;52; ;2; ; ;1;2; ; ;1; ;12;93,0024837178414
3356863;1;1;2;2;52; ;2; ; ;1;2; ; ;1; ;12;75,5867167236232
3356864;1;1;1; ; ; ; ; ; ; ; ; ; ; ; ;12;114,110776810119
3356865;1;1;1; ; ; ; ; ; ; ; ; ; ; ; ;12;97,0366178351064
3356865;1;2;1; ; ; ; ; ; ; ; ; ; ; ; ;12;97,0366178351064
3356865;1;3;1; ; ; ; ; ; ; ; ; ; ; ; ;12;97,0366178351064
3356865;1;4;1; ; ; ; ; ; ; ; ; ; ; ; ;12;97,0366178351064
3356866;1;1;1; ; ; ; ; ; ; ; ; ; ; ; ;12;78,7418128743804
3356866;1;2;1; ; ; ; ; ; ; ; ; ; ; ; ;12;78,7418128743804
3356866;1;3;1; ; ; ; ; ; ; ; ; ; ; ; ;12;78,7418128743804
3356867;1;1;1; ; ; ; ; ; ; ; ; ; ; ; ;12;210,990663728374
3356867;1;2;1; ; ; ; ; ; ; ; ; ; ; ; ;12;210,990663728374
3356867;1;3;1; ; ; ; ; ; ; ; ; ; ; ; ;12;210,990663728374
3356867;1;4;1; ; ; ; ; ; ; ; ; ; ; ; ;12;210,990663728374
3356868;1;1;1; ; ; ; ; ; ; ; ; ; ; ; ;12;179,39865226037
3356868;1;2;1; ; ; ; ; ; ; ; ; ; ; ; ;12;179,39865226037
3356868;1;3;1; ; ; ; ; ; ; ; ; ; ; ; ;12;179,39865226037
3356868;1;4;1; ; ; ; ; ; ; ; ; ; ; ; ;12;179,39865226037
3356869;1;1;2;2;76; ;2; ; ;1;2; ; ;1; ;12;192,524505906668
3356869;1;2;1; ; ; ; ; ; ; ; ; ; ; ; ;12;192,524505906668
3356869;1;3;1; ; ; ; ; ; ; ; ; ; ; ; ;12;192,524505906668
3356869;1;4;1; ; ; ; ; ; ; ; ; ; ; ; ;12;192,524505906668
3356870;1;1;1; ; ; ; ; ; ; ; ; ; ; ; ;12;113,855286145365
3356870;1;2;1; ; ; ; ; ; ; ; ; ; ; ; ;12;113,855286145365
3356870;1;3;1; ; ; ; ; ; ; ; ; ; ; ; ;12;113,855286145365
3356870;1;4;1; ; ; ; ; ; ; ; ; ; ; ; ;12;113,855286145365
3356870;1;5;1; ; ; ; ; ; ; ; ; ; ; ; ;12;113,855286145365
3356871;1;1;2;2;52; ;2; ; ;1;2; ; ;1; ;12;91,4395380229194
3356871;1;2;2;2;52; ;2; ; ;1;2; ; ;1; ;12;91,4395380229194
3356871;1;3;1; ; ; ; ; ; ; ; ; ; ; ; ;12;91,4395380229194
3356872;1;1;1; ; ; ; ; ; ; ; ; ; ; ; ;12;132,999703912025
3356872;1;2;1; ; ; ; ; ; ; ; ; ; ; ; ;12;132,999703912025
3356872;1;3;1; ; ; ; ; ; ; ; ; ; ; ; ;12;132,999703912025
3356872;1;4;1; ; ; ; ; ; ; ; ; ; ; ; ;12;132,999703912025
3356872;1;5;2;2;19; ;2; ; ;1;2; ; ;1; ;12;132,999703912025
3356872;1;6;1; ; ; ; ; ; ; ; ; ; ; ; ;12;132,999703912025
3356872;1;7;1; ; ; ; ; ; ; ; ; ; ; ; ;12;132,999703912025
3356872;1;8;1; ; ; ; ; ; ; ; ; ; ; ; ;12;132,999703912025
3356872;1;9;1; ; ; ; ; ; ; ; ; ; ; ; ;12;132,999703912025
3356873;1;1;1; ; ; ; ; ; ; ; ; ; ; ; ;12;161,251298753727
3356873;1;2;1; ; ; ; ; ; ; ; ; ; ; ; ;12;161,251298753727
3356874;1;1;1; ; ; ; ; ; ; ; ; ; ; ; ;12;81,083881184253
3356874;1;2;2;2;19; ;2; ; ;1;2; ; ;1; ;12;81,083881184253
3356874;1;3;1; ; ; ; ; ; ; ; ; ; ; ; ;12;81,083881184253
3356874;1;4;1; ; ; ; ; ; ; ; ; ; ; ; ;12;81,083881184253
3356874;1;5;1; ; ; ; ; ; ; ; ; ; ; ; ;12;81,083881184253
3356874;1;6;1; ; ; ; ; ; ; ; ; ; ; ; ;12;81,083881184253
3356874;1;7;1; ; ; ; ; ; ; ; ; ; ; ; ;12;81,083881184253
3356875;1;1;2;2;52; ;2; ; ;1;2; ; ;1; ;12;57,5467107376483
3356875;1;2;1; ; ; ; ; ; ; ; ; ; ; ; ;12;57,5467107376483
3356875;1;3;1; ; ; ; ; ; ; ; ; ; ; ; ;12;57,5467107376483
3356875;1;4;1; ; ; ; ; ; ; ; ; ; ; ; ;12;57,5467107376483
3356875;1;5;1; ; ; ; ; ; ; ; ; ; ; ; ;12;57,5467107376483
3356876;1;1;2;2;19; ;2; ; ;1;2; ; ;1; ;12;125,469096325203
3356876;1;2;2;2;19; ;2; ; ;1;2; ; ;1; ;12;125,469096325203
3356876;1;3;2;2;19; ;2; ; ;1;2; ; ;1; ;12;125,469096325203
3356876;1;4;1; ; ; ; ; ; ; ; ; ; ; ; ;12;125,469096325203
3356876;1;5;2;2;19; ;2; ; ;1;2; ; ;1; ;12;125,469096325203
3356876;1;6;1; ; ; ; ; ; ; ; ; ; ; ; ;12;125,469096325203
3356876;1;7;2;2;19; ;2; ; ;1;2; ; ;1; ;12;125,469096325203
3356877;1;1;1; ; ; ; ; ; ; ; ; ; ; ; ;12;126,419764765291
3356877;1;2;1; ; ; ; ; ; ; ; ; ; ; ; ;12;126,419764765291
3356878;1;1;1; ; ; ; ; ; ; ; ; ; ; ; ;12;151,173433447246
3356879;1;1;1; ; ; ; ; ; ; ; ; ; ; ; ;12;198,621059718105
3356879;1;2;1; ; ; ; ; ; ; ; ; ; ; ; ;12;198,621059718105
3356879;1;3;1; ; ; ; ; ; ; ; ; ; ; ; ;12;198,621059718105
3356880;1;1;1; ; ; ; ; ; ; ; ; ; ; ; ;12;73,9376689953068
3356880;1;2;1; ; ; ; ; ; ; ; ; ; ; ; ;12;73,9376689953068
3356881;1;1;2;1; ; ;2; ; ;1;2; ; ;1; ;12;114,110776810119
3356882;1;1;1; ; ; ; ; ; ; ; ; ; ; ; ;12;93,0024837178414
3356883;1;1;2;2;52; ;2; ; ;1;2; ; ;1; ;12;75,6166284955967
3356883;1;2;2;2;76; ;2; ; ;1;2; ; ;1; ;12;75,6166284955967
3356883;2;1;2;2;52; ;2; ; ;1;2; ; ;1; ;12;75,6166284955967
3356883;2;2;1; ; ; ; ; ; ; ; ; ; ; ; ;12;75,6166284955967
3356884;1;1;1; ; ; ; ; ; ; ; ; ; ; ; ;12;100,084894740825
3356884;1;2;1; ; ; ; ; ; ; ; ; ; ; ; ;12;100,084894740825
3356884;1;3;1; ; ; ; ; ; ; ; ; ; ; ; ;12;100,084894740825
3356885;1;1;2;2;19; ;2; ; ;1;2; ; ;1; ;12;129,188623244827
3356885;1;2;2;2;19; ;2; ; ;1;2; ; ;1; ;12;129,188623244827
3356885;1;3;2;2;19; ;2; ; ;1;2; ; ;1; ;12;129,188623244827
3356885;1;4;2;2;19; ;2; ; ;1;2; ; ;1; ;12;129,188623244827
3356885;1;5;1; ; ; ; ; ; ; ; ; ; ; ; ;12;129,188623244827
3356886;1;1;2;2;19; ;2; ; ;1;2; ; ;1; ;12;63,239794154619
3356886;1;2;2;2;19; ;2; ; ;1;2; ; ;1; ;12;63,239794154619
3356886;1;3;1; ; ; ; ; ; ; ; ; ; ; ; ;12;63,239794154619
3356886;1;4;2;2;19; ;2; ; ;1;2; ; ;1; ;12;63,239794154619
3356886;1;5;1; ; ; ; ; ; ; ; ; ; ; ; ;12;63,239794154619
3356887;1;1;2;2;19; ;2; ; ;1;2; ; ;1; ;12;96,2622529533341
3356887;1;2;2;2;19; ;2; ; ;1;2; ; ;1; ;12;96,2622529533341
3356887;1;3;1; ; ; ; ; ; ; ; ; ; ; ; ;12;96,2622529533341
3356887;1;4;1; ; ; ; ; ; ; ; ; ; ; ; ;12;96,2622529533341
3356888;1;1;2;2;19; ;2; ; ;1;2; ; ;1; ;12;107,937315525617
3356888;1;2;2;2;19; ;2; ; ;1;2; ; ;1; ;12;107,937315525617
3356888;1;3;1; ; ; ; ; ; ; ; ; ; ; ; ;12;107,937315525617
3356889;1;1;1; ; ; ; ; ; ; ; ; ; ; ; ;12;67,6730435463864
3356889;1;2;1; ; ; ; ; ; ; ; ; ; ; ; ;12;67,6730435463864
3356889;1;3;1; ; ; ; ; ; ; ; ; ; ; ; ;12;67,6730435463864
3356889;1;4;1; ; ; ; ; ; ; ; ; ; ; ; ;12;67,6730435463864
3356890;1;1;1; ; ; ; ; ; ; ; ; ; ; ; ;12;80,6256493768637
3356890;1;2;1; ; ; ; ; ; ; ; ; ; ; ; ;12;80,6256493768637
3356891;1;1;1; ; ; ; ; ; ; ; ; ; ; ; ;12;127,805805928403
3356891;1;2;1; ; ; ; ; ; ; ; ; ; ; ; ;12;127,805805928403
3356891;1;3;1; ; ; ; ; ; ; ; ; ; ; ; ;12;127,805805928403
3356891;1;4;1; ; ; ; ; ; ; ; ; ; ; ; ;12;127,805805928403
3356891;1;5;1; ; ; ; ; ; ; ; ; ; ; ; ;12;127,805805928403
3356891;1;6;1; ; ; ; ; ; ; ; ; ; ; ; ;12;127,805805928403
3356891;1;7;2;2;19; ;2; ; ;1;2; ; ;1; ;12;127,805805928403
3356892;1;1;2;2;19; ;2; ; ;1;2; ; ;1; ;12;96,2622529533341
3356892;1;2;2;2;19; ;2; ; ;1;2; ; ;1; ;12;96,2622529533341
3356892;1;3;2;2;19; ;2; ; ;1;2; ; ;1; ;12;96,2622529533341
3356892;1;4;1; ; ; ; ; ; ; ; ; ; ; ; ;12;96,2622529533341
3356894;1;1;2;2;19; ;2; ; ;1;2; ; ;1; ;12;99,3105298590525
3356894;1;2;2;2;19; ;2; ; ;1;2; ; ;1; ;12;99,3105298590525
3356894;1;3;1; ; ; ; ; ; ; ; ; ; ; ; ;12;99,3105298590525
3356895;1;1;2;2;19; ;2; ; ;1;2; ; ;1; ;12;73,1633041135345
3356895;1;2;1; ; ; ; ; ; ; ; ; ; ; ; ;12;73,1633041135345
3356896;1;1;2;2;52; ;2; ; ;1;2; ; ;1; ;12;86,9839877637205
3356896;1;2;2;2;19; ;2; ; ;1;2; ; ;1; ;12;86,9839877637205
3356896;1;3;1; ; ; ; ; ; ; ; ; ; ; ; ;12;86,9839877637205
3356896;1;4;1; ; ; ; ; ; ; ; ; ; ; ; ;12;86,9839877637205
3356896;1;5;2;2;19; ;2; ; ;1;2; ; ;1; ;12;86,9839877637205
3356896;1;6;2;2;52; ;2; ; ;1;2; ; ;1; ;12;86,9839877637205
3356897;1;1;2;2;19; ;2; ; ;1;2; ; ;1; ;12;93,0024837178414
3356898;1;1;2;2;52; ;2; ; ;1;2; ; ;1; ;12;101,157560996826
3356898;1;2;1; ; ; ; ; ; ; ; ; ; ; ; ;12;101,157560996826
3356898;1;3;2;2;76; ;2; ; ;1;2; ; ;1; ;12;101,157560996826
3356898;1;4;1; ; ; ; ; ; ; ; ; ; ; ; ;12;101,157560996826
3356898;1;5;1; ; ; ; ; ; ; ; ; ; ; ; ;12;101,157560996826
3356899;1;1;1; ; ; ; ; ; ; ; ; ; ; ; ;12;50,4002911791014
3356899;1;2;1; ; ; ; ; ; ; ; ; ; ; ; ;12;50,4002911791014
3356899;1;3;1; ; ; ; ; ; ; ; ; ; ; ; ;12;50,4002911791014
3356899;1;4;1; ; ; ; ; ; ; ; ; ; ; ; ;12;50,4002911791014
3356899;1;5;2;2;19; ;2; ; ;1;2; ; ;1; ;12;50,4002911791014
3356899;1;6;2;2;19; ;2; ; ;1;2; ; ;1; ;12;50,4002911791014
3356900;1;1;2;2;76; ;2; ; ;1;2; ; ;1; ;12;105,495331864187
3356900;1;2;1; ; ; ; ; ; ; ; ; ; ; ; ;12;105,495331864187
3356900;1;3;1; ; ; ; ; ; ; ; ; ; ; ; ;12;105,495331864187
3356900;1;4;1; ; ; ; ; ; ; ; ; ; ; ; ;12;105,495331864187
3356901;1;1;2;2;19; ;2; ; ;1;2; ; ;1; ;12;227,017262632386
3356901;1;2;2;2;19; ;2; ; ;1;2; ; ;1; ;12;227,017262632386
3356901;1;3;1; ; ; ; ; ; ; ; ; ; ; ; ;12;227,017262632386
3356901;1;4;1; ; ; ; ; ; ; ; ; ; ; ; ;12;227,017262632386
3356901;1;5;2;2;19; ;2; ; ;1;2; ; ;1; ;12;227,017262632386
3356901;1;6;1; ; ; ; ; ; ; ; ; ; ; ; ;12;227,017262632386
3356901;1;7;1; ; ; ; ; ; ; ; ; ; ; ; ;12;227,017262632386
3356901;1;8;1; ; ; ; ; ; ; ; ; ; ; ; ;12;227,017262632386
3356901;1;9;1; ; ; ; ; ; ; ; ; ; ; ; ;12;227,017262632386
3356902;1;1;2;2;19; ;2; ; ;1;2; ; ;1; ;12;97,642911079395
3356902;1;2;2;2;19; ;2; ; ;1;2; ; ;1; ;12;97,642911079395
3356902;1;3;1; ; ; ; ; ; ; ; ; ; ; ; ;12;97,642911079395
3356902;1;4;1; ; ; ; ; ; ; ; ; ; ; ; ;12;97,642911079395
3356903;1;1;1; ; ; ; ; ; ; ; ; ; ; ; ;12;140,230054415632
3356903;1;2;1; ; ; ; ; ; ; ; ; ; ; ; ;12;140,230054415632
3356903;1;3;1; ; ; ; ; ; ; ; ; ; ; ; ;12;140,230054415632
3356904;1;1;1; ; ; ; ; ; ; ; ; ; ; ; ;12;144,021628827495
3356904;1;2;2;2;19; ;3;19; ;2;2; ; ;1; ;12;144,021628827495
3356904;1;3;1; ; ; ; ; ; ; ; ; ; ; ; ;12;144,021628827495
3356905;1;1;2;2;52; ;2; ; ;1;2; ; ;1; ;12;78,183665715434
3356905;1;2;2;2;52; ;2; ; ;1;2; ; ;1; ;12;78,183665715434
3356905;1;3;2;2;52; ;2; ; ;1;2; ; ;1; ;12;78,183665715434
3356906;1;1;2;2;19; ;2; ; ;1;2; ; ;1; ;12;86,5741417514011
3356906;1;2;2;3; ;4;2; ; ;1;2; ; ;1; ;12;86,5741417514011
3356906;1;3;1; ; ; ; ; ; ; ; ; ; ; ; ;12;86,5741417514011
3356906;1;4;1; ; ; ; ; ; ; ; ; ; ; ; ;12;86,5741417514011
3356906;1;5;1; ; ; ; ; ; ; ; ; ; ; ; ;12;86,5741417514011
3356907;1;1;1; ; ; ; ; ; ; ; ; ; ; ; ;12;93,1370685745504
3356907;1;2;2;2;76; ;2; ; ;1;2; ; ;1; ;12;93,1370685745504
3356907;1;3;1; ; ; ; ; ; ; ; ; ; ; ; ;12;93,1370685745504
3356907;1;4;1; ; ; ; ; ; ; ; ; ; ; ; ;12;93,1370685745504
3356907;1;5;1; ; ; ; ; ; ; ; ; ; ; ; ;12;93,1370685745504
3356908;1;1;2;2;19; ;3;19; ;1;3;19; ;1; ;12;77,6691466183791
3356909;1;1;1; ; ; ; ; ; ; ; ; ; ; ; ;12;73,845894848073
3356909;1;2;2;2;19; ;2; ; ;1;2; ; ;1; ;12;73,845894848073
3356909;1;3;1; ; ; ; ; ; ; ; ; ; ; ; ;12;73,845894848073
3356909;1;4;1; ; ; ; ; ; ; ; ; ; ; ; ;12;73,845894848073
3356910;1;1;1; ; ; ; ; ; ; ; ; ; ; ; ;12;107,937315525617
3356910;1;2;1; ; ; ; ; ; ; ; ; ; ; ; ;12;107,937315525617
3356910;1;3;1; ; ; ; ; ; ; ; ; ; ; ; ;12;107,937315525617
3356911;1;1;2;2;19; ;3;19; ;1;2; ; ;1; ;12;81,7900897800988
3356911;1;2;2;2;19; ;3;76; ;1;2; ; ;1; ;12;81,7900897800988
3356912;1;1;1; ; ; ; ; ; ; ; ; ; ; ; ;12;63,3352726790254
3356912;1;2;2;2;76; ;2; ; ;1;2; ; ;1; ;12;63,3352726790254
3356912;1;3;1; ; ; ; ; ; ; ; ; ; ; ; ;12;63,3352726790254
3356912;1;4;1; ; ; ; ; ; ; ; ; ; ; ; ;12;63,3352726790254
3356912;1;5;1; ; ; ; ; ; ; ; ; ; ; ; ;12;63,3352726790254
3356913;1;1;2;2;19; ;3;19; ;1;2; ; ;1; ;12;114,110776810119
3356914;1;1;2;2;19; ;2; ; ;1;2; ; ;1; ;12;195,28582215879
3356914;1;2;2;2;19; ;2; ; ;1;2; ; ;1; ;12;195,28582215879
3356914;1;3;2;2;76; ;2; ; ;1;2; ; ;1; ;12;195,28582215879
3356914;1;4;2;2;76; ;2; ; ;1;2; ; ;1; ;12;195,28582215879
3356915;1;1;2;2;19; ;2; ; ;1;2; ; ;1; ;12;89,7904902946031
3356915;1;2;2;2;19; ;2; ; ;1;2; ; ;1; ;12;89,7904902946031
3356915;1;3;1; ; ; ; ; ; ; ; ; ; ; ; ;12;89,7904902946031
3356915;1;4;1; ; ; ; ; ; ; ; ; ; ; ; ;12;89,7904902946031
3356916;1;1;1; ; ; ; ; ; ; ; ; ; ; ; ;12;55,5316079623912
3356916;1;2;1; ; ; ; ; ; ; ; ; ; ; ; ;12;55,5316079623912
3356916;1;3;1; ; ; ; ; ; ; ; ; ; ; ; ;12;55,5316079623912
3356917;1;1;1; ; ; ; ; ; ; ; ; ; ; ; ;12;75,6734440608907
3356917;1;2;1; ; ; ; ; ; ; ; ; ; ; ; ;12;75,6734440608907
3356917;1;3;1; ; ; ; ; ; ; ; ; ; ; ; ;12;75,6734440608907
3356917;1;4;1; ; ; ; ; ; ; ; ; ; ; ; ;12;75,6734440608907
3356917;1;5;1; ; ; ; ; ; ; ; ; ; ; ; ;12;75,6734440608907
3356917;1;6;1; ; ; ; ; ; ; ; ; ; ; ; ;12;75,6734440608907
3356918;1;1;2;2;52; ;2; ; ;1;2; ; ;1; ;12;78,9766016485474
3356918;1;2;2;2;19; ;2; ; ;1;2; ; ;1; ;12;78,9766016485474
3356918;1;3;1; ; ; ; ; ; ; ; ; ; ; ; ;12;78,9766016485474
3356919;1;1;1; ; ; ; ; ; ; ; ; ; ; ; ;12;115,677870255404
3356919;1;2;1; ; ; ; ; ; ; ; ; ; ; ; ;12;115,677870255404
3356919;1;3;1; ; ; ; ; ; ; ; ; ; ; ; ;12;115,677870255404
3356919;1;4;1; ; ; ; ; ; ; ; ; ; ; ; ;12;115,677870255404
3356919;1;5;1; ; ; ; ; ; ; ; ; ; ; ; ;12;115,677870255404
3356919;1;6;1; ; ; ; ; ; ; ; ; ; ; ; ;12;115,677870255404
3356919;1;7;1; ; ; ; ; ; ; ; ; ; ; ; ;12;115,677870255404
3356920;1;1;2;2;11; ;2; ; ;1;2; ; ;1; ;12;80,5005958184561
3356920;1;2;2;2;11; ;2; ; ;1;2; ; ;1; ;12;80,5005958184561
3356921;1;1;2;2;52; ;2; ; ;1;2; ; ;1; ;12;87,7080603998471
3356921;2;1;2;2;19; ;2; ; ;1;2; ; ;1; ;12;87,7080603998471
3356921;2;2;1; ; ; ; ; ; ; ; ; ; ; ; ;12;87,7080603998471
3356921;2;3;1; ; ; ; ; ; ; ; ; ; ; ; ;12;87,7080603998471
3356922;1;1;2;2;11; ;3;11; ;1;2; ; ;1; ;12;99,3105298590525
3356922;1;2;2;2;19; ;3;11; ;1;2; ; ;1; ;12;99,3105298590525
3356922;1;3;2;1; ; ;3;11; ;1;2; ; ;1; ;12;99,3105298590525
3356923;1;1;2;2;19; ;2; ; ;1;2; ; ;1; ;12;147,021161479067
3356923;1;2;2;2;19; ;2; ; ;1;2; ; ;1; ;12;147,021161479067
3356923;1;3;2;2;19; ;2; ; ;1;2; ; ;1; ;12;147,021161479067
3356923;2;1;1; ; ; ; ; ; ; ; ; ; ; ; ;12;147,021161479067
3356923;2;2;1; ; ; ; ; ; ; ; ; ; ; ; ;12;147,021161479067
3356923;2;3;1; ; ; ; ; ; ; ; ; ; ; ; ;12;147,021161479067
3356923;2;4;1; ; ; ; ; ; ; ; ; ; ; ; ;12;147,021161479067
3356923;3;1;1; ; ; ; ; ; ; ; ; ; ; ; ;12;147,021161479067
3356923;4;1;1; ; ; ; ; ; ; ; ; ; ; ; ;12;147,021161479067
3356923;4;2;1; ; ; ; ; ; ; ; ; ; ; ; ;12;147,021161479067
3356923;4;3;1; ; ; ; ; ; ; ; ; ; ; ; ;12;147,021161479067
3356924;1;1;1; ; ; ; ; ; ; ; ; ; ; ; ;12;138,826510878242
3356924;1;2;2;2;19; ;2; ; ;1;2; ; ;1; ;12;138,826510878242
3356924;1;3;1; ; ; ; ; ; ; ; ; ; ; ; ;12;138,826510878242
3356925;1;1;1; ; ; ; ; ; ; ; ; ; ; ; ;12;83,0795837417414
3356925;1;2;1; ; ; ; ; ; ; ; ; ; ; ; ;12;83,0795837417414
3356926;1;1;2;2;76; ;2; ; ;1;2; ; ;1; ;12;62,8688996673128
3356926;1;2;2;2;76; ;2; ; ;1;2; ; ;1; ;12;62,8688996673128
3356926;1;3;2;2;76; ;2; ; ;1;2; ; ;1; ;12;62,8688996673128
3356927;1;1;2;2;76; ;3;76; ;1;3;76; ;1; ;12;81,7900897800988
3356927;1;2;2;2;76; ;3;76; ;1;3;76; ;1; ;12;81,7900897800988
3356928;1;1;1; ; ; ; ; ; ; ; ; ; ; ; ;12;94,8294229478437
3356928;1;2;2;2;19; ;2; ; ;1;2; ; ;1; ;12;94,8294229478437
3356928;1;3;1; ; ; ; ; ; ; ; ; ; ; ; ;12;94,8294229478437
3356928;1;4;1; ; ; ; ; ; ; ; ; ; ; ; ;12;94,8294229478437
3356928;1;5;1; ; ; ; ; ; ; ; ; ; ; ; ;12;94,8294229478437
3356929;1;1;2;2;25; ;2; ; ;1;2; ; ;1; ;12;70,331244930642
3356929;1;2;2;2;17; ;2; ; ;1;2; ; ;1; ;12;70,331244930642
3356929;1;3;1; ; ; ; ; ; ; ; ; ; ; ; ;12;70,331244930642
3356930;1;1;2;2;19; ;2; ; ;1;2; ; ;1; ;12;47,084234653943
3356930;1;2;1; ; ; ; ; ; ; ; ; ; ; ; ;12;47,084234653943
3356930;1;3;1; ; ; ; ; ; ; ; ; ; ; ; ;12;47,084234653943
3356930;2;1;1; ; ; ; ; ; ; ; ; ; ; ; ;12;47,084234653943
3356930;2;2;2;2;19; ;2; ; ;1;2; ; ;1; ;12;47,084234653943
3356930;2;3;1; ; ; ; ; ; ; ; ; ; ; ; ;12;47,084234653943
3356931;1;1;2;2;63; ;2; ; ;1;2; ; ;1; ;12;63,2098823826455
3356931;1;2;2;2;63; ;2; ; ;1;2; ; ;1; ;12;63,2098823826455
3356932;1;1;1; ; ; ; ; ; ; ; ; ; ; ; ;12;50,8330480416678
3356932;1;2;1; ; ; ; ; ; ; ; ; ; ; ; ;12;50,8330480416678
3356932;1;3;1; ; ; ; ; ; ; ; ; ; ; ; ;12;50,8330480416678
3356933;1;1;2;2;52; ;2; ; ;1;2; ; ;1; ;12;186,004967435683
3356934;1;1;1; ; ; ; ; ; ; ; ; ; ; ; ;12;179,580980589206
3356934;1;2;2;2;11; ;2; ; ;1;2; ; ;1; ;12;179,580980589206
3356934;1;3;1; ; ; ; ; ; ; ; ; ; ; ; ;12;179,580980589206
3356934;1;4;1; ; ; ; ; ; ; ; ; ; ; ; ;12;179,580980589206
3356935;1;1;2;2;76; ;2; ; ;1;2; ; ;1; ;12;220,758598374093
3356935;1;2;1; ; ; ; ; ; ; ; ; ; ; ; ;12;220,758598374093
3356936;1;1;2;1; ; ;2; ; ;1;2; ; ;1; ;12;93,0024837178414
3356937;1;1;2;2;19; ;2; ; ;1;2; ; ;1; ;12;70,7027494007637
3356937;1;2;1; ; ; ; ; ; ; ; ; ; ; ; ;12;70,7027494007637
3356937;1;3;1; ; ; ; ; ; ; ; ; ; ; ; ;12;70,7027494007637
3356938;1;1;1; ; ; ; ; ; ; ; ; ; ; ; ;12;140,258002555637
3356938;1;2;1; ; ; ; ; ; ; ; ; ; ; ; ;12;140,258002555637
3356939;1;1;2;2;19; ;2; ; ;1;2; ; ;1; ;12;98,0024648460688
3356939;1;2;2;2;19; ;2; ; ;1;2; ; ;1; ;12;98,0024648460688
3356939;1;3;1; ; ; ; ; ; ; ; ; ; ; ; ;12;98,0024648460688
3356941;1;1;2;2;19; ;2; ; ;1;2; ; ;1; ;12;136,497630071772
3356941;1;2;1; ; ; ; ; ; ; ; ; ; ; ; ;12;136,497630071772
3356941;1;3;2;2;19; ;2; ; ;1;2; ; ;1; ;12;136,497630071772
3356942;1;1;1; ; ; ; ; ; ; ; ; ; ; ; ;12;161,251298753727
3356942;1;2;2;2;76; ;2; ; ;1;2; ; ;1; ;12;161,251298753727
3356943;1;1;2;2;19; ;2; ; ;1;2; ; ;1; ;12;100,084894740825
3356943;1;2;1; ; ; ; ; ; ; ; ; ; ; ; ;12;100,084894740825
3356943;2;1;2;2;19; ;3;19; ;1;2; ; ;1; ;12;100,084894740825
3356944;1;1;1; ; ; ; ; ; ; ; ; ; ; ; ;12;61,5608346543291
3356944;1;2;1; ; ; ; ; ; ; ; ; ; ; ; ;12;61,5608346543291
3356944;1;3;1; ; ; ; ; ; ; ; ; ; ; ; ;12;61,5608346543291
3356945;1;1;2;2;19; ;2; ; ;1;2; ; ;1; ;12;106,772875122382
3356945;1;2;2;2;19; ;2; ; ;1;2; ; ;1; ;12;106,772875122382
3356945;1;3;1; ; ; ; ; ; ; ; ; ; ; ; ;12;106,772875122382
3356946;1;1;2;2;19; ;2; ; ;1;2; ; ;1; ;12;62,8688996673128
3356946;1;2;1; ; ; ; ; ; ; ; ; ; ; ; ;12;62,8688996673128
3356946;1;3;1; ; ; ; ; ; ; ; ; ; ; ; ;12;62,8688996673128
3356947;1;1;2;2;19; ;2; ; ;1;2; ; ;1; ;12;72,8031403640453
3356947;1;2;2;2;19; ;2; ; ;1;2; ; ;1; ;12;72,8031403640453
3356947;1;3;1; ; ; ; ; ; ; ; ; ; ; ; ;12;72,8031403640453
3356947;1;4;1; ; ; ; ; ; ; ; ; ; ; ; ;12;72,8031403640453
3356947;1;5;1; ; ; ; ; ; ; ; ; ; ; ; ;12;72,8031403640453
3356948;1;1;1; ; ; ; ; ; ; ; ; ; ; ; ;12;95,2009274179653
3356948;1;2;1; ; ; ; ; ; ; ; ; ; ; ; ;12;95,2009274179653
3356948;1;3;1; ; ; ; ; ; ; ; ; ; ; ; ;12;95,2009274179653
3356948;1;4;1; ; ; ; ; ; ; ; ; ; ; ; ;12;95,2009274179653
3356948;1;5;1; ; ; ; ; ; ; ; ; ; ; ; ;12;95,2009274179653
3356949;1;1;2;2;19; ;2; ; ;1;2; ; ;1; ;12;80,6256493768637
3356949;1;2;1; ; ; ; ; ; ; ; ; ; ; ; ;12;80,6256493768637
3356950;1;1;1; ; ; ; ; ; ; ; ; ; ; ; ;12;110,379299187046
3356950;1;2;1; ; ; ; ; ; ; ; ; ; ; ; ;12;110,379299187046
3356951;1;1;1; ; ; ; ; ; ; ; ; ; ; ; ;12;151,173433447246
3356952;1;1;2;2;23; ;2; ; ;1;2; ; ;1; ;12;140,662489861284
3356952;1;2;1; ; ; ; ; ; ; ; ; ; ; ; ;12;140,662489861284
3356952;1;3;1; ; ; ; ; ; ; ; ; ; ; ; ;12;140,662489861284
3356953;1;1;2;2;15; ;2; ; ;1;2; ; ;1; ;12;215,874631051233
3356953;1;2;1; ; ; ; ; ; ; ; ; ; ; ; ;12;215,874631051233
3356953;1;3;1; ; ; ; ; ; ; ; ; ; ; ; ;12;215,874631051233
3356954;1;1;1; ; ; ; ; ; ; ; ; ; ; ; ;12;194,073235670213
3356954;1;2;1; ; ; ; ; ; ; ; ; ; ; ; ;12;194,073235670213
3356954;1;3;1; ; ; ; ; ; ; ; ; ; ; ; ;12;194,073235670213
3356954;1;4;1; ; ; ; ; ; ; ; ; ; ; ; ;12;194,073235670213
3356955;1;1;2;2;52; ;3;52; ;1;2; ; ;1; ;12;85,5215674031711
3356956;1;1;1; ; ; ; ; ; ; ; ; ; ; ; ;12;80,3707686949255
3356956;1;2;1; ; ; ; ; ; ; ; ; ; ; ; ;12;80,3707686949255
3356956;1;3;1; ; ; ; ; ; ; ; ; ; ; ; ;12;80,3707686949255
3356956;1;4;1; ; ; ; ; ; ; ; ; ; ; ; ;12;80,3707686949255
3356957;1;1;2;2;19; ;2; ; ;1;2; ; ;1; ;12;81,6115065884103
3356957;1;2;1; ; ; ; ; ; ; ; ; ; ; ; ;12;81,6115065884103
3356957;1;3;1; ; ; ; ; ; ; ; ; ; ; ; ;12;81,6115065884103
3356957;1;4;1; ; ; ; ; ; ; ; ; ; ; ; ;12;81,6115065884103
3356957;1;5;1; ; ; ; ; ; ; ; ; ; ; ; ;12;81,6115065884103
3356957;1;6;1; ; ; ; ; ; ; ; ; ; ; ; ;12;81,6115065884103
3356958;1;1;2;2;19; ;2; ; ;1;2; ; ;1; ;12;93,0024837178414
3356959;1;1;2;2;76; ;2; ; ;1;2; ; ;1; ;12;43,9817755323004
3356959;1;2;2;2;76; ;3;76; ;2;2; ; ;1; ;12;43,9817755323004
3356959;1;3;2;2;76; ;2; ; ;1;2; ; ;1; ;12;43,9817755323004
3356959;1;4;1; ; ; ; ; ; ; ; ; ; ; ; ;12;43,9817755323004
3356959;1;5;1; ; ; ; ; ; ; ; ; ; ; ; ;12;43,9817755323004
3356959;1;6;1; ; ; ; ; ; ; ; ; ; ; ; ;12;43,9817755323004
3356959;2;1;2;2;19; ;2; ; ;1;2; ; ;1; ;12;43,9817755323004
3356959;2;2;2;2;19; ;2; ; ;1;2; ; ;1; ;12;43,9817755323004
3356959;3;1;2;2;19; ;2; ; ;1;2; ; ;1; ;12;43,9817755323004
3356959;3;2;1; ; ; ; ; ; ; ; ; ; ; ; ;12;43,9817755323004
3356959;4;1;1; ; ; ; ; ; ; ; ; ; ; ; ;12;43,9817755323004
3356959;4;2;1; ; ; ; ; ; ; ; ; ; ; ; ;12;43,9817755323004
3356959;4;3;1; ; ; ; ; ; ; ; ; ; ; ; ;12;43,9817755323004
3356960;1;1;2;2;19; ;2; ; ;1;2; ; ;1; ;12;84,3870387719096
3356960;1;2;2;2;70; ;2; ; ;1;2; ; ;1; ;12;84,3870387719096
3356960;1;3;2;2;70; ;2; ; ;1;2; ; ;1; ;12;84,3870387719096
3356960;1;4;2;2;70; ;2; ; ;1;2; ; ;1; ;12;84,3870387719096
3356961;1;1;2;2;52; ;2; ; ;1;2; ; ;1; ;12;214,662044562656
3356961;1;2;2;2;11; ;2; ; ;1;2; ; ;1; ;12;214,662044562656
3356961;1;3;1; ; ; ; ; ; ; ; ; ; ; ; ;12;214,662044562656
3356965;1;1;2;2;05; ;2; ; ;1;2; ; ;1; ;12;119,149709463359
3356965;1;2;2;2;76; ;2; ; ;1;2; ; ;1; ;12;119,149709463359
3356966;1;1;1; ; ; ; ; ; ; ; ; ; ; ; ;12;107,331022281328
3356966;1;2;1; ; ; ; ; ; ; ; ; ; ; ; ;12;107,331022281328
3356966;1;3;1; ; ; ; ; ; ; ; ; ; ; ; ;12;107,331022281328
3356967;1;1;1; ; ; ; ; ; ; ; ; ; ; ; ;12;109,133514483595
3356967;1;2;2;2;19; ;2; ; ;1;2; ; ;1; ;12;109,133514483595
3356967;1;3;1; ; ; ; ; ; ; ; ; ; ; ; ;12;109,133514483595
3356967;1;4;1; ; ; ; ; ; ; ; ; ; ; ; ;12;109,133514483595
3356967;1;5;1; ; ; ; ; ; ; ; ; ; ; ; ;12;109,133514483595
3356967;1;6;1; ; ; ; ; ; ; ; ; ; ; ; ;12;109,133514483595
3356967;1;7;1; ; ; ; ; ; ; ; ; ; ; ; ;12;109,133514483595
3356968;1;1;1; ; ; ; ; ; ; ; ; ; ; ; ;12;125,457145621755
3356968;1;2;2;2;19; ;2; ; ;1;2; ; ;1; ;12;125,457145621755
3356968;1;3;1; ; ; ; ; ; ; ; ; ; ; ; ;12;125,457145621755
3356968;1;4;1; ; ; ; ; ; ; ; ; ; ; ; ;12;125,457145621755
3356968;1;5;1; ; ; ; ; ; ; ; ; ; ; ; ;12;125,457145621755
3356968;1;6;1; ; ; ; ; ; ; ; ; ; ; ; ;12;125,457145621755
3356969;1;1;2;2;19; ;2; ; ;1;2; ; ;1; ;12;61,2012808876554
3356969;1;2;1; ; ; ; ; ; ; ; ; ; ; ; ;12;61,2012808876554
3356969;1;3;1; ; ; ; ; ; ; ; ; ; ; ; ;12;61,2012808876554
3356969;1;4;1; ; ; ; ; ; ; ; ; ; ; ; ;12;61,2012808876554
3356970;1;1;1; ; ; ; ; ; ; ; ; ; ; ; ;12;96,2622529533341
3356970;1;2;1; ; ; ; ; ; ; ; ; ; ; ; ;12;96,2622529533341
3356970;1;3;1; ; ; ; ; ; ; ; ; ; ; ; ;12;96,2622529533341
3356970;1;4;1; ; ; ; ; ; ; ; ; ; ; ; ;12;96,2622529533341
3356971;1;1;1; ; ; ; ; ; ; ; ; ; ; ; ;12;65,2923122774015
3356971;1;2;1; ; ; ; ; ; ; ; ; ; ; ; ;12;65,2923122774015
3356972;1;1;2;2;11; ;2; ; ;1;2; ; ;1; ;12;99,3105298590525
3356972;1;2;1; ; ; ; ; ; ; ; ; ; ; ; ;12;99,3105298590525
3356972;1;3;1; ; ; ; ; ; ; ; ; ; ; ; ;12;99,3105298590525
3356973;1;1;1; ; ; ; ; ; ; ; ; ; ; ; ;12;195,28582215879
3356973;1;2;1; ; ; ; ; ; ; ; ; ; ; ; ;12;195,28582215879
3356973;1;3;1; ; ; ; ; ; ; ; ; ; ; ; ;12;195,28582215879
3356973;1;4;2;2;86; ;2; ; ;1;2; ; ;1; ;12;195,28582215879
3356974;1;1;1; ; ; ; ; ; ; ; ; ; ; ; ;12;106,647821563974
3356974;1;2;1; ; ; ; ; ; ; ; ; ; ; ; ;12;106,647821563974
3356974;1;3;1; ; ; ; ; ; ; ; ; ; ; ; ;12;106,647821563974
3356975;1;1;1; ; ; ; ; ; ; ; ; ; ; ; ;12;64,8409843634939
3356975;1;2;1; ; ; ; ; ; ; ; ; ; ; ; ;12;64,8409843634939
3356975;1;3;1; ; ; ; ; ; ; ; ; ; ; ; ;12;64,8409843634939
3356975;1;4;1; ; ; ; ; ; ; ; ; ; ; ; ;12;64,8409843634939
3356975;1;5;2;2;63; ;1; ; ; ;2; ; ;1; ;12;64,8409843634939
3356976;1;1;1; ; ; ; ; ; ; ; ; ; ; ; ;12;80,6256493768637
3356976;1;2;1; ; ; ; ; ; ; ; ; ; ; ; ;12;80,6256493768637
3356977;1;1;1; ; ; ; ; ; ; ; ; ; ; ; ;12;136,526524932564
3356977;1;2;1; ; ; ; ; ; ; ; ; ; ; ; ;12;136,526524932564
3356977;1;3;1; ; ; ; ; ; ; ; ; ; ; ; ;12;136,526524932564
3356978;1;1;1; ; ; ; ; ; ; ; ; ; ; ; ;12;100,084894740825
3356978;1;2;1; ; ; ; ; ; ; ; ; ; ; ; ;12;100,084894740825
3356978;1;3;1; ; ; ; ; ; ; ; ; ; ; ; ;12;100,084894740825
3356979;1;1;2;2;27; ;2; ; ;1;2; ; ;1; ;12;100,084894740825
3356979;1;2;2;2;19; ;2; ; ;1;2; ; ;1; ;12;100,084894740825
3356979;1;3;1; ; ; ; ; ; ; ; ; ; ; ; ;12;100,084894740825
3356981;1;1;1; ; ; ; ; ; ; ; ; ; ; ; ;12;81,1451335766977
3356981;1;2;1; ; ; ; ; ; ; ; ; ; ; ; ;12;81,1451335766977
3356981;1;3;1; ; ; ; ; ; ; ; ; ; ; ; ;12;81,1451335766977
3356981;1;4;2;2;63; ;3;11; ;1;2; ; ;1; ;12;81,1451335766977
3356982;1;1;1; ; ; ; ; ; ; ; ; ; ; ; ;12;106,772875122382
3356982;1;2;1; ; ; ; ; ; ; ; ; ; ; ; ;12;106,772875122382
3356982;1;3;1; ; ; ; ; ; ; ; ; ; ; ; ;12;106,772875122382
3356983;1;1;1; ; ; ; ; ; ; ; ; ; ; ; ;12;81,1837965358101
3356983;1;2;1; ; ; ; ; ; ; ; ; ; ; ; ;12;81,1837965358101
3356984;1;1;1; ; ; ; ; ; ; ; ; ; ; ; ;12;136,497630071772
3356984;1;2;1; ; ; ; ; ; ; ; ; ; ; ; ;12;136,497630071772
3356984;1;3;1; ; ; ; ; ; ; ; ; ; ; ; ;12;136,497630071772
3356985;1;1;2;2;52; ;3;52; ;2;2; ; ;1; ;12;70,7213204521048
3356985;1;2;2;2;52; ;3;52; ;2;2; ; ;1; ;12;70,7213204521048
3356985;1;3;2;2;52; ;3;52; ;2;2; ; ;1; ;12;70,7213204521048
3356986;1;1;2;2;52; ;2; ; ;1;2; ; ;1; ;12;65,2923122774015
3356986;1;2;2;2;41; ;2; ; ;1;2; ; ;1; ;12;65,2923122774015
3356987;1;1;1; ; ; ; ; ; ; ; ; ; ; ; ;12;98,041416371082
3356987;1;2;1; ; ; ; ; ; ; ; ; ; ; ; ;12;98,041416371082
3356991;1;1;1; ; ; ; ; ; ; ; ; ; ; ; ;12;161,251298753727
3356991;1;2;1; ; ; ; ; ; ; ; ; ; ; ; ;12;161,251298753727
3356992;1;1;1; ; ; ; ; ; ; ; ; ; ; ; ;12;161,251298753727
3356992;1;2;1; ; ; ; ; ; ; ; ; ; ; ; ;12;161,251298753727
3356993;1;1;1; ; ; ; ; ; ; ; ; ; ; ; ;12;227,276916879447
3356993;1;2;1; ; ; ; ; ; ; ; ; ; ; ; ;12;227,276916879447
3356993;1;3;1; ; ; ; ; ; ; ; ; ; ; ; ;12;227,276916879447
3356993;1;4;1; ; ; ; ; ; ; ; ; ; ; ; ;12;227,276916879447
3356993;1;5;1; ; ; ; ; ; ; ; ; ; ; ; ;12;227,276916879447
3356993;1;6;1; ; ; ; ; ; ; ; ; ; ; ; ;12;227,276916879447
3356993;1;7;1; ; ; ; ; ; ; ; ; ; ; ; ;12;227,276916879447
3356994;1;1;1; ; ; ; ; ; ; ; ; ; ; ; ;12;126,419764765291
3356994;1;2;1; ; ; ; ; ; ; ; ; ; ; ; ;12;126,419764765291
3356995;1;1;1; ; ; ; ; ; ; ; ; ; ; ; ;12;112,976248178857
3356995;2;1;1; ; ; ; ; ; ; ; ; ; ; ; ;12;112,976248178857
3356995;2;2;2;2;76; ;2; ; ;1;2; ; ;1; ;12;112,976248178857
3356995;2;3;2;2;76; ;2; ; ;1;2; ; ;1; ;12;112,976248178857
3356996;1;1;1; ; ; ; ; ; ; ; ; ; ; ; ;12;93,0024837178414
3356997;1;1;1; ; ; ; ; ; ; ; ; ; ; ; ;12;75,5867167236232
3356998;1;1;2;2;19; ;3;19; ;1;3;19; ;2;4;12;81,083881184253
3356998;1;2;2;1; ; ;3;19; ;2;3;19; ;2;3;12;81,083881184253
3356998;1;3;2;2;19; ;3;19; ;1;2; ; ;1; ;12;81,083881184253
3356998;1;4;2;2;19; ;3;19; ;1;2; ; ;1; ;12;81,083881184253
3356998;1;5;2;2;19; ;3;19; ;1;2; ; ;1; ;12;81,083881184253
3356998;1;6;2;2;19; ;2; ; ;1;3;19; ;1; ;12;81,083881184253
3356998;1;7;2;2;76; ;1; ; ; ;3;19; ;1; ;12;81,083881184253
3356999;1;1;1; ; ; ; ; ; ; ; ; ; ; ; ;12;87,4254141062386
3356999;1;2;1; ; ; ; ; ; ; ; ; ; ; ; ;12;87,4254141062386
3356999;1;3;1; ; ; ; ; ; ; ; ; ; ; ; ;12;87,4254141062386
3356999;1;4;1; ; ; ; ; ; ; ; ; ; ; ; ;12;87,4254141062386
3356999;2;1;1; ; ; ; ; ; ; ; ; ; ; ; ;12;87,4254141062386
3357000;1;1;1; ; ; ; ; ; ; ; ; ; ; ; ;12;204,853926101395
3357000;1;2;2;2;19; ;2; ; ;1;2; ; ;1; ;12;204,853926101395
3357000;1;3;1; ; ; ; ; ; ; ; ; ; ; ; ;12;204,853926101395
3357000;1;4;1; ; ; ; ; ; ; ; ; ; ; ; ;12;204,853926101395
3357000;1;5;1; ; ; ; ; ; ; ; ; ; ; ; ;12;204,853926101395
3357000;1;6;2;2;76; ;3;19; ;1;2; ; ;1; ;12;204,853926101395
3357000;1;7;1; ; ; ; ; ; ; ; ; ; ; ; ;12;204,853926101395
3357001;1;1;2;2;76; ;2; ; ;1;2; ; ;1; ;12;107,727978365468
3357001;1;2;2;2;19; ;2; ; ;1;2; ; ;1; ;12;107,727978365468
3357001;1;3;1; ; ; ; ; ; ; ; ; ; ; ; ;12;107,727978365468
3357001;1;4;2;2;19; ;2; ; ;1;2; ; ;1; ;12;107,727978365468
3357002;1;1;2;2;19; ;2; ; ;1;2; ; ;1; ;12;151,173433447246
3357003;1;1;2;2;76; ;2; ; ;1;2; ; ;1; ;12;220,758598374093
3357003;1;2;2;2;52; ;2; ; ;1;2; ; ;1; ;12;220,758598374093
3357004;1;1;2;2;19; ;2; ; ;1;2; ; ;1; ;12;137,833979962733
3357004;1;2;2;2;19; ;2; ; ;1;2; ; ;1; ;12;137,833979962733
3357004;1;3;2;2;19; ;2; ; ;1;2; ; ;1; ;12;137,833979962733
3357004;1;4;2;2;19; ;2; ; ;1;2; ; ;1; ;12;137,833979962733
3357004;1;5;2;2;19; ;2; ; ;1;2; ; ;1; ;12;137,833979962733
3357005;1;1;2;2;52; ;3;41; ;1;2; ; ;1; ;12;52,5744952210911
3357005;1;2;2;2;52; ;3;41; ;1;2; ; ;1; ;12;52,5744952210911
3357005;2;1;2;2;52; ;2; ; ;1;2; ; ;1; ;12;52,5744952210911
3357005;2;2;1; ; ; ; ; ; ; ; ; ; ; ; ;12;52,5744952210911
3357006;1;1;2;2;19; ;2; ; ;1;2; ; ;1; ;12;110,379299187046
3357006;1;2;2;2;19; ;2; ; ;1;2; ; ;1; ;12;110,379299187046
3357007;1;1;2;2;19; ;2; ; ;1;2; ; ;1; ;12;126,766837528735
3357007;1;2;2;2;19; ;2; ; ;1;2; ; ;1; ;12;126,766837528735
3357007;1;3;1; ; ; ; ; ; ; ; ; ; ; ; ;12;126,766837528735
3357007;1;4;1; ; ; ; ; ; ; ; ; ; ; ; ;12;126,766837528735
3357007;1;5;1; ; ; ; ; ; ; ; ; ; ; ; ;12;126,766837528735
3357008;1;1;2;2;76; ;2; ; ;1;2; ; ;1; ;12;163,580179560198
3357008;1;2;2;2;76; ;2; ; ;1;2; ; ;1; ;12;163,580179560198
3357009;1;1;2;2;19; ;2; ; ;1;2; ; ;1; ;12;96,2622529533341
3357009;1;2;1; ; ; ; ; ; ; ; ; ; ; ; ;12;96,2622529533341
3357009;1;3;1; ; ; ; ; ; ; ; ; ; ; ; ;12;96,2622529533341
3357009;1;4;1; ; ; ; ; ; ; ; ; ; ; ; ;12;96,2622529533341
3357010;1;1;2;2;66; ;2; ; ;1;2; ; ;1; ;12;43,9817755323004
3357010;1;2;1; ; ; ; ; ; ; ; ; ; ; ; ;12;43,9817755323004
3357010;1;3;1; ; ; ; ; ; ; ; ; ; ; ; ;12;43,9817755323004
3357010;1;4;2;2;76; ;2; ; ;1;2; ; ;1; ;12;43,9817755323004
3357010;1;5;1; ; ; ; ; ; ; ; ; ; ; ; ;12;43,9817755323004
3357010;1;6;1; ; ; ; ; ; ; ; ; ; ; ; ;12;43,9817755323004
3357010;1;7;1; ; ; ; ; ; ; ; ; ; ; ; ;12;43,9817755323004
3357011;1;1;1; ; ; ; ; ; ; ; ; ; ; ; ;12;155,338293236758
3357014;1;1;2;2;41; ;2; ; ;1;2; ; ;1; ;12;99,3105298590525
3357014;1;2;2;1; ; ;2; ; ;2;2; ; ;2;3;12;99,3105298590525
3357014;1;3;1; ; ; ; ; ; ; ; ; ; ; ; ;12;99,3105298590525
3357015;1;1;1; ; ; ; ; ; ; ; ; ; ; ; ;12;92,7469930530877
3357015;1;2;2;2;19; ;2; ; ;1;2; ; ;1; ;12;92,7469930530877
3357015;1;3;1; ; ; ; ; ; ; ; ; ; ; ; ;12;92,7469930530877
3357015;1;4;1; ; ; ; ; ; ; ; ; ; ; ; ;12;92,7469930530877
3357015;1;5;1; ; ; ; ; ; ; ; ; ; ; ; ;12;92,7469930530877
3357016;1;1;2;2;19; ;2; ; ;1;2; ; ;1; ;12;83,5252548628672
3357016;1;2;1; ; ; ; ; ; ; ; ; ; ; ; ;12;83,5252548628672
3357016;1;3;1; ; ; ; ; ; ; ; ; ; ; ; ;12;83,5252548628672
3357016;1;4;1; ; ; ; ; ; ; ; ; ; ; ; ;12;83,5252548628672
3357016;1;5;1; ; ; ; ; ; ; ; ; ; ; ; ;12;83,5252548628672
3357016;1;6;1; ; ; ; ; ; ; ; ; ; ; ; ;12;83,5252548628672
3357016;1;7;1; ; ; ; ; ; ; ; ; ; ; ; ;12;83,5252548628672
3357016;1;8;1; ; ; ; ; ; ; ; ; ; ; ; ;12;83,5252548628672
3357017;1;1;2;1; ; ;2; ; ;1;2; ; ;1; ;12;106,772875122382
3357017;1;2;2;2;19; ;2; ; ;1;2; ; ;1; ;12;106,772875122382
3357017;1;3;2;2;19; ;2; ; ;1;2; ; ;1; ;12;106,772875122382
3357018;1;1;2;2;19; ;2; ; ;1;2; ; ;1; ;12;105,495331864187
3357018;1;2;1; ; ; ; ; ; ; ; ; ; ; ; ;12;105,495331864187
3357018;1;3;1; ; ; ; ; ; ; ; ; ; ; ; ;12;105,495331864187
3357018;1;4;1; ; ; ; ; ; ; ; ; ; ; ; ;12;105,495331864187
3357019;1;1;1; ; ; ; ; ; ; ; ; ; ; ; ;12;123,790136824913
3357019;1;2;1; ; ; ; ; ; ; ; ; ; ; ; ;12;123,790136824913
3357019;1;3;1; ; ; ; ; ; ; ; ; ; ; ; ;12;123,790136824913
3357019;1;4;1; ; ; ; ; ; ; ; ; ; ; ; ;12;123,790136824913
3357019;1;5;1; ; ; ; ; ; ; ; ; ; ; ; ;12;123,790136824913
3357020;1;1;1; ; ; ; ; ; ; ; ; ; ; ; ;12;104,889038619898
3357020;1;2;1; ; ; ; ; ; ; ; ; ; ; ; ;12;104,889038619898
3357020;1;3;1; ; ; ; ; ; ; ; ; ; ; ; ;12;104,889038619898
3357020;1;4;1; ; ; ; ; ; ; ; ; ; ; ; ;12;104,889038619898
3357021;1;1;1; ; ; ; ; ; ; ; ; ; ; ; ;12;102,075550488347
3357021;1;2;1; ; ; ; ; ; ; ; ; ; ; ; ;12;102,075550488347
3357021;1;3;1; ; ; ; ; ; ; ; ; ; ; ; ;12;102,075550488347
3357021;1;4;1; ; ; ; ; ; ; ; ; ; ; ; ;12;102,075550488347
3357021;1;5;1; ; ; ; ; ; ; ; ; ; ; ; ;12;102,075550488347
3357022;1;1;2;2;19; ;2; ; ;1;2; ; ;1; ;12;69,8595365430624
3357022;1;2;2;2;19; ;2; ; ;2;2; ; ;2;3;12;69,8595365430624
3357022;1;3;2;2;19; ;2; ; ;2;2; ; ;2;1;12;69,8595365430624
3357022;2;1;1; ; ; ; ; ; ; ; ; ; ; ; ;12;69,8595365430624
3357022;2;2;2;2;76; ;2; ; ;1;2; ; ;1; ;12;69,8595365430624
3357022;2;3;1; ; ; ; ; ; ; ; ; ; ; ; ;12;69,8595365430624
3357022;2;4;1; ; ; ; ; ; ; ; ; ; ; ; ;12;69,8595365430624
3357023;1;1;2;2;19; ;2; ; ;1;2; ; ;1; ;12;168,774077543819
3357023;1;2;2;2;19; ;2; ; ;1;2; ; ;1; ;12;168,774077543819
3357023;1;3;1; ; ; ; ; ; ; ; ; ; ; ; ;12;168,774077543819
3357023;1;4;2;2;19; ;2; ; ;1;2; ; ;1; ;12;168,774077543819
3357024;1;1;2;2;19; ;2; ; ;1;2; ; ;1; ;12;151,173433447246
3357025;1;1;2;2;19; ;2; ; ;1;2; ; ;1; ;12;141,778784179177
3357025;1;2;1; ; ; ; ; ; ; ; ; ; ; ; ;12;141,778784179177
3357025;1;3;1; ; ; ; ; ; ; ; ; ; ; ; ;12;141,778784179177
3357026;1;1;2;2;19; ;3;19; ;2;2; ; ;1; ;12;159,542758688237
3357026;1;2;1; ; ; ; ; ; ; ; ; ; ; ; ;12;159,542758688237
3357026;1;3;1; ; ; ; ; ; ; ; ; ; ; ; ;12;159,542758688237
3357026;1;4;2;2;19; ;2; ; ;1;2; ; ;1; ;12;159,542758688237
3357026;2;1;2;2;19; ;3;19; ;2;2; ; ;1; ;12;159,542758688237
3357026;2;2;2;2;19; ;3;19; ;2;2; ; ;1; ;12;159,542758688237
3357026;2;3;1; ; ; ; ; ; ; ; ; ; ; ; ;12;159,542758688237
3357026;2;4;2;2;41; ;1; ; ; ;2; ; ;1; ;12;159,542758688237
3357026;3;1;2;2;19; ;3;19; ;1;2; ; ;1; ;12;159,542758688237
3357026;3;2;2;2;19; ;3;19; ;2;2; ; ;1; ;12;159,542758688237
3357026;3;3;2;2;19; ;3;19; ;2;2; ; ;1; ;12;159,542758688237
3357026;3;4;1; ; ; ; ; ; ; ; ; ; ; ; ;12;159,542758688237
3357027;1;1;1; ; ; ; ; ; ; ; ; ; ; ; ;12;111,668793148689
3357027;1;2;1; ; ; ; ; ; ; ; ; ; ; ; ;12;111,668793148689
3357028;1;1;2;2;19; ;2; ; ;1;2; ; ;1; ;12;60,1714253411294
3357028;1;2;2;2;19; ;2; ; ;1;2; ; ;1; ;12;60,1714253411294
3357028;1;3;1; ; ; ; ; ; ; ; ; ; ; ; ;12;60,1714253411294
3357028;1;4;1; ; ; ; ; ; ; ; ; ; ; ; ;12;60,1714253411294
3357028;1;5;2;2;19; ;2; ; ;1;2; ; ;1; ;12;60,1714253411294
3357028;2;1;1; ; ; ; ; ; ; ; ; ; ; ; ;12;60,1714253411294
3357028;2;2;1; ; ; ; ; ; ; ; ; ; ; ; ;12;60,1714253411294
3357028;2;3;2;2;41; ;2; ; ;1;2; ; ;1; ;12;60,1714253411294
3357029;1;1;1; ; ; ; ; ; ; ; ; ; ; ; ;12;96,3534171177524
3357029;1;2;2;2;19; ;2; ; ;1;2; ; ;1; ;12;96,3534171177524
3357029;1;3;1; ; ; ; ; ; ; ; ; ; ; ; ;12;96,3534171177524
3357029;2;1;2;2;19; ;2; ; ;1;2; ; ;1; ;12;96,3534171177524
3357030;1;1;2;2;76; ;2; ; ;1;2; ; ;1; ;12;130,47811720647
3357030;1;2;2;2;19; ;2; ; ;1;2; ; ;1; ;12;130,47811720647
3357030;1;3;1; ; ; ; ; ; ; ; ; ; ; ; ;12;130,47811720647
3357030;1;4;1; ; ; ; ; ; ; ; ; ; ; ; ;12;130,47811720647
3357030;1;5;1; ; ; ; ; ; ; ; ; ; ; ; ;12;130,47811720647
3357031;1;1;2;2;19; ;2; ; ;1;2; ; ;1; ;12;173,484426777769
3357031;1;2;2;2;19; ;2; ; ;1;2; ; ;1; ;12;173,484426777769
3357031;1;3;1; ; ; ; ; ; ; ; ; ; ; ; ;12;173,484426777769
3357031;1;4;1; ; ; ; ; ; ; ; ; ; ; ; ;12;173,484426777769
3357031;1;5;1; ; ; ; ; ; ; ; ; ; ; ; ;12;173,484426777769
3357032;1;1;2;2;19; ;2; ; ;1;2; ; ;1; ;12;147,875337990614
3357032;1;2;1; ; ; ; ; ; ; ; ; ; ; ; ;12;147,875337990614
3357033;1;1;1; ; ; ; ; ; ; ; ; ; ; ; ;12;99,3105298590525
3357033;1;2;1; ; ; ; ; ; ; ; ; ; ; ; ;12;99,3105298590525
3357033;1;3;1; ; ; ; ; ; ; ; ; ; ; ; ;12;99,3105298590525
3357037;1;1;2;2;66; ;2; ; ;1;2; ; ;1; ;12;80,6256493768637
3357037;1;2;2;2;66; ;2; ; ;1;2; ; ;1; ;12;80,6256493768637
3357038;1;1;2;2;76; ;2; ; ;1;2; ; ;1; ;12;107,331022281328
3357038;1;2;1; ; ; ; ; ; ; ; ; ; ; ; ;12;107,331022281328
3357038;1;3;1; ; ; ; ; ; ; ; ; ; ; ; ;12;107,331022281328
3357039;1;1;1; ; ; ; ; ; ; ; ; ; ; ; ;12;66,6117180110176
3357039;1;2;1; ; ; ; ; ; ; ; ; ; ; ; ;12;66,6117180110176
3357039;1;3;1; ; ; ; ; ; ; ; ; ; ; ; ;12;66,6117180110176
3357039;1;4;1; ; ; ; ; ; ; ; ; ; ; ; ;12;66,6117180110176
3357039;1;5;2;2;19; ;2; ; ;1;2; ; ;1; ;12;66,6117180110176
3357040;1;1;2;2;76; ;2; ; ;1;2; ; ;1; ;12;78,183665715434
3357040;1;2;2;2;23; ;2; ; ;1;2; ; ;1; ;12;78,183665715434
3357040;1;3;1; ; ; ; ; ; ; ; ; ; ; ; ;12;78,183665715434
3357041;1;1;1; ; ; ; ; ; ; ; ; ; ; ; ;12;100,084894740825
3357041;1;2;1; ; ; ; ; ; ; ; ; ; ; ; ;12;100,084894740825
3357041;1;3;1; ; ; ; ; ; ; ; ; ; ; ; ;12;100,084894740825
3357042;1;1;1; ; ; ; ; ; ; ; ; ; ; ; ;12;97,642911079395
3357042;1;2;2;2;86; ;2; ; ;1;2; ; ;1; ;12;97,642911079395
3357042;1;3;1; ; ; ; ; ; ; ; ; ; ; ; ;12;97,642911079395
3357042;1;4;1; ; ; ; ; ; ; ; ; ; ; ; ;12;97,642911079395
3357043;1;1;2;2;19; ;2; ; ;1;2; ; ;1; ;12;79,4960858483814
3357043;1;2;2;2;52; ;2; ; ;1;2; ; ;1; ;12;79,4960858483814
3357043;1;3;1; ; ; ; ; ; ; ; ; ; ; ; ;12;79,4960858483814
3357043;1;4;2;2;76; ;2; ; ;1;2; ; ;1; ;12;79,4960858483814
3357043;1;5;2;2;52; ;2; ; ;1;2; ; ;1; ;12;79,4960858483814
3357044;1;1;2;2;19; ;3;19; ;2;2; ; ;1; ;12;101,733942469141
3357044;1;2;2;2;19; ;3;19; ;2;2; ; ;1; ;12;101,733942469141
3357045;1;1;2;2;47; ;2; ; ;1;2; ; ;1; ;12;642,431140029278
3357045;1;2;2;2;20; ;2; ; ;1;2; ; ;1; ;12;642,431140029278
3357045;1;3;1; ; ; ; ; ; ; ; ; ; ; ; ;12;642,431140029278
3357045;1;4;1; ; ; ; ; ; ; ; ; ; ; ; ;12;642,431140029278
3357045;1;5;1; ; ; ; ; ; ; ; ; ; ; ; ;12;642,431140029278
3357046;1;1;2;2;08; ;2; ; ;1;2; ; ;1; ;12;417,340255153046
3357046;1;2;2;2;47; ;2; ; ;1;2; ; ;1; ;12;417,340255153046
3357046;1;3;1; ; ; ; ; ; ; ; ; ; ; ; ;12;417,340255153046
3357046;1;4;1; ; ; ; ; ; ; ; ; ; ; ; ;12;417,340255153046
3357046;1;5;1; ; ; ; ; ; ; ; ; ; ; ; ;12;417,340255153046
3357046;1;6;1; ; ; ; ; ; ; ; ; ; ; ; ;12;417,340255153046
3357047;1;1;1; ; ; ; ; ; ; ; ; ; ; ; ;12;676,092200510934
3357047;1;2;1; ; ; ; ; ; ; ; ; ; ; ; ;12;676,092200510934
3357048;1;1;1; ; ; ; ; ; ; ; ; ; ; ; ;12;385,061206029148
3357048;1;2;1; ; ; ; ; ; ; ; ; ; ; ; ;12;385,061206029148
3357048;1;3;1; ; ; ; ; ; ; ; ; ; ; ; ;12;385,061206029148
3357048;1;4;1; ; ; ; ; ; ; ; ; ; ; ; ;12;385,061206029148
3357048;1;5;1; ; ; ; ; ; ; ; ; ; ; ; ;12;385,061206029148
3357048;1;6;1; ; ; ; ; ; ; ; ; ; ; ; ;12;385,061206029148
3357049;1;1;2;2;73; ;2; ; ;1;2; ; ;1; ;12;503,45388243104
3357049;2;1;1; ; ; ; ; ; ; ; ; ; ; ; ;12;503,45388243104
3357049;3;1;2;2;27; ;2; ; ;1;2; ; ;1; ;12;503,45388243104
3357050;1;1;1; ; ; ; ; ; ; ; ; ; ; ; ;12;319,042639777955
3357050;1;2;1; ; ; ; ; ; ; ; ; ; ; ; ;12;319,042639777955
3357050;1;3;1; ; ; ; ; ; ; ; ; ; ; ; ;12;319,042639777955
3357050;1;4;1; ; ; ; ; ; ; ; ; ; ; ; ;12;319,042639777955
3357051;1;1;1; ; ; ; ; ; ; ; ; ; ; ; ;12;1124,93332823391
3357051;1;2;1; ; ; ; ; ; ; ; ; ; ; ; ;12;1124,93332823391
3357051;1;3;1; ; ; ; ; ; ; ; ; ; ; ; ;12;1124,93332823391
3357051;1;4;1; ; ; ; ; ; ; ; ; ; ; ; ;12;1124,93332823391
3357051;1;5;2;2;08; ;2; ; ;1;2; ; ;1; ;12;1124,93332823391
3357054;1;1;2;2;47; ;2; ; ;1;2; ; ;1; ;12;432,20294537083
3357054;1;2;2;2;47; ;2; ; ;1;2; ; ;1; ;12;432,20294537083
3357054;1;3;1; ; ; ; ; ; ; ; ; ; ; ; ;12;432,20294537083
3357054;1;4;1; ; ; ; ; ; ; ; ; ; ; ; ;12;432,20294537083
3357054;1;5;1; ; ; ; ; ; ; ; ; ; ; ; ;12;432,20294537083
3357054;1;6;1; ; ; ; ; ; ; ; ; ; ; ; ;12;432,20294537083
3357054;1;7;1; ; ; ; ; ; ; ; ; ; ; ; ;12;432,20294537083
3357055;1;1;2;2;47; ;2; ; ;1;2; ; ;1; ;12;585,820133348528
3357055;1;2;1; ; ; ; ; ; ; ; ; ; ; ; ;12;585,820133348528
3357055;1;3;1; ; ; ; ; ; ; ; ; ; ; ; ;12;585,820133348528
3357055;1;4;2;2;13; ;3;13; ;1;2; ; ;1; ;12;585,820133348528
3357055;1;5;2;2;47; ;2; ; ;1;2; ; ;1; ;12;585,820133348528
3357055;1;6;2;2;70; ;2; ; ;1;2; ; ;1; ;12;585,820133348528
3357055;1;7;1; ; ; ; ; ; ; ; ; ; ; ; ;12;585,820133348528
3357056;1;1;1; ; ; ; ; ; ; ; ; ; ; ; ;12;689,679583440304
3357056;1;2;2;2;20; ;2; ; ;1;2; ; ;1; ;12;689,679583440304
3357056;1;3;1; ; ; ; ; ; ; ; ; ; ; ; ;12;689,679583440304
3357056;1;4;1; ; ; ; ; ; ; ; ; ; ; ; ;12;689,679583440304
3357056;1;5;1; ; ; ; ; ; ; ; ; ; ; ; ;12;689,679583440304
3357057;1;1;2;2;47; ;2; ; ;1;2; ; ;1; ;12;492,374978576181
3357057;1;2;2;2;47; ;2; ; ;1;2; ; ;1; ;12;492,374978576181
3357057;1;3;1; ; ; ; ; ; ; ; ; ; ; ; ;12;492,374978576181
3357058;1;1;1; ; ; ; ; ; ; ; ; ; ; ; ;12;717,084256190698
3357058;1;2;1; ; ; ; ; ; ; ; ; ; ; ; ;12;717,084256190698
3357058;1;3;1; ; ; ; ; ; ; ; ; ; ; ; ;12;717,084256190698
3357058;1;4;1; ; ; ; ; ; ; ; ; ; ; ; ;12;717,084256190698
3357059;1;1;1; ; ; ; ; ; ; ; ; ; ; ; ;12;568,682453068336
3357059;1;2;1; ; ; ; ; ; ; ; ; ; ; ; ;12;568,682453068336
3357059;1;3;1; ; ; ; ; ; ; ; ; ; ; ; ;12;568,682453068336
3357060;1;1;2;3; ;10;4; ;10; ;2; ; ;1; ;12;1393,17645670163
3357060;1;2;1; ; ; ; ; ; ; ; ; ; ; ; ;12;1393,17645670163
3357060;1;3;1; ; ; ; ; ; ; ; ; ; ; ; ;12;1393,17645670163
3357061;1;1;1; ; ; ; ; ; ; ; ; ; ; ; ;12;665,600613305062
3357061;1;2;1; ; ; ; ; ; ; ; ; ; ; ; ;12;665,600613305062
3357061;1;3;1; ; ; ; ; ; ; ; ; ; ; ; ;12;665,600613305062
3357062;1;1;1; ; ; ; ; ; ; ; ; ; ; ; ;12;619,459278059424
3357063;1;1;1; ; ; ; ; ; ; ; ; ; ; ; ;12;503,520520016745
3357063;1;2;1; ; ; ; ; ; ; ; ; ; ; ; ;12;503,520520016745
3357063;1;3;1; ; ; ; ; ; ; ; ; ; ; ; ;12;503,520520016745
3357063;1;4;1; ; ; ; ; ; ; ; ; ; ; ; ;12;503,520520016745
3357064;1;1;2;2;08; ;2; ; ;1;2; ; ;1; ;12;615,026467278885
3357064;1;2;1; ; ; ; ; ; ; ; ; ; ; ; ;12;615,026467278885
3357064;1;3;1; ; ; ; ; ; ; ; ; ; ; ; ;12;615,026467278885
3357064;1;4;1; ; ; ; ; ; ; ; ; ; ; ; ;12;615,026467278885
3357064;1;5;1; ; ; ; ; ; ; ; ; ; ; ; ;12;615,026467278885
3357064;1;6;1; ; ; ; ; ; ; ; ; ; ; ; ;12;615,026467278885
3357065;1;1;2;2;13; ;2; ; ;1;2; ; ;1; ;12;471,585364534804
3357065;1;2;2;2;08; ;3;13; ;1;3;13; ;1; ;12;471,585364534804
3357065;1;3;2;2;13; ;3;13; ;1;3;13; ;1; ;12;471,585364534804
3357065;1;4;2;2;13; ;3;13; ;1;3;13; ;1; ;12;471,585364534804
3357065;1;5;2;2;13; ;3;13; ;1;3;13; ;1; ;12;471,585364534804
3357065;1;6;1; ; ; ; ; ; ; ; ; ; ; ; ;12;471,585364534804
3357066;1;1;1; ; ; ; ; ; ; ; ; ; ; ; ;12;492,374978576181
3357066;1;2;2;2;70; ;2; ; ;1;2; ; ;1; ;12;492,374978576181
3357066;1;3;2;2;70; ;2; ; ;1;2; ; ;1; ;12;492,374978576181
3357067;1;1;2;2;08; ;3;11; ;1;2; ; ;1; ;12;676,092200510934
3357067;1;2;2;2;47; ;2; ; ;1;2; ; ;1; ;12;676,092200510934
3357068;1;1;1; ; ; ; ; ; ; ; ; ; ; ; ;12;437,2174861586
3357068;1;2;2;2;47; ;2; ; ;1;2; ; ;1; ;12;437,2174861586
3357068;1;3;1; ; ; ; ; ; ; ; ; ; ; ; ;12;437,2174861586
3357068;1;4;1; ; ; ; ; ; ; ; ; ; ; ; ;12;437,2174861586
3357068;1;5;1; ; ; ; ; ; ; ; ; ; ; ; ;12;437,2174861586
3357068;1;6;1; ; ; ; ; ; ; ; ; ; ; ; ;12;437,2174861586
3357069;1;1;1; ; ; ; ; ; ; ; ; ; ; ; ;12;605,618907708442
3357069;1;2;1; ; ; ; ; ; ; ; ; ; ; ; ;12;605,618907708442
3357070;1;1;1; ; ; ; ; ; ; ; ; ; ; ; ;12;612,443929079567
3357070;1;2;1; ; ; ; ; ; ; ; ; ; ; ; ;12;612,443929079567
3357070;1;3;1; ; ; ; ; ; ; ; ; ; ; ; ;12;612,443929079567
3357070;1;4;1; ; ; ; ; ; ; ; ; ; ; ; ;12;612,443929079567
3357071;1;1;1; ; ; ; ; ; ; ; ; ; ; ; ;12;675,091796414891
3357071;1;2;2;2;68; ;2; ; ;1;2; ; ;1; ;12;675,091796414891
3357071;1;3;1; ; ; ; ; ; ; ; ; ; ; ; ;12;675,091796414891
3357072;1;1;1; ; ; ; ; ; ; ; ; ; ; ; ;12;611,443524983525
3357072;1;2;2;2;68; ;2; ; ;1;2; ; ;1; ;12;611,443524983525
3357072;1;3;1; ; ; ; ; ; ; ; ; ; ; ; ;12;611,443524983525
3357072;1;4;1; ; ; ; ; ; ; ; ; ; ; ; ;12;611,443524983525
3357072;1;5;1; ; ; ; ; ; ; ; ; ; ; ; ;12;611,443524983525
3357073;1;1;1; ; ; ; ; ; ; ; ; ; ; ; ;12;565,302189737886
3357073;1;2;1; ; ; ; ; ; ; ; ; ; ; ; ;12;565,302189737886
3357073;1;3;1; ; ; ; ; ; ; ; ; ; ; ; ;12;565,302189737886
3357074;1;1;2;2;08; ;2; ; ;1;2; ; ;1; ;12;378,437028725588
3357074;1;2;1; ; ; ; ; ; ; ; ; ; ; ; ;12;378,437028725588
3357074;1;3;2;2;08; ;2; ; ;1;2; ; ;1; ;12;378,437028725588
3357074;1;4;2;2;70; ;2; ; ;1;2; ; ;1; ;12;378,437028725588
3357075;1;1;2;2;70; ;2; ; ;1;2; ; ;1; ;12;619,459278059424
3357076;1;1;1; ; ; ; ; ; ; ; ; ; ; ; ;12;1331,20122661012
3357076;1;2;1; ; ; ; ; ; ; ; ; ; ; ; ;12;1331,20122661012
3357076;1;3;1; ; ; ; ; ; ; ; ; ; ; ; ;12;1331,20122661012
3357078;1;1;1; ; ; ; ; ; ; ; ; ; ; ; ;12;1352,18440102187
3357078;1;2;1; ; ; ; ; ; ; ; ; ; ; ; ;12;1352,18440102187
3357080;1;1;1; ; ; ; ; ; ; ; ; ; ; ; ;12;548,186425228454
3357080;1;2;1; ; ; ; ; ; ; ; ; ; ; ; ;12;548,186425228454
3357081;1;1;2;2;13; ;2; ; ;1;2; ; ;1; ;12;599,403118757063
3357081;1;2;2;2;13; ;2; ; ;1;2; ; ;1; ;12;599,403118757063
3357081;1;3;2;2;13; ;2; ; ;1;2; ; ;1; ;12;599,403118757063
3357081;1;4;2;2;13; ;2; ; ;1;2; ; ;1; ;12;599,403118757063
3357082;1;1;2;2;68; ;2; ; ;1;2; ; ;1; ;12;572,958251322829
3357082;1;2;1; ; ; ; ; ; ; ; ; ; ; ; ;12;572,958251322829
3357082;1;3;1; ; ; ; ; ; ; ; ; ; ; ; ;12;572,958251322829
3357082;1;4;1; ; ; ; ; ; ; ; ; ; ; ; ;12;572,958251322829
3357083;1;1;2;2;47; ;2; ; ;1;2; ; ;1; ;12;551,356280076759
3357083;1;2;1; ; ; ; ; ; ; ; ; ; ; ; ;12;551,356280076759
3357083;1;3;1; ; ; ; ; ; ; ; ; ; ; ; ;12;551,356280076759
3357083;1;4;1; ; ; ; ; ; ; ; ; ; ; ; ;12;551,356280076759
3357083;1;5;1; ; ; ; ; ; ; ; ; ; ; ; ;12;551,356280076759
3357084;1;1;2;2;11; ;2; ; ;1;2; ; ;1; ;12;1458,49776947286
3357085;1;1;1; ; ; ; ; ; ; ; ; ; ; ; ;12;495,029741002959
3357085;1;2;1; ; ; ; ; ; ; ; ; ; ; ; ;12;495,029741002959
3357085;1;3;1; ; ; ; ; ; ; ; ; ; ; ; ;12;495,029741002959
3357086;1;1;2;2;68; ;2; ; ;1;2; ; ;1; ;12;601,164181157143
3357086;1;2;2;2;20; ;2; ; ;1;2; ; ;1; ;12;601,164181157143
3357086;1;3;1; ; ; ; ; ; ; ; ; ; ; ; ;12;601,164181157143
3357086;1;4;1; ; ; ; ; ; ; ; ; ; ; ; ;12;601,164181157143
3357087;1;1;1; ; ; ; ; ; ; ; ; ; ; ; ;12;513,145909608434
3357087;1;2;1; ; ; ; ; ; ; ; ; ; ; ; ;12;513,145909608434
3357087;1;3;1; ; ; ; ; ; ; ; ; ; ; ; ;12;513,145909608434
3357088;1;1;2;2;44; ;2; ; ;1;2; ; ;1; ;12;551,965512496505
3357088;1;2;1; ; ; ; ; ; ; ; ; ; ; ; ;12;551,965512496505
3357088;1;3;1; ; ; ; ; ; ; ; ; ; ; ; ;12;551,965512496505
3357088;1;4;1; ; ; ; ; ; ; ; ; ; ; ; ;12;551,965512496505
3357088;1;5;1; ; ; ; ; ; ; ; ; ; ; ; ;12;551,965512496505
3357088;1;6;1; ; ; ; ; ; ; ; ; ; ; ; ;12;551,965512496505
3357088;1;7;1; ; ; ; ; ; ; ; ; ; ; ; ;12;551,965512496505
3357088;1;8;1; ; ; ; ; ; ; ; ; ; ; ; ;12;551,965512496505
3357088;1;9;1; ; ; ; ; ; ; ; ; ; ; ; ;12;551,965512496505
3357089;1;1;1; ; ; ; ; ; ; ; ; ; ; ; ;12;599,078052370228
3357089;1;2;1; ; ; ; ; ; ; ; ; ; ; ; ;12;599,078052370228
3357089;1;3;1; ; ; ; ; ; ; ; ; ; ; ; ;12;599,078052370228
3357089;1;4;1; ; ; ; ; ; ; ; ; ; ; ; ;12;599,078052370228
3357089;1;5;1; ; ; ; ; ; ; ; ; ; ; ; ;12;599,078052370228
3357089;1;6;1; ; ; ; ; ; ; ; ; ; ; ; ;12;599,078052370228
3357089;1;7;1; ; ; ; ; ; ; ; ; ; ; ; ;12;599,078052370228
3357089;1;8;2;2;13; ;2; ; ;1;2; ; ;1; ;12;599,078052370228
3357090;1;1;1; ; ; ; ; ; ; ; ; ; ; ; ;12;739,862557790186
3357090;1;2;1; ; ; ; ; ; ; ; ; ; ; ; ;12;739,862557790186
3357090;1;3;1; ; ; ; ; ; ; ; ; ; ; ; ;12;739,862557790186
3357090;1;4;1; ; ; ; ; ; ; ; ; ; ; ; ;12;739,862557790186
3357090;1;5;1; ; ; ; ; ; ; ; ; ; ; ; ;12;739,862557790186
3357090;1;6;2;2;70; ;2; ; ;1;2; ; ;1; ;12;739,862557790186
3357090;1;7;1; ; ; ; ; ; ; ; ; ; ; ; ;12;739,862557790186
3357091;1;1;1; ; ; ; ; ; ; ; ; ; ; ; ;12;749,65658994205
3357091;1;2;1; ; ; ; ; ; ; ; ; ; ; ; ;12;749,65658994205
3357091;1;3;1; ; ; ; ; ; ; ; ; ; ; ; ;12;749,65658994205
3357091;1;4;1; ; ; ; ; ; ; ; ; ; ; ; ;12;749,65658994205
3357091;1;5;1; ; ; ; ; ; ; ; ; ; ; ; ;12;749,65658994205
3357091;1;6;2;2;13; ;2; ; ;1;2; ; ;1; ;12;749,65658994205
3357091;1;7;2;2;13; ;2; ; ;1;2; ; ;1; ;12;749,65658994205
3357091;1;8;1; ; ; ; ; ; ; ; ; ; ; ; ;12;749,65658994205
3357091;1;9;1; ; ; ; ; ; ; ; ; ; ; ; ;12;749,65658994205
3357091;2;1;2;2;13; ;2; ; ;1;2; ; ;1; ;12;749,65658994205
3357091;2;2;2;2;13; ;2; ; ;1;2; ; ;1; ;12;749,65658994205
3357091;2;3;1; ; ; ; ; ; ; ; ; ; ; ; ;12;749,65658994205
3357092;1;1;1; ; ; ; ; ; ; ; ; ; ; ; ;12;715,302975075301
3357092;1;2;2;2;47; ;2; ; ;1;2; ; ;1; ;12;715,302975075301
3357092;1;3;1; ; ; ; ; ; ; ; ; ; ; ; ;12;715,302975075301
3357093;1;1;1; ; ; ; ; ; ; ; ; ; ; ; ;12;702,137942433528
3357093;1;2;2;2;23; ;2; ; ;1;2; ; ;1; ;12;702,137942433528
3357093;1;3;1; ; ; ; ; ; ; ; ; ; ; ; ;12;702,137942433528
3357093;1;4;1; ; ; ; ; ; ; ; ; ; ; ; ;12;702,137942433528
3357093;1;5;1; ; ; ; ; ; ; ; ; ; ; ; ;12;702,137942433528
3357093;1;6;1; ; ; ; ; ; ; ; ; ; ; ; ;12;702,137942433528
3357093;1;7;1; ; ; ; ; ; ; ; ; ; ; ; ;12;702,137942433528
3357094;1;1;1; ; ; ; ; ; ; ; ; ; ; ; ;12;627,514163581967
3357094;1;2;1; ; ; ; ; ; ; ; ; ; ; ; ;12;627,514163581967
3357094;1;3;1; ; ; ; ; ; ; ; ; ; ; ; ;12;627,514163581967
3357094;1;4;1; ; ; ; ; ; ; ; ; ; ; ; ;12;627,514163581967
3357094;1;5;2;2;47; ;2; ; ;1;2; ; ;1; ;12;627,514163581967
3357094;1;6;1; ; ; ; ; ; ; ; ; ; ; ; ;12;627,514163581967
3357094;1;7;1; ; ; ; ; ; ; ; ; ; ; ; ;12;627,514163581967
3357094;1;8;1; ; ; ; ; ; ; ; ; ; ; ; ;12;627,514163581967
3357094;1;9;2;2;47; ;2; ; ;1;2; ; ;1; ;12;627,514163581967
3357095;1;1;1; ; ; ; ; ; ; ; ; ; ; ; ;12;570,957443130743
3357095;1;2;1; ; ; ; ; ; ; ; ; ; ; ; ;12;570,957443130743
3357095;1;3;1; ; ; ; ; ; ; ; ; ; ; ; ;12;570,957443130743
3357095;1;4;1; ; ; ; ; ; ; ; ; ; ; ; ;12;570,957443130743
3357095;1;5;1; ; ; ; ; ; ; ; ; ; ; ; ;12;570,957443130743
3357095;1;6;1; ; ; ; ; ; ; ; ; ; ; ; ;12;570,957443130743
3357096;1;1;2;2;54; ;2; ; ;1;2; ; ;1; ;12;435,048035406339
3357096;1;2;1; ; ; ; ; ; ; ; ; ; ; ; ;12;435,048035406339
3357097;1;1;2;2;05; ;2; ; ;1;2; ; ;1; ;12;562,466664116957
3357097;1;2;1; ; ; ; ; ; ; ; ; ; ; ; ;12;562,466664116957
3357097;1;3;1; ; ; ; ; ; ; ; ; ; ; ; ;12;562,466664116957
3357097;1;4;1; ; ; ; ; ; ; ; ; ; ; ; ;12;562,466664116957
3357097;1;5;1; ; ; ; ; ; ; ; ; ; ; ; ;12;562,466664116957
3357098;1;1;1; ; ; ; ; ; ; ; ; ; ; ; ;12;1104,92444696589
3357098;1;2;1; ; ; ; ; ; ; ; ; ; ; ; ;12;1104,92444696589
3357098;1;3;1; ; ; ; ; ; ; ; ; ; ; ; ;12;1104,92444696589
3357100;1;1;1; ; ; ; ; ; ; ; ; ; ; ; ;12;675,091796414891
3357100;1;2;1; ; ; ; ; ; ; ; ; ; ; ; ;12;675,091796414891
3357100;1;3;1; ; ; ; ; ; ; ; ; ; ; ; ;12;675,091796414891
3357101;1;1;1; ; ; ; ; ; ; ; ; ; ; ; ;12;488,204719631834
3357102;1;1;1; ; ; ; ; ; ; ; ; ; ; ; ;12;696,588228350816
3357102;1;2;1; ; ; ; ; ; ; ; ; ; ; ; ;12;696,588228350816
3357102;1;3;1; ; ; ; ; ; ; ; ; ; ; ; ;12;696,588228350816
3357103;1;1;1; ; ; ; ; ; ; ; ; ; ; ; ;12;1009,04184822558
3357103;1;2;1; ; ; ; ; ; ; ; ; ; ; ; ;12;1009,04184822558
3357103;1;3;1; ; ; ; ; ; ; ; ; ; ; ; ;12;1009,04184822558
3357104;1;1;2;2;68; ;2; ; ;1;2; ; ;1; ;12;658,691968394551
3357104;1;2;1; ; ; ; ; ; ; ; ; ; ; ; ;12;658,691968394551
3357104;1;3;1; ; ; ; ; ; ; ; ; ; ; ; ;12;658,691968394551
3357104;1;4;1; ; ; ; ; ; ; ; ; ; ; ; ;12;658,691968394551
3357104;1;5;1; ; ; ; ; ; ; ; ; ; ; ; ;12;658,691968394551
3357105;1;1;1; ; ; ; ; ; ; ; ; ; ; ; ;12;666,422089104299
3357105;1;2;1; ; ; ; ; ; ; ; ; ; ; ; ;12;666,422089104299
3357105;1;3;1; ; ; ; ; ; ; ; ; ; ; ; ;12;666,422089104299
3357105;1;4;2;2;20; ;2; ; ;1;2; ; ;1; ;12;666,422089104299
3357105;1;5;1; ; ; ; ; ; ; ; ; ; ; ; ;12;666,422089104299
3357106;1;1;1; ; ; ; ; ; ; ; ; ; ; ; ;12;494,029336906917
3357106;1;2;1; ; ; ; ; ; ; ; ; ; ; ; ;12;494,029336906917
3357106;1;3;1; ; ; ; ; ; ; ; ; ; ; ; ;12;494,029336906917
3357106;1;4;1; ; ; ; ; ; ; ; ; ; ; ; ;12;494,029336906917
3357107;1;1;1; ; ; ; ; ; ; ; ; ; ; ; ;12;662,146290849807
3357107;1;2;2;2;70; ;2; ; ;1;2; ; ;1; ;12;662,146290849807
3357107;1;3;1; ; ; ; ; ; ; ; ; ; ; ; ;12;662,146290849807
3357107;1;4;1; ; ; ; ; ; ; ; ; ; ; ; ;12;662,146290849807
3357108;1;1;2;2;13; ;2; ; ;1;2; ; ;1; ;12;442,006541937275
3357108;1;2;1; ; ; ; ; ; ; ; ; ; ; ; ;12;442,006541937275
3357108;1;3;1; ; ; ; ; ; ; ; ; ; ; ; ;12;442,006541937275
3357108;1;4;1; ; ; ; ; ; ; ; ; ; ; ; ;12;442,006541937275
3357108;1;5;1; ; ; ; ; ; ; ; ; ; ; ; ;12;442,006541937275
3357108;1;6;1; ; ; ; ; ; ; ; ; ; ; ; ;12;442,006541937275
3357108;1;7;2;2;13; ;2; ; ;1;2; ; ;1; ;12;442,006541937275
3357108;1;8;1; ; ; ; ; ; ; ; ; ; ; ; ;12;442,006541937275
3357108;1;9;1; ; ; ; ; ; ; ; ; ; ; ; ;12;442,006541937275
3357109;1;1;1; ; ; ; ; ; ; ; ; ; ; ; ;12;585,820133348528
3357109;1;2;1; ; ; ; ; ; ; ; ; ; ; ; ;12;585,820133348528
3357109;1;3;1; ; ; ; ; ; ; ; ; ; ; ; ;12;585,820133348528
3357109;1;4;1; ; ; ; ; ; ; ; ; ; ; ; ;12;585,820133348528
3357109;1;5;1; ; ; ; ; ; ; ; ; ; ; ; ;12;585,820133348528
3357109;1;6;1; ; ; ; ; ; ; ; ; ; ; ; ;12;585,820133348528
3357109;1;7;1; ; ; ; ; ; ; ; ; ; ; ; ;12;585,820133348528
3357110;1;1;1; ; ; ; ; ; ; ; ; ; ; ; ;12;605,618907708442
3357110;1;2;1; ; ; ; ; ; ; ; ; ; ; ; ;12;605,618907708442
3357111;1;1;1; ; ; ; ; ; ; ; ; ; ; ; ;12;418,100913457083
3357111;1;2;1; ; ; ; ; ; ; ; ; ; ; ; ;12;418,100913457083
3357111;1;3;1; ; ; ; ; ; ; ; ; ; ; ; ;12;418,100913457083
3357111;1;4;1; ; ; ; ; ; ; ; ; ; ; ; ;12;418,100913457083
3357111;1;5;1; ; ; ; ; ; ; ; ; ; ; ; ;12;418,100913457083
3357111;1;6;1; ; ; ; ; ; ; ; ; ; ; ; ;12;418,100913457083
3357111;1;7;2;2;05; ;2; ; ;1;2; ; ;1; ;12;418,100913457083
3357112;1;1;1; ; ; ; ; ; ; ; ; ; ; ; ;12;305,91734832991
3357112;1;2;1; ; ; ; ; ; ; ; ; ; ; ; ;12;305,91734832991
3357112;1;3;1; ; ; ; ; ; ; ; ; ; ; ; ;12;305,91734832991
3357112;1;4;1; ; ; ; ; ; ; ; ; ; ; ; ;12;305,91734832991
3357112;1;5;1; ; ; ; ; ; ; ; ; ; ; ; ;12;305,91734832991
3357112;1;6;1; ; ; ; ; ; ; ; ; ; ; ; ;12;305,91734832991
3357112;1;7;1; ; ; ; ; ; ; ; ; ; ; ; ;12;305,91734832991
3357113;1;1;1; ; ; ; ; ; ; ; ; ; ; ; ;12;560,847463186587
3357113;1;2;1; ; ; ; ; ; ; ; ; ; ; ; ;12;560,847463186587
3357113;1;3;1; ; ; ; ; ; ; ; ; ; ; ; ;12;560,847463186587
3357113;1;4;1; ; ; ; ; ; ; ; ; ; ; ; ;12;560,847463186587
3357113;1;5;1; ; ; ; ; ; ; ; ; ; ; ; ;12;560,847463186587
3357114;1;1;1; ; ; ; ; ; ; ; ; ; ; ; ;12;922,462429586489
3357114;1;2;1; ; ; ; ; ; ; ; ; ; ; ; ;12;922,462429586489
3357114;1;3;1; ; ; ; ; ; ; ; ; ; ; ; ;12;922,462429586489
3357114;1;4;2;2;20; ;2; ; ;1;2; ; ;1; ;12;922,462429586489
3357114;1;5;1; ; ; ; ; ; ; ; ; ; ; ; ;12;922,462429586489
3357114;1;6;1; ; ; ; ; ; ; ; ; ; ; ; ;12;922,462429586489
3357114;1;7;1; ; ; ; ; ; ; ; ; ; ; ; ;12;922,462429586489
3357114;1;8;1; ; ; ; ; ; ; ; ; ; ; ; ;12;922,462429586489
3357114;1;9;1; ; ; ; ; ; ; ; ; ; ; ; ;12;922,462429586489
3357114;1;10;1; ; ; ; ; ; ; ; ; ; ; ; ;12;922,462429586489
3357114;1;11;1; ; ; ; ; ; ; ; ; ; ; ; ;12;922,462429586489
3357115;1;1;2;2;20; ;2; ; ;1;2; ; ;1; ;12;568,682453068336
3357115;1;2;1; ; ; ; ; ; ; ; ; ; ; ; ;12;568,682453068336
3357115;1;3;1; ; ; ; ; ; ; ; ; ; ; ; ;12;568,682453068336
3357116;1;1;2;2;68; ;2; ; ;1;2; ; ;1; ;12;492,374978576181
3357116;1;2;2;2;68; ;2; ; ;1;2; ; ;1; ;12;492,374978576181
3357116;1;3;2;2;68; ;2; ; ;1;2; ; ;1; ;12;492,374978576181
3357117;1;1;2;2;08; ;2; ; ;1;2; ; ;1; ;12;484,750397176578
3357117;1;2;2;2;13; ;2; ; ;1;2; ; ;1; ;12;484,750397176578
3357118;1;1;2;2;13; ;2; ; ;1;2; ; ;1; ;12;678,261651263196
3357118;1;2;2;2;13; ;2; ; ;1;2; ; ;1; ;12;678,261651263196
3357118;1;3;1; ; ; ; ; ; ; ; ; ; ; ; ;12;678,261651263196
3357118;1;4;1; ; ; ; ; ; ; ; ; ; ; ; ;12;678,261651263196
3357118;1;5;1; ; ; ; ; ; ; ; ; ; ; ; ;12;678,261651263196
3357118;1;6;2;2;13; ;2; ; ;1;2; ; ;1; ;12;678,261651263196
3357119;1;1;2;2;47; ;2; ; ;1;2; ; ;1; ;12;508,691183057135
3357119;1;2;2;2;08; ;2; ; ;1;2; ; ;1; ;12;508,691183057135
3357119;1;3;1; ; ; ; ; ; ; ; ; ; ; ; ;12;508,691183057135
3357119;1;4;1; ; ; ; ; ; ; ; ; ; ; ; ;12;508,691183057135
3357119;1;5;2;2;08; ;2; ; ;1;2; ; ;1; ;12;508,691183057135
3357120;1;1;2;2;47; ;2; ; ;1;2; ; ;1; ;12;519,314420525473
3357120;1;2;2;2;47; ;2; ; ;1;2; ; ;1; ;12;519,314420525473
3357120;1;3;1; ; ; ; ; ; ; ; ; ; ; ; ;12;519,314420525473
3357120;1;4;1; ; ; ; ; ; ; ; ; ; ; ; ;12;519,314420525473
3357120;1;5;2;2;47; ;2; ; ;1;2; ; ;1; ;12;519,314420525473
3357120;1;6;1; ; ; ; ; ; ; ; ; ; ; ; ;12;519,314420525473
3357120;1;7;1; ; ; ; ; ; ; ; ; ; ; ; ;12;519,314420525473
3357120;1;8;1; ; ; ; ; ; ; ; ; ; ; ; ;12;519,314420525473
3357121;1;1;2;2;08; ;2; ; ;1;2; ; ;1; ;12;495,829301031437
3357121;1;2;1; ; ; ; ; ; ; ; ; ; ; ; ;12;495,829301031437
3357122;1;1;2;2;08; ;2; ; ;1;2; ; ;1; ;12;575,719717818952
3357122;1;2;1; ; ; ; ; ; ; ; ; ; ; ; ;12;575,719717818952
3357122;1;3;1; ; ; ; ; ; ; ; ; ; ; ; ;12;575,719717818952
3357123;1;1;2;2;08; ;2; ; ;1;2; ; ;1; ;12;723,03309578505
3357123;1;2;2;2;08; ;2; ; ;1;2; ; ;1; ;12;723,03309578505
3357123;1;3;2;2;08; ;2; ; ;1;2; ; ;1; ;12;723,03309578505
3357124;1;1;2;2;47; ;2; ; ;1;2; ; ;1; ;12;560,847463186587
3357124;1;2;2;2;08; ;2; ; ;1;2; ; ;1; ;12;560,847463186587
3357124;1;3;2;2;08; ;2; ; ;1;2; ; ;1; ;12;560,847463186587
3357124;1;4;2;2;08; ;2; ; ;1;2; ; ;1; ;12;560,847463186587
3357124;1;5;1; ; ; ; ; ; ; ; ; ; ; ; ;12;560,847463186587
3357125;1;1;2;2;20; ;2; ; ;1;2; ; ;1; ;12;495,029741002959
3357125;1;2;1; ; ; ; ; ; ; ; ; ; ; ; ;12;495,029741002959
3357125;1;3;2;2;20; ;3;20; ;1;3;20; ;1; ;12;495,029741002959
3357126;1;1;2;2;70; ;2; ; ;1;2; ; ;1; ;12;686,096641144944
3357126;1;2;2;2;47; ;2; ; ;1;2; ; ;1; ;12;686,096641144944
3357126;1;3;2;2;08; ;2; ; ;1;2; ; ;1; ;12;686,096641144944
3357126;1;4;1; ; ; ; ; ; ; ; ; ; ; ; ;12;686,096641144944
3357127;1;1;1; ; ; ; ; ; ; ; ; ; ; ; ;12;381,891351180844
3357127;1;2;1; ; ; ; ; ; ; ; ; ; ; ; ;12;381,891351180844
3357127;1;3;2;2;08; ;2; ; ;1;2; ; ;1; ;12;381,891351180844
3357128;1;1;1; ; ; ; ; ; ; ; ; ; ; ; ;12;505,521328208831
3357128;1;2;1; ; ; ; ; ; ; ; ; ; ; ; ;12;505,521328208831
3357129;1;1;2;1; ; ;2; ; ;1;2; ; ;1; ;12;674,091392318848
3357129;1;2;2;2;08; ;2; ; ;1;2; ; ;1; ;12;674,091392318848
3357129;1;3;1; ; ; ; ; ; ; ; ; ; ; ; ;12;674,091392318848
3357129;1;4;1; ; ; ; ; ; ; ; ; ; ; ; ;12;674,091392318848
3357130;1;1;2;2;08; ;2; ; ;1;2; ; ;1; ;12;684,095832952859
3357130;1;2;2;2;13; ;2; ; ;1;2; ; ;1; ;12;684,095832952859
3357130;1;3;1; ; ; ; ; ; ; ; ; ; ; ; ;12;684,095832952859
3357130;1;4;1; ; ; ; ; ; ; ; ; ; ; ; ;12;684,095832952859
3357130;1;5;1; ; ; ; ; ; ; ; ; ; ; ; ;12;684,095832952859
3357130;1;6;1; ; ; ; ; ; ; ; ; ; ; ; ;12;684,095832952859
3357131;1;1;2;2;08; ;2; ; ;1;2; ; ;1; ;12;682,642318689689
3357131;1;2;1; ; ; ; ; ; ; ; ; ; ; ; ;12;682,642318689689
3357131;1;3;1; ; ; ; ; ; ; ; ; ; ; ; ;12;682,642318689689
3357131;1;4;1; ; ; ; ; ; ; ; ; ; ; ; ;12;682,642318689689
3357131;1;5;1; ; ; ; ; ; ; ; ; ; ; ; ;12;682,642318689689
3357133;1;1;2;2;08; ;2; ; ;1;2; ; ;1; ;12;725,794562281173
3357133;1;2;2;2;08; ;2; ; ;1;2; ; ;1; ;12;725,794562281173
3357134;1;1;2;2;08; ;2; ; ;1;2; ; ;1; ;12;627,083859459027
3357134;1;2;2;2;08; ;2; ; ;1;2; ; ;1; ;12;627,083859459027
3357135;1;1;2;2;08; ;2; ; ;1;2; ; ;1; ;12;601,078860562314
3357135;1;2;2;2;08; ;2; ; ;1;2; ; ;1; ;12;601,078860562314
3357135;1;3;2;2;08; ;2; ; ;1;2; ; ;1; ;12;601,078860562314
3357135;1;4;1; ; ; ; ; ; ; ; ; ; ; ; ;12;601,078860562314
3357135;1;5;1; ; ; ; ; ; ; ; ; ; ; ; ;12;601,078860562314
3357135;1;6;1; ; ; ; ; ; ; ; ; ; ; ; ;12;601,078860562314
3357136;1;1;2;2;08; ;2; ; ;1;2; ; ;1; ;12;686,096641144944
3357136;1;2;2;2;05; ;2; ; ;1;2; ; ;1; ;12;686,096641144944
3357136;1;3;1; ; ; ; ; ; ; ; ; ; ; ; ;12;686,096641144944
3357136;1;4;1; ; ; ; ; ; ; ; ; ; ; ; ;12;686,096641144944
3357137;1;1;1; ; ; ; ; ; ; ; ; ; ; ; ;12;674,091392318848
3357137;1;2;1; ; ; ; ; ; ; ; ; ; ; ; ;12;674,091392318848
3357137;1;3;1; ; ; ; ; ; ; ; ; ; ; ; ;12;674,091392318848
3357137;1;4;1; ; ; ; ; ; ; ; ; ; ; ; ;12;674,091392318848
3357138;1;1;2;2;47; ;2; ; ;1;2; ; ;1; ;12;793,506388587542
3357138;1;2;2;2;47; ;3;08; ;1;2; ; ;1; ;12;793,506388587542
3357138;1;3;2;2;47; ;3;08; ;1;2; ; ;1; ;12;793,506388587542
3357139;1;1;2;2;47; ;2; ; ;1;2; ; ;1; ;12;495,829301031437
3357139;1;2;1; ; ; ; ; ; ; ; ; ; ; ; ;12;495,829301031437
3357140;1;1;1; ; ; ; ; ; ; ; ; ; ; ; ;12;556,632482427294
3357140;1;2;2;2;13; ;2; ; ;1;2; ; ;1; ;12;556,632482427294
3357140;1;3;1; ; ; ; ; ; ; ; ; ; ; ; ;12;556,632482427294
3357140;1;4;1; ; ; ; ; ; ; ; ; ; ; ; ;12;556,632482427294
3357140;1;5;1; ; ; ; ; ; ; ; ; ; ; ; ;12;556,632482427294
3357141;1;1;2;2;08; ;3;08; ;1;2; ; ;1; ;12;618,384814838575
3357141;1;2;2;2;08; ;3;08; ;1;2; ; ;1; ;12;618,384814838575
3357141;1;3;2;2;08; ;2; ; ;1;2; ; ;1; ;12;618,384814838575
3357142;1;1;1; ; ; ; ; ; ; ; ; ; ; ; ;12;674,091392318848
3357142;1;2;2;2;13; ;2; ; ;1;2; ; ;1; ;12;674,091392318848
3357142;1;3;1; ; ; ; ; ; ; ; ; ; ; ; ;12;674,091392318848
3357142;1;4;1; ; ; ; ; ; ; ; ; ; ; ; ;12;674,091392318848
3357143;1;1;2;2;20; ;2; ; ;1;2; ; ;1; ;12;689,679583440304
3357143;1;2;2;2;20; ;2; ; ;1;2; ; ;1; ;12;689,679583440304
3357143;1;3;1; ; ; ; ; ; ; ; ; ; ; ; ;12;689,679583440304
3357143;1;4;1; ; ; ; ; ; ; ; ; ; ; ; ;12;689,679583440304
3357143;1;5;1; ; ; ; ; ; ; ; ; ; ; ; ;12;689,679583440304
3357144;1;1;2;2;13; ;2; ; ;1;2; ; ;1; ;12;568,682453068336
3357144;1;2;1; ; ; ; ; ; ; ; ; ; ; ; ;12;568,682453068336
3357144;1;3;1; ; ; ; ; ; ; ; ; ; ; ; ;12;568,682453068336
3357145;1;1;2;2;23; ;3;23; ;1;2; ; ;1; ;12;746,290590121055
3357145;1;2;2;2;23; ;3;70; ;1;2; ; ;1; ;12;746,290590121055
3357145;1;3;1; ; ; ; ; ; ; ; ; ; ; ; ;12;746,290590121055
3357146;1;1;1; ; ; ; ; ; ; ; ; ; ; ; ;12;552,356684172801
3357146;1;2;1; ; ; ; ; ; ; ; ; ; ; ; ;12;552,356684172801
3357146;1;3;1; ; ; ; ; ; ; ; ; ; ; ; ;12;552,356684172801
3357146;1;4;1; ; ; ; ; ; ; ; ; ; ; ; ;12;552,356684172801
3357147;1;1;2;2;08; ;2; ; ;1;2; ; ;1; ;12;552,462223482947
3357147;1;2;2;2;08; ;2; ; ;1;2; ; ;1; ;12;552,462223482947
3357147;1;3;2;2;47; ;2; ; ;1;2; ; ;1; ;12;552,462223482947
3357148;1;1;2;2;70; ;2; ; ;1;2; ; ;1; ;12;495,829301031437
3357148;1;2;2;2;70; ;2; ; ;1;2; ; ;1; ;12;495,829301031437
3357149;1;1;1; ; ; ; ; ; ; ; ; ; ; ; ;12;809,547689876125
3357149;1;2;2;2;08; ;2; ; ;1;2; ; ;1; ;12;809,547689876125
3357149;1;3;1; ; ; ; ; ; ; ; ; ; ; ; ;12;809,547689876125
3357149;1;4;1; ; ; ; ; ; ; ; ; ; ; ; ;12;809,547689876125
3357149;1;5;2;2;11; ;2; ; ;1;2; ; ;1; ;12;809,547689876125
3357149;1;6;2;2;08; ;1; ; ; ;2; ; ;1; ;12;809,547689876125
3357150;1;1;1; ; ; ; ; ; ; ; ; ; ; ; ;12;655,109026099191
3357150;1;2;2;2;08; ;2; ; ;1;2; ; ;1; ;12;655,109026099191
3357150;1;3;2;2;08; ;2; ; ;1;2; ; ;1; ;12;655,109026099191
3357150;1;4;1; ; ; ; ; ; ; ; ; ; ; ; ;12;655,109026099191
3357151;1;1;2;2;08; ;2; ; ;1;2; ; ;1; ;12;606,379566012479
3357151;1;2;2;2;08; ;3;08; ;1;2; ; ;1; ;12;606,379566012479
3357151;1;3;2;2;20; ;3;20; ;1;2; ; ;1; ;12;606,379566012479
3357152;1;1;2;2;23; ;2; ; ;1;2; ; ;1; ;12;547,186021132412
3357152;1;2;1; ; ; ; ; ; ; ; ; ; ; ; ;12;547,186021132412
3357152;1;3;2;2;63; ;2; ; ;1;2; ; ;1; ;12;547,186021132412
3357153;1;1;2;2;70; ;2; ; ;1;2; ; ;1; ;12;439,805610999673
3357153;1;2;2;2;08; ;2; ; ;1;2; ; ;1; ;12;439,805610999673
3357153;1;3;2;2;08; ;2; ; ;1;2; ; ;1; ;12;439,805610999673
3357153;1;4;1; ; ; ; ; ; ; ; ; ; ; ; ;12;439,805610999673
3357153;1;5;2;2;08; ;2; ; ;1;2; ; ;1; ;12;439,805610999673
3357154;1;1;1; ; ; ; ; ; ; ; ; ; ; ; ;12;664,60020920902
3357154;1;2;1; ; ; ; ; ; ; ; ; ; ; ; ;12;664,60020920902
3357154;1;3;2;2;08; ;2; ; ;1;2; ; ;1; ;12;664,60020920902
3357154;1;4;1; ; ; ; ; ; ; ; ; ; ; ; ;12;664,60020920902
3357155;1;1;1; ; ; ; ; ; ; ; ; ; ; ; ;12;638,976817574022
3357155;1;2;1; ; ; ; ; ; ; ; ; ; ; ; ;12;638,976817574022
3357155;1;3;1; ; ; ; ; ; ; ; ; ; ; ; ;12;638,976817574022
3357155;1;4;2;2;47; ;2; ; ;1;2; ; ;1; ;12;638,976817574022
3357155;1;5;1; ; ; ; ; ; ; ; ; ; ; ; ;12;638,976817574022
3357155;1;6;1; ; ; ; ; ; ; ; ; ; ; ; ;12;638,976817574022
3357156;1;1;2;2;47; ;2; ; ;1;2; ; ;1; ;12;631,939552823407
3357156;1;2;2;2;20; ;2; ; ;1;2; ; ;1; ;12;631,939552823407
3357156;1;3;1; ; ; ; ; ; ; ; ; ; ; ; ;12;631,939552823407
3357156;1;4;2;2;20; ;2; ; ;1;2; ; ;1; ;12;631,939552823407
3357156;1;5;2;2;20; ;2; ; ;1;3;20; ;1; ;12;631,939552823407
3357156;1;6;1; ; ; ; ; ; ; ; ; ; ; ; ;12;631,939552823407
3357157;1;1;1; ; ; ; ; ; ; ; ; ; ; ; ;12;693,13390589556
3357157;1;2;2;2;08; ;2; ; ;1;2; ; ;1; ;12;693,13390589556
3357157;1;3;1; ; ; ; ; ; ; ; ; ; ; ; ;12;693,13390589556
3357157;1;4;1; ; ; ; ; ; ; ; ; ; ; ; ;12;693,13390589556
3357158;1;1;2;2;05; ;2; ; ;1;2; ; ;1; ;12;715,302975075301
3357158;1;2;2;2;08; ;2; ; ;1;2; ; ;1; ;12;715,302975075301
3357158;1;3;2;2;08; ;1; ; ; ;2; ; ;1; ;12;715,302975075301
3357159;1;1;2;2;54; ;2; ; ;1;2; ; ;1; ;12;729,248884736429
3357160;1;1;2;2;47; ;2; ; ;1;2; ; ;1; ;12;537,694838022583
3357160;1;2;1; ; ; ; ; ; ; ; ; ; ; ; ;12;537,694838022583
3357160;1;3;1; ; ; ; ; ; ; ; ; ; ; ; ;12;537,694838022583
3357161;1;1;2;2;47; ;2; ; ;1;2; ; ;1; ;12;551,282220951953
3357161;1;2;2;2;08; ;2; ; ;1;2; ; ;1; ;12;551,282220951953
3357161;1;3;1; ; ; ; ; ; ; ; ; ; ; ; ;12;551,282220951953
3357161;1;4;1; ; ; ; ; ; ; ; ; ; ; ; ;12;551,282220951953
3357161;1;5;1; ; ; ; ; ; ; ; ; ; ; ; ;12;551,282220951953
3357161;1;6;2;2;47; ;3;47; ;1;2; ; ;1; ;12;551,282220951953
3357162;1;1;2;2;44; ;2; ; ;1;2; ; ;1; ;12;586,396795696779
3357162;1;2;1; ; ; ; ; ; ; ; ; ; ; ; ;12;586,396795696779
3357162;1;3;1; ; ; ; ; ; ; ; ; ; ; ; ;12;586,396795696779
3357162;1;4;1; ; ; ; ; ; ; ; ; ; ; ; ;12;586,396795696779
3357164;1;1;2;2;70; ;2; ; ;1;2; ; ;1; ;12;676,092200510934
3357164;1;2;2;2;20; ;2; ; ;1;2; ; ;1; ;12;676,092200510934
3357165;1;1;2;2;70; ;2; ; ;1;2; ; ;1; ;12;718,757297530557
3357165;1;2;1; ; ; ; ; ; ; ; ; ; ; ; ;12;718,757297530557
3357166;1;1;2;2;13; ;2; ; ;1;2; ; ;1; ;12;729,248884736429
3357167;1;1;1; ; ; ; ; ; ; ; ; ; ; ; ;12;619,459278059424
3357168;1;1;2;2;13; ;2; ; ;1;2; ; ;1; ;12;786,59774367703
3357168;1;2;1; ; ; ; ; ; ; ; ; ; ; ; ;12;786,59774367703
3357168;1;3;1; ; ; ; ; ; ; ; ; ; ; ; ;12;786,59774367703
3357168;1;4;1; ; ; ; ; ; ; ; ; ; ; ; ;12;786,59774367703
3357168;1;5;1; ; ; ; ; ; ; ; ; ; ; ; ;12;786,59774367703
3357169;1;1;2;1; ; ;2; ; ;1;3;23; ;1; ;12;538,51631382182
3357169;1;2;1; ; ; ; ; ; ; ; ; ; ; ; ;12;538,51631382182
3357169;1;3;1; ; ; ; ; ; ; ; ; ; ; ; ;12;538,51631382182
3357169;1;4;1; ; ; ; ; ; ; ; ; ; ; ; ;12;538,51631382182
3357169;1;5;2;2;08; ;2; ; ;1;2; ; ;1; ;12;538,51631382182
3357170;1;1;1; ; ; ; ; ; ; ; ; ; ; ; ;12;619,459278059424
3357171;1;1;2;2;47; ;2; ; ;1;2; ; ;1; ;12;455,544063246221
3357171;1;2;1; ; ; ; ; ; ; ; ; ; ; ; ;12;455,544063246221
3357171;1;3;2;2;47; ;2; ; ;1;2; ; ;1; ;12;455,544063246221
3357172;1;1;1; ; ; ; ; ; ; ; ; ; ; ; ;12;434,656863730043
3357172;1;2;2;2;70; ;2; ; ;1;2; ; ;1; ;12;434,656863730043
3357172;1;3;1; ; ; ; ; ; ; ; ; ; ; ; ;12;434,656863730043
3357172;1;4;2;2;70; ;2; ; ;1;2; ; ;1; ;12;434,656863730043
3357172;1;5;2;2;70; ;3;70; ;1;2; ; ;1; ;12;434,656863730043
3357172;1;6;2;2;11; ;2; ; ;1;3;70; ;1; ;12;434,656863730043
3357172;1;7;2;2;70; ;2; ; ;1;2; ; ;1; ;12;434,656863730043
3357173;1;1;2;2;08; ;2; ; ;1;2; ; ;1; ;12;442,672616805942
3357173;1;2;2;2;08; ;2; ; ;1;2; ; ;1; ;12;442,672616805942
3357173;1;3;2;2;08; ;2; ; ;1;2; ; ;1; ;12;442,672616805942
3357174;1;1;2;1; ; ;3;11; ;1;3;11; ;1; ;12;503,45388243104
3357174;1;2;2;1; ; ;3;11; ;1;3;11; ;1; ;12;503,45388243104
3357174;1;3;1; ; ; ; ; ; ; ; ; ; ; ; ;12;503,45388243104
3357175;1;1;2;2;08; ;2; ; ;1;2; ; ;1; ;12;672,637878055678
3357175;1;2;2;2;47; ;2; ; ;1;2; ; ;1; ;12;672,637878055678
3357175;1;3;1; ; ; ; ; ; ; ; ; ; ; ; ;12;672,637878055678
3357176;1;1;2;2;08; ;2; ; ;1;2; ; ;1; ;12;693,13390589556
3357176;1;2;2;2;54; ;2; ; ;1;2; ; ;1; ;12;693,13390589556
3357176;1;3;1; ; ; ; ; ; ; ; ; ; ; ; ;12;693,13390589556
3357176;1;4;1; ; ; ; ; ; ; ; ; ; ; ; ;12;693,13390589556
3357177;1;1;2;2;08; ;3;08; ;1;2; ; ;1; ;12;714,302570979259
3357177;1;2;2;2;08; ;3;08; ;1;3;08; ;1; ;12;714,302570979259
3357177;1;3;2;2;08; ;1; ; ; ;3;08; ;1; ;12;714,302570979259
3357177;1;4;2;2;08; ;3;08; ;1;2; ; ;1; ;12;714,302570979259
3357178;1;1;2;2;68; ;2; ; ;1;2; ; ;1; ;12;750,460849065402
3357178;1;2;1; ; ; ; ; ; ; ; ; ; ; ; ;12;750,460849065402
3357178;1;3;1; ; ; ; ; ; ; ; ; ; ; ; ;12;750,460849065402
3357178;1;4;1; ; ; ; ; ; ; ; ; ; ; ; ;12;750,460849065402
3357178;1;5;2;2;47; ;2; ; ;1;2; ; ;1; ;12;750,460849065402
3357179;1;1;2;2;47; ;2; ; ;1;2; ; ;1; ;12;558,678012434326
3357180;1;1;1; ; ; ; ; ; ; ; ; ; ; ; ;12;566,502716579445
3357180;1;2;1; ; ; ; ; ; ; ; ; ; ; ; ;12;566,502716579445
3357180;1;3;1; ; ; ; ; ; ; ; ; ; ; ; ;12;566,502716579445
3357180;1;4;1; ; ; ; ; ; ; ; ; ; ; ; ;12;566,502716579445
3357180;1;5;1; ; ; ; ; ; ; ; ; ; ; ; ;12;566,502716579445
3357180;1;6;1; ; ; ; ; ; ; ; ; ; ; ; ;12;566,502716579445
3357180;1;7;1; ; ; ; ; ; ; ; ; ; ; ; ;12;566,502716579445
3357180;1;8;1; ; ; ; ; ; ; ; ; ; ; ; ;12;566,502716579445
3357181;1;1;1; ; ; ; ; ; ; ; ; ; ; ; ;12;558,678012434326
3357182;1;1;2;2;70; ;2; ; ;1;2; ; ;1; ;12;696,588228350816
3357182;1;2;2;2;08; ;3;08; ;1;2; ; ;1; ;12;696,588228350816
3357182;1;3;1; ; ; ; ; ; ; ; ; ; ; ; ;12;696,588228350816
3357183;1;1;2;2;13; ;2; ; ;1;2; ; ;1; ;12;674,091392318848
3357183;1;2;1; ; ; ; ; ; ; ; ; ; ; ; ;12;674,091392318848
3357183;1;3;2;2;08; ;2; ; ;1;2; ; ;1; ;12;674,091392318848
3357183;1;4;1; ; ; ; ; ; ; ; ; ; ; ; ;12;674,091392318848
3357185;1;1;2;2;13; ;2; ; ;1;2; ; ;1; ;12;487,204315535791
3357185;1;2;2;2;08; ;2; ; ;1;2; ; ;1; ;12;487,204315535791
3357186;1;1;2;2;08; ;2; ; ;1;2; ; ;1; ;12;553,222881786984
3357186;1;2;2;2;08; ;2; ; ;1;2; ; ;1; ;12;553,222881786984
3357186;1;3;2;2;08; ;2; ; ;1;2; ; ;1; ;12;553,222881786984
3357186;1;4;2;2;08; ;2; ; ;1;2; ; ;1; ;12;553,222881786984
3357187;1;1;2;2;08; ;2; ; ;1;2; ; ;1; ;12;640,162712342021
3357187;1;2;1; ; ; ; ; ; ; ; ; ; ; ; ;12;640,162712342021
3357187;1;3;1; ; ; ; ; ; ; ; ; ; ; ; ;12;640,162712342021
3357187;1;4;1; ; ; ; ; ; ; ; ; ; ; ; ;12;640,162712342021
3357187;1;5;2;2;08; ;2; ; ;1;2; ; ;1; ;12;640,162712342021
3357187;1;6;2;2;08; ;2; ; ;1;2; ; ;1; ;12;640,162712342021
3357187;1;7;1; ; ; ; ; ; ; ; ; ; ; ; ;12;640,162712342021
3357188;1;1;2;2;70; ;2; ; ;1;2; ; ;1; ;12;664,728829049124
3357188;1;2;2;2;08; ;2; ; ;1;2; ; ;1; ;12;664,728829049124
3357188;1;3;2;2;08; ;2; ; ;1;2; ; ;1; ;12;664,728829049124
3357188;1;4;1; ; ; ; ; ; ; ; ; ; ; ; ;12;664,728829049124
3357188;1;5;1; ; ; ; ; ; ; ; ; ; ; ; ;12;664,728829049124
3357188;1;6;1; ; ; ; ; ; ; ; ; ; ; ; ;12;664,728829049124
3357189;1;1;2;2;70; ;2; ; ;1;2; ; ;1; ;12;729,248884736429
3357190;1;1;2;2;68; ;2; ; ;1;2; ; ;1; ;12;665,600613305062
3357190;1;2;2;2;68; ;2; ; ;1;2; ; ;1; ;12;665,600613305062
3357190;1;3;1; ; ; ; ; ; ; ; ; ; ; ; ;12;665,600613305062
3357191;1;1;1; ; ; ; ; ; ; ; ; ; ; ; ;12;682,642318689689
3357191;1;2;1; ; ; ; ; ; ; ; ; ; ; ; ;12;682,642318689689
3357191;1;3;1; ; ; ; ; ; ; ; ; ; ; ; ;12;682,642318689689
3357191;1;4;1; ; ; ; ; ; ; ; ; ; ; ; ;12;682,642318689689
3357191;1;5;1; ; ; ; ; ; ; ; ; ; ; ; ;12;682,642318689689
3357192;1;1;1; ; ; ; ; ; ; ; ; ; ; ; ;12;661,145886753764
3357192;1;2;1; ; ; ; ; ; ; ; ; ; ; ; ;12;661,145886753764
3357192;1;3;1; ; ; ; ; ; ; ; ; ; ; ; ;12;661,145886753764
3357192;1;4;1; ; ; ; ; ; ; ; ; ; ; ; ;12;661,145886753764
3357192;1;5;1; ; ; ; ; ; ; ; ; ; ; ; ;12;661,145886753764
3357193;1;1;1; ; ; ; ; ; ; ; ; ; ; ; ;12;548,007496931648
3357193;1;2;2;2;23; ;2; ; ;1;2; ; ;1; ;12;548,007496931648
3357193;1;3;1; ; ; ; ; ; ; ; ; ; ; ; ;12;548,007496931648
3357193;1;4;1; ; ; ; ; ; ; ; ; ; ; ; ;12;548,007496931648
3357193;1;5;1; ; ; ; ; ; ; ; ; ; ; ; ;12;548,007496931648
3357194;1;1;2;2;08; ;2; ; ;1;2; ; ;1; ;12;530,478644975161
3357194;1;2;1; ; ; ; ; ; ; ; ; ; ; ; ;12;530,478644975161
3357194;1;3;1; ; ; ; ; ; ; ; ; ; ; ; ;12;530,478644975161
3357194;1;4;1; ; ; ; ; ; ; ; ; ; ; ; ;12;530,478644975161
3357194;1;5;1; ; ; ; ; ; ; ; ; ; ; ; ;12;530,478644975161
3357194;1;6;1; ; ; ; ; ; ; ; ; ; ; ; ;12;530,478644975161
3357195;1;1;1; ; ; ; ; ; ; ; ; ; ; ; ;12;696,588228350816
3357195;1;2;1; ; ; ; ; ; ; ; ; ; ; ; ;12;696,588228350816
3357195;1;3;1; ; ; ; ; ; ; ; ; ; ; ; ;12;696,588228350816
3357196;1;1;2;2;19; ;2; ; ;1;2; ; ;1; ;12;528,612043264935
3357196;1;2;2;2;19; ;2; ; ;1;2; ; ;1; ;12;528,612043264935
3357196;1;3;1; ; ; ; ; ; ; ; ; ; ; ; ;12;528,612043264935
3357196;1;4;1; ; ; ; ; ; ; ; ; ; ; ; ;12;528,612043264935
3357196;1;5;1; ; ; ; ; ; ; ; ; ; ; ; ;12;528,612043264935
3357196;1;6;1; ; ; ; ; ; ; ; ; ; ; ; ;12;528,612043264935
3357196;1;7;1; ; ; ; ; ; ; ; ; ; ; ; ;12;528,612043264935
3357197;1;1;2;2;23; ;2; ; ;1;2; ; ;1; ;12;620,934708093353
3357197;1;2;2;2;47; ;2; ; ;1;2; ; ;1; ;12;620,934708093353
3357197;1;3;1; ; ; ; ; ; ; ; ; ; ; ; ;12;620,934708093353
3357197;1;4;1; ; ; ; ; ; ; ; ; ; ; ; ;12;620,934708093353
3357197;1;5;1; ; ; ; ; ; ; ; ; ; ; ; ;12;620,934708093353
3357198;1;1;1; ; ; ; ; ; ; ; ; ; ; ; ;12;586,82053744457
3357198;1;2;1; ; ; ; ; ; ; ; ; ; ; ; ;12;586,82053744457
3357198;1;3;1; ; ; ; ; ; ; ; ; ; ; ; ;12;586,82053744457
3357198;2;1;1; ; ; ; ; ; ; ; ; ; ; ; ;12;586,82053744457
3357198;2;2;1; ; ; ; ; ; ; ; ; ; ; ; ;12;586,82053744457
3357198;2;3;1; ; ; ; ; ; ; ; ; ; ; ; ;12;586,82053744457
3357199;1;1;1; ; ; ; ; ; ; ; ; ; ; ; ;12;488,204719631834
3357200;1;1;1; ; ; ; ; ; ; ; ; ; ; ; ;12;665,729233145166
3357200;1;2;2;2;13; ;2; ; ;1;2; ; ;1; ;12;665,729233145166
3357200;1;3;1; ; ; ; ; ; ; ; ; ; ; ; ;12;665,729233145166
3357200;1;4;1; ; ; ; ; ; ; ; ; ; ; ; ;12;665,729233145166
3357200;1;5;1; ; ; ; ; ; ; ; ; ; ; ; ;12;665,729233145166
3357201;1;1;2;2;05; ;2; ; ;1;2; ; ;1; ;12;305,91734832991
3357201;1;2;2;2;05; ;2; ; ;1;2; ; ;1; ;12;305,91734832991
3357201;1;3;2;2;05; ;2; ; ;1;2; ; ;1; ;12;305,91734832991
3357202;1;1;1; ; ; ; ; ; ; ; ; ; ; ; ;12;504,520924112788
3357202;1;2;1; ; ; ; ; ; ; ; ; ; ; ; ;12;504,520924112788
3357202;1;3;1; ; ; ; ; ; ; ; ; ; ; ; ;12;504,520924112788
3357204;1;1;2;2;08; ;2; ; ;1;2; ; ;1; ;12;675,091796414891
3357204;1;2;1; ; ; ; ; ; ; ; ; ; ; ; ;12;675,091796414891
3357204;1;3;1; ; ; ; ; ; ; ; ; ; ; ; ;12;675,091796414891
3357205;1;1;1; ; ; ; ; ; ; ; ; ; ; ; ;12;555,22368997907
3357205;1;2;1; ; ; ; ; ; ; ; ; ; ; ; ;12;555,22368997907
3357206;1;1;1; ; ; ; ; ; ; ; ; ; ; ; ;12;665,600613305062
3357206;1;2;1; ; ; ; ; ; ; ; ; ; ; ; ;12;665,600613305062
3357206;1;3;1; ; ; ; ; ; ; ; ; ; ; ; ;12;665,600613305062
3357207;1;1;1; ; ; ; ; ; ; ; ; ; ; ; ;12;442,672616805942
3357207;1;2;1; ; ; ; ; ; ; ; ; ; ; ; ;12;442,672616805942
3357207;1;3;1; ; ; ; ; ; ; ; ; ; ; ; ;12;442,672616805942
3357208;1;1;1; ; ; ; ; ; ; ; ; ; ; ; ;12;549,007901027691
3357208;1;2;1; ; ; ; ; ; ; ; ; ; ; ; ;12;549,007901027691
3357208;1;3;1; ; ; ; ; ; ; ; ; ; ; ; ;12;549,007901027691
3357208;1;4;1; ; ; ; ; ; ; ; ; ; ; ; ;12;549,007901027691
3357209;1;1;2;2;47; ;2; ; ;1;2; ; ;1; ;12;594,445118844173
3357209;1;2;2;2;47; ;2; ; ;1;2; ; ;1; ;12;594,445118844173
3357209;1;3;2;2;47; ;2; ; ;1;2; ; ;1; ;12;594,445118844173
3357209;1;4;1; ; ; ; ; ; ; ; ; ; ; ; ;12;594,445118844173
3357209;1;5;1; ; ; ; ; ; ; ; ; ; ; ; ;12;594,445118844173
3357209;1;6;1; ; ; ; ; ; ; ; ; ; ; ; ;12;594,445118844173
3357209;1;7;1; ; ; ; ; ; ; ; ; ; ; ; ;12;594,445118844173
3357210;1;1;1; ; ; ; ; ; ; ; ; ; ; ; ;12;695,587824254773
3357210;1;2;1; ; ; ; ; ; ; ; ; ; ; ; ;12;695,587824254773
3357210;1;3;1; ; ; ; ; ; ; ; ; ; ; ; ;12;695,587824254773
3357210;1;4;1; ; ; ; ; ; ; ; ; ; ; ; ;12;695,587824254773
3357211;1;1;1; ; ; ; ; ; ; ; ; ; ; ; ;12;371,198919907407
3357211;1;2;1; ; ; ; ; ; ; ; ; ; ; ; ;12;371,198919907407
3357211;1;3;1; ; ; ; ; ; ; ; ; ; ; ; ;12;371,198919907407
3357211;1;4;1; ; ; ; ; ; ; ; ; ; ; ; ;12;371,198919907407
3357212;1;1;1; ; ; ; ; ; ; ; ; ; ; ; ;12;676,092200510934
3357212;1;2;1; ; ; ; ; ; ; ; ; ; ; ; ;12;676,092200510934
3357213;1;1;1; ; ; ; ; ; ; ; ; ; ; ; ;12;833,040230909261
3357213;1;2;1; ; ; ; ; ; ; ; ; ; ; ; ;12;833,040230909261
3357213;1;3;1; ; ; ; ; ; ; ; ; ; ; ; ;12;833,040230909261
3357213;1;4;1; ; ; ; ; ; ; ; ; ; ; ; ;12;833,040230909261
3357213;2;1;1; ; ; ; ; ; ; ; ; ; ; ; ;12;833,040230909261
3357213;2;2;1; ; ; ; ; ; ; ; ; ; ; ; ;12;833,040230909261
3357213;2;3;1; ; ; ; ; ; ; ; ; ; ; ; ;12;833,040230909261
3357213;2;4;1; ; ; ; ; ; ; ; ; ; ; ; ;12;833,040230909261
3357213;2;5;1; ; ; ; ; ; ; ; ; ; ; ; ;12;833,040230909261
3357213;2;6;1; ; ; ; ; ; ; ; ; ; ; ; ;12;833,040230909261
3357214;1;1;1; ; ; ; ; ; ; ; ; ; ; ; ;12;799,152077565819
3357214;1;2;1; ; ; ; ; ; ; ; ; ; ; ; ;12;799,152077565819
3357214;1;3;1; ; ; ; ; ; ; ; ; ; ; ; ;12;799,152077565819
3357214;1;4;1; ; ; ; ; ; ; ; ; ; ; ; ;12;799,152077565819
3357214;1;5;1; ; ; ; ; ; ; ; ; ; ; ; ;12;799,152077565819
3357214;2;1;1; ; ; ; ; ; ; ; ; ; ; ; ;12;799,152077565819
3357214;2;2;1; ; ; ; ; ; ; ; ; ; ; ; ;12;799,152077565819
3357214;3;1;1; ; ; ; ; ; ; ; ; ; ; ; ;12;799,152077565819
3357214;3;2;1; ; ; ; ; ; ; ; ; ; ; ; ;12;799,152077565819
3357215;1;1;1; ; ; ; ; ; ; ; ; ; ; ; ;12;744,85429253377
3357215;1;2;2;2;13; ;2; ; ;1;2; ; ;1; ;12;744,85429253377
3357215;1;3;1; ; ; ; ; ; ; ; ; ; ; ; ;12;744,85429253377
3357215;1;4;1; ; ; ; ; ; ; ; ; ; ; ; ;12;744,85429253377
3357215;1;5;1; ; ; ; ; ; ; ; ; ; ; ; ;12;744,85429253377
3357215;1;6;1; ; ; ; ; ; ; ; ; ; ; ; ;12;744,85429253377
3357215;1;7;1; ; ; ; ; ; ; ; ; ; ; ; ;12;744,85429253377
3357215;1;8;1; ; ; ; ; ; ; ; ; ; ; ; ;12;744,85429253377
3357215;1;9;1; ; ; ; ; ; ; ; ; ; ; ; ;12;744,85429253377
3357215;1;10;1; ; ; ; ; ; ; ; ; ; ; ; ;12;744,85429253377
3357215;1;11;1; ; ; ; ; ; ; ; ; ; ; ; ;12;744,85429253377
3357216;1;1;1; ; ; ; ; ; ; ; ; ; ; ; ;12;495,829301031437
3357216;1;2;2;2;08; ;2; ; ;1;2; ; ;1; ;12;495,829301031437
3357217;1;1;2;2;23; ;2; ; ;1;2; ; ;1; ;12;692,048181204688
3357217;1;2;1; ; ; ; ; ; ; ; ; ; ; ; ;12;692,048181204688
3357217;1;3;1; ; ; ; ; ; ; ; ; ; ; ; ;12;692,048181204688
3357217;1;4;1; ; ; ; ; ; ; ; ; ; ; ; ;12;692,048181204688
3357217;1;5;1; ; ; ; ; ; ; ; ; ; ; ; ;12;692,048181204688
3357217;1;6;1; ; ; ; ; ; ; ; ; ; ; ; ;12;692,048181204688
3357217;1;7;1; ; ; ; ; ; ; ; ; ; ; ; ;12;692,048181204688
3357218;1;1;1; ; ; ; ; ; ; ; ; ; ; ; ;12;495,829301031437
3357218;1;2;1; ; ; ; ; ; ; ; ; ; ; ; ;12;495,829301031437
3357219;1;1;1; ; ; ; ; ; ; ; ; ; ; ; ;12;561,466260020915
3357219;1;2;1; ; ; ; ; ; ; ; ; ; ; ; ;12;561,466260020915
3357219;1;3;1; ; ; ; ; ; ; ; ; ; ; ; ;12;561,466260020915
3357219;1;4;1; ; ; ; ; ; ; ; ; ; ; ; ;12;561,466260020915
3357219;1;5;1; ; ; ; ; ; ; ; ; ; ; ; ;12;561,466260020915
3357219;1;6;2;2;47; ;2; ; ;1;2; ; ;1; ;12;561,466260020915
3357220;1;1;2;2;68; ;2; ; ;1;2; ; ;1; ;12;488,920656120925
3357220;1;2;1; ; ; ; ; ; ; ; ; ; ; ; ;12;488,920656120925
3357220;1;3;1; ; ; ; ; ; ; ; ; ; ; ; ;12;488,920656120925
3357220;1;4;1; ; ; ; ; ; ; ; ; ; ; ; ;12;488,920656120925
3357221;1;1;1; ; ; ; ; ; ; ; ; ; ; ; ;12;625,114531452281
3357221;1;2;1; ; ; ; ; ; ; ; ; ; ; ; ;12;625,114531452281
3357221;1;3;1; ; ; ; ; ; ; ; ; ; ; ; ;12;625,114531452281
3357221;1;4;1; ; ; ; ; ; ; ; ; ; ; ; ;12;625,114531452281
3357222;1;1;2;2;13; ;2; ; ;1;2; ; ;1; ;12;593,454279162711
3357222;1;2;1; ; ; ; ; ; ; ; ; ; ; ; ;12;593,454279162711
3357222;1;3;1; ; ; ; ; ; ; ; ; ; ; ; ;12;593,454279162711
3357222;1;4;1; ; ; ; ; ; ; ; ; ; ; ; ;12;593,454279162711
3357222;1;5;2;2;08; ;2; ; ;1;2; ; ;1; ;12;593,454279162711
3357223;1;1;2;2;20; ;2; ; ;1;2; ; ;1; ;12;696,588228350816
3357223;1;2;1; ; ; ; ; ; ; ; ; ; ; ; ;12;696,588228350816
3357223;1;3;1; ; ; ; ; ; ; ; ; ; ; ; ;12;696,588228350816
3357224;1;1;1; ; ; ; ; ; ; ; ; ; ; ; ;12;760,358585630068
3357224;1;2;1; ; ; ; ; ; ; ; ; ; ; ; ;12;760,358585630068
3357224;1;3;1; ; ; ; ; ; ; ; ; ; ; ; ;12;760,358585630068
3357224;1;4;1; ; ; ; ; ; ; ; ; ; ; ; ;12;760,358585630068
3357224;2;1;2;2;13; ;2; ; ;1;2; ; ;1; ;12;760,358585630068
3357224;2;2;1; ; ; ; ; ; ; ; ; ; ; ; ;12;760,358585630068
3357224;2;3;1; ; ; ; ; ; ; ; ; ; ; ; ;12;760,358585630068
3357224;3;1;2;2;23; ;2; ; ;1;2; ; ;1; ;12;760,358585630068
3357225;1;1;1; ; ; ; ; ; ; ; ; ; ; ; ;12;554,223285883027
3357225;1;2;1; ; ; ; ; ; ; ; ; ; ; ; ;12;554,223285883027
3357225;1;3;1; ; ; ; ; ; ; ; ; ; ; ; ;12;554,223285883027
3357226;1;1;1; ; ; ; ; ; ; ; ; ; ; ; ;12;364,574742603847
3357226;1;2;1; ; ; ; ; ; ; ; ; ; ; ; ;12;364,574742603847
3357227;1;1;1; ; ; ; ; ; ; ; ; ; ; ; ;12;505,521328208831
3357227;1;2;1; ; ; ; ; ; ; ; ; ; ; ; ;12;505,521328208831
3357228;1;1;1; ; ; ; ; ; ; ; ; ; ; ; ;12;552,462223482947
3357228;1;2;1; ; ; ; ; ; ; ; ; ; ; ; ;12;552,462223482947
3357228;1;3;1; ; ; ; ; ; ; ; ; ; ; ; ;12;552,462223482947
3357229;1;1;2;2;08; ;2; ; ;1;2; ; ;1; ;12;401,386974924683
3357229;1;2;2;2;08; ;2; ; ;1;2; ; ;1; ;12;401,386974924683
3357229;1;3;2;2;20; ;2; ; ;1;2; ; ;1; ;12;401,386974924683
3357229;1;4;1; ; ; ; ; ; ; ; ; ; ; ; ;12;401,386974924683
3357229;1;5;2;2;20; ;2; ; ;1;2; ; ;1; ;12;401,386974924683
3357231;1;1;2;2;47; ;2; ; ;1;2; ; ;1; ;12;549,007901027691
3357231;1;2;1; ; ; ; ; ; ; ; ; ; ; ; ;12;549,007901027691
3357231;1;3;1; ; ; ; ; ; ; ; ; ; ; ; ;12;549,007901027691
3357231;1;4;1; ; ; ; ; ; ; ; ; ; ; ; ;12;549,007901027691
3357232;1;1;1; ; ; ; ; ; ; ; ; ; ; ; ;12;623,985782001906
3357232;1;2;1; ; ; ; ; ; ; ; ; ; ; ; ;12;623,985782001906
3357232;2;1;1; ; ; ; ; ; ; ; ; ; ; ; ;12;623,985782001906
3357232;2;2;2;2;47; ;2; ; ;1;2; ; ;1; ;12;623,985782001906
3357232;2;3;1; ; ; ; ; ; ; ; ; ; ; ; ;12;623,985782001906
3357232;2;4;2;2;47; ;2; ; ;1;2; ; ;1; ;12;623,985782001906
3357232;2;5;1; ; ; ; ; ; ; ; ; ; ; ; ;12;623,985782001906
3357232;3;1;1; ; ; ; ; ; ; ; ; ; ; ; ;12;623,985782001906
3357232;3;2;1; ; ; ; ; ; ; ; ; ; ; ; ;12;623,985782001906
3357232;3;3;1; ; ; ; ; ; ; ; ; ; ; ; ;12;623,985782001906
3357232;3;4;1; ; ; ; ; ; ; ; ; ; ; ; ;12;623,985782001906
3357233;1;1;1; ; ; ; ; ; ; ; ; ; ; ; ;12;866,158696556876
3357233;1;2;1; ; ; ; ; ; ; ; ; ; ; ; ;12;866,158696556876
3357233;1;3;1; ; ; ; ; ; ; ; ; ; ; ; ;12;866,158696556876
3357233;1;4;1; ; ; ; ; ; ; ; ; ; ; ; ;12;866,158696556876
3357234;1;1;1; ; ; ; ; ; ; ; ; ; ; ; ;12;655,109026099191
3357234;1;2;2;2;47; ;2; ; ;1;2; ; ;1; ;12;655,109026099191
3357234;1;3;1; ; ; ; ; ; ; ; ; ; ; ; ;12;655,109026099191
3357234;1;4;1; ; ; ; ; ; ; ; ; ; ; ; ;12;655,109026099191
3357235;1;1;2;2;08; ;2; ; ;1;2; ; ;1; ;12;682,716377814494
3357235;1;2;2;2;13; ;2; ; ;1;2; ; ;1; ;12;682,716377814494
3357235;1;3;1; ; ; ; ; ; ; ; ; ; ; ; ;12;682,716377814494
3357235;1;4;2;2;13; ;2; ; ;1;2; ; ;1; ;12;682,716377814494
3357236;1;1;2;2;13; ;2; ; ;1;2; ; ;1; ;12;613,243489108045
3357236;1;2;1; ; ; ; ; ; ; ; ; ; ; ; ;12;613,243489108045
3357236;1;3;1; ; ; ; ; ; ; ; ; ; ; ; ;12;613,243489108045
3357237;1;1;1; ; ; ; ; ; ; ; ; ; ; ; ;12;573,67418781192
3357237;1;2;1; ; ; ; ; ; ; ; ; ; ; ; ;12;573,67418781192
3357237;1;3;1; ; ; ; ; ; ; ; ; ; ; ; ;12;573,67418781192
3357237;1;4;1; ; ; ; ; ; ; ; ; ; ; ; ;12;573,67418781192
3357237;1;5;1; ; ; ; ; ; ; ; ; ; ; ; ;12;573,67418781192
3357237;1;6;1; ; ; ; ; ; ; ; ; ; ; ; ;12;573,67418781192
3357237;1;7;2;2;47; ;2; ; ;1;2; ; ;1; ;12;573,67418781192
3357238;1;1;1; ; ; ; ; ; ; ; ; ; ; ; ;12;439,218294350686
3357238;1;2;1; ; ; ; ; ; ; ; ; ; ; ; ;12;439,218294350686
3357238;1;3;1; ; ; ; ; ; ; ; ; ; ; ; ;12;439,218294350686
3357238;1;4;1; ; ; ; ; ; ; ; ; ; ; ; ;12;439,218294350686
3357239;1;1;2;2;52; ;2; ; ;1;2; ; ;1; ;12;1224,05223174661
3357239;1;2;2;2;52; ;2; ; ;1;2; ; ;1; ;12;1224,05223174661
3357239;1;3;1; ; ; ; ; ; ; ; ; ; ; ; ;12;1224,05223174661
3357240;1;1;2;2;19; ;2; ; ;1;2; ; ;1; ;12;883,165729025546
3357240;1;2;2;2;19; ;2; ; ;1;2; ; ;1; ;12;883,165729025546
3357241;1;1;2;2;19; ;2; ; ;1;2; ; ;1; ;12;1003,33935632531
3357241;1;2;2;2;19; ;2; ; ;1;2; ; ;1; ;12;1003,33935632531
3357241;1;3;1; ; ; ; ; ; ; ; ; ; ; ; ;12;1003,33935632531
3357242;1;1;1; ; ; ; ; ; ; ; ; ; ; ; ;12;1180,65666017207
3357242;1;2;1; ; ; ; ; ; ; ; ; ; ; ; ;12;1180,65666017207
3357243;1;1;2;2;19; ;2; ; ;1;2; ; ;1; ;12;976,502900171503
3357243;1;2;1; ; ; ; ; ; ; ; ; ; ; ; ;12;976,502900171503
3357243;1;3;1; ; ; ; ; ; ; ; ; ; ; ; ;12;976,502900171503
3357243;1;4;1; ; ; ; ; ; ; ; ; ; ; ; ;12;976,502900171503
3357244;1;1;1; ; ; ; ; ; ; ; ; ; ; ; ;12;1015,63310534541
3357244;1;2;1; ; ; ; ; ; ; ; ; ; ; ; ;12;1015,63310534541
3357244;1;3;2;1; ; ;2; ; ;1;4; ;4; ;4;12;1015,63310534541
3357244;1;4;1; ; ; ; ; ; ; ; ; ; ; ; ;12;1015,63310534541
3357244;1;5;1; ; ; ; ; ; ; ; ; ; ; ; ;12;1015,63310534541
3357245;1;1;2;2;63; ;2; ; ;1;2; ; ;1; ;12;779,132731336544
3357245;1;2;2;2;66; ;2; ; ;1;2; ; ;1; ;12;779,132731336544
3357245;1;3;1; ; ; ; ; ; ; ; ; ; ; ; ;12;779,132731336544
3357246;1;1;2;2;17; ;3;17; ;1;2; ; ;1; ;12;1023,43795388114
3357247;1;1;2;2;54; ;2; ; ;1;2; ; ;1; ;12;1347,08369419711
3357247;1;2;2;2;76; ;2; ; ;1;2; ; ;1; ;12;1347,08369419711
3357247;1;3;1; ; ; ; ; ; ; ; ; ; ; ; ;12;1347,08369419711
3357247;1;4;2;1; ; ;2; ; ;1;2; ; ;1; ;12;1347,08369419711
3357247;1;5;2;2;76; ;2; ; ;1;2; ; ;1; ;12;1347,08369419711
3357247;1;6;1; ; ; ; ; ; ; ; ; ; ; ; ;12;1347,08369419711
3357247;1;7;2;3; ;11;1; ; ; ;4; ;11; ;4;12;1347,08369419711
3357248;1;1;2;2;76; ;2; ; ;1;2; ; ;1; ;12;885,250855208292
3357248;1;2;1; ; ; ; ; ; ; ; ; ; ; ; ;12;885,250855208292
3357248;1;3;1; ; ; ; ; ; ; ; ; ; ; ; ;12;885,250855208292
3357249;1;1;1; ; ; ; ; ; ; ; ; ; ; ; ;12;883,165729025546
3357249;1;2;2;2;76; ;2; ; ;1;2; ; ;1; ;12;883,165729025546
3357250;1;1;2;2;44; ;2; ; ;1;2; ; ;1; ;12;943,961842884527
3357250;1;2;1; ; ; ; ; ; ; ; ; ; ; ; ;12;943,961842884527
3357250;1;3;1; ; ; ; ; ; ; ; ; ; ; ; ;12;943,961842884527
3357251;1;1;1; ; ; ; ; ; ; ; ; ; ; ; ;12;1003,33935632531
3357251;1;2;1; ; ; ; ; ; ; ; ; ; ; ; ;12;1003,33935632531
3357251;1;3;1; ; ; ; ; ; ; ; ; ; ; ; ;12;1003,33935632531
3357252;1;1;2;2;73; ;2; ; ;1;2; ; ;1; ;12;580,149518804711
3357252;1;2;1; ; ; ; ; ; ; ; ; ; ; ; ;12;580,149518804711
3357252;1;3;1; ; ; ; ; ; ; ; ; ; ; ; ;12;580,149518804711
3357252;1;4;1; ; ; ; ; ; ; ; ; ; ; ; ;12;580,149518804711
3357253;1;1;2;2;76; ;2; ; ;1;2; ; ;1; ;12;824,454741349311
3357253;1;2;1; ; ; ; ; ; ; ; ; ; ; ; ;12;824,454741349311
3357254;1;1;2;2;52; ;2; ; ;1;2; ; ;1; ;12;215,755574925586
3357254;1;2;2;2;52; ;2; ; ;1;2; ; ;1; ;12;215,755574925586
3357254;1;3;1; ; ; ; ; ; ; ; ; ; ; ; ;12;215,755574925586
3357255;1;1;1; ; ; ; ; ; ; ; ; ; ; ; ;12;172,804036623004
3357255;1;2;2;1; ; ;2; ; ;1;2; ; ;1; ;12;172,804036623004
3357255;1;3;1; ; ; ; ; ; ; ; ; ; ; ; ;12;172,804036623004
3357255;1;4;1; ; ; ; ; ; ; ; ; ; ; ; ;12;172,804036623004
3357255;1;5;1; ; ; ; ; ; ; ; ; ; ; ; ;12;172,804036623004
3357255;1;6;1; ; ; ; ; ; ; ; ; ; ; ; ;12;172,804036623004
3357255;1;7;2;2;86; ;2; ; ;1;2; ; ;1; ;12;172,804036623004
3357255;1;8;1; ; ; ; ; ; ; ; ; ; ; ; ;12;172,804036623004
3357256;1;1;2;1; ; ;2; ; ;1;2; ; ;1; ;12;228,939955087514
3357256;1;2;1; ; ; ; ; ; ; ; ; ; ; ; ;12;228,939955087514
3357256;1;3;1; ; ; ; ; ; ; ; ; ; ; ; ;12;228,939955087514
3357256;1;4;1; ; ; ; ; ; ; ; ; ; ; ; ;12;228,939955087514
3357257;1;1;1; ; ; ; ; ; ; ; ; ; ; ; ;12;285,158770186757
3357257;1;2;1; ; ; ; ; ; ; ; ; ; ; ; ;12;285,158770186757
3357257;1;3;1; ; ; ; ; ; ; ; ; ; ; ; ;12;285,158770186757
3357257;1;4;1; ; ; ; ; ; ; ; ; ; ; ; ;12;285,158770186757
3357257;1;5;1; ; ; ; ; ; ; ; ; ; ; ; ;12;285,158770186757
3357257;1;6;1; ; ; ; ; ; ; ; ; ; ; ; ;12;285,158770186757
3357257;1;7;1; ; ; ; ; ; ; ; ; ; ; ; ;12;285,158770186757
3357258;1;1;2;2;52; ;3;52; ;2;2; ; ;1; ;12;190,303257416817
3357258;1;2;2;1; ; ;3;76; ;1;2; ; ;1; ;12;190,303257416817
3357258;1;3;2;2;52; ;3;52; ;2;2; ; ;1; ;12;190,303257416817
3357259;1;1;2;1; ; ;2; ; ;1;2; ; ;1; ;12;175,413294067618
3357259;1;2;2;2;76; ;2; ; ;1;2; ; ;1; ;12;175,413294067618
3357259;1;3;1; ; ; ; ; ; ; ; ; ; ; ; ;12;175,413294067618
3357260;1;1;2;2;17; ;2; ; ;1;2; ; ;1; ;12;191,660212819417
3357260;1;2;2;2;76; ;2; ; ;1;2; ; ;1; ;12;191,660212819417
3357261;1;1;1; ; ; ; ; ; ; ; ; ; ; ; ;12;185,160647744077
3357261;1;2;2;2;52; ;2; ; ;1;2; ; ;1; ;12;185,160647744077
3357261;1;3;1; ; ; ; ; ; ; ; ; ; ; ; ;12;185,160647744077
3357262;1;1;2;2;52; ;2; ; ;1;2; ; ;1; ;12;222,186968697715
3357262;1;2;2;2;52; ;2; ; ;1;2; ; ;1; ;12;222,186968697715
3357262;1;3;1; ; ; ; ; ; ; ; ; ; ; ; ;12;222,186968697715
3357262;1;4;1; ; ; ; ; ; ; ; ; ; ; ; ;12;222,186968697715
3357263;1;1;1; ; ; ; ; ; ; ; ; ; ; ; ;12;259,100863277417
3357263;1;2;2;2;18; ;2; ; ;1;2; ; ;1; ;12;259,100863277417
3357263;1;3;1; ; ; ; ; ; ; ; ; ; ; ; ;12;259,100863277417
3357263;1;4;1; ; ; ; ; ; ; ; ; ; ; ; ;12;259,100863277417
3357263;1;5;1; ; ; ; ; ; ; ; ; ; ; ; ;12;259,100863277417
3357263;1;6;1; ; ; ; ; ; ; ; ; ; ; ; ;12;259,100863277417
3357263;1;7;2;2;52; ;2; ; ;1;2; ; ;1; ;12;259,100863277417
3357263;1;8;1; ; ; ; ; ; ; ; ; ; ; ; ;12;259,100863277417
3357264;1;1;2;2;52; ;2; ; ;1;2; ; ;1; ;12;126,82509609443
3357264;1;2;1; ; ; ; ; ; ; ; ; ; ; ; ;12;126,82509609443
3357264;1;3;1; ; ; ; ; ; ; ; ; ; ; ; ;12;126,82509609443
3357264;1;4;1; ; ; ; ; ; ; ; ; ; ; ; ;12;126,82509609443
3357265;1;1;2;2;52; ;2; ; ;1;2; ; ;1; ;12;156,564552862351
3357265;1;2;2;2;52; ;2; ; ;1;2; ; ;1; ;12;156,564552862351
3357266;1;1;2;2;52; ;2; ; ;1;2; ; ;1; ;12;170,619312179549
3357266;1;2;1; ; ; ; ; ; ; ; ; ; ; ; ;12;170,619312179549
3357266;1;3;1; ; ; ; ; ; ; ; ; ; ; ; ;12;170,619312179549
3357267;1;1;1; ; ; ; ; ; ; ; ; ; ; ; ;12;212,214537211955
3357267;1;2;1; ; ; ; ; ; ; ; ; ; ; ; ;12;212,214537211955
3357268;1;1;2;2;52; ;2; ; ;1;2; ; ;1; ;12;128,11388019382
3357268;1;2;2;1; ; ;2; ; ;1;2; ; ;1; ;12;128,11388019382
3357268;1;3;1; ; ; ; ; ; ; ; ; ; ; ; ;12;128,11388019382
3357268;1;4;1; ; ; ; ; ; ; ; ; ; ; ; ;12;128,11388019382
3357268;1;5;2;1; ; ;2; ; ;1;2; ; ;1; ;12;128,11388019382
3357269;1;1;2;2;52; ;2; ; ;1;2; ; ;1; ;12;119,201730549361
3357269;1;2;1; ; ; ; ; ; ; ; ; ; ; ; ;12;119,201730549361
3357269;1;3;1; ; ; ; ; ; ; ; ; ; ; ; ;12;119,201730549361
3357269;1;4;1; ; ; ; ; ; ; ; ; ; ; ; ;12;119,201730549361
3357272;1;1;1; ; ; ; ; ; ; ; ; ; ; ; ;12;234,397216210355
3357272;1;2;1; ; ; ; ; ; ; ; ; ; ; ; ;12;234,397216210355
3357272;1;3;1; ; ; ; ; ; ; ; ; ; ; ; ;12;234,397216210355
3357273;1;1;2;2;52; ;2; ; ;1;2; ; ;1; ;12;158,45538606087
3357273;1;2;2;2;52; ;2; ; ;1;2; ; ;1; ;12;158,45538606087
3357273;1;3;2;2;52; ;2; ; ;1;2; ; ;1; ;12;158,45538606087
3357273;1;4;1; ; ; ; ; ; ; ; ; ; ; ; ;12;158,45538606087
3357274;1;1;2;1; ; ;4; ;4; ;2; ; ;1; ;12;259,791843884923
3357274;1;2;2;3; ;4;4; ;4; ;2; ; ;1; ;12;259,791843884923
3357274;1;3;2;3; ;4;4; ;4; ;2; ; ;1; ;12;259,791843884923
3357275;1;1;2;2;68; ;2; ; ;1;2; ; ;1; ;12;157,893806892217
3357275;1;2;2;2;52; ;2; ; ;1;2; ; ;1; ;12;157,893806892217
3357275;1;3;2;2;52; ;2; ; ;1;2; ; ;1; ;12;157,893806892217
3357275;1;4;2;2;52; ;2; ; ;1;2; ; ;1; ;12;157,893806892217
3357275;1;5;2;2;52; ;2; ; ;1;3;08; ;1; ;12;157,893806892217
3357276;1;1;1; ; ; ; ; ; ; ; ; ; ; ; ;12;215,755574925586
3357276;1;2;1; ; ; ; ; ; ; ; ; ; ; ; ;12;215,755574925586
3357276;1;3;1; ; ; ; ; ; ; ; ; ; ; ; ;12;215,755574925586
3357277;1;1;2;2;52; ;2; ; ;1;2; ; ;1; ;12;198,345027906005
3357277;1;2;2;2;52; ;2; ; ;1;2; ; ;1; ;12;198,345027906005
3357277;1;3;2;2;52; ;2; ; ;1;2; ; ;1; ;12;198,345027906005
3357277;1;4;1; ; ; ; ; ; ; ; ; ; ; ; ;12;198,345027906005
3357278;1;1;2;2;52; ;2; ; ;1;2; ; ;1; ;12;208,441009367135
3357278;1;2;2;1; ; ;2; ; ;1;2; ; ;1; ;12;208,441009367135
3357278;1;3;2;1; ; ;2; ; ;1;2; ; ;1; ;12;208,441009367135
3357278;1;4;1; ; ; ; ; ; ; ; ; ; ; ; ;12;208,441009367135
3357279;1;1;1; ; ; ; ; ; ; ; ; ; ; ; ;12;234,397216210355
3357279;1;2;1; ; ; ; ; ; ; ; ; ; ; ; ;12;234,397216210355
3357279;1;3;1; ; ; ; ; ; ; ; ; ; ; ; ;12;234,397216210355
3357280;1;1;2;2;52; ;2; ; ;1;2; ; ;1; ;12;230,898959589244
3357280;1;2;2;2;52; ;2; ; ;1;2; ; ;1; ;12;230,898959589244
3357280;1;3;1; ; ; ; ; ; ; ; ; ; ; ; ;12;230,898959589244
3357280;1;4;1; ; ; ; ; ; ; ; ; ; ; ; ;12;230,898959589244
3357281;1;1;1; ; ; ; ; ; ; ; ; ; ; ; ;12;155,167769661698
3357281;1;2;1; ; ; ; ; ; ; ; ; ; ; ; ;12;155,167769661698
3357281;1;3;1; ; ; ; ; ; ; ; ; ; ; ; ;12;155,167769661698
3357281;1;4;1; ; ; ; ; ; ; ; ; ; ; ; ;12;155,167769661698
3357282;1;1;1; ; ; ; ; ; ; ; ; ; ; ; ;12;150,064987787011
3357282;1;2;1; ; ; ; ; ; ; ; ; ; ; ; ;12;150,064987787011
3357282;1;3;2;1; ; ;2; ; ;1;2; ; ;1; ;12;150,064987787011
3357283;1;1;1; ; ; ; ; ; ; ; ; ; ; ; ;12;200,612190261929
3357283;1;2;1; ; ; ; ; ; ; ; ; ; ; ; ;12;200,612190261929
3357284;1;1;2;2;73; ;3;11; ;1;2; ; ;1; ;12;177,118877254889
3357284;1;2;2;2;73; ;2; ; ;1;2; ; ;1; ;12;177,118877254889
3357286;1;1;1; ; ; ; ; ; ; ; ; ; ; ; ;12;148,174154588492
3357287;1;1;1; ; ; ; ; ; ; ; ; ; ; ; ;12;160,582420670123
3357287;1;2;1; ; ; ; ; ; ; ; ; ; ; ; ;12;160,582420670123
3357287;1;3;1; ; ; ; ; ; ; ; ; ; ; ; ;12;160,582420670123
3357287;1;4;2;1; ; ;2; ; ;1;2; ; ;1; ;12;160,582420670123
3357287;1;5;1; ; ; ; ; ; ; ; ; ; ; ; ;12;160,582420670123
3357287;1;6;1; ; ; ; ; ; ; ; ; ; ; ; ;12;160,582420670123
3357287;1;7;2;1; ; ;2; ; ;1;2; ; ;1; ;12;160,582420670123
3357287;1;8;2;1; ; ;3;76; ;1;2; ; ;1; ;12;160,582420670123
3357287;1;9;1; ; ; ; ; ; ; ; ; ; ; ; ;12;160,582420670123
3357288;1;1;2;1; ; ;2; ; ;1;2; ; ;1; ;12;204,404338127975
3357288;1;2;1; ; ; ; ; ; ; ; ; ; ; ; ;12;204,404338127975
3357288;1;3;1; ; ; ; ; ; ; ; ; ; ; ; ;12;204,404338127975
3357288;1;4;1; ; ; ; ; ; ; ; ; ; ; ; ;12;204,404338127975
3357289;1;1;1; ; ; ; ; ; ; ; ; ; ; ; ;12;207,297005348517
3357289;1;2;2;2;52; ;2; ; ;1;2; ; ;1; ;12;207,297005348517
3357289;1;3;1; ; ; ; ; ; ; ; ; ; ; ; ;12;207,297005348517
3357289;1;4;2;2;52; ;2; ; ;1;2; ; ;1; ;12;207,297005348517
3357290;1;1;2;2;52; ;2; ; ;1;2; ; ;1; ;12;238,406186076781
3357290;1;2;1; ; ; ; ; ; ; ; ; ; ; ; ;12;238,406186076781
3357290;1;3;2;2;52; ;2; ; ;1;2; ; ;1; ;12;238,406186076781
3357290;1;4;2;1; ; ;2; ; ;1;2; ; ;1; ;12;238,406186076781
3357290;1;5;1; ; ; ; ; ; ; ; ; ; ; ; ;12;238,406186076781
3357290;1;6;1; ; ; ; ; ; ; ; ; ; ; ; ;12;238,406186076781
3357290;1;7;1; ; ; ; ; ; ; ; ; ; ; ; ;12;238,406186076781
3357291;1;1;2;2;05; ;2; ; ;1;2; ; ;1; ;12;183,803692341477
3357291;1;2;2;2;05; ;2; ; ;1;2; ; ;1; ;12;183,803692341477
3357291;1;3;1; ; ; ; ; ; ; ; ; ; ; ; ;12;183,803692341477
3357291;1;4;1; ; ; ; ; ; ; ; ; ; ; ; ;12;183,803692341477
3357292;1;1;2;2;52; ;3;52; ;1;2; ; ;1; ;12;217,588718289903
3357292;1;2;2;2;52; ;3;52; ;1;2; ; ;1; ;12;217,588718289903
3357292;1;3;2;2;52; ;3;52; ;1;2; ; ;1; ;12;217,588718289903
3357292;1;4;2;2;52; ;3;52; ;1;2; ; ;1; ;12;217,588718289903
3357292;1;5;2;2;52; ;3;52; ;1;2; ; ;1; ;12;217,588718289903
3357294;1;1;2;2;76; ;3;76; ;1;2; ; ;1; ;12;177,118877254889
3357294;1;2;2;2;52; ;3;52; ;2;2; ; ;1; ;12;177,118877254889
3357295;1;1;2;2;52; ;2; ; ;1;2; ; ;1; ;12;139,756054941899
3357295;1;2;2;2;52; ;2; ; ;1;2; ; ;1; ;12;139,756054941899
3357295;1;3;1; ; ; ; ; ; ; ; ; ; ; ; ;12;139,756054941899
3357295;1;4;1; ; ; ; ; ; ; ; ; ; ; ; ;12;139,756054941899
3357296;1;1;2;2;52; ;3;52; ;1;2; ; ;1; ;12;205,406172149998
3357296;1;2;2;2;52; ;2; ; ;1;2; ; ;1; ;12;205,406172149998
3357297;1;1;1; ; ; ; ; ; ; ; ; ; ; ; ;12;280,108468815212
3357297;1;2;1; ; ; ; ; ; ; ; ; ; ; ; ;12;280,108468815212
3357297;1;3;1; ; ; ; ; ; ; ; ; ; ; ; ;12;280,108468815212
3357297;1;4;1; ; ; ; ; ; ; ; ; ; ; ; ;12;280,108468815212
3357297;1;5;1; ; ; ; ; ; ; ; ; ; ; ; ;12;280,108468815212
3357297;1;6;1; ; ; ; ; ; ; ; ; ; ; ; ;12;280,108468815212
3357297;1;7;1; ; ; ; ; ; ; ; ; ; ; ; ;12;280,108468815212
3357297;1;8;1; ; ; ; ; ; ; ; ; ; ; ; ;12;280,108468815212
3357297;1;9;1; ; ; ; ; ; ; ; ; ; ; ; ;12;280,108468815212
3357297;1;10;1; ; ; ; ; ; ; ; ; ; ; ; ;12;280,108468815212
3357297;1;11;1; ; ; ; ; ; ; ; ; ; ; ; ;12;280,108468815212
3357298;1;1;2;2;52; ;2; ; ;1;2; ; ;1; ;12;230,898959589244
3357298;1;2;2;2;52; ;2; ; ;1;2; ; ;1; ;12;230,898959589244
3357298;1;3;1; ; ; ; ; ; ; ; ; ; ; ; ;12;230,898959589244
3357298;1;4;1; ; ; ; ; ; ; ; ; ; ; ; ;12;230,898959589244
3357299;1;1;2;2;52; ;2; ; ;1;2; ; ;1; ;12;213,488412569663
3357299;1;2;1; ; ; ; ; ; ; ; ; ; ; ; ;12;213,488412569663
3357299;1;3;1; ; ; ; ; ; ; ; ; ; ; ; ;12;213,488412569663
3357299;1;4;1; ; ; ; ; ; ; ; ; ; ; ; ;12;213,488412569663
3357299;1;5;1; ; ; ; ; ; ; ; ; ; ; ; ;12;213,488412569663
3357300;1;1;2;2;86; ;3;86; ;1;2; ; ;1; ;12;213,796570423857
3357300;1;2;2;2;86; ;3;86; ;1;2; ; ;1; ;12;213,796570423857
3357300;2;1;2;2;52; ;2; ; ;1;2; ; ;1; ;12;213,796570423857
3357301;1;1;2;2;68; ;2; ; ;1;2; ; ;1; ;12;384,857305073123
3357301;1;2;1; ; ; ; ; ; ; ; ; ; ; ; ;12;384,857305073123
3357301;1;3;2;2;68; ;2; ; ;1;2; ; ;1; ;12;384,857305073123
3357302;1;1;1; ; ; ; ; ; ; ; ; ; ; ; ;12;617,397278776533
3357302;1;2;1; ; ; ; ; ; ; ; ; ; ; ; ;12;617,397278776533
3357302;1;3;1; ; ; ; ; ; ; ; ; ; ; ; ;12;617,397278776533
3357302;1;4;2;1; ; ;2; ; ;1;2; ; ;1; ;12;617,397278776533
3357303;1;1;1; ; ; ; ; ; ; ; ; ; ; ; ;12;239,013591452511
3357303;1;2;1; ; ; ; ; ; ; ; ; ; ; ; ;12;239,013591452511
3357303;1;3;1; ; ; ; ; ; ; ; ; ; ; ; ;12;239,013591452511
3357303;1;4;1; ; ; ; ; ; ; ; ; ; ; ; ;12;239,013591452511
3357303;1;5;1; ; ; ; ; ; ; ; ; ; ; ; ;12;239,013591452511
3357303;1;6;1; ; ; ; ; ; ; ; ; ; ; ; ;12;239,013591452511
3357303;1;7;1; ; ; ; ; ; ; ; ; ; ; ; ;12;239,013591452511
3357304;1;1;2;2;68; ;2; ; ;1;2; ; ;1; ;12;533,382181884658
3357304;1;2;2;2;11; ;2; ; ;1;2; ; ;1; ;12;533,382181884658
3357304;1;3;2;2;68; ;2; ; ;1;2; ; ;1; ;12;533,382181884658
3357304;1;4;2;2;68; ;2; ; ;1;2; ; ;1; ;12;533,382181884658
3357304;2;1;1; ; ; ; ; ; ; ; ; ; ; ; ;12;533,382181884658
3357304;2;2;2;2;68; ;2; ; ;1;2; ; ;1; ;12;533,382181884658
3357304;2;3;2;2;08; ;2; ; ;1;2; ; ;1; ;12;533,382181884658
3357305;1;1;2;2;68; ;3;11; ;1;2; ; ;1; ;12;441,619598762858
3357305;1;2;2;2;11; ;3;11; ;1;2; ; ;1; ;12;441,619598762858
3357305;1;3;2;2;11; ;3;11; ;1;2; ; ;1; ;12;441,619598762858
3357305;1;4;2;1; ; ;3;11; ;1;2; ; ;1; ;12;441,619598762858
3357306;1;1;2;2;68; ;2; ; ;1;2; ; ;1; ;12;300,346363054113
3357306;1;2;2;2;68; ;2; ; ;1;2; ; ;1; ;12;300,346363054113
3357306;1;3;1; ; ; ; ; ; ; ; ; ; ; ; ;12;300,346363054113
3357307;1;1;2;2;68; ;2; ; ;1;2; ; ;1; ;12;434,268972267315
3357307;1;2;2;2;68; ;2; ; ;1;2; ; ;1; ;12;434,268972267315
3357307;1;3;2;2;68; ;2; ; ;1;2; ; ;1; ;12;434,268972267315
3357308;1;1;2;2;68; ;2; ; ;1;2; ; ;1; ;12;439,249895711508
3357308;1;2;2;2;68; ;3;54; ;2;2; ; ;1; ;12;439,249895711508
3357309;1;1;1; ; ; ; ; ; ; ; ; ; ; ; ;12;375,432953817641
3357309;1;2;1; ; ; ; ; ; ; ; ; ; ; ; ;12;375,432953817641
3357309;1;3;1; ; ; ; ; ; ; ; ; ; ; ; ;12;375,432953817641
3357310;1;1;1; ; ; ; ; ; ; ; ; ; ; ; ;12;449,92978468743
3357310;1;2;1; ; ; ; ; ; ; ; ; ; ; ; ;12;449,92978468743
3357310;1;3;1; ; ; ; ; ; ; ; ; ; ; ; ;12;449,92978468743
3357313;1;1;2;2;11; ;2; ; ;1;2; ; ;1; ;12;602,889450838708
3357313;1;2;2;2;68; ;2; ; ;1;2; ; ;1; ;12;602,889450838708
3357313;1;3;2;2;68; ;2; ; ;1;2; ; ;1; ;12;602,889450838708
3357313;1;4;2;2;68; ;2; ; ;1;2; ; ;1; ;12;602,889450838708
3357314;1;1;2;2;68; ;2; ; ;1;2; ; ;1; ;12;662,686618428297
3357314;1;2;2;2;68; ;2; ; ;1;2; ; ;1; ;12;662,686618428297
3357314;1;3;2;2;68; ;2; ; ;1;2; ; ;1; ;12;662,686618428297
3357314;1;4;2;2;68; ;2; ; ;1;2; ; ;1; ;12;662,686618428297
3357314;1;5;1; ; ; ; ; ; ; ; ; ; ; ; ;12;662,686618428297
3357314;1;6;2;1; ; ;1; ; ; ;3;68; ;1; ;12;662,686618428297
3357314;1;7;2;1; ; ;1; ; ; ;3;68; ;1; ;12;662,686618428297
3357315;1;1;2;2;68; ;2; ; ;1;2; ; ;1; ;12;423,863274165778
3357315;1;2;2;2;68; ;2; ; ;1;2; ; ;1; ;12;423,863274165778
3357315;1;3;1; ; ; ; ; ; ; ; ; ; ; ; ;12;423,863274165778
3357315;1;4;2;2;68; ;2; ; ;1;2; ; ;1; ;12;423,863274165778
3357315;1;5;1; ; ; ; ; ; ; ; ; ; ; ; ;12;423,863274165778
3357316;1;1;1; ; ; ; ; ; ; ; ; ; ; ; ;12;478,828199377711
3357316;1;2;2;2;68; ;2; ; ;1;2; ; ;1; ;12;478,828199377711
3357316;1;3;1; ; ; ; ; ; ; ; ; ; ; ; ;12;478,828199377711
3357316;1;4;1; ; ; ; ; ; ; ; ; ; ; ; ;12;478,828199377711
3357316;1;5;1; ; ; ; ; ; ; ; ; ; ; ; ;12;478,828199377711
3357316;1;6;1; ; ; ; ; ; ; ; ; ; ; ; ;12;478,828199377711
3357317;1;1;2;2;68; ;2; ; ;1;2; ; ;1; ;12;378,537910497456
3357317;1;2;2;2;68; ;2; ; ;1;2; ; ;1; ;12;378,537910497456
3357317;1;3;1; ; ; ; ; ; ; ; ; ; ; ; ;12;378,537910497456
3357317;1;4;2;2;68; ;3;68; ;1;2; ; ;1; ;12;378,537910497456
3357318;1;1;2;2;68; ;2; ; ;1;2; ; ;1; ;12;472,960093335823
3357318;1;2;2;2;68; ;2; ; ;1;2; ; ;1; ;12;472,960093335823
3357318;1;3;2;2;68; ;3;68; ;1;3;68; ;1; ;12;472,960093335823
3357319;1;1;2;2;68; ;2; ; ;1;2; ; ;1; ;12;788,936077123318
3357319;1;2;2;2;13; ;2; ; ;1;2; ; ;1; ;12;788,936077123318
3357319;1;3;1; ; ; ; ; ; ; ; ; ; ; ; ;12;788,936077123318
3357319;1;4;1; ; ; ; ; ; ; ; ; ; ; ; ;12;788,936077123318
3357319;1;5;2;2;68; ;3;68; ;1;2; ; ;1; ;12;788,936077123318
3357320;1;1;1; ; ; ; ; ; ; ; ; ; ; ; ;12;599,534061543828
3357320;1;2;1; ; ; ; ; ; ; ; ; ; ; ; ;12;599,534061543828
3357320;1;3;1; ; ; ; ; ; ; ; ; ; ; ; ;12;599,534061543828
3357320;1;4;1; ; ; ; ; ; ; ; ; ; ; ; ;12;599,534061543828
3357320;1;5;1; ; ; ; ; ; ; ; ; ; ; ; ;12;599,534061543828
3357320;1;6;1; ; ; ; ; ; ; ; ; ; ; ; ;12;599,534061543828
3357320;1;7;1; ; ; ; ; ; ; ; ; ; ; ; ;12;599,534061543828
3357320;1;8;2;1; ; ;2; ; ;1;4; ;11; ;4;12;599,534061543828
3357320;1;9;1; ; ; ; ; ; ; ; ; ; ; ; ;12;599,534061543828
3357320;1;10;1; ; ; ; ; ; ; ; ; ; ; ; ;12;599,534061543828
3357320;2;1;1; ; ; ; ; ; ; ; ; ; ; ; ;12;599,534061543828
3357320;2;2;1; ; ; ; ; ; ; ; ; ; ; ; ;12;599,534061543828
3357320;2;3;1; ; ; ; ; ; ; ; ; ; ; ; ;12;599,534061543828
3357320;2;4;1; ; ; ; ; ; ; ; ; ; ; ; ;12;599,534061543828
3357320;2;5;1; ; ; ; ; ; ; ; ; ; ; ; ;12;599,534061543828
3357321;1;1;2;2;68; ;2; ; ;1;2; ; ;1; ;12;353,658842653612
3357321;1;2;2;2;68; ;2; ; ;1;2; ; ;1; ;12;353,658842653612
3357322;1;1;2;2;68; ;2; ; ;1;2; ; ;1; ;12;345,918374205476
3357322;1;2;2;2;68; ;3;68; ;1;3;68; ;1; ;12;345,918374205476
3357322;1;3;2;2;68; ;3;68; ;1;3;68; ;1; ;12;345,918374205476
3357322;1;4;2;2;68; ;1; ; ; ;3;68; ;1; ;12;345,918374205476
3357324;1;1;2;2;13; ;3;68; ;1;2; ; ;1; ;12;314,211551488778
3357324;1;2;2;2;13; ;2; ; ;1;2; ; ;1; ;12;314,211551488778
3357324;1;3;2;2;68; ;2; ; ;1;2; ; ;1; ;12;314,211551488778
3357325;1;1;2;2;68; ;2; ; ;1;2; ; ;1; ;12;378,537910497456
3357325;1;2;2;2;68; ;2; ; ;1;2; ; ;1; ;12;378,537910497456
3357325;1;3;1; ; ; ; ; ; ; ; ; ; ; ; ;12;378,537910497456
3357325;2;1;2;2;68; ;2; ; ;1;2; ; ;1; ;12;378,537910497456
3357326;1;1;2;2;68; ;2; ; ;1;2; ; ;1; ;12;528,137313333753
3357326;1;2;2;2;68; ;2; ; ;1;2; ; ;1; ;12;528,137313333753
3357326;1;3;2;2;68; ;2; ; ;1;2; ; ;1; ;12;528,137313333753
3357326;1;4;2;2;68; ;2; ; ;1;2; ; ;1; ;12;528,137313333753
3357326;1;5;1; ; ; ; ; ; ; ; ; ; ; ; ;12;528,137313333753
3357327;1;1;1; ; ; ; ; ; ; ; ; ; ; ; ;12;548,492026590035
3357327;1;2;1; ; ; ; ; ; ; ; ; ; ; ; ;12;548,492026590035
3357327;1;3;1; ; ; ; ; ; ; ; ; ; ; ; ;12;548,492026590035
3357327;1;4;1; ; ; ; ; ; ; ; ; ; ; ; ;12;548,492026590035
3357327;1;5;1; ; ; ; ; ; ; ; ; ; ; ; ;12;548,492026590035
3357328;1;1;1; ; ; ; ; ; ; ; ; ; ; ; ;12;436,106449416479
3357328;1;2;2;2;68; ;2; ; ;1;2; ; ;1; ;12;436,106449416479
3357328;1;3;2;1; ; ;2; ; ;1;2; ; ;1; ;12;436,106449416479
3357328;1;4;1; ; ; ; ; ; ; ; ; ; ; ; ;12;436,106449416479
3357328;1;5;1; ; ; ; ; ; ; ; ; ; ; ; ;12;436,106449416479
3357329;1;1;2;2;15; ;2; ; ;1;2; ; ;1; ;12;473,172388121819
3357329;1;2;2;2;68; ;2; ; ;1;2; ; ;1; ;12;473,172388121819
3357329;1;3;1; ; ; ; ; ; ; ; ; ; ; ; ;12;473,172388121819
3357329;1;4;1; ; ; ; ; ; ; ; ; ; ; ; ;12;473,172388121819
3357330;1;1;2;2;68; ;2; ; ;1;2; ; ;1; ;12;399,732129841641
3357330;1;2;2;2;68; ;2; ; ;1;2; ; ;1; ;12;399,732129841641
3357330;1;3;2;2;68; ;2; ; ;1;2; ; ;1; ;12;399,732129841641
3357330;1;4;2;2;68; ;2; ; ;1;2; ; ;1; ;12;399,732129841641
3357330;1;5;2;2;08; ;2; ; ;1;2; ; ;1; ;12;399,732129841641
3357330;1;6;2;2;68; ;2; ; ;1;2; ; ;1; ;12;399,732129841641
3357331;1;1;2;2;68; ;2; ; ;1;2; ; ;1; ;12;483,895288946911
3357331;1;2;2;2;68; ;2; ; ;1;2; ; ;1; ;12;483,895288946911
3357331;1;3;2;2;68; ;2; ; ;1;2; ; ;1; ;12;483,895288946911
3357332;1;1;2;2;68; ;2; ; ;1;2; ; ;1; ;12;618,444594041455
3357332;1;2;2;2;68; ;2; ; ;1;2; ; ;1; ;12;618,444594041455
3357332;1;3;2;2;68; ;2; ; ;1;2; ; ;1; ;12;618,444594041455
3357332;1;4;2;2;68; ;2; ; ;1;2; ; ;1; ;12;618,444594041455
3357332;1;5;2;2;68; ;2; ; ;1;2; ; ;1; ;12;618,444594041455
3357333;1;1;2;2;68; ;2; ; ;1;2; ; ;1; ;12;428,332471026164
3357333;1;2;2;2;68; ;2; ; ;1;2; ; ;1; ;12;428,332471026164
3357333;1;3;2;2;68; ;2; ; ;1;2; ; ;1; ;12;428,332471026164
3357333;1;4;1; ; ; ; ; ; ; ; ; ; ; ; ;12;428,332471026164
3357333;1;5;2;2;68; ;2; ; ;1;2; ; ;1; ;12;428,332471026164
3357333;1;6;1; ; ; ; ; ; ; ; ; ; ; ; ;12;428,332471026164
3357333;1;7;2;2;68; ;2; ; ;1;2; ; ;1; ;12;428,332471026164
3357333;1;8;1; ; ; ; ; ; ; ; ; ; ; ; ;12;428,332471026164
3357333;1;9;2;2;68; ;2; ; ;1;2; ; ;1; ;12;428,332471026164
3357333;1;10;2;2;68; ;2; ; ;1;2; ; ;1; ;12;428,332471026164
3357333;1;11;1; ; ; ; ; ; ; ; ; ; ; ; ;12;428,332471026164
3357333;1;12;1; ; ; ; ; ; ; ; ; ; ; ; ;12;428,332471026164
3357334;1;1;1; ; ; ; ; ; ; ; ; ; ; ; ;12;498,403116884736
3357334;1;2;1; ; ; ; ; ; ; ; ; ; ; ; ;12;498,403116884736
3357334;1;3;1; ; ; ; ; ; ; ; ; ; ; ; ;12;498,403116884736
3357335;1;1;2;2;68; ;2; ; ;1;2; ; ;1; ;12;378,265107468026
3357335;1;2;1; ; ; ; ; ; ; ; ; ; ; ; ;12;378,265107468026
3357335;1;3;1; ; ; ; ; ; ; ; ; ; ; ; ;12;378,265107468026
3357335;1;4;1; ; ; ; ; ; ; ; ; ; ; ; ;12;378,265107468026
3357335;1;5;1; ; ; ; ; ; ; ; ; ; ; ; ;12;378,265107468026
3357336;1;1;1; ; ; ; ; ; ; ; ; ; ; ; ;12;498,403116884736
3357336;1;2;1; ; ; ; ; ; ; ; ; ; ; ; ;12;498,403116884736
3357336;1;3;1; ; ; ; ; ; ; ; ; ; ; ; ;12;498,403116884736
3357337;1;1;2;2;68; ;2; ; ;1;2; ; ;1; ;12;495,526945126795
3357337;1;2;2;2;68; ;2; ; ;1;2; ; ;1; ;12;495,526945126795
3357337;1;3;1; ; ; ; ; ; ; ; ; ; ; ; ;12;495,526945126795
3357337;1;4;1; ; ; ; ; ; ; ; ; ; ; ; ;12;495,526945126795
3357339;1;1;2;2;68; ;2; ; ;1;2; ; ;1; ;12;475,78375094133
3357339;1;2;1; ; ; ; ; ; ; ; ; ; ; ; ;12;475,78375094133
3357339;2;1;2;2;13; ;3;13; ;1;2; ; ;1; ;12;475,78375094133
3357340;1;1;2;2;68; ;3;68; ;1;3;68; ;1; ;12;527,046224939852
3357340;1;2;2;2;44; ;2; ; ;1;2; ; ;1; ;12;527,046224939852
3357340;1;3;2;1; ; ;3;68; ;1;3;68; ;1; ;12;527,046224939852
3357340;1;4;2;2;68; ;3;68; ;1;3;68; ;1; ;12;527,046224939852
3357340;1;5;2;2;68; ;3;68; ;1;2; ; ;1; ;12;527,046224939852
3357340;1;6;2;2;68; ;3;68; ;1;3;68; ;1; ;12;527,046224939852
3357340;1;7;2;2;68; ;3;68; ;1;3;68; ;1; ;12;527,046224939852
3357341;1;1;2;2;68; ;2; ; ;1;2; ; ;1; ;12;389,888267603032
3357341;1;2;2;2;68; ;2; ; ;1;2; ; ;1; ;12;389,888267603032
3357341;1;3;1; ; ; ; ; ; ; ; ; ; ; ; ;12;389,888267603032
3357341;1;4;1; ; ; ; ; ; ; ; ; ; ; ; ;12;389,888267603032
3357342;1;1;2;2;68; ;2; ; ;1;2; ; ;1; ;12;453,017244972981
3357342;1;2;2;2;68; ;2; ; ;1;2; ; ;1; ;12;453,017244972981
3357342;1;3;1; ; ; ; ; ; ; ; ; ; ; ; ;12;453,017244972981
3357342;1;4;1; ; ; ; ; ; ; ; ; ; ; ; ;12;453,017244972981
3357343;1;1;1; ; ; ; ; ; ; ; ; ; ; ; ;12;509,083005860658
3357343;1;2;1; ; ; ; ; ; ; ; ; ; ; ; ;12;509,083005860658
3357343;1;3;1; ; ; ; ; ; ; ; ; ; ; ; ;12;509,083005860658
3357343;1;4;1; ; ; ; ; ; ; ; ; ; ; ; ;12;509,083005860658
3357346;1;1;2;2;70; ;2; ; ;1;2; ; ;1; ;12;451,705365748205
3357346;1;2;1; ; ; ; ; ; ; ; ; ; ; ; ;12;451,705365748205
3357346;1;3;1; ; ; ; ; ; ; ; ; ; ; ; ;12;451,705365748205
3357347;1;1;1; ; ; ; ; ; ; ; ; ; ; ; ;12;445,118001753396
3357347;1;2;2;2;15; ;2; ; ;1;2; ; ;1; ;12;445,118001753396
3357347;1;3;2;2;68; ;2; ; ;1;2; ; ;1; ;12;445,118001753396
3357347;1;4;2;2;68; ;2; ; ;1;2; ; ;1; ;12;445,118001753396
3357347;1;5;2;2;68; ;2; ; ;1;2; ; ;1; ;12;445,118001753396
3357348;1;1;2;2;15; ;2; ; ;1;2; ; ;1; ;12;463,549316714085
3357348;1;2;1; ; ; ; ; ; ; ; ; ; ; ; ;12;463,549316714085
3357348;1;3;2;2;68; ;2; ; ;1;2; ; ;1; ;12;463,549316714085
3357348;1;4;1; ; ; ; ; ; ; ; ; ; ; ; ;12;463,549316714085
3357348;1;5;1; ; ; ; ; ; ; ; ; ; ; ; ;12;463,549316714085
3357349;1;1;2;2;25; ;3;25; ;2;3;25; ;2;1;12;480,985607643066
3357349;1;2;2;2;25; ;3;25; ;2;3;25; ;2;2;12;480,985607643066
3357349;1;3;2;2;25; ;3;25; ;1;3;25; ;2;1;12;480,985607643066
3357349;2;1;2;1; ; ;3;25; ;1;2; ; ;1; ;12;480,985607643066
3357349;2;2;2;2;54; ;2; ; ;1;2; ; ;1; ;12;480,985607643066
3357349;2;3;1; ; ; ; ; ; ; ; ; ; ; ; ;12;480,985607643066
3357349;2;4;1; ; ; ; ; ; ; ; ; ; ; ; ;12;480,985607643066
3357350;1;1;1; ; ; ; ; ; ; ; ; ; ; ; ;12;504,283435807124
3357350;1;2;1; ; ; ; ; ; ; ; ; ; ; ; ;12;504,283435807124
3357350;1;3;1; ; ; ; ; ; ; ; ; ; ; ; ;12;504,283435807124
3357350;1;4;1; ; ; ; ; ; ; ; ; ; ; ; ;12;504,283435807124
3357350;1;5;1; ; ; ; ; ; ; ; ; ; ; ; ;12;504,283435807124
3357351;1;1;1; ; ; ; ; ; ; ; ; ; ; ; ;12;495,526945126795
3357351;1;2;1; ; ; ; ; ; ; ; ; ; ; ; ;12;495,526945126795
3357351;1;3;1; ; ; ; ; ; ; ; ; ; ; ; ;12;495,526945126795
3357351;1;4;1; ; ; ; ; ; ; ; ; ; ; ; ;12;495,526945126795
3357352;1;1;1; ; ; ; ; ; ; ; ; ; ; ; ;12;558,435131665869
3357353;1;1;1; ; ; ; ; ; ; ; ; ; ; ; ;12;441,619598762858
3357353;1;2;1; ; ; ; ; ; ; ; ; ; ; ; ;12;441,619598762858
3357353;1;3;1; ; ; ; ; ; ; ; ; ; ; ; ;12;441,619598762858
3357353;1;4;1; ; ; ; ; ; ; ; ; ; ; ; ;12;441,619598762858
3357356;1;1;2;1; ; ;3;05; ;1;2; ; ;1; ;12;493,560534982032
3357356;1;2;2;2;05; ;1; ; ; ;2; ; ;1; ;12;493,560534982032
3357356;1;3;2;2;05; ;3;05; ;1;2; ; ;1; ;12;493,560534982032
3357356;1;4;1; ; ; ; ; ; ; ; ; ; ; ; ;12;493,560534982032
3357356;1;5;2;2;05; ;3;05; ;1;2; ; ;1; ;12;493,560534982032
3357356;1;6;2;2;05; ;3;05; ;1;2; ; ;1; ;12;493,560534982032
3357357;1;1;2;2;68; ;2; ; ;1;2; ; ;1; ;12;633,534331089356
3357357;1;2;2;2;68; ;2; ; ;1;2; ; ;1; ;12;633,534331089356
3357357;1;3;2;2;68; ;2; ; ;1;2; ; ;1; ;12;633,534331089356
3357357;1;4;2;2;68; ;2; ; ;1;2; ; ;1; ;12;633,534331089356
3357357;1;5;2;2;68; ;2; ; ;1;2; ; ;1; ;12;633,534331089356
3357357;2;1;2;2;68; ;2; ; ;1;2; ; ;1; ;12;633,534331089356
3357357;2;2;2;2;68; ;2; ; ;1;2; ; ;1; ;12;633,534331089356
3357357;2;3;1; ; ; ; ; ; ; ; ; ; ; ; ;12;633,534331089356
3357358;1;1;1; ; ; ; ; ; ; ; ; ; ; ; ;12;464,606895562082
3357358;1;2;1; ; ; ; ; ; ; ; ; ; ; ; ;12;464,606895562082
3357358;1;3;1; ; ; ; ; ; ; ; ; ; ; ; ;12;464,606895562082
3357358;1;4;1; ; ; ; ; ; ; ; ; ; ; ; ;12;464,606895562082
3357358;1;5;1; ; ; ; ; ; ; ; ; ; ; ; ;12;464,606895562082
3357358;1;6;2;2;68; ;2; ; ;1;2; ; ;1; ;12;464,606895562082
3357359;1;1;2;2;68; ;2; ; ;1;2; ; ;1; ;12;532,238579338322
3357359;1;2;2;1; ; ;2; ; ;1;2; ; ;1; ;12;532,238579338322
3357359;1;3;1; ; ; ; ; ; ; ; ; ; ; ; ;12;532,238579338322
3357359;1;4;1; ; ; ; ; ; ; ; ; ; ; ; ;12;532,238579338322
3357359;2;1;2;2;13; ;2; ; ;1;2; ; ;1; ;12;532,238579338322
3357359;2;2;2;2;20; ;2; ; ;1;2; ; ;1; ;12;532,238579338322
3357359;2;3;1; ; ; ; ; ; ; ; ; ; ; ; ;12;532,238579338322
3357359;2;4;1; ; ; ; ; ; ; ; ; ; ; ; ;12;532,238579338322
3357359;2;5;1; ; ; ; ; ; ; ; ; ; ; ; ;12;532,238579338322
3357359;3;1;2;2;15; ;3;54; ;1;2; ; ;1; ;12;532,238579338322
3357360;1;1;2;2;68; ;2; ; ;1;2; ; ;1; ;12;447,31842186792
3357360;1;2;2;2;68; ;2; ; ;1;2; ; ;1; ;12;447,31842186792
3357360;1;3;2;1; ; ;2; ; ;1;2; ; ;1; ;12;447,31842186792
3357360;1;4;1; ; ; ; ; ; ; ; ; ; ; ; ;12;447,31842186792
3357361;1;1;2;2;68; ;2; ; ;1;2; ; ;1; ;12;486,684430748127
3357361;1;2;1; ; ; ; ; ; ; ; ; ; ; ; ;12;486,684430748127
3357361;1;3;1; ; ; ; ; ; ; ; ; ; ; ; ;12;486,684430748127
3357361;1;4;1; ; ; ; ; ; ; ; ; ; ; ; ;12;486,684430748127
3357361;1;5;1; ; ; ; ; ; ; ; ; ; ; ; ;12;486,684430748127
3357361;1;6;1; ; ; ; ; ; ; ; ; ; ; ; ;12;486,684430748127
3357361;1;7;1; ; ; ; ; ; ; ; ; ; ; ; ;12;486,684430748127
3357362;1;1;2;2;20; ;2; ; ;1;2; ; ;1; ;12;593,266379430973
3357362;1;2;2;2;68; ;2; ; ;1;2; ; ;1; ;12;593,266379430973
3357362;2;1;2;2;11; ;3;11; ;1;3;11; ;1; ;12;593,266379430973
3357362;2;2;2;1; ; ;2; ; ;1;3;11; ;1; ;12;593,266379430973
3357362;2;3;2;2;11; ;1; ; ; ;1; ; ; ; ;12;593,266379430973
3357363;1;1;1; ; ; ; ; ; ; ; ; ; ; ; ;12;536,248851339334
3357363;1;2;2;2;68; ;2; ; ;1;2; ; ;1; ;12;536,248851339334
3357363;1;3;1; ; ; ; ; ; ; ; ; ; ; ; ;12;536,248851339334
3357363;1;4;2;2;68; ;2; ; ;1;2; ; ;1; ;12;536,248851339334
3357363;1;5;2;2;68; ;2; ; ;1;2; ; ;1; ;12;536,248851339334
3357364;1;1;1; ; ; ; ; ; ; ; ; ; ; ; ;12;451,65285159577
3357364;1;2;1; ; ; ; ; ; ; ; ; ; ; ; ;12;451,65285159577
3357364;1;3;1; ; ; ; ; ; ; ; ; ; ; ; ;12;451,65285159577
3357364;1;4;1; ; ; ; ; ; ; ; ; ; ; ; ;12;451,65285159577
3357365;1;1;2;2;68; ;2; ; ;1;2; ; ;1; ;12;578,811065645583
3357365;1;2;1; ; ; ; ; ; ; ; ; ; ; ; ;12;578,811065645583
3357365;1;3;1; ; ; ; ; ; ; ; ; ; ; ; ;12;578,811065645583
3357365;1;4;1; ; ; ; ; ; ; ; ; ; ; ; ;12;578,811065645583
3357366;1;1;2;2;54; ;2; ; ;1;2; ; ;1; ;12;442,073553317015
3357366;1;2;2;2;68; ;2; ; ;1;2; ; ;1; ;12;442,073553317015
3357368;1;1;2;1; ; ;2; ; ;1;2; ; ;1; ;12;505,327795516235
3357368;1;2;2;2;20; ;2; ; ;1;2; ; ;1; ;12;505,327795516235
3357368;1;3;1; ; ; ; ; ; ; ; ; ; ; ; ;12;505,327795516235
3357368;1;4;1; ; ; ; ; ; ; ; ; ; ; ; ;12;505,327795516235
3357368;1;5;2;2;20; ;3;20; ;2;3;20; ;2;2;12;505,327795516235
3357368;2;1;1; ; ; ; ; ; ; ; ; ; ; ; ;12;505,327795516235
3357368;2;2;2;2;20; ;2; ; ;1;2; ; ;1; ;12;505,327795516235
3357368;2;3;1; ; ; ; ; ; ; ; ; ; ; ; ;12;505,327795516235
3357369;1;1;2;2;68; ;2; ; ;1;2; ; ;1; ;12;656,342842648488
3357369;1;2;2;2;68; ;2; ; ;1;2; ; ;1; ;12;656,342842648488
3357369;1;3;2;2;68; ;2; ; ;1;2; ; ;1; ;12;656,342842648488
3357369;1;4;1; ; ; ; ; ; ; ; ; ; ; ; ;12;656,342842648488
3357369;1;5;1; ; ; ; ; ; ; ; ; ; ; ; ;12;656,342842648488
3357369;1;6;1; ; ; ; ; ; ; ; ; ; ; ; ;12;656,342842648488
3357370;1;1;2;2;68; ;2; ; ;1;2; ; ;1; ;12;462,428266573297
3357370;1;2;1; ; ; ; ; ; ; ; ; ; ; ; ;12;462,428266573297
3357371;1;1;2;2;68; ;2; ; ;1;2; ; ;1; ;12;404,396095540857
3357371;1;2;1; ; ; ; ; ; ; ; ; ; ; ; ;12;404,396095540857
3357371;1;3;1; ; ; ; ; ; ; ; ; ; ; ; ;12;404,396095540857
3357371;1;4;2;2;68; ;2; ; ;1;2; ; ;1; ;12;404,396095540857
3357372;1;1;2;2;68; ;2; ; ;1;2; ; ;1; ;12;609,113008036438
3357372;1;2;1; ; ; ; ; ; ; ; ; ; ; ; ;12;609,113008036438
3357372;1;3;2;1; ; ;3;54; ;1;2; ; ;1; ;12;609,113008036438
3357372;2;1;1; ; ; ; ; ; ; ; ; ; ; ; ;12;609,113008036438
3357372;2;2;1; ; ; ; ; ; ; ; ; ; ; ; ;12;609,113008036438
3357372;2;3;1; ; ; ; ; ; ; ; ; ; ; ; ;12;609,113008036438
3357372;3;1;2;2;47; ;2; ; ;1;2; ; ;1; ;12;609,113008036438
3357372;3;2;2;2;47; ;3;47; ;2;2; ; ;1; ;12;609,113008036438
3357373;1;1;1; ; ; ; ; ; ; ; ; ; ; ; ;12;412,68641878653
3357373;1;2;2;2;11; ;3;68; ;1;2; ; ;1; ;12;412,68641878653
3357373;1;3;1; ; ; ; ; ; ; ; ; ; ; ; ;12;412,68641878653
3357373;2;1;1; ; ; ; ; ; ; ; ; ; ; ; ;12;412,68641878653
3357373;2;2;1; ; ; ; ; ; ; ; ; ; ; ; ;12;412,68641878653
3357373;3;1;1; ; ; ; ; ; ; ; ; ; ; ; ;12;412,68641878653
3357373;3;2;1; ; ; ; ; ; ; ; ; ; ; ; ;12;412,68641878653
3357373;3;3;2;2;68; ;2; ; ;1;2; ; ;1; ;12;412,68641878653
3357374;1;1;1; ; ; ; ; ; ; ; ; ; ; ; ;12;449,92978468743
3357374;1;2;1; ; ; ; ; ; ; ; ; ; ; ; ;12;449,92978468743
3357374;1;3;1; ; ; ; ; ; ; ; ; ; ; ; ;12;449,92978468743
3357375;1;1;2;1; ; ;2; ; ;1;2; ; ;1; ;12;456,074912548249
3357375;1;2;2;2;54; ;2; ; ;1;2; ; ;1; ;12;456,074912548249
3357375;1;3;2;2;54; ;2; ; ;1;2; ; ;1; ;12;456,074912548249
3357375;1;4;2;2;68; ;2; ; ;1;2; ; ;1; ;12;456,074912548249
3357375;1;5;2;2;54; ;2; ; ;1;2; ; ;1; ;12;456,074912548249
3357376;1;1;1; ; ; ; ; ; ; ; ; ; ; ; ;12;470,907735434695
3357376;1;2;1; ; ; ; ; ; ; ; ; ; ; ; ;12;470,907735434695
3357376;1;3;1; ; ; ; ; ; ; ; ; ; ; ; ;12;470,907735434695
3357376;1;4;2;2;68; ;2; ; ;1;2; ; ;1; ;12;470,907735434695
3357377;1;1;2;2;68; ;2; ; ;1;2; ; ;1; ;12;380,222945625937
3357377;1;2;2;1; ; ;2; ; ;1;2; ; ;1; ;12;380,222945625937
3357377;2;1;2;2;47; ;3;47; ;1;2; ; ;1; ;12;380,222945625937
3357377;2;2;2;1; ; ;2; ; ;1;2; ; ;1; ;12;380,222945625937
3357377;2;3;2;2;25; ;1; ; ; ;2; ; ;1; ;12;380,222945625937
3357377;2;4;1; ; ; ; ; ; ; ; ; ; ; ; ;12;380,222945625937
3357378;1;1;2;2;54; ;2; ; ;1;2; ; ;1; ;12;467,304282079931
3357379;1;1;2;2;68; ;2; ; ;1;2; ; ;1; ;12;523,581331495218
3357379;1;2;2;2;68; ;2; ; ;1;2; ; ;1; ;12;523,581331495218
3357379;1;3;1; ; ; ; ; ; ; ; ; ; ; ; ;12;523,581331495218
3357380;1;1;2;2;68; ;2; ; ;1;2; ; ;1; ;12;493,527101378101
3357380;1;2;2;2;11; ;2; ; ;1;2; ; ;1; ;12;493,527101378101
3357380;1;3;1; ; ; ; ; ; ; ; ; ; ; ; ;12;493,527101378101
3357380;1;4;1; ; ; ; ; ; ; ; ; ; ; ; ;12;493,527101378101
3357381;1;1;1; ; ; ; ; ; ; ; ; ; ; ; ;12;623,20115224582
3357381;1;2;2;1; ; ;2; ; ;1;2; ; ;1; ;12;623,20115224582
3357381;1;3;2;2;68; ;2; ; ;1;2; ; ;1; ;12;623,20115224582
3357381;1;4;1; ; ; ; ; ; ; ; ; ; ; ; ;12;623,20115224582
3357381;2;1;2;2;54; ;2; ; ;1;2; ; ;1; ;12;623,20115224582
3357381;2;2;2;1; ; ;2; ; ;1;2; ; ;1; ;12;623,20115224582
3357386;1;1;1; ; ; ; ; ; ; ; ; ; ; ; ;12;479,105221196642
3357386;1;2;2;2;54; ;2; ; ;1;2; ; ;1; ;12;479,105221196642
3357386;1;3;1; ; ; ; ; ; ; ; ; ; ; ; ;12;479,105221196642
3357386;1;4;1; ; ; ; ; ; ; ; ; ; ; ; ;12;479,105221196642
3357386;1;5;2;2;54; ;2; ; ;1;2; ; ;1; ;12;479,105221196642
3357387;1;1;2;2;15; ;2; ; ;1;2; ; ;1; ;12;509,126017709828
3357387;1;2;2;1; ; ;2; ; ;1;2; ; ;1; ;12;509,126017709828
3357388;1;1;2;2;68; ;2; ; ;1;2; ; ;1; ;12;440,475996216522
3357388;1;2;2;2;68; ;2; ; ;1;2; ; ;1; ;12;440,475996216522
3357388;1;3;1; ; ; ; ; ; ; ; ; ; ; ; ;12;440,475996216522
3357388;1;4;1; ; ; ; ; ; ; ; ; ; ; ; ;12;440,475996216522
3357388;2;1;2;1; ; ;2; ; ;1;2; ; ;1; ;12;440,475996216522
3357388;2;2;2;2;68; ;2; ; ;1;2; ; ;1; ;12;440,475996216522
3357388;2;3;2;2;68; ;1; ; ; ;2; ; ;1; ;12;440,475996216522
3357389;1;1;1; ; ; ; ; ; ; ; ; ; ; ; ;12;406,31949383645
3357389;1;2;1; ; ; ; ; ; ; ; ; ; ; ; ;12;406,31949383645
3357389;1;3;1; ; ; ; ; ; ; ; ; ; ; ; ;12;406,31949383645
3357389;1;4;1; ; ; ; ; ; ; ; ; ; ; ; ;12;406,31949383645
3357390;1;1;2;2;27; ;2; ; ;1;3;05; ;1; ;12;46,0553939002063
3357390;1;2;2;1; ; ;2; ; ;1;2; ; ;1; ;12;46,0553939002063
3357390;1;3;1; ; ; ; ; ; ; ; ; ; ; ; ;12;46,0553939002063
3357391;1;1;2;2;76; ;2; ; ;1;2; ; ;1; ;12;23,0276969501032
3357391;1;2;1; ; ; ; ; ; ; ; ; ; ; ; ;12;23,0276969501032
3357391;1;3;1; ; ; ; ; ; ; ; ; ; ; ; ;12;23,0276969501032
3357392;1;1;2;2;27; ;2; ; ;1;2; ; ;1; ;12;23,0276969501032
3357392;1;2;2;2;05; ;3;27; ;1;2; ; ;1; ;12;23,0276969501032
3357392;1;3;2;2;27; ;2; ; ;1;2; ; ;1; ;12;23,0276969501032
3357393;1;1;2;2;27; ;2; ; ;1;2; ; ;1; ;12;92,1107878004127
3357393;1;2;2;2;27; ;2; ; ;1;2; ; ;1; ;12;92,1107878004127
3357393;1;3;1; ; ; ; ; ; ; ; ; ; ; ; ;12;92,1107878004127
3357394;1;1;2;2;05; ;2; ; ;1;2; ; ;1; ;12;423,709623881898
3357394;1;2;1; ; ; ; ; ; ; ; ; ; ; ; ;12;423,709623881898
3357394;1;3;1; ; ; ; ; ; ; ; ; ; ; ; ;12;423,709623881898
3357394;1;4;1; ; ; ; ; ; ; ; ; ; ; ; ;12;423,709623881898
3357395;1;1;2;2;76; ;2; ; ;1;2; ; ;1; ;12;92,1107878004127
3357395;1;2;2;2;05; ;2; ; ;1;2; ; ;1; ;12;92,1107878004127
3357395;1;3;2;2;66; ;2; ; ;1;2; ; ;1; ;12;92,1107878004127
3357396;1;1;1; ; ; ; ; ; ; ; ; ; ; ; ;12;23,0276969501032
3357396;1;2;2;2;27; ;2; ; ;1;2; ; ;1; ;12;23,0276969501032
3357396;1;3;1; ; ; ; ; ; ; ; ; ; ; ; ;12;23,0276969501032
3357396;1;4;1; ; ; ; ; ; ; ; ; ; ; ; ;12;23,0276969501032
3357396;1;5;1; ; ; ; ; ; ; ; ; ; ; ; ;12;23,0276969501032
3357396;1;6;1; ; ; ; ; ; ; ; ; ; ; ; ;12;23,0276969501032
3357397;1;1;2;2;05; ;2; ; ;1;2; ; ;1; ;12;23,0276969501032
3357397;1;2;2;2;27; ;2; ; ;1;2; ; ;1; ;12;23,0276969501032
3357397;1;3;1; ; ; ; ; ; ; ; ; ; ; ; ;12;23,0276969501032
3357397;1;4;1; ; ; ; ; ; ; ; ; ; ; ; ;12;23,0276969501032
3357397;1;5;1; ; ; ; ; ; ; ; ; ; ; ; ;12;23,0276969501032
3357398;1;1;1; ; ; ; ; ; ; ; ; ; ; ; ;12;23,0276969501032
3357398;1;2;1; ; ; ; ; ; ; ; ; ; ; ; ;12;23,0276969501032
3357398;1;3;1; ; ; ; ; ; ; ; ; ; ; ; ;12;23,0276969501032
3357399;1;1;2;2;05; ;2; ; ;1;2; ; ;1; ;12;92,1107878004127
3357399;1;2;2;2;76; ;2; ; ;1;2; ; ;1; ;12;92,1107878004127
3357399;1;3;1; ; ; ; ; ; ; ; ; ; ; ; ;12;92,1107878004127
3357399;1;4;1; ; ; ; ; ; ; ; ; ; ; ; ;12;92,1107878004127
3357400;1;1;1; ; ; ; ; ; ; ; ; ; ; ; ;12;23,0276969501032
3357400;1;2;1; ; ; ; ; ; ; ; ; ; ; ; ;12;23,0276969501032
3357400;1;3;1; ; ; ; ; ; ; ; ; ; ; ; ;12;23,0276969501032
3357401;1;1;2;2;05; ;2; ; ;1;2; ; ;1; ;12;23,0276969501032
3357401;1;2;2;2;27; ;2; ; ;1;2; ; ;1; ;12;23,0276969501032
3357401;1;3;2;2;05; ;2; ; ;1;2; ; ;1; ;12;23,0276969501032
3357401;1;4;2;2;05; ;2; ; ;1;2; ; ;1; ;12;23,0276969501032
3357401;1;5;2;2;05; ;2; ; ;1;2; ; ;1; ;12;23,0276969501032
3357402;1;1;2;2;05; ;2; ; ;1;2; ; ;1; ;12;46,0553939002063
3357411;1;1;2;2;27; ;2; ; ;1;2; ; ;1; ;12;23,0276969501032
3357412;1;1;2;2;27; ;2; ; ;1;2; ; ;1; ;12;23,0276969501032
3357412;1;2;2;2;76; ;2; ; ;1;2; ; ;1; ;12;23,0276969501032
3357412;1;3;1; ; ; ; ; ; ; ; ; ; ; ; ;12;23,0276969501032
3357412;1;4;2;2;76; ;2; ; ;1;2; ; ;1; ;12;23,0276969501032
3357413;1;1;2;2;27; ;2; ; ;1;2; ; ;1; ;12;23,0276969501032
3357413;1;2;2;1; ; ;2; ; ;1;2; ; ;1; ;12;23,0276969501032
3357414;1;1;2;2;27; ;2; ; ;1;2; ; ;1; ;12;23,0276969501032
3357414;1;2;1; ; ; ; ; ; ; ; ; ; ; ; ;12;23,0276969501032
3357414;1;3;1; ; ; ; ; ; ; ; ; ; ; ; ;12;23,0276969501032
3357414;1;4;1; ; ; ; ; ; ; ; ; ; ; ; ;12;23,0276969501032
3357414;1;5;2;2;27; ;2; ; ;1;2; ; ;1; ;12;23,0276969501032
3357414;1;6;2;2;27; ;3;27; ;1;2; ; ;1; ;12;23,0276969501032
3357415;1;1;2;2;27; ;2; ; ;1;2; ; ;1; ;12;23,0276969501032
3357415;1;2;2;2;27; ;2; ; ;1;2; ; ;1; ;12;23,0276969501032
3357415;1;3;2;2;27; ;2; ; ;1;2; ; ;1; ;12;23,0276969501032
3357415;1;4;1; ; ; ; ; ; ; ; ; ; ; ; ;12;23,0276969501032
3357415;1;5;1; ; ; ; ; ; ; ; ; ; ; ; ;12;23,0276969501032
3357415;1;6;1; ; ; ; ; ; ; ; ; ; ; ; ;12;23,0276969501032
3357415;1;7;2;2;27; ;2; ; ;1;2; ; ;1; ;12;23,0276969501032
3357415;1;8;1; ; ; ; ; ; ; ; ; ; ; ; ;12;23,0276969501032
3357416;1;1;2;1; ; ;3;05; ;1;2; ; ;1; ;12;23,0276969501032
3357416;1;2;2;2;27; ;3;05; ;1;2; ; ;1; ;12;23,0276969501032
3357416;1;3;2;1; ; ;3;05; ;1;2; ; ;1; ;12;23,0276969501032
3357416;1;4;2;2;52; ;3;05; ;1;2; ; ;1; ;12;23,0276969501032
3357417;1;1;1; ; ; ; ; ; ; ; ; ; ; ; ;12;23,0276969501032
3357417;1;2;2;2;27; ;2; ; ;1;2; ; ;1; ;12;23,0276969501032
3357417;1;3;1; ; ; ; ; ; ; ; ; ; ; ; ;12;23,0276969501032
3357418;1;1;2;1; ; ;2; ; ;1;2; ; ;1; ;12;35,3159500789394
3357418;1;2;1; ; ; ; ; ; ; ; ; ; ; ; ;12;35,3159500789394
3357418;1;3;1; ; ; ; ; ; ; ; ; ; ; ; ;12;35,3159500789394
3357418;1;4;1; ; ; ; ; ; ; ; ; ; ; ; ;12;35,3159500789394
3357419;1;1;2;2;23; ;2; ; ;1;2; ; ;1; ;12;46,0553939002063
3357419;1;2;1; ; ; ; ; ; ; ; ; ; ; ; ;12;46,0553939002063
3357419;1;3;1; ; ; ; ; ; ; ; ; ; ; ; ;12;46,0553939002063
3357420;1;1;2;2;27; ;2; ; ;1;2; ; ;1; ;12;23,0276969501032
3357420;1;2;1; ; ; ; ; ; ; ; ; ; ; ; ;12;23,0276969501032
3357420;1;3;1; ; ; ; ; ; ; ; ; ; ; ; ;12;23,0276969501032
3357421;1;1;1; ; ; ; ; ; ; ; ; ; ; ; ;12;23,0276969501032
3357422;1;1;1; ; ; ; ; ; ; ; ; ; ; ; ;12;382,67140457582
3357422;1;2;1; ; ; ; ; ; ; ; ; ; ; ; ;12;382,67140457582
3357422;1;3;1; ; ; ; ; ; ; ; ; ; ; ; ;12;382,67140457582
3357423;1;1;2;2;27; ;2; ; ;1;2; ; ;1; ;12;251,47734263483
3357424;1;1;2;2;76; ;2; ; ;1;2; ; ;1; ;12;423,709623881898
3357424;1;2;2;2;27; ;2; ; ;1;2; ; ;1; ;12;423,709623881898
3357424;1;3;1; ; ; ; ; ; ; ; ; ; ; ; ;12;423,709623881898
3357424;1;4;1; ; ; ; ; ; ; ; ; ; ; ; ;12;423,709623881898
3357424;1;5;1; ; ; ; ; ; ; ; ; ; ; ; ;12;423,709623881898
3357425;1;1;2;2;05; ;2; ; ;1;2; ; ;1; ;12;423,709623881898
3357425;1;2;1; ; ; ; ; ; ; ; ; ; ; ; ;12;423,709623881898
3357425;1;3;1; ; ; ; ; ; ; ; ; ; ; ; ;12;423,709623881898
3357425;1;4;1; ; ; ; ; ; ; ; ; ; ; ; ;12;423,709623881898
3357426;1;1;2;2;27; ;3;27; ;1;2; ; ;1; ;12;54,0758165570702
3357426;1;2;2;2;27; ;3;27; ;1;2; ; ;1; ;12;54,0758165570702
3357426;1;3;2;2;76; ;3;27; ;1;2; ; ;1; ;12;54,0758165570702
3357427;1;1;2;1; ; ;3;27; ;1;2; ; ;1; ;12;23,0276969501032
3357427;1;2;2;2;27; ;3;27; ;1;3;27; ;1; ;12;23,0276969501032
3357427;1;3;2;2;27; ;3;27; ;1;2; ; ;1; ;12;23,0276969501032
3357428;1;1;2;2;17; ;3;17; ;1;2; ; ;1; ;12;28,106896935073
3357429;1;1;1; ; ; ; ; ; ; ; ; ; ; ; ;12;23,0276969501032
3357429;1;2;1; ; ; ; ; ; ; ; ; ; ; ; ;12;23,0276969501032
3357430;1;1;2;2;27; ;2; ; ;1;2; ; ;1; ;12;23,0276969501032
3357430;1;2;1; ; ; ; ; ; ; ; ; ; ; ; ;12;23,0276969501032
3357430;1;3;1; ; ; ; ; ; ; ; ; ; ; ; ;12;23,0276969501032
3357431;1;1;2;2;05; ;2; ; ;1;2; ; ;1; ;12;92,1107878004127
3357431;1;2;1; ; ; ; ; ; ; ; ; ; ; ; ;12;92,1107878004127
3357431;1;3;2;2;05; ;2; ; ;1;2; ; ;1; ;12;92,1107878004127
3357432;1;1;2;2;05; ;2; ; ;1;2; ; ;1; ;12;46,0553939002063
3357432;1;2;2;2;27; ;2; ; ;1;2; ; ;1; ;12;46,0553939002063
3357433;1;1;1; ; ; ; ; ; ; ; ; ; ; ; ;12;46,0553939002063
3357433;1;2;1; ; ; ; ; ; ; ; ; ; ; ; ;12;46,0553939002063
3357433;1;3;1; ; ; ; ; ; ; ; ; ; ; ; ;12;46,0553939002063
3357433;1;4;1; ; ; ; ; ; ; ; ; ; ; ; ;12;46,0553939002063
3357433;1;5;1; ; ; ; ; ; ; ; ; ; ; ; ;12;46,0553939002063
3357434;1;1;1; ; ; ; ; ; ; ; ; ; ; ; ;12;46,0553939002063
3357434;1;2;1; ; ; ; ; ; ; ; ; ; ; ; ;12;46,0553939002063
3357440;1;1;2;2;27; ;2; ; ;1;2; ; ;1; ;12;105,927405970475
3357440;1;2;1; ; ; ; ; ; ; ; ; ; ; ; ;12;105,927405970475
3357440;1;3;1; ; ; ; ; ; ; ; ; ; ; ; ;12;105,927405970475
3357440;1;4;1; ; ; ; ; ; ; ; ; ; ; ; ;12;105,927405970475
3357443;1;1;2;2;27; ;2; ; ;1;2; ; ;1; ;12;23,0276969501032
3357443;1;2;1; ; ; ; ; ; ; ; ; ; ; ; ;12;23,0276969501032
3357444;1;1;2;2;27; ;2; ; ;1;2; ; ;1; ;12;23,0276969501032
3357445;1;1;1; ; ; ; ; ; ; ; ; ; ; ; ;12;23,0276969501032
3357445;1;2;2;2;27; ;2; ; ;1;2; ; ;1; ;12;23,0276969501032
3357445;1;3;1; ; ; ; ; ; ; ; ; ; ; ; ;12;23,0276969501032
3357446;1;1;2;2;27; ;3;27; ;1;2; ; ;1; ;12;54,0758165570702
3357446;1;2;2;2;27; ;2; ; ;1;2; ; ;1; ;12;54,0758165570702
3357446;1;3;2;2;27; ;3;27; ;1;2; ; ;1; ;12;54,0758165570702
3357447;1;1;1; ; ; ; ; ; ; ; ; ; ; ; ;12;23,0276969501032
3357447;1;2;1; ; ; ; ; ; ; ; ; ; ; ; ;12;23,0276969501032
3357447;1;3;1; ; ; ; ; ; ; ; ; ; ; ; ;12;23,0276969501032
3357447;1;4;2;2;05; ;3;73; ;2;3;73; ;1; ;12;23,0276969501032
3357448;1;1;1; ; ; ; ; ; ; ; ; ; ; ; ;12;105,927405970475
3357448;1;2;1; ; ; ; ; ; ; ; ; ; ; ; ;12;105,927405970475
3357448;1;3;1; ; ; ; ; ; ; ; ; ; ; ; ;12;105,927405970475
3357448;1;4;1; ; ; ; ; ; ; ; ; ; ; ; ;12;105,927405970475
3357448;1;5;1; ; ; ; ; ; ; ; ; ; ; ; ;12;105,927405970475
3357448;1;6;1; ; ; ; ; ; ; ; ; ; ; ; ;12;105,927405970475
3357449;1;1;2;2;27; ;2; ; ;1;2; ; ;1; ;12;23,0276969501032
3357449;1;2;2;2;27; ;3;27; ;2;2; ; ;1; ;12;23,0276969501032
3357449;1;3;2;2;27; ;3;27; ;2;2; ; ;1; ;12;23,0276969501032
3357449;1;4;2;2;27; ;3;27; ;2;2; ; ;1; ;12;23,0276969501032
3357450;1;1;2;1; ; ;2; ; ;1;2; ; ;1; ;12;125,738671317415
3357451;1;1;2;2;27; ;3;76; ;1;2; ; ;1; ;12;105,927405970475
3357451;1;2;2;1; ; ;1; ; ; ;2; ; ;1; ;12;105,927405970475
3357451;2;1;2;2;76; ;3;17; ;1;2; ; ;1; ;12;105,927405970475
3357452;1;1;2;2;05; ;2; ; ;1;2; ; ;1; ;12;96,0297822796175
3357452;1;2;1; ; ; ; ; ; ; ; ; ; ; ; ;12;96,0297822796175
3357452;1;3;1; ; ; ; ; ; ; ; ; ; ; ; ;12;96,0297822796175
3357452;1;4;1; ; ; ; ; ; ; ; ; ; ; ; ;12;96,0297822796175
3357452;1;5;1; ; ; ; ; ; ; ; ; ; ; ; ;12;96,0297822796175
3357452;1;6;1; ; ; ; ; ; ; ; ; ; ; ; ;12;96,0297822796175
3357452;1;7;1; ; ; ; ; ; ; ; ; ; ; ; ;12;96,0297822796175
3357452;1;8;1; ; ; ; ; ; ; ; ; ; ; ; ;12;96,0297822796175
3357453;1;1;2;2;27; ;2; ; ;1;2; ; ;1; ;12;92,1107878004127
3357453;1;2;1; ; ; ; ; ; ; ; ; ; ; ; ;12;92,1107878004127
3357453;1;3;1; ; ; ; ; ; ; ; ; ; ; ; ;12;92,1107878004127
3357454;1;1;2;2;27; ;2; ; ;1;2; ; ;1; ;12;92,1107878004127
3357454;1;2;1; ; ; ; ; ; ; ; ; ; ; ; ;12;92,1107878004127
3357455;1;1;1; ; ; ; ; ; ; ; ; ; ; ; ;12;62,8693356587075
3357456;1;1;2;1; ; ;2; ; ;1;2; ; ;1; ;12;23,0276969501032
3357456;1;2;2;2;27; ;2; ; ;1;2; ; ;1; ;12;23,0276969501032
3357456;1;3;1; ; ; ; ; ; ; ; ; ; ; ; ;12;23,0276969501032
3357456;1;4;1; ; ; ; ; ; ; ; ; ; ; ; ;12;23,0276969501032
3357456;1;5;2;1; ; ;2; ; ;1;2; ; ;1; ;12;23,0276969501032
3357457;1;1;1; ; ; ; ; ; ; ; ; ; ; ; ;12;23,0276969501032
3357457;1;2;1; ; ; ; ; ; ; ; ; ; ; ; ;12;23,0276969501032
3357457;1;3;1; ; ; ; ; ; ; ; ; ; ; ; ;12;23,0276969501032
3357457;1;4;2;2;05; ;2; ; ;1;2; ; ;1; ;12;23,0276969501032
3357457;1;5;1; ; ; ; ; ; ; ; ; ; ; ; ;12;23,0276969501032
3357458;1;1;2;2;27; ;2; ; ;1;2; ; ;1; ;12;23,0276969501032
3357458;1;2;1; ; ; ; ; ; ; ; ; ; ; ; ;12;23,0276969501032
3357458;1;3;2;2;27; ;3;27; ;1;2; ; ;1; ;12;23,0276969501032
3357458;1;4;2;2;27; ;2; ; ;1;2; ; ;1; ;12;23,0276969501032
3357459;1;1;1; ; ; ; ; ; ; ; ; ; ; ; ;12;46,0553939002063
3357459;1;2;1; ; ; ; ; ; ; ; ; ; ; ; ;12;46,0553939002063
3357460;1;1;2;1; ; ;2; ; ;1;2; ; ;1; ;12;23,0276969501032
3357460;1;2;1; ; ; ; ; ; ; ; ; ; ; ; ;12;23,0276969501032
3357460;1;3;1; ; ; ; ; ; ; ; ; ; ; ; ;12;23,0276969501032
3357461;1;1;2;1; ; ;3;05; ;1;2; ; ;1; ;12;46,0553939002063
3357461;1;2;2;2;05; ;2; ; ;1;2; ; ;1; ;12;46,0553939002063
3357461;1;3;2;2;05; ;1; ; ; ;2; ; ;1; ;12;46,0553939002063
3357461;1;4;1; ; ; ; ; ; ; ; ; ; ; ; ;12;46,0553939002063
3357461;1;5;2;1; ; ;2; ; ;1;3;05; ;1; ;12;46,0553939002063
3357462;1;1;1; ; ; ; ; ; ; ; ; ; ; ; ;12;23,0276969501032
3357463;1;1;1; ; ; ; ; ; ; ; ; ; ; ; ;12;254,922750185575
3357463;1;2;1; ; ; ; ; ; ; ; ; ; ; ; ;12;254,922750185575
3357463;1;3;1; ; ; ; ; ; ; ; ; ; ; ; ;12;254,922750185575
3357464;1;1;1; ; ; ; ; ; ; ; ; ; ; ; ;12;23,0276969501032
3357464;1;2;2;2;27; ;2; ; ;1;2; ; ;1; ;12;23,0276969501032
3357464;1;3;1; ; ; ; ; ; ; ; ; ; ; ; ;12;23,0276969501032
3357464;1;4;1; ; ; ; ; ; ; ; ; ; ; ; ;12;23,0276969501032
3357465;1;1;2;2;27; ;2; ; ;1;2; ; ;1; ;12;23,0276969501032
3357465;1;2;2;2;27; ;3;27; ;2;2; ; ;1; ;12;23,0276969501032
3357469;1;1;2;2;27; ;2; ; ;1;2; ; ;1; ;12;54,0758165570702
3357469;1;2;2;2;27; ;3;27; ;2;2; ; ;1; ;12;54,0758165570702
3357469;1;3;2;2;27; ;3;27; ;2;2; ; ;1; ;12;54,0758165570702
3357470;1;1;2;2;27; ;2; ; ;1;3;27; ;1; ;12;23,0276969501032
3357470;1;2;2;2;27; ;2; ; ;1;2; ; ;1; ;12;23,0276969501032
3357471;1;1;2;2;27; ;2; ; ;1;2; ; ;1; ;12;23,0276969501032
3357471;1;2;2;2;27; ;2; ; ;1;2; ; ;1; ;12;23,0276969501032
3357471;1;3;2;2;76; ;3;27; ;1;2; ; ;1; ;12;23,0276969501032
3357472;1;1;1; ; ; ; ; ; ; ; ; ; ; ; ;12;23,0276969501032
3357472;1;2;2;2;27; ;3;66; ;1;2; ; ;1; ;12;23,0276969501032
3357472;1;3;1; ; ; ; ; ; ; ; ; ; ; ; ;12;23,0276969501032
3357473;1;1;2;1; ; ;2; ; ;1;2; ; ;1; ;12;28,106896935073
3357474;1;1;2;2;27; ;2; ; ;1;2; ; ;1; ;12;23,0276969501032
3357474;1;2;2;1; ; ;3;05; ;1;2; ; ;1; ;12;23,0276969501032
3357474;1;3;1; ; ; ; ; ; ; ; ; ; ; ; ;12;23,0276969501032
3357474;1;4;1; ; ; ; ; ; ; ; ; ; ; ; ;12;23,0276969501032
3357475;1;1;1; ; ; ; ; ; ; ; ; ; ; ; ;12;23,0276969501032
3357475;1;2;2;2;27; ;2; ; ;1;2; ; ;1; ;12;23,0276969501032
3357475;1;3;2;2;27; ;3;27; ;1;2; ; ;1; ;12;23,0276969501032
3357476;1;1;2;1; ; ;2; ; ;1;2; ; ;1; ;12;23,0276969501032
3357476;1;2;2;1; ; ;2; ; ;1;2; ; ;1; ;12;23,0276969501032
3357476;1;3;1; ; ; ; ; ; ; ; ; ; ; ; ;12;23,0276969501032
3357477;1;1;2;2;27; ;2; ; ;1;2; ; ;1; ;12;17,2707727125774
3357477;1;2;1; ; ; ; ; ; ; ; ; ; ; ; ;12;17,2707727125774
3357477;1;3;1; ; ; ; ; ; ; ; ; ; ; ; ;12;17,2707727125774
3357477;1;4;1; ; ; ; ; ; ; ; ; ; ; ; ;12;17,2707727125774
3357477;1;5;1; ; ; ; ; ; ; ; ; ; ; ; ;12;17,2707727125774
3357478;1;1;2;2;27; ;2; ; ;1;2; ; ;1; ;12;23,0276969501032
3357479;1;1;2;2;27; ;2; ; ;1;2; ; ;1; ;12;105,927405970475
3357479;1;2;1; ; ; ; ; ; ; ; ; ; ; ; ;12;105,927405970475
3357479;1;3;1; ; ; ; ; ; ; ; ; ; ; ; ;12;105,927405970475
3357479;1;4;1; ; ; ; ; ; ; ; ; ; ; ; ;12;105,927405970475
3357479;2;1;1; ; ; ; ; ; ; ; ; ; ; ; ;12;105,927405970475
3357479;2;2;1; ; ; ; ; ; ; ; ; ; ; ; ;12;105,927405970475
3357479;3;1;1; ; ; ; ; ; ; ; ; ; ; ; ;12;105,927405970475
3357479;3;2;1; ; ; ; ; ; ; ; ; ; ; ; ;12;105,927405970475
3357479;3;3;1; ; ; ; ; ; ; ; ; ; ; ; ;12;105,927405970475
3357480;1;1;1; ; ; ; ; ; ; ; ; ; ; ; ;12;105,927405970475
3357480;1;2;1; ; ; ; ; ; ; ; ; ; ; ; ;12;105,927405970475
3357480;1;3;1; ; ; ; ; ; ; ; ; ; ; ; ;12;105,927405970475
3357480;1;4;2;2;27; ;2; ; ;1;2; ; ;1; ;12;105,927405970475
3357481;1;1;2;2;27; ;2; ; ;1;2; ; ;1; ;12;23,0276969501032
3357481;1;2;1; ; ; ; ; ; ; ; ; ; ; ; ;12;23,0276969501032
3357481;1;3;1; ; ; ; ; ; ; ; ; ; ; ; ;12;23,0276969501032
3357481;1;4;1; ; ; ; ; ; ; ; ; ; ; ; ;12;23,0276969501032
3357481;1;5;1; ; ; ; ; ; ; ; ; ; ; ; ;12;23,0276969501032
3357481;1;6;1; ; ; ; ; ; ; ; ; ; ; ; ;12;23,0276969501032
3357481;1;7;1; ; ; ; ; ; ; ; ; ; ; ; ;12;23,0276969501032
3357482;1;1;1; ; ; ; ; ; ; ; ; ; ; ; ;12;23,0276969501032
3357482;1;2;1; ; ; ; ; ; ; ; ; ; ; ; ;12;23,0276969501032
3357482;1;3;1; ; ; ; ; ; ; ; ; ; ; ; ;12;23,0276969501032
3357483;1;1;1; ; ; ; ; ; ; ; ; ; ; ; ;12;23,0276969501032
3357483;1;2;1; ; ; ; ; ; ; ; ; ; ; ; ;12;23,0276969501032
3357483;1;3;1; ; ; ; ; ; ; ; ; ; ; ; ;12;23,0276969501032
3357483;1;4;1; ; ; ; ; ; ; ; ; ; ; ; ;12;23,0276969501032
3357483;1;5;1; ; ; ; ; ; ; ; ; ; ; ; ;12;23,0276969501032
3357483;1;6;1; ; ; ; ; ; ; ; ; ; ; ; ;12;23,0276969501032
3357485;1;1;2;2;27; ;2; ; ;1;2; ; ;1; ;12;23,0276969501032
3357485;1;2;1; ; ; ; ; ; ; ; ; ; ; ; ;12;23,0276969501032
3357485;1;3;1; ; ; ; ; ; ; ; ; ; ; ; ;12;23,0276969501032
3357485;1;4;1; ; ; ; ; ; ; ; ; ; ; ; ;12;23,0276969501032
3357485;1;5;2;2;27; ;3;27; ;1;2; ; ;1; ;12;23,0276969501032
3357485;1;6;2;2;27; ;3;18; ;1;2; ; ;1; ;12;23,0276969501032
3357485;1;7;2;2;27; ;3;66; ;1;2; ; ;1; ;12;23,0276969501032
3357486;1;1;1; ; ; ; ; ; ; ; ; ; ; ; ;12;79,4455544778559
3357486;1;2;2;2;15; ;3;95; ;1;2; ; ;1; ;12;79,4455544778559
3357486;1;3;2;2;63; ;3;95; ;1;2; ; ;1; ;12;79,4455544778559
3357486;1;4;2;2;97; ;3;95; ;1;2; ; ;1; ;12;79,4455544778559
3357486;1;5;2;2;97; ;3;95; ;1;2; ; ;1; ;12;79,4455544778559
3357486;1;6;2;2;97; ;1; ; ; ;2; ; ;1; ;12;79,4455544778559
3357486;1;7;1; ; ; ; ; ; ; ; ; ; ; ; ;12;79,4455544778559
3357487;1;1;2;2;27; ;2; ; ;1;2; ; ;1; ;12;23,0276969501032
3357487;1;2;2;2;27; ;3;11; ;1;2; ; ;1; ;12;23,0276969501032
3357488;1;1;2;2;27; ;2; ; ;1;2; ; ;1; ;12;17,2707727125774
3357488;1;2;1; ; ; ; ; ; ; ; ; ; ; ; ;12;17,2707727125774
3357490;1;1;1; ; ; ; ; ; ; ; ; ; ; ; ;12;74,3927079555465
3357490;1;2;1; ; ; ; ; ; ; ; ; ; ; ; ;12;74,3927079555465
3357490;1;3;1; ; ; ; ; ; ; ; ; ; ; ; ;12;74,3927079555465
3357490;1;4;1; ; ; ; ; ; ; ; ; ; ; ; ;12;74,3927079555465
3357491;1;1;2;2;27; ;2; ; ;1;2; ; ;1; ;12;23,0276969501032
3357491;1;2;2;2;27; ;2; ; ;1;2; ; ;1; ;12;23,0276969501032
3357491;1;3;2;2;05; ;2; ; ;1;2; ; ;1; ;12;23,0276969501032
3357491;1;4;2;2;27; ;2; ; ;1;2; ; ;1; ;12;23,0276969501032
3357491;1;5;1; ; ; ; ; ; ; ; ; ; ; ; ;12;23,0276969501032
3357491;1;6;1; ; ; ; ; ; ; ; ; ; ; ; ;12;23,0276969501032
3357491;1;7;1; ; ; ; ; ; ; ; ; ; ; ; ;12;23,0276969501032
3357492;1;1;1; ; ; ; ; ; ; ; ; ; ; ; ;12;23,0276969501032
3357492;1;2;2;2;27; ;2; ; ;1;2; ; ;1; ;12;23,0276969501032
3357492;1;3;1; ; ; ; ; ; ; ; ; ; ; ; ;12;23,0276969501032
3357493;1;1;2;2;19; ;3;76; ;1;2; ; ;1; ;12;23,0276969501032
3357493;1;2;2;2;76; ;2; ; ;1;2; ; ;1; ;12;23,0276969501032
3357493;1;3;2;2;76; ;2; ; ;1;2; ; ;1; ;12;23,0276969501032
3357494;1;1;2;2;27; ;2; ; ;1;2; ; ;1; ;12;23,0276969501032
3357494;1;2;1; ; ; ; ; ; ; ; ; ; ; ; ;12;23,0276969501032
3357494;1;3;1; ; ; ; ; ; ; ; ; ; ; ; ;12;23,0276969501032
3357494;1;4;1; ; ; ; ; ; ; ; ; ; ; ; ;12;23,0276969501032
3357495;1;1;2;2;05; ;2; ; ;1;2; ; ;1; ;12;23,0276969501032
3357495;1;2;2;2;05; ;2; ; ;1;2; ; ;1; ;12;23,0276969501032
3357495;1;3;2;2;05; ;2; ; ;1;2; ; ;1; ;12;23,0276969501032
3357496;1;1;1; ; ; ; ; ; ; ; ; ; ; ; ;12;105,927405970475
3357496;1;2;1; ; ; ; ; ; ; ; ; ; ; ; ;12;105,927405970475
3357496;1;3;1; ; ; ; ; ; ; ; ; ; ; ; ;12;105,927405970475
3357497;1;1;1; ; ; ; ; ; ; ; ; ; ; ; ;12;23,0276969501032
3357498;1;1;1; ; ; ; ; ; ; ; ; ; ; ; ;12;17,2707727125774
3357498;1;2;1; ; ; ; ; ; ; ; ; ; ; ; ;12;17,2707727125774
3357498;1;3;1; ; ; ; ; ; ; ; ; ; ; ; ;12;17,2707727125774
3357499;1;1;1; ; ; ; ; ; ; ; ; ; ; ; ;12;23,0276969501032
3357499;1;2;1; ; ; ; ; ; ; ; ; ; ; ; ;12;23,0276969501032
3357499;1;3;1; ; ; ; ; ; ; ; ; ; ; ; ;12;23,0276969501032
3357500;1;1;1; ; ; ; ; ; ; ; ; ; ; ; ;12;23,0276969501032
3357500;1;2;2;2;27; ;2; ; ;1;2; ; ;1; ;12;23,0276969501032
3357500;1;3;2;2;27; ;2; ; ;1;2; ; ;1; ;12;23,0276969501032
3357500;1;4;2;2;05; ;3;05; ;1;3;05; ;1; ;12;23,0276969501032
3357501;1;1;1; ; ; ; ; ; ; ; ; ; ; ; ;12;23,0276969501032
3357501;1;2;1; ; ; ; ; ; ; ; ; ; ; ; ;12;23,0276969501032
3357501;1;3;1; ; ; ; ; ; ; ; ; ; ; ; ;12;23,0276969501032
3357501;1;4;2;2;05; ;3;05; ;1;2; ; ;1; ;12;23,0276969501032
3357501;1;5;2;2;27; ;3;05; ;1;2; ; ;1; ;12;23,0276969501032
3357502;1;1;1; ; ; ; ; ; ; ; ; ; ; ; ;12;23,0276969501032
3357502;1;2;1; ; ; ; ; ; ; ; ; ; ; ; ;12;23,0276969501032
3357502;1;3;1; ; ; ; ; ; ; ; ; ; ; ; ;12;23,0276969501032
3357503;1;1;2;2;27; ;2; ; ;1;2; ; ;1; ;12;23,0276969501032
3357503;1;2;2;2;05; ;2; ; ;1;2; ; ;1; ;12;23,0276969501032
3357503;1;3;1; ; ; ; ; ; ; ; ; ; ; ; ;12;23,0276969501032
3357504;1;1;2;2;27; ;2; ; ;1;2; ; ;1; ;12;23,0276969501032
3357504;1;2;2;2;27; ;2; ; ;1;2; ; ;1; ;12;23,0276969501032
3357505;1;1;1; ; ; ; ; ; ; ; ; ; ; ; ;12;17,2707727125774
3357505;1;2;1; ; ; ; ; ; ; ; ; ; ; ; ;12;17,2707727125774
3357506;1;1;1; ; ; ; ; ; ; ; ; ; ; ; ;12;23,0276969501032
3357506;1;2;1; ; ; ; ; ; ; ; ; ; ; ; ;12;23,0276969501032
3357506;1;3;1; ; ; ; ; ; ; ; ; ; ; ; ;12;23,0276969501032
3357509;1;1;1; ; ; ; ; ; ; ; ; ; ; ; ;12;17,2707727125774
3357509;1;2;1; ; ; ; ; ; ; ; ; ; ; ; ;12;17,2707727125774
3357509;1;3;1; ; ; ; ; ; ; ; ; ; ; ; ;12;17,2707727125774
3357509;1;4;1; ; ; ; ; ; ; ; ; ; ; ; ;12;17,2707727125774
3357513;1;1;2;2;27; ;2; ; ;1;2; ; ;1; ;12;23,0276969501032
3357513;1;2;1; ; ; ; ; ; ; ; ; ; ; ; ;12;23,0276969501032
3357513;1;3;1; ; ; ; ; ; ; ; ; ; ; ; ;12;23,0276969501032
3357513;1;4;2;2;27; ;2; ; ;1;2; ; ;1; ;12;23,0276969501032
3357513;1;5;1; ; ; ; ; ; ; ; ; ; ; ; ;12;23,0276969501032
3357514;1;1;1; ; ; ; ; ; ; ; ; ; ; ; ;12;23,0276969501032
3357514;1;2;1; ; ; ; ; ; ; ; ; ; ; ; ;12;23,0276969501032
3357514;1;3;1; ; ; ; ; ; ; ; ; ; ; ; ;12;23,0276969501032
3357514;1;4;1; ; ; ; ; ; ; ; ; ; ; ; ;12;23,0276969501032
3357514;1;5;1; ; ; ; ; ; ; ; ; ; ; ; ;12;23,0276969501032
3357514;1;6;2;2;27; ;2; ; ;1;2; ; ;1; ;12;23,0276969501032
3357515;1;1;1; ; ; ; ; ; ; ; ; ; ; ; ;12;105,927405970475
3357515;1;2;1; ; ; ; ; ; ; ; ; ; ; ; ;12;105,927405970475
3357516;1;1;1; ; ; ; ; ; ; ; ; ; ; ; ;12;105,927405970475
3357516;1;2;1; ; ; ; ; ; ; ; ; ; ; ; ;12;105,927405970475
3357516;1;3;1; ; ; ; ; ; ; ; ; ; ; ; ;12;105,927405970475
3357516;1;4;1; ; ; ; ; ; ; ; ; ; ; ; ;12;105,927405970475
3357516;1;5;1; ; ; ; ; ; ; ; ; ; ; ; ;12;105,927405970475
3357516;1;6;1; ; ; ; ; ; ; ; ; ; ; ; ;12;105,927405970475
3357516;1;7;1; ; ; ; ; ; ; ; ; ; ; ; ;12;105,927405970475
3357516;1;8;1; ; ; ; ; ; ; ; ; ; ; ; ;12;105,927405970475
3357516;1;9;1; ; ; ; ; ; ; ; ; ; ; ; ;12;105,927405970475
3357516;1;10;1; ; ; ; ; ; ; ; ; ; ; ; ;12;105,927405970475
3357517;1;1;2;2;27; ;3;27; ;1;2; ; ;1; ;12;23,0276969501032
3357517;1;2;2;2;27; ;2; ; ;1;2; ; ;1; ;12;23,0276969501032
3357517;1;3;2;2;27; ;3;27; ;1;2; ; ;1; ;12;23,0276969501032
3357518;1;1;1; ; ; ; ; ; ; ; ; ; ; ; ;12;23,0276969501032
3357518;1;2;1; ; ; ; ; ; ; ; ; ; ; ; ;12;23,0276969501032
3357518;1;3;1; ; ; ; ; ; ; ; ; ; ; ; ;12;23,0276969501032
3357518;1;4;1; ; ; ; ; ; ; ; ; ; ; ; ;12;23,0276969501032
3357518;1;5;2;1; ; ;3;05; ;1;3;05; ;1; ;12;23,0276969501032
3357519;1;1;1; ; ; ; ; ; ; ; ; ; ; ; ;12;66,1185584698685
3357519;1;2;1; ; ; ; ; ; ; ; ; ; ; ; ;12;66,1185584698685
3357519;1;3;1; ; ; ; ; ; ; ; ; ; ; ; ;12;66,1185584698685
3357519;1;4;1; ; ; ; ; ; ; ; ; ; ; ; ;12;66,1185584698685
3357519;1;5;1; ; ; ; ; ; ; ; ; ; ; ; ;12;66,1185584698685
3357519;1;6;1; ; ; ; ; ; ; ; ; ; ; ; ;12;66,1185584698685
3357520;1;1;1; ; ; ; ; ; ; ; ; ; ; ; ;12;23,0276969501032
3357520;1;2;1; ; ; ; ; ; ; ; ; ; ; ; ;12;23,0276969501032
3357520;1;3;1; ; ; ; ; ; ; ; ; ; ; ; ;12;23,0276969501032
3357520;1;4;1; ; ; ; ; ; ; ; ; ; ; ; ;12;23,0276969501032
3357521;1;1;1; ; ; ; ; ; ; ; ; ; ; ; ;12;23,0276969501032
3357521;1;2;1; ; ; ; ; ; ; ; ; ; ; ; ;12;23,0276969501032
3357522;1;1;1; ; ; ; ; ; ; ; ; ; ; ; ;12;23,0276969501032
3357522;1;2;1; ; ; ; ; ; ; ; ; ; ; ; ;12;23,0276969501032
3357522;1;3;1; ; ; ; ; ; ; ; ; ; ; ; ;12;23,0276969501032
3357522;1;4;1; ; ; ; ; ; ; ; ; ; ; ; ;12;23,0276969501032
3357523;1;1;2;2;27; ;2; ; ;1;2; ; ;1; ;12;63,7306875463937
3357523;1;2;1; ; ; ; ; ; ; ; ; ; ; ; ;12;63,7306875463937
3357523;1;3;1; ; ; ; ; ; ; ; ; ; ; ; ;12;63,7306875463937
3357524;1;1;1; ; ; ; ; ; ; ; ; ; ; ; ;12;23,0276969501032
3357524;1;2;2;2;27; ;2; ; ;1;2; ; ;1; ;12;23,0276969501032
3357524;1;3;1; ; ; ; ; ; ; ; ; ; ; ; ;12;23,0276969501032
3357524;1;4;1; ; ; ; ; ; ; ; ; ; ; ; ;12;23,0276969501032
3357525;1;1;2;2;27; ;2; ; ;1;2; ; ;1; ;12;28,106896935073
3357526;1;1;2;2;27; ;2; ; ;1;2; ; ;1; ;12;23,0276969501032
3357528;1;1;2;2;05; ;2; ; ;1;2; ; ;1; ;12;23,0276969501032
3357528;1;2;1; ; ; ; ; ; ; ; ; ; ; ; ;12;23,0276969501032
3357528;1;3;1; ; ; ; ; ; ; ; ; ; ; ; ;12;23,0276969501032
3357532;1;1;1; ; ; ; ; ; ; ; ; ; ; ; ;12;23,0276969501032
3357532;1;2;1; ; ; ; ; ; ; ; ; ; ; ; ;12;23,0276969501032
3357532;1;3;1; ; ; ; ; ; ; ; ; ; ; ; ;12;23,0276969501032
3357532;1;4;1; ; ; ; ; ; ; ; ; ; ; ; ;12;23,0276969501032
3357532;1;5;1; ; ; ; ; ; ; ; ; ; ; ; ;12;23,0276969501032
3357532;1;6;1; ; ; ; ; ; ; ; ; ; ; ; ;12;23,0276969501032
3357534;1;1;1; ; ; ; ; ; ; ; ; ; ; ; ;12;23,0276969501032
3357534;1;2;1; ; ; ; ; ; ; ; ; ; ; ; ;12;23,0276969501032
3357534;1;3;1; ; ; ; ; ; ; ; ; ; ; ; ;12;23,0276969501032
3357534;1;4;1; ; ; ; ; ; ; ; ; ; ; ; ;12;23,0276969501032
3357534;1;5;1; ; ; ; ; ; ; ; ; ; ; ; ;12;23,0276969501032
3357534;1;6;1; ; ; ; ; ; ; ; ; ; ; ; ;12;23,0276969501032
3357535;1;1;2;2;63; ;3;63; ;1;2; ; ;1; ;12;95,667851143955
3357535;1;2;2;2;63; ;3;63; ;1;2; ; ;1; ;12;95,667851143955
3357535;1;3;2;2;63; ;1; ; ; ;2; ; ;1; ;12;95,667851143955
3357536;1;1;2;2;66; ;3;66; ;1;2; ; ;1; ;12;28,106896935073
3357537;1;1;1; ; ; ; ; ; ; ; ; ; ; ; ;12;23,0276969501032
3357537;1;2;2;2;05; ;2; ; ;1;2; ; ;1; ;12;23,0276969501032
3357537;1;3;1; ; ; ; ; ; ; ; ; ; ; ; ;12;23,0276969501032
3357537;1;4;1; ; ; ; ; ; ; ; ; ; ; ; ;12;23,0276969501032
3357537;1;5;1; ; ; ; ; ; ; ; ; ; ; ; ;12;23,0276969501032
3357537;1;6;1; ; ; ; ; ; ; ; ; ; ; ; ;12;23,0276969501032
3357538;1;1;1; ; ; ; ; ; ; ; ; ; ; ; ;12;23,0276969501032
3357538;1;2;1; ; ; ; ; ; ; ; ; ; ; ; ;12;23,0276969501032
3357538;1;3;1; ; ; ; ; ; ; ; ; ; ; ; ;12;23,0276969501032
3357539;1;1;1; ; ; ; ; ; ; ; ; ; ; ; ;12;23,0276969501032
3357540;1;1;1; ; ; ; ; ; ; ; ; ; ; ; ;12;23,0276969501032
3357540;1;2;2;2;27; ;2; ; ;1;2; ; ;1; ;12;23,0276969501032
3357540;1;3;1; ; ; ; ; ; ; ; ; ; ; ; ;12;23,0276969501032
3357540;1;4;1; ; ; ; ; ; ; ; ; ; ; ; ;12;23,0276969501032
3357541;1;1;2;2;27; ;2; ; ;1;2; ; ;1; ;12;23,0276969501032
3357541;1;2;2;2;27; ;2; ; ;1;2; ; ;1; ;12;23,0276969501032
3357541;1;3;1; ; ; ; ; ; ; ; ; ; ; ; ;12;23,0276969501032
3357542;1;1;1; ; ; ; ; ; ; ; ; ; ; ; ;12;23,0276969501032
3357542;1;2;2;2;20; ;3;27; ;1;2; ; ;1; ;12;23,0276969501032
3357542;1;3;2;2;27; ;3;13; ;1;3;27; ;1; ;12;23,0276969501032
3357543;1;1;2;2;27; ;3;27; ;1;2; ; ;1; ;12;23,0276969501032
3357543;1;2;1; ; ; ; ; ; ; ; ; ; ; ; ;12;23,0276969501032
3357543;1;3;2;2;27; ;3;27; ;1;3;27; ;1; ;12;23,0276969501032
3357543;1;4;1; ; ; ; ; ; ; ; ; ; ; ; ;12;23,0276969501032
3357543;1;5;1; ; ; ; ; ; ; ; ; ; ; ; ;12;23,0276969501032
3357543;1;6;1; ; ; ; ; ; ; ; ; ; ; ; ;12;23,0276969501032
3357543;1;7;2;2;27; ;2; ; ;1;2; ; ;1; ;12;23,0276969501032
3357543;1;8;2;2;27; ;3;27; ;1;2; ; ;1; ;12;23,0276969501032
3357543;1;9;2;2;27; ;3;27; ;1;2; ; ;1; ;12;23,0276969501032
3357543;1;10;1; ; ; ; ; ; ; ; ; ; ; ; ;12;23,0276969501032
3357544;1;1;1; ; ; ; ; ; ; ; ; ; ; ; ;12;23,0276969501032
3357544;1;2;2;2;05; ;3;27; ;1;2; ; ;1; ;12;23,0276969501032
3357545;1;1;2;2;05; ;3;27; ;1;2; ; ;1; ;12;63,7306875463937
3357545;1;2;2;2;05; ;3;27; ;1;2; ; ;1; ;12;63,7306875463937
3357545;1;3;1; ; ; ; ; ; ; ; ; ; ; ; ;12;63,7306875463937
3357546;1;1;2;2;05; ;3;27; ;1;2; ; ;1; ;12;105,927405970475
3357546;1;2;1; ; ; ; ; ; ; ; ; ; ; ; ;12;105,927405970475
3357546;1;3;1; ; ; ; ; ; ; ; ; ; ; ; ;12;105,927405970475
3357546;1;4;1; ; ; ; ; ; ; ; ; ; ; ; ;12;105,927405970475
3357546;1;5;1; ; ; ; ; ; ; ; ; ; ; ; ;12;105,927405970475
3357546;1;6;1; ; ; ; ; ; ; ; ; ; ; ; ;12;105,927405970475
3357553;1;1;2;2;27; ;3;27; ;1;2; ; ;1; ;12;23,0276969501032
3357553;1;2;2;3; ;3;3;27; ;1;2; ; ;1; ;12;23,0276969501032
3357553;1;3;2;2;05; ;2; ; ;1;2; ; ;1; ;12;23,0276969501032
3357553;1;4;2;2;05; ;1; ; ; ;1; ; ; ; ;12;23,0276969501032
3357554;1;1;2;2;27; ;3;27; ;1;2; ; ;1; ;12;23,0276969501032
3357554;1;2;2;2;27; ;3;27; ;1;2; ; ;1; ;12;23,0276969501032
3357554;1;3;1; ; ; ; ; ; ; ; ; ; ; ; ;12;23,0276969501032
3357554;1;4;1; ; ; ; ; ; ; ; ; ; ; ; ;12;23,0276969501032
3357554;1;5;1; ; ; ; ; ; ; ; ; ; ; ; ;12;23,0276969501032
3357554;1;6;1; ; ; ; ; ; ; ; ; ; ; ; ;12;23,0276969501032
3357555;1;1;2;2;27; ;3;27; ;1;2; ; ;1; ;12;23,0276969501032
3357555;1;2;1; ; ; ; ; ; ; ; ; ; ; ; ;12;23,0276969501032
3357556;1;1;2;2;18; ;2; ; ;1;3;27; ;1; ;12;23,0276969501032
3357556;1;2;1; ; ; ; ; ; ; ; ; ; ; ; ;12;23,0276969501032
3357557;1;1;1; ; ; ; ; ; ; ; ; ; ; ; ;12;65,8726834757352
3357557;1;2;1; ; ; ; ; ; ; ; ; ; ; ; ;12;65,8726834757352
3357557;1;3;1; ; ; ; ; ; ; ; ; ; ; ; ;12;65,8726834757352
3357557;1;4;1; ; ; ; ; ; ; ; ; ; ; ; ;12;65,8726834757352
3357558;1;1;2;2;66; ;3;52; ;1;2; ; ;1; ;12;62,8693356587075
3357559;1;1;2;2;27; ;3;27; ;1;2; ; ;1; ;12;23,0276969501032
3357559;1;2;1; ; ; ; ; ; ; ; ; ; ; ; ;12;23,0276969501032
3357559;1;3;1; ; ; ; ; ; ; ; ; ; ; ; ;12;23,0276969501032
3357559;1;4;1; ; ; ; ; ; ; ; ; ; ; ; ;12;23,0276969501032
3357560;1;1;2;2;27; ;3;27; ;1;2; ; ;1; ;12;23,0276969501032
3357560;1;2;1; ; ; ; ; ; ; ; ; ; ; ; ;12;23,0276969501032
3357560;1;3;1; ; ; ; ; ; ; ; ; ; ; ; ;12;23,0276969501032
3357560;1;4;1; ; ; ; ; ; ; ; ; ; ; ; ;12;23,0276969501032
3357561;1;1;2;2;05; ;3;27; ;1;2; ; ;1; ;12;105,927405970475
3357561;1;2;1; ; ; ; ; ; ; ; ; ; ; ; ;12;105,927405970475
3357561;1;3;1; ; ; ; ; ; ; ; ; ; ; ; ;12;105,927405970475
3357561;1;4;1; ; ; ; ; ; ; ; ; ; ; ; ;12;105,927405970475
3357562;1;1;1; ; ; ; ; ; ; ; ; ; ; ; ;12;1955,22419697013
3357562;1;2;1; ; ; ; ; ; ; ; ; ; ; ; ;12;1955,22419697013
3357562;1;3;1; ; ; ; ; ; ; ; ; ; ; ; ;12;1955,22419697013
3357563;1;1;2;2;15; ;2; ; ;1;2; ; ;1; ;12;2975,00308835612
3357563;1;2;2;2;15; ;2; ; ;1;2; ; ;1; ;12;2975,00308835612
3357563;1;3;1; ; ; ; ; ; ; ; ; ; ; ; ;12;2975,00308835612
3357563;1;4;1; ; ; ; ; ; ; ; ; ; ; ; ;12;2975,00308835612
3357563;1;5;1; ; ; ; ; ; ; ; ; ; ; ; ;12;2975,00308835612
3357564;1;1;1; ; ; ; ; ; ; ; ; ; ; ; ;12;2183,41258021965
3357564;1;2;1; ; ; ; ; ; ; ; ; ; ; ; ;12;2183,41258021965
3357564;1;3;1; ; ; ; ; ; ; ; ; ; ; ; ;12;2183,41258021965
3357564;1;4;1; ; ; ; ; ; ; ; ; ; ; ; ;12;2183,41258021965
3357565;1;1;2;2;66; ;2; ; ;1;2; ; ;1; ;12;2690,06666616277
3357565;1;2;1; ; ; ; ; ; ; ; ; ; ; ; ;12;2690,06666616277
3357566;1;1;1; ; ; ; ; ; ; ; ; ; ; ; ;12;2732,68364168859
3357566;1;2;2;2;17; ;2; ; ;1;2; ; ;1; ;12;2732,68364168859
3357567;1;1;2;2;66; ;2; ; ;1;2; ; ;1; ;12;2942,46812676758
3357567;1;2;2;2;73; ;2; ; ;1;2; ; ;1; ;12;2942,46812676758
3357567;1;3;1; ; ; ; ; ; ; ; ; ; ; ; ;12;2942,46812676758
3357567;1;4;1; ; ; ; ; ; ; ; ; ; ; ; ;12;2942,46812676758
3357567;1;5;1; ; ; ; ; ; ; ; ; ; ; ; ;12;2942,46812676758
3357567;1;6;1; ; ; ; ; ; ; ; ; ; ; ; ;12;2942,46812676758
3357567;1;7;1; ; ; ; ; ; ; ; ; ; ; ; ;12;2942,46812676758
3357568;1;1;2;2;25; ;2; ; ;1;2; ; ;1; ;12;2590,21224379486
3357568;1;2;2;2;25; ;2; ; ;1;2; ; ;1; ;12;2590,21224379486
3357569;1;1;2;2;47; ;2; ; ;1;2; ; ;1; ;12;3075,82322083472
3357569;1;2;2;2;68; ;2; ; ;1;2; ; ;1; ;12;3075,82322083472
3357569;1;3;1; ; ; ; ; ; ; ; ; ; ; ; ;12;3075,82322083472
3357569;1;4;1; ; ; ; ; ; ; ; ; ; ; ; ;12;3075,82322083472
3357569;2;1;1; ; ; ; ; ; ; ; ; ; ; ; ;12;3075,82322083472
3357569;2;2;2;2;73; ;2; ; ;1;2; ; ;1; ;12;3075,82322083472
3357569;2;3;1; ; ; ; ; ; ; ; ; ; ; ; ;12;3075,82322083472
3357569;2;4;1; ; ; ; ; ; ; ; ; ; ; ; ;12;3075,82322083472
3357569;2;5;1; ; ; ; ; ; ; ; ; ; ; ; ;12;3075,82322083472
3357570;1;1;1; ; ; ; ; ; ; ; ; ; ; ; ;12;2461,87828291325
3357571;1;1;2;2;25; ;2; ; ;1;2; ; ;1; ;12;1246,55813938295
3357571;1;2;1; ; ; ; ; ; ; ; ; ; ; ; ;12;1246,55813938295
3357571;1;3;1; ; ; ; ; ; ; ; ; ; ; ; ;12;1246,55813938295
3357571;1;4;1; ; ; ; ; ; ; ; ; ; ; ; ;12;1246,55813938295
3357571;1;5;1; ; ; ; ; ; ; ; ; ; ; ; ;12;1246,55813938295
3357572;1;1;2;2;05; ;2; ; ;1;2; ; ;1; ;12;2975,00308835612
3357572;1;2;2;2;50; ;2; ; ;1;2; ; ;1; ;12;2975,00308835612
3357572;1;3;1; ; ; ; ; ; ; ; ; ; ; ; ;12;2975,00308835612
3357572;1;4;1; ; ; ; ; ; ; ; ; ; ; ; ;12;2975,00308835612
3357572;1;5;1; ; ; ; ; ; ; ; ; ; ; ; ;12;2975,00308835612
3357573;1;1;1; ; ; ; ; ; ; ; ; ; ; ; ;12;3247,35927805019
3357573;1;2;1; ; ; ; ; ; ; ; ; ; ; ; ;12;3247,35927805019
3357573;1;3;1; ; ; ; ; ; ; ; ; ; ; ; ;12;3247,35927805019
3357573;1;4;1; ; ; ; ; ; ; ; ; ; ; ; ;12;3247,35927805019
3357574;1;1;1; ; ; ; ; ; ; ; ; ; ; ; ;12;2461,87828291325
3357575;1;1;2;2;25; ;2; ; ;1;2; ; ;1; ;12;2177,48157323099
3357575;1;2;1; ; ; ; ; ; ; ; ; ; ; ; ;12;2177,48157323099
3357575;1;3;1; ; ; ; ; ; ; ; ; ; ; ; ;12;2177,48157323099
3357576;1;1;1; ; ; ; ; ; ; ; ; ; ; ; ;12;2283,69300018715
3357576;1;2;1; ; ; ; ; ; ; ; ; ; ; ; ;12;2283,69300018715
3357576;1;3;1; ; ; ; ; ; ; ; ; ; ; ; ;12;2283,69300018715
3357577;1;1;1; ; ; ; ; ; ; ; ; ; ; ; ;12;2005,40580350442
3357577;1;2;1; ; ; ; ; ; ; ; ; ; ; ; ;12;2005,40580350442
3357577;1;3;1; ; ; ; ; ; ; ; ; ; ; ; ;12;2005,40580350442
3357578;1;1;2;2;25; ;2; ; ;1;2; ; ;1; ;12;1707,99649012919
3357578;1;2;2;2;68; ;2; ; ;1;2; ; ;1; ;12;1707,99649012919
3357578;1;3;1; ; ; ; ; ; ; ; ; ; ; ; ;12;1707,99649012919
3357578;1;4;1; ; ; ; ; ; ; ; ; ; ; ; ;12;1707,99649012919
3357578;1;5;1; ; ; ; ; ; ; ; ; ; ; ; ;12;1707,99649012919
3357579;1;1;2;2;73; ;2; ; ;1;2; ; ;1; ;12;2690,78488468473
3357579;1;2;1; ; ; ; ; ; ; ; ; ; ; ; ;12;2690,78488468473
3357579;1;3;1; ; ; ; ; ; ; ; ; ; ; ; ;12;2690,78488468473
3357579;1;4;1; ; ; ; ; ; ; ; ; ; ; ; ;12;2690,78488468473
3357580;1;1;2;2;15; ;2; ; ;1;2; ; ;1; ;12;2024,17090817519
3357580;1;2;2;2;15; ;2; ; ;1;2; ; ;1; ;12;2024,17090817519
3357580;1;3;1; ; ; ; ; ; ; ; ; ; ; ; ;12;2024,17090817519
3357580;1;4;1; ; ; ; ; ; ; ; ; ; ; ; ;12;2024,17090817519
3357580;1;5;1; ; ; ; ; ; ; ; ; ; ; ; ;12;2024,17090817519
3357580;1;6;1; ; ; ; ; ; ; ; ; ; ; ; ;12;2024,17090817519
3357580;1;7;1; ; ; ; ; ; ; ; ; ; ; ; ;12;2024,17090817519
3357581;1;1;1; ; ; ; ; ; ; ; ; ; ; ; ;12;2658,82867031012
3357581;1;2;1; ; ; ; ; ; ; ; ; ; ; ; ;12;2658,82867031012
3357581;1;3;1; ; ; ; ; ; ; ; ; ; ; ; ;12;2658,82867031012
3357582;1;1;2;2;15; ;2; ; ;1;2; ; ;1; ;12;3247,35927805019
3357582;1;2;2;2;15; ;2; ; ;1;2; ; ;1; ;12;3247,35927805019
3357582;1;3;1; ; ; ; ; ; ; ; ; ; ; ; ;12;3247,35927805019
3357582;1;4;1; ; ; ; ; ; ; ; ; ; ; ; ;12;3247,35927805019
3357583;1;1;2;2;15; ;2; ; ;1;2; ; ;1; ;12;2689,84172323084
3357583;1;2;2;2;15; ;2; ; ;1;2; ; ;1; ;12;2689,84172323084
3357583;1;3;1; ; ; ; ; ; ; ; ; ; ; ; ;12;2689,84172323084
3357583;1;4;2;1; ; ;2; ; ;1;2; ; ;1; ;12;2689,84172323084
3357583;1;5;2;2;15; ;2; ; ;1;2; ; ;1; ;12;2689,84172323084
3357584;1;1;2;2;15; ;2; ; ;1;2; ; ;1; ;12;2703,07926985574
3357584;1;2;1; ; ; ; ; ; ; ; ; ; ; ; ;12;2703,07926985574
3357585;1;1;1; ; ; ; ; ; ; ; ; ; ; ; ;12;2183,41258021965
3357585;1;2;1; ; ; ; ; ; ; ; ; ; ; ; ;12;2183,41258021965
3357585;1;3;1; ; ; ; ; ; ; ; ; ; ; ; ;12;2183,41258021965
3357585;1;4;1; ; ; ; ; ; ; ; ; ; ; ; ;12;2183,41258021965
3357586;1;1;2;2;41; ;2; ; ;1;2; ; ;1; ;12;2233,59418675394
3357586;1;2;2;2;41; ;2; ; ;1;2; ; ;1; ;12;2233,59418675394
3357586;1;3;2;2;41; ;2; ; ;1;2; ; ;1; ;12;2233,59418675394
3357586;1;4;1; ; ; ; ; ; ; ; ; ; ; ; ;12;2233,59418675394
3357587;1;1;2;2;73; ;2; ; ;1;2; ; ;1; ;12;2210,12825017152
3357587;1;2;2;2;68; ;2; ; ;1;2; ; ;1; ;12;2210,12825017152
3357587;1;3;1; ; ; ; ; ; ; ; ; ; ; ; ;12;2210,12825017152
3357587;1;4;1; ; ; ; ; ; ; ; ; ; ; ; ;12;2210,12825017152
3357588;1;1;1; ; ; ; ; ; ; ; ; ; ; ; ;12;2652,89766332146
3357588;1;2;1; ; ; ; ; ; ; ; ; ; ; ; ;12;2652,89766332146
3357589;1;1;2;1; ; ;2; ; ;1;2; ; ;1; ;12;2227,66317976528
3357589;1;2;1; ; ; ; ; ; ; ; ; ; ; ; ;12;2227,66317976528
3357589;1;3;1; ; ; ; ; ; ; ; ; ; ; ; ;12;2227,66317976528
3357590;1;1;2;1; ; ;2; ; ;1;2; ; ;1; ;12;2505,95037644801
3357590;1;2;1; ; ; ; ; ; ; ; ; ; ; ; ;12;2505,95037644801
3357590;1;3;1; ; ; ; ; ; ; ; ; ; ; ; ;12;2505,95037644801
3357591;1;1;1; ; ; ; ; ; ; ; ; ; ; ; ;12;1516,97710972098
3357591;1;2;1; ; ; ; ; ; ; ; ; ; ; ; ;12;1516,97710972098
3357591;1;3;1; ; ; ; ; ; ; ; ; ; ; ; ;12;1516,97710972098
3357591;1;4;1; ; ; ; ; ; ; ; ; ; ; ; ;12;1516,97710972098
3357592;1;1;1; ; ; ; ; ; ; ; ; ; ; ; ;12;1986,46219282278
3357592;1;2;1; ; ; ; ; ; ; ; ; ; ; ; ;12;1986,46219282278
3357593;1;1;2;2;15; ;2; ; ;1;2; ; ;1; ;12;1257,88738890272
3357593;1;2;1; ; ; ; ; ; ; ; ; ; ; ; ;12;1257,88738890272
3357593;1;3;1; ; ; ; ; ; ; ; ; ; ; ; ;12;1257,88738890272
3357593;1;4;1; ; ; ; ; ; ; ; ; ; ; ; ;12;1257,88738890272
3357595;1;1;2;2;54; ;2; ; ;1;2; ; ;1; ;12;2183,41258021965
3357595;1;2;2;2;15; ;2; ; ;1;2; ; ;1; ;12;2183,41258021965
3357595;1;3;1; ; ; ; ; ; ; ; ; ; ; ; ;12;2183,41258021965
3357595;1;4;1; ; ; ; ; ; ; ; ; ; ; ; ;12;2183,41258021965
3357596;1;1;1; ; ; ; ; ; ; ; ; ; ; ; ;12;2214,65057607231
3357596;1;2;1; ; ; ; ; ; ; ; ; ; ; ; ;12;2214,65057607231
3357596;1;3;1; ; ; ; ; ; ; ; ; ; ; ; ;12;2214,65057607231
3357597;1;1;1; ; ; ; ; ; ; ; ; ; ; ; ;12;2184,13079874161
3357597;1;2;1; ; ; ; ; ; ; ; ; ; ; ; ;12;2184,13079874161
3357597;1;3;1; ; ; ; ; ; ; ; ; ; ; ; ;12;2184,13079874161
3357597;2;1;1; ; ; ; ; ; ; ; ; ; ; ; ;12;2184,13079874161
3357597;2;2;2;2;68; ;2; ; ;1;2; ; ;1; ;12;2184,13079874161
3357597;2;3;1; ; ; ; ; ; ; ; ; ; ; ; ;12;2184,13079874161
3357598;1;1;1; ; ; ; ; ; ; ; ; ; ; ; ;12;2727,95388752604
3357598;1;2;1; ; ; ; ; ; ; ; ; ; ; ; ;12;2727,95388752604
3357598;1;3;1; ; ; ; ; ; ; ; ; ; ; ; ;12;2727,95388752604
3357598;1;4;1; ; ; ; ; ; ; ; ; ; ; ; ;12;2727,95388752604
3357599;1;1;1; ; ; ; ; ; ; ; ; ; ; ; ;12;2183,41258021965
3357599;1;2;2;2;15; ;2; ; ;1;2; ; ;1; ;12;2183,41258021965
3357599;1;3;1; ; ; ; ; ; ; ; ; ; ; ; ;12;2183,41258021965
3357599;1;4;1; ; ; ; ; ; ; ; ; ; ; ; ;12;2183,41258021965
3357600;1;1;2;2;13; ;2; ; ;1;2; ; ;1; ;12;3284,52828089151
3357600;1;2;2;2;13; ;2; ; ;1;2; ; ;1; ;12;3284,52828089151
3357600;1;3;2;2;13; ;2; ; ;1;2; ; ;1; ;12;3284,52828089151
3357600;1;4;1; ; ; ; ; ; ; ; ; ; ; ; ;12;3284,52828089151
3357601;1;1;2;2;68; ;2; ; ;1;2; ; ;1; ;12;2664,75967729878
3357601;1;2;2;2;68; ;2; ; ;1;2; ; ;1; ;12;2664,75967729878
3357601;1;3;1; ; ; ; ; ; ; ; ; ; ; ; ;12;2664,75967729878
3357601;1;4;1; ; ; ; ; ; ; ; ; ; ; ; ;12;2664,75967729878
3357602;1;1;2;2;68; ;2; ; ;1;2; ; ;1; ;12;2530,06033867528
3357602;1;2;2;2;25; ;2; ; ;1;2; ; ;1; ;12;2530,06033867528
3357602;1;3;1; ; ; ; ; ; ; ; ; ; ; ; ;12;2530,06033867528
3357603;1;1;2;2;85; ;2; ; ;1;2; ; ;1; ;12;1294,8314488121
3357603;1;2;2;2;73; ;2; ; ;1;2; ; ;1; ;12;1294,8314488121
3357603;1;3;2;2;73; ;2; ; ;1;2; ; ;1; ;12;1294,8314488121
3357603;1;4;2;2;73; ;2; ; ;1;2; ; ;1; ;12;1294,8314488121
3357603;1;5;2;2;73; ;2; ; ;1;2; ; ;1; ;12;1294,8314488121
3357603;1;6;2;2;17; ;2; ; ;1;2; ; ;1; ;12;1294,8314488121
3357603;1;7;2;2;73; ;3;73; ;1;2; ; ;1; ;12;1294,8314488121
3357604;1;1;2;2;18; ;2; ; ;1;2; ; ;1; ;12;2541,66426128038
3357605;1;1;2;1; ; ;2; ; ;1;2; ; ;1; ;12;2684,13565917411
3357606;1;1;1; ; ; ; ; ; ; ; ; ; ; ; ;12;2950,12847068583
3357606;1;2;1; ; ; ; ; ; ; ; ; ; ; ; ;12;2950,12847068583
3357606;1;3;1; ; ; ; ; ; ; ; ; ; ; ; ;12;2950,12847068583
3357607;1;1;2;2;25; ;2; ; ;1;2; ; ;1; ;12;2165,18718805998
3357607;1;2;1; ; ; ; ; ; ; ; ; ; ; ; ;12;2165,18718805998
3357607;1;3;1; ; ; ; ; ; ; ; ; ; ; ; ;12;2165,18718805998
3357607;1;4;2;2;17; ;2; ; ;1;2; ; ;1; ;12;2165,18718805998
3357607;1;5;2;2;17; ;2; ; ;1;2; ; ;1; ;12;2165,18718805998
3357608;1;1;2;2;15; ;2; ; ;1;2; ; ;1; ;12;2283,69300018715
3357608;1;2;1; ; ; ; ; ; ; ; ; ; ; ; ;12;2283,69300018715
3357608;1;3;1; ; ; ; ; ; ; ; ; ; ; ; ;12;2283,69300018715
3357609;1;1;2;2;25; ;3;15; ;2;2; ; ;1; ;12;2226,02955574547
3357609;1;2;2;2;15; ;3;15; ;2;2; ; ;1; ;12;2226,02955574547
3357609;1;3;2;2;15; ;2; ; ;1;2; ; ;1; ;12;2226,02955574547
3357609;1;4;2;2;08; ;3;08; ;1;2; ; ;1; ;12;2226,02955574547
3357610;1;1;1; ; ; ; ; ; ; ; ; ; ; ; ;12;2738,61464867725
3357610;1;2;1; ; ; ; ; ; ; ; ; ; ; ; ;12;2738,61464867725
3357610;1;3;1; ; ; ; ; ; ; ; ; ; ; ; ;12;2738,61464867725
3357611;1;1;1; ; ; ; ; ; ; ; ; ; ; ; ;12;2005,40580350442
3357611;1;2;1; ; ; ; ; ; ; ; ; ; ; ; ;12;2005,40580350442
3357611;1;3;1; ; ; ; ; ; ; ; ; ; ; ; ;12;2005,40580350442
3357612;1;1;2;2;25; ;2; ; ;1;2; ; ;1; ;12;2703,07926985574
3357612;1;2;1; ; ; ; ; ; ; ; ; ; ; ; ;12;2703,07926985574
3357613;1;1;1; ; ; ; ; ; ; ; ; ; ; ; ;12;2017,70018867543
3357615;1;1;1; ; ; ; ; ; ; ; ; ; ; ; ;12;2196,42518391263
3357615;1;2;1; ; ; ; ; ; ; ; ; ; ; ; ;12;2196,42518391263
3357615;1;3;1; ; ; ; ; ; ; ; ; ; ; ; ;12;2196,42518391263
3357615;1;4;1; ; ; ; ; ; ; ; ; ; ; ; ;12;2196,42518391263
3357618;1;1;2;2;15; ;2; ; ;1;2; ; ;1; ;12;2456,30848242482
3357618;1;2;2;2;15; ;2; ; ;1;2; ; ;1; ;12;2456,30848242482
3357618;1;3;1; ; ; ; ; ; ; ; ; ; ; ; ;12;2456,30848242482
3357618;1;4;2;2;25; ;2; ; ;1;2; ; ;1; ;12;2456,30848242482
3357618;1;5;1; ; ; ; ; ; ; ; ; ; ; ; ;12;2456,30848242482
3357618;1;6;2;2;25; ;2; ; ;1;2; ; ;1; ;12;2456,30848242482
3357618;1;7;1; ; ; ; ; ; ; ; ; ; ; ; ;12;2456,30848242482
3357618;1;8;1; ; ; ; ; ; ; ; ; ; ; ; ;12;2456,30848242482
3357619;1;1;2;2;05; ;2; ; ;1;2; ; ;1; ;12;2505,95037644801
3357619;1;2;1; ; ; ; ; ; ; ; ; ; ; ; ;12;2505,95037644801
3357619;1;3;1; ; ; ; ; ; ; ; ; ; ; ; ;12;2505,95037644801
3357620;1;1;1; ; ; ; ; ; ; ; ; ; ; ; ;12;3166,02246876433
3357620;1;2;1; ; ; ; ; ; ; ; ; ; ; ; ;12;3166,02246876433
3357620;1;3;1; ; ; ; ; ; ; ; ; ; ; ; ;12;3166,02246876433
3357620;1;4;1; ; ; ; ; ; ; ; ; ; ; ; ;12;3166,02246876433
3357620;1;5;1; ; ; ; ; ; ; ; ; ; ; ; ;12;3166,02246876433
3357620;1;6;1; ; ; ; ; ; ; ; ; ; ; ; ;12;3166,02246876433
3357621;1;1;2;2;68; ;2; ; ;1;2; ; ;1; ;12;2333,87460672144
3357621;1;2;1; ; ; ; ; ; ; ; ; ; ; ; ;12;2333,87460672144
3357621;1;3;1; ; ; ; ; ; ; ; ; ; ; ; ;12;2333,87460672144
3357622;1;1;2;2;76; ;2; ; ;1;2; ; ;1; ;12;2881,08604657098
3357622;1;2;1; ; ; ; ; ; ; ; ; ; ; ; ;12;2881,08604657098
3357622;1;3;1; ; ; ; ; ; ; ; ; ; ; ; ;12;2881,08604657098
3357623;1;1;1; ; ; ; ; ; ; ; ; ; ; ; ;12;2672,53173656901
3357623;1;2;1; ; ; ; ; ; ; ; ; ; ; ; ;12;2672,53173656901
3357623;1;3;1; ; ; ; ; ; ; ; ; ; ; ; ;12;2672,53173656901
3357624;1;1;1; ; ; ; ; ; ; ; ; ; ; ; ;12;2314,9309960398
3357624;1;2;1; ; ; ; ; ; ; ; ; ; ; ; ;12;2314,9309960398
3357625;1;1;2;1; ; ;2; ; ;1;2; ; ;1; ;12;9974,62396510798
3357625;1;2;1; ; ; ; ; ; ; ; ; ; ; ; ;12;9974,62396510798
3357625;1;3;1; ; ; ; ; ; ; ; ; ; ; ; ;12;9974,62396510798
3357625;1;4;1; ; ; ; ; ; ; ; ; ; ; ; ;12;9974,62396510798
3357625;1;5;1; ; ; ; ; ; ; ; ; ; ; ; ;12;9974,62396510798
3357626;1;1;2;2;27; ;2; ; ;1;2; ; ;1; ;12;2868,58807424338
3357626;1;2;1; ; ; ; ; ; ; ; ; ; ; ; ;12;2868,58807424338
3357626;1;3;1; ; ; ; ; ; ; ; ; ; ; ; ;12;2868,58807424338
3357626;1;4;1; ; ; ; ; ; ; ; ; ; ; ; ;12;2868,58807424338
3357626;1;5;2;1; ; ;3;73; ;1;2; ; ;1; ;12;2868,58807424338
3357626;1;6;1; ; ; ; ; ; ; ; ; ; ; ; ;12;2868,58807424338
3357626;1;7;1; ; ; ; ; ; ; ; ; ; ; ; ;12;2868,58807424338
3357626;1;8;1; ; ; ; ; ; ; ; ; ; ; ; ;12;2868,58807424338
3357626;1;9;1; ; ; ; ; ; ; ; ; ; ; ; ;12;2868,58807424338
3357626;1;10;1; ; ; ; ; ; ; ; ; ; ; ; ;12;2868,58807424338
3357626;1;11;1; ; ; ; ; ; ; ; ; ; ; ; ;12;2868,58807424338
3357627;1;1;2;2;13; ;2; ; ;1;2; ; ;1; ;12;2738,64683501207
3357627;1;2;2;2;73; ;2; ; ;1;2; ; ;1; ;12;2738,64683501207
3357628;1;1;2;2;73; ;2; ; ;1;2; ; ;1; ;12;1955,12848406035
3357628;1;2;1; ; ; ; ; ; ; ; ; ; ; ; ;12;1955,12848406035
3357628;1;3;1; ; ; ; ; ; ; ; ; ; ; ; ;12;1955,12848406035
3357628;1;4;1; ; ; ; ; ; ; ; ; ; ; ; ;12;1955,12848406035
3357628;1;5;1; ; ; ; ; ; ; ; ; ; ; ; ;12;1955,12848406035
3357628;1;6;2;2;73; ;2; ; ;1;2; ; ;1; ;12;1955,12848406035
3357628;1;7;1; ; ; ; ; ; ; ; ; ; ; ; ;12;1955,12848406035
3357629;1;1;2;2;25; ;2; ; ;1;2; ; ;1; ;12;2701,44564583594
3357629;1;2;2;2;25; ;2; ; ;1;2; ; ;1; ;12;2701,44564583594
3357629;1;3;2;2;25; ;2; ; ;1;2; ; ;1; ;12;2701,44564583594
3357630;1;1;2;2;17; ;2; ; ;1;2; ; ;1; ;12;2658,82867031012
3357630;1;2;2;2;63; ;2; ; ;1;2; ; ;1; ;12;2658,82867031012
3357630;1;3;1; ; ; ; ; ; ; ; ; ; ; ; ;12;2658,82867031012
3357631;1;1;2;2;15; ;2; ; ;1;2; ; ;1; ;12;2272,08907758205
3357631;1;2;2;2;73; ;2; ; ;1;2; ; ;1; ;12;2272,08907758205
3357631;1;3;2;2;73; ;1; ; ; ;2; ; ;1; ;12;2272,08907758205
3357631;1;4;2;2;15; ;3;15; ;1;2; ; ;1; ;12;2272,08907758205
3357631;2;1;2;2;15; ;2; ; ;1;2; ; ;1; ;12;2272,08907758205
3357632;1;1;1; ; ; ; ; ; ; ; ; ; ; ; ;12;2845,32572481754
3357632;1;2;2;2;15; ;2; ; ;1;2; ; ;1; ;12;2845,32572481754
3357632;1;3;1; ; ; ; ; ; ; ; ; ; ; ; ;12;2845,32572481754
3357632;1;4;1; ; ; ; ; ; ; ; ; ; ; ; ;12;2845,32572481754
3357632;1;5;1; ; ; ; ; ; ; ; ; ; ; ; ;12;2845,32572481754
3357633;1;1;2;1; ; ;2; ; ;1;2; ; ;1; ;12;1863,26889832275
3357633;1;2;1; ; ; ; ; ; ; ; ; ; ; ; ;12;1863,26889832275
3357633;1;3;1; ; ; ; ; ; ; ; ; ; ; ; ;12;1863,26889832275
3357633;1;4;1; ; ; ; ; ; ; ; ; ; ; ; ;12;1863,26889832275
3357633;1;5;1; ; ; ; ; ; ; ; ; ; ; ; ;12;1863,26889832275
3357634;1;1;2;2;73; ;2; ; ;1;2; ; ;1; ;12;3102,454956796
3357634;1;2;2;2;11; ;2; ; ;1;2; ; ;1; ;12;3102,454956796
3357634;1;3;2;2;73; ;2; ; ;1;2; ; ;1; ;12;3102,454956796
3357635;1;1;2;2;08; ;2; ; ;1;2; ; ;1; ;12;3218,3219680209
3357635;1;2;1; ; ; ; ; ; ; ; ; ; ; ; ;12;3218,3219680209
3357635;1;3;1; ; ; ; ; ; ; ; ; ; ; ; ;12;3218,3219680209
3357636;1;1;2;1; ; ;2; ; ;1;2; ; ;1; ;12;1856,79870888058
3357636;1;2;2;1; ; ;2; ; ;1;2; ; ;1; ;12;1856,79870888058
3357636;1;3;1; ; ; ; ; ; ; ; ; ; ; ; ;12;1856,79870888058
3357636;1;4;2;1; ; ;2; ; ;1;2; ; ;1; ;12;1856,79870888058
3357639;1;1;2;2;81; ;2; ; ;1;2; ; ;1; ;12;10954,458594709
3357639;1;2;1; ; ; ; ; ; ; ; ; ; ; ; ;12;10954,458594709
3357639;1;3;2;2;41; ;2; ; ;1;2; ; ;1; ;12;10954,458594709
3357640;1;1;1; ; ; ; ; ; ; ; ; ; ; ; ;12;9898,84952238144
3357640;1;2;1; ; ; ; ; ; ; ; ; ; ; ; ;12;9898,84952238144
3357640;1;3;1; ; ; ; ; ; ; ; ; ; ; ; ;12;9898,84952238144
3357640;1;4;1; ; ; ; ; ; ; ; ; ; ; ; ;12;9898,84952238144
3357641;1;1;2;2;68; ;2; ; ;1;2; ; ;1; ;12;10611,5906532858
3357641;1;2;1; ; ; ; ; ; ; ; ; ; ; ; ;12;10611,5906532858
3357642;1;1;1; ; ; ; ; ; ; ; ; ; ; ; ;12;8020,90918997423
3357642;1;2;2;2;15; ;2; ; ;1;2; ; ;1; ;12;8020,90918997423
3357642;1;3;1; ; ; ; ; ; ; ; ; ; ; ; ;12;8020,90918997423
3357642;1;4;1; ; ; ; ; ; ; ; ; ; ; ; ;12;8020,90918997423
3357642;1;5;1; ; ; ; ; ; ; ; ; ; ; ; ;12;8020,90918997423
3357642;1;6;1; ; ; ; ; ; ; ; ; ; ; ; ;12;8020,90918997423
3357643;1;1;2;2;25; ;2; ; ;1;2; ; ;1; ;12;2492,89133583397
3357643;1;2;2;2;25; ;2; ; ;1;2; ; ;1; ;12;2492,89133583397
3357643;1;3;1; ; ; ; ; ; ; ; ; ; ; ; ;12;2492,89133583397
3357644;1;1;2;2;25; ;2; ; ;1;2; ; ;1; ;12;2492,89133583397
3357644;1;2;2;2;25; ;2; ; ;1;2; ; ;1; ;12;2492,89133583397
3357644;1;3;1; ; ; ; ; ; ; ; ; ; ; ; ;12;2492,89133583397
3357645;1;1;2;2;25; ;2; ; ;1;2; ; ;1; ;12;2005,40580350442
3357645;1;2;2;2;25; ;3;25; ;1;2; ; ;1; ;12;2005,40580350442
3357645;1;3;1; ; ; ; ; ; ; ; ; ; ; ; ;12;2005,40580350442
3357646;1;1;2;2;41; ;3;25; ;1;2; ; ;1; ;12;3000,31007722011
3357646;1;2;2;2;41; ;3;25; ;1;2; ; ;1; ;12;3000,31007722011
3357646;1;3;1; ; ; ; ; ; ; ; ; ; ; ; ;12;3000,31007722011
3357647;1;1;1; ; ; ; ; ; ; ; ; ; ; ; ;12;10635,3146812405
3357647;1;2;1; ; ; ; ; ; ; ; ; ; ; ; ;12;10635,3146812405
3357647;1;3;1; ; ; ; ; ; ; ; ; ; ; ; ;12;10635,3146812405
3357648;1;1;2;2;15; ;2; ; ;1;2; ; ;1; ;12;2475,58134917214
3357649;1;1;2;2;25; ;2; ; ;1;2; ; ;1; ;12;2969,07208136746
3357649;1;2;2;2;50; ;2; ; ;1;2; ; ;1; ;12;2969,07208136746
3357649;1;3;1; ; ; ; ; ; ; ; ; ; ; ; ;12;2969,07208136746
3357649;1;4;1; ; ; ; ; ; ; ; ; ; ; ; ;12;2969,07208136746
3357650;1;1;2;2;50; ;2; ; ;1;2; ; ;1; ;12;2005,40580350442
3357650;1;2;2;1; ; ;3;17; ;2;2; ; ;1; ;12;2005,40580350442
3357650;1;3;2;2;25; ;1; ; ; ;2; ; ;1; ;12;2005,40580350442
3357651;1;1;1; ; ; ; ; ; ; ; ; ; ; ; ;12;1708,62906628082
3357651;1;2;1; ; ; ; ; ; ; ; ; ; ; ; ;12;1708,62906628082
3357651;1;3;1; ; ; ; ; ; ; ; ; ; ; ; ;12;1708,62906628082
3357651;1;4;1; ; ; ; ; ; ; ; ; ; ; ; ;12;1708,62906628082
3357651;1;5;1; ; ; ; ; ; ; ; ; ; ; ; ;12;1708,62906628082
3357651;1;6;1; ; ; ; ; ; ; ; ; ; ; ; ;12;1708,62906628082
3357651;1;7;1; ; ; ; ; ; ; ; ; ; ; ; ;12;1708,62906628082
3357652;1;1;2;2;15; ;2; ; ;1;2; ; ;1; ;12;2968,45060263653
3357652;1;2;2;2;15; ;2; ; ;1;2; ; ;1; ;12;2968,45060263653
3357652;1;3;1; ; ; ; ; ; ; ; ; ; ; ; ;12;2968,45060263653
3357652;1;4;1; ; ; ; ; ; ; ; ; ; ; ; ;12;2968,45060263653
3357653;1;1;2;2;15; ;3;63; ;1;2; ; ;1; ;12;2695,7727302195
3357653;1;2;2;2;05; ;3;63; ;1;2; ; ;1; ;12;2695,7727302195
3357653;1;3;1; ; ; ; ; ; ; ; ; ; ; ; ;12;2695,7727302195
3357653;1;4;2;2;63; ;2; ; ;1;2; ; ;1; ;12;2695,7727302195
3357653;1;5;2;1; ; ;3;63; ;1;2; ; ;1; ;12;2695,7727302195
3357653;2;1;2;2;25; ;2; ; ;1;2; ; ;1; ;12;2695,7727302195
3357654;1;1;2;2;05; ;2; ; ;1;2; ; ;1; ;12;1455,55599482154
3357654;1;2;2;2;73; ;2; ; ;1;2; ; ;1; ;12;1455,55599482154
3357654;1;3;2;2;05; ;2; ; ;1;2; ; ;1; ;12;1455,55599482154
3357654;1;4;1; ; ; ; ; ; ; ; ; ; ; ; ;12;1455,55599482154
3357654;1;5;2;2;05; ;2; ; ;1;2; ; ;1; ;12;1455,55599482154
3357654;1;6;2;2;05; ;2; ; ;1;2; ; ;1; ;12;1455,55599482154
3357654;1;7;2;2;05; ;2; ; ;1;2; ; ;1; ;12;1455,55599482154
3357654;1;8;1; ; ; ; ; ; ; ; ; ; ; ; ;12;1455,55599482154
3357655;1;1;2;2;25; ;2; ; ;1;2; ; ;1; ;12;2035,01017533726
3357655;2;1;1; ; ; ; ; ; ; ; ; ; ; ; ;12;2035,01017533726
3357655;2;2;2;2;25; ;2; ; ;1;2; ; ;1; ;12;2035,01017533726
3357656;1;1;2;2;41; ;2; ; ;1;2; ; ;1; ;12;2658,82867031012
3357656;1;2;2;2;41; ;2; ; ;1;2; ; ;1; ;12;2658,82867031012
3357656;1;3;1; ; ; ; ; ; ; ; ; ; ; ; ;12;2658,82867031012
3357657;1;1;2;1; ; ;2; ; ;1;2; ; ;1; ;12;9916,75307830031
3357657;1;2;2;2;25; ;2; ; ;1;2; ; ;1; ;12;9916,75307830031
3357657;1;3;1; ; ; ; ; ; ; ; ; ; ; ; ;12;9916,75307830031
3357658;1;1;2;2;41; ;2; ; ;1;2; ; ;1; ;12;2950,12847068583
3357658;1;2;2;2;50; ;3;50; ;1;2; ; ;1; ;12;2950,12847068583
3357658;1;3;1; ; ; ; ; ; ; ; ; ; ; ; ;12;2950,12847068583
3357659;1;1;1; ; ; ; ; ; ; ; ; ; ; ; ;12;2914,7359352761
3357659;1;2;1; ; ; ; ; ; ; ; ; ; ; ; ;12;2914,7359352761
3357659;1;3;1; ; ; ; ; ; ; ; ; ; ; ; ;12;2914,7359352761
3357661;1;1;2;2;15; ;2; ; ;1;2; ; ;1; ;12;10635,3146812405
3357661;1;2;2;2;73; ;2; ; ;1;2; ; ;1; ;12;10635,3146812405
3357661;1;3;2;2;25; ;2; ; ;1;2; ; ;1; ;12;10635,3146812405
3357662;1;1;2;1; ; ;3;25; ;1;2; ; ;1; ;12;8910,65271906112
3357662;1;2;1; ; ; ; ; ; ; ; ; ; ; ; ;12;8910,65271906112
3357662;1;3;2;1; ; ;3;25; ;1;2; ; ;1; ;12;8910,65271906112
3357663;1;1;2;2;73; ;2; ; ;1;2; ; ;1; ;12;10541,4509349108
3357663;1;2;2;2;73; ;2; ; ;1;2; ; ;1; ;12;10541,4509349108
3357663;1;3;2;1; ; ;2; ; ;1;2; ; ;1; ;12;10541,4509349108
3357664;1;1;1; ; ; ; ; ; ; ; ; ; ; ; ;12;8584,97430951336
3357664;1;2;1; ; ; ; ; ; ; ; ; ; ; ; ;12;8584,97430951336
3357664;1;3;1; ; ; ; ; ; ; ; ; ; ; ; ;12;8584,97430951336
3357664;1;4;1; ; ; ; ; ; ; ; ; ; ; ; ;12;8584,97430951336
3357665;1;1;2;2;15; ;2; ; ;1;2; ; ;1; ;12;12989,4371122008
3357665;1;2;1; ; ; ; ; ; ; ; ; ; ; ; ;12;12989,4371122008
3357665;1;3;1; ; ; ; ; ; ; ; ; ; ; ; ;12;12989,4371122008
3357665;1;4;1; ; ; ; ; ; ; ; ; ; ; ; ;12;12989,4371122008
3357666;1;1;2;2;41; ;2; ; ;1;2; ; ;1; ;12;1929,3384608922
3357666;1;2;2;2;41; ;2; ; ;1;2; ; ;1; ;12;1929,3384608922
3357666;1;3;1; ; ; ; ; ; ; ; ; ; ; ; ;12;1929,3384608922
3357666;1;4;1; ; ; ; ; ; ; ; ; ; ; ; ;12;1929,3384608922
3357666;1;5;2;2;41; ;2; ; ;1;2; ; ;1; ;12;1929,3384608922
3357666;2;1;2;2;41; ;3;41; ;2;2; ; ;1; ;12;1929,3384608922
3357666;2;2;2;2;41; ;3;41; ;2;2; ; ;1; ;12;1929,3384608922
3357666;2;3;2;2;41; ;3;41; ;2;2; ; ;1; ;12;1929,3384608922
3357667;1;1;2;2;23; ;3;23; ;1;2; ; ;1; ;12;1986,46219282278
3357667;1;2;2;2;73; ;3;73; ;1;2; ; ;1; ;12;1986,46219282278
3357668;1;1;2;2;15; ;2; ; ;1;2; ; ;1; ;12;2739,33286719921
3357668;1;2;2;2;15; ;2; ; ;1;2; ; ;1; ;12;2739,33286719921
3357668;1;3;1; ; ; ; ; ; ; ; ; ; ; ; ;12;2739,33286719921
3357668;1;4;1; ; ; ; ; ; ; ; ; ; ; ; ;12;2739,33286719921
3357668;1;5;2;2;15; ;2; ; ;1;2; ; ;1; ;12;2739,33286719921
3357669;1;1;2;2;63; ;2; ; ;1;2; ; ;1; ;12;10096,5173267465
3357669;1;2;2;2;05; ;2; ; ;1;2; ; ;1; ;12;10096,5173267465
3357670;1;1;2;2;15; ;2; ; ;1;2; ; ;1; ;12;2753,59563456722
3357670;1;2;2;2;50; ;2; ; ;1;2; ; ;1; ;12;2753,59563456722
3357671;1;1;2;2;68; ;2; ; ;1;2; ; ;1; ;12;2961,99048466315
3357671;1;2;2;2;17; ;2; ; ;1;2; ; ;1; ;12;2961,99048466315
3357671;1;3;1; ; ; ; ; ; ; ; ; ; ; ; ;12;2961,99048466315
3357671;1;4;1; ; ; ; ; ; ; ; ; ; ; ; ;12;2961,99048466315
3357671;1;5;2;2;17; ;3;17; ;1;2; ; ;1; ;12;2961,99048466315
3357672;1;1;2;2;25; ;2; ; ;1;2; ; ;1; ;12;2208,71956908364
3357672;1;2;2;2;50; ;2; ; ;1;2; ; ;1; ;12;2208,71956908364
3357673;1;1;1; ; ; ; ; ; ; ; ; ; ; ; ;12;3562,38310638054
3357673;1;2;1; ; ; ; ; ; ; ; ; ; ; ; ;12;3562,38310638054
3357673;1;3;1; ; ; ; ; ; ; ; ; ; ; ; ;12;3562,38310638054
3357673;1;4;1; ; ; ; ; ; ; ; ; ; ; ; ;12;3562,38310638054
3357673;1;5;1; ; ; ; ; ; ; ; ; ; ; ; ;12;3562,38310638054
3357673;1;6;1; ; ; ; ; ; ; ; ; ; ; ; ;12;3562,38310638054
3357673;1;7;1; ; ; ; ; ; ; ; ; ; ; ; ;12;3562,38310638054
3357673;1;8;1; ; ; ; ; ; ; ; ; ; ; ; ;12;3562,38310638054
3357674;1;1;2;2;25; ;2; ; ;1;2; ; ;1; ;12;6884,03637528865
3357674;1;2;1; ; ; ; ; ; ; ; ; ; ; ; ;12;6884,03637528865
3357674;1;3;1; ; ; ; ; ; ; ; ; ; ; ; ;12;6884,03637528865
3357674;1;4;1; ; ; ; ; ; ; ; ; ; ; ; ;12;6884,03637528865
3357674;1;5;1; ; ; ; ; ; ; ; ; ; ; ; ;12;6884,03637528865
3357675;1;1;2;2;05; ;3;66; ;1;2; ; ;1; ;12;2461,87828291325
3357676;1;1;2;2;73; ;2; ; ;1;2; ; ;1; ;12;2475,58134917214
3357677;1;1;2;2;73; ;2; ; ;1;2; ; ;1; ;12;1732,87110779948
3357677;1;2;2;2;15; ;2; ; ;1;2; ; ;1; ;12;1732,87110779948
3357677;1;3;1; ; ; ; ; ; ; ; ; ; ; ; ;12;1732,87110779948
3357677;1;4;1; ; ; ; ; ; ; ; ; ; ; ; ;12;1732,87110779948
3357677;1;5;1; ; ; ; ; ; ; ; ; ; ; ; ;12;1732,87110779948
3357677;1;6;1; ; ; ; ; ; ; ; ; ; ; ; ;12;1732,87110779948
3357677;1;7;1; ; ; ; ; ; ; ; ; ; ; ; ;12;1732,87110779948
3357678;1;1;2;2;25; ;2; ; ;1;2; ; ;1; ;12;2475,58134917214
3357679;1;1;2;2;05; ;2; ; ;1;2; ; ;1; ;12;8144,8457126535
3357679;1;2;2;2;86; ;3;86; ;1;2; ; ;1; ;12;8144,8457126535
3357679;1;3;2;2;86; ;2; ; ;1;2; ; ;1; ;12;8144,8457126535
3357679;1;4;1; ; ; ; ; ; ; ; ; ; ; ; ;12;8144,8457126535
3357679;1;5;1; ; ; ; ; ; ; ; ; ; ; ; ;12;8144,8457126535
3357679;1;6;1; ; ; ; ; ; ; ; ; ; ; ; ;12;8144,8457126535
3357680;1;1;1; ; ; ; ; ; ; ; ; ; ; ; ;12;2772,72464866951
3357681;1;1;1; ; ; ; ; ; ; ; ; ; ; ; ;12;3000,31007722011
3357681;1;2;1; ; ; ; ; ; ; ; ; ; ; ; ;12;3000,31007722011
3357681;1;3;1; ; ; ; ; ; ; ; ; ; ; ; ;12;3000,31007722011
3357684;1;1;2;2;05; ;2; ; ;1;2; ; ;1; ;12;9902,32539668855
3357685;1;1;2;2;15; ;2; ; ;1;2; ; ;1; ;12;10711,089123967
3357685;1;2;2;2;47; ;3;47; ;1;2; ; ;1; ;12;10711,089123967
3357685;1;3;2;2;47; ;1; ; ; ;2; ; ;1; ;12;10711,089123967
3357685;1;4;2;2;15; ;3;15; ;2;2; ; ;1; ;12;10711,089123967
3357686;1;1;1; ; ; ; ; ; ; ; ; ; ; ; ;12;10611,5906532858
3357686;1;2;1; ; ; ; ; ; ; ; ; ; ; ; ;12;10611,5906532858
3357687;1;1;2;2;63; ;2; ; ;1;2; ; ;1; ;12;2441,92355382398
3357687;1;2;1; ; ; ; ; ; ; ; ; ; ; ; ;12;2441,92355382398
3357687;1;3;1; ; ; ; ; ; ; ; ; ; ; ; ;12;2441,92355382398
3357687;1;4;1; ; ; ; ; ; ; ; ; ; ; ; ;12;2441,92355382398
3357687;1;5;1; ; ; ; ; ; ; ; ; ; ; ; ;12;2441,92355382398
3357687;1;6;1; ; ; ; ; ; ; ; ; ; ; ; ;12;2441,92355382398
3357687;1;7;1; ; ; ; ; ; ; ; ; ; ; ; ;12;2441,92355382398
3357688;1;1;1; ; ; ; ; ; ; ; ; ; ; ; ;12;2523,26036310984
3357688;1;2;2;2;76; ;2; ; ;1;2; ; ;1; ;12;2523,26036310984
3357688;1;3;1; ; ; ; ; ; ; ; ; ; ; ; ;12;2523,26036310984
3357688;1;4;1; ; ; ; ; ; ; ; ; ; ; ; ;12;2523,26036310984
3357688;1;5;1; ; ; ; ; ; ; ; ; ; ; ; ;12;2523,26036310984
3357689;1;1;2;2;25; ;2; ; ;1;2; ; ;1; ;12;2541,66426128038
3357690;1;1;2;2;73; ;2; ; ;1;2; ; ;1; ;12;2658,82867031012
3357690;1;2;2;2;25; ;2; ; ;1;2; ; ;1; ;12;2658,82867031012
3357690;1;3;2;2;73; ;2; ; ;1;2; ; ;1; ;12;2658,82867031012
3357691;1;1;1; ; ; ; ; ; ; ; ; ; ; ; ;12;2671,84127400309
3357691;1;2;1; ; ; ; ; ; ; ; ; ; ; ; ;12;2671,84127400309
3357691;1;3;1; ; ; ; ; ; ; ; ; ; ; ; ;12;2671,84127400309
3357692;1;1;2;1; ; ;2; ; ;1;2; ; ;1; ;12;1726,94010081082
3357692;1;2;1; ; ; ; ; ; ; ; ; ; ; ; ;12;1726,94010081082
3357692;1;3;1; ; ; ; ; ; ; ; ; ; ; ; ;12;1726,94010081082
3357692;1;4;1; ; ; ; ; ; ; ; ; ; ; ; ;12;1726,94010081082
3357692;1;5;2;1; ; ;2; ; ;1;2; ; ;1; ;12;1726,94010081082
3357692;1;6;1; ; ; ; ; ; ; ; ; ; ; ; ;12;1726,94010081082
3357693;1;1;2;2;25; ;2; ; ;1;2; ; ;1; ;12;3178,09191100342
3357693;1;2;1; ; ; ; ; ; ; ; ; ; ; ; ;12;3178,09191100342
3357693;1;3;2;1; ; ;4; ;11; ;2; ; ;1; ;12;3178,09191100342
3357693;1;4;1; ; ; ; ; ; ; ; ; ; ; ; ;12;3178,09191100342
3357693;1;5;1; ; ; ; ; ; ; ; ; ; ; ; ;12;3178,09191100342
3357693;1;6;2;2;15; ;2; ; ;1;2; ; ;1; ;12;3178,09191100342
3357693;1;7;1; ; ; ; ; ; ; ; ; ; ; ; ;12;3178,09191100342
3357694;1;1;2;2;08; ;2; ; ;1;2; ; ;1; ;12;2862,8606544113
3357694;1;2;2;2;44; ;2; ; ;1;2; ; ;1; ;12;2862,8606544113
3357694;1;3;1; ; ; ; ; ; ; ; ; ; ; ; ;12;2862,8606544113
3357694;1;4;2;2;70; ;3;20; ;1;3;20; ;1; ;12;2862,8606544113
3357695;1;1;2;2;25; ;2; ; ;1;2; ; ;1; ;12;2695,99767315143
3357695;1;2;2;2;25; ;2; ; ;1;2; ; ;1; ;12;2695,99767315143
3357695;1;3;1; ; ; ; ; ; ; ; ; ; ; ; ;12;2695,99767315143
3357696;1;1;2;2;73; ;2; ; ;1;2; ; ;1; ;12;2524,12933168662
3357696;1;2;2;2;73; ;2; ; ;1;2; ; ;1; ;12;2524,12933168662
3357697;1;1;1; ; ; ; ; ; ; ; ; ; ; ; ;12;2690,06666616277
3357697;1;2;1; ; ; ; ; ; ; ; ; ; ; ; ;12;2690,06666616277
3357698;1;1;2;2;25; ;2; ; ;1;2; ; ;1; ;12;1986,46219282278
3357698;1;2;2;2;41; ;2; ; ;1;2; ; ;1; ;12;1986,46219282278
3357699;1;1;1; ; ; ; ; ; ; ; ; ; ; ; ;12;2658,82867031012
3357699;1;2;1; ; ; ; ; ; ; ; ; ; ; ; ;12;2658,82867031012
3357699;1;3;1; ; ; ; ; ; ; ; ; ; ; ; ;12;2658,82867031012
3357700;1;1;2;2;68; ;2; ; ;1;2; ; ;1; ;12;2664,75967729878
3357700;1;2;2;2;25; ;2; ; ;1;2; ; ;1; ;12;2664,75967729878
3357700;1;3;1; ; ; ; ; ; ; ; ; ; ; ; ;12;2664,75967729878
3357700;1;4;2;2;08; ;2; ; ;1;2; ; ;1; ;12;2664,75967729878
3357701;1;1;2;2;76; ;2; ; ;1;2; ; ;1; ;12;2666,60072958035
3357701;1;2;1; ; ; ; ; ; ; ; ; ; ; ; ;12;2666,60072958035
3357702;1;1;1; ; ; ; ; ; ; ; ; ; ; ; ;12;2146,24357737834
3357702;1;2;1; ; ; ; ; ; ; ; ; ; ; ; ;12;2146,24357737834
3357702;1;3;1; ; ; ; ; ; ; ; ; ; ; ; ;12;2146,24357737834
3357702;1;4;1; ; ; ; ; ; ; ; ; ; ; ; ;12;2146,24357737834
3357703;1;1;1; ; ; ; ; ; ; ; ; ; ; ; ;12;2664,75967729878
3357703;1;2;2;2;73; ;2; ; ;1;2; ; ;1; ;12;2664,75967729878
3357703;1;3;1; ; ; ; ; ; ; ; ; ; ; ; ;12;2664,75967729878
3357703;1;4;1; ; ; ; ; ; ; ; ; ; ; ; ;12;2664,75967729878
3357704;1;1;2;2;76; ;2; ; ;1;2; ; ;1; ;12;2732,68364168859
3357704;1;2;1; ; ; ; ; ; ; ; ; ; ; ; ;12;2732,68364168859
3357705;1;1;2;2;52; ;2; ; ;1;2; ; ;1; ;12;2288,28060451885
3357705;1;2;2;2;54; ;2; ; ;1;2; ; ;1; ;12;2288,28060451885
3357705;1;3;1; ; ; ; ; ; ; ; ; ; ; ; ;12;2288,28060451885
3357705;1;4;1; ; ; ; ; ; ; ; ; ; ; ; ;12;2288,28060451885
3357705;1;5;2;2;54; ;2; ; ;1;2; ; ;1; ;12;2288,28060451885
3357706;1;1;2;2;15; ;2; ; ;1;2; ; ;1; ;12;2066,24817118992
3357706;1;2;1; ; ; ; ; ; ; ; ; ; ; ; ;12;2066,24817118992
3357707;1;1;2;2;15; ;2; ; ;1;2; ; ;1; ;12;2695,7727302195
3357707;1;2;2;2;25; ;2; ; ;1;2; ; ;1; ;12;2695,7727302195
3357707;1;3;1; ; ; ; ; ; ; ; ; ; ; ; ;12;2695,7727302195
3357707;1;4;1; ; ; ; ; ; ; ; ; ; ; ; ;12;2695,7727302195
3357707;1;5;1; ; ; ; ; ; ; ; ; ; ; ; ;12;2695,7727302195
3357707;1;6;1; ; ; ; ; ; ; ; ; ; ; ; ;12;2695,7727302195
3357708;1;1;2;2;17; ;3;17; ;1;2; ; ;1; ;12;4923,75656582649
3357709;1;1;2;2;88; ;2; ; ;1;2; ; ;1; ;12;4923,75656582649
3357710;1;1;2;2;68; ;2; ; ;1;2; ; ;1; ;12;4923,75656582649
3357711;1;1;2;2;15; ;2; ; ;1;2; ; ;1; ;12;2461,65333998131
3357711;1;2;2;2;15; ;2; ; ;1;2; ; ;1; ;12;2461,65333998131
3357711;1;3;1; ; ; ; ; ; ; ; ; ; ; ; ;12;2461,65333998131
3357711;1;4;1; ; ; ; ; ; ; ; ; ; ; ; ;12;2461,65333998131
3357712;1;1;2;2;05; ;3;05; ;1;2; ; ;1; ;12;2652,89766332146
3357712;1;2;2;2;05; ;3;05; ;1;2; ; ;1; ;12;2652,89766332146
3357713;1;1;2;2;52; ;2; ; ;1;2; ; ;1; ;12;2684,13565917411
3357714;1;1;2;2;47; ;2; ; ;1;2; ; ;1; ;12;4923,75656582649
3357715;1;1;2;2;25; ;2; ; ;1;2; ; ;1; ;12;2524,12933168662
3357715;1;2;2;2;73; ;2; ; ;1;2; ; ;1; ;12;2524,12933168662
3357716;1;1;2;2;13; ;2; ; ;1;2; ; ;1; ;12;1986,46219282278
3357716;1;2;2;2;13; ;2; ; ;1;2; ; ;1; ;12;1986,46219282278
3357717;1;1;2;2;54; ;2; ; ;1;2; ; ;1; ;12;2652,89766332146
3357717;1;2;2;2;54; ;3;54; ;1;2; ; ;1; ;12;2652,89766332146
3357718;1;1;2;2;15; ;2; ; ;1;2; ; ;1; ;12;2666,60072958035
3357718;1;2;2;1; ; ;4; ;11; ;2; ; ;1; ;12;2666,60072958035
3357719;1;1;2;2;17; ;3;63; ;1;2; ; ;1; ;12;4923,75656582649
3357720;1;1;2;2;73; ;2; ; ;1;2; ; ;1; ;12;2208,71956908364
3357720;1;2;1; ; ; ; ; ; ; ; ; ; ; ; ;12;2208,71956908364
3357723;1;1;1; ; ; ; ; ; ; ; ; ; ; ; ;12;2183,41258021965
3357723;1;2;2;2;41; ;2; ; ;1;2; ; ;1; ;12;2183,41258021965
3357723;1;3;2;2;41; ;2; ; ;1;2; ; ;1; ;12;2183,41258021965
3357723;1;4;2;1; ; ;2; ; ;1;2; ; ;1; ;12;2183,41258021965
3357724;1;1;2;2;73; ;2; ; ;1;2; ; ;1; ;12;2524,12933168662
3357724;1;2;2;2;15; ;2; ; ;1;2; ; ;1; ;12;2524,12933168662
3357725;1;1;1; ; ; ; ; ; ; ; ; ; ; ; ;12;2829,98903453884
3357725;1;2;1; ; ; ; ; ; ; ; ; ; ; ; ;12;2829,98903453884
3357725;1;3;1; ; ; ; ; ; ; ; ; ; ; ; ;12;2829,98903453884
3357725;1;4;1; ; ; ; ; ; ; ; ; ; ; ; ;12;2829,98903453884
3357725;1;5;1; ; ; ; ; ; ; ; ; ; ; ; ;12;2829,98903453884
3357725;1;6;1; ; ; ; ; ; ; ; ; ; ; ; ;12;2829,98903453884
3357726;1;1;1; ; ; ; ; ; ; ; ; ; ; ; ;12;3084,56819716994
3357726;1;2;1; ; ; ; ; ; ; ; ; ; ; ; ;12;3084,56819716994
3357727;1;1;1; ; ; ; ; ; ; ; ; ; ; ; ;12;4923,75656582649
3357728;1;1;1; ; ; ; ; ; ; ; ; ; ; ; ;12;2524,12933168662
3357728;1;2;2;2;76; ;2; ; ;1;2; ; ;1; ;12;2524,12933168662
3357729;1;1;2;3; ;1;2; ; ;1;2; ; ;1; ;12;1702,06548314053
3357729;1;2;1; ; ; ; ; ; ; ; ; ; ; ; ;12;1702,06548314053
3357729;1;3;1; ; ; ; ; ; ; ; ; ; ; ; ;12;1702,06548314053
3357729;1;4;1; ; ; ; ; ; ; ; ; ; ; ; ;12;1702,06548314053
3357730;1;1;2;2;15; ;2; ; ;1;2; ; ;1; ;12;2196,42518391263
3357730;1;2;1; ; ; ; ; ; ; ; ; ; ; ; ;12;2196,42518391263
3357730;1;3;1; ; ; ; ; ; ; ; ; ; ; ; ;12;2196,42518391263
3357730;1;4;1; ; ; ; ; ; ; ; ; ; ; ; ;12;2196,42518391263
3357731;1;1;2;2;05; ;2; ; ;1;2; ; ;1; ;12;2732,68364168859
3357731;1;2;1; ; ; ; ; ; ; ; ; ; ; ; ;12;2732,68364168859
3357733;1;1;2;2;81; ;2; ; ;1;2; ; ;1; ;12;2671,84127400309
3357733;1;2;1; ; ; ; ; ; ; ; ; ; ; ; ;12;2671,84127400309
3357733;1;3;1; ; ; ; ; ; ; ; ; ; ; ; ;12;2671,84127400309
3357734;1;1;1; ; ; ; ; ; ; ; ; ; ; ; ;12;2701,44564583594
3357734;1;2;2;3; ;6;2; ; ;1;2; ; ;1; ;12;2701,44564583594
3357734;1;3;1; ; ; ; ; ; ; ; ; ; ; ; ;12;2701,44564583594
3357735;1;1;2;2;73; ;3;73; ;1;2; ; ;1; ;12;4035,40037735087
3357740;1;1;2;2;05; ;3;41; ;1;2; ; ;1; ;12;4923,75656582649
3357741;1;1;2;2;85; ;3;85; ;1;2; ; ;1; ;12;3029,91444905296
3357741;1;2;2;2;85; ;2; ; ;1;2; ; ;1; ;12;3029,91444905296
3357741;1;3;1; ; ; ; ; ; ; ; ; ; ; ; ;12;3029,91444905296
3357742;1;1;1; ; ; ; ; ; ; ; ; ; ; ; ;12;3247,35927805019
3357742;1;2;1; ; ; ; ; ; ; ; ; ; ; ; ;12;3247,35927805019
3357742;1;3;1; ; ; ; ; ; ; ; ; ; ; ; ;12;3247,35927805019
3357742;1;4;1; ; ; ; ; ; ; ; ; ; ; ; ;12;3247,35927805019
3357743;1;1;2;2;73; ;2; ; ;1;2; ; ;1; ;12;2683,91071624218
3357743;1;2;1; ; ; ; ; ; ; ; ; ; ; ; ;12;2683,91071624218
3357743;1;3;1; ; ; ; ; ; ; ; ; ; ; ; ;12;2683,91071624218
3357743;1;4;1; ; ; ; ; ; ; ; ; ; ; ; ;12;2683,91071624218
3357744;1;1;1; ; ; ; ; ; ; ; ; ; ; ; ;12;2227,66317976528
3357744;1;2;1; ; ; ; ; ; ; ; ; ; ; ; ;12;2227,66317976528
3357744;1;3;1; ; ; ; ; ; ; ; ; ; ; ; ;12;2227,66317976528
3357745;1;1;2;2;73; ;3;73; ;1;2; ; ;1; ;12;1383,04242654051
3357745;1;2;2;2;73; ;3;73; ;1;2; ; ;1; ;12;1383,04242654051
3357745;1;3;2;2;73; ;2; ; ;1;2; ; ;1; ;12;1383,04242654051
3357745;1;4;1; ; ; ; ; ; ; ; ; ; ; ; ;12;1383,04242654051
3357745;1;5;2;2;73; ;3;73; ;1;2; ; ;1; ;12;1383,04242654051
3357746;1;1;1; ; ; ; ; ; ; ; ; ; ; ; ;12;2510,42626542773
3357746;1;2;1; ; ; ; ; ; ; ; ; ; ; ; ;12;2510,42626542773
3357747;1;1;2;2;25; ;2; ; ;1;2; ; ;1; ;12;2829,77960671756
3357747;1;2;2;2;25; ;2; ; ;1;2; ; ;1; ;12;2829,77960671756
3357747;1;3;2;2;25; ;2; ; ;1;2; ; ;1; ;12;2829,77960671756
3357747;1;4;2;2;25; ;2; ; ;1;2; ; ;1; ;12;2829,77960671756
3357748;1;1;2;2;68; ;2; ; ;1;2; ; ;1; ;12;4923,75656582649
3357749;1;1;2;2;05; ;2; ; ;1;2; ; ;1; ;12;4923,75656582649
3357750;1;1;1; ; ; ; ; ; ; ; ; ; ; ; ;12;2530,06033867528
3357750;1;2;2;2;25; ;2; ; ;1;2; ; ;1; ;12;2530,06033867528
3357750;1;3;1; ; ; ; ; ; ; ; ; ; ; ; ;12;2530,06033867528
3357751;1;1;2;2;73; ;4; ;9; ;2; ; ;1; ;12;2862,8606544113
3357751;1;2;2;2;73; ;3;73; ;1;2; ; ;1; ;12;2862,8606544113
3357751;1;3;1; ; ; ; ; ; ; ; ; ; ; ; ;12;2862,8606544113
3357751;1;4;2;2;73; ;4; ;9; ;2; ; ;1; ;12;2862,8606544113
3357752;1;1;2;2;15; ;2; ; ;1;2; ; ;1; ;12;2955,83453474255
3357752;1;2;2;2;25; ;2; ; ;1;2; ; ;1; ;12;2955,83453474255
3357752;1;3;1; ; ; ; ; ; ; ; ; ; ; ; ;12;2955,83453474255
3357752;1;4;1; ; ; ; ; ; ; ; ; ; ; ; ;12;2955,83453474255
3357752;1;5;1; ; ; ; ; ; ; ; ; ; ; ; ;12;2955,83453474255
3357752;1;6;2;2;25; ;2; ; ;1;2; ; ;1; ;12;2955,83453474255
3357752;1;7;1; ; ; ; ; ; ; ; ; ; ; ; ;12;2955,83453474255
3357753;1;1;2;2;15; ;2; ; ;1;2; ; ;1; ;12;2524,12933168662
3357753;1;2;2;1; ; ;2; ; ;1;2; ; ;1; ;12;2524,12933168662
3357754;1;1;2;2;25; ;2; ; ;1;2; ; ;1; ;12;2732,68364168859
3357754;1;2;1; ; ; ; ; ; ; ; ; ; ; ; ;12;2732,68364168859
3357755;1;1;1; ; ; ; ; ; ; ; ; ; ; ; ;12;1707,99649012919
3357755;1;2;1; ; ; ; ; ; ; ; ; ; ; ; ;12;1707,99649012919
3357755;1;3;1; ; ; ; ; ; ; ; ; ; ; ; ;12;1707,99649012919
3357755;1;4;1; ; ; ; ; ; ; ; ; ; ; ; ;12;1707,99649012919
3357755;1;5;1; ; ; ; ; ; ; ; ; ; ; ; ;12;1707,99649012919
3357756;1;1;1; ; ; ; ; ; ; ; ; ; ; ; ;12;2690,78488468473
3357756;1;2;1; ; ; ; ; ; ; ; ; ; ; ; ;12;2690,78488468473
3357756;1;3;1; ; ; ; ; ; ; ; ; ; ; ; ;12;2690,78488468473
3357756;1;4;1; ; ; ; ; ; ; ; ; ; ; ; ;12;2690,78488468473
3357761;1;1;1; ; ; ; ; ; ; ; ; ; ; ; ;12;2115,00558152569
3357761;1;2;1; ; ; ; ; ; ; ; ; ; ; ; ;12;2115,00558152569
3357761;1;3;1; ; ; ; ; ; ; ; ; ; ; ; ;12;2115,00558152569
3357761;1;4;1; ; ; ; ; ; ; ; ; ; ; ; ;12;2115,00558152569
3357761;1;5;2;2;05; ;2; ; ;1;2; ; ;1; ;12;2115,00558152569
3357762;1;1;1; ; ; ; ; ; ; ; ; ; ; ; ;12;2987,29747352714
3357762;1;2;1; ; ; ; ; ; ; ; ; ; ; ; ;12;2987,29747352714
3357762;1;3;1; ; ; ; ; ; ; ; ; ; ; ; ;12;2987,29747352714
3357763;1;1;1; ; ; ; ; ; ; ; ; ; ; ; ;12;2244,97316642711
3357763;1;2;1; ; ; ; ; ; ; ; ; ; ; ; ;12;2244,97316642711
3357763;1;3;1; ; ; ; ; ; ; ; ; ; ; ; ;12;2244,97316642711
3357763;1;4;1; ; ; ; ; ; ; ; ; ; ; ; ;12;2244,97316642711
3357763;1;5;1; ; ; ; ; ; ; ; ; ; ; ; ;12;2244,97316642711
3357764;1;1;1; ; ; ; ; ; ; ; ; ; ; ; ;12;2690,78488468473
3357764;1;2;2;2;15; ;2; ; ;1;2; ; ;1; ;12;2690,78488468473
3357764;1;3;1; ; ; ; ; ; ; ; ; ; ; ; ;12;2690,78488468473
3357764;1;4;1; ; ; ; ; ; ; ; ; ; ; ; ;12;2690,78488468473
3357765;1;1;2;2;05; ;2; ; ;1;2; ; ;1; ;12;2720,38925651757
3357765;1;2;2;2;05; ;2; ; ;1;2; ; ;1; ;12;2720,38925651757
3357765;1;3;1; ; ; ; ; ; ; ; ; ; ; ; ;12;2720,38925651757
3357765;1;4;1; ; ; ; ; ; ; ; ; ; ; ; ;12;2720,38925651757
3357766;1;1;1; ; ; ; ; ; ; ; ; ; ; ; ;12;2721,79793760545
3357766;1;2;1; ; ; ; ; ; ; ; ; ; ; ; ;12;2721,79793760545
3357766;1;3;1; ; ; ; ; ; ; ; ; ; ; ; ;12;2721,79793760545
3357766;1;4;1; ; ; ; ; ; ; ; ; ; ; ; ;12;2721,79793760545
3357766;1;5;1; ; ; ; ; ; ; ; ; ; ; ; ;12;2721,79793760545
3357766;1;6;1; ; ; ; ; ; ; ; ; ; ; ; ;12;2721,79793760545
3357767;1;1;1; ; ; ; ; ; ; ; ; ; ; ; ;12;2684,13565917411
3357768;1;1;1; ; ; ; ; ; ; ; ; ; ; ; ;12;2339,8056137101
3357768;1;2;1; ; ; ; ; ; ; ; ; ; ; ; ;12;2339,8056137101
3357768;1;3;1; ; ; ; ; ; ; ; ; ; ; ; ;12;2339,8056137101
3357768;1;4;1; ; ; ; ; ; ; ; ; ; ; ; ;12;2339,8056137101
3357769;1;1;1; ; ; ; ; ; ; ; ; ; ; ; ;12;2969,07208136746
3357769;1;2;1; ; ; ; ; ; ; ; ; ; ; ; ;12;2969,07208136746
3357769;1;3;1; ; ; ; ; ; ; ; ; ; ; ; ;12;2969,07208136746
3357769;1;4;1; ; ; ; ; ; ; ; ; ; ; ; ;12;2969,07208136746
3357770;1;1;1; ; ; ; ; ; ; ; ; ; ; ; ;12;2461,87828291325
3357771;1;1;2;2;25; ;2; ; ;1;2; ; ;1; ;12;2684,13565917411
3357772;1;1;1; ; ; ; ; ; ; ; ; ; ; ; ;12;1702,06548314053
3357772;1;2;1; ; ; ; ; ; ; ; ; ; ; ; ;12;1702,06548314053
3357772;1;3;1; ; ; ; ; ; ; ; ; ; ; ; ;12;1702,06548314053
3357772;1;4;2;3; ;10;2; ; ;1;2; ; ;1; ;12;1702,06548314053
3357773;1;1;2;2;25; ;2; ; ;1;2; ; ;1; ;12;2461,87828291325
3357774;1;1;2;2;68; ;2; ; ;1;2; ; ;1; ;12;3253,29028503885
3357774;1;2;1; ; ; ; ; ; ; ; ; ; ; ; ;12;3253,29028503885
3357774;1;3;1; ; ; ; ; ; ; ; ; ; ; ; ;12;3253,29028503885
3357774;1;4;1; ; ; ; ; ; ; ; ; ; ; ; ;12;3253,29028503885
3357774;1;5;1; ; ; ; ; ; ; ; ; ; ; ; ;12;3253,29028503885
3357775;1;1;2;2;19; ;3;19; ;2;2; ; ;1; ;12;2499,04728575456
3357777;1;1;1; ; ; ; ; ; ; ; ; ; ; ; ;12;2024,34941418605
3357777;1;2;1; ; ; ; ; ; ; ; ; ; ; ; ;12;2024,34941418605
3357777;1;3;1; ; ; ; ; ; ; ; ; ; ; ; ;12;2024,34941418605
3357777;1;4;1; ; ; ; ; ; ; ; ; ; ; ; ;12;2024,34941418605
3357778;1;1;1; ; ; ; ; ; ; ; ; ; ; ; ;12;2246,60679044692
3357778;1;2;1; ; ; ; ; ; ; ; ; ; ; ; ;12;2246,60679044692
3357778;1;3;1; ; ; ; ; ; ; ; ; ; ; ; ;12;2246,60679044692
3357778;1;4;2;2;15; ;2; ; ;1;2; ; ;1; ;12;2246,60679044692
3357779;1;1;1; ; ; ; ; ; ; ; ; ; ; ; ;12;2530,06033867528
3357779;1;2;1; ; ; ; ; ; ; ; ; ; ; ; ;12;2530,06033867528
3357779;1;3;1; ; ; ; ; ; ; ; ; ; ; ; ;12;2530,06033867528
3357780;1;1;1; ; ; ; ; ; ; ; ; ; ; ; ;12;2510,42626542773
3357780;1;2;2;2;73; ;2; ; ;1;2; ; ;1; ;12;2510,42626542773
3357781;1;1;1; ; ; ; ; ; ; ; ; ; ; ; ;12;2530,06033867528
3357781;1;2;1; ; ; ; ; ; ; ; ; ; ; ; ;12;2530,06033867528
3357781;1;3;1; ; ; ; ; ; ; ; ; ; ; ; ;12;2530,06033867528
3357782;1;1;1; ; ; ; ; ; ; ; ; ; ; ; ;12;2621,6596674688
3357782;1;2;1; ; ; ; ; ; ; ; ; ; ; ; ;12;2621,6596674688
3357782;1;3;1; ; ; ; ; ; ; ; ; ; ; ; ;12;2621,6596674688
3357783;1;1;1; ; ; ; ; ; ; ; ; ; ; ; ;12;2461,87828291325
3357784;1;1;1; ; ; ; ; ; ; ; ; ; ; ; ;12;2671,84127400309
3357784;1;2;1; ; ; ; ; ; ; ; ; ; ; ; ;12;2671,84127400309
3357784;1;3;1; ; ; ; ; ; ; ; ; ; ; ; ;12;2671,84127400309
3357785;1;1;2;2;15; ;2; ; ;1;2; ; ;1; ;12;2726,32026350624
3357785;1;2;1; ; ; ; ; ; ; ; ; ; ; ; ;12;2726,32026350624
3357785;1;3;1; ; ; ; ; ; ; ; ; ; ; ; ;12;2726,32026350624
3357785;1;4;1; ; ; ; ; ; ; ; ; ; ; ; ;12;2726,32026350624
3357785;1;5;1; ; ; ; ; ; ; ; ; ; ; ; ;12;2726,32026350624
3357786;1;1;1; ; ; ; ; ; ; ; ; ; ; ; ;12;2798,5416108649
3357786;1;2;1; ; ; ; ; ; ; ; ; ; ; ; ;12;2798,5416108649
3357786;1;3;1; ; ; ; ; ; ; ; ; ; ; ; ;12;2798,5416108649
3357786;1;4;1; ; ; ; ; ; ; ; ; ; ; ; ;12;2798,5416108649
3357786;1;5;1; ; ; ; ; ; ; ; ; ; ; ; ;12;2798,5416108649
3357787;1;1;1; ; ; ; ; ; ; ; ; ; ; ; ;12;3148,48753917057
3357787;1;2;1; ; ; ; ; ; ; ; ; ; ; ; ;12;3148,48753917057
3357787;1;3;1; ; ; ; ; ; ; ; ; ; ; ; ;12;3148,48753917057
3357787;1;4;1; ; ; ; ; ; ; ; ; ; ; ; ;12;3148,48753917057
3357787;1;5;1; ; ; ; ; ; ; ; ; ; ; ; ;12;3148,48753917057
3357787;1;6;1; ; ; ; ; ; ; ; ; ; ; ; ;12;3148,48753917057
3357787;1;7;1; ; ; ; ; ; ; ; ; ; ; ; ;12;3148,48753917057
3357788;1;1;2;1; ; ;2; ; ;1;2; ; ;1; ;12;2969,07208136746
3357788;1;2;1; ; ; ; ; ; ; ; ; ; ; ; ;12;2969,07208136746
3357788;1;3;1; ; ; ; ; ; ; ; ; ; ; ; ;12;2969,07208136746
3357788;1;4;1; ; ; ; ; ; ; ; ; ; ; ; ;12;2969,07208136746
3357789;1;1;1; ; ; ; ; ; ; ; ; ; ; ; ;12;2738,61464867725
3357789;1;2;1; ; ; ; ; ; ; ; ; ; ; ; ;12;2738,61464867725
3357789;1;3;1; ; ; ; ; ; ; ; ; ; ; ; ;12;2738,61464867725
3357790;1;1;1; ; ; ; ; ; ; ; ; ; ; ; ;12;2183,41258021965
3357790;1;2;2;2;41; ;2; ; ;1;2; ; ;1; ;12;2183,41258021965
3357790;1;3;1; ; ; ; ; ; ; ; ; ; ; ; ;12;2183,41258021965
3357790;1;4;1; ; ; ; ; ; ; ; ; ; ; ; ;12;2183,41258021965
3357795;1;1;2;2;15; ;3;25; ;1;2; ; ;1; ;12;2652,89766332146
3357795;1;2;2;2;73; ;3;25; ;1;2; ; ;1; ;12;2652,89766332146
3357796;1;1;1; ; ; ; ; ; ; ; ; ; ; ; ;12;2475,58134917214
3357797;1;1;1; ; ; ; ; ; ; ; ; ; ; ; ;12;2510,42626542773
3357797;1;2;1; ; ; ; ; ; ; ; ; ; ; ; ;12;2510,42626542773
3357798;1;1;1; ; ; ; ; ; ; ; ; ; ; ; ;12;2479,18826957508
3357798;1;2;1; ; ; ; ; ; ; ; ; ; ; ; ;12;2479,18826957508
3357798;1;3;1; ; ; ; ; ; ; ; ; ; ; ; ;12;2479,18826957508
3357799;1;1;2;2;17; ;2; ; ;1;2; ; ;1; ;12;2590,21224379486
3357799;1;2;1; ; ; ; ; ; ; ; ; ; ; ; ;12;2590,21224379486
3357800;1;1;1; ; ; ; ; ; ; ; ; ; ; ; ;12;2493,655991277
3357800;1;2;2;2;05; ;3;05; ;1;2; ; ;1; ;12;2493,655991277
3357800;1;3;2;1; ; ;3;05; ;1;2; ; ;1; ;12;2493,655991277
3357800;1;4;1; ; ; ; ; ; ; ; ; ; ; ; ;12;2493,655991277
3357800;1;5;1; ; ; ; ; ; ; ; ; ; ; ; ;12;2493,655991277
3357801;1;1;1; ; ; ; ; ; ; ; ; ; ; ; ;12;2197,11564647854
3357801;1;2;1; ; ; ; ; ; ; ; ; ; ; ; ;12;2197,11564647854
3357801;1;3;1; ; ; ; ; ; ; ; ; ; ; ; ;12;2197,11564647854
3357801;1;4;1; ; ; ; ; ; ; ; ; ; ; ; ;12;2197,11564647854
3357802;1;1;2;2;15; ;2; ; ;1;2; ; ;1; ;12;2524,12933168662
3357802;1;2;1; ; ; ; ; ; ; ; ; ; ; ; ;12;2524,12933168662
3357803;1;1;2;2;15; ;2; ; ;1;2; ; ;1; ;12;2245,66362899303
3357803;1;2;1; ; ; ; ; ; ; ; ; ; ; ; ;12;2245,66362899303
3357803;1;3;1; ; ; ; ; ; ; ; ; ; ; ; ;12;2245,66362899303
3357803;1;4;1; ; ; ; ; ; ; ; ; ; ; ; ;12;2245,66362899303
3357803;1;5;1; ; ; ; ; ; ; ; ; ; ; ; ;12;2245,66362899303
3357804;1;1;1; ; ; ; ; ; ; ; ; ; ; ; ;12;2667,14044209144
3357804;1;2;1; ; ; ; ; ; ; ; ; ; ; ; ;12;2667,14044209144
3357804;2;1;2;1; ; ;2; ; ;1;2; ; ;1; ;12;2667,14044209144
3357804;2;2;2;1; ; ;2; ; ;1;2; ; ;1; ;12;2667,14044209144
3357804;2;3;2;3; ;8;1; ; ; ;2; ; ;1; ;12;2667,14044209144
3357804;2;4;2;1; ; ;2; ; ;1;2; ; ;1; ;12;2667,14044209144
3357804;2;5;2;1; ; ;2; ; ;1;2; ; ;1; ;12;2667,14044209144
3357805;1;1;1; ; ; ; ; ; ; ; ; ; ; ; ;12;1986,46219282278
3357805;1;2;1; ; ; ; ; ; ; ; ; ; ; ; ;12;1986,46219282278
3357806;1;1;1; ; ; ; ; ; ; ; ; ; ; ; ;12;2511,88138343667
3357806;1;2;1; ; ; ; ; ; ; ; ; ; ; ; ;12;2511,88138343667
3357806;1;3;1; ; ; ; ; ; ; ; ; ; ; ; ;12;2511,88138343667
3357806;1;4;1; ; ; ; ; ; ; ; ; ; ; ; ;12;2511,88138343667
3357807;1;1;1; ; ; ; ; ; ; ; ; ; ; ; ;12;2177,48157323099
3357807;1;2;1; ; ; ; ; ; ; ; ; ; ; ; ;12;2177,48157323099
3357807;1;3;1; ; ; ; ; ; ; ; ; ; ; ; ;12;2177,48157323099
3357808;1;1;2;2;15; ;2; ; ;1;2; ; ;1; ;12;2388,13502688675
3357808;1;2;2;2;15; ;2; ; ;1;2; ; ;1; ;12;2388,13502688675
3357808;1;3;1; ; ; ; ; ; ; ; ; ; ; ; ;12;2388,13502688675
3357808;1;4;1; ; ; ; ; ; ; ; ; ; ; ; ;12;2388,13502688675
3357808;1;5;1; ; ; ; ; ; ; ; ; ; ; ; ;12;2388,13502688675
3357809;1;1;1; ; ; ; ; ; ; ; ; ; ; ; ;12;2671,84127400309
3357809;1;2;2;2;68; ;2; ; ;1;2; ; ;1; ;12;2671,84127400309
3357809;1;3;1; ; ; ; ; ; ; ; ; ; ; ; ;12;2671,84127400309
3357813;1;1;1; ; ; ; ; ; ; ; ; ; ; ; ;12;2643,93951176792
3357813;1;2;1; ; ; ; ; ; ; ; ; ; ; ; ;12;2643,93951176792
3357813;1;3;1; ; ; ; ; ; ; ; ; ; ; ; ;12;2643,93951176792
3357813;1;4;1; ; ; ; ; ; ; ; ; ; ; ; ;12;2643,93951176792
3357813;1;5;1; ; ; ; ; ; ; ; ; ; ; ; ;12;2643,93951176792
3357813;1;6;1; ; ; ; ; ; ; ; ; ; ; ; ;12;2643,93951176792
3357813;1;7;1; ; ; ; ; ; ; ; ; ; ; ; ;12;2643,93951176792
3357814;1;1;2;2;73; ;2; ; ;1;2; ; ;1; ;12;2194,79155989282
3357814;1;2;2;2;73; ;2; ; ;1;2; ; ;1; ;12;2194,79155989282
3357814;1;3;1; ; ; ; ; ; ; ; ; ; ; ; ;12;2194,79155989282
3357814;1;4;2;2;25; ;3;73; ;1;2; ; ;1; ;12;2194,79155989282
3357814;1;5;2;2;73; ;2; ; ;1;2; ; ;1; ;12;2194,79155989282
3357815;1;1;1; ; ; ; ; ; ; ; ; ; ; ; ;12;2214,65057607231
3357815;1;2;1; ; ; ; ; ; ; ; ; ; ; ; ;12;2214,65057607231
3357815;1;3;1; ; ; ; ; ; ; ; ; ; ; ; ;12;2214,65057607231
3357816;1;1;2;2;25; ;2; ; ;1;2; ; ;1; ;12;2529,36987610936
3357816;1;2;1; ; ; ; ; ; ; ; ; ; ; ; ;12;2529,36987610936
3357816;1;3;1; ; ; ; ; ; ; ; ; ; ; ; ;12;2529,36987610936
3357817;1;1;1; ; ; ; ; ; ; ; ; ; ; ; ;12;2227,66317976528
3357817;1;2;1; ; ; ; ; ; ; ; ; ; ; ; ;12;2227,66317976528
3357817;1;3;1; ; ; ; ; ; ; ; ; ; ; ; ;12;2227,66317976528
3357818;1;1;2;2;15; ;2; ; ;1;2; ; ;1; ;12;2461,87828291325
3357819;1;1;1; ; ; ; ; ; ; ; ; ; ; ; ;12;2524,12933168662
3357819;1;2;2;2;76; ;2; ; ;1;2; ; ;1; ;12;2524,12933168662
3357820;1;1;1; ; ; ; ; ; ; ; ; ; ; ; ;12;2467,80928990191
3357820;1;2;1; ; ; ; ; ; ; ; ; ; ; ; ;12;2467,80928990191
3357821;1;1;1; ; ; ; ; ; ; ; ; ; ; ; ;12;2671,84127400309
3357821;1;2;1; ; ; ; ; ; ; ; ; ; ; ; ;12;2671,84127400309
3357821;1;3;1; ; ; ; ; ; ; ; ; ; ; ; ;12;2671,84127400309
3357822;1;1;2;2;52; ;2; ; ;1;2; ; ;1; ;12;983,092048058435
3357822;1;2;2;2;76; ;2; ; ;1;2; ; ;1; ;12;983,092048058435
3357822;1;3;2;2;76; ;2; ; ;1;2; ; ;1; ;12;983,092048058435
3357822;1;4;2;2;52; ;3;52; ;2;2; ; ;1; ;12;983,092048058435
3357824;1;1;1; ; ; ; ; ; ; ; ; ; ; ; ;12;784,775361291154
3357824;1;2;1; ; ; ; ; ; ; ; ; ; ; ; ;12;784,775361291154
3357824;1;3;1; ; ; ; ; ; ; ; ; ; ; ; ;12;784,775361291154
3357824;1;4;1; ; ; ; ; ; ; ; ; ; ; ; ;12;784,775361291154
3357824;1;5;1; ; ; ; ; ; ; ; ; ; ; ; ;12;784,775361291154
3357825;1;1;2;2;76; ;2; ; ;1;2; ; ;1; ;12;1220,45339111053
3357825;1;2;2;2;73; ;2; ; ;1;2; ; ;1; ;12;1220,45339111053
3357825;1;3;2;2;76; ;2; ; ;1;2; ; ;1; ;12;1220,45339111053
3357826;1;1;2;2;27; ;2; ; ;1;2; ; ;1; ;12;1236,28222656232
3357826;1;2;2;2;27; ;2; ; ;1;2; ; ;1; ;12;1236,28222656232
3357826;1;3;1; ; ; ; ; ; ; ; ; ; ; ; ;12;1236,28222656232
3357826;1;4;1; ; ; ; ; ; ; ; ; ; ; ; ;12;1236,28222656232
3357827;1;1;2;2;17; ;2; ; ;1;2; ; ;1; ;12;737,91739997989
3357828;1;1;2;2;66; ;2; ; ;1;2; ; ;1; ;12;839,992599399911
3357828;1;2;2;2;66; ;2; ; ;1;2; ; ;1; ;12;839,992599399911
3357828;2;1;2;2;25; ;2; ; ;1;2; ; ;1; ;12;839,992599399911
3357828;2;2;1; ; ; ; ; ; ; ; ; ; ; ; ;12;839,992599399911
3357828;2;3;1; ; ; ; ; ; ; ; ; ; ; ; ;12;839,992599399911
3357829;1;1;2;2;19; ;2; ; ;1;2; ; ;1; ;12;1175,48611270334
3357829;1;2;1; ; ; ; ; ; ; ; ; ; ; ; ;12;1175,48611270334
3357829;1;3;1; ; ; ; ; ; ; ; ; ; ; ; ;12;1175,48611270334
3357830;1;1;1; ; ; ; ; ; ; ; ; ; ; ; ;12;1004,75795674351
3357830;1;2;2;2;76; ;2; ; ;1;2; ; ;1; ;12;1004,75795674351
3357830;1;3;2;2;76; ;2; ; ;1;2; ; ;1; ;12;1004,75795674351
3357830;1;4;2;2;76; ;4; ;1; ;4; ;1; ;4;12;1004,75795674351
3357831;1;1;2;2;85; ;2; ; ;1;2; ; ;1; ;12;578,064392621966
3357831;1;2;2;2;76; ;3;08; ;1;2; ; ;1; ;12;578,064392621966
3357831;1;3;2;2;76; ;2; ; ;1;2; ; ;1; ;12;578,064392621966
3357832;1;1;2;2;76; ;2; ; ;1;2; ; ;1; ;12;943,961842884527
3357832;1;2;2;2;76; ;2; ; ;1;2; ; ;1; ;12;943,961842884527
3357832;1;3;2;2;76; ;2; ; ;1;2; ; ;1; ;12;943,961842884527
3357835;1;1;2;2;76; ;2; ; ;1;2; ; ;1; ;12;1003,33935632531
3357835;1;2;2;2;11; ;2; ; ;1;2; ; ;1; ;12;1003,33935632531
3357835;1;3;2;2;76; ;2; ; ;1;2; ; ;1; ;12;1003,33935632531
3357836;1;1;2;2;73; ;2; ; ;1;2; ; ;1; ;12;771,877057685061
3357836;1;2;1; ; ; ; ; ; ; ; ; ; ; ; ;12;771,877057685061
3357836;1;3;1; ; ; ; ; ; ; ; ; ; ; ; ;12;771,877057685061
3357838;1;1;1; ; ; ; ; ; ; ; ; ; ; ; ;12;617,194597795874
3357838;1;2;1; ; ; ; ; ; ; ; ; ; ; ; ;12;617,194597795874
3357838;1;3;1; ; ; ; ; ; ; ; ; ; ; ; ;12;617,194597795874
3357838;1;4;1; ; ; ; ; ; ; ; ; ; ; ; ;12;617,194597795874
3357933;1;1;2;2;47; ;2; ; ;1;2; ; ;1; ;12;156,432794350549
3357933;1;2;1; ; ; ; ; ; ; ; ; ; ; ; ;12;156,432794350549
3357933;1;3;1; ; ; ; ; ; ; ; ; ; ; ; ;12;156,432794350549
3357934;1;1;2;2;44; ;2; ; ;1;2; ; ;1; ;12;111,42716323103
3357934;1;2;1; ; ; ; ; ; ; ; ; ; ; ; ;12;111,42716323103
3357934;1;3;1; ; ; ; ; ; ; ; ; ; ; ; ;12;111,42716323103
3357934;1;4;1; ; ; ; ; ; ; ; ; ; ; ; ;12;111,42716323103
3357934;1;5;1; ; ; ; ; ; ; ; ; ; ; ; ;12;111,42716323103
3357934;1;6;1; ; ; ; ; ; ; ; ; ; ; ; ;12;111,42716323103
3357934;1;7;1; ; ; ; ; ; ; ; ; ; ; ; ;12;111,42716323103
3357935;1;1;1; ; ; ; ; ; ; ; ; ; ; ; ;12;245,096105297171
3357935;1;2;2;2;05; ;2; ; ;1;2; ; ;1; ;12;245,096105297171
3357935;1;3;1; ; ; ; ; ; ; ; ; ; ; ; ;12;245,096105297171
3357935;1;4;1; ; ; ; ; ; ; ; ; ; ; ; ;12;245,096105297171
3357935;2;1;2;2;44; ;2; ; ;1;2; ; ;1; ;12;245,096105297171
3357935;2;2;1; ; ; ; ; ; ; ; ; ; ; ; ;12;245,096105297171
3357936;1;1;1; ; ; ; ; ; ; ; ; ; ; ; ;12;179,744958032839
3357936;1;2;1; ; ; ; ; ; ; ; ; ; ; ; ;12;179,744958032839
3357937;1;1;1; ; ; ; ; ; ; ; ; ; ; ; ;12;157,657228673058
3357937;1;2;2;2;11; ;2; ; ;1;2; ; ;1; ;12;157,657228673058
3357937;1;3;1; ; ; ; ; ; ; ; ; ; ; ; ;12;157,657228673058
3357938;1;1;1; ; ; ; ; ; ; ; ; ; ; ; ;12;213,216740751586
3357938;1;2;1; ; ; ; ; ; ; ; ; ; ; ; ;12;213,216740751586
3357938;1;3;1; ; ; ; ; ; ; ; ; ; ; ; ;12;213,216740751586
3357938;1;4;1; ; ; ; ; ; ; ; ; ; ; ; ;12;213,216740751586
3357938;1;5;1; ; ; ; ; ; ; ; ; ; ; ; ;12;213,216740751586
3357938;1;6;1; ; ; ; ; ; ; ; ; ; ; ; ;12;213,216740751586
3357939;1;1;1; ; ; ; ; ; ; ; ; ; ; ; ;12;218,754975718223
3357939;1;2;1; ; ; ; ; ; ; ; ; ; ; ; ;12;218,754975718223
3357939;1;3;1; ; ; ; ; ; ; ; ; ; ; ; ;12;218,754975718223
3357939;1;4;1; ; ; ; ; ; ; ; ; ; ; ; ;12;218,754975718223
3357939;1;5;2;2;08; ;2; ; ;1;2; ; ;1; ;12;218,754975718223
3357940;1;1;1; ; ; ; ; ; ; ; ; ; ; ; ;12;173,878074980017
3357940;1;2;1; ; ; ; ; ; ; ; ; ; ; ; ;12;173,878074980017
3357940;1;3;1; ; ; ; ; ; ; ; ; ; ; ; ;12;173,878074980017
3357940;1;4;1; ; ; ; ; ; ; ; ; ; ; ; ;12;173,878074980017
3357940;1;5;1; ; ; ; ; ; ; ; ; ; ; ; ;12;173,878074980017
3357940;1;6;1; ; ; ; ; ; ; ; ; ; ; ; ;12;173,878074980017
3357940;1;7;1; ; ; ; ; ; ; ; ; ; ; ; ;12;173,878074980017
3357940;1;8;1; ; ; ; ; ; ; ; ; ; ; ; ;12;173,878074980017
3357941;1;1;1; ; ; ; ; ; ; ; ; ; ; ; ;12;180,94558529907
3357941;1;2;1; ; ; ; ; ; ; ; ; ; ; ; ;12;180,94558529907
3357942;1;1;1; ; ; ; ; ; ; ; ; ; ; ; ;12;180,955900595855
3357943;1;1;2;2;20; ;2; ; ;1;2; ; ;1; ;12;180,955900595855
3357944;1;1;1; ; ; ; ; ; ; ; ; ; ; ; ;12;167,822208685015
3357945;1;1;2;2;47; ;2; ; ;1;2; ; ;1; ;12;146,149371841356
3357945;1;2;2;2;47; ;2; ; ;1;2; ; ;1; ;12;146,149371841356
3357946;1;1;2;2;54; ;2; ; ;1;2; ; ;1; ;12;156,432794350549
3357946;1;2;2;2;68; ;2; ; ;1;2; ; ;1; ;12;156,432794350549
3357946;1;3;2;2;54; ;2; ; ;1;3;68; ;1; ;12;156,432794350549
3357947;1;1;2;2;05; ;2; ; ;1;2; ; ;1; ;12;133,015679930516
3357947;1;2;2;2;20; ;2; ; ;1;2; ; ;1; ;12;133,015679930516
3357948;1;1;2;2;47; ;2; ; ;1;2; ; ;1; ;12;167,822208685015
3357949;1;1;2;2;70; ;2; ; ;1;2; ; ;1; ;12;191,12405707052
3357951;1;1;1; ; ; ; ; ; ; ; ; ; ; ; ;12;231,715061038342
3357951;1;2;1; ; ; ; ; ; ; ; ; ; ; ; ;12;231,715061038342
3357951;1;3;1; ; ; ; ; ; ; ; ; ; ; ; ;12;231,715061038342
3357951;1;4;1; ; ; ; ; ; ; ; ; ; ; ; ;12;231,715061038342
3357951;1;5;1; ; ; ; ; ; ; ; ; ; ; ; ;12;231,715061038342
3357951;1;6;2;2;47; ;2; ; ;1;2; ; ;1; ;12;231,715061038342
3357951;1;7;2;2;47; ;2; ; ;1;2; ; ;1; ;12;231,715061038342
3357952;1;1;2;2;23; ;2; ; ;1;2; ; ;1; ;12;348,609329800531
3357952;1;2;1; ; ; ; ; ; ; ; ; ; ; ; ;12;348,609329800531
3357952;1;3;1; ; ; ; ; ; ; ; ; ; ; ; ;12;348,609329800531
3357952;1;4;1; ; ; ; ; ; ; ; ; ; ; ; ;12;348,609329800531
3357952;1;5;2;2;47; ;3;47; ;1;2; ; ;1; ;12;348,609329800531
3357952;1;6;2;2;47; ;3;47; ;1;2; ; ;1; ;12;348,609329800531
3357952;1;7;1; ; ; ; ; ; ; ; ; ; ; ; ;12;348,609329800531
3357952;1;8;1; ; ; ; ; ; ; ; ; ; ; ; ;12;348,609329800531
3357952;1;9;1; ; ; ; ; ; ; ; ; ; ; ; ;12;348,609329800531
3357953;1;1;2;2;15; ;2; ; ;1;2; ; ;1; ;12;149,086878759764
3357953;1;2;1; ; ; ; ; ; ; ; ; ; ; ; ;12;149,086878759764
3357953;1;3;1; ; ; ; ; ; ; ; ; ; ; ; ;12;149,086878759764
3357954;1;1;2;2;17; ;2; ; ;1;2; ; ;1; ;12;174,109038996643
3357954;1;2;1; ; ; ; ; ; ; ; ; ; ; ; ;12;174,109038996643
3357954;1;3;2;2;17; ;2; ; ;1;2; ; ;1; ;12;174,109038996643
3357955;1;1;1; ; ; ; ; ; ; ; ; ; ; ; ;12;174,109038996643
3357955;1;2;1; ; ; ; ; ; ; ; ; ; ; ; ;12;174,109038996643
3357955;1;3;1; ; ; ; ; ; ; ; ; ; ; ; ;12;174,109038996643
3357956;1;1;1; ; ; ; ; ; ; ; ; ; ; ; ;12;188,113314834208
3357956;1;2;2;2;17; ;2; ; ;1;2; ; ;1; ;12;188,113314834208
3357957;1;1;2;2;17; ;2; ; ;1;2; ; ;1; ;12;158,247075742613
3357959;1;1;2;2;19; ;2; ; ;1;2; ; ;1; ;12;177,216953014952
3357959;1;2;2;2;76; ;2; ; ;1;2; ; ;1; ;12;177,216953014952
3357959;1;3;2;2;17; ;2; ; ;1;2; ; ;1; ;12;177,216953014952
3357959;1;4;2;2;17; ;3;17; ;2;2; ; ;1; ;12;177,216953014952
3357960;1;1;1; ; ; ; ; ; ; ; ; ; ; ; ;12;229,269721521125
3357960;1;2;1; ; ; ; ; ; ; ; ; ; ; ; ;12;229,269721521125
3357960;1;3;1; ; ; ; ; ; ; ; ; ; ; ; ;12;229,269721521125
3357961;1;1;2;2;17; ;2; ; ;1;2; ; ;1; ;12;205,88845834873
3357962;1;1;1; ; ; ; ; ; ; ; ; ; ; ; ;12;171,001124978334
3357962;1;2;1; ; ; ; ; ; ; ; ; ; ; ; ;12;171,001124978334
3357964;1;1;1; ; ; ; ; ; ; ; ; ; ; ; ;12;147,612963575809
3357964;1;2;1; ; ; ; ; ; ; ; ; ; ; ; ;12;147,612963575809
3357964;1;3;1; ; ; ; ; ; ; ; ; ; ; ; ;12;147,612963575809
3357965;1;1;2;2;15; ;2; ; ;1;2; ; ;1; ;12;166,450262582593
3357965;1;2;2;2;11; ;2; ; ;1;2; ; ;1; ;12;166,450262582593
3357965;1;3;2;2;73; ;3;11; ;1;3;11; ;1; ;12;166,450262582593
3357966;1;1;2;2;11; ;2; ; ;1;2; ; ;1; ;12;209,776367085823
3357967;1;1;2;2;17; ;3;66; ;1;3;17; ;1; ;12;153,225981463812
3357967;1;2;2;2;17; ;3;66; ;1;3;17; ;1; ;12;153,225981463812
3357967;1;3;2;2;66; ;3;66; ;1;3;17; ;1; ;12;153,225981463812
3357968;1;1;2;2;17; ;2; ; ;1;2; ; ;1; ;12;157,259098793221
3357968;1;2;1; ; ; ; ; ; ; ; ; ; ; ; ;12;157,259098793221
3357968;1;3;1; ; ; ; ; ; ; ; ; ; ; ; ;12;157,259098793221
3357969;1;1;1; ; ; ; ; ; ; ; ; ; ; ; ;12;157,72933067628
3357969;1;2;1; ; ; ; ; ; ; ; ; ; ; ; ;12;157,72933067628
3357970;1;1;1; ; ; ; ; ; ; ; ; ; ; ; ;12;166,450262582593
3357970;1;2;1; ; ; ; ; ; ; ; ; ; ; ; ;12;166,450262582593
3357970;1;3;2;2;17; ;2; ; ;2;2; ; ;1; ;12;166,450262582593
3357971;1;1;1; ; ; ; ; ; ; ; ; ; ; ; ;12;139,691937509307
3357971;1;2;1; ; ; ; ; ; ; ; ; ; ; ; ;12;139,691937509307
3357971;1;3;2;2;11; ;3;11; ;1;2; ; ;1; ;12;139,691937509307
3357972;1;1;2;2;17; ;2; ; ;1;2; ; ;1; ;12;215,527695336012
3357972;1;2;2;2;17; ;2; ; ;1;2; ; ;1; ;12;215,527695336012
3357972;1;3;2;2;17; ;2; ; ;1;2; ; ;1; ;12;215,527695336012
3357972;1;4;2;2;17; ;2; ; ;1;2; ; ;1; ;12;215,527695336012
3357973;1;1;1; ; ; ; ; ; ; ; ; ; ; ; ;12;171,001124978334
3357973;1;2;1; ; ; ; ; ; ; ; ; ; ; ; ;12;171,001124978334
3357974;1;1;2;2;17; ;2; ; ;1;2; ; ;1; ;12;349,158541759405
3357974;1;2;1; ; ; ; ; ; ; ; ; ; ; ; ;12;349,158541759405
3357975;1;1;2;2;17; ;3;17; ;1;2; ; ;1; ;12;231,840419866059
3357975;1;2;2;2;17; ;3;17; ;1;2; ; ;1; ;12;231,840419866059
3357975;1;3;1; ; ; ; ; ; ; ; ; ; ; ; ;12;231,840419866059
3357976;1;1;2;2;17; ;2; ; ;1;2; ; ;1; ;12;171,471356861394
3357977;1;1;2;1; ; ;3;11; ;1;2; ; ;1; ;12;208,996372367039
3357977;1;2;2;2;11; ;3;11; ;1;2; ; ;1; ;12;208,996372367039
3357978;1;1;2;2;17; ;2; ; ;1;2; ; ;1; ;12;440,682495796375
3357978;1;2;2;2;17; ;2; ; ;1;2; ; ;1; ;12;440,682495796375
3357978;1;3;1; ; ; ; ; ; ; ; ; ; ; ; ;12;440,682495796375
3357979;1;1;1; ; ; ; ; ; ; ; ; ; ; ; ;12;348,218077993286
3357979;1;2;1; ; ; ; ; ; ; ; ; ; ; ; ;12;348,218077993286
3357979;1;3;1; ; ; ; ; ; ; ; ; ; ; ; ;12;348,218077993286
3357980;1;1;1; ; ; ; ; ; ; ; ; ; ; ; ;12;171,471356861394
3357981;1;1;1; ; ; ; ; ; ; ; ; ; ; ; ;12;147,612963575809
3357981;1;2;1; ; ; ; ; ; ; ; ; ; ; ; ;12;147,612963575809
3357981;1;3;1; ; ; ; ; ; ; ; ; ; ; ; ;12;147,612963575809
3357982;1;1;1; ; ; ; ; ; ; ; ; ; ; ; ;12;158,247075742613
3357983;1;1;1; ; ; ; ; ; ; ; ; ; ; ; ;12;411,77691669746
3357984;1;1;1; ; ; ; ; ; ; ; ; ; ; ; ;12;220,341247898188
3357984;1;2;1; ; ; ; ; ; ; ; ; ; ; ; ;12;220,341247898188
3357984;1;3;1; ; ; ; ; ; ; ; ; ; ; ; ;12;220,341247898188
3357985;1;1;2;2;73; ;2; ; ;1;2; ; ;1; ;12;384,292864327233
3357985;1;2;2;2;73; ;2; ; ;1;2; ; ;1; ;12;384,292864327233
3357986;1;1;2;2;11; ;2; ; ;1;2; ; ;1; ;12;313,490279581246
3357986;1;2;2;2;11; ;2; ; ;1;2; ; ;1; ;12;313,490279581246
3357986;1;3;2;2;11; ;2; ; ;1;2; ; ;1; ;12;313,490279581246
3357986;1;4;1; ; ; ; ; ; ; ; ; ; ; ; ;12;313,490279581246
3357986;1;5;2;2;11; ;2; ; ;1;2; ; ;1; ;12;313,490279581246
3357986;1;6;1; ; ; ; ; ; ; ; ; ; ; ; ;12;313,490279581246
3357987;1;1;1; ; ; ; ; ; ; ; ; ; ; ; ;12;342,942713722787
3357989;1;1;1; ; ; ; ; ; ; ; ; ; ; ; ;12;85,9708129975179
3357989;2;1;1; ; ; ; ; ; ; ; ; ; ; ; ;12;85,9708129975179
3357989;2;2;1; ; ; ; ; ; ; ; ; ; ; ; ;12;85,9708129975179
3357989;2;3;1; ; ; ; ; ; ; ; ; ; ; ; ;12;85,9708129975179
3357990;1;1;2;2;73; ;2; ; ;1;2; ; ;1; ;12;277,407848071486
3357992;1;1;2;2;63; ;3;66; ;1;2; ; ;1; ;12;194,740661209545
3357992;1;2;2;2;76; ;3;66; ;1;2; ; ;1; ;12;194,740661209545
3357992;1;3;2;2;66; ;3;66; ;1;2; ; ;1; ;12;194,740661209545
3357992;1;4;2;1; ; ;1; ; ; ;2; ; ;1; ;12;194,740661209545
3357993;1;1;1; ; ; ; ; ; ; ; ; ; ; ; ;12;277,407848071486
3357994;1;1;1; ; ; ; ; ; ; ; ; ; ; ; ;12;289,640744498318
3357994;1;2;1; ; ; ; ; ; ; ; ; ; ; ; ;12;289,640744498318
3357994;1;3;1; ; ; ; ; ; ; ; ; ; ; ; ;12;289,640744498318
3357995;1;1;2;1; ; ;3;76; ;1;2; ; ;1; ;12;387,97779533314
3357995;1;2;2;2;73; ;2; ; ;1;2; ; ;1; ;12;387,97779533314
3357995;1;3;1; ; ; ; ; ; ; ; ; ; ; ; ;12;387,97779533314
3357995;1;4;1; ; ; ; ; ; ; ; ; ; ; ; ;12;387,97779533314
3357995;1;5;1; ; ; ; ; ; ; ; ; ; ; ; ;12;387,97779533314
3357995;1;6;2;2;25; ;3;73; ;1;2; ; ;1; ;12;387,97779533314
3357996;1;1;2;2;73; ;2; ; ;1;2; ; ;1; ;12;148,160625781282
3357996;1;2;1; ; ; ; ; ; ; ; ; ; ; ; ;12;148,160625781282
3357997;1;1;2;1; ; ;2; ; ;1;2; ; ;1; ;12;156,481222024125
3357997;1;2;1; ; ; ; ; ; ; ; ; ; ; ; ;12;156,481222024125
3357997;1;3;1; ; ; ; ; ; ; ; ; ; ; ; ;12;156,481222024125
3357998;1;1;1; ; ; ; ; ; ; ; ; ; ; ; ;12;306,556360581324
3357998;1;2;1; ; ; ; ; ; ; ; ; ; ; ; ;12;306,556360581324
3357999;1;1;2;2;73; ;3;86; ;1;2; ; ;1; ;12;288,978354135103
3358000;1;1;1; ; ; ; ; ; ; ; ; ; ; ; ;12;226,867603268164
3358001;1;1;2;1; ; ;2; ; ;1;3;11; ;1; ;12;226,867603268164
3358002;1;1;2;2;18; ;3;11; ;1;2; ; ;1; ;12;210,271376648221
3358002;1;2;2;2;11; ;2; ; ;1;2; ; ;1; ;12;210,271376648221
3358003;1;1;2;2;25; ;3;25; ;1;3;25; ;1; ;12;288,978354135103
3358004;1;1;2;1; ; ;2; ; ;1;2; ; ;1; ;12;288,978354135103
3358005;1;1;1; ; ; ; ; ; ; ; ; ; ; ; ;12;319,492642835074
3358005;1;2;1; ; ; ; ; ; ; ; ; ; ; ; ;12;319,492642835074
3358005;1;3;1; ; ; ; ; ; ; ; ; ; ; ; ;12;319,492642835074
3358005;1;4;1; ; ; ; ; ; ; ; ; ; ; ; ;12;319,492642835074
3358006;1;1;2;2;76; ;3;11; ;1;2; ; ;1; ;12;333,301207003931
3358006;1;2;2;2;63; ;3;15; ;2;2; ; ;1; ;12;333,301207003931
3358006;1;3;2;1; ; ;3;15; ;2;2; ; ;1; ;12;333,301207003931
3358006;1;4;1; ; ; ; ; ; ; ; ; ; ; ; ;12;333,301207003931
3358007;1;1;2;2;15; ;2; ; ;1;2; ; ;1; ;12;198,700870584604
3358007;1;2;1; ; ; ; ; ; ; ; ; ; ; ; ;12;198,700870584604
3358008;1;1;1; ; ; ; ; ; ; ; ; ; ; ; ;12;270,048723288756
3358008;1;2;1; ; ; ; ; ; ; ; ; ; ; ; ;12;270,048723288756
3358008;1;3;1; ; ; ; ; ; ; ; ; ; ; ; ;12;270,048723288756
3358009;1;1;2;2;73; ;2; ; ;2;3;73; ;1; ;12;333,671733873624
3358009;1;2;2;2;73; ;2; ; ;2;3;73; ;1; ;12;333,671733873624
3358009;1;3;2;2;73; ;2; ; ;1;3;73; ;1; ;12;333,671733873624
3358009;1;4;2;2;73; ;2; ; ;2;3;73; ;1; ;12;333,671733873624
3358009;1;5;2;2;41; ;2; ; ;2;3;73; ;1; ;12;333,671733873624
3358010;1;1;2;2;73; ;2; ; ;1;2; ; ;1; ;12;310,011189289799
3358010;1;2;2;2;73; ;2; ; ;1;2; ; ;1; ;12;310,011189289799
3358010;1;3;1; ; ; ; ; ; ; ; ; ; ; ; ;12;310,011189289799
3358011;1;1;1; ; ; ; ; ; ; ; ; ; ; ; ;12;176,098206279776
3358011;1;2;1; ; ; ; ; ; ; ; ; ; ; ; ;12;176,098206279776
3358011;1;3;1; ; ; ; ; ; ; ; ; ; ; ; ;12;176,098206279776
3358011;1;4;1; ; ; ; ; ; ; ; ; ; ; ; ;12;176,098206279776
3358012;1;1;2;2;20; ;2; ; ;1;2; ; ;1; ;12;124,321850466712
3358012;1;2;1; ; ; ; ; ; ; ; ; ; ; ; ;12;124,321850466712
3358012;1;3;1; ; ; ; ; ; ; ; ; ; ; ; ;12;124,321850466712
3358012;1;4;2;2;20; ;2; ; ;1;2; ; ;1; ;12;124,321850466712
3358013;1;1;1; ; ; ; ; ; ; ; ; ; ; ; ;12;178,679625743695
3358013;1;2;2;2;23; ;2; ; ;1;2; ; ;1; ;12;178,679625743695
3358014;1;1;1; ; ; ; ; ; ; ; ; ; ; ; ;12;164,070699391258
3358014;1;2;1; ; ; ; ; ; ; ; ; ; ; ; ;12;164,070699391258
3358014;1;3;1; ; ; ; ; ; ; ; ; ; ; ; ;12;164,070699391258
3358015;1;1;2;2;20; ;2; ; ;1;2; ; ;1; ;12;119,440832349953
3358015;1;2;2;2;20; ;2; ; ;1;2; ; ;1; ;12;119,440832349953
3358016;1;1;2;2;47; ;2; ; ;1;2; ; ;1; ;12;163,603362405742
3358016;1;2;1; ; ; ; ; ; ; ; ; ; ; ; ;12;163,603362405742
3358016;1;3;1; ; ; ; ; ; ; ; ; ; ; ; ;12;163,603362405742
3358017;1;1;2;2;47; ;2; ; ;1;2; ; ;1; ;12;127,373356177723
3358018;1;1;2;2;47; ;2; ; ;1;2; ; ;1; ;12;104,361819750423
3358018;1;2;2;2;47; ;2; ; ;1;2; ; ;1; ;12;104,361819750423
3358018;1;3;1; ; ; ; ; ; ; ; ; ; ; ; ;12;104,361819750423
3358018;1;4;2;2;44; ;2; ; ;1;2; ; ;1; ;12;104,361819750423
3358019;1;1;1; ; ; ; ; ; ; ; ; ; ; ; ;12;125,177400293976
3358019;1;2;1; ; ; ; ; ; ; ; ; ; ; ; ;12;125,177400293976
3358019;1;3;1; ; ; ; ; ; ; ; ; ; ; ; ;12;125,177400293976
3358020;1;1;2;2;20; ;2; ; ;1;2; ; ;1; ;12;170,737230494484
3358020;1;2;1; ; ; ; ; ; ; ; ; ; ; ; ;12;170,737230494484
3358020;1;3;1; ; ; ; ; ; ; ; ; ; ; ; ;12;170,737230494484
3358020;1;4;1; ; ; ; ; ; ; ; ; ; ; ; ;12;170,737230494484
3358020;1;5;1; ; ; ; ; ; ; ; ; ; ; ; ;12;170,737230494484
3358021;1;1;2;2;52; ;2; ; ;1;2; ; ;1; ;12;234,397216210355
3358021;1;2;2;2;11; ;2; ; ;1;2; ; ;1; ;12;234,397216210355
3358021;1;3;1; ; ; ; ; ; ; ; ; ; ; ; ;12;234,397216210355
3358022;1;1;1; ; ; ; ; ; ; ; ; ; ; ; ;12;175,413294067618
3358022;1;2;2;1; ; ;2; ; ;1;2; ; ;1; ;12;175,413294067618
3358022;1;3;1; ; ; ; ; ; ; ; ; ; ; ; ;12;175,413294067618
3358023;1;1;2;2;11; ;2; ; ;1;2; ; ;1; ;12;145,420415985238
3358023;1;2;1; ; ; ; ; ; ; ; ; ; ; ; ;12;145,420415985238
3358023;1;3;2;2;11; ;2; ; ;1;2; ; ;1; ;12;145,420415985238
3358023;1;4;2;1; ; ;3;17; ;1;2; ; ;1; ;12;145,420415985238
3358024;1;1;2;2;52; ;2; ; ;1;2; ; ;1; ;12;234,397216210355
3358024;1;2;1; ; ; ; ; ; ; ; ; ; ; ; ;12;234,397216210355
3358024;1;3;1; ; ; ; ; ; ; ; ; ; ; ; ;12;234,397216210355
3358026;1;1;2;2;52; ;2; ; ;1;2; ; ;1; ;12;196,013939854117
3358026;1;2;2;2;52; ;2; ; ;1;2; ; ;1; ;12;196,013939854117
3358026;1;3;1; ; ; ; ; ; ; ; ; ; ; ; ;12;196,013939854117
3358027;1;1;2;1; ; ;2; ; ;1;2; ; ;1; ;12;99,3606785317048
3358027;1;2;2;1; ; ;3;11; ;1;2; ; ;1; ;12;99,3606785317048
3358028;1;1;1; ; ; ; ; ; ; ; ; ; ; ; ;12;218,590552311926
3358028;1;2;1; ; ; ; ; ; ; ; ; ; ; ; ;12;218,590552311926
3358028;1;3;1; ; ; ; ; ; ; ; ; ; ; ; ;12;218,590552311926
3358029;1;1;2;2;44; ;3;44; ;1;2; ; ;1; ;12;218,590552311926
3358029;1;2;2;1; ; ;3;44; ;1;2; ; ;1; ;12;218,590552311926
3358029;1;3;2;1; ; ;3;44; ;1;2; ; ;1; ;12;218,590552311926
3358030;1;1;1; ; ; ; ; ; ; ; ; ; ; ; ;12;249,540600874013
3358030;1;2;1; ; ; ; ; ; ; ; ; ; ; ; ;12;249,540600874013
3358030;1;3;1; ; ; ; ; ; ; ; ; ; ; ; ;12;249,540600874013
3358030;1;4;1; ; ; ; ; ; ; ; ; ; ; ; ;12;249,540600874013
3358031;1;1;2;1; ; ;2; ; ;1;2; ; ;1; ;12;204,404338127975
3358031;1;2;2;2;68; ;2; ; ;1;2; ; ;1; ;12;204,404338127975
3358031;1;3;2;1; ; ;2; ; ;1;2; ; ;1; ;12;204,404338127975
3358031;1;4;2;1; ; ;2; ; ;1;2; ; ;1; ;12;204,404338127975
3358032;1;1;1; ; ; ; ; ; ; ; ; ; ; ; ;12;148,174154588492
3358033;1;1;2;2;52; ;2; ; ;1;2; ; ;1; ;12;242,207415294335
3358034;1;1;1; ; ; ; ; ; ; ; ; ; ; ; ;12;200,612190261929
3358034;1;2;1; ; ; ; ; ; ; ; ; ; ; ; ;12;200,612190261929
3358035;1;1;1; ; ; ; ; ; ; ; ; ; ; ; ;12;197,056243806616
3358035;1;2;1; ; ; ; ; ; ; ; ; ; ; ; ;12;197,056243806616
3358035;1;3;1; ; ; ; ; ; ; ; ; ; ; ; ;12;197,056243806616
3358037;1;1;1; ; ; ; ; ; ; ; ; ; ; ; ;12;141,674589513152
3358037;1;2;1; ; ; ; ; ; ; ; ; ; ; ; ;12;141,674589513152
3358038;1;1;2;2;52; ;2; ; ;1;2; ; ;1; ;12;242,207415294335
3358039;1;1;2;2;52; ;2; ; ;1;2; ; ;1; ;12;161,35853475042
3358039;1;2;2;1; ; ;2; ; ;1;3;19; ;2;4;12;161,35853475042
3358040;1;1;2;1; ; ;2; ; ;1;2; ; ;1; ;12;242,207415294335
3358041;1;1;2;2;52; ;2; ; ;1;2; ; ;1; ;12;181,912859142958
3358041;1;2;2;2;52; ;3;52; ;2;3;52; ;2;1;12;181,912859142958
3358043;1;1;2;2;52; ;3;17; ;1;2; ; ;1; ;12;181,912859142958
3358043;1;2;2;2;52; ;2; ; ;1;3;52; ;1; ;12;181,912859142958
3358044;1;1;2;1; ; ;2; ; ;2;2; ; ;1; ;12;213,796570423857
3358044;1;2;2;2;86; ;2; ; ;1;2; ; ;1; ;12;213,796570423857
3358044;1;3;1; ; ; ; ; ; ; ; ; ; ; ; ;12;213,796570423857
3358045;1;1;2;2;52; ;3;52; ;1;2; ; ;1; ;12;183,871863644688
3358045;1;2;1; ; ; ; ; ; ; ; ; ; ; ; ;12;183,871863644688
3358046;1;1;2;2;52; ;2; ; ;1;2; ; ;1; ;12;200,612190261929
3358046;1;2;2;1; ; ;2; ; ;1;2; ; ;1; ;12;200,612190261929
3358047;1;1;1; ; ; ; ; ; ; ; ; ; ; ; ;12;207,365176651727
3358047;1;2;1; ; ; ; ; ; ; ; ; ; ; ; ;12;207,365176651727
3358050;1;1;2;2;76; ;2; ; ;1;2; ; ;1; ;12;824,454741349311
3358050;1;2;1; ; ; ; ; ; ; ; ; ; ; ; ;12;824,454741349311
3358051;1;1;1; ; ; ; ; ; ; ; ; ; ; ; ;12;737,91739997989
3358052;1;1;1; ; ; ; ; ; ; ; ; ; ; ; ;12;521,509368191736
3358052;1;2;2;2;41; ;2; ; ;1;2; ; ;1; ;12;521,509368191736
3358052;1;3;2;2;52; ;2; ; ;1;2; ; ;1; ;12;521,509368191736
3358053;1;1;1; ; ; ; ; ; ; ; ; ; ; ; ;12;1023,43795388114
3358055;1;1;1; ; ; ; ; ; ; ; ; ; ; ; ;12;836,425118594585
3358055;1;2;1; ; ; ; ; ; ; ; ; ; ; ; ;12;836,425118594585
3358056;1;1;2;2;19; ;2; ; ;1;2; ; ;1; ;12;1236,28222656232
3358056;1;2;2;2;23; ;2; ; ;1;2; ; ;1; ;12;1236,28222656232
3358056;1;3;1; ; ; ; ; ; ; ; ; ; ; ; ;12;1236,28222656232
3358056;1;4;1; ; ; ; ; ; ; ; ; ; ; ; ;12;1236,28222656232
3358057;1;1;2;2;52; ;2; ; ;1;2; ; ;1; ;12;718,336617477564
3358057;1;2;2;2;52; ;2; ; ;1;2; ; ;1; ;12;718,336617477564
3358058;1;1;2;2;63; ;2; ; ;1;2; ; ;1; ;12;1221,87199152873
3358058;1;2;1; ; ; ; ; ; ; ; ; ; ; ; ;12;1221,87199152873
3358058;1;3;1; ; ; ; ; ; ; ; ; ; ; ; ;12;1221,87199152873
3358058;1;4;1; ; ; ; ; ; ; ; ; ; ; ; ;12;1221,87199152873
3358059;1;1;2;2;66; ;2; ; ;1;2; ; ;1; ;12;246,478408791044
3358059;1;2;2;2;66; ;2; ; ;1;2; ; ;1; ;12;246,478408791044
3358059;1;3;2;2;66; ;2; ; ;1;2; ; ;1; ;12;246,478408791044
3358060;1;1;1; ; ; ; ; ; ; ; ; ; ; ; ;12;253,869067323641
3358060;1;2;2;2;76; ;3;66; ;1;3;66; ;1; ;12;253,869067323641
3358060;1;3;2;1; ; ;3;66; ;1;2; ; ;1; ;12;253,869067323641
3358061;1;1;2;2;17; ;2; ; ;1;2; ; ;1; ;12;309,492836228454
3358061;1;2;2;2;19; ;2; ; ;1;2; ; ;1; ;12;309,492836228454
3358061;1;3;1; ; ; ; ; ; ; ; ; ; ; ; ;12;309,492836228454
3358061;1;4;1; ; ; ; ; ; ; ; ; ; ; ; ;12;309,492836228454
3358061;1;5;1; ; ; ; ; ; ; ; ; ; ; ; ;12;309,492836228454
3358062;1;1;1; ; ; ; ; ; ; ; ; ; ; ; ;12;323,039054119902
3358062;1;2;1; ; ; ; ; ; ; ; ; ; ; ; ;12;323,039054119902
3358062;1;3;1; ; ; ; ; ; ; ; ; ; ; ; ;12;323,039054119902
3358062;1;4;2;2;66; ;2; ; ;1;2; ; ;1; ;12;323,039054119902
3358063;1;1;1; ; ; ; ; ; ; ; ; ; ; ; ;12;306,92895467954
3358063;1;2;2;2;66; ;2; ; ;1;2; ; ;1; ;12;306,92895467954
3358064;1;1;2;2;66; ;2; ; ;1;2; ; ;1; ;12;289,395942580258
3358064;1;2;2;2;66; ;2; ; ;1;2; ; ;1; ;12;289,395942580258
3358065;1;1;1; ; ; ; ; ; ; ; ; ; ; ; ;12;335,707017038582
3358065;1;2;2;2;05; ;2; ; ;1;2; ; ;1; ;12;335,707017038582
3358065;1;3;1; ; ; ; ; ; ; ; ; ; ; ; ;12;335,707017038582
3358065;1;4;1; ; ; ; ; ; ; ; ; ; ; ; ;12;335,707017038582
3358065;1;5;1; ; ; ; ; ; ; ; ; ; ; ; ;12;335,707017038582
3358065;1;6;2;2;17; ;2; ; ;1;2; ; ;1; ;12;335,707017038582
3358066;1;1;2;2;73; ;2; ; ;1;2; ; ;1; ;12;262,759182908993
3358066;1;2;2;2;66; ;2; ; ;1;2; ; ;1; ;12;262,759182908993
3358066;1;3;2;2;11; ;2; ; ;1;2; ; ;1; ;12;262,759182908993
3358067;1;1;2;2;17; ;2; ; ;1;2; ; ;1; ;12;259,600599275105
3358067;1;2;2;2;66; ;2; ; ;1;2; ; ;1; ;12;259,600599275105
3358068;1;1;2;2;66; ;3;11; ;1;3;66; ;1; ;12;246,0860300879
3358068;1;2;2;2;17; ;3;66; ;1;2; ; ;1; ;12;246,0860300879
3358069;1;1;1; ; ; ; ; ; ; ; ; ; ; ; ;12;224,073724018488
3358069;1;2;1; ; ; ; ; ; ; ; ; ; ; ; ;12;224,073724018488
3358069;1;3;1; ; ; ; ; ; ; ; ; ; ; ; ;12;224,073724018488
3358070;1;1;2;2;05; ;2; ; ;1;3;66; ;1; ;12;292,345579339642
3358070;1;2;2;2;05; ;2; ; ;1;3;66; ;1; ;12;292,345579339642
3358070;1;3;2;2;05; ;2; ; ;1;3;66; ;1; ;12;292,345579339642
3358070;1;4;2;2;05; ;1; ; ; ;3;66; ;1; ;12;292,345579339642
3358071;1;1;1; ; ; ; ; ; ; ; ; ; ; ; ;12;305,519295030284
3358071;1;2;1; ; ; ; ; ; ; ; ; ; ; ; ;12;305,519295030284
3358071;1;3;1; ; ; ; ; ; ; ; ; ; ; ; ;12;305,519295030284
3358071;1;4;1; ; ; ; ; ; ; ; ; ; ; ; ;12;305,519295030284
3358071;1;5;1; ; ; ; ; ; ; ; ; ; ; ; ;12;305,519295030284
3358072;1;1;1; ; ; ; ; ; ; ; ; ; ; ; ;12;254,767198798747
3358072;1;2;1; ; ; ; ; ; ; ; ; ; ; ; ;12;254,767198798747
3358072;1;3;1; ; ; ; ; ; ; ; ; ; ; ; ;12;254,767198798747
3358073;1;1;2;2;08; ;2; ; ;1;2; ; ;1; ;12;281,06310497345
3358073;1;2;2;2;08; ;2; ; ;1;2; ; ;1; ;12;281,06310497345
3358073;1;3;1; ; ; ; ; ; ; ; ; ; ; ; ;12;281,06310497345
3358074;1;1;2;2;76; ;2; ; ;1;2; ; ;1; ;12;263,959895683744
3358075;1;1;2;2;66; ;3;17; ;1;2; ; ;1; ;12;244,978951738289
3358075;1;2;2;2;17; ;2; ; ;1;2; ; ;1; ;12;244,978951738289
3358075;1;3;2;2;17; ;3;17; ;1;2; ; ;1; ;12;244,978951738289
3358076;1;1;2;2;27; ;2; ; ;1;2; ; ;1; ;12;255,760308648092
3358076;1;2;2;2;05; ;2; ; ;1;2; ; ;1; ;12;255,760308648092
3358076;1;3;1; ; ; ; ; ; ; ; ; ; ; ; ;12;255,760308648092
3358077;1;1;2;2;25; ;3;73; ;1;2; ; ;1; ;12;297,736257794543
3358077;1;2;2;2;17; ;3;73; ;1;2; ; ;1; ;12;297,736257794543
3358077;1;3;2;2;73; ;3;73; ;1;2; ; ;1; ;12;297,736257794543
3358077;1;4;2;2;73; ;3;73; ;1;2; ; ;1; ;12;297,736257794543
3358078;1;1;1; ; ; ; ; ; ; ; ; ; ; ; ;12;261,652104559382
3358078;1;2;1; ; ; ; ; ; ; ; ; ; ; ; ;12;261,652104559382
3358078;1;3;1; ; ; ; ; ; ; ; ; ; ; ; ;12;261,652104559382
3358078;1;4;1; ; ; ; ; ; ; ; ; ; ; ; ;12;261,652104559382
3358079;1;1;1; ; ; ; ; ; ; ; ; ; ; ; ;12;323,039054119902
3358079;1;2;1; ; ; ; ; ; ; ; ; ; ; ; ;12;323,039054119902
3358079;1;3;1; ; ; ; ; ; ; ; ; ; ; ; ;12;323,039054119902
3358079;1;4;1; ; ; ; ; ; ; ; ; ; ; ; ;12;323,039054119902
3358080;1;1;1; ; ; ; ; ; ; ; ; ; ; ; ;12;246,0860300879
3358080;1;2;1; ; ; ; ; ; ; ; ; ; ; ; ;12;246,0860300879
3358081;1;1;1; ; ; ; ; ; ; ; ; ; ; ; ;12;301,159998621645
3358081;1;2;1; ; ; ; ; ; ; ; ; ; ; ; ;12;301,159998621645
3358081;1;3;1; ; ; ; ; ; ; ; ; ; ; ; ;12;301,159998621645
3358081;1;4;1; ; ; ; ; ; ; ; ; ; ; ; ;12;301,159998621645
3358081;1;5;1; ; ; ; ; ; ; ; ; ; ; ; ;12;301,159998621645
3358081;1;6;1; ; ; ; ; ; ; ; ; ; ; ; ;12;301,159998621645
3358082;1;1;2;2;27; ;2; ; ;1;2; ; ;1; ;12;246,0860300879
3358082;1;2;2;2;27; ;2; ; ;1;2; ; ;1; ;12;246,0860300879
3358083;1;1;1; ; ; ; ; ; ; ; ; ; ; ; ;12;195,775165163737
3358084;1;1;2;2;41; ;2; ; ;1;2; ; ;1; ;12;75,6113741076056
3358084;1;2;2;2;41; ;2; ; ;1;2; ; ;1; ;12;75,6113741076056
3358085;1;1;2;2;18; ;3;18; ;1;2; ; ;1; ;12;61,6231848419172
3358085;1;2;1; ; ; ; ; ; ; ; ; ; ; ; ;12;61,6231848419172
3358086;1;1;2;2;19; ;2; ; ;1;2; ; ;1; ;12;61,1711241987981
3358086;1;2;1; ; ; ; ; ; ; ; ; ; ; ; ;12;61,1711241987981
3358086;1;3;1; ; ; ; ; ; ; ; ; ; ; ; ;12;61,1711241987981
3358086;1;4;1; ; ; ; ; ; ; ; ; ; ; ; ;12;61,1711241987981
3358086;1;5;1; ; ; ; ; ; ; ; ; ; ; ; ;12;61,1711241987981
3358087;1;1;2;2;27; ;2; ; ;1;2; ; ;1; ;12;127,1628988351
3358087;1;2;2;2;27; ;2; ; ;1;2; ; ;1; ;12;127,1628988351
3358087;1;3;1; ; ; ; ; ; ; ; ; ; ; ; ;12;127,1628988351
3358087;1;4;1; ; ; ; ; ; ; ; ; ; ; ; ;12;127,1628988351
3358088;1;1;2;2;68; ;2; ; ;1;2; ; ;1; ;12;49,5455032624671
3358088;1;2;1; ; ; ; ; ; ; ; ; ; ; ; ;12;49,5455032624671
3358088;1;3;1; ; ; ; ; ; ; ; ; ; ; ; ;12;49,5455032624671
3358088;1;4;1; ; ; ; ; ; ; ; ; ; ; ; ;12;49,5455032624671
3358088;1;5;1; ; ; ; ; ; ; ; ; ; ; ; ;12;49,5455032624671
3358088;1;6;1; ; ; ; ; ; ; ; ; ; ; ; ;12;49,5455032624671
3358089;1;1;1; ; ; ; ; ; ; ; ; ; ; ; ;12;65,8950020662834
3358089;1;2;2;2;18; ;2; ; ;1;2; ; ;1; ;12;65,8950020662834
3358089;1;3;1; ; ; ; ; ; ; ; ; ; ; ; ;12;65,8950020662834
3358089;1;4;1; ; ; ; ; ; ; ; ; ; ; ; ;12;65,8950020662834
3358090;1;1;1; ; ; ; ; ; ; ; ; ; ; ; ;12;73,5558970787207
3358090;1;2;1; ; ; ; ; ; ; ; ; ; ; ; ;12;73,5558970787207
3358090;1;3;1; ; ; ; ; ; ; ; ; ; ; ; ;12;73,5558970787207
3358090;1;4;1; ; ; ; ; ; ; ; ; ; ; ; ;12;73,5558970787207
3358091;1;1;2;2;19; ;2; ; ;1;2; ; ;1; ;12;74,4784762279363
3358092;1;1;2;2;11; ;3;11; ;1;3;11; ;1; ;12;60,4425300728533
3358092;1;2;2;2;17; ;3;11; ;1;2; ; ;1; ;12;60,4425300728533
3358092;1;3;2;1; ; ;1; ; ; ;2; ; ;1; ;12;60,4425300728533
3358093;1;1;2;2;73; ;2; ; ;1;2; ; ;1; ;12;133,635162430998
3358094;1;1;1; ; ; ; ; ; ; ; ; ; ; ; ;12;57,9265758701405
3358094;1;2;1; ; ; ; ; ; ; ; ; ; ; ; ;12;57,9265758701405
3358094;1;3;1; ; ; ; ; ; ; ; ; ; ; ; ;12;57,9265758701405
3358094;1;4;1; ; ; ; ; ; ; ; ; ; ; ; ;12;57,9265758701405
3358095;1;1;2;2;73; ;2; ; ;1;2; ; ;1; ;12;60,3212352781704
3358095;1;2;2;2;73; ;2; ; ;1;2; ; ;1; ;12;60,3212352781704
3358096;1;1;2;2;18; ;2; ; ;1;2; ; ;1; ;12;62,7560827215865
3358096;1;2;1; ; ; ; ; ; ; ; ; ; ; ; ;12;62,7560827215865
3358096;1;3;2;2;18; ;2; ; ;1;2; ; ;1; ;12;62,7560827215865
3358097;1;1;2;2;41; ;2; ; ;1;2; ; ;1; ;12;101,775615782236
3358097;1;2;1; ; ; ; ; ; ; ; ; ; ; ; ;12;101,775615782236
3358097;1;3;1; ; ; ; ; ; ; ; ; ; ; ; ;12;101,775615782236
3358097;1;4;2;2;41; ;3;86; ;1;2; ; ;1; ;12;101,775615782236
3358097;1;5;2;2;18; ;3;86; ;1;2; ; ;1; ;12;101,775615782236
3358098;1;1;2;2;73; ;2; ; ;1;2; ; ;1; ;12;67,1874074158086
3358098;1;2;2;2;41; ;2; ; ;1;2; ; ;1; ;12;67,1874074158086
3358098;1;3;2;2;18; ;2; ; ;1;2; ; ;1; ;12;67,1874074158086
3358098;1;4;2;2;18; ;2; ; ;1;2; ; ;1; ;12;67,1874074158086
3358099;1;1;2;2;11; ;2; ; ;1;2; ; ;1; ;12;74,7756765044298
3358099;1;2;1; ; ; ; ; ; ; ; ; ; ; ; ;12;74,7756765044298
3358099;1;3;1; ; ; ; ; ; ; ; ; ; ; ; ;12;74,7756765044298
3358099;1;4;1; ; ; ; ; ; ; ; ; ; ; ; ;12;74,7756765044298
3358099;1;5;1; ; ; ; ; ; ; ; ; ; ; ; ;12;74,7756765044298
3358099;1;6;1; ; ; ; ; ; ; ; ; ; ; ; ;12;74,7756765044298
3358099;1;7;2;2;41; ;2; ; ;1;2; ; ;1; ;12;74,7756765044298
3358100;1;1;2;2;50; ;2; ; ;1;2; ; ;1; ;12;120,616420644835
3358100;1;2;1; ; ; ; ; ; ; ; ; ; ; ; ;12;120,616420644835
3358100;1;3;1; ; ; ; ; ; ; ; ; ; ; ; ;12;120,616420644835
3358100;1;4;1; ; ; ; ; ; ; ; ; ; ; ; ;12;120,616420644835
3358100;1;5;1; ; ; ; ; ; ; ; ; ; ; ; ;12;120,616420644835
3358100;1;6;1; ; ; ; ; ; ; ; ; ; ; ; ;12;120,616420644835
3358100;1;7;2;2;41; ;3;94; ;2;2; ; ;1; ;12;120,616420644835
3358101;1;1;2;2;41; ;2; ; ;1;2; ; ;1; ;12;220,346492303814
3358101;1;2;1; ; ; ; ; ; ; ; ; ; ; ; ;12;220,346492303814
3358101;1;3;1; ; ; ; ; ; ; ; ; ; ; ; ;12;220,346492303814
3358101;1;4;1; ; ; ; ; ; ; ; ; ; ; ; ;12;220,346492303814
3358102;1;1;1; ; ; ; ; ; ; ; ; ; ; ; ;12;152,176322650223
3358102;1;2;1; ; ; ; ; ; ; ; ; ; ; ; ;12;152,176322650223
3358102;1;3;1; ; ; ; ; ; ; ; ; ; ; ; ;12;152,176322650223
3358102;1;4;1; ; ; ; ; ; ; ; ; ; ; ; ;12;152,176322650223
3358102;1;5;1; ; ; ; ; ; ; ; ; ; ; ; ;12;152,176322650223
3358102;1;6;1; ; ; ; ; ; ; ; ; ; ; ; ;12;152,176322650223
3358105;1;1;2;2;11; ;2; ; ;1;2; ; ;1; ;12;90,3992114911715
3358105;1;2;1; ; ; ; ; ; ; ; ; ; ; ; ;12;90,3992114911715
3358105;1;3;1; ; ; ; ; ; ; ; ; ; ; ; ;12;90,3992114911715
3358105;1;4;2;2;50; ;2; ; ;1;2; ; ;1; ;12;90,3992114911715
3358106;1;1;1; ; ; ; ; ; ; ; ; ; ; ; ;12;90,5574587029475
3358106;1;2;1; ; ; ; ; ; ; ; ; ; ; ; ;12;90,5574587029475
3358107;1;1;2;2;13; ;2; ; ;1;2; ; ;1; ;12;91,6689951720024
3358107;1;2;1; ; ; ; ; ; ; ; ; ; ; ; ;12;91,6689951720024
3358107;1;3;1; ; ; ; ; ; ; ; ; ; ; ; ;12;91,6689951720024
3358109;1;1;1; ; ; ; ; ; ; ; ; ; ; ; ;12;147,588535918158
3358109;1;2;1; ; ; ; ; ; ; ; ; ; ; ; ;12;147,588535918158
3358109;1;3;1; ; ; ; ; ; ; ; ; ; ; ; ;12;147,588535918158
3358110;1;1;1; ; ; ; ; ; ; ; ; ; ; ; ;12;119,186055479652
3358110;1;2;1; ; ; ; ; ; ; ; ; ; ; ; ;12;119,186055479652
3358110;1;3;1; ; ; ; ; ; ; ; ; ; ; ; ;12;119,186055479652
3358111;1;1;1; ; ; ; ; ; ; ; ; ; ; ; ;12;119,186055479652
3358111;1;2;1; ; ; ; ; ; ; ; ; ; ; ; ;12;119,186055479652
3358111;1;3;1; ; ; ; ; ; ; ; ; ; ; ; ;12;119,186055479652
3358113;1;1;2;2;18; ;2; ; ;1;2; ; ;1; ;12;75,2070703538812
3358113;1;2;2;2;18; ;2; ; ;1;2; ; ;1; ;12;75,2070703538812
3358113;1;3;1; ; ; ; ; ; ; ; ; ; ; ; ;12;75,2070703538812
3358120;1;1;2;2;68; ;2; ; ;1;2; ; ;1; ;12;94,9990210021001
3358120;1;2;2;2;05; ;2; ; ;1;2; ; ;1; ;12;94,9990210021001
3358120;1;3;2;1; ; ;2; ; ;1;2; ; ;1; ;12;94,9990210021001
3358121;1;1;2;2;25; ;3;99; ;1;3;50; ;1; ;12;120,613982189306
3358122;1;1;1; ; ; ; ; ; ; ; ; ; ; ; ;12;111,337822494669
3358122;1;2;1; ; ; ; ; ; ; ; ; ; ; ; ;12;111,337822494669
3358122;1;3;1; ; ; ; ; ; ; ; ; ; ; ; ;12;111,337822494669
3358122;1;4;1; ; ; ; ; ; ; ; ; ; ; ; ;12;111,337822494669
3358123;1;1;1; ; ; ; ; ; ; ; ; ; ; ; ;12;94,8951449279754
3358123;1;2;2;2;41; ;2; ; ;1;2; ; ;1; ;12;94,8951449279754
3358123;1;3;1; ; ; ; ; ; ; ; ; ; ; ; ;12;94,8951449279754
3358123;1;4;1; ; ; ; ; ; ; ; ; ; ; ; ;12;94,8951449279754
3358124;1;1;2;2;15; ;2; ; ;1;2; ; ;1; ;12;113,761636212504
3358124;1;2;2;2;11; ;2; ; ;1;2; ; ;1; ;12;113,761636212504
3358124;1;3;1; ; ; ; ; ; ; ; ; ; ; ; ;12;113,761636212504
3358125;1;1;2;2;25; ;2; ; ;1;2; ; ;1; ;12;96,0380563373106
3358126;1;1;1; ; ; ; ; ; ; ; ; ; ; ; ;12;167,822208685015
3358127;1;1;2;2;20; ;3;20; ;1;2; ; ;1; ;12;172,399042442054
3358127;1;2;2;2;20; ;3;20; ;1;2; ; ;1; ;12;172,399042442054
3358128;1;1;2;2;13; ;2; ; ;1;2; ; ;1; ;12;191,12405707052
3358129;1;1;2;2;47; ;2; ; ;1;2; ; ;1; ;12;181,074343093091
3358129;1;2;1; ; ; ; ; ; ; ; ; ; ; ; ;12;181,074343093091
3358129;1;3;1; ; ; ; ; ; ; ; ; ; ; ; ;12;181,074343093091
3358129;1;4;1; ; ; ; ; ; ; ; ; ; ; ; ;12;181,074343093091
3358130;1;1;2;2;70; ;2; ; ;1;2; ; ;1; ;12;185,637685090636
3358130;1;2;2;2;20; ;2; ; ;1;2; ; ;1; ;12;185,637685090636
3358130;1;3;2;2;20; ;2; ; ;1;2; ; ;1; ;12;185,637685090636
3358130;1;4;2;2;70; ;2; ; ;1;2; ; ;1; ;12;185,637685090636
3358131;1;1;2;2;44; ;2; ; ;1;2; ; ;1; ;12;169,311735989203
3358131;1;2;1; ; ; ; ; ; ; ; ; ; ; ; ;12;169,311735989203
3358131;1;3;1; ; ; ; ; ; ; ; ; ; ; ; ;12;169,311735989203
3358132;1;1;2;2;44; ;3;44; ;1;2; ; ;1; ;12;262,610149949912
3358132;1;2;1; ; ; ; ; ; ; ; ; ; ; ; ;12;262,610149949912
3358132;1;3;1; ; ; ; ; ; ; ; ; ; ; ; ;12;262,610149949912
3358133;1;1;2;2;70; ;3;44; ;1;2; ; ;1; ;12;133,015679930516
3358133;1;2;2;1; ; ;3;44; ;1;2; ; ;1; ;12;133,015679930516
3358134;1;1;2;2;47; ;2; ; ;1;2; ; ;1; ;12;149,086878759764
3358134;1;2;1; ; ; ; ; ; ; ; ; ; ; ; ;12;149,086878759764
3358134;1;3;1; ; ; ; ; ; ; ; ; ; ; ; ;12;149,086878759764
3358135;1;1;2;2;47; ;2; ; ;1;2; ; ;1; ;12;332,269736882873
3358135;1;2;2;2;47; ;2; ; ;1;2; ; ;1; ;12;332,269736882873
3358135;1;3;2;2;47; ;2; ; ;1;2; ; ;1; ;12;332,269736882873
3358135;1;4;2;2;47; ;2; ; ;1;2; ; ;1; ;12;332,269736882873
3358135;1;5;2;2;47; ;2; ; ;1;2; ; ;1; ;12;332,269736882873
3358135;1;6;2;2;47; ;2; ; ;1;2; ; ;1; ;12;332,269736882873
3358135;1;7;1; ; ; ; ; ; ; ; ; ; ; ; ;12;332,269736882873
3358135;2;1;2;2;47; ;2; ; ;1;2; ; ;1; ;12;332,269736882873
3358135;2;2;2;2;47; ;2; ; ;1;2; ; ;1; ;12;332,269736882873
3358135;2;3;2;2;47; ;2; ; ;1;2; ; ;1; ;12;332,269736882873
3358135;2;4;1; ; ; ; ; ; ; ; ; ; ; ; ;12;332,269736882873
3358135;2;5;1; ; ; ; ; ; ; ; ; ; ; ; ;12;332,269736882873
3358135;2;6;1; ; ; ; ; ; ; ; ; ; ; ; ;12;332,269736882873
3358136;1;1;2;2;47; ;2; ; ;1;2; ; ;1; ;12;180,955900595855
3358137;1;1;1; ; ; ; ; ; ; ; ; ; ; ; ;12;276,818476648819
3358137;1;2;2;2;47; ;2; ; ;1;2; ; ;1; ;12;276,818476648819
3358137;1;3;1; ; ; ; ; ; ; ; ; ; ; ; ;12;276,818476648819
3358137;1;4;1; ; ; ; ; ; ; ; ; ; ; ; ;12;276,818476648819
3358137;1;5;1; ; ; ; ; ; ; ; ; ; ; ; ;12;276,818476648819
3358138;1;1;1; ; ; ; ; ; ; ; ; ; ; ; ;12;173,728427502306
3358138;1;2;1; ; ; ; ; ; ; ; ; ; ; ; ;12;173,728427502306
3358138;1;3;1; ; ; ; ; ; ; ; ; ; ; ; ;12;173,728427502306
3358138;1;4;1; ; ; ; ; ; ; ; ; ; ; ; ;12;173,728427502306
3358139;1;1;2;2;05; ;2; ; ;1;2; ; ;1; ;12;167,822208685015
3358140;1;1;2;2;47; ;2; ; ;1;2; ; ;1; ;12;221,678990877138
3358140;1;2;2;2;47; ;2; ; ;1;2; ; ;1; ;12;221,678990877138
3358140;1;3;2;1; ; ;2; ; ;1;2; ; ;1; ;12;221,678990877138
3358140;1;4;1; ; ; ; ; ; ; ; ; ; ; ; ;12;221,678990877138
3358140;1;5;1; ; ; ; ; ; ; ; ; ; ; ; ;12;221,678990877138
3358141;1;1;2;2;47; ;2; ; ;1;2; ; ;1; ;12;205,60779204789
3358141;1;2;2;2;70; ;2; ; ;1;2; ; ;1; ;12;205,60779204789
3358141;1;3;1; ; ; ; ; ; ; ; ; ; ; ; ;12;205,60779204789
3358141;1;4;1; ; ; ; ; ; ; ; ; ; ; ; ;12;205,60779204789
3358142;1;1;2;2;47; ;2; ; ;1;2; ; ;1; ;12;227,535379163735
3358142;1;2;2;2;47; ;3;08; ;1;3;08; ;1; ;12;227,535379163735
3358142;1;3;1; ; ; ; ; ; ; ; ; ; ; ; ;12;227,535379163735
3358143;1;1;2;2;66; ;3;66; ;1;2; ; ;1; ;12;220,341247898188
3358143;1;2;1; ; ; ; ; ; ; ; ; ; ; ; ;12;220,341247898188
3358143;1;3;1; ; ; ; ; ; ; ; ; ; ; ; ;12;220,341247898188
3358148;1;1;2;2;66; ;2; ; ;1;2; ; ;1; ;12;171,471356861394
3358149;1;1;1; ; ; ; ; ; ; ; ; ; ; ; ;12;262,155172669547
3358149;1;2;1; ; ; ; ; ; ; ; ; ; ; ; ;12;262,155172669547
3358149;1;3;1; ; ; ; ; ; ; ; ; ; ; ; ;12;262,155172669547
3358149;1;4;2;2;66; ;3;66; ;1;3;66; ;1; ;12;262,155172669547
3358149;1;5;2;2;66; ;1; ; ; ;3;66; ;1; ;12;262,155172669547
3358149;1;6;1; ; ; ; ; ; ; ; ; ; ; ; ;12;262,155172669547
3358149;1;7;1; ; ; ; ; ; ; ; ; ; ; ; ;12;262,155172669547
3358150;1;1;2;2;17; ;3;17; ;2;2; ; ;1; ;12;144,505049557499
3358150;1;2;2;2;17; ;2; ; ;1;2; ; ;1; ;12;144,505049557499
3358151;1;1;2;2;17; ;2; ; ;1;2; ; ;1; ;12;250,415028706408
3358151;1;2;1; ; ; ; ; ; ; ; ; ; ; ; ;12;250,415028706408
3358151;1;3;1; ; ; ; ; ; ; ; ; ; ; ; ;12;250,415028706408
3358152;1;1;1; ; ; ; ; ; ; ; ; ; ; ; ;12;200,867364069929
3358152;1;2;1; ; ; ; ; ; ; ; ; ; ; ; ;12;200,867364069929
3358152;1;3;1; ; ; ; ; ; ; ; ; ; ; ; ;12;200,867364069929
3358156;1;1;1; ; ; ; ; ; ; ; ; ; ; ; ;12;158,247075742613
3358158;1;1;1; ; ; ; ; ; ; ; ; ; ; ; ;12;184,225406097115
3358158;1;2;1; ; ; ; ; ; ; ; ; ; ; ; ;12;184,225406097115
3358159;1;1;1; ; ; ; ; ; ; ; ; ; ; ; ;12;184,225406097115
3358159;1;2;1; ; ; ; ; ; ; ; ; ; ; ; ;12;184,225406097115
3358160;1;1;1; ; ; ; ; ; ; ; ; ; ; ; ;12;172,69986529207
3358160;1;2;1; ; ; ; ; ; ; ; ; ; ; ; ;12;172,69986529207
3358160;1;3;1; ; ; ; ; ; ; ; ; ; ; ; ;12;172,69986529207
3358162;1;1;2;2;17; ;3;05; ;1;3;17; ;1; ;12;158,247075742613
3358163;1;1;1; ; ; ; ; ; ; ; ; ; ; ; ;12;136,584023490997
3358163;1;2;1; ; ; ; ; ; ; ; ; ; ; ; ;12;136,584023490997
3358164;1;1;1; ; ; ; ; ; ; ; ; ; ; ; ;12;188,113314834208
3358164;1;2;1; ; ; ; ; ; ; ; ; ; ; ; ;12;188,113314834208
3358165;1;1;2;2;17; ;2; ; ;1;2; ; ;1; ;12;226,557075934806
3358165;1;2;2;2;15; ;2; ; ;1;2; ; ;1; ;12;226,557075934806
3358165;1;3;2;2;11; ;2; ; ;1;2; ; ;1; ;12;226,557075934806
3358165;1;4;2;2;11; ;2; ; ;1;2; ; ;1; ;12;226,557075934806
3358165;1;5;2;2;17; ;2; ; ;1;2; ; ;1; ;12;226,557075934806
3358166;1;1;1; ; ; ; ; ; ; ; ; ; ; ; ;12;147,612963575809
3358166;1;2;2;2;17; ;2; ; ;1;2; ; ;1; ;12;147,612963575809
3358166;1;3;2;2;17; ;2; ; ;1;2; ; ;1; ;12;147,612963575809
3358168;1;1;1; ; ; ; ; ; ; ; ; ; ; ; ;12;174,109038996643
3358168;1;2;1; ; ; ; ; ; ; ; ; ; ; ; ;12;174,109038996643
3358168;1;3;1; ; ; ; ; ; ; ; ; ; ; ; ;12;174,109038996643
3358169;1;1;2;2;17; ;2; ; ;1;2; ; ;1; ;12;342,942713722787
3358174;1;1;1; ; ; ; ; ; ; ; ; ; ; ; ;12;191,488129170975
3358174;1;2;2;2;17; ;2; ; ;1;2; ; ;1; ;12;191,488129170975
3358174;1;3;1; ; ; ; ; ; ; ; ; ; ; ; ;12;191,488129170975
3358174;1;4;1; ; ; ; ; ; ; ; ; ; ; ; ;12;191,488129170975
3358174;1;5;1; ; ; ; ; ; ; ; ; ; ; ; ;12;191,488129170975
3358174;1;6;1; ; ; ; ; ; ; ; ; ; ; ; ;12;191,488129170975
3358175;1;1;1; ; ; ; ; ; ; ; ; ; ; ; ;12;184,225406097115
3358175;1;2;1; ; ; ; ; ; ; ; ; ; ; ; ;12;184,225406097115
3358176;1;1;1; ; ; ; ; ; ; ; ; ; ; ; ;12;205,88845834873
3358177;1;1;2;2;73; ;2; ; ;1;2; ; ;1; ;12;209,776367085823
3358178;1;1;2;2;73; ;2; ; ;1;2; ; ;1; ;12;256,290504716327
3358178;1;2;2;2;73; ;2; ; ;1;2; ; ;1; ;12;256,290504716327
3358178;1;3;1; ; ; ; ; ; ; ; ; ; ; ; ;12;256,290504716327
3358179;1;1;1; ; ; ; ; ; ; ; ; ; ; ; ;12;295,225927151617
3358179;1;2;1; ; ; ; ; ; ; ; ; ; ; ; ;12;295,225927151617
3358179;1;3;1; ; ; ; ; ; ; ; ; ; ; ; ;12;295,225927151617
3358180;1;1;2;2;17; ;2; ; ;1;2; ; ;1; ;12;171,001124978334
3358180;1;2;1; ; ; ; ; ; ; ; ; ; ; ; ;12;171,001124978334
3358185;1;1;2;2;66; ;2; ; ;1;2; ; ;1; ;12;256,92732158232
3358185;1;2;1; ; ; ; ; ; ; ; ; ; ; ; ;12;256,92732158232
3358185;1;3;1; ; ; ; ; ; ; ; ; ; ; ; ;12;256,92732158232
3358186;1;1;1; ; ; ; ; ; ; ; ; ; ; ; ;12;171,001124978334
3358186;1;2;1; ; ; ; ; ; ; ; ; ; ; ; ;12;171,001124978334
3358187;1;1;2;2;17; ;2; ; ;1;2; ; ;1; ;12;271,192093083211
3358187;1;2;1; ; ; ; ; ; ; ; ; ; ; ; ;12;271,192093083211
3358187;1;3;1; ; ; ; ; ; ; ; ; ; ; ; ;12;271,192093083211
3358187;1;4;2;2;17; ;3;17; ;1;3;17; ;1; ;12;271,192093083211
3358192;1;1;2;2;17; ;2; ; ;1;2; ; ;1; ;12;184,225406097115
3358192;1;2;1; ; ; ; ; ; ; ; ; ; ; ; ;12;184,225406097115
3358193;1;1;1; ; ; ; ; ; ; ; ; ; ; ; ;12;209,776367085823
3358194;1;1;2;2;73; ;2; ; ;1;2; ; ;1; ;12;376,226629668415
3358194;1;2;2;2;17; ;2; ; ;1;2; ; ;1; ;12;376,226629668415
3358195;1;1;1; ; ; ; ; ; ; ; ; ; ; ; ;12;74,6333225656565
3358195;1;2;1; ; ; ; ; ; ; ; ; ; ; ; ;12;74,6333225656565
3358196;1;1;2;2;27; ;3;27; ;1;3;27; ;1; ;12;108,874753921087
3358196;1;2;2;2;27; ;2; ; ;1;2; ; ;1; ;12;108,874753921087
3358196;1;3;2;2;27; ;3;27; ;1;3;27; ;1; ;12;108,874753921087
3358196;1;4;2;2;27; ;3;27; ;1;3;27; ;1; ;12;108,874753921087
3358196;1;5;2;2;27; ;3;27; ;1;3;27; ;1; ;12;108,874753921087
3358197;1;1;1; ; ; ; ; ; ; ; ; ; ; ; ;12;91,6518045730684
3358197;1;2;1; ; ; ; ; ; ; ; ; ; ; ; ;12;91,6518045730684
3358197;1;3;1; ; ; ; ; ; ; ; ; ; ; ; ;12;91,6518045730684
3358197;1;4;1; ; ; ; ; ; ; ; ; ; ; ; ;12;91,6518045730684
3358197;1;5;1; ; ; ; ; ; ; ; ; ; ; ; ;12;91,6518045730684
3358198;1;1;1; ; ; ; ; ; ; ; ; ; ; ; ;12;116,901100493286
3358198;1;2;1; ; ; ; ; ; ; ; ; ; ; ; ;12;116,901100493286
3358198;1;3;1; ; ; ; ; ; ; ; ; ; ; ; ;12;116,901100493286
3358199;1;1;1; ; ; ; ; ; ; ; ; ; ; ; ;12;75,5634984434347
3358199;1;2;1; ; ; ; ; ; ; ; ; ; ; ; ;12;75,5634984434347
3358199;1;3;1; ; ; ; ; ; ; ; ; ; ; ; ;12;75,5634984434347
3358199;1;4;1; ; ; ; ; ; ; ; ; ; ; ; ;12;75,5634984434347
3358199;1;5;1; ; ; ; ; ; ; ; ; ; ; ; ;12;75,5634984434347
3358199;1;6;1; ; ; ; ; ; ; ; ; ; ; ; ;12;75,5634984434347
3358199;1;7;1; ; ; ; ; ; ; ; ; ; ; ; ;12;75,5634984434347
3358199;1;8;1; ; ; ; ; ; ; ; ; ; ; ; ;12;75,5634984434347
3358199;1;9;1; ; ; ; ; ; ; ; ; ; ; ; ;12;75,5634984434347
3358199;1;10;1; ; ; ; ; ; ; ; ; ; ; ; ;12;75,5634984434347
3358200;1;1;1; ; ; ; ; ; ; ; ; ; ; ; ;12;111,220108917736
3358200;1;2;1; ; ; ; ; ; ; ; ; ; ; ; ;12;111,220108917736
3358201;1;1;1; ; ; ; ; ; ; ; ; ; ; ; ;12;104,031615147783
3358201;1;2;1; ; ; ; ; ; ; ; ; ; ; ; ;12;104,031615147783
3358201;1;3;1; ; ; ; ; ; ; ; ; ; ; ; ;12;104,031615147783
3358201;1;4;1; ; ; ; ; ; ; ; ; ; ; ; ;12;104,031615147783
3358201;1;5;1; ; ; ; ; ; ; ; ; ; ; ; ;12;104,031615147783
3358201;1;6;1; ; ; ; ; ; ; ; ; ; ; ; ;12;104,031615147783
3358202;1;1;2;2;11; ;3;15; ;1;3;15; ;1; ;12;52,1373274038011
3358202;1;2;2;2;15; ;3;15; ;1;2; ; ;1; ;12;52,1373274038011
3358202;1;3;2;2;15; ;3;15; ;1;2; ; ;1; ;12;52,1373274038011
3358202;1;4;2;2;15; ;3;15; ;1;3;15; ;1; ;12;52,1373274038011
3358203;1;1;1; ; ; ; ; ; ; ; ; ; ; ; ;12;96,5354020568426
3358203;1;2;1; ; ; ; ; ; ; ; ; ; ; ; ;12;96,5354020568426
3358205;1;1;2;2;15; ;2; ; ;1;2; ; ;1; ;12;96,6392781309672
3358206;1;1;1; ; ; ; ; ; ; ; ; ; ; ; ;12;120,613982189306
3358207;1;1;2;2;15; ;2; ; ;1;2; ; ;1; ;12;131,585807354179
3358207;1;2;2;2;15; ;2; ; ;1;2; ; ;1; ;12;131,585807354179
3358207;1;3;1; ; ; ; ; ; ; ; ; ; ; ; ;12;131,585807354179
3358208;1;1;1; ; ; ; ; ; ; ; ; ; ; ; ;12;52,6273670003458
3358208;1;2;1; ; ; ; ; ; ; ; ; ; ; ; ;12;52,6273670003458
3358208;1;3;1; ; ; ; ; ; ; ; ; ; ; ; ;12;52,6273670003458
3358209;1;1;2;2;47; ;2; ; ;1;2; ; ;1; ;12;139,920721241704
3358209;1;2;1; ; ; ; ; ; ; ; ; ; ; ; ;12;139,920721241704
3358209;1;3;1; ; ; ; ; ; ; ; ; ; ; ; ;12;139,920721241704
3358209;1;4;1; ; ; ; ; ; ; ; ; ; ; ; ;12;139,920721241704
3358210;1;1;2;1; ; ;2; ; ;1;2; ; ;1; ;12;141,64659087836
3358210;1;2;1; ; ; ; ; ; ; ; ; ; ; ; ;12;141,64659087836
3358210;1;3;1; ; ; ; ; ; ; ; ; ; ; ; ;12;141,64659087836
3358211;1;1;2;2;44; ;3;44; ;1;2; ; ;1; ;12;161,365325534426
3358211;1;2;2;2;20; ;3;20; ;1;2; ; ;1; ;12;161,365325534426
3358212;1;1;1; ; ; ; ; ; ; ; ; ; ; ; ;12;125,562670546138
3358212;1;2;2;2;13; ;2; ; ;1;2; ; ;1; ;12;125,562670546138
3358212;1;3;2;2;08; ;2; ; ;1;2; ; ;1; ;12;125,562670546138
3358213;1;1;2;2;20; ;2; ; ;1;2; ; ;1; ;12;173,392832422944
3358213;1;2;2;2;05; ;2; ; ;1;2; ; ;1; ;12;173,392832422944
3358213;1;3;1; ; ; ; ; ; ; ; ; ; ; ; ;12;173,392832422944
3358214;1;1;2;2;25; ;2; ; ;1;2; ; ;1; ;12;185,420339311462
3358214;1;2;2;2;47; ;2; ; ;1;2; ; ;1; ;12;185,420339311462
3358214;1;3;1; ; ; ; ; ; ; ; ; ; ; ; ;12;185,420339311462
3358214;1;4;1; ; ; ; ; ; ; ; ; ; ; ; ;12;185,420339311462
3358215;1;1;1; ; ; ; ; ; ; ; ; ; ; ; ;12;161,365325534426
3358215;1;2;1; ; ; ; ; ; ; ; ; ; ; ; ;12;161,365325534426
3358216;1;1;2;2;54; ;2; ; ;1;2; ; ;1; ;12;183,580955484274
3358217;1;1;2;2;47; ;2; ; ;1;2; ; ;1; ;12;119,950250323037
3358217;1;2;2;2;20; ;3;20; ;1;2; ; ;1; ;12;119,950250323037
3358217;1;3;2;2;08; ;3;20; ;1;2; ; ;1; ;12;119,950250323037
3358217;1;4;2;2;08; ;3;20; ;1;2; ; ;1; ;12;119,950250323037
3358217;1;5;2;2;08; ;2; ; ;1;3;20; ;1; ;12;119,950250323037
3358218;1;1;1; ; ; ; ; ; ; ; ; ; ; ; ;12;113,786331139283
3358219;1;1;2;2;44; ;2; ; ;1;2; ; ;1; ;12;113,786331139283
3358220;1;1;2;2;20; ;2; ; ;1;3;47; ;1; ;12;132,699287896456
3358220;1;2;2;2;47; ;3;47; ;1;2; ; ;1; ;12;132,699287896456
3358220;1;3;2;2;47; ;3;47; ;1;2; ; ;1; ;12;132,699287896456
3358220;1;4;1; ; ; ; ; ; ; ; ; ; ; ; ;12;132,699287896456
3358221;1;1;2;1; ; ;3;20; ;2;2; ; ;1; ;12;146,537480416559
3358221;1;2;2;2;08; ;2; ; ;1;2; ; ;1; ;12;146,537480416559
3358221;1;3;1; ; ; ; ; ; ; ; ; ; ; ; ;12;146,537480416559
3358222;1;1;1; ; ; ; ; ; ; ; ; ; ; ; ;12;180,529449773262
3358222;1;2;2;2;44; ;2; ; ;1;2; ; ;1; ;12;180,529449773262
3358222;1;3;1; ; ; ; ; ; ; ; ; ; ; ; ;12;180,529449773262
3358222;1;4;1; ; ; ; ; ; ; ; ; ; ; ; ;12;180,529449773262
3358223;1;1;2;2;08; ;2; ; ;1;2; ; ;1; ;12;175,638560235063
3358223;1;2;1; ; ; ; ; ; ; ; ; ; ; ; ;12;175,638560235063
3358223;1;3;1; ; ; ; ; ; ; ; ; ; ; ; ;12;175,638560235063
3358223;1;4;1; ; ; ; ; ; ; ; ; ; ; ; ;12;175,638560235063
3358224;1;1;1; ; ; ; ; ; ; ; ; ; ; ; ;12;178,679625743695
3358224;1;2;2;2;20; ;2; ; ;1;2; ; ;1; ;12;178,679625743695
3358225;1;1;2;2;44; ;2; ; ;1;2; ; ;1; ;12;173,392832422944
3358225;1;2;2;2;44; ;2; ; ;1;2; ; ;1; ;12;173,392832422944
3358225;1;3;1; ; ; ; ; ; ; ; ; ; ; ; ;12;173,392832422944
3358226;1;1;2;2;20; ;2; ; ;1;2; ; ;1; ;12;204,980367332849
3358226;1;2;1; ; ; ; ; ; ; ; ; ; ; ; ;12;204,980367332849
3358226;1;3;1; ; ; ; ; ; ; ; ; ; ; ; ;12;204,980367332849
3358226;1;4;1; ; ; ; ; ; ; ; ; ; ; ; ;12;204,980367332849
3358226;1;5;1; ; ; ; ; ; ; ; ; ; ; ; ;12;204,980367332849
3358227;1;1;1; ; ; ; ; ; ; ; ; ; ; ; ;12;147,778300495986
3358227;1;2;2;2;47; ;2; ; ;1;2; ; ;1; ;12;147,778300495986
3358228;1;1;2;1; ; ;3;20; ;2;2; ; ;1; ;12;151,428369954759
3358228;1;2;2;1; ; ;3;20; ;1;2; ; ;1; ;12;151,428369954759
3358228;1;3;2;2;11; ;3;20; ;1;2; ; ;1; ;12;151,428369954759
3358229;1;1;2;2;20; ;2; ; ;1;2; ; ;1; ;12;129,608643787463
3358229;1;2;1; ; ; ; ; ; ; ; ; ; ; ; ;12;129,608643787463
3358229;1;3;1; ; ; ; ; ; ; ; ; ; ; ; ;12;129,608643787463
3358230;1;1;2;2;47; ;2; ; ;1;2; ; ;1; ;12;130,078730034555
3358230;1;2;1; ; ; ; ; ; ; ; ; ; ; ; ;12;130,078730034555
3358231;1;1;2;2;47; ;2; ; ;1;2; ; ;1; ;12;110,734825428271
3358231;1;2;1; ; ; ; ; ; ; ; ; ; ; ; ;12;110,734825428271
3358231;1;3;1; ; ; ; ; ; ; ; ; ; ; ; ;12;110,734825428271
3358231;1;4;1; ; ; ; ; ; ; ; ; ; ; ; ;12;110,734825428271
3358232;1;1;2;2;13; ;2; ; ;1;2; ; ;1; ;12;147,778300495986
3358232;1;2;1; ; ; ; ; ; ; ; ; ; ; ; ;12;147,778300495986
3358233;1;1;1; ; ; ; ; ; ; ; ; ; ; ; ;12;170,737230494484
3358233;1;2;1; ; ; ; ; ; ; ; ; ; ; ; ;12;170,737230494484
3358233;1;3;1; ; ; ; ; ; ; ; ; ; ; ; ;12;170,737230494484
3358233;1;4;1; ; ; ; ; ; ; ; ; ; ; ; ;12;170,737230494484
3358233;1;5;1; ; ; ; ; ; ; ; ; ; ; ; ;12;170,737230494484
3358234;1;1;1; ; ; ; ; ; ; ; ; ; ; ; ;12;156,71516327551
3358234;1;2;1; ; ; ; ; ; ; ; ; ; ; ; ;12;156,71516327551
3358235;1;1;2;2;25; ;2; ; ;1;2; ; ;1; ;12;227,829074728277
3358235;1;2;1; ; ; ; ; ; ; ; ; ; ; ; ;12;227,829074728277
3358235;1;3;2;2;18; ;2; ; ;1;2; ; ;1; ;12;227,829074728277
3358235;1;4;1; ; ; ; ; ; ; ; ; ; ; ; ;12;227,829074728277
3358236;1;1;2;1; ; ;2; ; ;1;2; ; ;1; ;12;220,71430165361
3358236;1;2;1; ; ; ; ; ; ; ; ; ; ; ; ;12;220,71430165361
3358236;1;3;2;2;73; ;2; ; ;1;2; ; ;1; ;12;220,71430165361
3358236;1;4;2;1; ; ;3;54; ;1;2; ; ;1; ;12;220,71430165361
3358236;1;5;2;2;25; ;3;54; ;1;2; ; ;1; ;12;220,71430165361
3358236;1;6;2;2;50; ;3;54; ;1;2; ; ;1; ;12;220,71430165361
3358237;1;1;1; ; ; ; ; ; ; ; ; ; ; ; ;12;223,578185771665
3358237;1;2;1; ; ; ; ; ; ; ; ; ; ; ; ;12;223,578185771665
3358237;1;3;1; ; ; ; ; ; ; ; ; ; ; ; ;12;223,578185771665
3358237;1;4;1; ; ; ; ; ; ; ; ; ; ; ; ;12;223,578185771665
3358237;1;5;2;2;73; ;2; ; ;1;2; ; ;1; ;12;223,578185771665
3358238;1;1;1; ; ; ; ; ; ; ; ; ; ; ; ;12;293,338741002888
3358238;1;2;1; ; ; ; ; ; ; ; ; ; ; ; ;12;293,338741002888
3358238;1;3;1; ; ; ; ; ; ; ; ; ; ; ; ;12;293,338741002888
3358238;1;4;1; ; ; ; ; ; ; ; ; ; ; ; ;12;293,338741002888
3358239;1;1;1; ; ; ; ; ; ; ; ; ; ; ; ;12;154,243163918886
3358239;1;2;1; ; ; ; ; ; ; ; ; ; ; ; ;12;154,243163918886
3358239;1;3;1; ; ; ; ; ; ; ; ; ; ; ; ;12;154,243163918886
3358240;1;1;2;2;17; ;3;17; ;1;2; ; ;1; ;12;246,758705574624
3358240;1;2;2;2;73; ;4; ;4; ;2; ; ;1; ;12;246,758705574624
3358241;1;1;2;2;63; ;2; ; ;1;2; ; ;1; ;12;288,978354135103
3358242;1;1;2;2;11; ;2; ; ;1;2; ; ;1; ;12;288,978354135103
3358243;1;1;1; ; ; ; ; ; ; ; ; ; ; ; ;12;341,397759904876
3358243;1;2;1; ; ; ; ; ; ; ; ; ; ; ; ;12;341,397759904876
3358243;1;3;1; ; ; ; ; ; ; ; ; ; ; ; ;12;341,397759904876
3358243;1;4;1; ; ; ; ; ; ; ; ; ; ; ; ;12;341,397759904876
3358245;1;1;2;2;68; ;2; ; ;1;2; ; ;1; ;12;320,36492475018
3358245;1;2;2;2;68; ;3;68; ;1;3;68; ;1; ;12;320,36492475018
3358247;1;1;2;2;73; ;2; ; ;1;2; ; ;1; ;12;179,547196396359
3358247;1;2;2;1; ; ;3;11; ;1;2; ; ;1; ;12;179,547196396359
3358247;1;3;1; ; ; ; ; ; ; ; ; ; ; ; ;12;179,547196396359
3358248;1;1;2;1; ; ;3;11; ;1;2; ; ;1; ;12;276,13126142636
3358248;1;2;1; ; ; ; ; ; ; ; ; ; ; ; ;12;276,13126142636
3358248;1;3;1; ; ; ; ; ; ; ; ; ; ; ; ;12;276,13126142636
3358248;1;4;1; ; ; ; ; ; ; ; ; ; ; ; ;12;276,13126142636
3358249;1;1;1; ; ; ; ; ; ; ; ; ; ; ; ;12;162,563760161729
3358249;1;2;1; ; ; ; ; ; ; ; ; ; ; ; ;12;162,563760161729
3358249;1;3;1; ; ; ; ; ; ; ; ; ; ; ; ;12;162,563760161729
3358249;1;4;1; ; ; ; ; ; ; ; ; ; ; ; ;12;162,563760161729
3358250;1;1;2;2;73; ;2; ; ;1;2; ; ;1; ;12;277,407848071486
3358251;1;1;1; ; ; ; ; ; ; ; ; ; ; ; ;12;210,271376648221
3358251;1;2;1; ; ; ; ; ; ; ; ; ; ; ; ;12;210,271376648221
3358252;1;1;2;1; ; ;2; ; ;1;2; ; ;1; ;12;105,143902992926
3358252;1;2;2;2;47; ;2; ; ;1;2; ; ;1; ;12;105,143902992926
3358253;1;1;2;2;41; ;2; ; ;1;2; ; ;1; ;12;105,143902992926
3358253;1;2;1; ; ; ; ; ; ; ; ; ; ; ; ;12;105,143902992926
3358254;1;1;1; ; ; ; ; ; ; ; ; ; ; ; ;12;277,407848071486
3358255;1;1;2;2;73; ;2; ; ;1;2; ; ;1; ;12;190,380274341761
3358256;1;1;2;2;73; ;2; ; ;1;2; ; ;1; ;12;221,766844956838
3358256;1;2;2;1; ; ;2; ; ;1;2; ; ;1; ;12;221,766844956838
3358257;1;1;2;1; ; ;2; ; ;1;3;11; ;1; ;12;204,783408722208
3358257;1;2;1; ; ; ; ; ; ; ; ; ; ; ; ;12;204,783408722208
3358257;1;3;1; ; ; ; ; ; ; ; ; ; ; ; ;12;204,783408722208
3358258;1;1;1; ; ; ; ; ; ; ; ; ; ; ; ;12;175,64340426385
3358258;1;2;2;2;41; ;2; ; ;1;2; ; ;1; ;12;175,64340426385
3358258;1;3;1; ; ; ; ; ; ; ; ; ; ; ; ;12;175,64340426385
3358258;1;4;1; ; ; ; ; ; ; ; ; ; ; ; ;12;175,64340426385
3358259;1;1;2;2;73; ;3;73; ;2;2; ; ;1; ;12;126,248399825251
3358259;1;2;2;2;73; ;3;73; ;2;2; ; ;1; ;12;126,248399825251
3358259;1;3;2;2;73; ;3;73; ;2;2; ; ;1; ;12;126,248399825251
3358259;1;4;2;2;73; ;3;73; ;2;2; ; ;1; ;12;126,248399825251
3358259;1;5;2;2;73; ;3;73; ;2;2; ; ;1; ;12;126,248399825251
3358260;1;1;2;2;41; ;2; ; ;1;2; ; ;1; ;12;140,442839040737
3358260;1;2;1; ; ; ; ; ; ; ; ; ; ; ; ;12;140,442839040737
3358260;1;3;1; ; ; ; ; ; ; ; ; ; ; ; ;12;140,442839040737
3358260;1;4;1; ; ; ; ; ; ; ; ; ; ; ; ;12;140,442839040737
3358260;1;5;1; ; ; ; ; ; ; ; ; ; ; ; ;12;140,442839040737
3358261;1;1;1; ; ; ; ; ; ; ; ; ; ; ; ;12;210,271376648221
3358261;1;2;1; ; ; ; ; ; ; ; ; ; ; ; ;12;210,271376648221
3358262;1;1;2;2;11; ;2; ; ;1;2; ; ;1; ;12;241,270737648611
3358262;1;2;2;2;11; ;2; ; ;1;2; ; ;1; ;12;241,270737648611
3358262;1;3;2;2;11; ;2; ; ;1;2; ; ;1; ;12;241,270737648611
3358263;1;1;2;2;41; ;2; ; ;1;2; ; ;1; ;12;199,14178464275
3358263;1;2;2;2;41; ;3;41; ;1;3;41; ;1; ;12;199,14178464275
3358263;1;3;2;2;41; ;3;41; ;2;2; ; ;1; ;12;199,14178464275
3358264;1;1;2;2;41; ;2; ; ;1;2; ; ;1; ;12;114,939664448773
3358265;1;1;2;1; ; ;2; ; ;1;2; ; ;1; ;12;259,259745778543
3358265;1;2;2;1; ; ;2; ; ;1;2; ; ;1; ;12;259,259745778543
3358265;1;3;1; ; ; ; ; ; ; ; ; ; ; ; ;12;259,259745778543
3358266;1;1;2;2;17; ;2; ; ;1;2; ; ;1; ;12;276,703808564812
3358266;1;2;1; ; ; ; ; ; ; ; ; ; ; ; ;12;276,703808564812
3358266;1;3;1; ; ; ; ; ; ; ; ; ; ; ; ;12;276,703808564812
3358266;1;4;1; ; ; ; ; ; ; ; ; ; ; ; ;12;276,703808564812
3358267;1;1;1; ; ; ; ; ; ; ; ; ; ; ; ;12;216,290686782747
3358267;1;2;1; ; ; ; ; ; ; ; ; ; ; ; ;12;216,290686782747
3358268;1;1;1; ; ; ; ; ; ; ; ; ; ; ; ;12;206,199858422644
3358268;1;2;2;2;66; ;4; ;5; ;2; ; ;1; ;12;206,199858422644
3358268;1;3;1; ; ; ; ; ; ; ; ; ; ; ; ;12;206,199858422644
3358268;1;4;1; ; ; ; ; ; ; ; ; ; ; ; ;12;206,199858422644
3358269;1;1;2;2;17; ;2; ; ;1;2; ; ;1; ;12;244,978951738289
3358269;1;2;2;2;66; ;2; ; ;1;2; ; ;1; ;12;244,978951738289
3358269;1;3;1; ; ; ; ; ; ; ; ; ; ; ; ;12;244,978951738289
3358270;1;1;2;2;66; ;2; ; ;1;2; ; ;1; ;12;289,395942580258
3358270;1;2;2;2;66; ;2; ; ;1;2; ; ;1; ;12;289,395942580258
3358271;1;1;2;2;73; ;2; ; ;1;2; ; ;1; ;12;189,578230808133
3358271;1;2;2;2;17; ;2; ; ;1;2; ; ;1; ;12;189,578230808133
3358271;1;3;1; ; ; ; ; ; ; ; ; ; ; ; ;12;189,578230808133
3358271;1;4;1; ; ; ; ; ; ; ; ; ; ; ; ;12;189,578230808133
3358271;1;5;1; ; ; ; ; ; ; ; ; ; ; ; ;12;189,578230808133
3358272;1;1;2;2;66; ;2; ; ;1;2; ; ;1; ;12;284,562542103901
3358272;1;2;2;2;17; ;2; ; ;1;2; ; ;1; ;12;284,562542103901
3358272;1;3;2;2;66; ;2; ; ;1;2; ; ;1; ;12;284,562542103901
3358273;1;1;2;2;76; ;2; ; ;1;2; ; ;1; ;12;301,538276224638
3358273;1;2;2;2;76; ;2; ; ;1;2; ; ;1; ;12;301,538276224638
3358274;1;1;1; ; ; ; ; ; ; ; ; ; ; ; ;12;74,6768077690029
3358274;1;2;1; ; ; ; ; ; ; ; ; ; ; ; ;12;74,6768077690029
3358274;1;3;1; ; ; ; ; ; ; ; ; ; ; ; ;12;74,6768077690029
3358274;1;4;1; ; ; ; ; ; ; ; ; ; ; ; ;12;74,6768077690029
3358274;1;5;1; ; ; ; ; ; ; ; ; ; ; ; ;12;74,6768077690029
3358275;1;1;2;2;23; ;2; ; ;1;2; ; ;1; ;12;82,4352659885518
3358275;1;2;1; ; ; ; ; ; ; ; ; ; ; ; ;12;82,4352659885518
3358275;1;3;1; ; ; ; ; ; ; ; ; ; ; ; ;12;82,4352659885518
3358275;1;4;1; ; ; ; ; ; ; ; ; ; ; ; ;12;82,4352659885518
3358276;1;1;2;2;05; ;2; ; ;1;2; ; ;1; ;12;66,4690247131523
3358276;1;2;1; ; ; ; ; ; ; ; ; ; ; ; ;12;66,4690247131523
3358277;1;1;2;1; ; ;2; ; ;1;2; ; ;1; ;12;68,4573302431135
3358277;1;2;2;2;20; ;2; ; ;1;2; ; ;1; ;12;68,4573302431135
3358277;1;3;1; ; ; ; ; ; ; ; ; ; ; ; ;12;68,4573302431135
3358278;1;1;2;2;47; ;3;47; ;1;2; ; ;1; ;12;65,4368453405622
3358278;1;2;2;1; ; ;3;54; ;1;3;54; ;1; ;12;65,4368453405622
3358278;1;3;2;1; ; ;3;47; ;1;2; ; ;1; ;12;65,4368453405622
3358279;1;1;1; ; ; ; ; ; ; ; ; ; ; ; ;12;78,8682204668414
3358279;1;2;1; ; ; ; ; ; ; ; ; ; ; ; ;12;78,8682204668414
3358279;1;3;1; ; ; ; ; ; ; ; ; ; ; ; ;12;78,8682204668414
3358280;1;1;2;1; ; ;2; ; ;1;2; ; ;1; ;12;67,9107696239543
3358280;1;2;2;1; ; ;2; ; ;1;2; ; ;1; ;12;67,9107696239543
3358281;1;1;2;2;08; ;2; ; ;1;2; ; ;1; ;12;99,0373644535563
3358281;1;2;2;2;08; ;2; ; ;1;2; ; ;1; ;12;99,0373644535563
3358281;1;3;2;2;08; ;2; ; ;1;2; ; ;1; ;12;99,0373644535563
3358281;1;4;2;2;08; ;2; ; ;1;2; ; ;1; ;12;99,0373644535563
3358281;1;5;2;2;08; ;3;08; ;1;2; ; ;1; ;12;99,0373644535563
3358282;1;1;1; ; ; ; ; ; ; ; ; ; ; ; ;12;81,3666382725292
3358282;1;2;1; ; ; ; ; ; ; ; ; ; ; ; ;12;81,3666382725292
3358283;1;1;1; ; ; ; ; ; ; ; ; ; ; ; ;12;81,8887053693926
3358283;1;2;2;2;20; ;2; ; ;1;2; ; ;1; ;12;81,8887053693926
3358283;1;3;1; ; ; ; ; ; ; ; ; ; ; ; ;12;81,8887053693926
3358284;1;1;1; ; ; ; ; ; ; ; ; ; ; ; ;12;1023,43795388114
3358285;1;1;1; ; ; ; ; ; ; ; ; ; ; ; ;12;816,844336092258
3358285;1;2;2;1; ; ;2; ; ;1;2; ; ;1; ;12;816,844336092258
3358285;1;3;1; ; ; ; ; ; ; ; ; ; ; ; ;12;816,844336092258
3358286;1;1;2;2;76; ;2; ; ;1;2; ; ;1; ;12;981,673447640241
3358286;1;2;2;2;11; ;2; ; ;1;2; ; ;1; ;12;981,673447640241
3358286;1;3;1; ; ; ; ; ; ; ; ; ; ; ; ;12;981,673447640241
3358287;1;1;2;2;76; ;2; ; ;1;2; ; ;1; ;12;836,425118594585
3358287;1;2;2;2;05; ;2; ; ;1;2; ; ;1; ;12;836,425118594585
3358288;1;1;1; ; ; ; ; ; ; ; ; ; ; ; ;12;938,500318014606
3358288;1;2;2;2;63; ;2; ; ;1;2; ; ;1; ;12;938,500318014606
3358288;1;3;1; ; ; ; ; ; ; ; ; ; ; ; ;12;938,500318014606
3358288;1;4;1; ; ; ; ; ; ; ; ; ; ; ; ;12;938,500318014606
3358288;1;5;1; ; ; ; ; ; ; ; ; ; ; ; ;12;938,500318014606
3358288;1;6;1; ; ; ; ; ; ; ; ; ; ; ; ;12;938,500318014606
3358289;1;1;1; ; ; ; ; ; ; ; ; ; ; ; ;12;1086,38294812726
3358289;1;2;1; ; ; ; ; ; ; ; ; ; ; ; ;12;1086,38294812726
3358289;1;3;1; ; ; ; ; ; ; ; ; ; ; ; ;12;1086,38294812726
3358289;1;4;2;2;19; ;2; ; ;1;2; ; ;1; ;12;1086,38294812726
3358290;1;1;1; ; ; ; ; ; ; ; ; ; ; ; ;12;1003,33935632531
3358290;1;2;1; ; ; ; ; ; ; ; ; ; ; ; ;12;1003,33935632531
3358290;1;3;1; ; ; ; ; ; ; ; ; ; ; ; ;12;1003,33935632531
3358291;1;1;2;2;19; ;3;18; ;2;2; ; ;1; ;12;61,5325338683989
3358291;1;2;2;2;19; ;3;18; ;2;2; ; ;1; ;12;61,5325338683989
3358291;1;3;2;1; ; ;3;18; ;2;2; ; ;1; ;12;61,5325338683989
3358291;1;4;1; ; ; ; ; ; ; ; ; ; ; ; ;12;61,5325338683989
3358292;1;1;1; ; ; ; ; ; ; ; ; ; ; ; ;12;70,8874962401203
3358292;1;2;1; ; ; ; ; ; ; ; ; ; ; ; ;12;70,8874962401203
3358292;1;3;1; ; ; ; ; ; ; ; ; ; ; ; ;12;70,8874962401203
3358293;1;1;2;2;52; ;3;18; ;2;3;11; ;1; ;12;73,9957717636526
3358294;1;1;2;2;11; ;2; ; ;1;2; ; ;1; ;12;48,3100580260358
3358294;1;2;1; ; ; ; ; ; ; ; ; ; ; ; ;12;48,3100580260358
3358295;1;1;2;2;41; ;2; ; ;1;2; ; ;1; ;12;102,175135402264
3358295;1;2;1; ; ; ; ; ; ; ; ; ; ; ; ;12;102,175135402264
3358295;1;3;1; ; ; ; ; ; ; ; ; ; ; ; ;12;102,175135402264
3358295;1;4;1; ; ; ; ; ; ; ; ; ; ; ; ;12;102,175135402264
3358296;1;1;1; ; ; ; ; ; ; ; ; ; ; ; ;12;60,8039397424541
3358296;1;2;2;2;76; ;2; ; ;1;2; ; ;1; ;12;60,8039397424541
3358297;1;1;2;2;41; ;2; ; ;1;2; ; ;1; ;12;92,5705782461746
3358297;1;2;1; ; ; ; ; ; ; ; ; ; ; ; ;12;92,5705782461746
3358297;1;3;2;2;18; ;2; ; ;1;2; ; ;1; ;12;92,5705782461746
3358297;1;4;1; ; ; ; ; ; ; ; ; ; ; ; ;12;92,5705782461746
3358298;1;1;2;2;73; ;3;18; ;2;2; ; ;1; ;12;127,885718174302
3358298;1;2;2;2;73; ;2; ; ;1;2; ; ;1; ;12;127,885718174302
3358298;1;3;2;2;73; ;2; ; ;1;2; ; ;1; ;12;127,885718174302
3358299;1;1;1; ; ; ; ; ; ; ; ; ; ; ; ;12;133,635162430998
3358300;1;1;2;2;18; ;2; ; ;1;2; ; ;1; ;12;74,4784762279363
3358301;1;1;2;2;18; ;2; ; ;1;2; ; ;1; ;12;70,3263267605055
3358301;1;2;2;2;18; ;2; ; ;1;2; ; ;1; ;12;70,3263267605055
3358301;1;3;1; ; ; ; ; ; ; ; ; ; ; ; ;12;70,3263267605055
3358301;1;4;1; ; ; ; ; ; ; ; ; ; ; ; ;12;70,3263267605055
3358301;1;5;1; ; ; ; ; ; ; ; ; ; ; ; ;12;70,3263267605055
3358302;1;1;1; ; ; ; ; ; ; ; ; ; ; ; ;12;249,540600874013
3358302;1;2;1; ; ; ; ; ; ; ; ; ; ; ; ;12;249,540600874013
3358302;1;3;1; ; ; ; ; ; ; ; ; ; ; ; ;12;249,540600874013
3358302;1;4;1; ; ; ; ; ; ; ; ; ; ; ; ;12;249,540600874013
3358303;1;1;1; ; ; ; ; ; ; ; ; ; ; ; ;12;102,243157740931
3358303;1;2;1; ; ; ; ; ; ; ; ; ; ; ; ;12;102,243157740931
3358303;1;3;1; ; ; ; ; ; ; ; ; ; ; ; ;12;102,243157740931
3358303;1;4;1; ; ; ; ; ; ; ; ; ; ; ; ;12;102,243157740931
3358304;1;1;1; ; ; ; ; ; ; ; ; ; ; ; ;12;242,207415294335
3358305;1;1;2;2;52; ;2; ; ;1;2; ; ;1; ;12;207,365176651727
3358305;1;2;1; ; ; ; ; ; ; ; ; ; ; ; ;12;207,365176651727
3358306;1;1;1; ; ; ; ; ; ; ; ; ; ; ; ;12;242,207415294335
3358307;1;1;2;2;52; ;2; ; ;1;2; ; ;1; ;12;187,323522278282
3358307;1;2;1; ; ; ; ; ; ; ; ; ; ; ; ;12;187,323522278282
3358307;1;3;1; ; ; ; ; ; ; ; ; ; ; ; ;12;187,323522278282
3358307;1;4;1; ; ; ; ; ; ; ; ; ; ; ; ;12;187,323522278282
3358307;1;5;1; ; ; ; ; ; ; ; ; ; ; ; ;12;187,323522278282
3358307;1;6;1; ; ; ; ; ; ; ; ; ; ; ; ;12;187,323522278282
3358307;1;7;2;1; ; ;3;86; ;1;2; ; ;1; ;12;187,323522278282
3358307;2;1;1; ; ; ; ; ; ; ; ; ; ; ; ;12;187,323522278282
3358307;2;2;2;2;52; ;2; ; ;1;2; ; ;1; ;12;187,323522278282
3358307;2;3;1; ; ; ; ; ; ; ; ; ; ; ; ;12;187,323522278282
3358308;1;1;1; ; ; ; ; ; ; ; ; ; ; ; ;12;191,660212819417
3358308;1;2;2;2;52; ;2; ; ;1;2; ; ;1; ;12;191,660212819417
3358309;1;1;2;2;52; ;2; ; ;1;2; ; ;1; ;12;207,111755337268
3358310;1;1;1; ; ; ; ; ; ; ; ; ; ; ; ;12;132,657883683699
3358310;1;2;1; ; ; ; ; ; ; ; ; ; ; ; ;12;132,657883683699
3358311;1;1;1; ; ; ; ; ; ; ; ; ; ; ; ;12;116,61536831024
3358311;1;2;1; ; ; ; ; ; ; ; ; ; ; ; ;12;116,61536831024
3358311;1;3;1; ; ; ; ; ; ; ; ; ; ; ; ;12;116,61536831024
3358312;1;1;1; ; ; ; ; ; ; ; ; ; ; ; ;12;140,770931641923
3358312;1;2;1; ; ; ; ; ; ; ; ; ; ; ; ;12;140,770931641923
3358312;1;3;1; ; ; ; ; ; ; ; ; ; ; ; ;12;140,770931641923
3358313;1;1;1; ; ; ; ; ; ; ; ; ; ; ; ;12;145,555603968649
3358313;1;2;1; ; ; ; ; ; ; ; ; ; ; ; ;12;145,555603968649
3358313;1;3;1; ; ; ; ; ; ; ; ; ; ; ; ;12;145,555603968649
3358313;1;4;1; ; ; ; ; ; ; ; ; ; ; ; ;12;145,555603968649
3358313;1;5;1; ; ; ; ; ; ; ; ; ; ; ; ;12;145,555603968649
3358313;1;6;1; ; ; ; ; ; ; ; ; ; ; ; ;12;145,555603968649
3358314;1;1;1; ; ; ; ; ; ; ; ; ; ; ; ;12;148,810379466705
3358314;1;2;1; ; ; ; ; ; ; ; ; ; ; ; ;12;148,810379466705
3358314;1;3;1; ; ; ; ; ; ; ; ; ; ; ; ;12;148,810379466705
3358314;1;4;1; ; ; ; ; ; ; ; ; ; ; ; ;12;148,810379466705
3358314;1;5;1; ; ; ; ; ; ; ; ; ; ; ; ;12;148,810379466705
3358314;1;6;1; ; ; ; ; ; ; ; ; ; ; ; ;12;148,810379466705
3358315;1;1;1; ; ; ; ; ; ; ; ; ; ; ; ;12;161,843370946759
3358315;1;2;1; ; ; ; ; ; ; ; ; ; ; ; ;12;161,843370946759
3358316;1;1;1; ; ; ; ; ; ; ; ; ; ; ; ;12;132,657883683699
3358316;1;2;2;2;23; ;2; ; ;1;2; ; ;1; ;12;132,657883683699
3358317;1;1;1; ; ; ; ; ; ; ; ; ; ; ; ;12;150,672570310814
3358317;1;2;1; ; ; ; ; ; ; ; ; ; ; ; ;12;150,672570310814
3358317;1;3;1; ; ; ; ; ; ; ; ; ; ; ; ;12;150,672570310814
3358317;1;4;1; ; ; ; ; ; ; ; ; ; ; ; ;12;150,672570310814
3358318;1;1;2;2;52; ;2; ; ;1;2; ; ;1; ;12;1175,48611270334
3358318;1;2;1; ; ; ; ; ; ; ; ; ; ; ; ;12;1175,48611270334
3358318;1;3;1; ; ; ; ; ; ; ; ; ; ; ; ;12;1175,48611270334
3358319;1;1;2;2;76; ;2; ; ;1;2; ; ;1; ;12;942,543242466333
3358319;1;2;1; ; ; ; ; ; ; ; ; ; ; ; ;12;942,543242466333
3358320;1;1;2;2;17; ;2; ; ;1;2; ; ;1; ;12;824,454741349311
3358320;1;2;1; ; ; ; ; ; ; ; ; ; ; ; ;12;824,454741349311
3358321;1;1;1; ; ; ; ; ; ; ; ; ; ; ; ;12;1550,3753930196
3358321;1;2;1; ; ; ; ; ; ; ; ; ; ; ; ;12;1550,3753930196
3358321;1;3;1; ; ; ; ; ; ; ; ; ; ; ; ;12;1550,3753930196
3358321;1;4;2;2;52; ;2; ; ;1;2; ; ;1; ;12;1550,3753930196
3358321;1;5;1; ; ; ; ; ; ; ; ; ; ; ; ;12;1550,3753930196
3358321;1;6;1; ; ; ; ; ; ; ; ; ; ; ; ;12;1550,3753930196
3358322;1;1;1; ; ; ; ; ; ; ; ; ; ; ; ;12;361,886395387043
3358322;1;2;1; ; ; ; ; ; ; ; ; ; ; ; ;12;361,886395387043
3358322;1;3;2;2;68; ;2; ; ;1;2; ; ;1; ;12;361,886395387043
3358322;1;4;2;2;68; ;2; ; ;1;2; ; ;1; ;12;361,886395387043
3358323;1;1;1; ; ; ; ; ; ; ; ; ; ; ; ;12;441,619598762858
3358323;1;2;2;2;05; ;2; ; ;1;2; ; ;1; ;12;441,619598762858
3358323;1;3;2;2;05; ;2; ; ;1;2; ; ;1; ;12;441,619598762858
3358323;1;4;1; ; ; ; ; ; ; ; ; ; ; ; ;12;441,619598762858
3358324;1;1;2;2;68; ;2; ; ;1;2; ; ;1; ;12;468,732092867317
3358324;1;2;1; ; ; ; ; ; ; ; ; ; ; ; ;12;468,732092867317
3358324;1;3;1; ; ; ; ; ; ; ; ; ; ; ; ;12;468,732092867317
3358324;1;4;1; ; ; ; ; ; ; ; ; ; ; ; ;12;468,732092867317
3358324;1;5;1; ; ; ; ; ; ; ; ; ; ; ; ;12;468,732092867317
3358324;1;6;1; ; ; ; ; ; ; ; ; ; ; ; ;12;468,732092867317
3358324;1;7;1; ; ; ; ; ; ; ; ; ; ; ; ;12;468,732092867317
3358324;2;1;2;2;68; ;4; ;3; ;4; ;3; ;1;12;468,732092867317
3358324;2;2;2;1; ; ;4; ;3; ;4; ;3; ;1;12;468,732092867317
3358324;2;3;2;3; ;3;4; ;3; ;4; ;3; ;4;12;468,732092867317
3358324;2;4;2;3; ;3;4; ;3; ;4; ;3; ;4;12;468,732092867317
3358324;2;5;2;3; ;3;1; ; ; ;4; ;3; ;4;12;468,732092867317
3358325;1;1;1; ; ; ; ; ; ; ; ; ; ; ; ;12;489,828122021733
3358325;1;2;2;2;68; ;2; ; ;1;2; ; ;1; ;12;489,828122021733
3358325;1;3;1; ; ; ; ; ; ; ; ; ; ; ; ;12;489,828122021733
3358325;1;4;1; ; ; ; ; ; ; ; ; ; ; ; ;12;489,828122021733
3358326;1;1;2;2;68; ;2; ; ;1;2; ; ;1; ;12;363,618964598648
3358326;1;2;2;2;68; ;2; ; ;1;2; ; ;1; ;12;363,618964598648
3358326;1;3;1; ; ; ; ; ; ; ; ; ; ; ; ;12;363,618964598648
3358326;1;4;2;2;68; ;2; ; ;1;2; ; ;1; ;12;363,618964598648
3358326;1;5;2;2;68; ;2; ; ;1;2; ; ;1; ;12;363,618964598648
3358326;1;6;2;2;68; ;2; ; ;1;2; ; ;1; ;12;363,618964598648
3358327;1;1;1; ; ; ; ; ; ; ; ; ; ; ; ;12;436,552509193658
3358327;1;2;2;2;68; ;2; ; ;1;2; ; ;1; ;12;436,552509193658
3358327;1;3;1; ; ; ; ; ; ; ; ; ; ; ; ;12;436,552509193658
3358327;1;4;1; ; ; ; ; ; ; ; ; ; ; ; ;12;436,552509193658
3358327;1;5;1; ; ; ; ; ; ; ; ; ; ; ; ;12;436,552509193658
3358327;1;6;1; ; ; ; ; ; ; ; ; ; ; ; ;12;436,552509193658
3358327;1;7;2;2;68; ;2; ; ;1;2; ; ;1; ;12;436,552509193658
3358328;1;1;2;2;68; ;2; ; ;1;2; ; ;1; ;12;463,49680256165
3358328;1;2;1; ; ; ; ; ; ; ; ; ; ; ; ;12;463,49680256165
3358328;1;3;1; ; ; ; ; ; ; ; ; ; ; ; ;12;463,49680256165
3358328;1;4;1; ; ; ; ; ; ; ; ; ; ; ; ;12;463,49680256165
3358328;1;5;1; ; ; ; ; ; ; ; ; ; ; ; ;12;463,49680256165
3358328;1;6;1; ; ; ; ; ; ; ; ; ; ; ; ;12;463,49680256165
3358329;1;1;2;2;68; ;2; ; ;1;2; ; ;1; ;12;554,680166300023
3358329;1;2;2;2;68; ;2; ; ;1;2; ; ;1; ;12;554,680166300023
3358329;2;1;1; ; ; ; ; ; ; ; ; ; ; ; ;12;554,680166300023
3358329;2;2;1; ; ; ; ; ; ; ; ; ; ; ; ;12;554,680166300023
3358329;2;3;1; ; ; ; ; ; ; ; ; ; ; ; ;12;554,680166300023
3358330;1;1;1; ; ; ; ; ; ; ; ; ; ; ; ;12;576,546412958459
3358330;1;2;1; ; ; ; ; ; ; ; ; ; ; ; ;12;576,546412958459
3358330;1;3;1; ; ; ; ; ; ; ; ; ; ; ; ;12;576,546412958459
3358330;1;4;1; ; ; ; ; ; ; ; ; ; ; ; ;12;576,546412958459
3358331;1;1;2;2;11; ;3;20; ;1;2; ; ;1; ;12;475,329796387174
3358331;1;2;2;2;05; ;3;05; ;1;2; ; ;1; ;12;475,329796387174
3358331;1;3;2;2;05; ;3;20; ;1;2; ; ;1; ;12;475,329796387174
3358331;1;4;2;2;20; ;3;20; ;1;2; ; ;1; ;12;475,329796387174
3358331;1;5;2;2;05; ;3;20; ;1;2; ; ;1; ;12;475,329796387174
3358332;1;1;2;2;76; ;3;08; ;1;2; ; ;1; ;12;510,593777983002
3358332;1;2;1; ; ; ; ; ; ; ; ; ; ; ; ;12;510,593777983002
3358332;1;3;1; ; ; ; ; ; ; ; ; ; ; ; ;12;510,593777983002
3358332;1;4;2;2;08; ;3;08; ;1;2; ; ;1; ;12;510,593777983002
3358333;1;1;2;2;68; ;2; ; ;1;2; ; ;1; ;12;464,42811032199
3358333;1;2;1; ; ; ; ; ; ; ; ; ; ; ; ;12;464,42811032199
3358334;1;1;2;2;68; ;2; ; ;1;2; ; ;1; ;12;489,551100202803
3358334;1;2;2;2;68; ;2; ; ;1;2; ; ;1; ;12;489,551100202803
3358334;1;3;2;2;68; ;2; ; ;1;2; ; ;1; ;12;489,551100202803
3358334;1;4;1; ; ; ; ; ; ; ; ; ; ; ; ;12;489,551100202803
3358334;1;5;1; ; ; ; ; ; ; ; ; ; ; ; ;12;489,551100202803
3358335;1;1;2;2;68; ;2; ; ;1;2; ; ;1; ;12;440,519008065692
3358335;1;2;2;2;68; ;2; ; ;1;2; ; ;1; ;12;440,519008065692
3358335;1;3;1; ; ; ; ; ; ; ; ; ; ; ; ;12;440,519008065692
3358335;1;4;1; ; ; ; ; ; ; ; ; ; ; ; ;12;440,519008065692
3358335;1;5;1; ; ; ; ; ; ; ; ; ; ; ; ;12;440,519008065692
3358336;1;1;2;2;52; ;2; ; ;1;2; ; ;1; ;12;1505,56122102688
3358336;1;2;2;2;52; ;2; ; ;1;2; ; ;1; ;12;1505,56122102688
3358336;1;3;1; ; ; ; ; ; ; ; ; ; ; ; ;12;1505,56122102688
3358336;1;4;1; ; ; ; ; ; ; ; ; ; ; ; ;12;1505,56122102688
3358337;1;1;1; ; ; ; ; ; ; ; ; ; ; ; ;12;1125,54451313191
3358337;1;2;1; ; ; ; ; ; ; ; ; ; ; ; ;12;1125,54451313191
3358338;1;1;2;2;52; ;2; ; ;1;2; ; ;1; ;12;1951,86617899856
3358338;1;2;2;1; ; ;3;52; ;1;2; ; ;1; ;12;1951,86617899856
3358338;1;3;2;1; ; ;3;52; ;1;2; ; ;1; ;12;1951,86617899856
3358338;1;4;2;2;52; ;3;52; ;1;2; ; ;1; ;12;1951,86617899856
3358338;1;5;2;2;52; ;3;52; ;1;2; ; ;1; ;12;1951,86617899856
3358338;1;6;2;2;52; ;1; ; ; ;2; ; ;1; ;12;1951,86617899856
3358338;1;7;1; ; ; ; ; ; ; ; ; ; ; ; ;12;1951,86617899856
3358339;1;1;1; ; ; ; ; ; ; ; ; ; ; ; ;12;1408,42898294034
3358339;1;2;2;2;76; ;2; ; ;1;2; ; ;1; ;12;1408,42898294034
3358339;1;3;1; ; ; ; ; ; ; ; ; ; ; ; ;12;1408,42898294034
3358339;1;4;1; ; ; ; ; ; ; ; ; ; ; ; ;12;1408,42898294034
3358340;1;1;2;2;19; ;2; ; ;1;2; ; ;1; ;12;1116,10859926255
3358340;1;2;2;2;19; ;2; ; ;1;2; ; ;1; ;12;1116,10859926255
3358340;1;3;1; ; ; ; ; ; ; ; ; ; ; ; ;12;1116,10859926255
3358341;1;1;1; ; ; ; ; ; ; ; ; ; ; ; ;12;1099,06406316197
3358341;1;2;2;2;11; ;2; ; ;1;2; ; ;1; ;12;1099,06406316197
3358341;1;3;1; ; ; ; ; ; ; ; ; ; ; ; ;12;1099,06406316197
3358341;1;4;1; ; ; ; ; ; ; ; ; ; ; ; ;12;1099,06406316197
3358341;1;5;1; ; ; ; ; ; ; ; ; ; ; ; ;12;1099,06406316197
3358341;1;6;1; ; ; ; ; ; ; ; ; ; ; ; ;12;1099,06406316197
3358342;1;1;1; ; ; ; ; ; ; ; ; ; ; ; ;12;1042,46956149922
3358342;1;2;2;2;41; ;2; ; ;1;2; ; ;1; ;12;1042,46956149922
3358342;1;3;1; ; ; ; ; ; ; ; ; ; ; ; ;12;1042,46956149922
3358342;1;4;1; ; ; ; ; ; ; ; ; ; ; ; ;12;1042,46956149922
3358343;1;1;1; ; ; ; ; ; ; ; ; ; ; ; ;12;942,543242466333
3358343;1;2;1; ; ; ; ; ; ; ; ; ; ; ; ;12;942,543242466333
3358363;1;1;2;2;50; ;2; ; ;1;2; ; ;1; ;12;249,961405212409
3358363;1;2;1; ; ; ; ; ; ; ; ; ; ; ; ;12;249,961405212409
3358363;1;3;1; ; ; ; ; ; ; ; ; ; ; ; ;12;249,961405212409
3358363;1;4;1; ; ; ; ; ; ; ; ; ; ; ; ;12;249,961405212409
3358363;2;1;1; ; ; ; ; ; ; ; ; ; ; ; ;12;249,961405212409
3358363;3;1;1; ; ; ; ; ; ; ; ; ; ; ; ;12;249,961405212409
3358364;1;1;2;2;73; ;2; ; ;1;2; ; ;1; ;12;182,614452673428
3358365;1;1;2;2;15; ;2; ; ;1;2; ; ;1; ;12;172,363772343997
3358365;1;2;1; ; ; ; ; ; ; ; ; ; ; ; ;12;172,363772343997
3358365;1;3;1; ; ; ; ; ; ; ; ; ; ; ; ;12;172,363772343997
3358365;1;4;1; ; ; ; ; ; ; ; ; ; ; ; ;12;172,363772343997
3358366;1;1;2;2;50; ;2; ; ;1;2; ; ;1; ;12;189,976106748461
3358366;1;2;2;2;63; ;2; ; ;1;2; ; ;1; ;12;189,976106748461
3358367;1;1;2;2;25; ;2; ; ;1;2; ; ;1; ;12;163,616027779822
3358367;1;2;1; ; ; ; ; ; ; ; ; ; ; ; ;12;163,616027779822
3358367;1;3;1; ; ; ; ; ; ; ; ; ; ; ; ;12;163,616027779822
3358367;1;4;1; ; ; ; ; ; ; ; ; ; ; ; ;12;163,616027779822
3358367;1;5;1; ; ; ; ; ; ; ; ; ; ; ; ;12;163,616027779822
3358368;1;1;2;2;17; ;2; ; ;1;2; ; ;1; ;12;173,450023360504
3358368;1;2;2;2;17; ;2; ; ;1;2; ; ;1; ;12;173,450023360504
3358369;1;1;2;2;25; ;2; ; ;1;2; ; ;1; ;12;173,450023360504
3358369;1;2;2;2;50; ;2; ; ;1;2; ; ;1; ;12;173,450023360504
3358370;1;1;2;2;18; ;2; ; ;1;2; ; ;1; ;12;190,35384307184
3358370;1;2;1; ; ; ; ; ; ; ; ; ; ; ; ;12;190,35384307184
3358371;1;1;1; ; ; ; ; ; ; ; ; ; ; ; ;12;174,124758650238
3358371;1;2;1; ; ; ; ; ; ; ; ; ; ; ; ;12;174,124758650238
3358371;1;3;1; ; ; ; ; ; ; ; ; ; ; ; ;12;174,124758650238
3358371;1;4;1; ; ; ; ; ; ; ; ; ; ; ; ;12;174,124758650238
3358372;1;1;1; ; ; ; ; ; ; ; ; ; ; ; ;12;253,796920353307
3358373;1;1;1; ; ; ; ; ; ; ; ; ; ; ; ;12;240,168645193194
3358373;1;2;1; ; ; ; ; ; ; ; ; ; ; ; ;12;240,168645193194
3358373;1;3;1; ; ; ; ; ; ; ; ; ; ; ; ;12;240,168645193194
3358373;1;4;1; ; ; ; ; ; ; ; ; ; ; ; ;12;240,168645193194
3358374;1;1;1; ; ; ; ; ; ; ; ; ; ; ; ;12;244,632491040382
3358374;1;2;1; ; ; ; ; ; ; ; ; ; ; ; ;12;244,632491040382
3358375;1;1;1; ; ; ; ; ; ; ; ; ; ; ; ;12;173,450023360504
3358375;1;2;1; ; ; ; ; ; ; ; ; ; ; ; ;12;173,450023360504
3358376;1;1;1; ; ; ; ; ; ; ; ; ; ; ; ;12;200,207291620696
3358376;1;2;1; ; ; ; ; ; ; ; ; ; ; ; ;12;200,207291620696
3358376;1;3;1; ; ; ; ; ; ; ; ; ; ; ; ;12;200,207291620696
3358377;1;1;2;2;11; ;2; ; ;1;2; ; ;1; ;12;253,796920353307
3358378;1;1;2;2;76; ;2; ; ;1;2; ; ;1; ;12;156,215425279418
3358378;1;2;2;2;50; ;2; ; ;1;2; ; ;1; ;12;156,215425279418
3358378;1;3;2;2;25; ;2; ; ;1;2; ; ;1; ;12;156,215425279418
3358378;1;4;1; ; ; ; ; ; ; ; ; ; ; ; ;12;156,215425279418
3358379;1;1;2;2;11; ;2; ; ;1;2; ; ;1; ;12;226,088137356682
3358379;1;2;2;2;25; ;2; ; ;1;2; ; ;1; ;12;226,088137356682
3358379;1;3;1; ; ; ; ; ; ; ; ; ; ; ; ;12;226,088137356682
3358379;1;4;1; ; ; ; ; ; ; ; ; ; ; ; ;12;226,088137356682
3358379;1;5;1; ; ; ; ; ; ; ; ; ; ; ; ;12;226,088137356682
3358379;1;6;1; ; ; ; ; ; ; ; ; ; ; ; ;12;226,088137356682
3358380;1;1;2;1; ; ;2; ; ;1;2; ; ;1; ;12;172,328224416349
3358380;1;2;1; ; ; ; ; ; ; ; ; ; ; ; ;12;172,328224416349
3358380;1;3;1; ; ; ; ; ; ; ; ; ; ; ; ;12;172,328224416349
3358381;1;1;2;2;25; ;2; ; ;1;2; ; ;1; ;12;173,450023360504
3358381;1;2;2;2;73; ;2; ; ;1;2; ; ;1; ;12;173,450023360504
3358382;1;1;2;2;50; ;2; ; ;1;2; ; ;1; ;12;262,254417836293
3358382;1;2;2;2;50; ;2; ; ;1;2; ; ;1; ;12;262,254417836293
3358382;1;3;2;2;50; ;2; ; ;1;2; ; ;1; ;12;262,254417836293
3358382;1;4;2;2;50; ;2; ; ;1;2; ; ;1; ;12;262,254417836293
3358382;1;5;2;2;50; ;2; ; ;1;2; ; ;1; ;12;262,254417836293
3358382;1;6;2;2;95; ;2; ; ;1;2; ; ;1; ;12;262,254417836293
3358383;1;1;2;2;68; ;2; ; ;1;2; ; ;1; ;12;147,050995966493
3358383;1;2;2;2;68; ;2; ; ;1;2; ; ;1; ;12;147,050995966493
3358383;1;3;2;2;50; ;3;11; ;1;2; ; ;1; ;12;147,050995966493
3358383;1;4;2;2;11; ;3;11; ;1;2; ; ;1; ;12;147,050995966493
3358383;1;5;2;2;11; ;3;11; ;1;2; ; ;1; ;12;147,050995966493
3358384;1;1;2;2;25; ;3;95; ;1;2; ; ;1; ;12;177,192100061371
3358384;1;2;2;2;25; ;3;95; ;1;2; ; ;1; ;12;177,192100061371
3358384;1;3;2;1; ; ;3;95; ;1;2; ; ;1; ;12;177,192100061371
3358385;1;1;2;2;50; ;2; ; ;1;2; ; ;1; ;12;224,797083697809
3358385;1;2;2;2;50; ;2; ; ;1;2; ; ;1; ;12;224,797083697809
3358385;1;3;1; ; ; ; ; ; ; ; ; ; ; ; ;12;224,797083697809
3358386;1;1;2;2;05; ;3;13; ;1;2; ; ;1; ;12;199,140536061386
3358388;1;1;1; ; ; ; ; ; ; ; ; ; ; ; ;12;237,981120182733
3358388;1;2;1; ; ; ; ; ; ; ; ; ; ; ; ;12;237,981120182733
3358388;1;3;1; ; ; ; ; ; ; ; ; ; ; ; ;12;237,981120182733
3358388;1;4;1; ; ; ; ; ; ; ; ; ; ; ; ;12;237,981120182733
3358389;1;1;1; ; ; ; ; ; ; ; ; ; ; ; ;12;199,33086909649
3358389;1;2;1; ; ; ; ; ; ; ; ; ; ; ; ;12;199,33086909649
3358389;1;3;1; ; ; ; ; ; ; ; ; ; ; ; ;12;199,33086909649
3358389;1;4;1; ; ; ; ; ; ; ; ; ; ; ; ;12;199,33086909649
3358389;1;5;1; ; ; ; ; ; ; ; ; ; ; ; ;12;199,33086909649
3358390;1;1;1; ; ; ; ; ; ; ; ; ; ; ; ;12;196,804556188021
3358390;1;2;1; ; ; ; ; ; ; ; ; ; ; ; ;12;196,804556188021
3358390;1;3;1; ; ; ; ; ; ; ; ; ; ; ; ;12;196,804556188021
3358390;1;4;1; ; ; ; ; ; ; ; ; ; ; ; ;12;196,804556188021
3358390;1;5;1; ; ; ; ; ; ; ; ; ; ; ; ;12;196,804556188021
3358391;1;1;1; ; ; ; ; ; ; ; ; ; ; ; ;12;182,614452673428
3358392;1;1;2;2;50; ;2; ; ;1;2; ; ;1; ;12;182,614452673428
3358393;1;1;1; ; ; ; ; ; ; ; ; ; ; ; ;12;173,450023360504
3358393;1;2;1; ; ; ; ; ; ; ; ; ; ; ; ;12;173,450023360504
3358394;1;1;1; ; ; ; ; ; ; ; ; ; ; ; ;12;199,140536061386
3358395;1;1;1; ; ; ; ; ; ; ; ; ; ; ; ;12;253,796920353307
3358396;1;1;1; ; ; ; ; ; ; ; ; ; ; ; ;12;178,575350044233
3358396;1;2;1; ; ; ; ; ; ; ; ; ; ; ; ;12;178,575350044233
3358396;1;3;1; ; ; ; ; ; ; ; ; ; ; ; ;12;178,575350044233
3358397;1;1;1; ; ; ; ; ; ; ; ; ; ; ; ;12;221,765290214324
3358397;1;2;1; ; ; ; ; ; ; ; ; ; ; ; ;12;221,765290214324
3358397;1;3;1; ; ; ; ; ; ; ; ; ; ; ; ;12;221,765290214324
3358397;1;4;1; ; ; ; ; ; ; ; ; ; ; ; ;12;221,765290214324
3358397;1;5;1; ; ; ; ; ; ; ; ; ; ; ; ;12;221,765290214324
3358398;1;1;1; ; ; ; ; ; ; ; ; ; ; ; ;12;248,95533818274
3358398;1;2;1; ; ; ; ; ; ; ; ; ; ; ; ;12;248,95533818274
3358398;1;3;1; ; ; ; ; ; ; ; ; ; ; ; ;12;248,95533818274
3358399;1;1;1; ; ; ; ; ; ; ; ; ; ; ; ;12;212,607101905402
3358399;1;2;1; ; ; ; ; ; ; ; ; ; ; ; ;12;212,607101905402
3358399;1;3;1; ; ; ; ; ; ; ; ; ; ; ; ;12;212,607101905402
3358400;1;1;1; ; ; ; ; ; ; ; ; ; ; ; ;12;248,95533818274
3358400;1;2;1; ; ; ; ; ; ; ; ; ; ; ; ;12;248,95533818274
3358400;1;3;1; ; ; ; ; ; ; ; ; ; ; ; ;12;248,95533818274
3358401;1;1;1; ; ; ; ; ; ; ; ; ; ; ; ;12;261,787885686649
3358401;1;2;1; ; ; ; ; ; ; ; ; ; ; ; ;12;261,787885686649
3358401;1;3;1; ; ; ; ; ; ; ; ; ; ; ; ;12;261,787885686649
3358401;1;4;1; ; ; ; ; ; ; ; ; ; ; ; ;12;261,787885686649
3358401;1;5;1; ; ; ; ; ; ; ; ; ; ; ; ;12;261,787885686649
3358401;1;6;1; ; ; ; ; ; ; ; ; ; ; ; ;12;261,787885686649
3358401;1;7;1; ; ; ; ; ; ; ; ; ; ; ; ;12;261,787885686649
3358401;1;8;1; ; ; ; ; ; ; ; ; ; ; ; ;12;261,787885686649
3358402;1;1;1; ; ; ; ; ; ; ; ; ; ; ; ;12;176,778815810344
3358402;1;2;1; ; ; ; ; ; ; ; ; ; ; ; ;12;176,778815810344
3358403;1;1;1; ; ; ; ; ; ; ; ; ; ; ; ;12;198,007065527227
3358403;1;2;1; ; ; ; ; ; ; ; ; ; ; ; ;12;198,007065527227
3358403;1;3;1; ; ; ; ; ; ; ; ; ; ; ; ;12;198,007065527227
3358403;1;4;1; ; ; ; ; ; ; ; ; ; ; ; ;12;198,007065527227
3358403;1;5;1; ; ; ; ; ; ; ; ; ; ; ; ;12;198,007065527227
3358403;1;6;1; ; ; ; ; ; ; ; ; ; ; ; ;12;198,007065527227
3358403;1;7;1; ; ; ; ; ; ; ; ; ; ; ; ;12;198,007065527227
3358404;1;1;2;2;25; ;2; ; ;1;2; ; ;1; ;12;173,43676890731
3358404;1;2;2;1; ; ;3;11; ;1;2; ; ;1; ;12;173,43676890731
3358404;1;3;2;2;63; ;2; ; ;1;2; ; ;1; ;12;173,43676890731
3358405;1;1;2;2;15; ;2; ; ;1;2; ; ;1; ;12;165,338065660692
3358405;1;2;2;2;15; ;2; ; ;1;2; ; ;1; ;12;165,338065660692
3358405;1;3;2;2;15; ;2; ; ;1;2; ; ;1; ;12;165,338065660692
3358405;1;4;1; ; ; ; ; ; ; ; ; ; ; ; ;12;165,338065660692
3358405;1;5;1; ; ; ; ; ; ; ; ; ; ; ; ;12;165,338065660692
3358406;1;1;2;2;50; ;2; ; ;1;2; ; ;1; ;12;248,95533818274
3358406;1;2;1; ; ; ; ; ; ; ; ; ; ; ; ;12;248,95533818274
3358406;1;3;1; ; ; ; ; ; ; ; ; ; ; ; ;12;248,95533818274
3358407;1;1;2;2;25; ;2; ; ;1;2; ; ;1; ;12;173,450023360504
3358407;1;2;2;2;73; ;2; ; ;1;2; ; ;1; ;12;173,450023360504
3358408;1;1;2;2;25; ;2; ; ;1;2; ; ;1; ;12;247,158803948851
3358408;1;2;1; ; ; ; ; ; ; ; ; ; ; ; ;12;247,158803948851
3358409;1;1;2;2;68; ;2; ; ;1;2; ; ;1; ;12;159,450252881015
3358409;1;2;2;2;68; ;2; ; ;1;2; ; ;1; ;12;159,450252881015
3358410;1;1;2;2;76; ;2; ; ;1;2; ; ;1; ;12;220,346492303814
3358410;1;2;1; ; ; ; ; ; ; ; ; ; ; ; ;12;220,346492303814
3358410;1;3;1; ; ; ; ; ; ; ; ; ; ; ; ;12;220,346492303814
3358410;1;4;1; ; ; ; ; ; ; ; ; ; ; ; ;12;220,346492303814
3358411;1;1;1; ; ; ; ; ; ; ; ; ; ; ; ;12;190,35384307184
3358411;1;2;1; ; ; ; ; ; ; ; ; ; ; ; ;12;190,35384307184
3358412;1;1;2;2;50; ;2; ; ;1;2; ; ;1; ;12;182,911451639784
3358412;1;2;1; ; ; ; ; ; ; ; ; ; ; ; ;12;182,911451639784
3358412;1;3;1; ; ; ; ; ; ; ; ; ; ; ; ;12;182,911451639784
3358413;1;1;1; ; ; ; ; ; ; ; ; ; ; ; ;12;230,632720560893
3358413;1;2;1; ; ; ; ; ; ; ; ; ; ; ; ;12;230,632720560893
3358414;1;1;1; ; ; ; ; ; ; ; ; ; ; ; ;12;275,002876595735
3358414;1;2;2;2;50; ;2; ; ;1;2; ; ;1; ;12;275,002876595735
3358414;1;3;1; ; ; ; ; ; ; ; ; ; ; ; ;12;275,002876595735
3358414;1;4;1; ; ; ; ; ; ; ; ; ; ; ; ;12;275,002876595735
3358415;1;1;1; ; ; ; ; ; ; ; ; ; ; ; ;12;229,13318529336
3358415;1;2;1; ; ; ; ; ; ; ; ; ; ; ; ;12;229,13318529336
3358415;1;3;1; ; ; ; ; ; ; ; ; ; ; ; ;12;229,13318529336
3358416;1;1;2;2;73; ;2; ; ;1;2; ; ;1; ;12;182,614452673428
3358418;1;1;1; ; ; ; ; ; ; ; ; ; ; ; ;12;200,612190261929
3358418;1;2;1; ; ; ; ; ; ; ; ; ; ; ; ;12;200,612190261929
3358419;1;1;2;2;52; ;2; ; ;1;3;86; ;1; ;12;207,111755337268
3358420;1;1;2;2;52; ;2; ; ;1;2; ; ;1; ;12;192,22179198807
3358421;1;1;1; ; ; ; ; ; ; ; ; ; ; ; ;12;165,208372450669
3358421;1;2;2;2;52; ;2; ; ;1;2; ; ;1; ;12;165,208372450669
3358421;1;3;1; ; ; ; ; ; ; ; ; ; ; ; ;12;165,208372450669
3358421;1;4;1; ; ; ; ; ; ; ; ; ; ; ; ;12;165,208372450669
3358423;1;1;2;2;70; ;2; ; ;1;2; ; ;1; ;12;1227,01062311739
3358424;1;1;1; ; ; ; ; ; ; ; ; ; ; ; ;12;1371,42346923668
3358424;1;2;2;2;05; ;2; ; ;1;2; ; ;1; ;12;1371,42346923668
3358425;1;1;2;2;05; ;2; ; ;1;2; ; ;1; ;12;1175,50583077429
3358425;1;2;2;2;05; ;2; ; ;1;2; ; ;1; ;12;1175,50583077429
3358426;1;1;2;2;05; ;2; ; ;1;2; ; ;1; ;12;1459,78907323443
3358426;1;2;1; ; ; ; ; ; ; ; ; ; ; ; ;12;1459,78907323443
3358426;1;3;2;2;25; ;2; ; ;1;2; ; ;1; ;12;1459,78907323443
3358426;1;4;2;2;25; ;2; ; ;1;2; ; ;1; ;12;1459,78907323443
3358427;1;1;2;2;05; ;2; ; ;1;2; ; ;1; ;12;1338,17090475065
3358427;1;2;2;2;05; ;2; ; ;1;2; ; ;1; ;12;1338,17090475065
3358427;1;3;2;2;05; ;2; ; ;1;2; ; ;1; ;12;1338,17090475065
3358428;1;1;1; ; ; ; ; ; ; ; ; ; ; ; ;12;994,200021543781
3358428;1;2;1; ; ; ; ; ; ; ; ; ; ; ; ;12;994,200021543781
3358428;1;3;1; ; ; ; ; ; ; ; ; ; ; ; ;12;994,200021543781
3358428;1;4;1; ; ; ; ; ; ; ; ; ; ; ; ;12;994,200021543781
3358429;1;1;2;2;05; ;2; ; ;1;2; ; ;1; ;12;938,382594321881
3358429;1;2;2;2;05; ;2; ; ;1;2; ; ;1; ;12;938,382594321881
3358429;1;3;1; ; ; ; ; ; ; ; ; ; ; ; ;12;938,382594321881
3358429;1;4;1; ; ; ; ; ; ; ; ; ; ; ; ;12;938,382594321881
3358430;1;1;1; ; ; ; ; ; ; ; ; ; ; ; ;12;1129,43690899613
3358430;1;2;1; ; ; ; ; ; ; ; ; ; ; ; ;12;1129,43690899613
3358432;1;1;2;2;68; ;2; ; ;1;2; ; ;1; ;12;1034,97165592494
3358432;1;2;1; ; ; ; ; ; ; ; ; ; ; ; ;12;1034,97165592494
3358432;1;3;2;2;68; ;3;68; ;1;3;68; ;1; ;12;1034,97165592494
3358433;1;1;1; ; ; ; ; ; ; ; ; ; ; ; ;12;1259,14044287823
3358434;1;1;1; ; ; ; ; ; ; ; ; ; ; ; ;12;1175,50583077429
3358434;1;2;2;2;05; ;2; ; ;1;2; ; ;1; ;12;1175,50583077429
3358435;1;1;2;2;11; ;3;11; ;1;3;11; ;1; ;12;1040,7557327405
3358435;1;2;2;2;05; ;3;05; ;1;3;05; ;1; ;12;1040,7557327405
3358435;1;3;2;2;05; ;3;05; ;1;2; ; ;1; ;12;1040,7557327405
3358435;1;4;2;2;05; ;3;05; ;1;3;05; ;1; ;12;1040,7557327405
3358435;1;5;2;2;05; ;1; ; ; ;3;05; ;1; ;12;1040,7557327405
3358435;1;6;2;2;05; ;1; ; ; ;3;05; ;1; ;12;1040,7557327405
3358436;1;1;2;2;05; ;2; ; ;1;2; ; ;1; ;12;1282,53653498657
3358436;1;2;2;2;05; ;2; ; ;1;2; ; ;1; ;12;1282,53653498657
3358436;1;3;2;2;05; ;3;05; ;1;2; ; ;1; ;12;1282,53653498657
3358436;1;4;2;2;05; ;3;05; ;1;2; ; ;1; ;12;1282,53653498657
3358436;1;5;2;2;05; ;2; ; ;1;2; ; ;1; ;12;1282,53653498657
3358437;1;1;1; ; ; ; ; ; ; ; ; ; ; ; ;12;765,077277736806
3358437;1;2;1; ; ; ; ; ; ; ; ; ; ; ; ;12;765,077277736806
3358437;1;3;1; ; ; ; ; ; ; ; ; ; ; ; ;12;765,077277736806
3358437;1;4;1; ; ; ; ; ; ; ; ; ; ; ; ;12;765,077277736806
3358438;1;1;1; ; ; ; ; ; ; ; ; ; ; ; ;12;1124,64558152048
3358438;1;2;2;2;05; ;2; ; ;1;2; ; ;1; ;12;1124,64558152048
3358438;1;3;1; ; ; ; ; ; ; ; ; ; ; ; ;12;1124,64558152048
3358438;1;4;1; ; ; ; ; ; ; ; ; ; ; ; ;12;1124,64558152048
3358439;1;1;1; ; ; ; ; ; ; ; ; ; ; ; ;12;1175,50583077429
3358439;1;2;1; ; ; ; ; ; ; ; ; ; ; ; ;12;1175,50583077429
3358440;1;1;1; ; ; ; ; ; ; ; ; ; ; ; ;12;1163,51918502765
3358440;1;2;1; ; ; ; ; ; ; ; ; ; ; ; ;12;1163,51918502765
3358440;1;3;1; ; ; ; ; ; ; ; ; ; ; ; ;12;1163,51918502765
3358440;1;4;1; ; ; ; ; ; ; ; ; ; ; ; ;12;1163,51918502765
3358441;1;1;1; ; ; ; ; ; ; ; ; ; ; ; ;12;1327,10545518715
3358441;1;2;2;1; ; ;2; ; ;1;2; ; ;1; ;12;1327,10545518715
3358442;1;1;1; ; ; ; ; ; ; ; ; ; ; ; ;12;938,382594321881
3358442;1;2;2;2;05; ;2; ; ;1;2; ; ;1; ;12;938,382594321881
3358442;1;3;1; ; ; ; ; ; ; ; ; ; ; ; ;12;938,382594321881
3358442;1;4;1; ; ; ; ; ; ; ; ; ; ; ; ;12;938,382594321881
3358444;1;1;1; ; ; ; ; ; ; ; ; ; ; ; ;12;949,676572780353
3358444;1;2;1; ; ; ; ; ; ; ; ; ; ; ; ;12;949,676572780353
3358445;1;1;2;2;76; ;2; ; ;1;2; ; ;1; ;12;1613,1476615278
3358445;1;2;2;2;76; ;2; ; ;1;2; ; ;1; ;12;1613,1476615278
3358445;1;3;2;2;76; ;2; ; ;1;2; ; ;1; ;12;1613,1476615278
3358445;1;4;2;2;76; ;2; ; ;1;2; ; ;1; ;12;1613,1476615278
3358445;1;5;1; ; ; ; ; ; ; ; ; ; ; ; ;12;1613,1476615278
3358446;1;1;2;2;05; ;2; ; ;1;2; ; ;1; ;12;1259,14044287823
3358447;1;1;2;2;05; ;2; ; ;1;2; ; ;1; ;12;1327,10545518715
3358447;1;2;2;2;05; ;2; ; ;1;2; ; ;1; ;12;1327,10545518715
3358448;1;1;2;2;05; ;2; ; ;1;2; ; ;1; ;12;1203,32301565633
3358449;1;1;1; ; ; ; ; ; ; ; ; ; ; ; ;12;1120,01472350789
3358449;1;2;1; ; ; ; ; ; ; ; ; ; ; ; ;12;1120,01472350789
3358449;1;3;1; ; ; ; ; ; ; ; ; ; ; ; ;12;1120,01472350789
3358449;1;4;1; ; ; ; ; ; ; ; ; ; ; ; ;12;1120,01472350789
3358449;1;5;1; ; ; ; ; ; ; ; ; ; ; ; ;12;1120,01472350789
3358450;1;1;2;2;05; ;2; ; ;1;2; ; ;1; ;12;1190,94690167434
3358450;1;2;1; ; ; ; ; ; ; ; ; ; ; ; ;12;1190,94690167434
3358450;1;3;1; ; ; ; ; ; ; ; ; ; ; ; ;12;1190,94690167434
3358451;1;1;2;2;05; ;2; ; ;1;2; ; ;1; ;12;1056,09901258003
3358452;1;1;2;2;66; ;2; ; ;1;2; ; ;1; ;12;1175,50583077429
3358452;1;2;2;2;05; ;2; ; ;1;2; ; ;1; ;12;1175,50583077429
3358453;1;1;2;2;05; ;2; ; ;1;2; ; ;1; ;12;985,193542194641
3358453;1;2;1; ; ; ; ; ; ; ; ; ; ; ; ;12;985,193542194641
3358453;1;3;1; ; ; ; ; ; ; ; ; ; ; ; ;12;985,193542194641
3358453;1;4;1; ; ; ; ; ; ; ; ; ; ; ; ;12;985,193542194641
3358453;1;5;1; ; ; ; ; ; ; ; ; ; ; ; ;12;985,193542194641
3358454;1;1;2;2;25; ;2; ; ;1;2; ; ;1; ;12;1299,28827030511
3358454;1;2;1; ; ; ; ; ; ; ; ; ; ; ; ;12;1299,28827030511
3358454;1;3;1; ; ; ; ; ; ; ; ; ; ; ; ;12;1299,28827030511
3358455;1;1;1; ; ; ; ; ; ; ; ; ; ; ; ;12;1122,98188936543
3358455;1;2;1; ; ; ; ; ; ; ; ; ; ; ; ;12;1122,98188936543
3358456;1;1;1; ; ; ; ; ; ; ; ; ; ; ; ;12;1016,55944956575
3358456;1;2;1; ; ; ; ; ; ; ; ; ; ; ; ;12;1016,55944956575
3358456;1;3;1; ; ; ; ; ; ; ; ; ; ; ; ;12;1016,55944956575
3358457;1;1;2;2;27; ;3;27; ;1;2; ; ;1; ;12;1466,1879260659
3358457;1;2;2;2;27; ;3;27; ;1;3;27; ;1; ;12;1466,1879260659
3358457;1;3;2;2;27; ;3;27; ;1;3;27; ;1; ;12;1466,1879260659
3358457;1;4;2;2;27; ;1; ; ; ;3;27; ;1; ;12;1466,1879260659
3358458;1;1;1; ; ; ; ; ; ; ; ; ; ; ; ;12;1314,72934120516
3358458;1;2;1; ; ; ; ; ; ; ; ; ; ; ; ;12;1314,72934120516
3358458;1;3;1; ; ; ; ; ; ; ; ; ; ; ; ;12;1314,72934120516
3358458;1;4;1; ; ; ; ; ; ; ; ; ; ; ; ;12;1314,72934120516
3358459;1;1;2;2;11; ;2; ; ;1;2; ; ;1; ;12;1183,18881514891
3358460;1;1;2;2;66; ;3;66; ;2;2; ; ;1; ;12;854,721274436877
3358460;1;2;2;2;05; ;3;05; ;1;2; ; ;1; ;12;854,721274436877
3358460;1;3;2;2;05; ;3;05; ;1;2; ; ;1; ;12;854,721274436877
3358461;1;1;2;2;05; ;3;05; ;2;2; ; ;1; ;12;803,534705227566
3358461;1;2;2;2;05; ;2; ; ;1;2; ; ;1; ;12;803,534705227566
3358462;1;1;2;2;66; ;2; ; ;1;2; ; ;1; ;12;1253,42744934213
3358462;1;2;2;2;05; ;2; ; ;1;2; ; ;1; ;12;1253,42744934213
3358463;1;1;2;2;05; ;2; ; ;1;2; ; ;1; ;12;1303,59835738772
3358463;1;2;1; ; ; ; ; ; ; ; ; ; ; ; ;12;1303,59835738772
3358463;1;3;1; ; ; ; ; ; ; ; ; ; ; ; ;12;1303,59835738772
3358463;1;4;2;2;05; ;2; ; ;1;2; ; ;1; ;12;1303,59835738772
3358464;1;1;2;3; ;11;4; ;11; ;4; ;1; ;1;12;1428,98162899695
3358464;1;2;2;3; ;11;4; ;11; ;4; ;1; ;1;12;1428,98162899695
3358465;1;1;2;2;05; ;2; ; ;1;2; ; ;1; ;12;1320,31032612753
3358465;1;2;2;2;05; ;2; ; ;1;2; ; ;1; ;12;1320,31032612753
3358465;1;3;2;2;05; ;3;17; ;1;3;17; ;1; ;12;1320,31032612753
3358466;1;1;1; ; ; ; ; ; ; ; ; ; ; ; ;12;1336,82450161272
3358466;1;2;2;2;05; ;2; ; ;1;2; ; ;1; ;12;1336,82450161272
3358466;1;3;1; ; ; ; ; ; ; ; ; ; ; ; ;12;1336,82450161272
3358466;1;4;1; ; ; ; ; ; ; ; ; ; ; ; ;12;1336,82450161272
3358467;1;1;2;3; ;1;2; ; ;1;2; ; ;1; ;12;1258,43205153249
3358467;1;2;2;2;05; ;2; ; ;1;2; ; ;1; ;12;1258,43205153249
3358468;1;1;2;1; ; ;2; ; ;1;2; ; ;1; ;12;1416,53299823801
3358469;1;1;2;2;05; ;2; ; ;1;2; ; ;1; ;12;719,900093123627
3358469;1;2;2;2;05; ;2; ; ;1;2; ; ;1; ;12;719,900093123627
3358469;1;3;1; ; ; ; ; ; ; ; ; ; ; ; ;12;719,900093123627
3358470;1;1;1; ; ; ; ; ; ; ; ; ; ; ; ;12;871,499717536482
3358470;1;2;1; ; ; ; ; ; ; ; ; ; ; ; ;12;871,499717536482
3358470;1;3;2;2;05; ;3;76; ;1;2; ; ;1; ;12;871,499717536482
3358471;1;1;2;2;05; ;2; ; ;1;2; ; ;1; ;12;545,935609335178
3358471;1;2;2;2;05; ;2; ; ;1;2; ; ;1; ;12;545,935609335178
3358471;1;3;2;2;05; ;2; ; ;1;2; ; ;1; ;12;545,935609335178
3358472;1;1;1; ; ; ; ; ; ; ; ; ; ; ; ;12;1190,94690167434
3358472;1;2;1; ; ; ; ; ; ; ; ; ; ; ; ;12;1190,94690167434
3358472;1;3;1; ; ; ; ; ; ; ; ; ; ; ; ;12;1190,94690167434
3358473;1;1;1; ; ; ; ; ; ; ; ; ; ; ; ;12;1311,43585539213
3358473;1;2;1; ; ; ; ; ; ; ; ; ; ; ; ;12;1311,43585539213
3358473;1;3;1; ; ; ; ; ; ; ; ; ; ; ; ;12;1311,43585539213
3358473;1;4;1; ; ; ; ; ; ; ; ; ; ; ; ;12;1311,43585539213
3358474;1;1;1; ; ; ; ; ; ; ; ; ; ; ; ;12;1561,96109231849
3358474;1;2;1; ; ; ; ; ; ; ; ; ; ; ; ;12;1561,96109231849
3358474;1;3;1; ; ; ; ; ; ; ; ; ; ; ; ;12;1561,96109231849
3358474;1;4;1; ; ; ; ; ; ; ; ; ; ; ; ;12;1561,96109231849
3358475;1;1;2;2;66; ;2; ; ;1;2; ; ;1; ;12;1242,13347088365
3358475;1;2;2;2;76; ;2; ; ;1;2; ; ;1; ;12;1242,13347088365
3358475;1;3;2;2;66; ;2; ; ;1;2; ; ;1; ;12;1242,13347088365
3358475;1;4;1; ; ; ; ; ; ; ; ; ; ; ; ;12;1242,13347088365
3358476;1;1;2;2;05; ;2; ; ;1;2; ; ;1; ;12;1187,97973581681
3358476;1;2;2;2;05; ;2; ; ;1;2; ; ;1; ;12;1187,97973581681
3358476;1;3;1; ; ; ; ; ; ; ; ; ; ; ; ;12;1187,97973581681
3358476;1;4;1; ; ; ; ; ; ; ; ; ; ; ; ;12;1187,97973581681
3358476;2;1;2;2;66; ;2; ; ;1;2; ; ;1; ;12;1187,97973581681
3358476;2;2;2;2;66; ;3;66; ;1;2; ; ;1; ;12;1187,97973581681
3358477;1;1;2;2;66; ;2; ; ;1;2; ; ;1; ;12;1119,68840355239
3358477;1;2;2;2;66; ;2; ; ;1;2; ; ;1; ;12;1119,68840355239
3358478;1;1;1; ; ; ; ; ; ; ; ; ; ; ; ;12;1258,91191398326
3358478;1;2;1; ; ; ; ; ; ; ; ; ; ; ; ;12;1258,91191398326
3358478;1;3;1; ; ; ; ; ; ; ; ; ; ; ; ;12;1258,91191398326
3358478;1;4;1; ; ; ; ; ; ; ; ; ; ; ; ;12;1258,91191398326
3358479;1;1;2;2;05; ;2; ; ;1;2; ; ;1; ;12;1016,55944956575
3358479;1;2;1; ; ; ; ; ; ; ; ; ; ; ; ;12;1016,55944956575
3358479;1;3;1; ; ; ; ; ; ; ; ; ; ; ; ;12;1016,55944956575
3358480;1;1;1; ; ; ; ; ; ; ; ; ; ; ; ;12;831,695886907794
3358480;1;2;1; ; ; ; ; ; ; ; ; ; ; ; ;12;831,695886907794
3358480;1;3;1; ; ; ; ; ; ; ; ; ; ; ; ;12;831,695886907794
3358480;1;4;1; ; ; ; ; ; ; ; ; ; ; ; ;12;831,695886907794
3358480;1;5;1; ; ; ; ; ; ; ; ; ; ; ; ;12;831,695886907794
3358480;2;1;1; ; ; ; ; ; ; ; ; ; ; ; ;12;831,695886907794
3358481;1;1;2;1; ; ;4; ;11; ;2; ; ;1; ;12;1095,55417271873
3358481;1;2;2;3; ;11;4; ;11; ;2; ; ;1; ;12;1095,55417271873
3358481;1;3;1; ; ; ; ; ; ; ; ; ; ; ; ;12;1095,55417271873
3358482;1;1;2;2;54; ;2; ; ;1;2; ; ;1; ;12;1270,20589244173
3358482;1;2;1; ; ; ; ; ; ; ; ; ; ; ; ;12;1270,20589244173
3358483;1;1;2;2;54; ;2; ; ;1;2; ; ;1; ;12;792,240726769094
3358483;1;2;1; ; ; ; ; ; ; ; ; ; ; ; ;12;792,240726769094
3358483;1;3;1; ; ; ; ; ; ; ; ; ; ; ; ;12;792,240726769094
3358483;1;4;2;2;68; ;3;68; ;1;3;19; ;1; ;12;792,240726769094
3358484;1;1;2;1; ; ;2; ; ;1;2; ; ;1; ;12;1314,72934120516
3358484;1;2;1; ; ; ; ; ; ; ; ; ; ; ; ;12;1314,72934120516
3358484;1;3;1; ; ; ; ; ; ; ; ; ; ; ; ;12;1314,72934120516
3358484;1;4;2;2;05; ;2; ; ;1;2; ; ;1; ;12;1314,72934120516
3358485;1;1;1; ; ; ; ; ; ; ; ; ; ; ; ;12;938,382594321881
3358485;1;2;1; ; ; ; ; ; ; ; ; ; ; ; ;12;938,382594321881
3358485;1;3;1; ; ; ; ; ; ; ; ; ; ; ; ;12;938,382594321881
3358485;1;4;1; ; ; ; ; ; ; ; ; ; ; ; ;12;938,382594321881
3358486;1;1;1; ; ; ; ; ; ; ; ; ; ; ; ;12;1122,98188936543
3358486;1;2;1; ; ; ; ; ; ; ; ; ; ; ; ;12;1122,98188936543
3358487;1;1;2;2;05; ;2; ; ;1;2; ; ;1; ;12;1190,94690167434
3358487;1;2;2;2;05; ;2; ; ;1;2; ; ;1; ;12;1190,94690167434
3358487;1;3;1; ; ; ; ; ; ; ; ; ; ; ; ;12;1190,94690167434
3358488;1;1;2;2;05; ;2; ; ;1;2; ; ;1; ;12;1336,82450161272
3358488;1;2;2;2;05; ;2; ; ;1;2; ; ;1; ;12;1336,82450161272
3358488;1;3;2;2;05; ;2; ; ;1;2; ; ;1; ;12;1336,82450161272
3358488;1;4;1; ; ; ; ; ; ; ; ; ; ; ; ;12;1336,82450161272
3358489;1;1;2;2;05; ;2; ; ;1;2; ; ;1; ;12;1175,50583077429
3358489;1;2;2;2;05; ;2; ; ;1;2; ; ;1; ;12;1175,50583077429
3358490;1;1;2;2;05; ;2; ; ;1;2; ; ;1; ;12;1174,16845857474
3358490;1;2;1; ; ; ; ; ; ; ; ; ; ; ; ;12;1174,16845857474
3358490;1;3;1; ; ; ; ; ; ; ; ; ; ; ; ;12;1174,16845857474
3358491;1;1;2;2;05; ;2; ; ;1;2; ; ;1; ;12;1175,50583077429
3358491;1;2;2;2;05; ;2; ; ;1;2; ; ;1; ;12;1175,50583077429
3358492;1;1;2;2;05; ;2; ; ;1;2; ; ;1; ;12;1124,06402488895
3358492;1;2;2;1; ; ;2; ; ;1;2; ; ;1; ;12;1124,06402488895
3358493;1;1;2;2;05; ;2; ; ;1;2; ; ;1; ;12;1241,43177265711
3358493;1;2;1; ; ; ; ; ; ; ; ; ; ; ; ;12;1241,43177265711
3358493;1;3;1; ; ; ; ; ; ; ; ; ; ; ; ;12;1241,43177265711
3358493;1;4;1; ; ; ; ; ; ; ; ; ; ; ; ;12;1241,43177265711
3358494;1;1;2;2;05; ;2; ; ;1;2; ; ;1; ;12;1073,45901231117
3358494;1;2;2;2;05; ;2; ; ;1;2; ; ;1; ;12;1073,45901231117
3358494;1;3;1; ; ; ; ; ; ; ; ; ; ; ; ;12;1073,45901231117
3358495;1;1;2;2;05; ;2; ; ;1;2; ; ;1; ;12;1118,60626802888
3358495;1;2;1; ; ; ; ; ; ; ; ; ; ; ; ;12;1118,60626802888
3358496;1;1;2;2;05; ;2; ; ;1;2; ; ;1; ;12;1593,24347994834
3358496;1;2;2;2;05; ;2; ; ;1;2; ; ;1; ;12;1593,24347994834
3358496;1;3;1; ; ; ; ; ; ; ; ; ; ; ; ;12;1593,24347994834
3358496;1;4;1; ; ; ; ; ; ; ; ; ; ; ; ;12;1593,24347994834
3358496;1;5;1; ; ; ; ; ; ; ; ; ; ; ; ;12;1593,24347994834
3358496;1;6;1; ; ; ; ; ; ; ; ; ; ; ; ;12;1593,24347994834
3358496;1;7;1; ; ; ; ; ; ; ; ; ; ; ; ;12;1593,24347994834
3358497;1;1;1; ; ; ; ; ; ; ; ; ; ; ; ;12;1051,72339124348
3358498;1;1;1; ; ; ; ; ; ; ; ; ; ; ; ;12;182,445427900043
3358498;1;2;1; ; ; ; ; ; ; ; ; ; ; ; ;12;182,445427900043
3358498;1;3;2;2;47; ;2; ; ;1;2; ; ;1; ;12;182,445427900043
3358499;1;1;2;2;52; ;3;52; ;1;2; ; ;1; ;12;146,139056544571
3358499;1;2;2;2;47; ;2; ; ;1;2; ; ;1; ;12;146,139056544571
3358499;1;3;2;2;47; ;3;54; ;1;2; ; ;1; ;12;146,139056544571
3358500;1;1;2;1; ; ;2; ; ;1;2; ; ;1; ;12;180,94558529907
3358500;1;2;1; ; ; ; ; ; ; ; ; ; ; ; ;12;180,94558529907
3358501;1;1;2;1; ; ;3;68; ;1;2; ; ;1; ;12;169,311735989203
3358501;1;2;2;2;08; ;3;68; ;1;2; ; ;1; ;12;169,311735989203
3358501;1;3;1; ; ; ; ; ; ; ; ; ; ; ; ;12;169,311735989203
3358502;1;1;1; ; ; ; ; ; ; ; ; ; ; ; ;12;252,176927906277
3358502;1;2;2;2;47; ;2; ; ;1;2; ; ;1; ;12;252,176927906277
3358502;1;3;1; ; ; ; ; ; ; ; ; ; ; ; ;12;252,176927906277
3358502;1;4;1; ; ; ; ; ; ; ; ; ; ; ; ;12;252,176927906277
3358503;1;1;2;2;68; ;2; ; ;1;2; ; ;1; ;12;185,382934818451
3358503;1;2;2;2;68; ;2; ; ;1;2; ; ;1; ;12;185,382934818451
3358503;1;3;1; ; ; ; ; ; ; ; ; ; ; ; ;12;185,382934818451
3358503;1;4;1; ; ; ; ; ; ; ; ; ; ; ; ;12;185,382934818451
3358504;1;1;1; ; ; ; ; ; ; ; ; ; ; ; ;12;193,953284731745
3358504;1;2;1; ; ; ; ; ; ; ; ; ; ; ; ;12;193,953284731745
3358504;1;3;1; ; ; ; ; ; ; ; ; ; ; ; ;12;193,953284731745
3358504;1;4;1; ; ; ; ; ; ; ; ; ; ; ; ;12;193,953284731745
3358505;1;1;2;1; ; ;2; ; ;1;2; ; ;1; ;12;213,111790013843
3358505;1;2;1; ; ; ; ; ; ; ; ; ; ; ; ;12;213,111790013843
3358505;1;3;1; ; ; ; ; ; ; ; ; ; ; ; ;12;213,111790013843
3358505;1;4;1; ; ; ; ; ; ; ; ; ; ; ; ;12;213,111790013843
3358506;1;1;1; ; ; ; ; ; ; ; ; ; ; ; ;12;156,317528316021
3358506;1;2;1; ; ; ; ; ; ; ; ; ; ; ; ;12;156,317528316021
3358507;1;1;1; ; ; ; ; ; ; ; ; ; ; ; ;12;146,149371841356
3358507;1;2;2;2;47; ;3;47; ;1;2; ; ;1; ;12;146,149371841356
3358508;1;1;1; ; ; ; ; ; ; ; ; ; ; ; ;12;156,327843612806
3358509;1;1;1; ; ; ; ; ; ; ; ; ; ; ; ;12;180,955900595855
3358510;1;1;1; ; ; ; ; ; ; ; ; ; ; ; ;12;737,91739997989
3358511;1;1;1; ; ; ; ; ; ; ; ; ; ; ; ;12;1062,56815905505
3358511;1;2;1; ; ; ; ; ; ; ; ; ; ; ; ;12;1062,56815905505
3358512;1;1;2;2;52; ;2; ; ;1;2; ; ;1; ;12;718,336617477564
3358512;1;2;2;2;17; ;2; ; ;1;2; ; ;1; ;12;718,336617477564
3358513;1;1;1; ; ; ; ; ; ; ; ; ; ; ; ;12;811,007262858969
3358513;1;2;2;2;52; ;2; ; ;1;2; ; ;1; ;12;811,007262858969
3358513;1;3;1; ; ; ; ; ; ; ; ; ; ; ; ;12;811,007262858969
3358513;1;4;1; ; ; ; ; ; ; ; ; ; ; ; ;12;811,007262858969
3358514;1;1;2;2;76; ;2; ; ;1;2; ; ;1; ;12;1023,43795388114
3358515;1;1;1; ; ; ; ; ; ; ; ; ; ; ; ;12;192,857195527961
3358515;1;2;1; ; ; ; ; ; ; ; ; ; ; ; ;12;192,857195527961
3358515;1;3;1; ; ; ; ; ; ; ; ; ; ; ; ;12;192,857195527961
3358515;1;4;1; ; ; ; ; ; ; ; ; ; ; ; ;12;192,857195527961
3358515;1;5;1; ; ; ; ; ; ; ; ; ; ; ; ;12;192,857195527961
3358516;1;1;1; ; ; ; ; ; ; ; ; ; ; ; ;12;261,042242643083
3358516;1;2;1; ; ; ; ; ; ; ; ; ; ; ; ;12;261,042242643083
3358516;1;3;1; ; ; ; ; ; ; ; ; ; ; ; ;12;261,042242643083
3358516;1;4;1; ; ; ; ; ; ; ; ; ; ; ; ;12;261,042242643083
3358517;1;1;2;2;17; ;3;05; ;1;2; ; ;1; ;12;174,109038996643
3358517;1;2;1; ; ; ; ; ; ; ; ; ; ; ; ;12;174,109038996643
3358517;1;3;1; ; ; ; ; ; ; ; ; ; ; ; ;12;174,109038996643
3358518;1;1;2;2;17; ;2; ; ;1;2; ; ;1; ;12;264,157054891522
3358518;1;2;1; ; ; ; ; ; ; ; ; ; ; ; ;12;264,157054891522
3358519;1;1;1; ; ; ; ; ; ; ; ; ; ; ; ;12;232,377635539435
3358519;1;2;1; ; ; ; ; ; ; ; ; ; ; ; ;12;232,377635539435
3358519;1;3;1; ; ; ; ; ; ; ; ; ; ; ; ;12;232,377635539435
3358519;1;4;1; ; ; ; ; ; ; ; ; ; ; ; ;12;232,377635539435
3358520;1;1;2;2;17; ;2; ; ;1;2; ; ;1; ;12;140,00170034503
3358520;1;2;1; ; ; ; ; ; ; ; ; ; ; ; ;12;140,00170034503
3358520;1;3;1; ; ; ; ; ; ; ; ; ; ; ; ;12;140,00170034503
3358521;1;1;1; ; ; ; ; ; ; ; ; ; ; ; ;12;96,5672045565043
3358521;1;2;1; ; ; ; ; ; ; ; ; ; ; ; ;12;96,5672045565043
3358521;1;3;1; ; ; ; ; ; ; ; ; ; ; ; ;12;96,5672045565043
3358521;1;4;1; ; ; ; ; ; ; ; ; ; ; ; ;12;96,5672045565043
3358522;1;1;1; ; ; ; ; ; ; ; ; ; ; ; ;12;215,527695336012
3358522;1;2;1; ; ; ; ; ; ; ; ; ; ; ; ;12;215,527695336012
3358522;1;3;1; ; ; ; ; ; ; ; ; ; ; ; ;12;215,527695336012
3358522;1;4;2;2;76; ;2; ; ;1;2; ; ;1; ;12;215,527695336012
3358523;1;1;1; ; ; ; ; ; ; ; ; ; ; ; ;12;188,113314834208
3358523;1;2;1; ; ; ; ; ; ; ; ; ; ; ; ;12;188,113314834208
3358524;1;1;2;2;17; ;2; ; ;1;2; ; ;1; ;12;188,113314834208
3358524;1;2;2;2;17; ;2; ; ;1;2; ; ;1; ;12;188,113314834208
3358525;1;1;2;1; ; ;2; ; ;1;2; ; ;1; ;12;147,612963575809
3358525;1;2;1; ; ; ; ; ; ; ; ; ; ; ; ;12;147,612963575809
3358525;1;3;1; ; ; ; ; ; ; ; ; ; ; ; ;12;147,612963575809
3358526;1;1;1; ; ; ; ; ; ; ; ; ; ; ; ;12;158,247075742613
3358527;1;1;1; ; ; ; ; ; ; ; ; ; ; ; ;12;171,471356861394
3358528;1;1;1; ; ; ; ; ; ; ; ; ; ; ; ;12;164,462903779231
3358528;1;2;1; ; ; ; ; ; ; ; ; ; ; ; ;12;164,462903779231
3358528;1;3;1; ; ; ; ; ; ; ; ; ; ; ; ;12;164,462903779231
3358529;1;1;1; ; ; ; ; ; ; ; ; ; ; ; ;12;195,254346181926
3358529;1;2;1; ; ; ; ; ; ; ; ; ; ; ; ;12;195,254346181926
3358529;1;3;1; ; ; ; ; ; ; ; ; ; ; ; ;12;195,254346181926
3358530;1;1;1; ; ; ; ; ; ; ; ; ; ; ; ;12;219,623586303713
3358530;1;2;1; ; ; ; ; ; ; ; ; ; ; ; ;12;219,623586303713
3358530;1;3;1; ; ; ; ; ; ; ; ; ; ; ; ;12;219,623586303713
3358532;1;1;2;2;17; ;2; ; ;1;2; ; ;1; ;12;158,247075742613
3358533;1;1;1; ; ; ; ; ; ; ; ; ; ; ; ;12;232,377635539435
3358533;1;2;1; ; ; ; ; ; ; ; ; ; ; ; ;12;232,377635539435
3358533;1;3;1; ; ; ; ; ; ; ; ; ; ; ; ;12;232,377635539435
3358533;1;4;1; ; ; ; ; ; ; ; ; ; ; ; ;12;232,377635539435
3358534;1;1;2;2;17; ;2; ; ;1;2; ; ;1; ;12;157,72933067628
3358534;1;2;1; ; ; ; ; ; ; ; ; ; ; ; ;12;157,72933067628
3358536;1;1;1; ; ; ; ; ; ; ; ; ; ; ; ;12;99,3925788893295
3358537;1;1;2;2;15; ;2; ; ;1;2; ; ;1; ;12;82,6235965684863
3358537;1;2;1; ; ; ; ; ; ; ; ; ; ; ; ;12;82,6235965684863
3358537;1;3;1; ; ; ; ; ; ; ; ; ; ; ; ;12;82,6235965684863
3358537;1;4;1; ; ; ; ; ; ; ; ; ; ; ; ;12;82,6235965684863
3358537;1;5;1; ; ; ; ; ; ; ; ; ; ; ; ;12;82,6235965684863
3358537;1;6;1; ; ; ; ; ; ; ; ; ; ; ; ;12;82,6235965684863
3358538;1;1;2;2;15; ;2; ; ;1;2; ; ;1; ;12;113,761636212504
3358538;1;2;1; ; ; ; ; ; ; ; ; ; ; ; ;12;113,761636212504
3358538;1;3;1; ; ; ; ; ; ; ; ; ; ; ; ;12;113,761636212504
3358539;1;1;2;2;15; ;2; ; ;1;2; ; ;1; ;12;96,6392781309672
3358540;1;1;1; ; ; ; ; ; ; ; ; ; ; ; ;12;70,7887604170929
3358540;1;2;1; ; ; ; ; ; ; ; ; ; ; ; ;12;70,7887604170929
3358540;1;3;1; ; ; ; ; ; ; ; ; ; ; ; ;12;70,7887604170929
3358541;1;1;1; ; ; ; ; ; ; ; ; ; ; ; ;12;96,6392781309672
3358542;1;1;1; ; ; ; ; ; ; ; ; ; ; ; ;12;94,9990210021001
3358542;1;2;1; ; ; ; ; ; ; ; ; ; ; ; ;12;94,9990210021001
3358542;1;3;1; ; ; ; ; ; ; ; ; ; ; ; ;12;94,9990210021001
3358543;1;1;1; ; ; ; ; ; ; ; ; ; ; ; ;12;94,8951449279754
3358543;1;2;1; ; ; ; ; ; ; ; ; ; ; ; ;12;94,8951449279754
3358543;1;3;1; ; ; ; ; ; ; ; ; ; ; ; ;12;94,8951449279754
3358543;1;4;1; ; ; ; ; ; ; ; ; ; ; ; ;12;94,8951449279754
3358544;1;1;1; ; ; ; ; ; ; ; ; ; ; ; ;12;88,5844885668517
3358544;1;2;1; ; ; ; ; ; ; ; ; ; ; ; ;12;88,5844885668517
3358544;1;3;2;2;73; ;3;73; ;1;2; ; ;1; ;12;88,5844885668517
3358545;1;1;2;2;15; ;2; ; ;1;2; ; ;1; ;12;74,0321007719999
3358545;1;2;1; ; ; ; ; ; ; ; ; ; ; ; ;12;74,0321007719999
3358546;1;1;1; ; ; ; ; ; ; ; ; ; ; ; ;12;131,481931280055
3358546;1;2;1; ; ; ; ; ; ; ; ; ; ; ; ;12;131,481931280055
3358546;1;3;1; ; ; ; ; ; ; ; ; ; ; ; ;12;131,481931280055
3358546;1;4;1; ; ; ; ; ; ; ; ; ; ; ; ;12;131,481931280055
3358547;1;1;2;2;68; ;2; ; ;1;2; ; ;1; ;12;116,901100493286
3358547;1;2;2;2;11; ;2; ; ;1;2; ; ;1; ;12;116,901100493286
3358547;1;3;2;2;11; ;2; ; ;1;2; ; ;1; ;12;116,901100493286
3358548;1;1;2;2;15; ;2; ; ;1;2; ; ;1; ;12;96,0380563373106
3358549;1;1;1; ; ; ; ; ; ; ; ; ; ; ; ;12;112,540266081982
3358549;1;2;1; ; ; ; ; ; ; ; ; ; ; ; ;12;112,540266081982
3358549;1;3;1; ; ; ; ; ; ; ; ; ; ; ; ;12;112,540266081982
3358549;1;4;1; ; ; ; ; ; ; ; ; ; ; ; ;12;112,540266081982
3358550;1;1;2;2;15; ;2; ; ;1;2; ; ;1; ;12;95,1823514737776
3358550;1;2;2;2;15; ;2; ; ;1;2; ; ;1; ;12;95,1823514737776
3358552;1;1;1; ; ; ; ; ; ; ; ; ; ; ; ;12;116,901100493286
3358552;1;2;2;2;15; ;2; ; ;1;2; ; ;1; ;12;116,901100493286
3358552;1;3;1; ; ; ; ; ; ; ; ; ; ; ; ;12;116,901100493286
3358553;1;1;2;2;15; ;2; ; ;1;2; ; ;1; ;12;72,9930654367894
3358553;1;2;2;2;05; ;2; ; ;1;2; ; ;1; ;12;72,9930654367894
3358553;1;3;1; ; ; ; ; ; ; ; ; ; ; ; ;12;72,9930654367894
3358553;1;4;1; ; ; ; ; ; ; ; ; ; ; ; ;12;72,9930654367894
3358554;1;1;1; ; ; ; ; ; ; ; ; ; ; ; ;12;96,0380563373106
3358555;1;1;1; ; ; ; ; ; ; ; ; ; ; ; ;12;91,5733458518823
3358555;1;2;1; ; ; ; ; ; ; ; ; ; ; ; ;12;91,5733458518823
3358555;1;3;1; ; ; ; ; ; ; ; ; ; ; ; ;12;91,5733458518823
3358556;1;1;1; ; ; ; ; ; ; ; ; ; ; ; ;12;109,372099640619
3358556;1;2;1; ; ; ; ; ; ; ; ; ; ; ; ;12;109,372099640619
3358556;1;3;1; ; ; ; ; ; ; ; ; ; ; ; ;12;109,372099640619
3358556;1;4;1; ; ; ; ; ; ; ; ; ; ; ; ;12;109,372099640619
3358556;1;5;1; ; ; ; ; ; ; ; ; ; ; ; ;12;109,372099640619
3358556;1;6;1; ; ; ; ; ; ; ; ; ; ; ; ;12;109,372099640619
3358557;1;1;2;2;15; ;2; ; ;1;2; ; ;1; ;12;95,1823514737776
3358557;1;2;2;2;15; ;2; ; ;1;2; ; ;1; ;12;95,1823514737776
3358558;1;1;1; ; ; ; ; ; ; ; ; ; ; ; ;12;88,2545724147673
3358558;1;2;1; ; ; ; ; ; ; ; ; ; ; ; ;12;88,2545724147673
3358558;1;3;1; ; ; ; ; ; ; ; ; ; ; ; ;12;88,2545724147673
3358558;1;4;1; ; ; ; ; ; ; ; ; ; ; ; ;12;88,2545724147673
3358558;2;1;2;2;11; ;2; ; ;1;2; ; ;1; ;12;88,2545724147673
3358559;1;1;1; ; ; ; ; ; ; ; ; ; ; ; ;12;125,697063630379
3358559;1;2;1; ; ; ; ; ; ; ; ; ; ; ; ;12;125,697063630379
3358559;1;3;1; ; ; ; ; ; ; ; ; ; ; ; ;12;125,697063630379
3358559;1;4;1; ; ; ; ; ; ; ; ; ; ; ; ;12;125,697063630379
3358560;1;1;1; ; ; ; ; ; ; ; ; ; ; ; ;12;91,755680647193
3358560;1;2;1; ; ; ; ; ; ; ; ; ; ; ; ;12;91,755680647193
3358560;1;3;2;2;15; ;2; ; ;1;2; ; ;1; ;12;91,755680647193
3358560;1;4;1; ; ; ; ; ; ; ; ; ; ; ; ;12;91,755680647193
3358561;1;1;1; ; ; ; ; ; ; ; ; ; ; ; ;12;50,1241418764312
3358561;1;2;2;1; ; ;3;13; ;1;2; ; ;1; ;12;50,1241418764312
3358561;1;3;2;2;25; ;3;13; ;1;2; ; ;1; ;12;50,1241418764312
3358561;1;4;1; ; ; ; ; ; ; ; ; ; ; ; ;12;50,1241418764312
3358561;1;5;1; ; ; ; ; ; ; ; ; ; ; ; ;12;50,1241418764312
3358561;1;6;1; ; ; ; ; ; ; ; ; ; ; ; ;12;50,1241418764312
3358562;1;1;1; ; ; ; ; ; ; ; ; ; ; ; ;12;98,6080266239954
3358562;1;2;1; ; ; ; ; ; ; ; ; ; ; ; ;12;98,6080266239954
3358563;1;1;1; ; ; ; ; ; ; ; ; ; ; ; ;12;117,004976567411
3358563;1;2;2;2;15; ;3;15; ;1;2; ; ;1; ;12;117,004976567411
3358564;1;1;2;2;76; ;2; ; ;1;2; ; ;1; ;12;1164,67471830582
3358564;1;2;2;2;76; ;2; ; ;1;2; ; ;1; ;12;1164,67471830582
3358564;1;3;2;2;76; ;3;76; ;1;2; ; ;1; ;12;1164,67471830582
3358565;1;1;1; ; ; ; ; ; ; ; ; ; ; ; ;12;1135,65802193413
3358565;1;2;1; ; ; ; ; ; ; ; ; ; ; ; ;12;1135,65802193413
3358565;1;3;1; ; ; ; ; ; ; ; ; ; ; ; ;12;1135,65802193413
3358565;1;4;1; ; ; ; ; ; ; ; ; ; ; ; ;12;1135,65802193413
3358565;1;5;2;2;73; ;2; ; ;1;2; ; ;1; ;12;1135,65802193413
3358566;1;1;1; ; ; ; ; ; ; ; ; ; ; ; ;12;718,336617477564
3358566;1;2;2;2;25; ;2; ; ;1;2; ; ;1; ;12;718,336617477564
3358567;1;1;1; ; ; ; ; ; ; ; ; ; ; ; ;12;637,441906062752
3358567;1;2;1; ; ; ; ; ; ; ; ; ; ; ; ;12;637,441906062752
3358567;1;3;1; ; ; ; ; ; ; ; ; ; ; ; ;12;637,441906062752
3358568;1;1;2;2;66; ;3;76; ;1;2; ; ;1; ;12;1198,5706218066
3358568;1;2;2;1; ; ;3;19; ;1;3;76; ;1; ;12;1198,5706218066
3358568;1;3;2;2;76; ;3;19; ;1;3;76; ;1; ;12;1198,5706218066
3358568;1;4;2;2;52; ;2; ; ;1;3;52; ;1; ;12;1198,5706218066
3358569;1;1;1; ; ; ; ; ; ; ; ; ; ; ; ;12;1175,48611270334
3358569;1;2;2;2;76; ;2; ; ;1;2; ; ;1; ;12;1175,48611270334
3358569;1;3;1; ; ; ; ; ; ; ; ; ; ; ; ;12;1175,48611270334
3358570;1;1;2;2;27; ;2; ; ;1;2; ; ;1; ;12;718,336617477564
3358570;1;2;2;2;27; ;2; ; ;1;2; ; ;1; ;12;718,336617477564
3358571;1;1;2;2;17; ;3;17; ;2;3;17; ;2;3;12;1020,80365281415
3358571;1;2;2;2;17; ;3;17; ;1;3;25; ;2;4;12;1020,80365281415
3358571;1;3;2;2;17; ;3;17; ;1;3;25; ;2;4;12;1020,80365281415
3358571;1;4;2;2;17; ;3;17; ;1;3;25; ;2;4;12;1020,80365281415
3358572;1;1;2;2;17; ;2; ; ;1;2; ; ;1; ;12;1121,94567249584
3358572;1;2;2;2;17; ;2; ; ;1;2; ; ;1; ;12;1121,94567249584
3358573;1;1;2;2;68; ;2; ; ;1;2; ; ;1; ;12;1023,43795388114
3358574;1;1;1; ; ; ; ; ; ; ; ; ; ; ; ;12;718,336617477564
3358574;1;2;2;2;76; ;2; ; ;1;2; ; ;1; ;12;718,336617477564
3358575;1;1;2;2;76; ;2; ; ;1;2; ; ;1; ;12;1224,05223174661
3358575;1;2;1; ; ; ; ; ; ; ; ; ; ; ; ;12;1224,05223174661
3358575;1;3;1; ; ; ; ; ; ; ; ; ; ; ; ;12;1224,05223174661
3358576;1;1;2;2;76; ;2; ; ;1;2; ; ;1; ;12;531,323782191004
3358576;1;2;2;2;76; ;2; ; ;1;2; ; ;1; ;12;531,323782191004
3358576;1;3;1; ; ; ; ; ; ; ; ; ; ; ; ;12;531,323782191004
3358577;1;1;1; ; ; ; ; ; ; ; ; ; ; ; ;12;105,143902992926
3358577;1;2;2;2;11; ;2; ; ;1;2; ; ;1; ;12;105,143902992926
3358578;1;1;2;2;41; ;2; ; ;1;2; ; ;1; ;12;107,708824103596
3358578;1;2;2;2;41; ;2; ; ;1;2; ; ;1; ;12;107,708824103596
3358578;1;3;2;1; ; ;2; ; ;1;2; ; ;1; ;12;107,708824103596
3358578;1;4;2;2;41; ;2; ; ;1;2; ; ;1; ;12;107,708824103596
3358578;1;5;1; ; ; ; ; ; ; ; ; ; ; ; ;12;107,708824103596
3358578;1;6;1; ; ; ; ; ; ; ; ; ; ; ; ;12;107,708824103596
3358578;1;7;1; ; ; ; ; ; ; ; ; ; ; ; ;12;107,708824103596
3358578;1;8;1; ; ; ; ; ; ; ; ; ; ; ; ;12;107,708824103596
3358579;1;1;2;2;25; ;2; ; ;1;2; ; ;1; ;12;752,296275182734
3358579;1;2;1; ; ; ; ; ; ; ; ; ; ; ; ;12;752,296275182734
3358579;1;3;1; ; ; ; ; ; ; ; ; ; ; ; ;12;752,296275182734
3358579;1;4;1; ; ; ; ; ; ; ; ; ; ; ; ;12;752,296275182734
3358580;1;1;1; ; ; ; ; ; ; ; ; ; ; ; ;12;638,860506480946
3358580;1;2;2;2;63; ;2; ; ;1;2; ; ;1; ;12;638,860506480946
3358580;1;3;1; ; ; ; ; ; ; ; ; ; ; ; ;12;638,860506480946
3358580;1;4;1; ; ; ; ; ; ; ; ; ; ; ; ;12;638,860506480946
3358581;1;1;2;2;73; ;3;41; ;1;2; ; ;1; ;12;134,188755332309
3358581;1;2;2;2;73; ;3;41; ;1;2; ; ;1; ;12;134,188755332309
3358581;1;3;2;2;73; ;3;41; ;1;2; ; ;1; ;12;134,188755332309
3358581;1;4;2;2;73; ;2; ; ;1;2; ; ;1; ;12;134,188755332309
3358581;1;5;2;2;73; ;2; ; ;1;2; ; ;1; ;12;134,188755332309
3358582;1;1;2;2;41; ;2; ; ;1;2; ; ;1; ;12;170,744175958726
3358582;1;2;2;2;41; ;3;11; ;1;3;11; ;1; ;12;170,744175958726
3358582;1;3;2;1; ; ;3;11; ;1;3;11; ;1; ;12;170,744175958726
3358582;1;4;2;2;11; ;3;11; ;1;3;11; ;1; ;12;170,744175958726
3358582;1;5;2;2;11; ;1; ; ; ;1; ; ; ; ;12;170,744175958726
3358583;1;1;1; ; ; ; ; ; ; ; ; ; ; ; ;12;185,97940370789
3358583;1;2;1; ; ; ; ; ; ; ; ; ; ; ; ;12;185,97940370789
3358584;1;1;1; ; ; ; ; ; ; ; ; ; ; ; ;12;1618,26670975973
3358584;1;2;1; ; ; ; ; ; ; ; ; ; ; ; ;12;1618,26670975973
3358584;1;3;1; ; ; ; ; ; ; ; ; ; ; ; ;12;1618,26670975973
3358585;1;1;2;2;73; ;2; ; ;1;2; ; ;1; ;12;1040,35307548573
3358585;1;2;1; ; ; ; ; ; ; ; ; ; ; ; ;12;1040,35307548573
3358585;1;3;1; ; ; ; ; ; ; ; ; ; ; ; ;12;1040,35307548573
3358585;1;4;1; ; ; ; ; ; ; ; ; ; ; ; ;12;1040,35307548573
3358585;1;5;1; ; ; ; ; ; ; ; ; ; ; ; ;12;1040,35307548573
3358585;1;6;1; ; ; ; ; ; ; ; ; ; ; ; ;12;1040,35307548573
3358586;1;1;2;2;17; ;2; ; ;1;2; ; ;1; ;12;1080,18116625494
3358586;1;2;1; ; ; ; ; ; ; ; ; ; ; ; ;12;1080,18116625494
3358586;1;3;1; ; ; ; ; ; ; ; ; ; ; ; ;12;1080,18116625494
3358586;1;4;1; ; ; ; ; ; ; ; ; ; ; ; ;12;1080,18116625494
3358587;1;1;1; ; ; ; ; ; ; ; ; ; ; ; ;12;1263,18243692051
3358587;1;2;1; ; ; ; ; ; ; ; ; ; ; ; ;12;1263,18243692051
3358587;1;3;1; ; ; ; ; ; ; ; ; ; ; ; ;12;1263,18243692051
3358587;1;4;1; ; ; ; ; ; ; ; ; ; ; ; ;12;1263,18243692051
3358588;1;1;2;2;44; ;3;44; ;2;2; ; ;1; ;12;82,6356809454753
3358588;1;2;2;2;44; ;3;44; ;2;2; ; ;1; ;12;82,6356809454753
3358588;1;3;1; ; ; ; ; ; ; ; ; ; ; ; ;12;82,6356809454753
3358588;1;4;1; ; ; ; ; ; ; ; ; ; ; ; ;12;82,6356809454753
3358589;1;1;2;2;68; ;2; ; ;1;2; ; ;1; ;12;110,538789629443
3358589;1;2;1; ; ; ; ; ; ; ; ; ; ; ; ;12;110,538789629443
3358589;1;3;1; ; ; ; ; ; ; ; ; ; ; ; ;12;110,538789629443
3358589;1;4;1; ; ; ; ; ; ; ; ; ; ; ; ;12;110,538789629443
3358589;1;5;1; ; ; ; ; ; ; ; ; ; ; ; ;12;110,538789629443
3358590;1;1;2;2;47; ;3;23; ;1;2; ; ;1; ;12;95,866641114831
3358590;1;2;2;2;70; ;3;23; ;1;2; ; ;1; ;12;95,866641114831
3358590;1;3;1; ; ; ; ; ; ; ; ; ; ; ; ;12;95,866641114831
3358590;1;4;1; ; ; ; ; ; ; ; ; ; ; ; ;12;95,866641114831
3358591;1;1;1; ; ; ; ; ; ; ; ; ; ; ; ;12;127,662955191311
3358591;1;2;1; ; ; ; ; ; ; ; ; ; ; ; ;12;127,662955191311
3358591;1;3;1; ; ; ; ; ; ; ; ; ; ; ; ;12;127,662955191311
3358591;1;4;1; ; ; ; ; ; ; ; ; ; ; ; ;12;127,662955191311
3358591;1;5;1; ; ; ; ; ; ; ; ; ; ; ; ;12;127,662955191311
3358591;1;6;1; ; ; ; ; ; ; ; ; ; ; ; ;12;127,662955191311
3358591;1;7;1; ; ; ; ; ; ; ; ; ; ; ; ;12;127,662955191311
3358592;1;1;1; ; ; ; ; ; ; ; ; ; ; ; ;12;83,9015044216495
3358592;1;2;1; ; ; ; ; ; ; ; ; ; ; ; ;12;83,9015044216495
3358592;1;3;1; ; ; ; ; ; ; ; ; ; ; ; ;12;83,9015044216495
3358592;1;4;1; ; ; ; ; ; ; ; ; ; ; ; ;12;83,9015044216495
3358593;1;1;2;2;47; ;2; ; ;1;2; ; ;1; ;12;88,2558350452969
3358593;1;2;2;2;47; ;2; ; ;1;2; ; ;1; ;12;88,2558350452969
3358593;1;3;2;2;20; ;2; ; ;1;2; ; ;1; ;12;88,2558350452969
3358593;1;4;1; ; ; ; ; ; ; ; ; ; ; ; ;12;88,2558350452969
3358594;1;1;2;2;47; ;2; ; ;1;2; ; ;1; ;12;138,095752651176
3358594;1;2;1; ; ; ; ; ; ; ; ; ; ; ; ;12;138,095752651176
3358594;1;3;1; ; ; ; ; ; ; ; ; ; ; ; ;12;138,095752651176
3358594;1;4;1; ; ; ; ; ; ; ; ; ; ; ; ;12;138,095752651176
3358594;1;5;1; ; ; ; ; ; ; ; ; ; ; ; ;12;138,095752651176
3358595;1;1;1; ; ; ; ; ; ; ; ; ; ; ; ;12;66,4690247131523
3358595;1;2;1; ; ; ; ; ; ; ; ; ; ; ; ;12;66,4690247131523
3358596;1;1;2;2;13; ;2; ; ;2;2; ; ;2;3;12;89,8955169027745
3358596;1;2;2;2;70; ;2; ; ;2;2; ; ;2;1;12;89,8955169027745
3358596;1;3;2;2;44; ;3;11; ;1;2; ; ;2;2;12;89,8955169027745
3358596;1;4;1; ; ; ; ; ; ; ; ; ; ; ; ;12;89,8955169027745
3358596;1;5;1; ; ; ; ; ; ; ; ; ; ; ; ;12;89,8955169027745
3358596;1;6;1; ; ; ; ; ; ; ; ; ; ; ; ;12;89,8955169027745
3358596;1;7;1; ; ; ; ; ; ; ; ; ; ; ; ;12;89,8955169027745
3358597;1;1;1; ; ; ; ; ; ; ; ; ; ; ; ;12;112,518916100585
3358597;1;2;1; ; ; ; ; ; ; ; ; ; ; ; ;12;112,518916100585
3358597;1;3;1; ; ; ; ; ; ; ; ; ; ; ; ;12;112,518916100585
3358597;1;4;1; ; ; ; ; ; ; ; ; ; ; ; ;12;112,518916100585
3358598;1;1;1; ; ; ; ; ; ; ; ; ; ; ; ;12;95,0720365189533
3358598;1;2;1; ; ; ; ; ; ; ; ; ; ; ; ;12;95,0720365189533
3358598;1;3;1; ; ; ; ; ; ; ; ; ; ; ; ;12;95,0720365189533
3358598;1;4;1; ; ; ; ; ; ; ; ; ; ; ; ;12;95,0720365189533
3358599;1;1;1; ; ; ; ; ; ; ; ; ; ; ; ;12;64,5215502950758
3358599;1;2;1; ; ; ; ; ; ; ; ; ; ; ; ;12;64,5215502950758
3358599;1;3;1; ; ; ; ; ; ; ; ; ; ; ; ;12;64,5215502950758
3358599;1;4;1; ; ; ; ; ; ; ; ; ; ; ; ;12;64,5215502950758
3358599;1;5;1; ; ; ; ; ; ; ; ; ; ; ; ;12;64,5215502950758
3358599;1;6;1; ; ; ; ; ; ; ; ; ; ; ; ;12;64,5215502950758
3358600;1;1;2;2;23; ;2; ; ;1;2; ; ;1; ;12;86,8402467843647
3358600;1;2;1; ; ; ; ; ; ; ; ; ; ; ; ;12;86,8402467843647
3358601;1;1;2;2;23; ;2; ; ;1;2; ; ;1; ;12;110,686297777818
3358601;1;2;1; ; ; ; ; ; ; ; ; ; ; ; ;12;110,686297777818
3358601;1;3;1; ; ; ; ; ; ; ; ; ; ; ; ;12;110,686297777818
3358601;1;4;1; ; ; ; ; ; ; ; ; ; ; ; ;12;110,686297777818
3358602;1;1;2;2;13; ;2; ; ;1;2; ; ;1; ;12;80,8137328546031
3358602;1;2;1; ; ; ; ; ; ; ; ; ; ; ; ;12;80,8137328546031
3358602;1;3;1; ; ; ; ; ; ; ; ; ; ; ; ;12;80,8137328546031
3358602;1;4;1; ; ; ; ; ; ; ; ; ; ; ; ;12;80,8137328546031
3358602;1;5;1; ; ; ; ; ; ; ; ; ; ; ; ;12;80,8137328546031
3358602;1;6;1; ; ; ; ; ; ; ; ; ; ; ; ;12;80,8137328546031
3358638;1;1;2;2;20; ;2; ; ;1;2; ; ;1; ;12;202,483472039069
3358638;1;2;2;2;23; ;2; ; ;1;2; ; ;1; ;12;202,483472039069
3358638;1;3;2;2;20; ;2; ; ;1;2; ; ;1; ;12;202,483472039069
3358638;1;4;1; ; ; ; ; ; ; ; ; ; ; ; ;12;202,483472039069
3358638;1;5;2;2;20; ;2; ; ;1;2; ; ;1; ;12;202,483472039069
3358639;1;1;1; ; ; ; ; ; ; ; ; ; ; ; ;12;117,570696696566
3358639;1;2;1; ; ; ; ; ; ; ; ; ; ; ; ;12;117,570696696566
3358639;1;3;1; ; ; ; ; ; ; ; ; ; ; ; ;12;117,570696696566
3358640;1;1;1; ; ; ; ; ; ; ; ; ; ; ; ;12;150,483674352817
3358640;1;2;1; ; ; ; ; ; ; ; ; ; ; ; ;12;150,483674352817
3358640;1;3;2;1; ; ;3;44; ;1;3;44; ;1; ;12;150,483674352817
3358641;1;1;2;2;20; ;2; ; ;1;2; ; ;1; ;12;156,587950186759
3358641;1;2;2;1; ; ;2; ; ;1;2; ; ;1; ;12;156,587950186759
3358641;1;3;1; ; ; ; ; ; ; ; ; ; ; ; ;12;156,587950186759
3358641;1;4;1; ; ; ; ; ; ; ; ; ; ; ; ;12;156,587950186759
3358641;1;5;1; ; ; ; ; ; ; ; ; ; ; ; ;12;156,587950186759
3358641;1;6;2;1; ; ;2; ; ;1;2; ; ;1; ;12;156,587950186759
3358642;1;1;1; ; ; ; ; ; ; ; ; ; ; ; ;12;180,529449773262
3358642;1;2;1; ; ; ; ; ; ; ; ; ; ; ; ;12;180,529449773262
3358642;1;3;1; ; ; ; ; ; ; ; ; ; ; ; ;12;180,529449773262
3358642;1;4;1; ; ; ; ; ; ; ; ; ; ; ; ;12;180,529449773262
3358643;1;1;1; ; ; ; ; ; ; ; ; ; ; ; ;12;146,52704021418
3358643;1;2;1; ; ; ; ; ; ; ; ; ; ; ; ;12;146,52704021418
3358643;1;3;2;2;44; ;2; ; ;1;2; ; ;1; ;12;146,52704021418
3358643;1;4;1; ; ; ; ; ; ; ; ; ; ; ; ;12;146,52704021418
3358644;1;1;1; ; ; ; ; ; ; ; ; ; ; ; ;12;168,501942884745
3358644;1;2;1; ; ; ; ; ; ; ; ; ; ; ; ;12;168,501942884745
3358644;1;3;1; ; ; ; ; ; ; ; ; ; ; ; ;12;168,501942884745
3358645;1;1;2;2;54; ;2; ; ;1;2; ; ;1; ;12;188,125713168293
3358645;1;2;2;2;05; ;2; ; ;1;2; ; ;1; ;12;188,125713168293
3358645;1;3;2;2;20; ;2; ; ;1;2; ; ;1; ;12;188,125713168293
3358645;1;4;2;2;20; ;2; ; ;1;2; ; ;1; ;12;188,125713168293
3358645;1;5;2;2;13; ;2; ; ;1;2; ; ;1; ;12;188,125713168293
3358646;1;1;2;2;44; ;2; ; ;1;2; ; ;1; ;12;91,5707011894353
3358646;1;2;2;2;47; ;3;47; ;1;2; ; ;1; ;12;91,5707011894353
3358647;1;1;1; ; ; ; ; ; ; ; ; ; ; ; ;12;163,600613144166
3358647;1;2;1; ; ; ; ; ; ; ; ; ; ; ; ;12;163,600613144166
3358647;1;3;1; ; ; ; ; ; ; ; ; ; ; ; ;12;163,600613144166
3358647;1;4;1; ; ; ; ; ; ; ; ; ; ; ; ;12;163,600613144166
3358648;1;1;1; ; ; ; ; ; ; ; ; ; ; ; ;12;137,215347384873
3358648;1;2;2;2;54; ;3;54; ;1;3;54; ;1; ;12;137,215347384873
3358648;1;3;2;2;54; ;1; ; ; ;3;54; ;1; ;12;137,215347384873
3358649;1;1;2;2;20; ;2; ; ;1;2; ; ;1; ;12;183,580955484274
3358650;1;1;1; ; ; ; ; ; ; ; ; ; ; ; ;12;166,776073248089
3358650;1;2;2;2;05; ;2; ; ;1;2; ; ;1; ;12;166,776073248089
3358650;1;3;1; ; ; ; ; ; ; ; ; ; ; ; ;12;166,776073248089
3358650;1;4;1; ; ; ; ; ; ; ; ; ; ; ; ;12;166,776073248089
3358651;1;1;2;2;47; ;2; ; ;1;2; ; ;1; ;12;154,268039910101
3358651;1;2;2;2;47; ;2; ; ;1;2; ; ;1; ;12;154,268039910101
3358651;1;3;1; ; ; ; ; ; ; ; ; ; ; ; ;12;154,268039910101
3358651;1;4;1; ; ; ; ; ; ; ; ; ; ; ; ;12;154,268039910101
3358651;1;5;1; ; ; ; ; ; ; ; ; ; ; ; ;12;154,268039910101
3358652;1;1;2;2;20; ;2; ; ;1;2; ; ;1; ;12;125,562670546138
3358652;1;2;1; ; ; ; ; ; ; ; ; ; ; ; ;12;125,562670546138
3358652;1;3;2;1; ; ;3;23; ;1;2; ; ;1; ;12;125,562670546138
3358653;1;1;1; ; ; ; ; ; ; ; ; ; ; ; ;12;147,001414120706
3358653;1;2;1; ; ; ; ; ; ; ; ; ; ; ; ;12;147,001414120706
3358653;1;3;1; ; ; ; ; ; ; ; ; ; ; ; ;12;147,001414120706
3358653;1;4;1; ; ; ; ; ; ; ; ; ; ; ; ;12;147,001414120706
3358653;1;5;1; ; ; ; ; ; ; ; ; ; ; ; ;12;147,001414120706
3358653;1;6;1; ; ; ; ; ; ; ; ; ; ; ; ;12;147,001414120706
3358653;1;7;2;2;20; ;3;20; ;1;2; ; ;1; ;12;147,001414120706
3358653;1;8;1; ; ; ; ; ; ; ; ; ; ; ; ;12;147,001414120706
3358653;1;9;1; ; ; ; ; ; ; ; ; ; ; ; ;12;147,001414120706
3358653;1;10;1; ; ; ; ; ; ; ; ; ; ; ; ;12;147,001414120706
3358653;1;11;1; ; ; ; ; ; ; ; ; ; ; ; ;12;147,001414120706
3358654;1;1;1; ; ; ; ; ; ; ; ; ; ; ; ;12;209,86081666867
3358654;1;2;1; ; ; ; ; ; ; ; ; ; ; ; ;12;209,86081666867
3358654;1;3;1; ; ; ; ; ; ; ; ; ; ; ; ;12;209,86081666867
3358654;1;4;2;1; ; ;3;11; ;1;2; ; ;1; ;12;209,86081666867
3358654;1;5;2;2;11; ;3;11; ;1;2; ; ;1; ;12;209,86081666867
3358654;1;6;2;2;11; ;1; ; ; ;2; ; ;1; ;12;209,86081666867
3358655;1;1;1; ; ; ; ; ; ; ; ; ; ; ; ;12;190,707132632213
3358655;1;2;1; ; ; ; ; ; ; ; ; ; ; ; ;12;190,707132632213
3358655;1;3;1; ; ; ; ; ; ; ; ; ; ; ; ;12;190,707132632213
3358656;1;1;1; ; ; ; ; ; ; ; ; ; ; ; ;12;139,400863066241
3358656;1;2;1; ; ; ; ; ; ; ; ; ; ; ; ;12;139,400863066241
3358657;1;1;1; ; ; ; ; ; ; ; ; ; ; ; ;12;150,098404100655
3358657;1;2;1; ; ; ; ; ; ; ; ; ; ; ; ;12;150,098404100655
3358657;1;3;1; ; ; ; ; ; ; ; ; ; ; ; ;12;150,098404100655
3358658;1;1;2;2;20; ;2; ; ;1;2; ; ;1; ;12;109,752255840267
3358658;1;2;2;2;20; ;2; ; ;1;2; ; ;1; ;12;109,752255840267
3358658;1;3;2;2;20; ;2; ; ;1;2; ; ;1; ;12;109,752255840267
3358658;1;4;1; ; ; ; ; ; ; ; ; ; ; ; ;12;109,752255840267
3358658;1;5;1; ; ; ; ; ; ; ; ; ; ; ; ;12;109,752255840267
3358658;1;6;2;2;20; ;3;08; ;2;2; ; ;1; ;12;109,752255840267
3358658;1;7;1; ; ; ; ; ; ; ; ; ; ; ; ;12;109,752255840267
3358658;1;8;1; ; ; ; ; ; ; ; ; ; ; ; ;12;109,752255840267
3358658;1;9;1; ; ; ; ; ; ; ; ; ; ; ; ;12;109,752255840267
3358659;1;1;1; ; ; ; ; ; ; ; ; ; ; ; ;12;117,570696696566
3358659;1;2;1; ; ; ; ; ; ; ; ; ; ; ; ;12;117,570696696566
3358659;1;3;1; ; ; ; ; ; ; ; ; ; ; ; ;12;117,570696696566
3358660;1;1;2;2;47; ;2; ; ;1;2; ; ;1; ;12;133,027857388393
3358660;1;2;2;2;20; ;2; ; ;1;2; ; ;1; ;12;133,027857388393
3358661;1;1;1; ; ; ; ; ; ; ; ; ; ; ; ;12;221,898763759567
3358661;1;2;1; ; ; ; ; ; ; ; ; ; ; ; ;12;221,898763759567
3358661;1;3;1; ; ; ; ; ; ; ; ; ; ; ; ;12;221,898763759567
3358661;1;4;1; ; ; ; ; ; ; ; ; ; ; ; ;12;221,898763759567
3358661;1;5;1; ; ; ; ; ; ; ; ; ; ; ; ;12;221,898763759567
3358661;1;6;1; ; ; ; ; ; ; ; ; ; ; ; ;12;221,898763759567
3358662;1;1;2;2;44; ;2; ; ;1;2; ; ;1; ;12;158,313819823415
3358662;1;2;2;2;20; ;2; ; ;1;2; ; ;1; ;12;158,313819823415
3358662;1;3;1; ; ; ; ; ; ; ; ; ; ; ; ;12;158,313819823415
3358662;1;4;1; ; ; ; ; ; ; ; ; ; ; ; ;12;158,313819823415
3358662;1;5;2;2;54; ;3;20; ;2;2; ; ;1; ;12;158,313819823415
3358663;1;1;2;2;20; ;2; ; ;1;2; ; ;1; ;12;106,258097665847
3358663;1;2;2;2;20; ;2; ; ;1;2; ; ;1; ;12;106,258097665847
3358663;1;3;1; ; ; ; ; ; ; ; ; ; ; ; ;12;106,258097665847
3358663;1;4;1; ; ; ; ; ; ; ; ; ; ; ; ;12;106,258097665847
3358663;1;5;1; ; ; ; ; ; ; ; ; ; ; ; ;12;106,258097665847
3358663;1;6;1; ; ; ; ; ; ; ; ; ; ; ; ;12;106,258097665847
3358663;1;7;1; ; ; ; ; ; ; ; ; ; ; ; ;12;106,258097665847
3358663;1;8;1; ; ; ; ; ; ; ; ; ; ; ; ;12;106,258097665847
3358663;1;9;1; ; ; ; ; ; ; ; ; ; ; ; ;12;106,258097665847
3358665;1;1;1; ; ; ; ; ; ; ; ; ; ; ; ;12;186,183950983932
3358665;1;2;1; ; ; ; ; ; ; ; ; ; ; ; ;12;186,183950983932
3358665;1;3;1; ; ; ; ; ; ; ; ; ; ; ; ;12;186,183950983932
3358665;1;4;1; ; ; ; ; ; ; ; ; ; ; ; ;12;186,183950983932
3358665;1;5;1; ; ; ; ; ; ; ; ; ; ; ; ;12;186,183950983932
3358666;1;1;1; ; ; ; ; ; ; ; ; ; ; ; ;12;155,028432036836
3358666;1;2;1; ; ; ; ; ; ; ; ; ; ; ; ;12;155,028432036836
3358666;1;3;1; ; ; ; ; ; ; ; ; ; ; ; ;12;155,028432036836
3358666;1;4;1; ; ; ; ; ; ; ; ; ; ; ; ;12;155,028432036836
3358666;1;5;2;2;70; ;2; ; ;1;2; ; ;1; ;12;155,028432036836
3358666;1;6;1; ; ; ; ; ; ; ; ; ; ; ; ;12;155,028432036836
3358666;1;7;1; ; ; ; ; ; ; ; ; ; ; ; ;12;155,028432036836
3358667;1;1;2;2;20; ;2; ; ;1;2; ; ;1; ;12;107,863100084707
3358667;1;2;2;2;20; ;2; ; ;1;2; ; ;1; ;12;107,863100084707
3358667;1;3;2;2;20; ;2; ; ;1;2; ; ;1; ;12;107,863100084707
3358668;1;1;2;2;13; ;2; ; ;1;2; ; ;1; ;12;111,537768826734
3358668;1;2;1; ; ; ; ; ; ; ; ; ; ; ; ;12;111,537768826734
3358668;1;3;2;2;20; ;2; ; ;1;2; ; ;1; ;12;111,537768826734
3358668;1;4;1; ; ; ; ; ; ; ; ; ; ; ; ;12;111,537768826734
3358668;1;5;1; ; ; ; ; ; ; ; ; ; ; ; ;12;111,537768826734
3358668;1;6;2;2;20; ;2; ; ;1;2; ; ;1; ;12;111,537768826734
3358668;1;7;1; ; ; ; ; ; ; ; ; ; ; ; ;12;111,537768826734
3358668;1;8;1; ; ; ; ; ; ; ; ; ; ; ; ;12;111,537768826734
3358668;1;9;1; ; ; ; ; ; ; ; ; ; ; ; ;12;111,537768826734
3358669;1;1;1; ; ; ; ; ; ; ; ; ; ; ; ;12;99,9305762569365
3358669;1;2;1; ; ; ; ; ; ; ; ; ; ; ; ;12;99,9305762569365
3358669;1;3;1; ; ; ; ; ; ; ; ; ; ; ; ;12;99,9305762569365
3358669;1;4;1; ; ; ; ; ; ; ; ; ; ; ; ;12;99,9305762569365
3358670;1;1;2;2;47; ;2; ; ;1;2; ; ;1; ;12;128,126527647815
3358670;1;2;2;2;44; ;2; ; ;1;2; ; ;1; ;12;128,126527647815
3358670;1;3;2;2;20; ;3;20; ;1;2; ; ;1; ;12;128,126527647815
3358671;1;1;2;2;68; ;2; ; ;1;2; ; ;1; ;12;181,937534452461
3358671;1;2;2;2;68; ;2; ; ;1;2; ; ;1; ;12;181,937534452461
3358671;1;3;1; ; ; ; ; ; ; ; ; ; ; ; ;12;181,937534452461
3358671;1;4;1; ; ; ; ; ; ; ; ; ; ; ; ;12;181,937534452461
3358672;1;1;2;2;44; ;2; ; ;1;2; ; ;1; ;12;196,941217934468
3358672;1;2;2;2;47; ;2; ; ;1;2; ; ;1; ;12;196,941217934468
3358672;1;3;1; ; ; ; ; ; ; ; ; ; ; ; ;12;196,941217934468
3358672;1;4;1; ; ; ; ; ; ; ; ; ; ; ; ;12;196,941217934468
3358673;1;1;2;2;47; ;2; ; ;1;2; ; ;1; ;12;160,735007798206
3358673;1;2;2;1; ; ;3;47; ;1;2; ; ;1; ;12;160,735007798206
3358673;1;3;1; ; ; ; ; ; ; ; ; ; ; ; ;12;160,735007798206
3358673;1;4;1; ; ; ; ; ; ; ; ; ; ; ; ;12;160,735007798206
3358673;1;5;1; ; ; ; ; ; ; ; ; ; ; ; ;12;160,735007798206
3358673;1;6;1; ; ; ; ; ; ; ; ; ; ; ; ;12;160,735007798206
3358673;1;7;1; ; ; ; ; ; ; ; ; ; ; ; ;12;160,735007798206
3358673;1;8;1; ; ; ; ; ; ; ; ; ; ; ; ;12;160,735007798206
3358674;1;1;2;2;20; ;2; ; ;1;2; ; ;1; ;12;181,937534452461
3358674;1;2;2;2;20; ;2; ; ;1;2; ; ;1; ;12;181,937534452461
3358674;1;3;1; ; ; ; ; ; ; ; ; ; ; ; ;12;181,937534452461
3358674;1;4;1; ; ; ; ; ; ; ; ; ; ; ; ;12;181,937534452461
3358675;1;1;2;2;23; ;2; ; ;1;2; ; ;1; ;12;146,097322487607
3358675;1;2;2;2;20; ;2; ; ;1;2; ; ;1; ;12;146,097322487607
3358675;1;3;1; ; ; ; ; ; ; ; ; ; ; ; ;12;146,097322487607
3358675;1;4;2;2;13; ;2; ; ;1;2; ; ;1; ;12;146,097322487607
3358675;1;5;2;2;70; ;2; ; ;1;2; ; ;1; ;12;146,097322487607
3358676;1;1;1; ; ; ; ; ; ; ; ; ; ; ; ;12;124,851580063615
3358676;1;2;1; ; ; ; ; ; ; ; ; ; ; ; ;12;124,851580063615
3358676;1;3;1; ; ; ; ; ; ; ; ; ; ; ; ;12;124,851580063615
3358676;1;4;1; ; ; ; ; ; ; ; ; ; ; ; ;12;124,851580063615
3358677;1;1;1; ; ; ; ; ; ; ; ; ; ; ; ;12;189,235456694944
3358677;1;2;1; ; ; ; ; ; ; ; ; ; ; ; ;12;189,235456694944
3358678;1;1;1; ; ; ; ; ; ; ; ; ; ; ; ;12;116,491704996114
3358678;1;2;2;2;20; ;3;20; ;2;3;20; ;1; ;12;116,491704996114
3358679;1;1;2;3; ;3;2; ; ;1;2; ; ;1; ;12;212,512019426071
3358679;1;2;1; ; ; ; ; ; ; ; ; ; ; ; ;12;212,512019426071
3358679;1;3;1; ; ; ; ; ; ; ; ; ; ; ; ;12;212,512019426071
3358679;1;4;1; ; ; ; ; ; ; ; ; ; ; ; ;12;212,512019426071
3358679;1;5;1; ; ; ; ; ; ; ; ; ; ; ; ;12;212,512019426071
3358679;1;6;1; ; ; ; ; ; ; ; ; ; ; ; ;12;212,512019426071
3358680;1;1;1; ; ; ; ; ; ; ; ; ; ; ; ;12;157,841079694901
3358681;1;1;1; ; ; ; ; ; ; ; ; ; ; ; ;12;166,305987000997
3358681;1;2;1; ; ; ; ; ; ; ; ; ; ; ; ;12;166,305987000997
3358681;1;3;1; ; ; ; ; ; ; ; ; ; ; ; ;12;166,305987000997
3358681;1;4;1; ; ; ; ; ; ; ; ; ; ; ; ;12;166,305987000997
3358681;1;5;1; ; ; ; ; ; ; ; ; ; ; ; ;12;166,305987000997
3358682;1;1;1; ; ; ; ; ; ; ; ; ; ; ; ;12;108,538869544524
3358682;1;2;1; ; ; ; ; ; ; ; ; ; ; ; ;12;108,538869544524
3358682;1;3;1; ; ; ; ; ; ; ; ; ; ; ; ;12;108,538869544524
3358682;1;4;1; ; ; ; ; ; ; ; ; ; ; ; ;12;108,538869544524
3358682;2;1;1; ; ; ; ; ; ; ; ; ; ; ; ;12;108,538869544524
3358682;2;2;2;2;20; ;3;20; ;1;2; ; ;1; ;12;108,538869544524
3358684;1;1;1; ; ; ; ; ; ; ; ; ; ; ; ;12;128,26804440297
3358684;1;2;1; ; ; ; ; ; ; ; ; ; ; ; ;12;128,26804440297
3358684;1;3;1; ; ; ; ; ; ; ; ; ; ; ; ;12;128,26804440297
3358684;1;4;1; ; ; ; ; ; ; ; ; ; ; ; ;12;128,26804440297
3358685;1;1;2;1; ; ;2; ; ;1;2; ; ;1; ;12;158,699283403588
3358685;1;2;2;2;25; ;2; ; ;1;2; ; ;1; ;12;158,699283403588
3358685;1;3;2;2;11; ;2; ; ;1;2; ; ;1; ;12;158,699283403588
3358685;1;4;2;2;11; ;2; ; ;1;2; ; ;1; ;12;158,699283403588
3358685;1;5;2;2;11; ;2; ; ;1;2; ; ;1; ;12;158,699283403588
3358686;1;1;1; ; ; ; ; ; ; ; ; ; ; ; ;12;166,305987000997
3358686;1;2;1; ; ; ; ; ; ; ; ; ; ; ; ;12;166,305987000997
3358686;1;3;1; ; ; ; ; ; ; ; ; ; ; ; ;12;166,305987000997
3358686;1;4;1; ; ; ; ; ; ; ; ; ; ; ; ;12;166,305987000997
3358686;1;5;1; ; ; ; ; ; ; ; ; ; ; ; ;12;166,305987000997
3358687;1;1;2;2;68; ;2; ; ;1;2; ; ;1; ;12;104,361819750423
3358687;1;2;2;2;68; ;2; ; ;1;2; ; ;1; ;12;104,361819750423
3358687;1;3;1; ; ; ; ; ; ; ; ; ; ; ; ;12;104,361819750423
3358687;1;4;1; ; ; ; ; ; ; ; ; ; ; ; ;12;104,361819750423
3358689;1;1;1; ; ; ; ; ; ; ; ; ; ; ; ;12;299,49750080746
3358689;1;2;1; ; ; ; ; ; ; ; ; ; ; ; ;12;299,49750080746
3358689;1;3;1; ; ; ; ; ; ; ; ; ; ; ; ;12;299,49750080746
3358689;1;4;1; ; ; ; ; ; ; ; ; ; ; ; ;12;299,49750080746
3358689;1;5;1; ; ; ; ; ; ; ; ; ; ; ; ;12;299,49750080746
3358690;1;1;2;1; ; ;3;25; ;1;2; ; ;1; ;12;319,013300350054
3358690;1;2;1; ; ; ; ; ; ; ; ; ; ; ; ;12;319,013300350054
3358690;1;3;1; ; ; ; ; ; ; ; ; ; ; ; ;12;319,013300350054
3358690;2;1;1; ; ; ; ; ; ; ; ; ; ; ; ;12;319,013300350054
3358690;2;2;1; ; ; ; ; ; ; ; ; ; ; ; ;12;319,013300350054
3358691;1;1;2;2;63; ;2; ; ;1;2; ; ;1; ;12;341,397759904876
3358691;1;2;2;2;76; ;2; ; ;1;2; ; ;1; ;12;341,397759904876
3358691;1;3;2;2;63; ;2; ; ;1;2; ; ;1; ;12;341,397759904876
3358691;1;4;2;2;73; ;2; ; ;1;2; ; ;1; ;12;341,397759904876
3358692;1;1;1; ; ; ; ; ; ; ; ; ; ; ; ;12;197,424283939478
3358692;1;2;1; ; ; ; ; ; ; ; ; ; ; ; ;12;197,424283939478
3358692;1;3;1; ; ; ; ; ; ; ; ; ; ; ; ;12;197,424283939478
3358692;1;4;1; ; ; ; ; ; ; ; ; ; ; ; ;12;197,424283939478
3358692;1;5;1; ; ; ; ; ; ; ; ; ; ; ; ;12;197,424283939478
3358693;1;1;2;2;73; ;2; ; ;1;2; ; ;1; ;12;318,350909986839
3358693;1;2;2;2;73; ;2; ; ;1;2; ; ;1; ;12;318,350909986839
3358693;1;3;1; ; ; ; ; ; ; ; ; ; ; ; ;12;318,350909986839
3358694;1;1;1; ; ; ; ; ; ; ; ; ; ; ; ;12;357,834033502861
3358694;1;2;2;2;11; ;3;11; ;1;2; ; ;1; ;12;357,834033502861
3358694;1;3;1; ; ; ; ; ; ; ; ; ; ; ; ;12;357,834033502861
3358694;1;4;1; ; ; ; ; ; ; ; ; ; ; ; ;12;357,834033502861
3358695;1;1;1; ; ; ; ; ; ; ; ; ; ; ; ;12;288,978354135103
3358696;1;1;1; ; ; ; ; ; ; ; ; ; ; ; ;12;373,263673004974
3358696;1;2;1; ; ; ; ; ; ; ; ; ; ; ; ;12;373,263673004974
3358696;1;3;1; ; ; ; ; ; ; ; ; ; ; ; ;12;373,263673004974
3358696;1;4;1; ; ; ; ; ; ; ; ; ; ; ; ;12;373,263673004974
3358697;1;1;1; ; ; ; ; ; ; ; ; ; ; ; ;12;188,605220757419
3358697;1;2;2;1; ; ;2; ; ;1;2; ; ;1; ;12;188,605220757419
3358697;1;3;1; ; ; ; ; ; ; ; ; ; ; ; ;12;188,605220757419
3358697;1;4;2;1; ; ;2; ; ;1;2; ; ;1; ;12;188,605220757419
3358697;2;1;2;2;63; ;2; ; ;1;2; ; ;1; ;12;188,605220757419
3358697;3;1;2;2;73; ;2; ; ;1;2; ; ;1; ;12;188,605220757419
3358698;1;1;2;2;11; ;2; ; ;1;2; ; ;1; ;12;282,213799563964
3358698;1;2;2;2;63; ;2; ; ;1;2; ; ;1; ;12;282,213799563964
3358698;1;3;2;2;73; ;2; ; ;1;2; ; ;1; ;12;282,213799563964
3358698;1;4;2;2;73; ;2; ; ;1;2; ; ;1; ;12;282,213799563964
3358698;1;5;1; ; ; ; ; ; ; ; ; ; ; ; ;12;282,213799563964
3358699;1;1;1; ; ; ; ; ; ; ; ; ; ; ; ;12;310,011189289799
3358699;1;2;1; ; ; ; ; ; ; ; ; ; ; ; ;12;310,011189289799
3358699;1;3;1; ; ; ; ; ; ; ; ; ; ; ; ;12;310,011189289799
3358700;1;1;1; ; ; ; ; ; ; ; ; ; ; ; ;12;241,270737648611
3358700;1;2;1; ; ; ; ; ; ; ; ; ; ; ; ;12;241,270737648611
3358700;1;3;1; ; ; ; ; ; ; ; ; ; ; ; ;12;241,270737648611
3358701;1;1;1; ; ; ; ; ; ; ; ; ; ; ; ;12;211,827418319925
3358701;1;2;2;2;08; ;2; ; ;1;2; ; ;1; ;12;211,827418319925
3358701;2;1;1; ; ; ; ; ; ; ; ; ; ; ; ;12;211,827418319925
3358701;2;2;2;1; ; ;3;73; ;1;2; ; ;1; ;12;211,827418319925
3358701;2;3;1; ; ; ; ; ; ; ; ; ; ; ; ;12;211,827418319925
3358701;2;4;1; ; ; ; ; ; ; ; ; ; ; ; ;12;211,827418319925
3358701;2;5;2;2;73; ;3;73; ;1;2; ; ;1; ;12;211,827418319925
3358702;1;1;2;2;54; ;3;73; ;1;2; ; ;1; ;12;1141,52645499817
3358703;1;1;2;1; ; ;2; ; ;1;2; ; ;1; ;12;820,44317672833
3358703;1;2;2;2;76; ;2; ; ;1;2; ; ;1; ;12;820,44317672833
3358703;1;3;1; ; ; ; ; ; ; ; ; ; ; ; ;12;820,44317672833
3358704;1;1;1; ; ; ; ; ; ; ; ; ; ; ; ;12;883,165729025546
3358704;1;2;2;2;76; ;2; ; ;1;2; ; ;1; ;12;883,165729025546
3358705;1;1;2;2;11; ;2; ; ;1;2; ; ;1; ;12;942,543242466333
3358705;1;2;2;2;23; ;2; ; ;1;2; ; ;1; ;12;942,543242466333
3358706;1;1;2;2;17; ;3;11; ;1;3;11; ;1; ;12;1020,80365281415
3358706;1;2;2;2;11; ;3;11; ;1;3;11; ;1; ;12;1020,80365281415
3358706;1;3;2;2;11; ;3;11; ;1;3;11; ;1; ;12;1020,80365281415
3358706;1;4;2;2;11; ;3;11; ;1;3;11; ;1; ;12;1020,80365281415
3358707;1;1;1; ; ; ; ; ; ; ; ; ; ; ; ;12;1415,68465659182
3358707;1;2;1; ; ; ; ; ; ; ; ; ; ; ; ;12;1415,68465659182
3358707;1;3;2;2;76; ;2; ; ;1;2; ; ;1; ;12;1415,68465659182
3358707;1;4;1; ; ; ; ; ; ; ; ; ; ; ; ;12;1415,68465659182
3358708;1;1;2;2;19; ;2; ; ;1;2; ; ;1; ;12;1668,20830933115
3358708;1;2;2;2;76; ;2; ; ;1;2; ; ;1; ;12;1668,20830933115
3358708;1;3;1; ; ; ; ; ; ; ; ; ; ; ; ;12;1668,20830933115
3358708;1;4;1; ; ; ; ; ; ; ; ; ; ; ; ;12;1668,20830933115
3358709;1;1;1; ; ; ; ; ; ; ; ; ; ; ; ;12;523,581331495218
3358709;1;2;1; ; ; ; ; ; ; ; ; ; ; ; ;12;523,581331495218
3358709;1;3;1; ; ; ; ; ; ; ; ; ; ; ; ;12;523,581331495218
3358710;1;1;2;2;68; ;3;68; ;1;3;05; ;1; ;12;589,533966470674
3358710;1;2;2;2;68; ;3;68; ;2;3;05; ;1; ;12;589,533966470674
3358710;2;1;1; ; ; ; ; ; ; ; ; ; ; ; ;12;589,533966470674
3358711;1;1;1; ; ; ; ; ; ; ; ; ; ; ; ;12;476,883580358687
3358711;1;2;1; ; ; ; ; ; ; ; ; ; ; ; ;12;476,883580358687
3358711;1;3;1; ; ; ; ; ; ; ; ; ; ; ; ;12;476,883580358687
3358712;1;1;2;2;68; ;3;54; ;1;3;54; ;1; ;12;498,138307946305
3358712;1;2;2;2;54; ;3;54; ;1;3;54; ;1; ;12;498,138307946305
3358712;1;3;2;2;54; ;1; ; ; ;3;54; ;1; ;12;498,138307946305
3358713;1;1;2;2;68; ;2; ; ;1;2; ; ;1; ;12;603,732489879495
3358713;1;2;2;2;68; ;2; ; ;1;2; ; ;1; ;12;603,732489879495
3358713;1;3;1; ; ; ; ; ; ; ; ; ; ; ; ;12;603,732489879495
3358713;1;4;1; ; ; ; ; ; ; ; ; ; ; ; ;12;603,732489879495
3358714;1;1;1; ; ; ; ; ; ; ; ; ; ; ; ;12;475,372808236343
3358714;1;2;1; ; ; ; ; ; ; ; ; ; ; ; ;12;475,372808236343
3358714;1;3;1; ; ; ; ; ; ; ; ; ; ; ; ;12;475,372808236343
3358715;1;1;2;2;68; ;2; ; ;1;2; ; ;1; ;12;610,256610582774
3358715;1;2;1; ; ; ; ; ; ; ; ; ; ; ; ;12;610,256610582774
3358715;1;3;2;2;68; ;2; ; ;1;2; ; ;1; ;12;610,256610582774
3358715;1;4;1; ; ; ; ; ; ; ; ; ; ; ; ;12;610,256610582774
3358715;1;5;1; ; ; ; ; ; ; ; ; ; ; ; ;12;610,256610582774
3358716;1;1;2;2;68; ;2; ; ;1;2; ; ;1; ;12;547,712230840778
3358716;1;2;2;2;25; ;2; ; ;1;2; ; ;1; ;12;547,712230840778
3358717;1;1;2;2;68; ;2; ; ;1;2; ; ;1; ;12;442,073553317015
3358717;1;2;2;2;68; ;2; ; ;1;2; ; ;1; ;12;442,073553317015
3358718;1;1;2;2;68; ;2; ; ;1;2; ; ;1; ;12;452,796454142106
3358719;1;1;2;2;68; ;3;68; ;1;2; ; ;1; ;12;509,126017709828
3358719;1;2;2;2;68; ;3;68; ;1;2; ; ;1; ;12;509,126017709828
3358720;1;1;1; ; ; ; ; ; ; ; ; ; ; ; ;12;442,073553317015
3358720;1;2;1; ; ; ; ; ; ; ; ; ; ; ; ;12;442,073553317015
3358721;1;1;2;2;68; ;2; ; ;1;2; ; ;1; ;12;495,526945126795
3358721;1;2;2;2;68; ;2; ; ;1;2; ; ;1; ;12;495,526945126795
3358721;1;3;1; ; ; ; ; ; ; ; ; ; ; ; ;12;495,526945126795
3358721;1;4;1; ; ; ; ; ; ; ; ; ; ; ; ;12;495,526945126795
3358722;1;1;2;2;68; ;2; ; ;1;2; ; ;1; ;12;542,836215334143
3358722;1;2;2;2;68; ;2; ; ;1;2; ; ;1; ;12;542,836215334143
3358722;1;3;1; ; ; ; ; ; ; ; ; ; ; ; ;12;542,836215334143
3358723;1;1;2;2;68; ;2; ; ;1;2; ; ;1; ;12;417,99516812389
3358723;1;2;2;2;68; ;2; ; ;1;2; ; ;1; ;12;417,99516812389
3358724;1;1;1; ; ; ; ; ; ; ; ; ; ; ; ;12;442,073553317015
3358724;1;2;1; ; ; ; ; ; ; ; ; ; ; ; ;12;442,073553317015
3358725;1;1;2;2;68; ;2; ; ;1;2; ; ;1; ;12;509,126017709828
3358725;1;2;1; ; ; ; ; ; ; ; ; ; ; ; ;12;509,126017709828
3358726;1;1;1; ; ; ; ; ; ; ; ; ; ; ; ;12;464,649907411251
3358726;1;2;1; ; ; ; ; ; ; ; ; ; ; ; ;12;464,649907411251
3358726;1;3;1; ; ; ; ; ; ; ; ; ; ; ; ;12;464,649907411251
3358726;1;4;1; ; ; ; ; ; ; ; ; ; ; ; ;12;464,649907411251
3358727;1;1;2;2;68; ;2; ; ;1;2; ; ;1; ;12;392,764439360973
3358727;1;2;2;2;11; ;2; ; ;1;2; ; ;1; ;12;392,764439360973
3358727;1;3;2;2;11; ;2; ; ;1;2; ; ;1; ;12;392,764439360973
3358728;1;1;2;2;15; ;2; ; ;1;2; ; ;1; ;12;357,963153342756
3358728;1;2;2;2;68; ;2; ; ;1;2; ; ;1; ;12;357,963153342756
3358728;1;3;2;2;68; ;2; ; ;1;2; ; ;1; ;12;357,963153342756
3358728;1;4;1; ; ; ; ; ; ; ; ; ; ; ; ;12;357,963153342756
3358729;1;1;2;2;68; ;2; ; ;1;2; ; ;1; ;12;467,304282079931
3358730;1;1;2;2;68; ;3;68; ;1;2; ; ;1; ;12;558,435131665869
3358731;1;1;2;2;68; ;2; ; ;1;2; ; ;1; ;12;428,718068948981
3358732;1;1;2;1; ; ;2; ; ;1;2; ; ;1; ;12;278,145276189702
3358732;1;2;1; ; ; ; ; ; ; ; ; ; ; ; ;12;278,145276189702
3358732;1;3;1; ; ; ; ; ; ; ; ; ; ; ; ;12;278,145276189702
3358734;1;1;2;2;73; ;2; ; ;1;2; ; ;1; ;12;246,758705574624
3358734;1;2;2;2;73; ;2; ; ;1;2; ; ;1; ;12;246,758705574624
3358736;1;1;1; ; ; ; ; ; ; ; ; ; ; ; ;12;254,594229517049
3358736;1;2;2;1; ; ;2; ; ;1;2; ; ;1; ;12;254,594229517049
3358736;1;3;1; ; ; ; ; ; ; ; ; ; ; ; ;12;254,594229517049
3358736;1;4;1; ; ; ; ; ; ; ; ; ; ; ; ;12;254,594229517049
3358736;1;5;2;2;73; ;2; ; ;1;2; ; ;1; ;12;254,594229517049
3358738;1;1;2;1; ; ;2; ; ;1;2; ; ;1; ;12;232,950141405768
3358738;1;2;1; ; ; ; ; ; ; ; ; ; ; ; ;12;232,950141405768
3358739;1;1;2;2;17; ;2; ; ;1;2; ; ;1; ;12;301,435293903833
3358739;1;2;2;1; ; ;2; ; ;1;2; ; ;1; ;12;301,435293903833
3358739;1;3;2;2;17; ;2; ; ;1;2; ; ;1; ;12;301,435293903833
3358739;1;4;1; ; ; ; ; ; ; ; ; ; ; ; ;12;301,435293903833
3358740;1;1;2;2;41; ;2; ; ;1;2; ; ;1; ;12;218,591972891064
3358740;1;2;2;2;73; ;2; ; ;1;2; ; ;1; ;12;218,591972891064
3358740;1;3;2;1; ; ;2; ; ;1;2; ; ;1; ;12;218,591972891064
3358742;1;1;2;2;73; ;2; ; ;1;2; ; ;1; ;12;256,240159119899
3358742;1;2;2;1; ; ;2; ; ;1;2; ; ;1; ;12;256,240159119899
3358742;1;3;2;1; ; ;2; ; ;1;2; ; ;1; ;12;256,240159119899
3358743;1;1;1; ; ; ; ; ; ; ; ; ; ; ; ;12;276,13126142636
3358743;1;2;2;2;73; ;2; ; ;1;2; ; ;1; ;12;276,13126142636
3358743;1;3;1; ; ; ; ; ; ; ; ; ; ; ; ;12;276,13126142636
3358743;1;4;1; ; ; ; ; ; ; ; ; ; ; ; ;12;276,13126142636
3358744;1;1;2;2;73; ;2; ; ;1;2; ; ;1; ;12;198,700870584604
3358744;1;2;1; ; ; ; ; ; ; ; ; ; ; ; ;12;198,700870584604
3358745;1;1;1; ; ; ; ; ; ; ; ; ; ; ; ;12;258,923781849832
3358745;1;2;2;2;41; ;2; ; ;1;2; ; ;1; ;12;258,923781849832
3358745;1;3;2;2;41; ;3;41; ;1;3;41; ;1; ;12;258,923781849832
3358745;1;4;2;2;73; ;3;11; ;1;2; ; ;1; ;12;258,923781849832
3358746;1;1;1; ; ; ; ; ; ; ; ; ; ; ; ;12;309,531846804779
3358746;1;2;1; ; ; ; ; ; ; ; ; ; ; ; ;12;309,531846804779
3358746;1;3;1; ; ; ; ; ; ; ; ; ; ; ; ;12;309,531846804779
3358746;1;4;1; ; ; ; ; ; ; ; ; ; ; ; ;12;309,531846804779
3358747;1;1;2;2;25; ;3;25; ;1;2; ; ;1; ;12;301,435293903833
3358747;1;2;2;1; ; ;3;25; ;1;2; ; ;1; ;12;301,435293903833
3358747;1;3;2;2;25; ;2; ; ;1;2; ; ;1; ;12;301,435293903833
3358747;1;4;2;1; ; ;3;25; ;1;2; ; ;1; ;12;301,435293903833
3358748;1;1;2;2;73; ;3;73; ;1;2; ; ;1; ;12;373,263673004974
3358748;1;2;2;2;73; ;3;73; ;1;2; ; ;1; ;12;373,263673004974
3358748;1;3;2;2;73; ;3;73; ;1;2; ; ;1; ;12;373,263673004974
3358748;1;4;1; ; ; ; ; ; ; ; ; ; ; ; ;12;373,263673004974
3358749;1;1;2;1; ; ;2; ; ;1;2; ; ;1; ;12;420,542753296442
3358749;1;2;1; ; ; ; ; ; ; ; ; ; ; ; ;12;420,542753296442
3358750;1;1;2;2;73; ;2; ; ;1;2; ; ;1; ;12;420,542753296442
3358750;1;2;1; ; ; ; ; ; ; ; ; ; ; ; ;12;420,542753296442
3358751;1;1;2;2;73; ;2; ; ;1;2; ; ;1; ;12;722,577724422674
3358751;1;2;2;2;73; ;2; ; ;1;2; ; ;1; ;12;722,577724422674
3358751;1;3;2;2;11; ;3;73; ;1;2; ; ;1; ;12;722,577724422674
3358751;1;4;2;1; ; ;2; ; ;1;2; ; ;1; ;12;722,577724422674
3358751;1;5;2;2;73; ;2; ; ;1;2; ; ;1; ;12;722,577724422674
3358752;1;1;1; ; ; ; ; ; ; ; ; ; ; ; ;12;295,723282635922
3358752;1;2;1; ; ; ; ; ; ; ; ; ; ; ; ;12;295,723282635922
3358752;1;3;1; ; ; ; ; ; ; ; ; ; ; ; ;12;295,723282635922
3358752;2;1;2;2;05; ;3;73; ;1;2; ; ;1; ;12;295,723282635922
3358753;1;1;2;2;73; ;2; ; ;1;2; ; ;1; ;12;554,815696142971
3358754;1;1;2;2;73; ;2; ; ;1;2; ; ;1; ;12;227,849383094442
3358754;1;2;1; ; ; ; ; ; ; ; ; ; ; ; ;12;227,849383094442
3358754;1;3;1; ; ; ; ; ; ; ; ; ; ; ; ;12;227,849383094442
3358755;1;1;1; ; ; ; ; ; ; ; ; ; ; ; ;12;242,602735978418
3358755;1;2;1; ; ; ; ; ; ; ; ; ; ; ; ;12;242,602735978418
3358755;1;3;1; ; ; ; ; ; ; ; ; ; ; ; ;12;242,602735978418
3358755;1;4;1; ; ; ; ; ; ; ; ; ; ; ; ;12;242,602735978418
3358755;1;5;1; ; ; ; ; ; ; ; ; ; ; ; ;12;242,602735978418
3358755;1;6;1; ; ; ; ; ; ; ; ; ; ; ; ;12;242,602735978418
3358755;1;7;1; ; ; ; ; ; ; ; ; ; ; ; ;12;242,602735978418
3358756;1;1;1; ; ; ; ; ; ; ; ; ; ; ; ;12;70,4169777340238
3358756;1;2;2;2;18; ;2; ; ;1;2; ; ;1; ;12;70,4169777340238
3358756;1;3;1; ; ; ; ; ; ; ; ; ; ; ; ;12;70,4169777340238
3358757;1;1;1; ; ; ; ; ; ; ; ; ; ; ; ;12;68,0101323678067
3358757;1;2;1; ; ; ; ; ; ; ; ; ; ; ; ;12;68,0101323678067
3358757;1;3;1; ; ; ; ; ; ; ; ; ; ; ; ;12;68,0101323678067
3358757;1;4;1; ; ; ; ; ; ; ; ; ; ; ; ;12;68,0101323678067
3358757;1;5;1; ; ; ; ; ; ; ; ; ; ; ; ;12;68,0101323678067
3358758;1;1;1; ; ; ; ; ; ; ; ; ; ; ; ;12;91,5833575478657
3358758;1;2;2;2;41; ;2; ; ;1;2; ; ;1; ;12;91,5833575478657
3358758;1;3;1; ; ; ; ; ; ; ; ; ; ; ; ;12;91,5833575478657
3358759;1;1;1; ; ; ; ; ; ; ; ; ; ; ; ;12;69,6035074213039
3358759;1;2;1; ; ; ; ; ; ; ; ; ; ; ; ;12;69,6035074213039
3358759;1;3;1; ; ; ; ; ; ; ; ; ; ; ; ;12;69,6035074213039
3358759;1;4;1; ; ; ; ; ; ; ; ; ; ; ; ;12;69,6035074213039
3358759;1;5;1; ; ; ; ; ; ; ; ; ; ; ; ;12;69,6035074213039
3358759;1;6;1; ; ; ; ; ; ; ; ; ; ; ; ;12;69,6035074213039
3358759;1;7;1; ; ; ; ; ; ; ; ; ; ; ; ;12;69,6035074213039
3358760;1;1;2;2;41; ;2; ; ;1;2; ; ;1; ;12;140,809583551673
3358760;1;2;2;2;41; ;2; ; ;1;2; ; ;1; ;12;140,809583551673
3358760;1;3;2;2;25; ;2; ; ;1;2; ; ;1; ;12;140,809583551673
3358761;1;1;2;2;73; ;2; ; ;1;2; ; ;1; ;12;150,257339286644
3358761;1;2;2;2;66; ;2; ; ;1;2; ; ;1; ;12;150,257339286644
3358762;1;1;2;2;17; ;2; ; ;1;2; ; ;1; ;12;60,3212352781704
3358762;1;2;2;2;41; ;2; ; ;1;2; ; ;1; ;12;60,3212352781704
3358763;1;1;2;2;41; ;2; ; ;1;2; ; ;1; ;12;71,0671711494093
3358763;1;2;2;2;41; ;2; ; ;1;2; ; ;1; ;12;71,0671711494093
3358763;1;3;2;1; ; ;2; ; ;1;2; ; ;1; ;12;71,0671711494093
3358763;1;4;1; ; ; ; ; ; ; ; ; ; ; ; ;12;71,0671711494093
3358764;1;1;1; ; ; ; ; ; ; ; ; ; ; ; ;12;57,1038509181424
3358764;1;2;1; ; ; ; ; ; ; ; ; ; ; ; ;12;57,1038509181424
3358764;1;3;1; ; ; ; ; ; ; ; ; ; ; ; ;12;57,1038509181424
3358765;1;1;1; ; ; ; ; ; ; ; ; ; ; ; ;12;104,020293700695
3358766;1;1;2;2;17; ;2; ; ;1;2; ; ;1; ;12;120,642470556341
3358766;1;2;2;2;41; ;2; ; ;1;2; ; ;1; ;12;120,642470556341
3358767;1;1;2;2;41; ;2; ; ;1;2; ; ;1; ;12;63,226601227683
3358767;1;2;2;2;76; ;2; ; ;1;2; ; ;1; ;12;63,226601227683
3358767;1;3;1; ; ; ; ; ; ; ; ; ; ; ; ;12;63,226601227683
3358768;1;1;2;2;18; ;3;41; ;1;2; ; ;1; ;12;75,6113741076056
3358768;1;2;2;2;76; ;3;41; ;1;2; ; ;1; ;12;75,6113741076056
3358769;1;1;2;1; ; ;2; ; ;1;2; ; ;1; ;12;60,4425300728533
3358769;1;2;2;2;18; ;2; ; ;1;2; ; ;1; ;12;60,4425300728533
3358769;1;3;1; ; ; ; ; ; ; ; ; ; ; ; ;12;60,4425300728533
3358770;1;1;2;2;63; ;2; ; ;1;2; ; ;1; ;12;69,4822126266209
3358770;1;2;2;2;76; ;2; ; ;1;2; ; ;1; ;12;69,4822126266209
3358770;1;3;1; ; ; ; ; ; ; ; ; ; ; ; ;12;69,4822126266209
3358770;1;4;1; ; ; ; ; ; ; ; ; ; ; ; ;12;69,4822126266209
3358770;1;5;1; ; ; ; ; ; ; ; ; ; ; ; ;12;69,4822126266209
3358770;1;6;1; ; ; ; ; ; ; ; ; ; ; ; ;12;69,4822126266209
3358771;1;1;2;2;18; ;2; ; ;1;2; ; ;1; ;12;120,70375819867
3358771;1;2;2;2;18; ;2; ; ;1;2; ; ;1; ;12;120,70375819867
3358771;1;3;2;2;18; ;2; ; ;1;2; ; ;1; ;12;120,70375819867
3358771;1;4;2;2;18; ;2; ; ;1;2; ; ;1; ;12;120,70375819867
3358771;1;5;1; ; ; ; ; ; ; ; ; ; ; ; ;12;120,70375819867
3358772;1;1;2;1; ; ;3;11; ;1;2; ; ;1; ;12;134,163556863696
3358772;1;2;2;2;76; ;3;11; ;1;2; ; ;1; ;12;134,163556863696
3358772;1;3;2;1; ; ;3;11; ;1;2; ; ;1; ;12;134,163556863696
3358772;1;4;2;2;11; ;3;11; ;1;2; ; ;1; ;12;134,163556863696
3358773;1;1;1; ; ; ; ; ; ; ; ; ; ; ; ;12;134,374814831617
3358773;1;2;2;2;17; ;2; ; ;1;2; ; ;1; ;12;134,374814831617
3358773;1;3;1; ; ; ; ; ; ; ; ; ; ; ; ;12;134,374814831617
3358773;1;4;1; ; ; ; ; ; ; ; ; ; ; ; ;12;134,374814831617
3358774;1;1;2;2;11; ;3;50; ;1;2; ; ;1; ;12;124,187406696028
3358774;1;2;2;2;41; ;3;11; ;1;2; ; ;1; ;12;124,187406696028
3358775;1;1;1; ; ; ; ; ; ; ; ; ; ; ; ;12;109,575313050887
3358775;1;2;1; ; ; ; ; ; ; ; ; ; ; ; ;12;109,575313050887
3358775;1;3;1; ; ; ; ; ; ; ; ; ; ; ; ;12;109,575313050887
3358776;1;1;2;2;13; ;2; ; ;1;2; ; ;1; ;12;495,829301031437
3358776;1;2;2;2;47; ;2; ; ;1;2; ; ;1; ;12;495,829301031437
3358777;1;1;2;2;08; ;2; ; ;1;2; ; ;1; ;12;683,716781910537
3358777;1;2;1; ; ; ; ; ; ; ; ; ; ; ; ;12;683,716781910537
3358777;1;3;2;2;08; ;3;08; ;1;3;08; ;1; ;12;683,716781910537
3358778;1;1;2;2;52; ;2; ; ;1;2; ; ;1; ;12;175,459615461579
3358778;1;2;1; ; ; ; ; ; ; ; ; ; ; ; ;12;175,459615461579
3358778;1;3;2;2;52; ;2; ; ;1;2; ; ;1; ;12;175,459615461579
3358779;1;1;2;2;52; ;2; ; ;1;3;76; ;1; ;12;173,494759496365
3358779;1;2;2;2;52; ;3;52; ;1;2; ; ;1; ;12;173,494759496365
3358779;1;3;2;2;52; ;2; ; ;1;2; ; ;1; ;12;173,494759496365
3358779;1;4;2;2;52; ;3;52; ;1;3;52; ;1; ;12;173,494759496365
3358779;1;5;2;2;52; ;3;52; ;1;2; ; ;1; ;12;173,494759496365
3358780;1;1;1; ; ; ; ; ; ; ; ; ; ; ; ;12;414,730353303455
3358780;1;2;1; ; ; ; ; ; ; ; ; ; ; ; ;12;414,730353303455
3358781;1;1;2;2;52; ;2; ; ;1;2; ; ;1; ;12;468,79443242071
3358781;1;2;2;2;52; ;2; ; ;1;2; ; ;1; ;12;468,79443242071
3358781;1;3;1; ; ; ; ; ; ; ; ; ; ; ; ;12;468,79443242071
3358783;1;1;1; ; ; ; ; ; ; ; ; ; ; ; ;12;515,861998295743
3358783;1;2;1; ; ; ; ; ; ; ; ; ; ; ; ;12;515,861998295743
3358783;1;3;1; ; ; ; ; ; ; ; ; ; ; ; ;12;515,861998295743
3358783;1;4;1; ; ; ; ; ; ; ; ; ; ; ; ;12;515,861998295743
3358783;1;5;2;1; ; ;2; ; ;1;2; ; ;1; ;12;515,861998295743
3358784;1;1;2;2;52; ;2; ; ;1;2; ; ;1; ;12;207,111755337268
3358785;1;1;2;2;52; ;2; ; ;1;2; ; ;1; ;12;106,017350387433
3358785;1;2;2;2;52; ;3;76; ;1;2; ; ;1; ;12;106,017350387433
3358785;1;3;2;2;52; ;2; ; ;1;2; ; ;1; ;12;106,017350387433
3358786;1;1;2;2;52; ;2; ; ;1;2; ; ;1; ;12;457,879910175029
3358786;1;2;2;2;52; ;2; ; ;1;2; ; ;1; ;12;457,879910175029
3358786;1;3;1; ; ; ; ; ; ; ; ; ; ; ; ;12;457,879910175029
3358786;1;4;1; ; ; ; ; ; ; ; ; ; ; ; ;12;457,879910175029
3358787;1;1;2;2;52; ;2; ; ;1;2; ; ;1; ;12;266,64932233954
3358787;1;2;1; ; ; ; ; ; ; ; ; ; ; ; ;12;266,64932233954
3358787;1;3;1; ; ; ; ; ; ; ; ; ; ; ; ;12;266,64932233954
3358790;1;1;1; ; ; ; ; ; ; ; ; ; ; ; ;12;218,590552311926
3358790;1;2;1; ; ; ; ; ; ; ; ; ; ; ; ;12;218,590552311926
3358790;1;3;1; ; ; ; ; ; ; ; ; ; ; ; ;12;218,590552311926
3358791;1;1;2;2;52; ;2; ; ;1;2; ; ;1; ;12;205,714972136615
3358791;1;2;1; ; ; ; ; ; ; ; ; ; ; ; ;12;205,714972136615
3358791;1;3;1; ; ; ; ; ; ; ; ; ; ; ; ;12;205,714972136615
3358792;1;1;1; ; ; ; ; ; ; ; ; ; ; ; ;12;153,857135653058
3358792;1;2;1; ; ; ; ; ; ; ; ; ; ; ; ;12;153,857135653058
3358792;1;3;1; ; ; ; ; ; ; ; ; ; ; ; ;12;153,857135653058
3358792;1;4;1; ; ; ; ; ; ; ; ; ; ; ; ;12;153,857135653058
3358792;1;5;1; ; ; ; ; ; ; ; ; ; ; ; ;12;153,857135653058
3358793;1;1;1; ; ; ; ; ; ; ; ; ; ; ; ;12;183,871863644688
3358793;1;2;1; ; ; ; ; ; ; ; ; ; ; ; ;12;183,871863644688
3358794;1;1;2;2;05; ;2; ; ;1;2; ; ;1; ;12;162,22891390569
3358794;1;2;1; ; ; ; ; ; ; ; ; ; ; ; ;12;162,22891390569
3358795;1;1;2;2;52; ;2; ; ;1;2; ; ;1; ;12;244,098248492854
3358795;1;2;2;2;52; ;2; ; ;1;2; ; ;1; ;12;244,098248492854
3358795;1;3;1; ; ; ; ; ; ; ; ; ; ; ; ;12;244,098248492854
3358796;1;1;2;2;52; ;2; ; ;1;2; ; ;1; ;12;213,796570423857
3358796;1;2;2;2;52; ;2; ; ;1;2; ; ;1; ;12;213,796570423857
3358796;1;3;1; ; ; ; ; ; ; ; ; ; ; ; ;12;213,796570423857
3358797;1;1;2;2;52; ;2; ; ;1;2; ; ;1; ;12;257,282628654782
3358797;1;2;2;2;52; ;2; ; ;1;2; ; ;1; ;12;257,282628654782
3358797;1;3;1; ; ; ; ; ; ; ; ; ; ; ; ;12;257,282628654782
3358797;1;4;2;2;52; ;2; ; ;1;2; ; ;1; ;12;257,282628654782
3358798;1;1;2;2;52; ;2; ; ;1;2; ; ;1; ;12;222,440390012174
3358798;1;2;1; ; ; ; ; ; ; ; ; ; ; ; ;12;222,440390012174
3358798;1;3;1; ; ; ; ; ; ; ; ; ; ; ; ;12;222,440390012174
3358798;1;4;1; ; ; ; ; ; ; ; ; ; ; ; ;12;222,440390012174
3358798;1;5;2;2;52; ;3;52; ;1;2; ; ;1; ;12;222,440390012174
3358799;1;1;1; ; ; ; ; ; ; ; ; ; ; ; ;12;183,803692341477
3358799;1;2;1; ; ; ; ; ; ; ; ; ; ; ; ;12;183,803692341477
3358799;1;3;1; ; ; ; ; ; ; ; ; ; ; ; ;12;183,803692341477
3358799;1;4;1; ; ; ; ; ; ; ; ; ; ; ; ;12;183,803692341477
3358800;1;1;2;1; ; ;2; ; ;1;2; ; ;1; ;12;191,660212819417
3358800;1;2;2;1; ; ;2; ; ;1;2; ; ;1; ;12;191,660212819417
3358801;1;1;2;2;52; ;3;86; ;2;2; ; ;1; ;12;239,191198098424
3358801;1;2;2;2;52; ;3;86; ;2;2; ; ;1; ;12;239,191198098424
3358801;1;3;2;2;86; ;2; ; ;1;2; ; ;1; ;12;239,191198098424
3358802;1;1;2;2;86; ;3;73; ;1;3;73; ;1; ;12;192,22179198807
3358803;1;1;2;2;52; ;2; ; ;1;2; ; ;1; ;12;114,661169975751
3358803;1;2;2;2;52; ;2; ; ;1;2; ; ;1; ;12;114,661169975751
3358803;1;3;2;2;52; ;2; ; ;1;2; ; ;1; ;12;114,661169975751
3358803;1;4;1; ; ; ; ; ; ; ; ; ; ; ; ;12;114,661169975751
3358803;1;5;1; ; ; ; ; ; ; ; ; ; ; ; ;12;114,661169975751
3358804;1;1;2;2;52; ;2; ; ;1;2; ; ;1; ;12;185,160647744077
3358804;1;2;2;2;52; ;2; ; ;1;2; ; ;1; ;12;185,160647744077
3358804;1;3;1; ; ; ; ; ; ; ; ; ; ; ; ;12;185,160647744077
3358805;1;1;2;2;52; ;2; ; ;1;2; ; ;1; ;12;215,755574925586
3358805;1;2;2;1; ; ;2; ; ;1;2; ; ;1; ;12;215,755574925586
3358805;1;3;2;1; ; ;1; ; ; ;2; ; ;1; ;12;215,755574925586
3358806;1;1;1; ; ; ; ; ; ; ; ; ; ; ; ;12;294,083871799119
3358806;1;2;1; ; ; ; ; ; ; ; ; ; ; ; ;12;294,083871799119
3358806;1;3;1; ; ; ; ; ; ; ; ; ; ; ; ;12;294,083871799119
3358807;1;1;2;2;17; ;2; ; ;1;2; ; ;1; ;12;474,49487941826
3358807;1;2;2;2;17; ;2; ; ;1;2; ; ;1; ;12;474,49487941826
3358807;1;3;2;2;17; ;2; ; ;1;2; ; ;1; ;12;474,49487941826
3358807;1;4;2;2;17; ;2; ; ;1;2; ; ;1; ;12;474,49487941826
3358808;1;1;1; ; ; ; ; ; ; ; ; ; ; ; ;12;509,800898739808
3358808;1;2;1; ; ; ; ; ; ; ; ; ; ; ; ;12;509,800898739808
3358808;1;3;1; ; ; ; ; ; ; ; ; ; ; ; ;12;509,800898739808
3358808;1;4;2;2;17; ;2; ; ;1;2; ; ;1; ;12;509,800898739808
3358809;1;1;2;2;66; ;2; ; ;1;2; ; ;1; ;12;626,174691283669
3358809;1;2;2;2;17; ;2; ; ;1;2; ; ;1; ;12;626,174691283669
3358809;1;3;1; ; ; ; ; ; ; ; ; ; ; ; ;12;626,174691283669
3358809;1;4;1; ; ; ; ; ; ; ; ; ; ; ; ;12;626,174691283669
3358810;1;1;1; ; ; ; ; ; ; ; ; ; ; ; ;12;147,248175155456
3358810;1;2;1; ; ; ; ; ; ; ; ; ; ; ; ;12;147,248175155456
3358810;1;3;1; ; ; ; ; ; ; ; ; ; ; ; ;12;147,248175155456
3358810;1;4;1; ; ; ; ; ; ; ; ; ; ; ; ;12;147,248175155456
3358811;1;1;1; ; ; ; ; ; ; ; ; ; ; ; ;12;263,959895683744
3358812;1;1;1; ; ; ; ; ; ; ; ; ; ; ; ;12;492,1720601758
3358812;1;2;1; ; ; ; ; ; ; ; ; ; ; ; ;12;492,1720601758
3358813;1;1;2;2;76; ;3;63; ;1;2; ; ;1; ;12;225,053580858168
3358813;1;2;2;2;41; ;3;63; ;1;2; ; ;1; ;12;225,053580858168
3358814;1;1;1; ; ; ; ; ; ; ; ; ; ; ; ;12;272,722789759166
3358815;1;1;2;2;17; ;2; ; ;1;2; ; ;1; ;12;220,69428444953
3358815;1;2;2;2;17; ;2; ; ;1;2; ; ;1; ;12;220,69428444953
3358815;1;3;1; ; ; ; ; ; ; ; ; ; ; ; ;12;220,69428444953
3358816;1;1;1; ; ; ; ; ; ; ; ; ; ; ; ;12;250,369630193191
3358816;1;2;1; ; ; ; ; ; ; ; ; ; ; ; ;12;250,369630193191
3358816;1;3;1; ; ; ; ; ; ; ; ; ; ; ; ;12;250,369630193191
3358817;1;1;2;2;05; ;2; ; ;1;2; ; ;1; ;12;215,244326142777
3358817;1;2;2;2;05; ;2; ; ;1;2; ; ;1; ;12;215,244326142777
3358817;1;3;1; ; ; ; ; ; ; ; ; ; ; ; ;12;215,244326142777
3358818;1;1;2;2;73; ;2; ; ;1;2; ; ;1; ;12;545,445579518331
3358819;1;1;2;2;73; ;2; ; ;1;2; ; ;1; ;12;305,519295030284
3358819;1;2;1; ; ; ; ; ; ; ; ; ; ; ; ;12;305,519295030284
3358819;1;3;1; ; ; ; ; ; ; ; ; ; ; ; ;12;305,519295030284
3358819;1;4;1; ; ; ; ; ; ; ; ; ; ; ; ;12;305,519295030284
3358819;2;1;2;2;76; ;2; ; ;1;2; ; ;1; ;12;305,519295030284
3358820;1;1;2;2;17; ;2; ; ;1;2; ; ;1; ;12;525,621416231149
3358820;1;2;1; ; ; ; ; ; ; ; ; ; ; ; ;12;525,621416231149
3358820;1;3;1; ; ; ; ; ; ; ; ; ; ; ; ;12;525,621416231149
3358820;1;4;1; ; ; ; ; ; ; ; ; ; ; ; ;12;525,621416231149
3358820;1;5;2;2;76; ;2; ; ;1;2; ; ;1; ;12;525,621416231149
3358821;1;1;2;2;68; ;2; ; ;1;2; ; ;1; ;12;527,919791367487
3358822;1;1;2;2;05; ;3;66; ;1;2; ; ;1; ;12;577,692284418383
3358822;1;2;2;2;66; ;3;66; ;1;2; ; ;1; ;12;577,692284418383
3358822;1;3;2;2;66; ;3;66; ;1;2; ; ;1; ;12;577,692284418383
3358822;1;4;2;2;66; ;3;66; ;1;2; ; ;1; ;12;577,692284418383
3358823;1;1;1; ; ; ; ; ; ; ; ; ; ; ; ;12;259,600599275105
3358823;1;2;2;2;76; ;2; ; ;1;2; ; ;1; ;12;259,600599275105
3358824;1;1;2;2;17; ;2; ; ;1;2; ; ;1; ;12;220,69428444953
3358824;1;2;2;2;17; ;2; ; ;1;2; ; ;1; ;12;220,69428444953
3358824;1;3;1; ; ; ; ; ; ; ; ; ; ; ; ;12;220,69428444953
3358825;1;1;2;2;05; ;2; ; ;1;2; ; ;1; ;12;284,562542103901
3358825;1;2;2;2;76; ;2; ; ;1;2; ; ;1; ;12;284,562542103901
3358825;1;3;1; ; ; ; ; ; ; ; ; ; ; ; ;12;284,562542103901
3358826;1;1;1; ; ; ; ; ; ; ; ; ; ; ; ;12;192,950446428653
3358826;1;2;1; ; ; ; ; ; ; ; ; ; ; ; ;12;192,950446428653
3358826;1;3;1; ; ; ; ; ; ; ; ; ; ; ; ;12;192,950446428653
3358826;1;4;2;1; ; ;2; ; ;1;2; ; ;1; ;12;192,950446428653
3358826;1;5;1; ; ; ; ; ; ; ; ; ; ; ; ;12;192,950446428653
3358827;1;1;1; ; ; ; ; ; ; ; ; ; ; ; ;12;525,827070087549
3358827;1;2;1; ; ; ; ; ; ; ; ; ; ; ; ;12;525,827070087549
3358828;1;1;2;2;17; ;2; ; ;1;2; ; ;1; ;12;525,827070087549
3358828;1;2;1; ; ; ; ; ; ; ; ; ; ; ; ;12;525,827070087549
3358829;1;1;1; ; ; ; ; ; ; ; ; ; ; ; ;12;181,795193572392
3358829;1;2;1; ; ; ; ; ; ; ; ; ; ; ; ;12;181,795193572392
3358829;1;3;1; ; ; ; ; ; ; ; ; ; ; ; ;12;181,795193572392
3358829;1;4;1; ; ; ; ; ; ; ; ; ; ; ; ;12;181,795193572392
3358830;1;1;1; ; ; ; ; ; ; ; ; ; ; ; ;12;300,543440791251
3358830;1;2;1; ; ; ; ; ; ; ; ; ; ; ; ;12;300,543440791251
3358830;1;3;1; ; ; ; ; ; ; ; ; ; ; ; ;12;300,543440791251
3358830;1;4;1; ; ; ; ; ; ; ; ; ; ; ; ;12;300,543440791251
3358830;1;5;1; ; ; ; ; ; ; ; ; ; ; ; ;12;300,543440791251
3358831;1;1;2;2;66; ;2; ; ;1;3;66; ;1; ;12;534,085566028567
3358831;1;2;2;1; ; ;3;66; ;1;3;66; ;1; ;12;534,085566028567
3358831;1;3;2;2;66; ;2; ; ;1;3;66; ;1; ;12;534,085566028567
3358831;1;4;1; ; ; ; ; ; ; ; ; ; ; ; ;12;534,085566028567
3358832;1;1;1; ; ; ; ; ; ; ; ; ; ; ; ;12;571,793010899616
3358832;1;2;2;2;66; ;4; ;2; ;3;66; ;1; ;12;571,793010899616
3358833;1;1;1; ; ; ; ; ; ; ; ; ; ; ; ;12;189,526705601551
3358833;1;2;1; ; ; ; ; ; ; ; ; ; ; ; ;12;189,526705601551
3358833;1;3;1; ; ; ; ; ; ; ; ; ; ; ; ;12;189,526705601551
3358834;1;1;2;2;76; ;2; ; ;1;2; ; ;1; ;12;276,273752096198
3358834;1;2;2;2;66; ;2; ; ;1;2; ; ;1; ;12;276,273752096198
3358834;1;3;1; ; ; ; ; ; ; ; ; ; ; ; ;12;276,273752096198
3358835;1;1;2;2;76; ;3;66; ;1;2; ; ;1; ;12;270,696572279515
3358835;1;2;2;2;66; ;3;66; ;1;2; ; ;1; ;12;270,696572279515
3358835;1;3;2;3; ;4;3;66; ;1;2; ; ;1; ;12;270,696572279515
3358836;1;1;2;2;13; ;2; ; ;1;2; ; ;1; ;12;314,711991915281
3358836;1;2;1; ; ; ; ; ; ; ; ; ; ; ; ;12;314,711991915281
3358836;1;3;2;2;13; ;3;13; ;1;2; ; ;1; ;12;314,711991915281
3358837;1;1;2;2;66; ;2; ; ;1;2; ; ;1; ;12;314,563762750418
3358837;1;2;2;2;66; ;2; ; ;1;2; ; ;1; ;12;314,563762750418
3358837;1;3;1; ; ; ; ; ; ; ; ; ; ; ; ;12;314,563762750418
3358837;1;4;2;2;66; ;2; ; ;1;2; ; ;1; ;12;314,563762750418
3358838;1;1;2;2;66; ;2; ; ;1;2; ; ;1; ;12;216,290686782747
3358838;1;2;2;2;17; ;2; ; ;1;2; ; ;1; ;12;216,290686782747
3358839;1;1;2;2;17; ;2; ; ;1;2; ; ;1; ;12;263,959895683744
3358840;1;1;2;2;66; ;2; ; ;1;2; ; ;1; ;12;331,539496871155
3358840;1;2;2;2;17; ;2; ; ;1;2; ; ;1; ;12;331,539496871155
3358840;1;3;2;2;66; ;1; ; ; ;2; ; ;1; ;12;331,539496871155
3358841;1;1;1; ; ; ; ; ; ; ; ; ; ; ; ;12;246,0860300879
3358841;1;2;1; ; ; ; ; ; ; ; ; ; ; ; ;12;246,0860300879
3358842;1;1;1; ; ; ; ; ; ; ; ; ; ; ; ;12;279,586687864867
3358842;1;2;1; ; ; ; ; ; ; ; ; ; ; ; ;12;279,586687864867
3358842;1;3;1; ; ; ; ; ; ; ; ; ; ; ; ;12;279,586687864867
3358843;1;1;1; ; ; ; ; ; ; ; ; ; ; ; ;12;229,412877266807
3358844;1;1;2;2;17; ;2; ; ;1;2; ; ;1; ;12;263,959895683744
3358845;1;1;2;2;05; ;2; ; ;1;2; ; ;1; ;12;259,259745778543
3358845;1;2;2;2;63; ;2; ; ;1;2; ; ;1; ;12;259,259745778543
3358845;1;3;2;2;05; ;2; ; ;1;2; ; ;1; ;12;259,259745778543
3358846;1;1;1; ; ; ; ; ; ; ; ; ; ; ; ;12;305,860148526847
3358846;1;2;1; ; ; ; ; ; ; ; ; ; ; ; ;12;305,860148526847
3358846;1;3;1; ; ; ; ; ; ; ; ; ; ; ; ;12;305,860148526847
3358846;1;4;1; ; ; ; ; ; ; ; ; ; ; ; ;12;305,860148526847
3358847;1;1;2;2;17; ;2; ; ;1;2; ; ;1; ;12;293,755238988897
3358848;1;1;1; ; ; ; ; ; ; ; ; ; ; ; ;12;297,736257794543
3358848;1;2;2;2;17; ;2; ; ;1;2; ; ;1; ;12;297,736257794543
3358848;1;3;2;2;66; ;2; ; ;1;2; ; ;1; ;12;297,736257794543
3358848;1;4;1; ; ; ; ; ; ; ; ; ; ; ; ;12;297,736257794543
3358849;1;1;2;2;73; ;2; ; ;1;2; ; ;1; ;12;259,600599275105
3358849;1;2;2;2;17; ;2; ; ;1;2; ; ;1; ;12;259,600599275105
3358850;1;1;1; ; ; ; ; ; ; ; ; ; ; ; ;12;250,369630193191
3358850;1;2;1; ; ; ; ; ; ; ; ; ; ; ; ;12;250,369630193191
3358850;1;3;1; ; ; ; ; ; ; ; ; ; ; ; ;12;250,369630193191
3358851;1;1;2;1; ; ;2; ; ;1;2; ; ;1; ;12;229,13318529336
3358851;2;1;2;2;50; ;2; ; ;1;2; ; ;1; ;12;229,13318529336
3358851;2;2;1; ; ; ; ; ; ; ; ; ; ; ; ;12;229,13318529336
3358852;1;1;2;2;25; ;2; ; ;1;2; ; ;1; ;12;168,986177513315
3358852;1;2;1; ; ; ; ; ; ; ; ; ; ; ; ;12;168,986177513315
3358852;1;3;1; ; ; ; ; ; ; ; ; ; ; ; ;12;168,986177513315
3358852;1;4;1; ; ; ; ; ; ; ; ; ; ; ; ;12;168,986177513315
3358853;1;1;1; ; ; ; ; ; ; ; ; ; ; ; ;12;230,990961427076
3358853;1;2;2;2;15; ;2; ; ;1;2; ; ;1; ;12;230,990961427076
3358853;1;3;2;2;11; ;2; ; ;1;2; ; ;1; ;12;230,990961427076
3358853;1;4;2;2;11; ;2; ; ;1;2; ; ;1; ;12;230,990961427076
3358853;1;5;2;2;50; ;2; ; ;1;2; ; ;1; ;12;230,990961427076
3358853;1;6;1; ; ; ; ; ; ; ; ; ; ; ; ;12;230,990961427076
3358854;1;1;2;2;73; ;2; ; ;1;2; ; ;1; ;12;230,929719527249
3358854;1;2;2;2;11; ;2; ; ;1;2; ; ;1; ;12;230,929719527249
3358854;1;3;1; ; ; ; ; ; ; ; ; ; ; ; ;12;230,929719527249
3358854;1;4;1; ; ; ; ; ; ; ; ; ; ; ; ;12;230,929719527249
3358855;1;1;1; ; ; ; ; ; ; ; ; ; ; ; ;12;155,411150251819
3358855;1;2;1; ; ; ; ; ; ; ; ; ; ; ; ;12;155,411150251819
3358855;1;3;1; ; ; ; ; ; ; ; ; ; ; ; ;12;155,411150251819
3358855;1;4;1; ; ; ; ; ; ; ; ; ; ; ; ;12;155,411150251819
3358856;1;1;1; ; ; ; ; ; ; ; ; ; ; ; ;12;224,797083697809
3358856;1;2;1; ; ; ; ; ; ; ; ; ; ; ; ;12;224,797083697809
3358856;1;3;1; ; ; ; ; ; ; ; ; ; ; ; ;12;224,797083697809
3358857;1;1;2;2;76; ;2; ; ;1;2; ; ;1; ;12;247,158803948851
3358857;1;2;1; ; ; ; ; ; ; ; ; ; ; ; ;12;247,158803948851
3358858;1;1;2;2;08; ;2; ; ;1;2; ; ;1; ;12;191,77264098235
3358858;1;2;2;2;11; ;2; ; ;1;2; ; ;1; ;12;191,77264098235
3358858;1;3;2;2;11; ;2; ; ;1;2; ; ;1; ;12;191,77264098235
3358859;1;1;2;2;11; ;2; ; ;1;2; ; ;1; ;12;168,027670748446
3358859;1;2;2;2;25; ;2; ; ;1;2; ; ;1; ;12;168,027670748446
3358859;1;3;1; ; ; ; ; ; ; ; ; ; ; ; ;12;168,027670748446
3358859;1;4;1; ; ; ; ; ; ; ; ; ; ; ; ;12;168,027670748446
3358860;1;1;2;2;11; ;3;11; ;1;2; ; ;1; ;12;253,796920353307
3358861;1;1;2;2;11; ;3;11; ;1;2; ; ;1; ;12;286,390378846769
3358861;1;2;2;2;11; ;3;11; ;1;2; ; ;1; ;12;286,390378846769
3358861;1;3;2;2;11; ;3;11; ;1;2; ; ;1; ;12;286,390378846769
3358861;1;4;1; ; ; ; ; ; ; ; ; ; ; ; ;12;286,390378846769
3358862;1;1;2;2;95; ;3;95; ;1;2; ; ;1; ;12;229,13318529336
3358862;1;2;2;2;41; ;3;95; ;1;2; ; ;1; ;12;229,13318529336
3358862;1;3;1; ; ; ; ; ; ; ; ; ; ; ; ;12;229,13318529336
3358863;1;1;2;2;68; ;2; ; ;1;2; ; ;1; ;12;227,397892959297
3358863;1;2;2;2;68; ;2; ; ;1;2; ; ;1; ;12;227,397892959297
3358863;1;3;2;2;68; ;2; ; ;1;2; ; ;1; ;12;227,397892959297
3358863;1;4;2;2;68; ;2; ; ;1;2; ; ;1; ;12;227,397892959297
3358864;1;1;1; ; ; ; ; ; ; ; ; ; ; ; ;12;235,771301697816
3358864;1;2;1; ; ; ; ; ; ; ; ; ; ; ; ;12;235,771301697816
3358865;1;1;1; ; ; ; ; ; ; ; ; ; ; ; ;12;196,600968699724
3358865;1;2;1; ; ; ; ; ; ; ; ; ; ; ; ;12;196,600968699724
3358867;1;1;2;2;68; ;2; ; ;1;2; ; ;1; ;12;230,632720560893
3358867;1;2;2;2;20; ;2; ; ;1;2; ; ;1; ;12;230,632720560893
3358868;1;1;1; ; ; ; ; ; ; ; ; ; ; ; ;12;189,962852295268
3358868;1;2;2;2;11; ;2; ; ;1;2; ; ;1; ;12;189,962852295268
3358868;1;3;2;2;11; ;2; ; ;1;2; ; ;1; ;12;189,962852295268
3358869;1;1;2;2;95; ;3;95; ;1;2; ; ;1; ;12;196,600968699724
3358869;2;1;1; ; ; ; ; ; ; ; ; ; ; ; ;12;196,600968699724
3358870;1;1;2;2;50; ;2; ; ;1;2; ; ;1; ;12;247,158803948851
3358870;1;2;2;2;50; ;2; ; ;1;2; ; ;1; ;12;247,158803948851
3358872;1;1;1; ; ; ; ; ; ; ; ; ; ; ; ;12;220,382040231462
3358872;1;2;1; ; ; ; ; ; ; ; ; ; ; ; ;12;220,382040231462
3358872;1;3;1; ; ; ; ; ; ; ; ; ; ; ; ;12;220,382040231462
3358872;1;4;1; ; ; ; ; ; ; ; ; ; ; ; ;12;220,382040231462
3358872;2;1;2;2;85; ;2; ; ;1;2; ; ;1; ;12;220,382040231462
3358873;1;1;1; ; ; ; ; ; ; ; ; ; ; ; ;12;169,788657054687
3358873;1;2;2;1; ; ;2; ; ;1;2; ; ;1; ;12;169,788657054687
3358873;1;3;1; ; ; ; ; ; ; ; ; ; ; ; ;12;169,788657054687
3358873;1;4;1; ; ; ; ; ; ; ; ; ; ; ; ;12;169,788657054687
3358874;1;1;2;2;76; ;2; ; ;1;2; ; ;1; ;12;150,569568081253
3358874;1;2;1; ; ; ; ; ; ; ; ; ; ; ; ;12;150,569568081253
3358874;1;3;1; ; ; ; ; ; ; ; ; ; ; ; ;12;150,569568081253
3358874;1;4;1; ; ; ; ; ; ; ; ; ; ; ; ;12;150,569568081253
3358874;1;5;1; ; ; ; ; ; ; ; ; ; ; ; ;12;150,569568081253
3358874;1;6;1; ; ; ; ; ; ; ; ; ; ; ; ;12;150,569568081253
3358875;1;1;2;2;76; ;2; ; ;1;2; ; ;1; ;12;221,468291247968
3358875;1;2;2;2;76; ;2; ; ;1;2; ; ;1; ;12;221,468291247968
3358875;1;3;2;2;50; ;2; ; ;1;2; ; ;1; ;12;221,468291247968
3358876;1;1;2;2;15; ;2; ; ;1;2; ; ;1; ;12;247,158803948851
3358876;1;2;2;2;73; ;2; ; ;1;2; ; ;1; ;12;247,158803948851
3358877;1;1;1; ; ; ; ; ; ; ; ; ; ; ; ;12;285,999388070198
3358877;1;2;1; ; ; ; ; ; ; ; ; ; ; ; ;12;285,999388070198
3358877;1;3;1; ; ; ; ; ; ; ; ; ; ; ; ;12;285,999388070198
3358877;1;4;1; ; ; ; ; ; ; ; ; ; ; ; ;12;285,999388070198
3358877;1;5;1; ; ; ; ; ; ; ; ; ; ; ; ;12;285,999388070198
3358878;1;1;1; ; ; ; ; ; ; ; ; ; ; ; ;12;230,632720560893
3358878;1;2;1; ; ; ; ; ; ; ; ; ; ; ; ;12;230,632720560893
3358879;1;1;2;2;11; ;2; ; ;1;2; ; ;1; ;12;187,814275710178
3358879;1;2;2;2;11; ;3;11; ;1;2; ; ;1; ;12;187,814275710178
3358879;1;3;2;2;11; ;2; ; ;1;2; ; ;1; ;12;187,814275710178
3358880;1;1;2;2;11; ;2; ; ;1;2; ; ;1; ;12;184,410986907318
3358880;1;2;1; ; ; ; ; ; ; ; ; ; ; ; ;12;184,410986907318
3358881;1;1;2;2;50; ;2; ; ;1;2; ; ;1; ;12;189,962852295268
3358881;1;2;2;2;50; ;2; ; ;1;2; ; ;1; ;12;189,962852295268
3358881;1;3;1; ; ; ; ; ; ; ; ; ; ; ; ;12;189,962852295268
3358882;1;1;2;2;50; ;2; ; ;1;2; ; ;1; ;12;206,030227400773
3358882;1;2;2;2;50; ;2; ; ;1;2; ; ;1; ;12;206,030227400773
3358882;1;3;1; ; ; ; ; ; ; ; ; ; ; ; ;12;206,030227400773
3358882;1;4;1; ; ; ; ; ; ; ; ; ; ; ; ;12;206,030227400773
3358882;1;5;1; ; ; ; ; ; ; ; ; ; ; ; ;12;206,030227400773
3358882;2;1;2;3; ;11;4; ;11; ;2; ; ;1; ;12;206,030227400773
3358883;1;1;2;2;11; ;2; ; ;1;2; ; ;1; ;12;230,632720560893
3358883;1;2;2;2;25; ;2; ; ;1;2; ; ;1; ;12;230,632720560893
3358884;1;1;1; ; ; ; ; ; ; ; ; ; ; ; ;12;183,337990344005
3358884;1;2;1; ; ; ; ; ; ; ; ; ; ; ; ;12;183,337990344005
3358884;1;3;2;2;73; ;2; ; ;1;2; ; ;1; ;12;183,337990344005
3358885;1;1;2;2;63; ;2; ; ;1;2; ; ;1; ;12;182,614452673428
3358886;1;1;2;2;68; ;2; ; ;1;2; ; ;1; ;12;247,158803948851
3358886;1;2;2;2;50; ;2; ; ;1;2; ; ;1; ;12;247,158803948851
3358887;1;1;2;2;50; ;3;50; ;1;2; ; ;1; ;12;156,160381894574
3358887;1;2;2;2;25; ;2; ; ;1;2; ; ;1; ;12;156,160381894574
3358887;1;3;2;2;50; ;3;50; ;1;2; ; ;1; ;12;156,160381894574
3358887;1;4;2;2;50; ;3;50; ;1;2; ; ;1; ;12;156,160381894574
3358887;1;5;2;2;50; ;2; ; ;1;2; ; ;1; ;12;156,160381894574
3358887;1;6;1; ; ; ; ; ; ; ; ; ; ; ; ;12;156,160381894574
3358887;1;7;1; ; ; ; ; ; ; ; ; ; ; ; ;12;156,160381894574
3358888;1;1;2;2;17; ;3;11; ;1;2; ; ;1; ;12;269,47330468224
3358888;1;2;2;2;17; ;3;50; ;2;2; ; ;1; ;12;269,47330468224
3358888;1;3;2;2;50; ;3;11; ;1;2; ; ;1; ;12;269,47330468224
3358888;1;4;2;2;50; ;3;11; ;1;2; ; ;1; ;12;269,47330468224
3358888;1;5;2;2;68; ;3;11; ;1;2; ; ;1; ;12;269,47330468224
3358889;1;1;2;2;73; ;3;73; ;1;3;73; ;1; ;12;171,937233639777
3358889;1;2;2;2;73; ;3;73; ;1;3;73; ;1; ;12;171,937233639777
3358889;1;3;2;2;73; ;3;73; ;1;3;73; ;1; ;12;171,937233639777
3358889;1;4;2;2;73; ;1; ; ; ;3;73; ;1; ;12;171,937233639777
3358890;1;1;2;2;73; ;2; ; ;1;2; ; ;1; ;12;172,328224416349
3358890;1;2;1; ; ; ; ; ; ; ; ; ; ; ; ;12;172,328224416349
3358890;1;3;1; ; ; ; ; ; ; ; ; ; ; ; ;12;172,328224416349
3358891;1;1;2;2;50; ;2; ; ;1;2; ; ;1; ;12;159,16648140588
3358891;1;2;1; ; ; ; ; ; ; ; ; ; ; ; ;12;159,16648140588
3358891;1;3;1; ; ; ; ; ; ; ; ; ; ; ; ;12;159,16648140588
3358891;1;4;1; ; ; ; ; ; ; ; ; ; ; ; ;12;159,16648140588
3358892;1;1;2;2;50; ;2; ; ;1;2; ; ;1; ;12;237,981120182733
3358892;1;2;2;2;50; ;2; ; ;1;2; ; ;1; ;12;237,981120182733
3358892;1;3;1; ; ; ; ; ; ; ; ; ; ; ; ;12;237,981120182733
3358892;1;4;1; ; ; ; ; ; ; ; ; ; ; ; ;12;237,981120182733
3358893;1;1;2;2;63; ;2; ; ;1;2; ; ;1; ;12;184,410986907318
3358893;1;2;1; ; ; ; ; ; ; ; ; ; ; ; ;12;184,410986907318
3358894;1;1;1; ; ; ; ; ; ; ; ; ; ; ; ;12;253,796920353307
3358895;1;1;2;2;11; ;2; ; ;1;2; ; ;1; ;12;253,796920353307
3358896;1;1;2;2;11; ;2; ; ;1;2; ; ;1; ;12;253,796920353307
3358901;1;1;2;2;76; ;2; ; ;1;2; ; ;1; ;12;149,18631809839
3358901;1;2;2;2;68; ;2; ; ;1;2; ; ;1; ;12;149,18631809839
3358901;1;3;1; ; ; ; ; ; ; ; ; ; ; ; ;12;149,18631809839
3358901;1;4;2;2;76; ;3;76; ;1;3;76; ;1; ;12;149,18631809839
3358901;1;5;2;2;76; ;3;76; ;1;3;76; ;1; ;12;149,18631809839
3358901;1;6;2;2;76; ;3;76; ;1;3;76; ;1; ;12;149,18631809839
3358902;1;1;1; ; ; ; ; ; ; ; ; ; ; ; ;12;173,450023360504
3358902;1;2;1; ; ; ; ; ; ; ; ; ; ; ; ;12;173,450023360504
3358903;1;1;1; ; ; ; ; ; ; ; ; ; ; ; ;12;229,585417969758
3358903;1;2;1; ; ; ; ; ; ; ; ; ; ; ; ;12;229,585417969758
3358903;1;3;1; ; ; ; ; ; ; ; ; ; ; ; ;12;229,585417969758
3358903;1;4;1; ; ; ; ; ; ; ; ; ; ; ; ;12;229,585417969758
3358904;1;1;2;2;17; ;2; ; ;1;2; ; ;1; ;12;179,379625071832
3358904;1;2;2;2;11; ;2; ; ;1;2; ; ;1; ;12;179,379625071832
3358904;1;3;1; ; ; ; ; ; ; ; ; ; ; ; ;12;179,379625071832
3358905;1;1;1; ; ; ; ; ; ; ; ; ; ; ; ;12;196,614223152917
3358906;1;1;2;2;25; ;3;11; ;1;2; ; ;1; ;12;224,797083697809
3358906;1;2;2;1; ; ;3;11; ;1;2; ; ;1; ;12;224,797083697809
3358906;1;3;2;2;11; ;1; ; ; ;2; ; ;1; ;12;224,797083697809
3358907;1;1;2;2;25; ;2; ; ;1;2; ; ;1; ;12;173,382278892651
3358907;1;2;2;2;95; ;2; ; ;1;2; ; ;1; ;12;173,382278892651
3358907;1;3;1; ; ; ; ; ; ; ; ; ; ; ; ;12;173,382278892651
3358907;1;4;1; ; ; ; ; ; ; ; ; ; ; ; ;12;173,382278892651
3358907;1;5;1; ; ; ; ; ; ; ; ; ; ; ; ;12;173,382278892651
3358907;1;6;1; ; ; ; ; ; ; ; ; ; ; ; ;12;173,382278892651
3358907;1;7;1; ; ; ; ; ; ; ; ; ; ; ; ;12;173,382278892651
3358907;1;8;1; ; ; ; ; ; ; ; ; ; ; ; ;12;173,382278892651
3358907;1;9;1; ; ; ; ; ; ; ; ; ; ; ; ;12;173,382278892651
3358908;1;1;2;2;73; ;2; ; ;1;2; ; ;1; ;12;163,577079354451
3358908;1;2;2;2;81; ;2; ; ;1;2; ; ;1; ;12;163,577079354451
3358908;1;3;1; ; ; ; ; ; ; ; ; ; ; ; ;12;163,577079354451
3358908;1;4;1; ; ; ; ; ; ; ; ; ; ; ; ;12;163,577079354451
3358908;1;5;1; ; ; ; ; ; ; ; ; ; ; ; ;12;163,577079354451
3358909;1;1;1; ; ; ; ; ; ; ; ; ; ; ; ;12;171,937233639777
3358909;1;2;1; ; ; ; ; ; ; ; ; ; ; ; ;12;171,937233639777
3358909;1;3;1; ; ; ; ; ; ; ; ; ; ; ; ;12;171,937233639777
3358909;1;4;1; ; ; ; ; ; ; ; ; ; ; ; ;12;171,937233639777
3358910;1;1;2;2;50; ;3;50; ;2;3;50; ;1; ;12;163,089298750404
3358910;1;2;2;1; ; ;3;50; ;2;3;50; ;2;2;12;163,089298750404
3358910;1;3;1; ; ; ; ; ; ; ; ; ; ; ; ;12;163,089298750404
3358911;1;1;2;2;50; ;2; ; ;1;2; ; ;1; ;12;175,976336268972
3358911;1;2;2;2;73; ;2; ; ;1;2; ; ;1; ;12;175,976336268972
3358912;1;1;2;2;25; ;2; ; ;1;2; ; ;1; ;12;227,020156635918
3358912;1;2;2;2;50; ;2; ; ;1;2; ; ;1; ;12;227,020156635918
3358912;2;1;2;2;50; ;2; ; ;2;2; ; ;1; ;12;227,020156635918
3358912;2;2;1; ; ; ; ; ; ; ; ; ; ; ; ;12;227,020156635918
3358915;1;1;2;2;25; ;2; ; ;1;2; ; ;1; ;12;230,632720560893
3358915;1;2;1; ; ; ; ; ; ; ; ; ; ; ; ;12;230,632720560893
3358916;1;1;2;2;50; ;2; ; ;1;2; ; ;1; ;12;236,184585948843
3358916;1;2;2;2;50; ;2; ; ;1;2; ; ;1; ;12;236,184585948843
3358916;1;3;1; ; ; ; ; ; ; ; ; ; ; ; ;12;236,184585948843
3358917;1;1;1; ; ; ; ; ; ; ; ; ; ; ; ;12;182,614452673428
3358923;1;1;1; ; ; ; ; ; ; ; ; ; ; ; ;12;244,632491040382
3358923;1;2;1; ; ; ; ; ; ; ; ; ; ; ; ;12;244,632491040382
3358924;1;1;2;2;11; ;2; ; ;1;2; ; ;1; ;12;196,600968699724
3358924;1;2;1; ; ; ; ; ; ; ; ; ; ; ; ;12;196,600968699724
3358925;1;1;2;2;73; ;2; ; ;1;2; ; ;1; ;12;221,468291247968
3358925;1;2;2;2;68; ;2; ; ;1;2; ; ;1; ;12;221,468291247968
3358925;1;3;1; ; ; ; ; ; ; ; ; ; ; ; ;12;221,468291247968
3358926;1;1;2;2;05; ;2; ; ;1;2; ; ;1; ;12;229,13318529336
3358926;1;2;2;2;95; ;2; ; ;1;2; ; ;1; ;12;229,13318529336
3358926;1;3;1; ; ; ; ; ; ; ; ; ; ; ; ;12;229,13318529336
3358927;1;1;2;2;18; ;2; ; ;1;2; ; ;1; ;12;209,372274303806
3358927;1;2;2;2;23; ;2; ; ;1;2; ; ;1; ;12;209,372274303806
3358927;1;3;2;2;18; ;2; ; ;1;2; ; ;1; ;12;209,372274303806
3358927;1;4;2;2;18; ;2; ; ;1;2; ; ;1; ;12;209,372274303806
3358927;1;5;1; ; ; ; ; ; ; ; ; ; ; ; ;12;209,372274303806
3358928;1;1;2;2;25; ;2; ; ;1;2; ; ;1; ;12;136,002281613466
3358928;1;2;2;1; ; ;3;11; ;1;2; ; ;1; ;12;136,002281613466
3358928;1;3;2;2;11; ;3;11; ;1;2; ; ;1; ;12;136,002281613466
3358928;1;4;2;2;11; ;3;11; ;1;2; ; ;1; ;12;136,002281613466
3358928;1;5;2;2;11; ;3;11; ;1;2; ; ;1; ;12;136,002281613466
3358929;1;1;2;2;15; ;2; ; ;1;2; ; ;1; ;12;200,937070295275
3358929;1;2;2;2;15; ;2; ; ;1;2; ; ;1; ;12;200,937070295275
3358931;1;1;1; ; ; ; ; ; ; ; ; ; ; ; ;12;119,186055479652
3358931;1;2;2;2;95; ;2; ; ;1;2; ; ;1; ;12;119,186055479652
3358931;1;3;1; ; ; ; ; ; ; ; ; ; ; ; ;12;119,186055479652
3358932;1;1;1; ; ; ; ; ; ; ; ; ; ; ; ;12;211,107566637869
3358932;1;2;1; ; ; ; ; ; ; ; ; ; ; ; ;12;211,107566637869
3358932;1;3;1; ; ; ; ; ; ; ; ; ; ; ; ;12;211,107566637869
3358932;1;4;1; ; ; ; ; ; ; ; ; ; ; ; ;12;211,107566637869
3358933;1;1;1; ; ; ; ; ; ; ; ; ; ; ; ;12;199,140536061386
3358934;1;1;2;2;68; ;2; ; ;1;2; ; ;1; ;12;206,771465042318
3358934;1;2;2;2;68; ;3;50; ;1;2; ; ;1; ;12;206,771465042318
3358934;1;3;1; ; ; ; ; ; ; ; ; ; ; ; ;12;206,771465042318
3358934;1;4;1; ; ; ; ; ; ; ; ; ; ; ; ;12;206,771465042318
3358938;1;1;2;2;50; ;2; ; ;1;2; ; ;1; ;12;117,018004681877
3358938;1;2;1; ; ; ; ; ; ; ; ; ; ; ; ;12;117,018004681877
3358938;1;3;1; ; ; ; ; ; ; ; ; ; ; ; ;12;117,018004681877
3358941;1;1;1; ; ; ; ; ; ; ; ; ; ; ; ;12;240,168645193194
3358941;1;2;1; ; ; ; ; ; ; ; ; ; ; ; ;12;240,168645193194
3358941;1;3;1; ; ; ; ; ; ; ; ; ; ; ; ;12;240,168645193194
3358941;1;4;1; ; ; ; ; ; ; ; ; ; ; ; ;12;240,168645193194
3358942;1;1;2;2;25; ;2; ; ;1;2; ; ;1; ;12;230,632720560893
3358942;1;2;1; ; ; ; ; ; ; ; ; ; ; ; ;12;230,632720560893
3358944;1;1;1; ; ; ; ; ; ; ; ; ; ; ; ;12;191,759386529157
3358944;1;2;1; ; ; ; ; ; ; ; ; ; ; ; ;12;191,759386529157
3358944;1;3;1; ; ; ; ; ; ; ; ; ; ; ; ;12;191,759386529157
3358944;1;4;1; ; ; ; ; ; ; ; ; ; ; ; ;12;191,759386529157
3358945;1;1;2;2;76; ;2; ; ;1;2; ; ;1; ;12;242,8227023533
3358945;1;2;1; ; ; ; ; ; ; ; ; ; ; ; ;12;242,8227023533
3358946;1;1;2;2;25; ;2; ; ;1;2; ; ;1; ;12;171,95048809297
3358946;1;2;1; ; ; ; ; ; ; ; ; ; ; ; ;12;171,95048809297
3358946;1;3;1; ; ; ; ; ; ; ; ; ; ; ; ;12;171,95048809297
3358947;1;1;2;2;68; ;2; ; ;1;2; ; ;1; ;12;278,650988448358
3358947;1;2;2;1; ; ;3;11; ;1;3;11; ;1; ;12;278,650988448358
3358947;1;3;1; ; ; ; ; ; ; ; ; ; ; ; ;12;278,650988448358
3358948;1;1;1; ; ; ; ; ; ; ; ; ; ; ; ;12;204,530692133239
3358948;1;2;1; ; ; ; ; ; ; ; ; ; ; ; ;12;204,530692133239
3358948;1;3;1; ; ; ; ; ; ; ; ; ; ; ; ;12;204,530692133239
3358948;1;4;1; ; ; ; ; ; ; ; ; ; ; ; ;12;204,530692133239
3358948;1;5;1; ; ; ; ; ; ; ; ; ; ; ; ;12;204,530692133239
3358948;1;6;1; ; ; ; ; ; ; ; ; ; ; ; ;12;204,530692133239
3358948;1;7;1; ; ; ; ; ; ; ; ; ; ; ; ;12;204,530692133239
3358949;1;1;1; ; ; ; ; ; ; ; ; ; ; ; ;12;182,749742323688
3358949;1;2;1; ; ; ; ; ; ; ; ; ; ; ; ;12;182,749742323688
3358949;1;3;1; ; ; ; ; ; ; ; ; ; ; ; ;12;182,749742323688
3358949;1;4;1; ; ; ; ; ; ; ; ; ; ; ; ;12;182,749742323688
3358949;1;5;1; ; ; ; ; ; ; ; ; ; ; ; ;12;182,749742323688
3358949;1;6;1; ; ; ; ; ; ; ; ; ; ; ; ;12;182,749742323688
3358949;1;7;1; ; ; ; ; ; ; ; ; ; ; ; ;12;182,749742323688
3358949;1;8;1; ; ; ; ; ; ; ; ; ; ; ; ;12;182,749742323688
3358950;1;1;2;2;25; ;2; ; ;1;2; ; ;1; ;12;194,804434465835
3358951;1;1;1; ; ; ; ; ; ; ; ; ; ; ; ;12;191,346655648315
3358951;1;2;2;2;95; ;2; ; ;1;2; ; ;1; ;12;191,346655648315
3358951;1;3;1; ; ; ; ; ; ; ; ; ; ; ; ;12;191,346655648315
3358951;1;4;1; ; ; ; ; ; ; ; ; ; ; ; ;12;191,346655648315
3358951;1;5;2;2;23; ;2; ; ;1;2; ; ;1; ;12;191,346655648315
3358951;1;6;1; ; ; ; ; ; ; ; ; ; ; ; ;12;191,346655648315
3358952;1;1;1; ; ; ; ; ; ; ; ; ; ; ; ;12;188,166318061378
3358952;1;2;1; ; ; ; ; ; ; ; ; ; ; ; ;12;188,166318061378
3358953;1;1;2;2;50; ;2; ; ;1;2; ; ;1; ;12;238,372110959305
3358953;1;2;1; ; ; ; ; ; ; ; ; ; ; ; ;12;238,372110959305
3358953;1;3;1; ; ; ; ; ; ; ; ; ; ; ; ;12;238,372110959305
3358954;1;1;1; ; ; ; ; ; ; ; ; ; ; ; ;12;91,3072263367142
3358959;1;1;2;2;54; ;2; ; ;1;2; ; ;1; ;12;439,239405296982
3358959;1;2;2;2;68; ;2; ; ;1;2; ; ;1; ;12;439,239405296982
3358959;1;3;1; ; ; ; ; ; ; ; ; ; ; ; ;12;439,239405296982
3358959;1;4;1; ; ; ; ; ; ; ; ; ; ; ; ;12;439,239405296982
3358959;1;5;1; ; ; ; ; ; ; ; ; ; ; ; ;12;439,239405296982
3358959;1;6;1; ; ; ; ; ; ; ; ; ; ; ; ;12;439,239405296982
3358959;1;7;1; ; ; ; ; ; ; ; ; ; ; ; ;12;439,239405296982
3358960;1;1;2;2;08; ;2; ; ;1;2; ; ;1; ;12;408,159127492076
3358960;1;2;1; ; ; ; ; ; ; ; ; ; ; ; ;12;408,159127492076
3358960;1;3;1; ; ; ; ; ; ; ; ; ; ; ; ;12;408,159127492076
3358961;1;1;2;2;54; ;2; ; ;1;2; ; ;1; ;12;281,520851434233
3358961;1;2;1; ; ; ; ; ; ; ; ; ; ; ; ;12;281,520851434233
3358962;1;1;2;2;54; ;2; ; ;1;2; ; ;1; ;12;384,103425599033
3358963;1;1;1; ; ; ; ; ; ; ; ; ; ; ; ;12;462,202651618807
3358963;1;2;1; ; ; ; ; ; ; ; ; ; ; ; ;12;462,202651618807
3358963;1;3;1; ; ; ; ; ; ; ; ; ; ; ; ;12;462,202651618807
3358963;1;4;1; ; ; ; ; ; ; ; ; ; ; ; ;12;462,202651618807
3358963;2;1;1; ; ; ; ; ; ; ; ; ; ; ; ;12;462,202651618807
3358963;2;2;1; ; ; ; ; ; ; ; ; ; ; ; ;12;462,202651618807
3358963;2;3;1; ; ; ; ; ; ; ; ; ; ; ; ;12;462,202651618807
3358964;1;1;2;2;68; ;2; ; ;1;2; ; ;1; ;12;407,6991139719
3358964;1;2;2;2;68; ;2; ; ;1;2; ; ;1; ;12;407,6991139719
3358964;1;3;1; ; ; ; ; ; ; ; ; ; ; ; ;12;407,6991139719
3358965;1;1;2;2;52; ;2; ; ;1;2; ; ;1; ;12;452,741540416231
3358965;1;2;2;2;76; ;2; ; ;1;2; ; ;1; ;12;452,741540416231
3358965;1;3;1; ; ; ; ; ; ; ; ; ; ; ; ;12;452,741540416231
3358965;1;4;1; ; ; ; ; ; ; ; ; ; ; ; ;12;452,741540416231
3358965;1;5;1; ; ; ; ; ; ; ; ; ; ; ; ;12;452,741540416231
3358965;1;6;1; ; ; ; ; ; ; ; ; ; ; ; ;12;452,741540416231
3358965;1;7;2;3; ;3;2; ; ;1;2; ; ;1; ;12;452,741540416231
3358965;1;8;2;3; ;3;2; ; ;1;2; ; ;1; ;12;452,741540416231
3358965;1;9;1; ; ; ; ; ; ; ; ; ; ; ; ;12;452,741540416231
3358965;1;10;1; ; ; ; ; ; ; ; ; ; ; ; ;12;452,741540416231
3358966;1;1;2;2;54; ;2; ; ;1;2; ; ;1; ;12;325,239091591602
3358966;1;2;1; ; ; ; ; ; ; ; ; ; ; ; ;12;325,239091591602
3358966;1;3;1; ; ; ; ; ; ; ; ; ; ; ; ;12;325,239091591602
3358967;1;1;1; ; ; ; ; ; ; ; ; ; ; ; ;12;288,235895551873
3358967;1;2;2;2;68; ;2; ; ;1;2; ; ;1; ;12;288,235895551873
3358968;1;1;1; ; ; ; ; ; ; ; ; ; ; ; ;12;467,898884856314
3358968;1;2;1; ; ; ; ; ; ; ; ; ; ; ; ;12;467,898884856314
3358969;1;1;2;2;54; ;2; ; ;1;2; ; ;1; ;12;530,121700650319
3358969;1;2;2;2;54; ;2; ; ;1;2; ; ;1; ;12;530,121700650319
3358969;1;3;2;2;54; ;2; ; ;1;2; ; ;1; ;12;530,121700650319
3358969;1;4;2;2;54; ;2; ; ;1;2; ; ;1; ;12;530,121700650319
3358969;1;5;1; ; ; ; ; ; ; ; ; ; ; ; ;12;530,121700650319
3358970;1;1;2;2;54; ;2; ; ;1;2; ; ;1; ;12;495,016961808999
3358970;1;2;1; ; ; ; ; ; ; ; ; ; ; ; ;12;495,016961808999
3358970;1;3;1; ; ; ; ; ; ; ; ; ; ; ; ;12;495,016961808999
3358970;1;4;1; ; ; ; ; ; ; ; ; ; ; ; ;12;495,016961808999
3358970;1;5;1; ; ; ; ; ; ; ; ; ; ; ; ;12;495,016961808999
3358971;1;1;2;3; ;3;2; ; ;1;2; ; ;1; ;12;401,811652391384
3358971;1;2;1; ; ; ; ; ; ; ; ; ; ; ; ;12;401,811652391384
3358971;1;3;1; ; ; ; ; ; ; ; ; ; ; ; ;12;401,811652391384
3358971;1;4;1; ; ; ; ; ; ; ; ; ; ; ; ;12;401,811652391384
3358971;1;5;1; ; ; ; ; ; ; ; ; ; ; ; ;12;401,811652391384
3358972;1;1;1; ; ; ; ; ; ; ; ; ; ; ; ;12;421,106621638762
3358972;1;2;1; ; ; ; ; ; ; ; ; ; ; ; ;12;421,106621638762
3358973;1;1;1; ; ; ; ; ; ; ; ; ; ; ; ;12;396,423392026307
3358973;1;2;2;2;54; ;2; ; ;1;2; ; ;1; ;12;396,423392026307
3358973;1;3;1; ; ; ; ; ; ; ; ; ; ; ; ;12;396,423392026307
3358974;1;1;2;2;54; ;2; ; ;1;2; ; ;1; ;12;252,529259512261
3358974;1;2;2;2;54; ;2; ; ;1;2; ; ;1; ;12;252,529259512261
3358974;1;3;2;2;54; ;2; ; ;1;2; ; ;1; ;12;252,529259512261
3358974;1;4;1; ; ; ; ; ; ; ; ; ; ; ; ;12;252,529259512261
3358975;1;1;2;2;54; ;2; ; ;1;2; ; ;1; ;12;272,191797776587
3358975;1;2;1; ; ; ; ; ; ; ; ; ; ; ; ;12;272,191797776587
3358975;1;3;2;2;54; ;2; ; ;1;2; ; ;1; ;12;272,191797776587
3358976;1;1;2;2;68; ;2; ; ;1;2; ; ;1; ;12;405,522537383652
3358976;1;2;2;2;68; ;2; ; ;1;2; ; ;1; ;12;405,522537383652
3358976;1;3;1; ; ; ; ; ; ; ; ; ; ; ; ;12;405,522537383652
3358977;1;1;2;2;54; ;2; ; ;1;2; ; ;1; ;12;352,475243568636
3358977;1;2;1; ; ; ; ; ; ; ; ; ; ; ; ;12;352,475243568636
3358977;1;3;1; ; ; ; ; ; ; ; ; ; ; ; ;12;352,475243568636
3358979;1;1;2;2;68; ;2; ; ;1;2; ; ;1; ;12;402,67842262377
3358979;1;2;2;2;68; ;2; ; ;1;2; ; ;1; ;12;402,67842262377
3358979;1;3;1; ; ; ; ; ; ; ; ; ; ; ; ;12;402,67842262377
3358980;1;1;2;2;11; ;2; ; ;1;2; ; ;1; ;12;421,106621638762
3358980;1;2;1; ; ; ; ; ; ; ; ; ; ; ; ;12;421,106621638762
3358981;1;1;1; ; ; ; ; ; ; ; ; ; ; ; ;12;507,845152845986
3358981;1;2;1; ; ; ; ; ; ; ; ; ; ; ; ;12;507,845152845986
3358981;1;3;1; ; ; ; ; ; ; ; ; ; ; ; ;12;507,845152845986
3358981;1;4;1; ; ; ; ; ; ; ; ; ; ; ; ;12;507,845152845986
3358981;1;5;1; ; ; ; ; ; ; ; ; ; ; ; ;12;507,845152845986
3358981;1;6;1; ; ; ; ; ; ; ; ; ; ; ; ;12;507,845152845986
3358981;1;7;1; ; ; ; ; ; ; ; ; ; ; ; ;12;507,845152845986
3358982;1;1;2;2;54; ;2; ; ;1;2; ; ;1; ;12;497,679182438544
3358982;1;2;1; ; ; ; ; ; ; ; ; ; ; ; ;12;497,679182438544
3358982;1;3;1; ; ; ; ; ; ; ; ; ; ; ; ;12;497,679182438544
3358982;1;4;1; ; ; ; ; ; ; ; ; ; ; ; ;12;497,679182438544
3358983;1;1;2;2;54; ;2; ; ;1;2; ; ;1; ;12;288,235895551873
3358983;1;2;2;2;54; ;2; ; ;1;2; ; ;1; ;12;288,235895551873
3358984;1;1;1; ; ; ; ; ; ; ; ; ; ; ; ;12;502,626032176015
3358984;1;2;1; ; ; ; ; ; ; ; ; ; ; ; ;12;502,626032176015
3358984;1;3;1; ; ; ; ; ; ; ; ; ; ; ; ;12;502,626032176015
3358984;1;4;1; ; ; ; ; ; ; ; ; ; ; ; ;12;502,626032176015
3358984;1;5;1; ; ; ; ; ; ; ; ; ; ; ; ;12;502,626032176015
3358985;1;1;2;2;54; ;3;54; ;1;2; ; ;1; ;12;447,294109253074
3358985;1;2;2;2;54; ;2; ; ;1;2; ; ;1; ;12;447,294109253074
3358985;1;3;1; ; ; ; ; ; ; ; ; ; ; ; ;12;447,294109253074
3358986;1;1;2;2;63; ;2; ; ;1;2; ; ;1; ;12;391,632805898051
3358986;1;2;2;2;15; ;2; ; ;1;2; ; ;1; ;12;391,632805898051
3358986;1;3;1; ; ; ; ; ; ; ; ; ; ; ; ;12;391,632805898051
3358986;1;4;1; ; ; ; ; ; ; ; ; ; ; ; ;12;391,632805898051
3358987;1;1;2;2;54; ;2; ; ;1;2; ; ;1; ;12;400,625524231588
3358987;1;2;2;2;54; ;2; ; ;1;2; ; ;1; ;12;400,625524231588
3358987;1;3;1; ; ; ; ; ; ; ; ; ; ; ; ;12;400,625524231588
3358987;1;4;1; ; ; ; ; ; ; ; ; ; ; ; ;12;400,625524231588
3358987;1;5;1; ; ; ; ; ; ; ; ; ; ; ; ;12;400,625524231588
3358988;1;1;2;2;68; ;2; ; ;1;2; ; ;1; ;12;334,568145249249
3358988;1;2;1; ; ; ; ; ; ; ; ; ; ; ; ;12;334,568145249249
3358989;1;1;1; ; ; ; ; ; ; ; ; ; ; ; ;12;341,244312490023
3358989;1;2;2;2;54; ;2; ; ;1;2; ; ;1; ;12;341,244312490023
3358989;1;3;1; ; ; ; ; ; ; ; ; ; ; ; ;12;341,244312490023
3358989;1;4;1; ; ; ; ; ; ; ; ; ; ; ; ;12;341,244312490023
3358990;1;1;2;2;17; ;2; ; ;1;2; ; ;1; ;12;274,828387885011
3358990;1;2;2;2;68; ;2; ; ;1;2; ; ;1; ;12;274,828387885011
3358990;1;3;2;2;76; ;2; ; ;1;2; ; ;1; ;12;274,828387885011
3358991;1;1;2;2;54; ;3;54; ;2;2; ; ;1; ;12;384,103425599033
3358992;1;1;2;2;54; ;2; ; ;1;2; ; ;1; ;12;297,104935689344
3358993;1;1;2;2;54; ;2; ; ;1;2; ; ;1; ;12;347,150360104352
3358993;1;2;2;2;54; ;2; ; ;1;2; ; ;1; ;12;347,150360104352
3358993;1;3;2;2;54; ;2; ; ;1;2; ; ;1; ;12;347,150360104352
3358993;1;4;2;2;54; ;4; ;3; ;2; ; ;1; ;12;347,150360104352
3358993;1;5;2;3; ;3;4; ;3; ;2; ; ;1; ;12;347,150360104352
3358993;2;1;2;2;54; ;2; ; ;1;2; ; ;1; ;12;347,150360104352
3358993;2;2;2;2;54; ;2; ; ;1;2; ; ;1; ;12;347,150360104352
3358993;2;3;1; ; ; ; ; ; ; ; ; ; ; ; ;12;347,150360104352
3358993;2;4;1; ; ; ; ; ; ; ; ; ; ; ; ;12;347,150360104352
3358993;2;5;1; ; ; ; ; ; ; ; ; ; ; ; ;12;347,150360104352
3358995;1;1;2;2;68; ;3;05; ;1;2; ; ;1; ;12;497,679182438544
3358995;1;2;2;2;68; ;3;05; ;1;2; ; ;1; ;12;497,679182438544
3358995;1;3;2;2;11; ;3;05; ;1;2; ; ;1; ;12;497,679182438544
3358995;1;4;2;2;68; ;3;05; ;1;2; ; ;1; ;12;497,679182438544
3358996;1;1;2;2;68; ;2; ; ;1;2; ; ;1; ;12;497,679182438544
3358996;1;2;1; ; ; ; ; ; ; ; ; ; ; ; ;12;497,679182438544
3358996;1;3;1; ; ; ; ; ; ; ; ; ; ; ; ;12;497,679182438544
3358996;1;4;1; ; ; ; ; ; ; ; ; ; ; ; ;12;497,679182438544
3358997;1;1;2;2;76; ;2; ; ;1;2; ; ;1; ;12;384,103425599033
3358998;1;1;2;2;54; ;2; ; ;1;2; ; ;1; ;12;334,568145249249
3358998;1;2;2;2;54; ;2; ; ;1;2; ; ;1; ;12;334,568145249249
3358999;1;1;2;2;11; ;2; ; ;1;2; ; ;1; ;12;384,103425599033
3359000;1;1;1; ; ; ; ; ; ; ; ; ; ; ; ;12;421,106621638762
3359000;1;2;1; ; ; ; ; ; ; ; ; ; ; ; ;12;421,106621638762
3359001;1;1;1; ; ; ; ; ; ; ; ; ; ; ; ;12;453,549139850537
3359001;1;2;2;2;54; ;2; ; ;1;2; ; ;1; ;12;453,549139850537
3359001;1;3;1; ; ; ; ; ; ; ; ; ; ; ; ;12;453,549139850537
3359002;1;1;2;2;54; ;2; ; ;1;2; ; ;1; ;12;389,91282260742
3359002;1;2;1; ; ; ; ; ; ; ; ; ; ; ; ;12;389,91282260742
3359002;1;3;1; ; ; ; ; ; ; ; ; ; ; ; ;12;389,91282260742
3359002;1;4;1; ; ; ; ; ; ; ; ; ; ; ; ;12;389,91282260742
3359002;1;5;1; ; ; ; ; ; ; ; ; ; ; ; ;12;389,91282260742
3359003;1;1;2;2;25; ;2; ; ;1;2; ; ;1; ;12;288,235895551873
3359003;1;2;2;2;15; ;2; ; ;1;2; ; ;1; ;12;288,235895551873
3359004;1;1;2;2;13; ;2; ; ;1;2; ; ;1; ;12;394,291606305038
3359004;1;2;1; ; ; ; ; ; ; ; ; ; ; ; ;12;394,291606305038
3359004;1;3;1; ; ; ; ; ; ; ; ; ; ; ; ;12;394,291606305038
3359004;1;4;1; ; ; ; ; ; ; ; ; ; ; ; ;12;394,291606305038
3359005;1;1;2;2;68; ;2; ; ;1;2; ; ;1; ;12;297,104935689344
3359006;1;1;2;1; ; ;2; ; ;1;3;54; ;1; ;12;407,216890153161
3359006;1;2;2;1; ; ;1; ; ; ;3;54; ;1; ;12;407,216890153161
3359006;1;3;2;1; ; ;2; ; ;1;3;54; ;1; ;12;407,216890153161
3359007;1;1;2;2;05; ;2; ; ;1;2; ; ;1; ;12;451,829156559907
3359007;1;2;2;2;05; ;2; ; ;1;2; ; ;1; ;12;451,829156559907
3359007;1;3;2;2;05; ;2; ; ;1;2; ; ;1; ;12;451,829156559907
3359007;1;4;2;2;05; ;2; ; ;1;2; ; ;1; ;12;451,829156559907
3359008;1;1;2;2;54; ;2; ; ;1;2; ; ;1; ;12;297,104935689344
3359009;1;1;1; ; ; ; ; ; ; ; ; ; ; ; ;12;449,626949450537
3359009;1;2;1; ; ; ; ; ; ; ; ; ; ; ; ;12;449,626949450537
3359009;1;3;1; ; ; ; ; ; ; ; ; ; ; ; ;12;449,626949450537
3359009;1;4;1; ; ; ; ; ; ; ; ; ; ; ; ;12;449,626949450537
3359009;1;5;2;2;54; ;2; ; ;1;2; ; ;1; ;12;449,626949450537
3359010;1;1;2;2;25; ;2; ; ;1;2; ; ;1; ;12;288,235895551873
3359010;1;2;2;2;54; ;2; ; ;1;2; ; ;1; ;12;288,235895551873
3359011;1;1;1; ; ; ; ; ; ; ; ; ; ; ; ;12;355,970960725419
3359011;1;2;2;2;68; ;2; ; ;1;2; ; ;1; ;12;355,970960725419
3359011;1;3;1; ; ; ; ; ; ; ; ; ; ; ; ;12;355,970960725419
3359011;1;4;2;2;54; ;2; ; ;1;2; ; ;1; ;12;355,970960725419
3359011;1;5;1; ; ; ; ; ; ; ; ; ; ; ; ;12;355,970960725419
3359011;1;6;1; ; ; ; ; ; ; ; ; ; ; ; ;12;355,970960725419
3359011;1;7;1; ; ; ; ; ; ; ; ; ; ; ; ;12;355,970960725419
3359012;1;1;2;2;54; ;3;11; ;1;2; ; ;1; ;12;434,068495716548
3359012;1;2;2;2;11; ;3;11; ;1;2; ; ;1; ;12;434,068495716548
3359012;1;3;2;2;11; ;3;11; ;1;2; ; ;1; ;12;434,068495716548
3359012;1;4;2;2;11; ;3;11; ;1;2; ; ;1; ;12;434,068495716548
3359012;1;5;2;2;11; ;3;11; ;1;2; ; ;1; ;12;434,068495716548
3359013;1;1;2;2;47; ;2; ; ;1;2; ; ;1; ;12;133,015679930516
3359013;1;2;2;2;05; ;2; ; ;1;2; ; ;1; ;12;133,015679930516
3359014;1;1;2;2;63; ;3;63; ;1;3;76; ;1; ;12;192,728850409236
3359014;1;2;2;2;76; ;3;63; ;1;3;76; ;1; ;12;192,728850409236
3359014;1;3;2;2;76; ;3;63; ;1;3;76; ;1; ;12;192,728850409236
3359014;1;4;2;2;63; ;3;63; ;1;3;76; ;1; ;12;192,728850409236
3359015;1;1;2;2;20; ;2; ; ;1;2; ; ;1; ;12;220,562656342371
3359015;1;2;2;2;47; ;2; ; ;1;2; ; ;1; ;12;220,562656342371
3359015;1;3;1; ; ; ; ; ; ; ; ; ; ; ; ;12;220,562656342371
3359015;1;4;1; ; ; ; ; ; ; ; ; ; ; ; ;12;220,562656342371
3359015;1;5;1; ; ; ; ; ; ; ; ; ; ; ; ;12;220,562656342371
3359015;1;6;2;2;47; ;2; ; ;1;2; ; ;1; ;12;220,562656342371
3359016;1;1;2;2;20; ;2; ; ;1;2; ; ;1; ;12;133,015679930516
3359016;1;2;1; ; ; ; ; ; ; ; ; ; ; ; ;12;133,015679930516
3359017;1;1;1; ; ; ; ; ; ; ; ; ; ; ; ;12;182,435112603258
3359017;1;2;2;2;13; ;2; ; ;1;2; ; ;1; ;12;182,435112603258
3359017;1;3;1; ; ; ; ; ; ; ; ; ; ; ; ;12;182,435112603258
3359017;1;4;1; ; ; ; ; ; ; ; ; ; ; ; ;12;182,435112603258
3359018;1;1;1; ; ; ; ; ; ; ; ; ; ; ; ;12;232,217163658516
3359018;1;2;2;2;47; ;2; ; ;1;2; ; ;1; ;12;232,217163658516
3359018;1;3;2;2;47; ;2; ; ;1;2; ; ;1; ;12;232,217163658516
3359018;1;4;1; ; ; ; ; ; ; ; ; ; ; ; ;12;232,217163658516
3359018;1;5;2;2;47; ;2; ; ;1;2; ; ;1; ;12;232,217163658516
3359018;1;6;1; ; ; ; ; ; ; ; ; ; ; ; ;12;232,217163658516
3359019;1;1;2;2;47; ;2; ; ;1;2; ; ;1; ;12;247,904674952117
3359019;1;2;1; ; ; ; ; ; ; ; ; ; ; ; ;12;247,904674952117
3359019;1;3;1; ; ; ; ; ; ; ; ; ; ; ; ;12;247,904674952117
3359019;1;4;1; ; ; ; ; ; ; ; ; ; ; ; ;12;247,904674952117
3359019;1;5;1; ; ; ; ; ; ; ; ; ; ; ; ;12;247,904674952117
3359019;1;6;1; ; ; ; ; ; ; ; ; ; ; ; ;12;247,904674952117
3359019;1;7;1; ; ; ; ; ; ; ; ; ; ; ; ;12;247,904674952117
3359019;1;8;1; ; ; ; ; ; ; ; ; ; ; ; ;12;247,904674952117
3359020;1;1;1; ; ; ; ; ; ; ; ; ; ; ; ;12;193,953284731745
3359020;1;2;1; ; ; ; ; ; ; ; ; ; ; ; ;12;193,953284731745
3359020;1;3;1; ; ; ; ; ; ; ; ; ; ; ; ;12;193,953284731745
3359020;1;4;1; ; ; ; ; ; ; ; ; ; ; ; ;12;193,953284731745
3359021;1;1;2;2;05; ;2; ; ;1;2; ; ;1; ;12;180,955900595855
3359022;1;1;1; ; ; ; ; ; ; ; ; ; ; ; ;12;170,780605287113
3359022;1;2;2;2;47; ;2; ; ;1;2; ; ;1; ;12;170,780605287113
3359022;1;3;1; ; ; ; ; ; ; ; ; ; ; ; ;12;170,780605287113
3359022;1;4;1; ; ; ; ; ; ; ; ; ; ; ; ;12;170,780605287113
3359029;1;1;1; ; ; ; ; ; ; ; ; ; ; ; ;12;183,774812960295
3359029;1;2;1; ; ; ; ; ; ; ; ; ; ; ; ;12;183,774812960295
3359029;1;3;1; ; ; ; ; ; ; ; ; ; ; ; ;12;183,774812960295
3359029;1;4;1; ; ; ; ; ; ; ; ; ; ; ; ;12;183,774812960295
3359029;1;5;1; ; ; ; ; ; ; ; ; ; ; ; ;12;183,774812960295
3359030;1;1;1; ; ; ; ; ; ; ; ; ; ; ; ;12;208,800049238484
3359030;1;2;1; ; ; ; ; ; ; ; ; ; ; ; ;12;208,800049238484
3359030;1;3;1; ; ; ; ; ; ; ; ; ; ; ; ;12;208,800049238484
3359030;1;4;1; ; ; ; ; ; ; ; ; ; ; ; ;12;208,800049238484
3359030;1;5;1; ; ; ; ; ; ; ; ; ; ; ; ;12;208,800049238484
3359031;1;1;1; ; ; ; ; ; ; ; ; ; ; ; ;12;122,850699918559
3359031;1;2;1; ; ; ; ; ; ; ; ; ; ; ; ;12;122,850699918559
3359031;1;3;1; ; ; ; ; ; ; ; ; ; ; ; ;12;122,850699918559
3359031;1;4;1; ; ; ; ; ; ; ; ; ; ; ; ;12;122,850699918559
3359032;1;1;2;2;70; ;2; ; ;1;2; ; ;1; ;12;165,158077589012
3359032;1;2;1; ; ; ; ; ; ; ; ; ; ; ; ;12;165,158077589012
3359032;1;3;1; ; ; ; ; ; ; ; ; ; ; ; ;12;165,158077589012
3359032;1;4;1; ; ; ; ; ; ; ; ; ; ; ; ;12;165,158077589012
3359033;1;1;2;2;44; ;2; ; ;1;2; ; ;1; ;12;258,721584531399
3359033;1;2;1; ; ; ; ; ; ; ; ; ; ; ; ;12;258,721584531399
3359033;1;3;1; ; ; ; ; ; ; ; ; ; ; ; ;12;258,721584531399
3359033;1;4;1; ; ; ; ; ; ; ; ; ; ; ; ;12;258,721584531399
3359033;2;1;2;2;44; ;2; ; ;1;2; ; ;1; ;12;258,721584531399
3359033;2;2;1; ; ; ; ; ; ; ; ; ; ; ; ;12;258,721584531399
3359034;1;1;2;2;68; ;2; ; ;1;2; ; ;1; ;12;182,2987774156
3359034;1;2;2;2;44; ;2; ; ;1;2; ; ;1; ;12;182,2987774156
3359034;1;3;1; ; ; ; ; ; ; ; ; ; ; ; ;12;182,2987774156
3359034;1;4;1; ; ; ; ; ; ; ; ; ; ; ; ;12;182,2987774156
3359035;1;1;1; ; ; ; ; ; ; ; ; ; ; ; ;12;172,388727145269
3359035;1;2;1; ; ; ; ; ; ; ; ; ; ; ; ;12;172,388727145269
3359035;1;3;1; ; ; ; ; ; ; ; ; ; ; ; ;12;172,388727145269
3359036;1;1;1; ; ; ; ; ; ; ; ; ; ; ; ;12;169,311735989203
3359036;1;2;1; ; ; ; ; ; ; ; ; ; ; ; ;12;169,311735989203
3359036;1;3;1; ; ; ; ; ; ; ; ; ; ; ; ;12;169,311735989203
3359037;1;1;2;2;25; ;3;11; ;1;2; ; ;1; ;12;167,822208685015
3359038;1;1;2;2;41; ;2; ; ;1;2; ; ;1; ;12;303,21479773396
3359038;1;2;2;2;47; ;3;47; ;1;2; ; ;1; ;12;303,21479773396
3359038;1;3;1; ; ; ; ; ; ; ; ; ; ; ; ;12;303,21479773396
3359038;1;4;1; ; ; ; ; ; ; ; ; ; ; ; ;12;303,21479773396
3359039;1;1;2;2;68; ;2; ; ;1;2; ; ;1; ;12;137,592513687555
3359039;1;2;2;2;68; ;2; ; ;1;2; ; ;1; ;12;137,592513687555
3359039;1;3;2;2;68; ;2; ; ;1;2; ; ;1; ;12;137,592513687555
3359040;1;1;1; ; ; ; ; ; ; ; ; ; ; ; ;12;191,12405707052
3359041;1;1;2;1; ; ;3;11; ;1;2; ; ;1; ;12;167,822208685015
3359042;1;1;1; ; ; ; ; ; ; ; ; ; ; ; ;12;133,005364633731
3359042;1;2;1; ; ; ; ; ; ; ; ; ; ; ; ;12;133,005364633731
3359042;1;3;2;2;44; ;2; ; ;1;2; ; ;1; ;12;133,005364633731
3359043;1;1;2;2;20; ;2; ; ;1;2; ; ;1; ;12;137,592513687555
3359043;1;2;2;2;20; ;2; ; ;1;2; ; ;1; ;12;137,592513687555
3359043;1;3;1; ; ; ; ; ; ; ; ; ; ; ; ;12;137,592513687555
3359044;1;1;1; ; ; ; ; ; ; ; ; ; ; ; ;12;157,643736913565
3359044;1;2;1; ; ; ; ; ; ; ; ; ; ; ; ;12;157,643736913565
3359045;1;1;2;2;23; ;2; ; ;1;2; ; ;1; ;12;157,643736913565
3359045;1;2;2;2;23; ;2; ; ;1;2; ; ;1; ;12;157,643736913565
3359046;1;1;2;2;08; ;2; ; ;1;2; ; ;1; ;12;167,81189338823
3359046;1;2;2;2;08; ;2; ; ;1;2; ; ;1; ;12;167,81189338823
3359047;1;1;2;2;08; ;2; ; ;1;2; ; ;1; ;12;169,311735989203
3359047;1;2;1; ; ; ; ; ; ; ; ; ; ; ; ;12;169,311735989203
3359047;1;3;2;2;08; ;2; ; ;1;2; ; ;1; ;12;169,311735989203
3359048;1;1;1; ; ; ; ; ; ; ; ; ; ; ; ;12;204,491457513123
3359048;1;2;1; ; ; ; ; ; ; ; ; ; ; ; ;12;204,491457513123
3359048;1;3;1; ; ; ; ; ; ; ; ; ; ; ; ;12;204,491457513123
3359048;1;4;1; ; ; ; ; ; ; ; ; ; ; ; ;12;204,491457513123
3359048;1;5;1; ; ; ; ; ; ; ; ; ; ; ; ;12;204,491457513123
3359049;1;1;1; ; ; ; ; ; ; ; ; ; ; ; ;12;169,556170964604
3359049;1;2;1; ; ; ; ; ; ; ; ; ; ; ; ;12;169,556170964604
3359049;1;3;1; ; ; ; ; ; ; ; ; ; ; ; ;12;169,556170964604
3359049;1;4;1; ; ; ; ; ; ; ; ; ; ; ; ;12;169,556170964604
3359050;1;1;2;2;13; ;2; ; ;1;2; ; ;1; ;12;220,447390307843
3359050;1;2;2;2;13; ;2; ; ;1;2; ; ;1; ;12;220,447390307843
3359050;1;3;2;2;13; ;2; ; ;1;2; ; ;1; ;12;220,447390307843
3359050;1;4;2;2;13; ;3;13; ;1;3;13; ;1; ;12;220,447390307843
3359050;1;5;2;2;68; ;1; ; ; ;3;13; ;1; ;12;220,447390307843
3359051;1;1;2;2;15; ;2; ; ;1;2; ; ;1; ;12;180,94558529907
3359051;1;2;2;2;73; ;2; ; ;1;2; ; ;1; ;12;180,94558529907
3359052;1;1;2;2;23; ;2; ; ;1;2; ; ;1; ;12;167,822208685015
3359053;1;1;1; ; ; ; ; ; ; ; ; ; ; ; ;12;146,162863600849
3359053;1;2;1; ; ; ; ; ; ; ; ; ; ; ; ;12;146,162863600849
3359053;1;3;1; ; ; ; ; ; ; ; ; ; ; ; ;12;146,162863600849
3359054;1;1;2;2;08; ;2; ; ;1;2; ; ;1; ;12;211,500519105688
3359054;1;2;1; ; ; ; ; ; ; ; ; ; ; ; ;12;211,500519105688
3359054;1;3;1; ; ; ; ; ; ; ; ; ; ; ; ;12;211,500519105688
3359054;1;4;1; ; ; ; ; ; ; ; ; ; ; ; ;12;211,500519105688
3359054;1;5;1; ; ; ; ; ; ; ; ; ; ; ; ;12;211,500519105688
3359054;1;6;1; ; ; ; ; ; ; ; ; ; ; ; ;12;211,500519105688
3359055;1;1;2;2;08; ;2; ; ;1;2; ; ;1; ;12;233,441597981026
3359055;1;2;1; ; ; ; ; ; ; ; ; ; ; ; ;12;233,441597981026
3359055;1;3;1; ; ; ; ; ; ; ; ; ; ; ; ;12;233,441597981026
3359055;1;4;1; ; ; ; ; ; ; ; ; ; ; ; ;12;233,441597981026
3359055;1;5;1; ; ; ; ; ; ; ; ; ; ; ; ;12;233,441597981026
3359055;1;6;1; ; ; ; ; ; ; ; ; ; ; ; ;12;233,441597981026
3359056;1;1;1; ; ; ; ; ; ; ; ; ; ; ; ;12;185,477570259409
3359056;1;2;1; ; ; ; ; ; ; ; ; ; ; ; ;12;185,477570259409
3359056;1;3;1; ; ; ; ; ; ; ; ; ; ; ; ;12;185,477570259409
3359056;1;4;1; ; ; ; ; ; ; ; ; ; ; ; ;12;185,477570259409
3359056;1;5;1; ; ; ; ; ; ; ; ; ; ; ; ;12;185,477570259409
3359056;1;6;1; ; ; ; ; ; ; ; ; ; ; ; ;12;185,477570259409
3359056;1;7;1; ; ; ; ; ; ; ; ; ; ; ; ;12;185,477570259409
3359057;1;1;1; ; ; ; ; ; ; ; ; ; ; ; ;12;170,780605287113
3359057;1;2;1; ; ; ; ; ; ; ; ; ; ; ; ;12;170,780605287113
3359057;1;3;1; ; ; ; ; ; ; ; ; ; ; ; ;12;170,780605287113
3359057;1;4;1; ; ; ; ; ; ; ; ; ; ; ; ;12;170,780605287113
3359058;1;1;2;2;17; ;2; ; ;1;2; ; ;1; ;12;131,092697329137
3359058;1;2;1; ; ; ; ; ; ; ; ; ; ; ; ;12;131,092697329137
3359058;1;3;1; ; ; ; ; ; ; ; ; ; ; ; ;12;131,092697329137
3359058;1;4;2;2;17; ;2; ; ;1;2; ; ;1; ;12;131,092697329137
3359058;1;5;2;2;17; ;2; ; ;1;2; ; ;1; ;12;131,092697329137
3359059;1;1;1; ; ; ; ; ; ; ; ; ; ; ; ;12;220,341247898188
3359059;1;2;2;1; ; ;3;66; ;1;2; ; ;1; ;12;220,341247898188
3359059;1;3;2;2;11; ;3;66; ;1;2; ; ;1; ;12;220,341247898188
3359060;1;1;2;2;17; ;2; ; ;1;2; ; ;1; ;12;161,147007530313
3359060;1;2;2;2;17; ;2; ; ;1;2; ; ;1; ;12;161,147007530313
3359060;1;3;2;2;17; ;2; ; ;1;2; ; ;1; ;12;161,147007530313
3359061;1;1;1; ; ; ; ; ; ; ; ; ; ; ; ;12;165,650356742782
3359061;1;2;1; ; ; ; ; ; ; ; ; ; ; ; ;12;165,650356742782
3359062;1;1;2;2;17; ;2; ; ;1;2; ; ;1; ;12;220,341247898188
3359062;1;2;2;2;66; ;2; ; ;1;2; ; ;1; ;12;220,341247898188
3359062;1;3;1; ; ; ; ; ; ; ; ; ; ; ; ;12;220,341247898188
3359063;1;1;1; ; ; ; ; ; ; ; ; ; ; ; ;12;181,628338915008
3359063;1;2;1; ; ; ; ; ; ; ; ; ; ; ; ;12;181,628338915008
3359063;1;3;1; ; ; ; ; ; ; ; ; ; ; ; ;12;181,628338915008
3359064;1;1;2;2;66; ;2; ; ;1;2; ; ;1; ;12;191,221228852517
3359064;1;2;2;2;17; ;2; ; ;1;2; ; ;1; ;12;191,221228852517
3359064;1;3;1; ; ; ; ; ; ; ; ; ; ; ; ;12;191,221228852517
3359065;1;1;1; ; ; ; ; ; ; ; ; ; ; ; ;12;183,237429147723
3359065;1;2;1; ; ; ; ; ; ; ; ; ; ; ; ;12;183,237429147723
3359065;1;3;1; ; ; ; ; ; ; ; ; ; ; ; ;12;183,237429147723
3359065;1;4;1; ; ; ; ; ; ; ; ; ; ; ; ;12;183,237429147723
3359066;1;1;2;1; ; ;4; ;4; ;2; ; ;1; ;12;229,269721521125
3359066;1;2;1; ; ; ; ; ; ; ; ; ; ; ; ;12;229,269721521125
3359066;1;3;1; ; ; ; ; ; ; ; ; ; ; ; ;12;229,269721521125
3359067;1;1;2;2;17; ;2; ; ;1;2; ; ;1; ;12;174,371288649094
3359067;1;2;2;2;17; ;3;17; ;1;2; ; ;1; ;12;174,371288649094
3359067;1;3;2;2;17; ;2; ; ;1;2; ; ;1; ;12;174,371288649094
3359068;1;1;1; ; ; ; ; ; ; ; ; ; ; ; ;12;259,584474324614
3359068;1;2;1; ; ; ; ; ; ; ; ; ; ; ; ;12;259,584474324614
3359068;1;3;2;1; ; ;3;73; ;2;2; ; ;1; ;12;259,584474324614
3359068;1;4;1; ; ; ; ; ; ; ; ; ; ; ; ;12;259,584474324614
3359068;1;5;1; ; ; ; ; ; ; ; ; ; ; ; ;12;259,584474324614
3359068;1;6;1; ; ; ; ; ; ; ; ; ; ; ; ;12;259,584474324614
3359068;1;7;1; ; ; ; ; ; ; ; ; ; ; ; ;12;259,584474324614
3359069;1;1;2;2;17; ;2; ; ;1;2; ; ;1; ;12;184,225406097115
3359069;1;2;1; ; ; ; ; ; ; ; ; ; ; ; ;12;184,225406097115
3359070;1;1;1; ; ; ; ; ; ; ; ; ; ; ; ;12;174,109038996643
3359070;1;2;2;2;17; ;2; ; ;1;2; ; ;1; ;12;174,109038996643
3359070;1;3;1; ; ; ; ; ; ; ; ; ; ; ; ;12;174,109038996643
3359071;1;1;1; ; ; ; ; ; ; ; ; ; ; ; ;12;188,113314834208
3359071;1;2;1; ; ; ; ; ; ; ; ; ; ; ; ;12;188,113314834208
3359074;1;1;1; ; ; ; ; ; ; ; ; ; ; ; ;12;157,259098793221
3359074;1;2;1; ; ; ; ; ; ; ; ; ; ; ; ;12;157,259098793221
3359074;1;3;1; ; ; ; ; ; ; ; ; ; ; ; ;12;157,259098793221
3359075;1;1;1; ; ; ; ; ; ; ; ; ; ; ; ;12;187,333320115424
3359075;1;2;1; ; ; ; ; ; ; ; ; ; ; ; ;12;187,333320115424
3359075;1;3;2;1; ; ;4; ;1; ;2; ; ;1; ;12;187,333320115424
3359076;1;1;2;2;25; ;3;17; ;1;3;17; ;1; ;12;219,623586303713
3359076;1;2;2;2;73; ;3;11; ;1;2; ; ;1; ;12;219,623586303713
3359076;1;3;2;2;11; ;3;11; ;1;2; ; ;1; ;12;219,623586303713
3359077;1;1;1; ; ; ; ; ; ; ; ; ; ; ; ;12;222,924518620035
3359077;1;2;2;1; ; ;2; ; ;1;3;63; ;1; ;12;222,924518620035
3359077;1;3;1; ; ; ; ; ; ; ; ; ; ; ; ;12;222,924518620035
3359077;1;4;1; ; ; ; ; ; ; ; ; ; ; ; ;12;222,924518620035
3359077;1;5;1; ; ; ; ; ; ; ; ; ; ; ; ;12;222,924518620035
3359077;1;6;1; ; ; ; ; ; ; ; ; ; ; ; ;12;222,924518620035
3359077;1;7;1; ; ; ; ; ; ; ; ; ; ; ; ;12;222,924518620035
3359077;1;8;1; ; ; ; ; ; ; ; ; ; ; ; ;12;222,924518620035
3359078;1;1;1; ; ; ; ; ; ; ; ; ; ; ; ;12;220,341247898188
3359078;1;2;2;2;73; ;2; ; ;1;2; ; ;1; ;12;220,341247898188
3359078;1;3;1; ; ; ; ; ; ; ; ; ; ; ; ;12;220,341247898188
3359079;1;1;2;2;17; ;3;63; ;2;3;63; ;2;4;12;209,707135731384
3359079;1;2;2;2;17; ;3;63; ;2;3;63; ;2;1;12;209,707135731384
3359079;1;3;2;2;76; ;3;63; ;2;3;63; ;2;4;12;209,707135731384
3359079;1;4;2;2;76; ;3;63; ;2;3;63; ;2;4;12;209,707135731384
3359079;1;5;2;2;63; ;3;63; ;2;3;63; ;2;4;12;209,707135731384
3359080;1;1;1; ; ; ; ; ; ; ; ; ; ; ; ;12;144,505049557499
3359080;1;2;1; ; ; ; ; ; ; ; ; ; ; ; ;12;144,505049557499
3359081;1;1;1; ; ; ; ; ; ; ; ; ; ; ; ;12;216,515672285404
3359081;1;2;1; ; ; ; ; ; ; ; ; ; ; ; ;12;216,515672285404
3359083;1;1;1; ; ; ; ; ; ; ; ; ; ; ; ;12;223,449161916497
3359083;1;2;1; ; ; ; ; ; ; ; ; ; ; ; ;12;223,449161916497
3359083;1;3;1; ; ; ; ; ; ; ; ; ; ; ; ;12;223,449161916497
3359083;1;4;1; ; ; ; ; ; ; ; ; ; ; ; ;12;223,449161916497
3359084;1;1;1; ; ; ; ; ; ; ; ; ; ; ; ;12;225,947367556061
3359084;1;2;1; ; ; ; ; ; ; ; ; ; ; ; ;12;225,947367556061
3359084;1;3;1; ; ; ; ; ; ; ; ; ; ; ; ;12;225,947367556061
3359084;1;4;1; ; ; ; ; ; ; ; ; ; ; ; ;12;225,947367556061
3359084;1;5;1; ; ; ; ; ; ; ; ; ; ; ; ;12;225,947367556061
3359084;1;6;1; ; ; ; ; ; ; ; ; ; ; ; ;12;225,947367556061
3359085;1;1;1; ; ; ; ; ; ; ; ; ; ; ; ;12;260,834700926457
3359085;1;2;2;2;76; ;2; ; ;1;2; ; ;1; ;12;260,834700926457
3359085;1;3;2;2;17; ;3;76; ;1;2; ; ;1; ;12;260,834700926457
3359085;1;4;2;2;76; ;2; ; ;1;2; ; ;1; ;12;260,834700926457
3359085;1;5;1; ; ; ; ; ; ; ; ; ; ; ; ;12;260,834700926457
3359086;1;1;1; ; ; ; ; ; ; ; ; ; ; ; ;12;205,88845834873
3359087;1;1;2;2;17; ;3;05; ;1;3;17; ;1; ;12;205,88845834873
3359088;1;1;2;2;73; ;2; ; ;1;2; ; ;1; ;12;158,247075742613
3359089;1;1;2;2;11; ;2; ; ;1;2; ; ;1; ;12;188,113314834208
3359089;1;2;2;2;25; ;2; ; ;1;2; ; ;1; ;12;188,113314834208
3359090;1;1;2;2;17; ;2; ; ;1;2; ; ;1; ;12;220,341247898188
3359090;1;2;1; ; ; ; ; ; ; ; ; ; ; ; ;12;220,341247898188
3359090;1;3;1; ; ; ; ; ; ; ; ; ; ; ; ;12;220,341247898188
3359091;1;1;2;2;17; ;2; ; ;1;2; ; ;1; ;12;171,001124978334
3359091;1;2;1; ; ; ; ; ; ; ; ; ; ; ; ;12;171,001124978334
3359092;1;1;1; ; ; ; ; ; ; ; ; ; ; ; ;12;206,599221713074
3359092;1;2;1; ; ; ; ; ; ; ; ; ; ; ; ;12;206,599221713074
3359092;1;3;1; ; ; ; ; ; ; ; ; ; ; ; ;12;206,599221713074
3359092;1;4;1; ; ; ; ; ; ; ; ; ; ; ; ;12;206,599221713074
3359093;1;1;2;2;17; ;2; ; ;1;2; ; ;1; ;12;224,22915663528
3359093;1;2;1; ; ; ; ; ; ; ; ; ; ; ; ;12;224,22915663528
3359093;1;3;1; ; ; ; ; ; ; ; ; ; ; ; ;12;224,22915663528
3359094;1;1;1; ; ; ; ; ; ; ; ; ; ; ; ;12;209,707135731384
3359094;1;2;1; ; ; ; ; ; ; ; ; ; ; ; ;12;209,707135731384
3359094;1;3;1; ; ; ; ; ; ; ; ; ; ; ; ;12;209,707135731384
3359094;1;4;1; ; ; ; ; ; ; ; ; ; ; ; ;12;209,707135731384
3359094;1;5;1; ; ; ; ; ; ; ; ; ; ; ; ;12;209,707135731384
3359095;1;1;1; ; ; ; ; ; ; ; ; ; ; ; ;12;171,471356861394
3359096;1;1;1; ; ; ; ; ; ; ; ; ; ; ; ;12;139,221705626247
3359096;1;2;2;2;17; ;2; ; ;1;2; ; ;1; ;12;139,221705626247
3359096;1;3;1; ; ; ; ; ; ; ; ; ; ; ; ;12;139,221705626247
3359096;1;4;1; ; ; ; ; ; ; ; ; ; ; ; ;12;139,221705626247
3359097;1;1;1; ; ; ; ; ; ; ; ; ; ; ; ;12;172,913079816643
3359097;1;2;1; ; ; ; ; ; ; ; ; ; ; ; ;12;172,913079816643
3359097;1;3;1; ; ; ; ; ; ; ; ; ; ; ; ;12;172,913079816643
3359097;1;4;1; ; ; ; ; ; ; ; ; ; ; ; ;12;172,913079816643
3359097;1;5;1; ; ; ; ; ; ; ; ; ; ; ; ;12;172,913079816643
3359097;1;6;2;2;76; ;3;76; ;1;2; ; ;1; ;12;172,913079816643
3359098;1;1;1; ; ; ; ; ; ; ; ; ; ; ; ;12;160,36701281153
3359098;1;2;1; ; ; ; ; ; ; ; ; ; ; ; ;12;160,36701281153
3359098;1;3;1; ; ; ; ; ; ; ; ; ; ; ; ;12;160,36701281153
3359098;1;4;1; ; ; ; ; ; ; ; ; ; ; ; ;12;160,36701281153
3359099;1;1;1; ; ; ; ; ; ; ; ; ; ; ; ;12;114,920971239382
3359099;1;2;1; ; ; ; ; ; ; ; ; ; ; ; ;12;114,920971239382
3359099;1;3;1; ; ; ; ; ; ; ; ; ; ; ; ;12;114,920971239382
3359100;1;1;2;1; ; ;3;73; ;2;2; ; ;1; ;12;163,474926829839
3359100;1;2;2;1; ; ;3;73; ;2;2; ; ;1; ;12;163,474926829839
3359100;1;3;2;1; ; ;3;73; ;1;2; ; ;1; ;12;163,474926829839
3359100;1;4;2;1; ; ;3;73; ;2;2; ; ;1; ;12;163,474926829839
3359100;1;5;2;1; ; ;3;73; ;2;2; ; ;1; ;12;163,474926829839
3359101;1;1;2;1; ; ;4; ;1; ;2; ; ;1; ;12;348,218077993286
3359101;1;2;2;1; ; ;4; ;1; ;2; ; ;1; ;12;348,218077993286
3359101;1;3;2;2;17; ;4; ;1; ;2; ; ;1; ;12;348,218077993286
3359103;1;1;2;2;05; ;3;05; ;1;2; ; ;1; ;12;84,5620327256025
3359103;1;2;2;2;05; ;3;05; ;1;3;05; ;1; ;12;84,5620327256025
3359104;1;1;1; ; ; ; ; ; ; ; ; ; ; ; ;12;55,9231961490784
3359104;1;2;1; ; ; ; ; ; ; ; ; ; ; ; ;12;55,9231961490784
3359104;1;3;1; ; ; ; ; ; ; ; ; ; ; ; ;12;55,9231961490784
3359104;1;4;2;2;18; ;2; ; ;1;2; ; ;1; ;12;55,9231961490784
3359105;1;1;2;2;19; ;2; ; ;1;2; ; ;1; ;12;52,0101468503475
3359106;1;1;2;2;18; ;2; ; ;1;2; ; ;1; ;12;114,207701836285
3359106;1;2;2;2;73; ;2; ; ;1;2; ; ;1; ;12;114,207701836285
3359106;1;3;1; ; ; ; ; ; ; ; ; ; ; ; ;12;114,207701836285
3359107;1;1;2;2;18; ;2; ; ;1;2; ; ;1; ;12;127,885718174302
3359107;1;2;1; ; ; ; ; ; ; ; ; ; ; ; ;12;127,885718174302
3359107;1;3;1; ; ; ; ; ; ; ; ; ; ; ; ;12;127,885718174302
3359108;1;1;1; ; ; ; ; ; ; ; ; ; ; ; ;12;121,607879484908
3359108;1;2;2;1; ; ;2; ; ;1;2; ; ;1; ;12;121,607879484908
3359109;1;1;2;1; ; ;2; ; ;1;2; ; ;1; ;12;70,7783874036246
3359109;1;2;2;2;18; ;3;18; ;1;2; ; ;1; ;12;70,7783874036246
3359110;1;1;1; ; ; ; ; ; ; ; ; ; ; ; ;12;73,073192614437
3359110;1;2;1; ; ; ; ; ; ; ; ; ; ; ; ;12;73,073192614437
3359110;1;3;1; ; ; ; ; ; ; ; ; ; ; ; ;12;73,073192614437
3359110;1;4;1; ; ; ; ; ; ; ; ; ; ; ; ;12;73,073192614437
3359111;1;1;2;2;41; ;2; ; ;1;2; ; ;1; ;12;32,8423416679149
3359111;1;2;2;2;73; ;2; ; ;1;2; ; ;1; ;12;32,8423416679149
3359111;1;3;1; ; ; ; ; ; ; ; ; ; ; ; ;12;32,8423416679149
3359111;1;4;1; ; ; ; ; ; ; ; ; ; ; ; ;12;32,8423416679149
3359112;1;1;2;2;68; ;2; ; ;1;2; ; ;1; ;12;66,817581215499
3359113;1;1;2;2;41; ;2; ; ;1;2; ; ;1; ;12;49,785618137385
3359113;1;2;2;2;18; ;2; ; ;1;2; ; ;1; ;12;49,785618137385
3359113;1;3;2;2;18; ;2; ; ;1;2; ; ;1; ;12;49,785618137385
3359113;1;4;1; ; ; ; ; ; ; ; ; ; ; ; ;12;49,785618137385
3359114;1;1;2;2;73; ;2; ; ;1;2; ; ;1; ;12;76,522284886805
3359114;1;2;2;2;18; ;2; ; ;1;2; ; ;1; ;12;76,522284886805
3359114;1;3;1; ; ; ; ; ; ; ; ; ; ; ; ;12;76,522284886805
3359114;1;4;2;2;18; ;2; ; ;1;2; ; ;1; ;12;76,522284886805
3359114;1;5;2;2;73; ;3;11; ;1;2; ; ;1; ;12;76,522284886805
3359115;1;1;2;2;41; ;2; ; ;1;2; ; ;1; ;12;94,4887234973784
3359115;1;2;1; ; ; ; ; ; ; ; ; ; ; ; ;12;94,4887234973784
3359115;1;3;1; ; ; ; ; ; ; ; ; ; ; ; ;12;94,4887234973784
3359115;1;4;1; ; ; ; ; ; ; ; ; ; ; ; ;12;94,4887234973784
3359116;1;1;1; ; ; ; ; ; ; ; ; ; ; ; ;12;47,1294032569719
3359116;1;2;2;2;18; ;2; ; ;1;2; ; ;1; ;12;47,1294032569719
3359116;1;3;1; ; ; ; ; ; ; ; ; ; ; ; ;12;47,1294032569719
3359117;1;1;1; ; ; ; ; ; ; ; ; ; ; ; ;12;60,8039397424541
3359117;1;2;2;2;73; ;3;11; ;1;2; ; ;1; ;12;60,8039397424541
3359118;1;1;2;2;18; ;2; ; ;1;2; ; ;1; ;12;72,9487480557484
3359118;1;2;2;1; ; ;3;18; ;2;2; ; ;1; ;12;72,9487480557484
3359118;1;3;2;1; ; ;2; ; ;1;2; ; ;1; ;12;72,9487480557484
3359118;1;4;2;1; ; ;1; ; ; ;2; ; ;1; ;12;72,9487480557484
3359118;1;5;1; ; ; ; ; ; ; ; ; ; ; ; ;12;72,9487480557484
3359119;1;1;2;2;76; ;2; ; ;1;2; ; ;1; ;12;60,8039397424541
3359119;1;2;1; ; ; ; ; ; ; ; ; ; ; ; ;12;60,8039397424541
3359120;1;1;2;2;18; ;2; ; ;1;2; ; ;1; ;12;67,1874074158086
3359120;1;2;1; ; ; ; ; ; ; ; ; ; ; ; ;12;67,1874074158086
3359120;1;3;1; ; ; ; ; ; ; ; ; ; ; ; ;12;67,1874074158086
3359120;1;4;1; ; ; ; ; ; ; ; ; ; ; ; ;12;67,1874074158086
3359121;1;1;1; ; ; ; ; ; ; ; ; ; ; ; ;12;111,123572958955
3359121;1;2;1; ; ; ; ; ; ; ; ; ; ; ; ;12;111,123572958955
3359121;1;3;1; ; ; ; ; ; ; ; ; ; ; ; ;12;111,123572958955
3359121;1;4;1; ; ; ; ; ; ; ; ; ; ; ; ;12;111,123572958955
3359121;1;5;1; ; ; ; ; ; ; ; ; ; ; ; ;12;111,123572958955
3359122;1;1;2;2;76; ;2; ; ;1;2; ; ;1; ;12;150,257339286644
3359122;1;2;2;2;17; ;2; ; ;1;2; ; ;1; ;12;150,257339286644
3359123;1;1;2;2;18; ;3;54; ;1;2; ; ;1; ;12;120,485540525679
3359123;1;2;1; ; ; ; ; ; ; ; ; ; ; ; ;12;120,485540525679
3359123;1;3;1; ; ; ; ; ; ; ; ; ; ; ; ;12;120,485540525679
3359123;1;4;2;2;11; ;3;11; ;1;3;11; ;1; ;12;120,485540525679
3359124;1;1;2;2;18; ;3;18; ;1;3;18; ;1; ;12;96,6201160520716
3359124;1;2;2;1; ; ;3;18; ;1;3;18; ;1; ;12;96,6201160520716
3359125;1;1;1; ; ; ; ; ; ; ; ; ; ; ; ;12;93,6332467871909
3359125;1;2;1; ; ; ; ; ; ; ; ; ; ; ; ;12;93,6332467871909
3359126;1;1;1; ; ; ; ; ; ; ; ; ; ; ; ;12;81,8015114752719
3359126;1;2;1; ; ; ; ; ; ; ; ; ; ; ; ;12;81,8015114752719
3359126;1;3;1; ; ; ; ; ; ; ; ; ; ; ; ;12;81,8015114752719
3359127;1;1;2;2;76; ;2; ; ;1;2; ; ;1; ;12;123,503634493821
3359127;1;2;1; ; ; ; ; ; ; ; ; ; ; ; ;12;123,503634493821
3359127;1;3;1; ; ; ; ; ; ; ; ; ; ; ; ;12;123,503634493821
3359128;1;1;1; ; ; ; ; ; ; ; ; ; ; ; ;12;151,118462502279
3359128;1;2;1; ; ; ; ; ; ; ; ; ; ; ; ;12;151,118462502279
3359128;1;3;1; ; ; ; ; ; ; ; ; ; ; ; ;12;151,118462502279
3359128;1;4;2;2;50; ;3;50; ;1;2; ; ;1; ;12;151,118462502279
3359128;1;5;2;2;50; ;3;50; ;1;2; ; ;1; ;12;151,118462502279
3359128;1;6;1; ; ; ; ; ; ; ; ; ; ; ; ;12;151,118462502279
3359129;1;1;2;2;76; ;2; ; ;1;2; ; ;1; ;12;111,776289956831
3359129;1;2;2;2;17; ;2; ; ;1;2; ; ;1; ;12;111,776289956831
3359129;1;3;1; ; ; ; ; ; ; ; ; ; ; ; ;12;111,776289956831
3359129;1;4;1; ; ; ; ; ; ; ; ; ; ; ; ;12;111,776289956831
3359129;1;5;1; ; ; ; ; ; ; ; ; ; ; ; ;12;111,776289956831
3359129;1;6;1; ; ; ; ; ; ; ; ; ; ; ; ;12;111,776289956831
3359129;1;7;1; ; ; ; ; ; ; ; ; ; ; ; ;12;111,776289956831
3359130;1;1;2;1; ; ;3;25; ;1;2; ; ;1; ;12;164,209883035196
3359130;1;2;2;1; ; ;3;25; ;1;2; ; ;1; ;12;164,209883035196
3359130;1;3;2;1; ; ;3;25; ;1;2; ; ;1; ;12;164,209883035196
3359130;1;4;2;1; ; ;3;25; ;1;2; ; ;1; ;12;164,209883035196
3359130;1;5;2;2;25; ;3;25; ;1;2; ; ;1; ;12;164,209883035196
3359131;1;1;2;2;76; ;2; ; ;1;2; ; ;1; ;12;164,894975691097
3359131;1;2;2;1; ; ;2; ; ;1;4; ;3; ;3;12;164,894975691097
3359131;1;3;1; ; ; ; ; ; ; ; ; ; ; ; ;12;164,894975691097
3359131;1;4;2;2;11; ;2; ; ;1;2; ; ;1; ;12;164,894975691097
3359131;1;5;1; ; ; ; ; ; ; ; ; ; ; ; ;12;164,894975691097
3359132;1;1;2;1; ; ;3;66; ;1;2; ; ;1; ;12;194,128999626722
3359132;1;2;2;2;66; ;3;66; ;1;3;66; ;1; ;12;194,128999626722
3359133;1;1;2;2;76; ;2; ; ;1;2; ; ;1; ;12;118,364243105217
3359134;1;1;2;2;18; ;2; ; ;1;2; ; ;1; ;12;124,849365738808
3359134;1;2;2;2;18; ;2; ; ;1;2; ; ;1; ;12;124,849365738808
3359134;1;3;2;2;18; ;2; ; ;1;2; ; ;1; ;12;124,849365738808
3359134;1;4;2;2;18; ;2; ; ;1;2; ; ;1; ;12;124,849365738808
3359135;1;1;2;2;63; ;2; ; ;1;2; ; ;1; ;12;82,8243059501673
3359135;1;2;1; ; ; ; ; ; ; ; ; ; ; ; ;12;82,8243059501673
3359135;1;3;1; ; ; ; ; ; ; ; ; ; ; ; ;12;82,8243059501673
3359135;1;4;2;1; ; ;2; ; ;1;2; ; ;1; ;12;82,8243059501673
3359135;1;5;1; ; ; ; ; ; ; ; ; ; ; ; ;12;82,8243059501673
3359136;1;1;2;2;68; ;3;63; ;2;2; ; ;1; ;12;122,933409836255
3359136;1;2;2;2;73; ;3;63; ;2;2; ; ;1; ;12;122,933409836255
3359136;1;3;2;2;63; ;3;63; ;2;2; ; ;1; ;12;122,933409836255
3359136;1;4;2;2;63; ;3;63; ;2;2; ; ;1; ;12;122,933409836255
3359136;1;5;2;2;76; ;3;50; ;1;2; ; ;1; ;12;122,933409836255
3359137;1;1;2;2;63; ;2; ; ;1;2; ; ;1; ;12;79,2779336940251
3359137;1;2;2;2;63; ;2; ; ;1;2; ; ;1; ;12;79,2779336940251
3359137;1;3;2;2;63; ;2; ; ;1;2; ; ;1; ;12;79,2779336940251
3359138;1;1;2;2;76; ;2; ; ;1;2; ; ;1; ;12;132,629135308532
3359138;1;2;2;2;76; ;2; ; ;1;2; ; ;1; ;12;132,629135308532
3359138;1;3;1; ; ; ; ; ; ; ; ; ; ; ; ;12;132,629135308532
3359138;1;4;2;2;76; ;2; ; ;1;2; ; ;1; ;12;132,629135308532
3359138;1;5;1; ; ; ; ; ; ; ; ; ; ; ; ;12;132,629135308532
3359138;1;6;1; ; ; ; ; ; ; ; ; ; ; ; ;12;132,629135308532
3359139;1;1;2;2;63; ;3;63; ;1;3;63; ;1; ;12;163,93567515
3359139;1;2;1; ; ; ; ; ; ; ; ; ; ; ; ;12;163,93567515
3359141;1;1;2;2;73; ;2; ; ;1;2; ; ;1; ;12;151,609283981099
3359141;1;2;2;2;76; ;2; ; ;1;2; ; ;1; ;12;151,609283981099
3359141;1;3;2;2;73; ;2; ; ;1;2; ; ;1; ;12;151,609283981099
3359141;1;4;2;2;73; ;2; ; ;1;2; ; ;1; ;12;151,609283981099
3359141;1;5;2;2;73; ;2; ; ;1;2; ; ;1; ;12;151,609283981099
3359141;1;6;2;2;73; ;2; ; ;1;2; ; ;1; ;12;151,609283981099
3359141;1;7;2;2;05; ;3;05; ;1;2; ; ;1; ;12;151,609283981099
3359142;1;1;2;2;66; ;2; ; ;1;2; ; ;1; ;12;116,114873209166
3359142;1;2;2;2;19; ;2; ; ;1;2; ; ;1; ;12;116,114873209166
3359142;1;3;1; ; ; ; ; ; ; ; ; ; ; ; ;12;116,114873209166
3359142;1;4;1; ; ; ; ; ; ; ; ; ; ; ; ;12;116,114873209166
3359143;1;1;1; ; ; ; ; ; ; ; ; ; ; ; ;12;94,4881565533586
3359143;1;2;1; ; ; ; ; ; ; ; ; ; ; ; ;12;94,4881565533586
3359144;1;1;1; ; ; ; ; ; ; ; ; ; ; ; ;12;122,585230793854
3359144;1;2;1; ; ; ; ; ; ; ; ; ; ; ; ;12;122,585230793854
3359144;1;3;1; ; ; ; ; ; ; ; ; ; ; ; ;12;122,585230793854
3359144;1;4;2;2;76; ;2; ; ;1;2; ; ;1; ;12;122,585230793854
3359145;1;1;2;2;17; ;2; ; ;1;2; ; ;1; ;12;194,128999626722
3359145;1;2;2;2;17; ;3;17; ;1;2; ; ;1; ;12;194,128999626722
3359146;1;1;1; ; ; ; ; ; ; ; ; ; ; ; ;12;202,798334087627
3359146;1;2;1; ; ; ; ; ; ; ; ; ; ; ; ;12;202,798334087627
3359146;1;3;1; ; ; ; ; ; ; ; ; ; ; ; ;12;202,798334087627
3359146;1;4;1; ; ; ; ; ; ; ; ; ; ; ; ;12;202,798334087627
3359147;1;1;2;2;66; ;2; ; ;1;2; ; ;1; ;12;143,03923581672
3359147;1;2;2;2;73; ;2; ; ;1;2; ; ;1; ;12;143,03923581672
3359147;1;3;2;2;66; ;2; ; ;1;2; ; ;1; ;12;143,03923581672
3359147;1;4;2;2;66; ;2; ; ;1;2; ; ;1; ;12;143,03923581672
3359147;1;5;2;2;66; ;2; ; ;1;2; ; ;1; ;12;143,03923581672
3359147;1;6;1; ; ; ; ; ; ; ; ; ; ; ; ;12;143,03923581672
3359147;1;7;2;2;63; ;2; ; ;1;2; ; ;1; ;12;143,03923581672
3359147;1;8;1; ; ; ; ; ; ; ; ; ; ; ; ;12;143,03923581672
3359148;1;1;2;2;73; ;2; ; ;1;2; ; ;1; ;12;125,1723025089
3359148;1;2;2;2;73; ;2; ; ;1;2; ; ;1; ;12;125,1723025089
3359148;1;3;2;2;73; ;2; ; ;1;2; ; ;1; ;12;125,1723025089
3359149;1;1;2;2;66; ;2; ; ;1;2; ; ;1; ;12;79,6008704641169
3359149;1;2;1; ; ; ; ; ; ; ; ; ; ; ; ;12;79,6008704641169
3359151;1;1;2;2;73; ;2; ; ;1;2; ; ;1; ;12;96,185566460749
3359151;1;2;2;2;76; ;2; ; ;1;2; ; ;1; ;12;96,185566460749
3359151;1;3;1; ; ; ; ; ; ; ; ; ; ; ; ;12;96,185566460749
3359151;1;4;1; ; ; ; ; ; ; ; ; ; ; ; ;12;96,185566460749
3359151;1;5;2;2;73; ;2; ; ;1;2; ; ;1; ;12;96,185566460749
3359152;1;1;1; ; ; ; ; ; ; ; ; ; ; ; ;12;146,042565047474
3359152;1;2;1; ; ; ; ; ; ; ; ; ; ; ; ;12;146,042565047474
3359152;1;3;1; ; ; ; ; ; ; ; ; ; ; ; ;12;146,042565047474
3359153;1;1;2;2;76; ;2; ; ;1;2; ; ;1; ;12;118,364243105217
3359154;1;1;2;1; ; ;2; ; ;1;2; ; ;1; ;12;159,44397223784
3359154;1;2;2;2;25; ;2; ; ;1;2; ; ;1; ;12;159,44397223784
3359154;1;3;2;2;50; ;2; ; ;1;2; ; ;1; ;12;159,44397223784
3359154;1;4;2;2;50; ;2; ; ;1;2; ; ;1; ;12;159,44397223784
3359154;1;5;2;2;63; ;2; ; ;1;2; ; ;1; ;12;159,44397223784
3359154;1;6;2;1; ; ;2; ; ;1;2; ; ;1; ;12;159,44397223784
3359155;1;1;2;2;17; ;2; ; ;1;2; ; ;1; ;12;118,364243105217
3359156;1;1;2;2;63; ;2; ; ;1;2; ; ;1; ;12;132,670827313487
3359156;1;2;2;2;63; ;2; ; ;1;2; ; ;1; ;12;132,670827313487
3359156;1;3;2;2;63; ;2; ; ;1;2; ; ;1; ;12;132,670827313487
3359156;1;4;1; ; ; ; ; ; ; ; ; ; ; ; ;12;132,670827313487
3359157;1;1;2;2;17; ;2; ; ;1;2; ; ;1; ;12;123,826571263913
3359157;1;2;2;2;17; ;2; ; ;1;2; ; ;1; ;12;123,826571263913
3359158;1;1;2;2;17; ;2; ; ;1;2; ; ;1; ;12;116,437809979258
3359158;1;2;1; ; ; ; ; ; ; ; ; ; ; ; ;12;116,437809979258
3359158;1;3;1; ; ; ; ; ; ; ; ; ; ; ; ;12;116,437809979258
3359159;1;1;2;2;63; ;2; ; ;1;2; ; ;1; ;12;125,1723025089
3359159;1;2;2;2;17; ;2; ; ;1;2; ; ;1; ;12;125,1723025089
3359159;1;3;1; ; ; ; ; ; ; ; ; ; ; ; ;12;125,1723025089
3359160;1;1;2;2;63; ;2; ; ;1;2; ; ;1; ;12;162,589943905013
3359161;1;1;2;2;63; ;2; ; ;1;2; ; ;1; ;12;129,250647761118
3359161;1;2;2;2;73; ;2; ; ;1;2; ; ;1; ;12;129,250647761118
3359161;1;3;1; ; ; ; ; ; ; ; ; ; ; ; ;12;129,250647761118
3359161;1;4;1; ; ; ; ; ; ; ; ; ; ; ; ;12;129,250647761118
3359161;1;5;2;2;63; ;2; ; ;1;2; ; ;1; ;12;129,250647761118
3359161;1;6;2;2;73; ;2; ; ;1;2; ; ;1; ;12;129,250647761118
3359162;1;1;1; ; ; ; ; ; ; ; ; ; ; ; ;12;164,790584916168
3359162;1;2;1; ; ; ; ; ; ; ; ; ; ; ; ;12;164,790584916168
3359163;1;1;1; ; ; ; ; ; ; ; ; ; ; ; ;12;162,864151790208
3359163;1;2;1; ; ; ; ; ; ; ; ; ; ; ; ;12;162,864151790208
3359163;1;3;1; ; ; ; ; ; ; ; ; ; ; ; ;12;162,864151790208
3359163;1;4;1; ; ; ; ; ; ; ; ; ; ; ; ;12;162,864151790208
3359164;1;1;1; ; ; ; ; ; ; ; ; ; ; ; ;12;160,663510779054
3359164;1;2;2;2;63; ;2; ; ;1;2; ; ;1; ;12;160,663510779054
3359164;1;3;1; ; ; ; ; ; ; ; ; ; ; ; ;12;160,663510779054
3359165;1;1;2;2;63; ;2; ; ;1;2; ; ;1; ;12;135,271875871941
3359165;1;2;2;1; ; ;3;66; ;1;3;66; ;1; ;12;135,271875871941
3359165;1;3;2;1; ; ;1; ; ; ;3;66; ;1; ;12;135,271875871941
3359166;1;1;1; ; ; ; ; ; ; ; ; ; ; ; ;12;131,002159298408
3359166;1;2;1; ; ; ; ; ; ; ; ; ; ; ; ;12;131,002159298408
3359166;1;3;1; ; ; ; ; ; ; ; ; ; ; ; ;12;131,002159298408
3359166;1;4;1; ; ; ; ; ; ; ; ; ; ; ; ;12;131,002159298408
3359167;1;1;1; ; ; ; ; ; ; ; ; ; ; ; ;12;118,041306335125
3359167;1;2;1; ; ; ; ; ; ; ; ; ; ; ; ;12;118,041306335125
3359168;1;1;2;2;05; ;2; ; ;1;2; ; ;1; ;12;160,663510779054
3359168;1;2;2;2;63; ;2; ; ;1;2; ; ;1; ;12;160,663510779054
3359168;1;3;1; ; ; ; ; ; ; ; ; ; ; ; ;12;160,663510779054
3359169;1;1;2;1; ; ;2; ; ;1;2; ; ;1; ;12;142,770400676528
3359169;1;2;1; ; ; ; ; ; ; ; ; ; ; ; ;12;142,770400676528
3359169;1;3;2;2;05; ;2; ; ;1;2; ; ;1; ;12;142,770400676528
3359169;1;4;1; ; ; ; ; ; ; ; ; ; ; ; ;12;142,770400676528
3359170;1;1;1; ; ; ; ; ; ; ; ; ; ; ; ;12;95,510951028254
3359170;1;2;1; ; ; ; ; ; ; ; ; ; ; ; ;12;95,510951028254
3359170;1;3;1; ; ; ; ; ; ; ; ; ; ; ; ;12;95,510951028254
3359170;1;4;2;2;63; ;2; ; ;1;2; ; ;1; ;12;95,510951028254
3359171;1;1;2;2;17; ;2; ; ;1;2; ; ;1; ;12;103,40988338014
3359171;1;2;2;2;11; ;2; ; ;1;2; ; ;1; ;12;103,40988338014
3359171;1;3;1; ; ; ; ; ; ; ; ; ; ; ; ;12;103,40988338014
3359172;1;1;1; ; ; ; ; ; ; ; ; ; ; ; ;12;223,276793177307
3359172;1;2;2;3; ;11;2; ; ;1;2; ; ;1; ;12;223,276793177307
3359172;1;3;2;2;11; ;1; ; ; ;2; ; ;1; ;12;223,276793177307
3359172;1;4;1; ; ; ; ; ; ; ; ; ; ; ; ;12;223,276793177307
3359172;1;5;2;1; ; ;4; ;2; ;3;11; ;1; ;12;223,276793177307
3359172;1;6;2;3; ;2;1; ; ; ;3;11; ;1; ;12;223,276793177307
3359172;1;7;1; ; ; ; ; ; ; ; ; ; ; ; ;12;223,276793177307
3359173;1;1;2;2;17; ;2; ; ;1;2; ; ;1; ;12;133,742350673278
3359173;1;2;1; ; ; ; ; ; ; ; ; ; ; ; ;12;133,742350673278
3359174;1;1;2;2;17; ;2; ; ;1;2; ; ;1; ;12;123,826571263913
3359174;1;2;2;2;76; ;2; ; ;1;2; ; ;1; ;12;123,826571263913
3359175;1;1;1; ; ; ; ; ; ; ; ; ; ; ; ;12;65,5254440916518
3359175;1;2;1; ; ; ; ; ; ; ; ; ; ; ; ;12;65,5254440916518
3359176;1;1;2;2;41; ;2; ; ;1;2; ; ;1; ;12;111,139926185826
3359176;1;2;1; ; ; ; ; ; ; ; ; ; ; ; ;12;111,139926185826
3359176;1;3;1; ; ; ; ; ; ; ; ; ; ; ; ;12;111,139926185826
3359177;1;1;2;2;73; ;2; ; ;1;2; ; ;1; ;12;118,364243105217
3359178;1;1;1; ; ; ; ; ; ; ; ; ; ; ; ;12;128,801518287253
3359178;1;2;1; ; ; ; ; ; ; ; ; ; ; ; ;12;128,801518287253
3359178;1;3;1; ; ; ; ; ; ; ; ; ; ; ; ;12;128,801518287253
3359179;1;1;2;2;25; ;2; ; ;1;2; ; ;1; ;12;117,378765769415
3359179;1;2;1; ; ; ; ; ; ; ; ; ; ; ; ;12;117,378765769415
3359179;1;3;1; ; ; ; ; ; ; ; ; ; ; ; ;12;117,378765769415
3359179;1;4;1; ; ; ; ; ; ; ; ; ; ; ; ;12;117,378765769415
3359180;1;1;1; ; ; ; ; ; ; ; ; ; ; ; ;12;119,709974350204
3359180;1;2;1; ; ; ; ; ; ; ; ; ; ; ; ;12;119,709974350204
3359181;1;1;1; ; ; ; ; ; ; ; ; ; ; ; ;12;91,0461750721453
3359181;1;2;1; ; ; ; ; ; ; ; ; ; ; ; ;12;91,0461750721453
3359181;1;3;1; ; ; ; ; ; ; ; ; ; ; ; ;12;91,0461750721453
3359182;1;1;1; ; ; ; ; ; ; ; ; ; ; ; ;12;92,2875155422036
3359183;1;1;2;2;63; ;2; ; ;1;2; ; ;1; ;12;92,2875155422036
3359184;1;1;1; ; ; ; ; ; ; ; ; ; ; ; ;12;129,124455057345
3359184;1;2;1; ; ; ; ; ; ; ; ; ; ; ; ;12;129,124455057345
3359185;1;1;1; ; ; ; ; ; ; ; ; ; ; ; ;12;162,267007134921
3359185;1;2;1; ; ; ; ; ; ; ; ; ; ; ; ;12;162,267007134921
3359186;1;1;1; ; ; ; ; ; ; ; ; ; ; ; ;12;149,580362056834
3359186;1;2;1; ; ; ; ; ; ; ; ; ; ; ; ;12;149,580362056834
3359186;1;3;1; ; ; ; ; ; ; ; ; ; ; ; ;12;149,580362056834
3359187;1;1;2;2;76; ;2; ; ;1;2; ; ;1; ;12;164,790584916168
3359187;1;2;2;2;66; ;3;63; ;1;2; ; ;1; ;12;164,790584916168
3359188;1;1;2;2;13; ;2; ; ;1;2; ; ;1; ;12;91,0740646855179
3359188;1;2;2;2;13; ;2; ; ;1;2; ; ;1; ;12;91,0740646855179
3359188;1;3;2;2;13; ;2; ; ;1;2; ; ;1; ;12;91,0740646855179
3359188;1;4;2;2;13; ;2; ; ;1;2; ; ;1; ;12;91,0740646855179
3359188;1;5;2;2;13; ;2; ; ;1;2; ; ;1; ;12;91,0740646855179
3359189;1;1;2;2;70; ;2; ; ;1;2; ; ;1; ;12;77,5069939957751
3359189;1;2;1; ; ; ; ; ; ; ; ; ; ; ; ;12;77,5069939957751
3359189;1;3;1; ; ; ; ; ; ; ; ; ; ; ; ;12;77,5069939957751
3359189;1;4;1; ; ; ; ; ; ; ; ; ; ; ; ;12;77,5069939957751
3359190;1;1;2;2;70; ;2; ; ;1;2; ; ;1; ;12;78,3585078958956
3359190;1;2;2;2;70; ;2; ; ;1;2; ; ;1; ;12;78,3585078958956
3359191;1;1;1; ; ; ; ; ; ; ; ; ; ; ; ;12;98,2069661687437
3359191;1;2;1; ; ; ; ; ; ; ; ; ; ; ; ;12;98,2069661687437
3359191;1;3;1; ; ; ; ; ; ; ; ; ; ; ; ;12;98,2069661687437
3359191;1;4;1; ; ; ; ; ; ; ; ; ; ; ; ;12;98,2069661687437
3359192;1;1;2;1; ; ;2; ; ;1;2; ; ;1; ;12;62,7631012595204
3359192;1;2;1; ; ; ; ; ; ; ; ; ; ; ; ;12;62,7631012595204
3359192;1;3;1; ; ; ; ; ; ; ; ; ; ; ; ;12;62,7631012595204
3359193;1;1;2;2;05; ;2; ; ;1;2; ; ;1; ;12;110,686297777818
3359193;1;2;1; ; ; ; ; ; ; ; ; ; ; ; ;12;110,686297777818
3359193;1;3;1; ; ; ; ; ; ; ; ; ; ; ; ;12;110,686297777818
3359193;1;4;2;2;23; ;3;23; ;1;2; ; ;1; ;12;110,686297777818
3359194;1;1;1; ; ; ; ; ; ; ; ; ; ; ; ;12;68,0981760649808
3359194;1;2;2;2;70; ;2; ; ;1;2; ; ;1; ;12;68,0981760649808
3359194;1;3;1; ; ; ; ; ; ; ; ; ; ; ; ;12;68,0981760649808
3359195;1;1;1; ; ; ; ; ; ; ; ; ; ; ; ;12;72,8309858684876
3359195;1;2;2;1; ; ;2; ; ;1;2; ; ;1; ;12;72,8309858684876
3359195;1;3;2;3; ;3;2; ; ;1;2; ; ;1; ;12;72,8309858684876
3359196;1;1;2;2;23; ;2; ; ;1;2; ; ;1; ;12;131,386269950787
3359196;1;2;2;2;70; ;2; ; ;1;2; ; ;1; ;12;131,386269950787
3359196;1;3;2;2;70; ;2; ; ;1;2; ; ;1; ;12;131,386269950787
3359196;1;4;2;2;70; ;3;70; ;1;2; ; ;1; ;12;131,386269950787
3359197;1;1;1; ; ; ; ; ; ; ; ; ; ; ; ;12;122,374383717507
3359197;1;2;2;2;70; ;2; ; ;1;2; ; ;1; ;12;122,374383717507
3359197;1;3;1; ; ; ; ; ; ; ; ; ; ; ; ;12;122,374383717507
3359197;1;4;1; ; ; ; ; ; ; ; ; ; ; ; ;12;122,374383717507
3359197;1;5;1; ; ; ; ; ; ; ; ; ; ; ; ;12;122,374383717507
3359197;1;6;1; ; ; ; ; ; ; ; ; ; ; ; ;12;122,374383717507
3359197;1;7;1; ; ; ; ; ; ; ; ; ; ; ; ;12;122,374383717507
3359198;1;1;1; ; ; ; ; ; ; ; ; ; ; ; ;12;245,359887709651
3359198;1;2;2;1; ; ;3;13; ;1;2; ; ;1; ;12;245,359887709651
3359198;1;3;1; ; ; ; ; ; ; ; ; ; ; ; ;12;245,359887709651
3359198;1;4;1; ; ; ; ; ; ; ; ; ; ; ; ;12;245,359887709651
3359198;1;5;1; ; ; ; ; ; ; ; ; ; ; ; ;12;245,359887709651
3359198;1;6;1; ; ; ; ; ; ; ; ; ; ; ; ;12;245,359887709651
3359198;1;7;1; ; ; ; ; ; ; ; ; ; ; ; ;12;245,359887709651
3359198;1;8;1; ; ; ; ; ; ; ; ; ; ; ; ;12;245,359887709651
3359199;1;1;1; ; ; ; ; ; ; ; ; ; ; ; ;12;173,691925392091
3359199;1;2;2;2;23; ;2; ; ;1;2; ; ;1; ;12;173,691925392091
3359199;1;3;1; ; ; ; ; ; ; ; ; ; ; ; ;12;173,691925392091
3359199;1;4;1; ; ; ; ; ; ; ; ; ; ; ; ;12;173,691925392091
3359199;1;5;1; ; ; ; ; ; ; ; ; ; ; ; ;12;173,691925392091
3359199;1;6;1; ; ; ; ; ; ; ; ; ; ; ; ;12;173,691925392091
3359200;1;1;2;2;23; ;2; ; ;1;2; ; ;1; ;12;76,6177708506754
3359200;1;2;2;2;70; ;2; ; ;1;2; ; ;1; ;12;76,6177708506754
3359200;1;3;1; ; ; ; ; ; ; ; ; ; ; ; ;12;76,6177708506754
3359200;1;4;1; ; ; ; ; ; ; ; ; ; ; ; ;12;76,6177708506754
3359201;1;1;1; ; ; ; ; ; ; ; ; ; ; ; ;12;78,3585078958956
3359201;1;2;1; ; ; ; ; ; ; ; ; ; ; ; ;12;78,3585078958956
3359202;1;1;2;2;23; ;2; ; ;1;2; ; ;1; ;12;78,3585078958956
3359202;1;2;2;2;13; ;2; ; ;1;2; ; ;1; ;12;78,3585078958956
3359203;1;1;2;2;70; ;2; ; ;1;2; ; ;1; ;12;162,012360153101
3359203;1;2;1; ; ; ; ; ; ; ; ; ; ; ; ;12;162,012360153101
3359203;1;3;1; ; ; ; ; ; ; ; ; ; ; ; ;12;162,012360153101
3359203;1;4;1; ; ; ; ; ; ; ; ; ; ; ; ;12;162,012360153101
3359203;1;5;2;2;13; ;3;13; ;2;3;13; ;2;2;12;162,012360153101
3359204;1;1;2;2;13; ;2; ; ;1;2; ; ;1; ;12;116,463068703393
3359205;1;1;2;1; ; ;2; ; ;1;2; ; ;1; ;12;112,023779862673
3359205;1;2;1; ; ; ; ; ; ; ; ; ; ; ; ;12;112,023779862673
3359205;1;3;1; ; ; ; ; ; ; ; ; ; ; ; ;12;112,023779862673
3359205;1;4;1; ; ; ; ; ; ; ; ; ; ; ; ;12;112,023779862673
3359206;1;1;1; ; ; ; ; ; ; ; ; ; ; ; ;12;144,527354520164
3359206;1;2;2;2;18; ;2; ; ;1;2; ; ;1; ;12;144,527354520164
3359206;1;3;1; ; ; ; ; ; ; ; ; ; ; ; ;12;144,527354520164
3359206;1;4;1; ; ; ; ; ; ; ; ; ; ; ; ;12;144,527354520164
3359206;1;5;1; ; ; ; ; ; ; ; ; ; ; ; ;12;144,527354520164
3359206;1;6;1; ; ; ; ; ; ; ; ; ; ; ; ;12;144,527354520164
3359207;1;1;1; ; ; ; ; ; ; ; ; ; ; ; ;12;110,686297777818
3359207;1;2;2;2;70; ;2; ; ;1;2; ; ;1; ;12;110,686297777818
3359207;1;3;1; ; ; ; ; ; ; ; ; ; ; ; ;12;110,686297777818
3359207;1;4;1; ; ; ; ; ; ; ; ; ; ; ; ;12;110,686297777818
3359208;1;1;1; ; ; ; ; ; ; ; ; ; ; ; ;12;83,7431730317998
3359208;1;2;1; ; ; ; ; ; ; ; ; ; ; ; ;12;83,7431730317998
3359208;1;3;1; ; ; ; ; ; ; ; ; ; ; ; ;12;83,7431730317998
3359209;1;1;1; ; ; ; ; ; ; ; ; ; ; ; ;12;115,183280046634
3359209;1;2;2;2;70; ;2; ; ;1;2; ; ;1; ;12;115,183280046634
3359209;1;3;1; ; ; ; ; ; ; ; ; ; ; ; ;12;115,183280046634
3359209;1;4;1; ; ; ; ; ; ; ; ; ; ; ; ;12;115,183280046634
3359209;1;5;1; ; ; ; ; ; ; ; ; ; ; ; ;12;115,183280046634
3359209;1;6;1; ; ; ; ; ; ; ; ; ; ; ; ;12;115,183280046634
3359209;1;7;1; ; ; ; ; ; ; ; ; ; ; ; ;12;115,183280046634
3359209;1;8;1; ; ; ; ; ; ; ; ; ; ; ; ;12;115,183280046634
3359209;1;9;1; ; ; ; ; ; ; ; ; ; ; ; ;12;115,183280046634
3359210;1;1;2;2;08; ;3;70; ;1;2; ; ;1; ;12;101,103887247566
3359210;1;2;2;2;70; ;2; ; ;1;2; ; ;1; ;12;101,103887247566
3359210;1;3;1; ; ; ; ; ; ; ; ; ; ; ; ;12;101,103887247566
3359210;1;4;1; ; ; ; ; ; ; ; ; ; ; ; ;12;101,103887247566
3359210;1;5;1; ; ; ; ; ; ; ; ; ; ; ; ;12;101,103887247566
3359211;1;1;1; ; ; ; ; ; ; ; ; ; ; ; ;12;93,8048924669834
3359211;1;2;2;2;70; ;3;70; ;1;2; ; ;1; ;12;93,8048924669834
3359211;1;3;1; ; ; ; ; ; ; ; ; ; ; ; ;12;93,8048924669834
3359211;1;4;1; ; ; ; ; ; ; ; ; ; ; ; ;12;93,8048924669834
3359211;1;5;1; ; ; ; ; ; ; ; ; ; ; ; ;12;93,8048924669834
3359211;2;1;2;2;70; ;2; ; ;1;2; ; ;1; ;12;93,8048924669834
3359211;2;2;1; ; ; ; ; ; ; ; ; ; ; ; ;12;93,8048924669834
3359211;2;3;1; ; ; ; ; ; ; ; ; ; ; ; ;12;93,8048924669834
3359212;1;1;1; ; ; ; ; ; ; ; ; ; ; ; ;12;99,5633028760884
3359212;1;2;1; ; ; ; ; ; ; ; ; ; ; ; ;12;99,5633028760884
3359212;1;3;1; ; ; ; ; ; ; ; ; ; ; ; ;12;99,5633028760884
3359212;1;4;1; ; ; ; ; ; ; ; ; ; ; ; ;12;99,5633028760884
3359212;1;5;1; ; ; ; ; ; ; ; ; ; ; ; ;12;99,5633028760884
3359213;1;1;1; ; ; ; ; ; ; ; ; ; ; ; ;12;86,2381732785746
3359213;1;2;1; ; ; ; ; ; ; ; ; ; ; ; ;12;86,2381732785746
3359213;1;3;1; ; ; ; ; ; ; ; ; ; ; ; ;12;86,2381732785746
3359213;1;4;1; ; ; ; ; ; ; ; ; ; ; ; ;12;86,2381732785746
3359213;1;5;2;2;23; ;2; ; ;1;2; ; ;1; ;12;86,2381732785746
3359213;1;6;1; ; ; ; ; ; ; ; ; ; ; ; ;12;86,2381732785746
3359213;1;7;1; ; ; ; ; ; ; ; ; ; ; ; ;12;86,2381732785746
3359213;1;8;1; ; ; ; ; ; ; ; ; ; ; ; ;12;86,2381732785746
3359213;1;9;1; ; ; ; ; ; ; ; ; ; ; ; ;12;86,2381732785746
3359213;1;10;1; ; ; ; ; ; ; ; ; ; ; ; ;12;86,2381732785746
3359213;1;11;1; ; ; ; ; ; ; ; ; ; ; ; ;12;86,2381732785746
3359214;1;1;1; ; ; ; ; ; ; ; ; ; ; ; ;12;106,010289650531
3359214;1;2;2;2;70; ;2; ; ;1;2; ; ;1; ;12;106,010289650531
3359214;1;3;1; ; ; ; ; ; ; ; ; ; ; ; ;12;106,010289650531
3359215;1;1;2;1; ; ;2; ; ;1;2; ; ;1; ;12;77,7811959744953
3359215;1;2;2;2;41; ;2; ; ;1;2; ; ;1; ;12;77,7811959744953
3359215;1;3;1; ; ; ; ; ; ; ; ; ; ; ; ;12;77,7811959744953
3359215;1;4;2;2;41; ;3;18; ;2;2; ; ;1; ;12;77,7811959744953
3359216;1;1;2;2;41; ;3;41; ;2;2; ; ;1; ;12;77,7811959744953
3359216;1;2;2;2;41; ;3;41; ;2;2; ; ;1; ;12;77,7811959744953
3359216;1;3;2;2;41; ;3;41; ;2;2; ; ;1; ;12;77,7811959744953
3359216;1;4;2;2;41; ;3;41; ;2;2; ; ;1; ;12;77,7811959744953
3359216;1;5;1; ; ; ; ; ; ; ; ; ; ; ; ;12;77,7811959744953
3359216;1;6;1; ; ; ; ; ; ; ; ; ; ; ; ;12;77,7811959744953
3359217;1;1;1; ; ; ; ; ; ; ; ; ; ; ; ;12;154,269767647168
3359217;1;2;1; ; ; ; ; ; ; ; ; ; ; ; ;12;154,269767647168
3359217;1;3;1; ; ; ; ; ; ; ; ; ; ; ; ;12;154,269767647168
3359217;1;4;1; ; ; ; ; ; ; ; ; ; ; ; ;12;154,269767647168
3359217;1;5;1; ; ; ; ; ; ; ; ; ; ; ; ;12;154,269767647168
3359217;1;6;2;2;41; ;2; ; ;1;2; ; ;1; ;12;154,269767647168
3359217;1;7;1; ; ; ; ; ; ; ; ; ; ; ; ;12;154,269767647168
3359217;1;8;1; ; ; ; ; ; ; ; ; ; ; ; ;12;154,269767647168
3359217;1;9;2;1; ; ;3;41; ;2;3;41; ;2;2;12;154,269767647168
3359218;1;1;2;2;18; ;3;11; ;1;3;41; ;2;4;12;205,517578290741
3359218;1;2;2;2;18; ;3;11; ;1;3;41; ;2;4;12;205,517578290741
3359218;1;3;2;2;18; ;3;11; ;1;3;41; ;2;4;12;205,517578290741
3359218;1;4;2;2;11; ;3;11; ;1;3;41; ;2;4;12;205,517578290741
3359219;1;1;1; ; ; ; ; ; ; ; ; ; ; ; ;12;217,62347593078
3359219;1;2;2;2;41; ;3;41; ;1;2; ; ;1; ;12;217,62347593078
3359219;2;1;2;1; ; ;3;11; ;1;3;11; ;1; ;12;217,62347593078
3359219;2;2;2;1; ; ;2; ; ;1;3;11; ;1; ;12;217,62347593078
3359219;2;3;2;1; ; ;2; ; ;1;3;11; ;1; ;12;217,62347593078
3359219;2;4;2;2;73; ;1; ; ; ;3;11; ;1; ;12;217,62347593078
3359220;1;1;1; ; ; ; ; ; ; ; ; ; ; ; ;12;264,991487230904
3359220;1;2;2;2;73; ;2; ; ;1;2; ; ;1; ;12;264,991487230904
3359220;1;3;2;2;11; ;2; ; ;1;2; ; ;1; ;12;264,991487230904
3359220;1;4;2;2;11; ;2; ; ;1;2; ; ;1; ;12;264,991487230904
3359220;1;5;1; ; ; ; ; ; ; ; ; ; ; ; ;12;264,991487230904
3359220;1;6;1; ; ; ; ; ; ; ; ; ; ; ; ;12;264,991487230904
3359220;1;7;1; ; ; ; ; ; ; ; ; ; ; ; ;12;264,991487230904
3359220;1;8;1; ; ; ; ; ; ; ; ; ; ; ; ;12;264,991487230904
3359220;1;9;1; ; ; ; ; ; ; ; ; ; ; ; ;12;264,991487230904
3359221;1;1;1; ; ; ; ; ; ; ; ; ; ; ; ;12;338,294021869014
3359221;1;2;1; ; ; ; ; ; ; ; ; ; ; ; ;12;338,294021869014
3359221;1;3;1; ; ; ; ; ; ; ; ; ; ; ; ;12;338,294021869014
3359222;1;1;2;2;41; ;3;41; ;1;2; ; ;1; ;12;320,08506109575
3359222;1;2;2;2;41; ;3;41; ;1;2; ; ;1; ;12;320,08506109575
3359222;1;3;2;1; ; ;3;41; ;1;2; ; ;1; ;12;320,08506109575
3359223;1;1;1; ; ; ; ; ; ; ; ; ; ; ; ;12;145,356676207672
3359223;1;2;2;2;63; ;2; ; ;1;2; ; ;1; ;12;145,356676207672
3359223;1;3;1; ; ; ; ; ; ; ; ; ; ; ; ;12;145,356676207672
3359224;1;1;2;2;73; ;2; ; ;1;2; ; ;1; ;12;186,592933939885
3359224;1;2;1; ; ; ; ; ; ; ; ; ; ; ; ;12;186,592933939885
3359224;1;3;1; ; ; ; ; ; ; ; ; ; ; ; ;12;186,592933939885
3359225;1;1;2;2;41; ;2; ; ;1;2; ; ;1; ;12;118,205272954231
3359225;1;2;2;2;41; ;2; ; ;1;2; ; ;1; ;12;118,205272954231
3359225;1;3;2;2;41; ;2; ; ;1;2; ; ;1; ;12;118,205272954231
3359225;1;4;1; ; ; ; ; ; ; ; ; ; ; ; ;12;118,205272954231
3359226;1;1;2;2;70; ;2; ; ;1;2; ; ;1; ;12;96,4278791202782
3359226;1;2;1; ; ; ; ; ; ; ; ; ; ; ; ;12;96,4278791202782
3359226;1;3;1; ; ; ; ; ; ; ; ; ; ; ; ;12;96,4278791202782
3359226;1;4;1; ; ; ; ; ; ; ; ; ; ; ; ;12;96,4278791202782
3359227;1;1;1; ; ; ; ; ; ; ; ; ; ; ; ;12;112,720555785825
3359227;1;2;1; ; ; ; ; ; ; ; ; ; ; ; ;12;112,720555785825
3359227;1;3;1; ; ; ; ; ; ; ; ; ; ; ; ;12;112,720555785825
3359227;1;4;1; ; ; ; ; ; ; ; ; ; ; ; ;12;112,720555785825
3359227;1;5;1; ; ; ; ; ; ; ; ; ; ; ; ;12;112,720555785825
3359228;1;1;2;2;70; ;2; ; ;1;2; ; ;1; ;12;97,1062945269605
3359228;1;2;1; ; ; ; ; ; ; ; ; ; ; ; ;12;97,1062945269605
3359228;1;3;1; ; ; ; ; ; ; ; ; ; ; ; ;12;97,1062945269605
3359228;1;4;1; ; ; ; ; ; ; ; ; ; ; ; ;12;97,1062945269605
3359228;1;5;1; ; ; ; ; ; ; ; ; ; ; ; ;12;97,1062945269605
3359229;1;1;1; ; ; ; ; ; ; ; ; ; ; ; ;12;78,3585078958956
3359229;1;2;1; ; ; ; ; ; ; ; ; ; ; ; ;12;78,3585078958956
3359230;1;1;2;2;05; ;2; ; ;1;2; ; ;1; ;12;66,7666160415005
3359230;1;2;2;2;70; ;2; ; ;1;2; ; ;1; ;12;66,7666160415005
3359230;1;3;1; ; ; ; ; ; ; ; ; ; ; ; ;12;66,7666160415005
3359230;2;1;2;2;27; ;2; ; ;1;2; ; ;1; ;12;66,7666160415005
3359230;2;2;1; ; ; ; ; ; ; ; ; ; ; ; ;12;66,7666160415005
3359230;2;3;1; ; ; ; ; ; ; ; ; ; ; ; ;12;66,7666160415005
3359231;1;1;1; ; ; ; ; ; ; ; ; ; ; ; ;12;47,8721209539674
3359231;1;2;1; ; ; ; ; ; ; ; ; ; ; ; ;12;47,8721209539674
3359231;1;3;1; ; ; ; ; ; ; ; ; ; ; ; ;12;47,8721209539674
3359231;1;4;1; ; ; ; ; ; ; ; ; ; ; ; ;12;47,8721209539674
3359231;2;1;2;2;70; ;2; ; ;1;2; ; ;1; ;12;47,8721209539674
3359231;2;2;1; ; ; ; ; ; ; ; ; ; ; ; ;12;47,8721209539674
3359231;2;3;2;2;08; ;2; ; ;1;2; ; ;1; ;12;47,8721209539674
3359231;2;4;1; ; ; ; ; ; ; ; ; ; ; ; ;12;47,8721209539674
3359232;1;1;1; ; ; ; ; ; ; ; ; ; ; ; ;12;89,9808923458361
3359232;1;2;2;2;13; ;2; ; ;1;2; ; ;1; ;12;89,9808923458361
3359232;1;3;1; ; ; ; ; ; ; ; ; ; ; ; ;12;89,9808923458361
3359232;1;4;2;2;47; ;2; ; ;1;2; ; ;1; ;12;89,9808923458361
3359232;1;5;1; ; ; ; ; ; ; ; ; ; ; ; ;12;89,9808923458361
3359232;1;6;1; ; ; ; ; ; ; ; ; ; ; ; ;12;89,9808923458361
3359233;1;1;2;2;41; ;2; ; ;1;2; ; ;1; ;12;141,806424697094
3359233;1;2;2;2;41; ;2; ; ;1;2; ; ;1; ;12;141,806424697094
3359233;1;3;1; ; ; ; ; ; ; ; ; ; ; ; ;12;141,806424697094
3359233;1;4;2;1; ; ;2; ; ;2;3;41; ;2;2;12;141,806424697094
3359234;1;1;1; ; ; ; ; ; ; ; ; ; ; ; ;12;131,465984558858
3359234;1;2;1; ; ; ; ; ; ; ; ; ; ; ; ;12;131,465984558858
3359234;1;3;2;2;11; ;2; ; ;1;2; ; ;1; ;12;131,465984558858
3359234;1;4;2;2;41; ;2; ; ;1;2; ; ;1; ;12;131,465984558858
3359235;1;1;1; ; ; ; ; ; ; ; ; ; ; ; ;12;69,5673902865716
3359235;1;2;1; ; ; ; ; ; ; ; ; ; ; ; ;12;69,5673902865716
3359235;1;3;1; ; ; ; ; ; ; ; ; ; ; ; ;12;69,5673902865716
3359235;1;4;1; ; ; ; ; ; ; ; ; ; ; ; ;12;69,5673902865716
3359236;1;1;1; ; ; ; ; ; ; ; ; ; ; ; ;12;99,3925788893295
3359237;1;1;2;2;15; ;2; ; ;1;2; ; ;1; ;12;71,3899822107495
3359237;1;2;1; ; ; ; ; ; ; ; ; ; ; ; ;12;71,3899822107495
3359237;1;3;1; ; ; ; ; ; ; ; ; ; ; ; ;12;71,3899822107495
3359238;1;1;1; ; ; ; ; ; ; ; ; ; ; ; ;12;92,9058981795155
3359238;1;2;1; ; ; ; ; ; ; ; ; ; ; ; ;12;92,9058981795155
3359238;1;3;1; ; ; ; ; ; ; ; ; ; ; ; ;12;92,9058981795155
3359239;1;1;1; ; ; ; ; ; ; ; ; ; ; ; ;12;135,730417874987
3359239;1;2;1; ; ; ; ; ; ; ; ; ; ; ; ;12;135,730417874987
3359239;1;3;1; ; ; ; ; ; ; ; ; ; ; ; ;12;135,730417874987
3359239;1;4;1; ; ; ; ; ; ; ; ; ; ; ; ;12;135,730417874987
3359239;1;5;1; ; ; ; ; ; ; ; ; ; ; ; ;12;135,730417874987
3359240;1;1;2;2;15; ;2; ; ;1;2; ; ;1; ;12;95,1823514737776
3359240;1;2;1; ; ; ; ; ; ; ; ; ; ; ; ;12;95,1823514737776
3359241;1;1;1; ; ; ; ; ; ; ; ; ; ; ; ;12;62,2207242292155
3359241;1;2;2;2;15; ;2; ; ;1;2; ; ;1; ;12;62,2207242292155
3359241;1;3;1; ; ; ; ; ; ; ; ; ; ; ; ;12;62,2207242292155
3359241;1;4;1; ; ; ; ; ; ; ; ; ; ; ; ;12;62,2207242292155
3359241;1;5;1; ; ; ; ; ; ; ; ; ; ; ; ;12;62,2207242292155
3359241;2;1;2;2;15; ;3;15; ;1;2; ; ;1; ;12;62,2207242292155
3359241;2;2;1; ; ; ; ; ; ; ; ; ; ; ; ;12;62,2207242292155
3359241;2;3;1; ; ; ; ; ; ; ; ; ; ; ; ;12;62,2207242292155
3359242;1;1;1; ; ; ; ; ; ; ; ; ; ; ; ;12;113,657760138379
3359242;1;2;1; ; ; ; ; ; ; ; ; ; ; ; ;12;113,657760138379
3359242;1;3;1; ; ; ; ; ; ; ; ; ; ; ; ;12;113,657760138379
3359242;1;4;1; ; ; ; ; ; ; ; ; ; ; ; ;12;113,657760138379
3359243;1;1;2;2;15; ;2; ; ;1;2; ; ;1; ;12;56,2363726222411
3359243;1;2;2;2;15; ;3;15; ;1;2; ; ;1; ;12;56,2363726222411
3359244;1;1;1; ; ; ; ; ; ; ; ; ; ; ; ;12;111,220108917736
3359244;1;2;1; ; ; ; ; ; ; ; ; ; ; ; ;12;111,220108917736
3359245;1;1;1; ; ; ; ; ; ; ; ; ; ; ; ;12;131,481931280055
3359245;1;2;1; ; ; ; ; ; ; ; ; ; ; ; ;12;131,481931280055
3359245;1;3;1; ; ; ; ; ; ; ; ; ; ; ; ;12;131,481931280055
3359245;1;4;1; ; ; ; ; ; ; ; ; ; ; ; ;12;131,481931280055
3359246;1;1;1; ; ; ; ; ; ; ; ; ; ; ; ;12;113,761636212504
3359246;1;2;1; ; ; ; ; ; ; ; ; ; ; ; ;12;113,761636212504
3359246;1;3;1; ; ; ; ; ; ; ; ; ; ; ; ;12;113,761636212504
3359247;1;1;1; ; ; ; ; ; ; ; ; ; ; ; ;12;56,539732653665
3359247;1;2;1; ; ; ; ; ; ; ; ; ; ; ; ;12;56,539732653665
3359247;1;3;1; ; ; ; ; ; ; ; ; ; ; ; ;12;56,539732653665
3359247;1;4;1; ; ; ; ; ; ; ; ; ; ; ; ;12;56,539732653665
3359247;1;5;1; ; ; ; ; ; ; ; ; ; ; ; ;12;56,539732653665
3359247;1;6;1; ; ; ; ; ; ; ; ; ; ; ; ;12;56,539732653665
3359247;1;7;1; ; ; ; ; ; ; ; ; ; ; ; ;12;56,539732653665
3359248;1;1;2;1; ; ;2; ; ;1;2; ; ;1; ;12;131,37805520593
3359248;1;2;2;1; ; ;2; ; ;1;3;15; ;1; ;12;131,37805520593
3359248;1;3;2;1; ; ;2; ; ;1;2; ; ;1; ;12;131,37805520593
3359248;1;4;2;1; ; ;2; ; ;1;2; ; ;1; ;12;131,37805520593
3359248;1;5;1; ; ; ; ; ; ; ; ; ; ; ; ;12;131,37805520593
3359249;1;1;1; ; ; ; ; ; ; ; ; ; ; ; ;12;67,1797547951976
3359249;1;2;1; ; ; ; ; ; ; ; ; ; ; ; ;12;67,1797547951976
3359249;1;3;1; ; ; ; ; ; ; ; ; ; ; ; ;12;67,1797547951976
3359249;1;4;1; ; ; ; ; ; ; ; ; ; ; ; ;12;67,1797547951976
3359250;1;1;1; ; ; ; ; ; ; ; ; ; ; ; ;12;113,761636212504
3359250;1;2;1; ; ; ; ; ; ; ; ; ; ; ; ;12;113,761636212504
3359250;1;3;1; ; ; ; ; ; ; ; ; ; ; ; ;12;113,761636212504
3359251;1;1;2;2;68; ;2; ; ;1;2; ; ;1; ;12;90,1525974211531
3359251;1;2;2;2;68; ;2; ; ;1;2; ; ;1; ;12;90,1525974211531
3359251;1;3;2;2;68; ;3;11; ;1;2; ; ;1; ;12;90,1525974211531
3359252;1;1;1; ; ; ; ; ; ; ; ; ; ; ; ;12;106,336511433961
3359252;1;2;2;2;11; ;2; ; ;1;2; ; ;1; ;12;106,336511433961
3359252;1;3;1; ; ; ; ; ; ; ; ; ; ; ; ;12;106,336511433961
3359252;1;4;1; ; ; ; ; ; ; ; ; ; ; ; ;12;106,336511433961
3359252;1;5;1; ; ; ; ; ; ; ; ; ; ; ; ;12;106,336511433961
3359253;1;1;1; ; ; ; ; ; ; ; ; ; ; ; ;12;101,124422586026
3359253;1;2;1; ; ; ; ; ; ; ; ; ; ; ; ;12;101,124422586026
3359253;1;3;1; ; ; ; ; ; ; ; ; ; ; ; ;12;101,124422586026
3359253;1;4;1; ; ; ; ; ; ; ; ; ; ; ; ;12;101,124422586026
3359253;1;5;1; ; ; ; ; ; ; ; ; ; ; ; ;12;101,124422586026
3359254;1;1;1; ; ; ; ; ; ; ; ; ; ; ; ;12;50,1241418764312
3359254;1;2;1; ; ; ; ; ; ; ; ; ; ; ; ;12;50,1241418764312
3359254;1;3;1; ; ; ; ; ; ; ; ; ; ; ; ;12;50,1241418764312
3359254;1;4;1; ; ; ; ; ; ; ; ; ; ; ; ;12;50,1241418764312
3359254;1;5;1; ; ; ; ; ; ; ; ; ; ; ; ;12;50,1241418764312
3359255;1;1;1; ; ; ; ; ; ; ; ; ; ; ; ;12;113,188857410764
3359255;1;2;1; ; ; ; ; ; ; ; ; ; ; ; ;12;113,188857410764
3359255;1;3;1; ; ; ; ; ; ; ; ; ; ; ; ;12;113,188857410764
3359256;1;1;1; ; ; ; ; ; ; ; ; ; ; ; ;12;131,585807354179
3359256;1;2;1; ; ; ; ; ; ; ; ; ; ; ; ;12;131,585807354179
3359256;1;3;1; ; ; ; ; ; ; ; ; ; ; ; ;12;131,585807354179
3359258;1;1;2;1; ; ;3;86; ;2;2; ; ;1; ;12;110,518295857597
3359258;1;2;2;2;23; ;3;86; ;2;2; ; ;1; ;12;110,518295857597
3359258;1;3;2;2;88; ;3;86; ;2;2; ; ;1; ;12;110,518295857597
3359258;1;4;2;2;13; ;3;86; ;2;2; ; ;1; ;12;110,518295857597
3359259;1;1;1; ; ; ; ; ; ; ; ; ; ; ; ;12;96,6392781309672
3359260;1;1;1; ; ; ; ; ; ; ; ; ; ; ; ;12;94,9990210021001
3359260;1;2;2;2;15; ;2; ; ;1;2; ; ;1; ;12;94,9990210021001
3359260;1;3;1; ; ; ; ; ; ; ; ; ; ; ; ;12;94,9990210021001
3359261;1;1;1; ; ; ; ; ; ; ; ; ; ; ; ;12;108,695703933419
3359261;1;2;1; ; ; ; ; ; ; ; ; ; ; ; ;12;108,695703933419
3359261;1;3;1; ; ; ; ; ; ; ; ; ; ; ; ;12;108,695703933419
3359261;1;4;1; ; ; ; ; ; ; ; ; ; ; ; ;12;108,695703933419
3359261;1;5;1; ; ; ; ; ; ; ; ; ; ; ; ;12;108,695703933419
3359262;1;1;1; ; ; ; ; ; ; ; ; ; ; ; ;12;94,9990210021001
3359262;1;2;1; ; ; ; ; ; ; ; ; ; ; ; ;12;94,9990210021001
3359262;1;3;1; ; ; ; ; ; ; ; ; ; ; ; ;12;94,9990210021001
3359263;1;1;2;2;17; ;2; ; ;1;2; ; ;1; ;12;88,8200450935199
3359263;1;2;2;2;15; ;3;15; ;1;2; ; ;1; ;12;88,8200450935199
3359263;1;3;2;2;15; ;2; ; ;1;2; ; ;1; ;12;88,8200450935199
3359264;1;1;1; ; ; ; ; ; ; ; ; ; ; ; ;12;98,6080266239954
3359264;1;2;1; ; ; ; ; ; ; ; ; ; ; ; ;12;98,6080266239954
3359265;1;1;1; ; ; ; ; ; ; ; ; ; ; ; ;12;67,6771005147295
3359265;1;2;1; ; ; ; ; ; ; ; ; ; ; ; ;12;67,6771005147295
3359265;1;3;1; ; ; ; ; ; ; ; ; ; ; ; ;12;67,6771005147295
3359265;1;4;2;2;15; ;3;15; ;1;2; ; ;1; ;12;67,6771005147295
3359265;1;5;2;2;15; ;1; ; ; ;2; ; ;1; ;12;67,6771005147295
3359266;1;1;1; ; ; ; ; ; ; ; ; ; ; ; ;12;110,518295857597
3359266;1;2;2;2;15; ;2; ; ;1;2; ; ;1; ;12;110,518295857597
3359266;1;3;1; ; ; ; ; ; ; ; ; ; ; ; ;12;110,518295857597
3359266;1;4;1; ; ; ; ; ; ; ; ; ; ; ; ;12;110,518295857597
3359267;1;1;2;2;15; ;3;15; ;2;2; ; ;1; ;12;50,1241418764312
3359267;1;2;2;2;15; ;3;11; ;1;3;11; ;1; ;12;50,1241418764312
3359267;1;3;2;2;15; ;3;15; ;2;2; ; ;1; ;12;50,1241418764312
3359267;1;4;2;2;15; ;3;15; ;2;2; ; ;1; ;12;50,1241418764312
3359268;1;1;2;2;15; ;2; ; ;1;2; ; ;1; ;12;52,4196148520966
3359268;1;2;1; ; ; ; ; ; ; ; ; ; ; ; ;12;52,4196148520966
3359268;1;3;1; ; ; ; ; ; ; ; ; ; ; ; ;12;52,4196148520966
3359268;1;4;1; ; ; ; ; ; ; ; ; ; ; ; ;12;52,4196148520966
3359268;1;5;2;2;15; ;2; ; ;1;2; ; ;1; ;12;52,4196148520966
3359269;1;1;2;2;15; ;2; ; ;1;2; ; ;1; ;12;111,939044288326
3359269;1;2;2;1; ; ;2; ; ;1;2; ; ;1; ;12;111,939044288326
3359269;1;3;1; ; ; ; ; ; ; ; ; ; ; ; ;12;111,939044288326
3359269;1;4;1; ; ; ; ; ; ; ; ; ; ; ; ;12;111,939044288326
3359270;1;1;2;2;15; ;2; ; ;1;2; ; ;1; ;12;96,0380563373106
3359271;1;1;2;2;15; ;2; ; ;1;2; ; ;1; ;12;156,279446783108
3359271;1;2;2;2;15; ;2; ; ;1;2; ; ;1; ;12;156,279446783108
3359271;1;3;1; ; ; ; ; ; ; ; ; ; ; ; ;12;156,279446783108
3359271;1;4;1; ; ; ; ; ; ; ; ; ; ; ; ;12;156,279446783108
3359271;1;5;1; ; ; ; ; ; ; ; ; ; ; ; ;12;156,279446783108
3359272;1;1;1; ; ; ; ; ; ; ; ; ; ; ; ;12;120,613982189306
3359274;1;1;1; ; ; ; ; ; ; ; ; ; ; ; ;12;95,7835732674342
3359274;1;2;1; ; ; ; ; ; ; ; ; ; ; ; ;12;95,7835732674342
3359275;1;1;2;2;25; ;3;11; ;1;2; ; ;1; ;12;131,585807354179
3359275;1;2;1; ; ; ; ; ; ; ; ; ; ; ; ;12;131,585807354179
3359275;1;3;1; ; ; ; ; ; ; ; ; ; ; ; ;12;131,585807354179
3359276;1;1;1; ; ; ; ; ; ; ; ; ; ; ; ;12;96,6392781309672
3359277;1;1;2;2;15; ;2; ; ;1;2; ; ;1; ;12;95,1823514737776
3359277;1;2;2;2;15; ;2; ; ;1;2; ; ;1; ;12;95,1823514737776
3359278;1;1;1; ; ; ; ; ; ; ; ; ; ; ; ;12;88,3300054969752
3359278;1;2;1; ; ; ; ; ; ; ; ; ; ; ; ;12;88,3300054969752
3359278;1;3;2;3; ;11;2; ; ;1;2; ; ;1; ;12;88,3300054969752
3359278;1;4;1; ; ; ; ; ; ; ; ; ; ; ; ;12;88,3300054969752
3359279;1;1;1; ; ; ; ; ; ; ; ; ; ; ; ;12;74,0321007719999
3359279;1;2;1; ; ; ; ; ; ; ; ; ; ; ; ;12;74,0321007719999
3359280;1;1;1; ; ; ; ; ; ; ; ; ; ; ; ;12;120,613982189306
3359281;1;1;1; ; ; ; ; ; ; ; ; ; ; ; ;12;96,6392781309672
3359282;1;1;1; ; ; ; ; ; ; ; ; ; ; ; ;12;117,004976567411
3359282;1;2;1; ; ; ; ; ; ; ; ; ; ; ; ;12;117,004976567411
3359283;1;1;1; ; ; ; ; ; ; ; ; ; ; ; ;12;120,613982189306
3359284;1;1;1; ; ; ; ; ; ; ; ; ; ; ; ;12;94,7912688538508
3359284;1;2;1; ; ; ; ; ; ; ; ; ; ; ; ;12;94,7912688538508
3359284;1;3;1; ; ; ; ; ; ; ; ; ; ; ; ;12;94,7912688538508
3359284;1;4;1; ; ; ; ; ; ; ; ; ; ; ; ;12;94,7912688538508
3359284;1;5;1; ; ; ; ; ; ; ; ; ; ; ; ;12;94,7912688538508
3359285;1;1;1; ; ; ; ; ; ; ; ; ; ; ; ;12;113,160414418847
3359285;1;2;2;2;68; ;2; ; ;1;4; ;11; ;1;12;113,160414418847
3359285;1;3;1; ; ; ; ; ; ; ; ; ; ; ; ;12;113,160414418847
3359286;1;1;1; ; ; ; ; ; ; ; ; ; ; ; ;12;114,989277232647
3359286;1;2;1; ; ; ; ; ; ; ; ; ; ; ; ;12;114,989277232647
3359286;1;3;2;1; ; ;3;08; ;1;2; ; ;1; ;12;114,989277232647
3359286;1;4;2;2;08; ;2; ; ;1;2; ; ;1; ;12;114,989277232647
3359286;1;5;2;2;08; ;3;08; ;1;2; ; ;1; ;12;114,989277232647
3359287;1;1;1; ; ; ; ; ; ; ; ; ; ; ; ;12;180,529449773262
3359287;1;2;2;2;20; ;2; ; ;1;2; ; ;1; ;12;180,529449773262
3359287;1;3;1; ; ; ; ; ; ; ; ; ; ; ; ;12;180,529449773262
3359287;1;4;1; ; ; ; ; ; ; ; ; ; ; ; ;12;180,529449773262
3359288;1;1;1; ; ; ; ; ; ; ; ; ; ; ; ;12;176,098206279776
3359288;1;2;2;2;20; ;2; ; ;1;2; ; ;1; ;12;176,098206279776
3359288;1;3;2;1; ; ;2; ; ;1;2; ; ;1; ;12;176,098206279776
3359288;1;4;1; ; ; ; ; ; ; ; ; ; ; ; ;12;176,098206279776
3359289;1;1;1; ; ; ; ; ; ; ; ; ; ; ; ;12;192,952860444332
3359289;1;2;2;2;13; ;2; ; ;1;2; ; ;1; ;12;192,952860444332
3359289;1;3;1; ; ; ; ; ; ; ; ; ; ; ; ;12;192,952860444332
3359289;1;4;1; ; ; ; ; ; ; ; ; ; ; ; ;12;192,952860444332
3359290;1;1;2;2;20; ;2; ; ;1;4; ;3; ;1;12;159,420537132341
3359290;1;2;2;2;20; ;3;20; ;1;4; ;3; ;1;12;159,420537132341
3359290;1;3;1; ; ; ; ; ; ; ; ; ; ; ; ;12;159,420537132341
3359291;1;1;2;2;23; ;2; ; ;1;2; ; ;1; ;12;183,580955484274
3359292;1;1;1; ; ; ; ; ; ; ; ; ; ; ; ;12;183,580955484274
3359293;1;1;1; ; ; ; ; ; ; ; ; ; ; ; ;12;183,234823630094
3359293;1;2;1; ; ; ; ; ; ; ; ; ; ; ; ;12;183,234823630094
3359293;1;3;1; ; ; ; ; ; ; ; ; ; ; ; ;12;183,234823630094
3359293;1;4;1; ; ; ; ; ; ; ; ; ; ; ; ;12;183,234823630094
3359293;1;5;1; ; ; ; ; ; ; ; ; ; ; ; ;12;183,234823630094
3359294;1;1;2;2;20; ;2; ; ;1;2; ; ;1; ;12;99,9305762569365
3359294;1;2;2;2;68; ;2; ; ;1;2; ; ;1; ;12;99,9305762569365
3359294;1;3;2;2;20; ;2; ; ;1;2; ; ;1; ;12;99,9305762569365
3359294;1;4;2;2;20; ;2; ; ;1;2; ; ;1; ;12;99,9305762569365
3359295;1;1;2;2;20; ;2; ; ;1;2; ; ;1; ;12;107,074315767119
3359295;1;2;1; ; ; ; ; ; ; ; ; ; ; ; ;12;107,074315767119
3359295;1;3;1; ; ; ; ; ; ; ; ; ; ; ; ;12;107,074315767119
3359295;1;4;1; ; ; ; ; ; ; ; ; ; ; ; ;12;107,074315767119
3359296;1;1;1; ; ; ; ; ; ; ; ; ; ; ; ;12;178,796166151952
3359296;1;2;1; ; ; ; ; ; ; ; ; ; ; ; ;12;178,796166151952
3359296;1;3;1; ; ; ; ; ; ; ; ; ; ; ; ;12;178,796166151952
3359296;1;4;1; ; ; ; ; ; ; ; ; ; ; ; ;12;178,796166151952
3359296;1;5;1; ; ; ; ; ; ; ; ; ; ; ; ;12;178,796166151952
3359297;1;1;2;2;08; ;2; ; ;1;2; ; ;1; ;12;145,865429835238
3359297;1;2;2;2;08; ;2; ; ;1;2; ; ;1; ;12;145,865429835238
3359297;1;3;1; ; ; ; ; ; ; ; ; ; ; ; ;12;145,865429835238
3359297;1;4;1; ; ; ; ; ; ; ; ; ; ; ; ;12;145,865429835238
3359297;2;1;1; ; ; ; ; ; ; ; ; ; ; ; ;12;145,865429835238
3359297;2;2;1; ; ; ; ; ; ; ; ; ; ; ; ;12;145,865429835238
3359297;2;3;1; ; ; ; ; ; ; ; ; ; ; ; ;12;145,865429835238
3359298;1;1;1; ; ; ; ; ; ; ; ; ; ; ; ;12;147,393030243824
3359298;1;2;1; ; ; ; ; ; ; ; ; ; ; ; ;12;147,393030243824
3359299;1;1;1; ; ; ; ; ; ; ; ; ; ; ; ;12;173,392832422944
3359299;1;2;2;2;44; ;2; ; ;1;2; ; ;1; ;12;173,392832422944
3359299;1;3;1; ; ; ; ; ; ; ; ; ; ; ; ;12;173,392832422944
3359300;1;1;2;2;20; ;3;47; ;1;3;47; ;1; ;12;146,537480416559
3359300;1;2;2;2;47; ;3;47; ;1;3;47; ;1; ;12;146,537480416559
3359300;1;3;2;1; ; ;2; ; ;1;3;47; ;1; ;12;146,537480416559
3359301;1;1;2;2;08; ;2; ; ;1;2; ; ;1; ;12;161,019193680246
3359301;1;2;1; ; ; ; ; ; ; ; ; ; ; ; ;12;161,019193680246
3359301;1;3;1; ; ; ; ; ; ; ; ; ; ; ; ;12;161,019193680246
3359301;1;4;1; ; ; ; ; ; ; ; ; ; ; ; ;12;161,019193680246
3359301;1;5;1; ; ; ; ; ; ; ; ; ; ; ; ;12;161,019193680246
3359301;1;6;2;2;47; ;3;47; ;1;2; ; ;1; ;12;161,019193680246
3359302;1;1;2;2;47; ;2; ; ;1;2; ; ;1; ;12;143,244678645326
3359302;1;2;2;2;47; ;2; ; ;1;2; ; ;1; ;12;143,244678645326
3359302;1;3;1; ; ; ; ; ; ; ; ; ; ; ; ;12;143,244678645326
3359302;1;4;1; ; ; ; ; ; ; ; ; ; ; ; ;12;143,244678645326
3359302;1;5;1; ; ; ; ; ; ; ; ; ; ; ; ;12;143,244678645326
3359303;1;1;1; ; ; ; ; ; ; ; ; ; ; ; ;12;202,823549847084
3359303;1;2;1; ; ; ; ; ; ; ; ; ; ; ; ;12;202,823549847084
3359303;1;3;2;2;47; ;2; ; ;1;2; ; ;1; ;12;202,823549847084
3359303;1;4;1; ; ; ; ; ; ; ; ; ; ; ; ;12;202,823549847084
3359303;1;5;1; ; ; ; ; ; ; ; ; ; ; ; ;12;202,823549847084
3359303;1;6;1; ; ; ; ; ; ; ; ; ; ; ; ;12;202,823549847084
3359303;1;7;2;2;47; ;2; ; ;1;2; ; ;1; ;12;202,823549847084
3359303;1;8;2;2;47; ;2; ; ;1;2; ; ;1; ;12;202,823549847084
3359303;1;9;1; ; ; ; ; ; ; ; ; ; ; ; ;12;202,823549847084
3359303;1;10;1; ; ; ; ; ; ; ; ; ; ; ; ;12;202,823549847084
3359303;1;11;2;2;47; ;3;47; ;1;2; ; ;1; ;12;202,823549847084
3359304;1;1;2;2;44; ;2; ; ;1;2; ; ;1; ;12;147,516984636735
3359304;1;2;2;2;44; ;2; ; ;1;2; ; ;1; ;12;147,516984636735
3359304;1;3;2;2;44; ;2; ; ;1;2; ; ;1; ;12;147,516984636735
3359304;1;4;2;2;44; ;2; ; ;1;2; ; ;1; ;12;147,516984636735
3359304;1;5;2;2;44; ;2; ; ;1;2; ; ;1; ;12;147,516984636735
3359305;1;1;1; ; ; ; ; ; ; ; ; ; ; ; ;12;180,529449773262
3359305;1;2;1; ; ; ; ; ; ; ; ; ; ; ; ;12;180,529449773262
3359305;1;3;1; ; ; ; ; ; ; ; ; ; ; ; ;12;180,529449773262
3359305;1;4;1; ; ; ; ; ; ; ; ; ; ; ; ;12;180,529449773262
3359306;1;1;2;2;44; ;2; ; ;1;2; ; ;1; ;12;74,7944930637854
3359306;1;2;2;2;20; ;2; ; ;1;2; ; ;1; ;12;74,7944930637854
3359306;1;3;2;2;20; ;2; ; ;1;2; ; ;1; ;12;74,7944930637854
3359306;1;4;2;1; ; ;3;20; ;1;2; ; ;1; ;12;74,7944930637854
3359307;1;1;2;2;70; ;2; ; ;1;2; ; ;1; ;12;155,738305265235
3359307;1;2;1; ; ; ; ; ; ; ; ; ; ; ; ;12;155,738305265235
3359307;1;3;2;1; ; ;3;11; ;1;3;11; ;1; ;12;155,738305265235
3359308;1;1;2;2;05; ;2; ; ;1;2; ; ;1; ;12;144,009604208292
3359308;1;2;2;2;05; ;2; ; ;1;2; ; ;1; ;12;144,009604208292
3359308;1;3;1; ; ; ; ; ; ; ; ; ; ; ; ;12;144,009604208292
3359309;1;1;1; ; ; ; ; ; ; ; ; ; ; ; ;12;127,373356177723
3359310;1;1;2;2;44; ;2; ; ;1;2; ; ;1; ;12;168,253744394177
3359310;1;2;1; ; ; ; ; ; ; ; ; ; ; ; ;12;168,253744394177
3359310;1;3;1; ; ; ; ; ; ; ; ; ; ; ; ;12;168,253744394177
3359311;1;1;2;2;54; ;2; ; ;1;2; ; ;1; ;12;161,212691450166
3359311;1;2;1; ; ; ; ; ; ; ; ; ; ; ; ;12;161,212691450166
3359313;1;1;1; ; ; ; ; ; ; ; ; ; ; ; ;12;237,352281644702
3359313;1;2;2;2;47; ;3;63; ;1;2; ; ;1; ;12;237,352281644702
3359314;1;1;1; ; ; ; ; ; ; ; ; ; ; ; ;12;80,6236649390124
3359314;1;2;1; ; ; ; ; ; ; ; ; ; ; ; ;12;80,6236649390124
3359314;1;3;1; ; ; ; ; ; ; ; ; ; ; ; ;12;80,6236649390124
3359314;1;4;1; ; ; ; ; ; ; ; ; ; ; ; ;12;80,6236649390124
3359315;1;1;2;1; ; ;2; ; ;1;2; ; ;1; ;12;65,5254440916518
3359315;1;2;1; ; ; ; ; ; ; ; ; ; ; ; ;12;65,5254440916518
3359315;1;3;1; ; ; ; ; ; ; ; ; ; ; ; ;12;65,5254440916518
3359315;1;4;1; ; ; ; ; ; ; ; ; ; ; ; ;12;65,5254440916518
3359316;1;1;2;1; ; ;2; ; ;1;2; ; ;1; ;12;116,437809979258
3359316;1;2;2;2;63; ;2; ; ;1;2; ; ;1; ;12;116,437809979258
3359316;1;3;1; ; ; ; ; ; ; ; ; ; ; ; ;12;116,437809979258
3359317;1;1;2;2;76; ;2; ; ;1;2; ; ;1; ;12;82,2923329540914
3359317;1;2;2;2;76; ;2; ; ;1;2; ; ;1; ;12;82,2923329540914
3359317;1;3;2;2;76; ;2; ; ;1;2; ; ;1; ;12;82,2923329540914
3359317;1;4;2;2;76; ;2; ; ;1;2; ; ;1; ;12;82,2923329540914
3359318;1;1;2;2;73; ;2; ; ;1;2; ; ;1; ;12;79,2779336940251
3359318;1;2;1; ; ; ; ; ; ; ; ; ; ; ; ;12;79,2779336940251
3359318;1;3;1; ; ; ; ; ; ; ; ; ; ; ; ;12;79,2779336940251
3359319;1;1;1; ; ; ; ; ; ; ; ; ; ; ; ;12;127,372943520055
3359319;1;2;1; ; ; ; ; ; ; ; ; ; ; ; ;12;127,372943520055
3359319;1;3;1; ; ; ; ; ; ; ; ; ; ; ; ;12;127,372943520055
3359319;1;4;1; ; ; ; ; ; ; ; ; ; ; ; ;12;127,372943520055
3359320;1;1;1; ; ; ; ; ; ; ; ; ; ; ; ;12;117,395432794942
3359320;1;2;1; ; ; ; ; ; ; ; ; ; ; ; ;12;117,395432794942
3359320;1;3;1; ; ; ; ; ; ; ; ; ; ; ; ;12;117,395432794942
3359320;1;4;1; ; ; ; ; ; ; ; ; ; ; ; ;12;117,395432794942
3359321;1;1;2;2;05; ;2; ; ;1;2; ; ;1; ;12;92,2875155422036
3359322;1;1;1; ; ; ; ; ; ; ; ; ; ; ; ;12;79,2779336940251
3359322;1;2;2;2;63; ;2; ; ;1;2; ; ;1; ;12;79,2779336940251
3359322;1;3;1; ; ; ; ; ; ; ; ; ; ; ; ;12;79,2779336940251
3359323;1;1;2;2;11; ;2; ; ;1;2; ; ;1; ;12;111,139926185826
3359323;1;2;1; ; ; ; ; ; ; ; ; ; ; ; ;12;111,139926185826
3359323;1;3;2;2;63; ;2; ; ;1;2; ; ;1; ;12;111,139926185826
3359324;1;1;2;2;76; ;2; ; ;1;2; ; ;1; ;12;157,566267996776
3359324;1;2;1; ; ; ; ; ; ; ; ; ; ; ; ;12;157,566267996776
3359324;1;3;1; ; ; ; ; ; ; ; ; ; ; ; ;12;157,566267996776
3359324;1;4;2;2;76; ;2; ; ;1;2; ; ;1; ;12;157,566267996776
3359325;1;1;2;1; ; ;3;11; ;1;2; ; ;1; ;12;129,124455057345
3359325;1;2;2;2;11; ;3;11; ;1;2; ; ;1; ;12;129,124455057345
3359326;1;1;1; ; ; ; ; ; ; ; ; ; ; ; ;12;118,041306335125
3359326;1;2;1; ; ; ; ; ; ; ; ; ; ; ; ;12;118,041306335125
3359327;1;1;2;1; ; ;2; ; ;1;2; ; ;1; ;12;118,041306335125
3359327;1;2;1; ; ; ; ; ; ; ; ; ; ; ; ;12;118,041306335125
3359328;1;1;1; ; ; ; ; ; ; ; ; ; ; ; ;12;125,1723025089
3359328;1;2;1; ; ; ; ; ; ; ; ; ; ; ; ;12;125,1723025089
3359328;1;3;1; ; ; ; ; ; ; ; ; ; ; ; ;12;125,1723025089
3359329;1;1;1; ; ; ; ; ; ; ; ; ; ; ; ;12;149,580362056834
3359329;1;2;1; ; ; ; ; ; ; ; ; ; ; ; ;12;149,580362056834
3359329;1;3;1; ; ; ; ; ; ; ; ; ; ; ; ;12;149,580362056834
3359330;1;1;1; ; ; ; ; ; ; ; ; ; ; ; ;12;75,922925800868
3359330;1;2;1; ; ; ; ; ; ; ; ; ; ; ; ;12;75,922925800868
3359330;1;3;1; ; ; ; ; ; ; ; ; ; ; ; ;12;75,922925800868
3359330;1;4;1; ; ; ; ; ; ; ; ; ; ; ; ;12;75,922925800868
3359330;1;5;1; ; ; ; ; ; ; ; ; ; ; ; ;12;75,922925800868
3359330;1;6;1; ; ; ; ; ; ; ; ; ; ; ; ;12;75,922925800868
3359331;1;1;2;2;73; ;2; ; ;1;2; ; ;1; ;12;93,310310017099
3359331;1;2;2;1; ; ;3;11; ;1;2; ; ;1; ;12;93,310310017099
3359331;1;3;2;1; ; ;3;11; ;1;2; ; ;1; ;12;93,310310017099
3359332;1;1;2;2;76; ;2; ; ;1;2; ; ;1; ;12;118,364243105217
3359333;1;1;1; ; ; ; ; ; ; ; ; ; ; ; ;12;139,673157894251
3359333;1;2;1; ; ; ; ; ; ; ; ; ; ; ; ;12;139,673157894251
3359333;1;3;1; ; ; ; ; ; ; ; ; ; ; ; ;12;139,673157894251
3359333;1;4;1; ; ; ; ; ; ; ; ; ; ; ; ;12;139,673157894251
3359333;1;5;1; ; ; ; ; ; ; ; ; ; ; ; ;12;139,673157894251
3359334;1;1;1; ; ; ; ; ; ; ; ; ; ; ; ;12;106,700392502026
3359334;1;2;2;2;76; ;2; ; ;1;2; ; ;1; ;12;106,700392502026
3359334;1;3;1; ; ; ; ; ; ; ; ; ; ; ; ;12;106,700392502026
3359334;1;4;2;2;73; ;2; ; ;1;2; ; ;1; ;12;106,700392502026
3359335;1;1;2;1; ; ;2; ; ;1;2; ; ;1; ;12;130,727951413212
3359337;1;1;2;1; ; ;2; ; ;1;2; ; ;1; ;12;162,589943905013
3359338;1;1;2;1; ; ;2; ; ;1;2; ; ;1; ;12;85,0631986228124
3359338;1;2;2;2;15; ;2; ; ;1;2; ; ;1; ;12;85,0631986228124
3359338;1;3;2;2;15; ;2; ; ;1;2; ; ;1; ;12;85,0631986228124
3359339;1;1;2;2;19; ;3;76; ;1;2; ; ;1; ;12;140,569759665373
3359339;1;2;2;2;76; ;3;76; ;1;2; ; ;1; ;12;140,569759665373
3359339;1;3;2;2;76; ;3;76; ;1;2; ; ;1; ;12;140,569759665373
3359340;1;1;2;2;17; ;2; ; ;1;2; ; ;1; ;12;165,064792801363
3359340;1;2;2;2;17; ;3;63; ;1;2; ; ;1; ;12;165,064792801363
3359340;1;3;1; ; ; ; ; ; ; ; ; ; ; ; ;12;165,064792801363
3359340;1;4;1; ; ; ; ; ; ; ; ; ; ; ; ;12;165,064792801363
3359340;1;5;1; ; ; ; ; ; ; ; ; ; ; ; ;12;165,064792801363
3359341;1;1;2;2;17; ;2; ; ;1;2; ; ;1; ;12;197,500450294194
3359341;1;2;2;2;66; ;2; ; ;1;2; ; ;1; ;12;197,500450294194
3359341;1;3;1; ; ; ; ; ; ; ; ; ; ; ; ;12;197,500450294194
3359341;1;4;1; ; ; ; ; ; ; ; ; ; ; ; ;12;197,500450294194
3359342;1;1;2;2;76; ;2; ; ;1;2; ; ;1; ;12;65,5254440916518
3359342;1;2;2;2;76; ;2; ; ;1;2; ; ;1; ;12;65,5254440916518
3359342;1;3;2;2;76; ;2; ; ;1;2; ; ;1; ;12;65,5254440916518
3359342;1;4;1; ; ; ; ; ; ; ; ; ; ; ; ;12;65,5254440916518
3359343;1;1;1; ; ; ; ; ; ; ; ; ; ; ; ;12;163,354973269028
3359343;1;2;1; ; ; ; ; ; ; ; ; ; ; ; ;12;163,354973269028
3359343;1;3;1; ; ; ; ; ; ; ; ; ; ; ; ;12;163,354973269028
3359343;1;4;1; ; ; ; ; ; ; ; ; ; ; ; ;12;163,354973269028
3359343;1;5;2;1; ; ;2; ; ;1;2; ; ;1; ;12;163,354973269028
3359344;1;1;2;2;63; ;2; ; ;1;2; ; ;1; ;12;94,1652197832667
3359344;1;2;1; ; ; ; ; ; ; ; ; ; ; ; ;12;94,1652197832667
3359344;1;3;1; ; ; ; ; ; ; ; ; ; ; ; ;12;94,1652197832667
3359345;1;1;2;2;63; ;3;17; ;1;3;17; ;1; ;12;118,041306335125
3359345;1;2;2;2;63; ;3;17; ;1;3;17; ;1; ;12;118,041306335125
3359346;1;1;1; ; ; ; ; ; ; ; ; ; ; ; ;12;162,589943905013
3359347;1;1;2;2;76; ;2; ; ;1;2; ; ;1; ;12;93,6332467871909
3359347;1;2;1; ; ; ; ; ; ; ; ; ; ; ; ;12;93,6332467871909
3359349;1;1;2;1; ; ;2; ; ;1;2; ; ;1; ;12;91,9645787721118
3359349;1;2;1; ; ; ; ; ; ; ; ; ; ; ; ;12;91,9645787721118
3359350;1;1;2;2;63; ;2; ; ;1;2; ; ;1; ;12;162,267007134921
3359350;1;2;1; ; ; ; ; ; ; ; ; ; ; ; ;12;162,267007134921
3359351;1;1;2;2;63; ;2; ; ;1;2; ; ;1; ;12;118,638450990413
3359351;1;2;1; ; ; ; ; ; ; ; ; ; ; ; ;12;118,638450990413
3359351;1;3;1; ; ; ; ; ; ; ; ; ; ; ; ;12;118,638450990413
3359351;1;4;1; ; ; ; ; ; ; ; ; ; ; ; ;12;118,638450990413
3359352;1;1;2;1; ; ;2; ; ;1;2; ; ;1; ;12;103,086946610048
3359352;1;2;1; ; ; ; ; ; ; ; ; ; ; ; ;12;103,086946610048
3359352;1;3;1; ; ; ; ; ; ; ; ; ; ; ; ;12;103,086946610048
3359352;1;4;1; ; ; ; ; ; ; ; ; ; ; ; ;12;103,086946610048
3359353;1;1;2;2;76; ;2; ; ;1;2; ; ;1; ;12;94,1652197832667
3359353;1;2;2;2;76; ;2; ; ;1;2; ; ;1; ;12;94,1652197832667
3359353;1;3;1; ; ; ; ; ; ; ; ; ; ; ; ;12;94,1652197832667
3359354;1;1;2;2;63; ;2; ; ;1;2; ; ;1; ;12;118,041306335125
3359354;1;2;1; ; ; ; ; ; ; ; ; ; ; ; ;12;118,041306335125
3359355;1;1;2;2;11; ;2; ; ;1;2; ; ;1; ;12;118,364243105217
3359356;1;1;2;2;17; ;2; ; ;1;2; ; ;1; ;12;118,041306335125
3359356;1;2;2;2;17; ;2; ; ;1;2; ; ;1; ;12;118,041306335125
3359357;1;1;2;2;73; ;2; ; ;1;2; ; ;1; ;12;130,727951413212
3359358;1;1;2;1; ; ;2; ; ;1;2; ; ;1; ;12;113,340567196981
3359358;1;2;2;2;63; ;2; ; ;1;2; ; ;1; ;12;113,340567196981
3359358;1;3;1; ; ; ; ; ; ; ; ; ; ; ; ;12;113,340567196981
3359358;1;4;2;2;63; ;2; ; ;1;2; ; ;1; ;12;113,340567196981
3359359;1;1;2;1; ; ;2; ; ;1;2; ; ;1; ;12;105,078551395219
3359359;1;2;2;2;50; ;2; ; ;1;2; ; ;1; ;12;105,078551395219
3359359;1;3;1; ; ; ; ; ; ; ; ; ; ; ; ;12;105,078551395219
3359360;1;1;2;2;05; ;2; ; ;1;2; ; ;1; ;12;65,5254440916518
3359360;1;2;2;1; ; ;3;05; ;1;2; ; ;1; ;12;65,5254440916518
3359360;1;3;1; ; ; ; ; ; ; ; ; ; ; ; ;12;65,5254440916518
3359361;1;1;2;2;17; ;2; ; ;1;2; ; ;1; ;12;79,6008704641169
3359361;1;2;2;2;63; ;2; ; ;1;2; ; ;1; ;12;79,6008704641169
3359362;1;1;1; ; ; ; ; ; ; ; ; ; ; ; ;12;65,5254440916518
3359362;1;2;2;1; ; ;3;05; ;1;3;05; ;1; ;12;65,5254440916518
3359362;1;3;1; ; ; ; ; ; ; ; ; ; ; ; ;12;65,5254440916518
3359363;1;1;2;2;05; ;2; ; ;1;2; ; ;1; ;12;81,8015114752719
3359363;1;2;1; ; ; ; ; ; ; ; ; ; ; ; ;12;81,8015114752719
3359363;1;3;1; ; ; ; ; ; ; ; ; ; ; ; ;12;81,8015114752719
3359364;1;1;2;2;63; ;2; ; ;1;2; ; ;1; ;12;118,041306335125
3359364;1;2;2;2;63; ;2; ; ;1;2; ; ;1; ;12;118,041306335125
3359365;1;1;2;2;63; ;2; ; ;1;2; ; ;1; ;12;118,364243105217
3359366;1;1;2;2;76; ;2; ; ;1;2; ; ;1; ;12;118,041306335125
3359366;1;2;2;2;76; ;2; ; ;1;2; ; ;1; ;12;118,041306335125
3359367;1;1;2;2;63; ;2; ; ;1;2; ; ;1; ;12;118,041306335125
3359367;1;2;2;2;76; ;2; ; ;1;2; ; ;1; ;12;118,041306335125
3359368;1;1;2;1; ; ;2; ; ;1;2; ; ;1; ;12;162,009242024041
3359368;1;2;2;1; ; ;2; ; ;1;2; ; ;1; ;12;162,009242024041
3359368;1;3;2;2;76; ;2; ; ;1;2; ; ;1; ;12;162,009242024041
3359368;1;4;2;1; ; ;2; ; ;1;2; ; ;1; ;12;162,009242024041
3359369;1;1;2;2;73; ;2; ; ;1;2; ; ;1; ;12;130,727951413212
3359370;1;1;1; ; ; ; ; ; ; ; ; ; ; ; ;12;295,723282635922
3359370;1;2;1; ; ; ; ; ; ; ; ; ; ; ; ;12;295,723282635922
3359370;1;3;1; ; ; ; ; ; ; ; ; ; ; ; ;12;295,723282635922
3359370;1;4;1; ; ; ; ; ; ; ; ; ; ; ; ;12;295,723282635922
3359371;1;1;1; ; ; ; ; ; ; ; ; ; ; ; ;12;217,315386245939
3359371;1;2;2;2;73; ;2; ; ;1;2; ; ;1; ;12;217,315386245939
3359371;1;3;2;2;73; ;2; ; ;1;2; ; ;1; ;12;217,315386245939
3359371;1;4;1; ; ; ; ; ; ; ; ; ; ; ; ;12;217,315386245939
3359371;2;1;2;2;73; ;2; ; ;1;2; ; ;1; ;12;217,315386245939
3359371;2;2;1; ; ; ; ; ; ; ; ; ; ; ; ;12;217,315386245939
3359372;1;1;1; ; ; ; ; ; ; ; ; ; ; ; ;12;333,301207003931
3359372;1;2;1; ; ; ; ; ; ; ; ; ; ; ; ;12;333,301207003931
3359372;1;3;1; ; ; ; ; ; ; ; ; ; ; ; ;12;333,301207003931
3359372;1;4;1; ; ; ; ; ; ; ; ; ; ; ; ;12;333,301207003931
3359373;1;1;2;2;73; ;2; ; ;1;2; ; ;1; ;12;301,435293903833
3359373;1;2;2;2;73; ;2; ; ;1;2; ; ;1; ;12;301,435293903833
3359373;1;3;2;2;73; ;2; ; ;1;2; ; ;1; ;12;301,435293903833
3359373;1;4;1; ; ; ; ; ; ; ; ; ; ; ; ;12;301,435293903833
3359374;1;1;2;2;73; ;3;73; ;2;2; ; ;1; ;12;278,145276189702
3359374;1;2;2;2;73; ;3;73; ;2;2; ; ;1; ;12;278,145276189702
3359374;1;3;2;2;73; ;3;73; ;2;2; ; ;1; ;12;278,145276189702
3359375;1;1;1; ; ; ; ; ; ; ; ; ; ; ; ;12;381,603393702013
3359375;1;2;1; ; ; ; ; ; ; ; ; ; ; ; ;12;381,603393702013
3359375;1;3;1; ; ; ; ; ; ; ; ; ; ; ; ;12;381,603393702013
3359375;1;4;1; ; ; ; ; ; ; ; ; ; ; ; ;12;381,603393702013
3359376;1;1;2;2;73; ;2; ; ;1;2; ; ;1; ;12;236,169979337285
3359376;1;2;2;2;25; ;2; ; ;1;2; ; ;1; ;12;236,169979337285
3359376;1;3;1; ; ; ; ; ; ; ; ; ; ; ; ;12;236,169979337285
3359376;1;4;1; ; ; ; ; ; ; ; ; ; ; ; ;12;236,169979337285
3359377;1;1;1; ; ; ; ; ; ; ; ; ; ; ; ;12;198,700870584604
3359377;1;2;1; ; ; ; ; ; ; ; ; ; ; ; ;12;198,700870584604
3359378;1;1;2;1; ; ;2; ; ;1;2; ; ;1; ;12;321,506657598416
3359378;1;2;2;1; ; ;2; ; ;1;2; ; ;1; ;12;321,506657598416
3359378;1;3;2;1; ; ;2; ; ;1;2; ; ;1; ;12;321,506657598416
3359379;1;1;2;2;73; ;2; ; ;1;2; ; ;1; ;12;232,950141405768
3359379;1;2;1; ; ; ; ; ; ; ; ; ; ; ; ;12;232,950141405768
3359380;1;1;1; ; ; ; ; ; ; ; ; ; ; ; ;12;250,157620982296
3359380;1;2;1; ; ; ; ; ; ; ; ; ; ; ; ;12;250,157620982296
3359381;1;1;2;1; ; ;2; ; ;1;2; ; ;1; ;12;301,435293903833
3359381;1;2;2;2;73; ;2; ; ;1;2; ; ;1; ;12;301,435293903833
3359381;1;3;1; ; ; ; ; ; ; ; ; ; ; ; ;12;301,435293903833
3359381;1;4;1; ; ; ; ; ; ; ; ; ; ; ; ;12;301,435293903833
3359382;1;1;2;2;73; ;3;73; ;1;2; ; ;1; ;12;190,380274341761
3359383;1;1;1; ; ; ; ; ; ; ; ; ; ; ; ;12;439,4357296428
3359383;1;2;1; ; ; ; ; ; ; ; ; ; ; ; ;12;439,4357296428
3359383;1;3;1; ; ; ; ; ; ; ; ; ; ; ; ;12;439,4357296428
3359383;1;4;1; ; ; ; ; ; ; ; ; ; ; ; ;12;439,4357296428
3359383;1;5;1; ; ; ; ; ; ; ; ; ; ; ; ;12;439,4357296428
3359383;1;6;1; ; ; ; ; ; ; ; ; ; ; ; ;12;439,4357296428
3359384;1;1;1; ; ; ; ; ; ; ; ; ; ; ; ;12;414,131697165326
3359384;1;2;1; ; ; ; ; ; ; ; ; ; ; ; ;12;414,131697165326
3359384;1;3;1; ; ; ; ; ; ; ; ; ; ; ; ;12;414,131697165326
3359384;1;4;1; ; ; ; ; ; ; ; ; ; ; ; ;12;414,131697165326
3359384;1;5;1; ; ; ; ; ; ; ; ; ; ; ; ;12;414,131697165326
3359384;1;6;1; ; ; ; ; ; ; ; ; ; ; ; ;12;414,131697165326
3359385;1;1;2;2;73; ;2; ; ;1;2; ; ;1; ;12;251,195314109378
3359385;1;2;2;2;73; ;2; ; ;1;2; ; ;1; ;12;251,195314109378
3359385;2;1;2;2;73; ;2; ; ;1;2; ; ;1; ;12;251,195314109378
3359385;2;2;1; ; ; ; ; ; ; ; ; ; ; ; ;12;251,195314109378
3359385;2;3;1; ; ; ; ; ; ; ; ; ; ; ; ;12;251,195314109378
3359386;1;1;2;1; ; ;2; ; ;1;2; ; ;1; ;12;359,094392792719
3359386;1;2;1; ; ; ; ; ; ; ; ; ; ; ; ;12;359,094392792719
3359386;1;3;1; ; ; ; ; ; ; ; ; ; ; ; ;12;359,094392792719
3359387;1;1;1; ; ; ; ; ; ; ; ; ; ; ; ;12;192,968550950529
3359387;1;2;1; ; ; ; ; ; ; ; ; ; ; ; ;12;192,968550950529
3359387;1;3;1; ; ; ; ; ; ; ; ; ; ; ; ;12;192,968550950529
3359388;1;1;2;2;73; ;3;11; ;1;2; ; ;1; ;12;324,725311617965
3359388;1;2;2;2;73; ;3;11; ;1;2; ; ;1; ;12;324,725311617965
3359388;1;3;2;1; ; ;3;11; ;1;2; ; ;1; ;12;324,725311617965
3359388;1;4;2;2;11; ;3;11; ;1;2; ; ;1; ;12;324,725311617965
3359388;1;5;2;2;11; ;1; ; ; ;2; ; ;1; ;12;324,725311617965
3359389;1;1;1; ; ; ; ; ; ; ; ; ; ; ; ;12;344,796675312547
3359389;1;2;1; ; ; ; ; ; ; ; ; ; ; ; ;12;344,796675312547
3359389;1;3;1; ; ; ; ; ; ; ; ; ; ; ; ;12;344,796675312547
3359389;1;4;1; ; ; ; ; ; ; ; ; ; ; ; ;12;344,796675312547
3359390;1;1;2;2;41; ;3;41; ;1;2; ; ;1; ;12;295,060892272707
3359390;1;2;2;2;20; ;3;20; ;1;2; ; ;1; ;12;295,060892272707
3359391;1;1;1; ; ; ; ; ; ; ; ; ; ; ; ;12;246,758705574624
3359391;1;2;1; ; ; ; ; ; ; ; ; ; ; ; ;12;246,758705574624
3359392;1;1;1; ; ; ; ; ; ; ; ; ; ; ; ;12;329,422949111239
3359392;1;2;1; ; ; ; ; ; ; ; ; ; ; ; ;12;329,422949111239
3359392;1;3;1; ; ; ; ; ; ; ; ; ; ; ; ;12;329,422949111239
3359392;1;4;1; ; ; ; ; ; ; ; ; ; ; ; ;12;329,422949111239
3359392;1;5;1; ; ; ; ; ; ; ; ; ; ; ; ;12;329,422949111239
3359393;1;1;2;2;73; ;2; ; ;1;2; ; ;1; ;12;199,051089088132
3359393;1;2;2;2;73; ;2; ; ;1;2; ; ;1; ;12;199,051089088132
3359393;1;3;1; ; ; ; ; ; ; ; ; ; ; ; ;12;199,051089088132
3359393;1;4;1; ; ; ; ; ; ; ; ; ; ; ; ;12;199,051089088132
3359394;1;1;1; ; ; ; ; ; ; ; ; ; ; ; ;12;118,364243105217
3359395;1;1;2;2;66; ;2; ; ;1;2; ; ;1; ;12;149,580362056834
3359395;1;2;2;2;66; ;2; ; ;1;2; ; ;1; ;12;149,580362056834
3359395;1;3;2;2;66; ;2; ; ;1;2; ; ;1; ;12;149,580362056834
3359396;1;1;1; ; ; ; ; ; ; ; ; ; ; ; ;12;144,116131921515
3359396;1;2;1; ; ; ; ; ; ; ; ; ; ; ; ;12;144,116131921515
3359396;1;3;1; ; ; ; ; ; ; ; ; ; ; ; ;12;144,116131921515
3359396;1;4;1; ; ; ; ; ; ; ; ; ; ; ; ;12;144,116131921515
3359396;1;5;1; ; ; ; ; ; ; ; ; ; ; ; ;12;144,116131921515
3359398;1;1;2;2;76; ;2; ; ;1;2; ; ;1; ;12;95,8338877983458
3359398;1;2;1; ; ; ; ; ; ; ; ; ; ; ; ;12;95,8338877983458
3359398;1;3;1; ; ; ; ; ; ; ; ; ; ; ; ;12;95,8338877983458
3359399;1;1;2;2;05; ;3;11; ;1;2; ; ;1; ;12;119,387037580112
3359399;1;2;2;2;11; ;4; ;8; ;3;11; ;1; ;12;119,387037580112
3359399;1;3;2;2;05; ;2; ; ;1;2; ; ;1; ;12;119,387037580112
3359400;1;1;2;2;73; ;2; ; ;1;2; ; ;1; ;12;103,732820150232
3359400;1;2;1; ; ; ; ; ; ; ; ; ; ; ; ;12;103,732820150232
3359401;1;1;2;2;73; ;2; ; ;1;2; ; ;1; ;12;118,364243105217
3359402;1;1;2;2;05; ;2; ; ;1;2; ; ;1; ;12;259,898573560114
3359402;1;2;2;2;05; ;2; ; ;1;2; ; ;1; ;12;259,898573560114
3359402;1;3;2;1; ; ;2; ; ;1;2; ; ;1; ;12;259,898573560114
3359402;1;4;1; ; ; ; ; ; ; ; ; ; ; ; ;12;259,898573560114
3359402;1;5;1; ; ; ; ; ; ; ; ; ; ; ; ;12;259,898573560114
3359402;1;6;1; ; ; ; ; ; ; ; ; ; ; ; ;12;259,898573560114
3359403;1;1;2;2;76; ;3;76; ;1;2; ; ;1; ;12;157,487869655503
3359403;1;2;2;2;66; ;3;76; ;1;2; ; ;1; ;12;157,487869655503
3359403;1;3;2;2;66; ;1; ; ; ;2; ; ;1; ;12;157,487869655503
3359403;1;4;1; ; ; ; ; ; ; ; ; ; ; ; ;12;157,487869655503
3359404;1;1;2;2;73; ;2; ; ;1;2; ; ;1; ;12;118,041306335125
3359404;1;2;2;2;73; ;2; ; ;1;2; ; ;1; ;12;118,041306335125
3359405;1;1;1; ; ; ; ; ; ; ; ; ; ; ; ;12;123,503634493821
3359405;1;2;1; ; ; ; ; ; ; ; ; ; ; ; ;12;123,503634493821
3359405;1;3;1; ; ; ; ; ; ; ; ; ; ; ; ;12;123,503634493821
3359406;1;1;2;2;17; ;3;17; ;1;2; ; ;1; ;12;79,6008704641169
3359406;1;2;2;2;17; ;3;17; ;1;2; ; ;1; ;12;79,6008704641169
3359407;1;1;2;2;73; ;2; ; ;1;2; ; ;1; ;12;135,271875871941
3359407;1;2;2;2;73; ;2; ; ;1;2; ; ;1; ;12;135,271875871941
3359407;1;3;2;2;73; ;2; ; ;1;2; ; ;1; ;12;135,271875871941
3359409;1;1;2;2;63; ;2; ; ;1;2; ; ;1; ;12;126,518033753887
3359409;1;2;2;2;73; ;2; ; ;1;2; ; ;1; ;12;126,518033753887
3359409;1;3;2;2;76; ;2; ; ;1;2; ; ;1; ;12;126,518033753887
3359409;1;4;2;2;76; ;2; ; ;1;2; ; ;1; ;12;126,518033753887
3359410;1;1;2;2;63; ;2; ; ;1;2; ; ;1; ;12;137,576907658025
3359410;1;2;2;2;17; ;2; ; ;1;2; ; ;1; ;12;137,576907658025
3359410;1;3;2;2;63; ;2; ; ;1;2; ; ;1; ;12;137,576907658025
3359410;1;4;2;2;63; ;3;63; ;1;3;63; ;1; ;12;137,576907658025
3359410;1;5;2;2;05; ;1; ; ; ;3;63; ;1; ;12;137,576907658025
3359410;1;6;2;1; ; ;3;11; ;1;2; ; ;1; ;12;137,576907658025
3359410;1;7;1; ; ; ; ; ; ; ; ; ; ; ; ;12;137,576907658025
3359411;1;1;1; ; ; ; ; ; ; ; ; ; ; ; ;12;146,717180479969
3359411;1;2;1; ; ; ; ; ; ; ; ; ; ; ; ;12;146,717180479969
3359411;1;3;1; ; ; ; ; ; ; ; ; ; ; ; ;12;146,717180479969
3359411;1;4;1; ; ; ; ; ; ; ; ; ; ; ; ;12;146,717180479969
3359412;1;1;1; ; ; ; ; ; ; ; ; ; ; ; ;12;65,5254440916518
3359412;1;2;1; ; ; ; ; ; ; ; ; ; ; ; ;12;65,5254440916518
3359412;1;3;1; ; ; ; ; ; ; ; ; ; ; ; ;12;65,5254440916518
3359412;1;4;1; ; ; ; ; ; ; ; ; ; ; ; ;12;65,5254440916518
3359412;1;5;1; ; ; ; ; ; ; ; ; ; ; ; ;12;65,5254440916518
3359412;1;6;1; ; ; ; ; ; ; ; ; ; ; ; ;12;65,5254440916518
3359412;1;7;1; ; ; ; ; ; ; ; ; ; ; ; ;12;65,5254440916518
3359412;1;8;1; ; ; ; ; ; ; ; ; ; ; ; ;12;65,5254440916518
3359413;1;1;2;2;17; ;2; ; ;1;2; ; ;1; ;12;92,2875155422036
3359414;1;1;2;2;66; ;2; ; ;1;2; ; ;1; ;12;144,024713152522
3359414;1;2;2;2;05; ;2; ; ;1;2; ; ;1; ;12;144,024713152522
3359414;1;3;2;2;66; ;2; ; ;1;2; ; ;1; ;12;144,024713152522
3359414;1;4;1; ; ; ; ; ; ; ; ; ; ; ; ;12;144,024713152522
3359414;1;5;2;2;66; ;3;66; ;2;3;66; ;2;4;12;144,024713152522
3359415;1;1;1; ; ; ; ; ; ; ; ; ; ; ; ;12;91,9645787721118
3359415;1;2;2;2;63; ;2; ; ;1;2; ; ;1; ;12;91,9645787721118
3359416;1;1;2;2;52; ;2; ; ;1;2; ; ;1; ;12;162,589943905013
3359417;1;1;2;2;11; ;2; ; ;1;2; ; ;1; ;12;135,271875871941
3359417;1;2;1; ; ; ; ; ; ; ; ; ; ; ; ;12;135,271875871941
3359417;1;3;1; ; ; ; ; ; ; ; ; ; ; ; ;12;135,271875871941
3359418;1;1;2;2;66; ;2; ; ;1;2; ; ;1; ;12;142,678981907535
3359418;1;2;2;2;66; ;2; ; ;1;2; ; ;1; ;12;142,678981907535
3359418;1;3;2;2;76; ;2; ; ;1;2; ; ;1; ;12;142,678981907535
3359418;1;4;2;2;63; ;2; ; ;1;2; ; ;1; ;12;142,678981907535
3359419;1;1;2;2;05; ;2; ; ;1;2; ; ;1; ;12;94,4881565533586
3359419;1;2;1; ; ; ; ; ; ; ; ; ; ; ; ;12;94,4881565533586
3359420;1;1;2;2;73; ;2; ; ;1;2; ; ;1; ;12;94,9789780321781
3359420;1;2;2;2;73; ;2; ; ;1;2; ; ;1; ;12;94,9789780321781
3359420;1;3;1; ; ; ; ; ; ; ; ; ; ; ; ;12;94,9789780321781
3359421;1;1;2;2;63; ;2; ; ;1;2; ; ;1; ;12;135,271875871941
3359421;1;2;2;1; ; ;3;52; ;1;2; ; ;1; ;12;135,271875871941
3359421;1;3;1; ; ; ; ; ; ; ; ; ; ; ; ;12;135,271875871941
3359422;1;1;2;2;63; ;2; ; ;1;2; ; ;1; ;12;158,911999241764
3359422;1;2;2;2;76; ;2; ; ;1;2; ; ;1; ;12;158,911999241764
3359422;1;3;2;2;63; ;2; ; ;1;2; ; ;1; ;12;158,911999241764
3359422;1;4;2;2;63; ;2; ; ;1;2; ; ;1; ;12;158,911999241764
3359422;1;5;2;2;63; ;2; ; ;1;2; ; ;1; ;12;158,911999241764
3359423;1;1;2;3; ;4;4; ;4; ;2; ; ;1; ;12;125,1723025089
3359423;1;2;2;3; ;4;4; ;4; ;2; ; ;1; ;12;125,1723025089
3359423;1;3;1; ; ; ; ; ; ; ; ; ; ; ; ;12;125,1723025089
3359424;1;1;1; ; ; ; ; ; ; ; ; ; ; ; ;12;125,1723025089
3359424;1;2;2;2;17; ;2; ; ;1;2; ; ;1; ;12;125,1723025089
3359424;1;3;1; ; ; ; ; ; ; ; ; ; ; ; ;12;125,1723025089
3359425;1;1;1; ; ; ; ; ; ; ; ; ; ; ; ;12;125,1723025089
3359425;1;2;2;2;63; ;2; ; ;1;2; ; ;1; ;12;125,1723025089
3359425;1;3;1; ; ; ; ; ; ; ; ; ; ; ; ;12;125,1723025089
3359427;1;1;2;2;76; ;2; ; ;1;2; ; ;1; ;12;93,9074546723867
3359427;1;2;1; ; ; ; ; ; ; ; ; ; ; ; ;12;93,9074546723867
3359427;1;3;1; ; ; ; ; ; ; ; ; ; ; ; ;12;93,9074546723867
3359427;1;4;1; ; ; ; ; ; ; ; ; ; ; ; ;12;93,9074546723867
3359427;1;5;1; ; ; ; ; ; ; ; ; ; ; ; ;12;93,9074546723867
3359428;1;1;2;2;05; ;3;76; ;1;2; ; ;1; ;12;80,9466017091042
3359428;1;2;1; ; ; ; ; ; ; ; ; ; ; ; ;12;80,9466017091042
3359428;1;3;2;2;76; ;3;76; ;2;2; ; ;1; ;12;80,9466017091042
3359429;1;1;1; ; ; ; ; ; ; ; ; ; ; ; ;12;130,470186302332
3359429;1;2;1; ; ; ; ; ; ; ; ; ; ; ; ;12;130,470186302332
3359429;1;3;1; ; ; ; ; ; ; ; ; ; ; ; ;12;130,470186302332
3359430;1;1;1; ; ; ; ; ; ; ; ; ; ; ; ;12;176,235889524196
3359430;1;2;1; ; ; ; ; ; ; ; ; ; ; ; ;12;176,235889524196
3359430;1;3;1; ; ; ; ; ; ; ; ; ; ; ; ;12;176,235889524196
3359431;1;1;2;2;66; ;3;17; ;2;3;66; ;2;1;12;92,9238793132085
3359431;1;2;2;2;17; ;3;17; ;2;2; ; ;1; ;12;92,9238793132085
3359431;1;3;2;2;17; ;3;17; ;2;2; ; ;1; ;12;92,9238793132085
3359431;1;4;2;2;17; ;3;17; ;2;2; ; ;1; ;12;92,9238793132085
3359431;1;5;2;2;17; ;1; ; ; ;2; ; ;1; ;12;92,9238793132085
3359432;1;1;1; ; ; ; ; ; ; ; ; ; ; ; ;12;130,470186302332
3359432;1;2;1; ; ; ; ; ; ; ; ; ; ; ; ;12;130,470186302332
3359432;1;3;1; ; ; ; ; ; ; ; ; ; ; ; ;12;130,470186302332
3359433;1;1;1; ; ; ; ; ; ; ; ; ; ; ; ;12;942,543242466333
3359433;1;2;1; ; ; ; ; ; ; ; ; ; ; ; ;12;942,543242466333
3359434;1;1;1; ; ; ; ; ; ; ; ; ; ; ; ;12;863,58494652322
3359434;1;2;1; ; ; ; ; ; ; ; ; ; ; ; ;12;863,58494652322
3359434;1;3;1; ; ; ; ; ; ; ; ; ; ; ; ;12;863,58494652322
3359435;1;1;2;2;19; ;2; ; ;1;2; ; ;1; ;12;1795,70136448679
3359435;1;2;2;2;76; ;2; ; ;1;2; ; ;1; ;12;1795,70136448679
3359435;1;3;1; ; ; ; ; ; ; ; ; ; ; ; ;12;1795,70136448679
3359435;1;4;2;2;76; ;2; ; ;1;2; ; ;1; ;12;1795,70136448679
3359435;1;5;1; ; ; ; ; ; ; ; ; ; ; ; ;12;1795,70136448679
3359435;1;6;1; ; ; ; ; ; ; ; ; ; ; ; ;12;1795,70136448679
3359436;1;1;1; ; ; ; ; ; ; ; ; ; ; ; ;12;942,543242466333
3359436;1;2;2;2;19; ;2; ; ;1;2; ; ;1; ;12;942,543242466333
3359437;1;1;1; ; ; ; ; ; ; ; ; ; ; ; ;12;1141,52645499817
3359438;1;1;2;2;08; ;2; ; ;1;2; ; ;1; ;12;1020,80365281415
3359438;1;2;1; ; ; ; ; ; ; ; ; ; ; ; ;12;1020,80365281415
3359438;1;3;1; ; ; ; ; ; ; ; ; ; ; ; ;12;1020,80365281415
3359438;1;4;1; ; ; ; ; ; ; ; ; ; ; ; ;12;1020,80365281415
3359439;1;1;2;3; ;11;2; ; ;1;2; ; ;1; ;12;637,441906062752
3359439;1;2;1; ; ; ; ; ; ; ; ; ; ; ; ;12;637,441906062752
3359439;1;3;2;3; ;11;4; ;11; ;2; ; ;1; ;12;637,441906062752
3359440;1;1;1; ; ; ; ; ; ; ; ; ; ; ; ;12;1042,46956149922
3359440;1;2;1; ; ; ; ; ; ; ; ; ; ; ; ;12;1042,46956149922
3359440;1;3;1; ; ; ; ; ; ; ; ; ; ; ; ;12;1042,46956149922
3359440;1;4;1; ; ; ; ; ; ; ; ; ; ; ; ;12;1042,46956149922
3359441;1;1;2;2;17; ;2; ; ;1;2; ; ;1; ;12;863,58494652322
3359441;1;2;2;2;27; ;2; ; ;1;2; ; ;1; ;12;863,58494652322
3359441;1;3;1; ; ; ; ; ; ; ; ; ; ; ; ;12;863,58494652322
3359442;1;1;1; ; ; ; ; ; ; ; ; ; ; ; ;12;617,861123560425
3359442;1;2;1; ; ; ; ; ; ; ; ; ; ; ; ;12;617,861123560425
3359442;1;3;1; ; ; ; ; ; ; ; ; ; ; ; ;12;617,861123560425
3359442;1;4;2;2;19; ;2; ; ;1;2; ; ;1; ;12;617,861123560425
3359443;1;1;2;2;27; ;2; ; ;1;2; ; ;1; ;12;1404,87326219431
3359443;1;2;1; ; ; ; ; ; ; ; ; ; ; ; ;12;1404,87326219431
3359443;2;1;2;2;76; ;2; ; ;1;2; ; ;1; ;12;1404,87326219431
3359443;2;2;1; ; ; ; ; ; ; ; ; ; ; ; ;12;1404,87326219431
3359444;1;1;1; ; ; ; ; ; ; ; ; ; ; ; ;12;1141,52645499817
3359445;1;1;2;2;76; ;2; ; ;1;2; ; ;1; ;12;942,543242466333
3359445;1;2;1; ; ; ; ; ; ; ; ; ; ; ; ;12;942,543242466333
3359446;1;1;1; ; ; ; ; ; ; ; ; ; ; ; ;12;981,673447640241
3359446;1;2;2;2;19; ;2; ; ;1;2; ; ;1; ;12;981,673447640241
3359446;1;3;1; ; ; ; ; ; ; ; ; ; ; ; ;12;981,673447640241
3359447;1;1;2;2;11; ;2; ; ;1;2; ; ;1; ;12;594,268776437117
3359447;1;2;2;2;73; ;2; ; ;1;2; ; ;1; ;12;594,268776437117
3359447;1;3;1; ; ; ; ; ; ; ; ; ; ; ; ;12;594,268776437117
3359447;1;4;1; ; ; ; ; ; ; ; ; ; ; ; ;12;594,268776437117
3359447;1;5;1; ; ; ; ; ; ; ; ; ; ; ; ;12;594,268776437117
3359447;1;6;2;2;63; ;2; ; ;1;2; ; ;1; ;12;594,268776437117
3359448;1;1;2;1; ; ;4; ;1; ;2; ; ;1; ;12;1141,52645499817
3359449;1;1;2;2;73; ;2; ; ;1;2; ; ;1; ;12;682,256078055477
3359449;1;2;1; ; ; ; ; ; ; ; ; ; ; ; ;12;682,256078055477
3359449;1;3;1; ; ; ; ; ; ; ; ; ; ; ; ;12;682,256078055477
3359449;1;4;1; ; ; ; ; ; ; ; ; ; ; ; ;12;682,256078055477
3359449;1;5;1; ; ; ; ; ; ; ; ; ; ; ; ;12;682,256078055477
3359450;1;1;2;1; ; ;2; ; ;1;2; ; ;1; ;12;521,509368191736
3359450;1;2;1; ; ; ; ; ; ; ; ; ; ; ; ;12;521,509368191736
3359450;1;3;1; ; ; ; ; ; ; ; ; ; ; ; ;12;521,509368191736
3359451;1;1;2;2;76; ;3;76; ;1;2; ; ;1; ;12;1716,77442837442
3359451;1;2;2;1; ; ;3;76; ;1;2; ; ;1; ;12;1716,77442837442
3359451;1;3;1; ; ; ; ; ; ; ; ; ; ; ; ;12;1716,77442837442
3359451;1;4;1; ; ; ; ; ; ; ; ; ; ; ; ;12;1716,77442837442
3359452;1;1;2;2;41; ;2; ; ;1;2; ; ;1; ;12;1053,38604696533
3359452;1;2;2;2;17; ;2; ; ;1;2; ; ;1; ;12;1053,38604696533
3359452;1;3;1; ; ; ; ; ; ; ; ; ; ; ; ;12;1053,38604696533
3359452;1;4;1; ; ; ; ; ; ; ; ; ; ; ; ;12;1053,38604696533
3359453;1;1;2;2;76; ;3;54; ;1;2; ; ;1; ;12;844,035523851638
3359454;1;1;2;2;76; ;2; ; ;1;2; ; ;1; ;12;1214,61631787724
3359454;1;2;2;2;63; ;2; ; ;1;2; ; ;1; ;12;1214,61631787724
3359454;1;3;1; ; ; ; ; ; ; ; ; ; ; ; ;12;1214,61631787724
3359454;1;4;1; ; ; ; ; ; ; ; ; ; ; ; ;12;1214,61631787724
3359455;1;1;2;2;76; ;2; ; ;1;2; ; ;1; ;12;521,509368191736
3359455;1;2;2;2;76; ;2; ; ;1;2; ; ;1; ;12;521,509368191736
3359455;1;3;2;2;76; ;2; ; ;1;2; ; ;1; ;12;521,509368191736
3359456;1;1;2;2;76; ;2; ; ;1;2; ; ;1; ;12;1436,13486462809
3359456;1;2;1; ; ; ; ; ; ; ; ; ; ; ; ;12;1436,13486462809
3359456;1;3;1; ; ; ; ; ; ; ; ; ; ; ; ;12;1436,13486462809
3359456;1;4;1; ; ; ; ; ; ; ; ; ; ; ; ;12;1436,13486462809
3359456;1;5;1; ; ; ; ; ; ; ; ; ; ; ; ;12;1436,13486462809
3359456;1;6;1; ; ; ; ; ; ; ; ; ; ; ; ;12;1436,13486462809
3359456;1;7;1; ; ; ; ; ; ; ; ; ; ; ; ;12;1436,13486462809
3359456;1;8;1; ; ; ; ; ; ; ; ; ; ; ; ;12;1436,13486462809
3359457;1;1;1; ; ; ; ; ; ; ; ; ; ; ; ;12;1284,84834560559
3359457;1;2;1; ; ; ; ; ; ; ; ; ; ; ; ;12;1284,84834560559
3359457;1;3;1; ; ; ; ; ; ; ; ; ; ; ; ;12;1284,84834560559
3359457;1;4;1; ; ; ; ; ; ; ; ; ; ; ; ;12;1284,84834560559
3359458;1;1;2;2;52; ;3;52; ;2;2; ; ;1; ;12;1544,69142620079
3359458;1;2;2;2;52; ;3;52; ;1;2; ; ;1; ;12;1544,69142620079
3359458;1;3;2;2;52; ;3;52; ;2;2; ; ;1; ;12;1544,69142620079
3359458;1;4;2;2;52; ;3;52; ;2;2; ; ;1; ;12;1544,69142620079
3359458;1;5;2;2;52; ;3;76; ;1;2; ; ;1; ;12;1544,69142620079
3359459;1;1;2;1; ; ;3;76; ;2;2; ; ;1; ;12;1863,50332901683
3359459;1;2;2;2;76; ;3;76; ;2;3;76; ;1; ;12;1863,50332901683
3359459;1;3;2;2;11; ;3;76; ;2;2; ; ;1; ;12;1863,50332901683
3359459;1;4;2;2;76; ;3;76; ;2;2; ; ;1; ;12;1863,50332901683
3359459;1;5;2;1; ; ;3;76; ;2;2; ; ;1; ;12;1863,50332901683
3359459;1;6;1; ; ; ; ; ; ; ; ; ; ; ; ;12;1863,50332901683
3359460;1;1;2;1; ; ;2; ; ;1;2; ; ;1; ;12;521,509368191736
3359460;1;2;2;2;76; ;2; ; ;1;2; ; ;1; ;12;521,509368191736
3359460;1;3;1; ; ; ; ; ; ; ; ; ; ; ; ;12;521,509368191736
3359461;1;1;2;2;05; ;2; ; ;1;2; ; ;1; ;12;521,509368191736
3359461;1;2;2;2;19; ;2; ; ;1;2; ; ;1; ;12;521,509368191736
3359461;1;3;1; ; ; ; ; ; ; ; ; ; ; ; ;12;521,509368191736
3359463;1;1;1; ; ; ; ; ; ; ; ; ; ; ; ;12;870,384776299755
3359463;1;2;2;2;27; ;2; ; ;1;2; ; ;1; ;12;870,384776299755
3359463;1;3;1; ; ; ; ; ; ; ; ; ; ; ; ;12;870,384776299755
3359463;1;4;1; ; ; ; ; ; ; ; ; ; ; ; ;12;870,384776299755
3359464;1;1;2;2;52; ;2; ; ;1;2; ; ;1; ;12;205,714972136615
3359464;1;2;1; ; ; ; ; ; ; ; ; ; ; ; ;12;205,714972136615
3359464;1;3;1; ; ; ; ; ; ; ; ; ; ; ; ;12;205,714972136615
3359465;1;1;2;2;52; ;2; ; ;1;2; ; ;1; ;12;235,707850218995
3359465;1;2;2;2;52; ;3;52; ;2;2; ; ;1; ;12;235,707850218995
3359466;1;1;1; ; ; ; ; ; ; ; ; ; ; ; ;12;313,129105724702
3359466;1;2;2;1; ; ;2; ; ;1;2; ; ;1; ;12;313,129105724702
3359467;1;1;2;2;23; ;2; ; ;1;2; ; ;1; ;12;409,68918596269
3359467;1;2;2;2;63; ;2; ; ;1;2; ; ;1; ;12;409,68918596269
3359467;1;3;2;1; ; ;2; ; ;1;2; ; ;1; ;12;409,68918596269
3359468;1;1;2;1; ; ;3;52; ;2;2; ; ;1; ;12;162,22891390569
3359468;1;2;2;1; ; ;3;52; ;2;3;52; ;2;2;12;162,22891390569
3359469;1;1;1; ; ; ; ; ; ; ; ; ; ; ; ;12;174,851714898966
3359469;1;2;2;2;52; ;2; ; ;1;2; ; ;1; ;12;174,851714898966
3359469;1;3;1; ; ; ; ; ; ; ; ; ; ; ; ;12;174,851714898966
3359469;1;4;1; ; ; ; ; ; ; ; ; ; ; ; ;12;174,851714898966
3359470;1;1;2;2;52; ;2; ; ;1;2; ; ;1; ;12;185,72222691273
3359470;1;2;2;2;52; ;2; ; ;1;2; ; ;1; ;12;185,72222691273
3359471;1;1;2;1; ; ;2; ; ;1;2; ; ;1; ;12;207,111755337268
3359472;1;1;2;2;52; ;2; ; ;1;2; ; ;1; ;12;168,72847898103
3359473;1;1;1; ; ; ; ; ; ; ; ; ; ; ; ;12;234,397216210355
3359473;1;2;1; ; ; ; ; ; ; ; ; ; ; ; ;12;234,397216210355
3359473;1;3;1; ; ; ; ; ; ; ; ; ; ; ; ;12;234,397216210355
3359474;1;1;1; ; ; ; ; ; ; ; ; ; ; ; ;12;171,639766222798
3359474;1;2;1; ; ; ; ; ; ; ; ; ; ; ; ;12;171,639766222798
3359474;1;3;1; ; ; ; ; ; ; ; ; ; ; ; ;12;171,639766222798
3359474;1;4;1; ; ; ; ; ; ; ; ; ; ; ; ;12;171,639766222798
3359474;1;5;2;1; ; ;2; ; ;1;2; ; ;1; ;12;171,639766222798
3359475;1;1;2;2;70; ;2; ; ;1;2; ; ;1; ;12;140,626434097169
3359475;1;2;2;1; ; ;2; ; ;1;2; ; ;1; ;12;140,626434097169
3359475;1;3;1; ; ; ; ; ; ; ; ; ; ; ; ;12;140,626434097169
3359475;1;4;2;1; ; ;2; ; ;1;2; ; ;1; ;12;140,626434097169
3359476;1;1;2;2;52; ;2; ; ;1;2; ; ;1; ;12;171,639766222798
3359476;1;2;2;2;52; ;2; ; ;1;2; ; ;1; ;12;171,639766222798
3359476;1;3;2;2;52; ;2; ; ;1;2; ; ;1; ;12;171,639766222798
3359476;1;4;1; ; ; ; ; ; ; ; ; ; ; ; ;12;171,639766222798
3359476;1;5;2;2;52; ;2; ; ;1;2; ; ;1; ;12;171,639766222798
3359477;1;1;1; ; ; ; ; ; ; ; ; ; ; ; ;12;228,686533773055
3359477;1;2;2;2;52; ;2; ; ;1;2; ; ;1; ;12;228,686533773055
3359477;1;3;1; ; ; ; ; ; ; ; ; ; ; ; ;12;228,686533773055
3359478;1;1;2;2;52; ;2; ; ;1;2; ; ;1; ;12;260,234385827027
3359478;1;2;1; ; ; ; ; ; ; ; ; ; ; ; ;12;260,234385827027
3359478;1;3;1; ; ; ; ; ; ; ; ; ; ; ; ;12;260,234385827027
3359478;1;4;1; ; ; ; ; ; ; ; ; ; ; ; ;12;260,234385827027
3359478;1;5;1; ; ; ; ; ; ; ; ; ; ; ; ;12;260,234385827027
3359478;1;6;1; ; ; ; ; ; ; ; ; ; ; ; ;12;260,234385827027
3359478;1;7;1; ; ; ; ; ; ; ; ; ; ; ; ;12;260,234385827027
3359478;1;8;1; ; ; ; ; ; ; ; ; ; ; ; ;12;260,234385827027
3359478;1;9;1; ; ; ; ; ; ; ; ; ; ; ; ;12;260,234385827027
3359478;1;10;1; ; ; ; ; ; ; ; ; ; ; ; ;12;260,234385827027
3359479;1;1;2;2;52; ;2; ; ;1;2; ; ;1; ;12;105,222616285909
3359479;1;2;2;2;52; ;2; ; ;1;2; ; ;1; ;12;105,222616285909
3359479;1;3;1; ; ; ; ; ; ; ; ; ; ; ; ;12;105,222616285909
3359479;1;4;1; ; ; ; ; ; ; ; ; ; ; ; ;12;105,222616285909
3359479;1;5;1; ; ; ; ; ; ; ; ; ; ; ; ;12;105,222616285909
3359479;1;6;2;2;52; ;2; ; ;1;2; ; ;1; ;12;105,222616285909
3359480;1;1;2;2;52; ;2; ; ;1;2; ; ;1; ;12;183,159033127932
3359480;1;2;2;2;86; ;2; ; ;1;2; ; ;1; ;12;183,159033127932
3359480;1;3;1; ; ; ; ; ; ; ; ; ; ; ; ;12;183,159033127932
3359480;1;4;1; ; ; ; ; ; ; ; ; ; ; ; ;12;183,159033127932
3359480;1;5;2;2;76; ;2; ; ;1;2; ; ;1; ;12;183,159033127932
3359480;1;6;1; ; ; ; ; ; ; ; ; ; ; ; ;12;183,159033127932
3359480;1;7;2;1; ; ;3;52; ;1;2; ; ;1; ;12;183,159033127932
3359480;1;8;1; ; ; ; ; ; ; ; ; ; ; ; ;12;183,159033127932
3359480;1;9;1; ; ; ; ; ; ; ; ; ; ; ; ;12;183,159033127932
3359481;1;1;2;2;52; ;3;52; ;1;2; ; ;1; ;12;200,780220369452
3359481;1;2;2;2;52; ;3;52; ;1;2; ; ;1; ;12;200,780220369452
3359481;1;3;2;2;52; ;3;52; ;1;2; ; ;1; ;12;200,780220369452
3359481;1;4;1; ; ; ; ; ; ; ; ; ; ; ; ;12;200,780220369452
3359481;1;5;2;2;52; ;3;52; ;1;2; ; ;1; ;12;200,780220369452
3359481;1;6;2;2;86; ;3;52; ;1;2; ; ;1; ;12;200,780220369452
3359481;1;7;2;1; ; ;3;52; ;1;2; ; ;1; ;12;200,780220369452
3359482;1;1;2;1; ; ;2; ; ;1;2; ; ;1; ;12;245,876013185012
3359482;1;2;2;2;52; ;2; ; ;1;2; ; ;1; ;12;245,876013185012
3359482;1;3;1; ; ; ; ; ; ; ; ; ; ; ; ;12;245,876013185012
3359482;1;4;1; ; ; ; ; ; ; ; ; ; ; ; ;12;245,876013185012
3359482;1;5;1; ; ; ; ; ; ; ; ; ; ; ; ;12;245,876013185012
3359483;1;1;2;2;52; ;2; ; ;1;2; ; ;1; ;12;221,370384686942
3359483;1;2;2;2;52; ;3;52; ;2;2; ; ;1; ;12;221,370384686942
3359483;1;3;2;2;50; ;3;52; ;2;2; ; ;1; ;12;221,370384686942
3359483;1;4;2;2;25; ;3;52; ;2;2; ; ;1; ;12;221,370384686942
3359483;1;5;2;2;52; ;2; ; ;1;2; ; ;1; ;12;221,370384686942
3359483;1;6;2;2;52; ;3;52; ;2;2; ; ;1; ;12;221,370384686942
3359483;1;7;2;1; ; ;1; ; ; ;2; ; ;1; ;12;221,370384686942
3359483;1;8;2;2;52; ;3;52; ;2;2; ; ;1; ;12;221,370384686942
3359483;1;9;2;2;52; ;2; ; ;1;2; ; ;1; ;12;221,370384686942
3359484;1;1;2;2;52; ;3;52; ;1;2; ; ;1; ;12;113,572544629292
3359484;1;2;2;2;52; ;3;52; ;1;2; ; ;1; ;12;113,572544629292
3359484;1;3;2;2;52; ;3;52; ;1;2; ; ;1; ;12;113,572544629292
3359484;1;4;2;2;52; ;3;52; ;1;2; ; ;1; ;12;113,572544629292
3359484;1;5;2;2;52; ;3;52; ;1;2; ; ;1; ;12;113,572544629292
3359485;1;1;1; ; ; ; ; ; ; ; ; ; ; ; ;12;170,619312179549
3359485;1;2;2;1; ; ;2; ; ;1;2; ; ;1; ;12;170,619312179549
3359485;1;3;1; ; ; ; ; ; ; ; ; ; ; ; ;12;170,619312179549
3359486;1;1;1; ; ; ; ; ; ; ; ; ; ; ; ;12;210,903903203315
3359486;1;2;1; ; ; ; ; ; ; ; ; ; ; ; ;12;210,903903203315
3359486;1;3;1; ; ; ; ; ; ; ; ; ; ; ; ;12;210,903903203315
3359487;1;1;1; ; ; ; ; ; ; ; ; ; ; ; ;12;181,912859142958
3359487;1;2;1; ; ; ; ; ; ; ; ; ; ; ; ;12;181,912859142958
3359488;1;1;1; ; ; ; ; ; ; ; ; ; ; ; ;12;197,877071679902
3359488;1;2;1; ; ; ; ; ; ; ; ; ; ; ; ;12;197,877071679902
3359488;1;3;1; ; ; ; ; ; ; ; ; ; ; ; ;12;197,877071679902
3359488;1;4;1; ; ; ; ; ; ; ; ; ; ; ; ;12;197,877071679902
3359488;1;5;1; ; ; ; ; ; ; ; ; ; ; ; ;12;197,877071679902
3359488;1;6;1; ; ; ; ; ; ; ; ; ; ; ; ;12;197,877071679902
3359488;2;1;1; ; ; ; ; ; ; ; ; ; ; ; ;12;197,877071679902
3359488;2;2;1; ; ; ; ; ; ; ; ; ; ; ; ;12;197,877071679902
3359488;2;3;2;1; ; ;2; ; ;1;2; ; ;1; ;12;197,877071679902
3359489;1;1;2;2;52; ;2; ; ;1;2; ; ;1; ;12;140,626434097169
3359489;1;2;2;2;52; ;2; ; ;1;2; ; ;1; ;12;140,626434097169
3359489;1;3;1; ; ; ; ; ; ; ; ; ; ; ; ;12;140,626434097169
3359489;1;4;1; ; ; ; ; ; ; ; ; ; ; ; ;12;140,626434097169
3359490;1;1;2;2;52; ;2; ; ;1;2; ; ;1; ;12;162,22891390569
3359490;1;2;2;2;52; ;2; ; ;1;2; ; ;1; ;12;162,22891390569
3359491;1;1;2;2;11; ;2; ; ;1;2; ; ;1; ;12;249,540600874013
3359491;1;2;2;1; ; ;2; ; ;1;2; ; ;1; ;12;249,540600874013
3359491;1;3;1; ; ; ; ; ; ; ; ; ; ; ; ;12;249,540600874013
3359491;1;4;1; ; ; ; ; ; ; ; ; ; ; ; ;12;249,540600874013
3359492;1;1;2;2;19; ;2; ; ;1;2; ; ;1; ;12;578,03303279122
3359492;1;2;1; ; ; ; ; ; ; ; ; ; ; ; ;12;578,03303279122
3359492;1;3;1; ; ; ; ; ; ; ; ; ; ; ; ;12;578,03303279122
3359492;1;4;1; ; ; ; ; ; ; ; ; ; ; ; ;12;578,03303279122
3359492;2;1;1; ; ; ; ; ; ; ; ; ; ; ; ;12;578,03303279122
3359492;2;2;1; ; ; ; ; ; ; ; ; ; ; ; ;12;578,03303279122
3359493;1;1;2;2;76; ;2; ; ;1;2; ; ;1; ;12;737,91739997989
3359494;1;1;2;2;11; ;2; ; ;1;2; ; ;1; ;12;800,862394226003
3359494;1;2;2;2;76; ;2; ; ;1;2; ; ;1; ;12;800,862394226003
3359494;1;3;2;2;94; ;2; ; ;1;2; ; ;1; ;12;800,862394226003
3359494;1;4;1; ; ; ; ; ; ; ; ; ; ; ; ;12;800,862394226003
3359495;1;1;1; ; ; ; ; ; ; ; ; ; ; ; ;12;538,934187448057
3359495;1;2;1; ; ; ; ; ; ; ; ; ; ; ; ;12;538,934187448057
3359496;1;1;2;2;17; ;2; ; ;1;2; ; ;1; ;12;942,543242466333
3359496;1;2;1; ; ; ; ; ; ; ; ; ; ; ; ;12;942,543242466333
3359497;1;1;2;2;23; ;2; ; ;1;2; ; ;1; ;12;444,455594976782
3359497;1;2;1; ; ; ; ; ; ; ; ; ; ; ; ;12;444,455594976782
3359497;1;3;1; ; ; ; ; ; ; ; ; ; ; ; ;12;444,455594976782
3359497;1;4;1; ; ; ; ; ; ; ; ; ; ; ; ;12;444,455594976782
3359497;1;5;1; ; ; ; ; ; ; ; ; ; ; ; ;12;444,455594976782
3359497;1;6;1; ; ; ; ; ; ; ; ; ; ; ; ;12;444,455594976782
3359499;1;1;1; ; ; ; ; ; ; ; ; ; ; ; ;12;495,829301031437
3359499;1;2;1; ; ; ; ; ; ; ; ; ; ; ; ;12;495,829301031437
3359500;1;1;2;2;20; ;2; ; ;1;2; ; ;1; ;12;421,102125745211
3359500;1;2;1; ; ; ; ; ; ; ; ; ; ; ; ;12;421,102125745211
3359500;1;3;1; ; ; ; ; ; ; ; ; ; ; ; ;12;421,102125745211
3359500;1;4;1; ; ; ; ; ; ; ; ; ; ; ; ;12;421,102125745211
3359502;1;1;1; ; ; ; ; ; ; ; ; ; ; ; ;12;621,935112189396
3359502;1;2;1; ; ; ; ; ; ; ; ; ; ; ; ;12;621,935112189396
3359502;1;3;1; ; ; ; ; ; ; ; ; ; ; ; ;12;621,935112189396
3359502;1;4;2;2;70; ;2; ; ;1;2; ; ;1; ;12;621,935112189396
3359503;1;1;2;2;08; ;2; ; ;1;2; ; ;1; ;12;559,393948923417
3359503;1;2;1; ; ; ; ; ; ; ; ; ; ; ; ;12;559,393948923417
3359503;1;3;1; ; ; ; ; ; ; ; ; ; ; ; ;12;559,393948923417
3359503;1;4;1; ; ; ; ; ; ; ; ; ; ; ; ;12;559,393948923417
3359504;1;1;1; ; ; ; ; ; ; ; ; ; ; ; ;12;495,829301031437
3359504;1;2;1; ; ; ; ; ; ; ; ; ; ; ; ;12;495,829301031437
3359506;1;1;2;2;13; ;2; ; ;1;2; ; ;1; ;12;840,447283861658
3359506;1;2;2;2;13; ;3;13; ;1;2; ; ;1; ;12;840,447283861658
3359506;1;3;1; ; ; ; ; ; ; ; ; ; ; ; ;12;840,447283861658
3359506;1;4;1; ; ; ; ; ; ; ; ; ; ; ; ;12;840,447283861658
3359507;1;1;1; ; ; ; ; ; ; ; ; ; ; ; ;12;605,618907708442
3359507;1;2;1; ; ; ; ; ; ; ; ; ; ; ; ;12;605,618907708442
3359508;1;1;1; ; ; ; ; ; ; ; ; ; ; ; ;12;552,462223482947
3359508;1;2;2;2;47; ;2; ; ;1;2; ; ;1; ;12;552,462223482947
3359508;1;3;2;2;47; ;2; ; ;1;2; ; ;1; ;12;552,462223482947
3359509;1;1;2;2;11; ;2; ; ;1;2; ; ;1; ;12;674,091392318848
3359509;1;2;2;2;08; ;2; ; ;1;2; ; ;1; ;12;674,091392318848
3359509;1;3;2;2;23; ;2; ; ;1;2; ; ;1; ;12;674,091392318848
3359509;1;4;2;2;70; ;2; ; ;1;2; ; ;1; ;12;674,091392318848
3359510;1;1;1; ; ; ; ; ; ; ; ; ; ; ; ;12;568,682453068336
3359510;1;2;1; ; ; ; ; ; ; ; ; ; ; ; ;12;568,682453068336
3359510;1;3;1; ; ; ; ; ; ; ; ; ; ; ; ;12;568,682453068336
3359511;1;1;2;3; ;2;2; ; ;1;2; ; ;1; ;12;566,302593833929
3359511;1;2;2;2;08; ;2; ; ;1;2; ; ;1; ;12;566,302593833929
3359512;1;1;2;2;68; ;2; ; ;1;2; ; ;1; ;12;441,619598762858
3359512;1;2;1; ; ; ; ; ; ; ; ; ; ; ; ;12;441,619598762858
3359512;1;3;1; ; ; ; ; ; ; ; ; ; ; ; ;12;441,619598762858
3359512;1;4;1; ; ; ; ; ; ; ; ; ; ; ; ;12;441,619598762858
3359513;1;1;2;2;68; ;2; ; ;1;2; ; ;1; ;12;514,78182896572
3359513;1;2;1; ; ; ; ; ; ; ; ; ; ; ; ;12;514,78182896572
3359513;1;3;1; ; ; ; ; ; ; ; ; ; ; ; ;12;514,78182896572
3359513;1;4;1; ; ; ; ; ; ; ; ; ; ; ; ;12;514,78182896572
3359514;1;1;2;2;54; ;2; ; ;1;2; ; ;1; ;12;509,126017709828
3359514;1;2;2;2;54; ;2; ; ;1;2; ; ;1; ;12;509,126017709828
3359515;1;1;2;2;68; ;3;68; ;1;2; ; ;1; ;12;498,134979066602
3359515;1;2;2;2;68; ;3;68; ;1;2; ; ;1; ;12;498,134979066602
3359515;1;3;2;2;68; ;2; ; ;1;2; ; ;1; ;12;498,134979066602
3359516;1;1;2;2;68; ;2; ; ;1;2; ; ;1; ;12;497,250773314945
3359516;1;2;2;2;25; ;2; ; ;1;2; ; ;1; ;12;497,250773314945
3359516;1;3;1; ; ; ; ; ; ; ; ; ; ; ; ;12;497,250773314945
3359516;1;4;2;2;25; ;2; ; ;1;2; ; ;1; ;12;497,250773314945
3359517;1;1;1; ; ; ; ; ; ; ; ; ; ; ; ;12;427,574466402645
3359517;1;2;1; ; ; ; ; ; ; ; ; ; ; ; ;12;427,574466402645
3359517;1;3;1; ; ; ; ; ; ; ; ; ; ; ; ;12;427,574466402645
3359517;2;1;2;2;47; ;2; ; ;1;2; ; ;1; ;12;427,574466402645
3359518;1;1;2;2;68; ;2; ; ;1;2; ; ;1; ;12;557,291529119534
3359518;1;2;2;2;68; ;2; ; ;1;2; ; ;1; ;12;557,291529119534
3359518;1;3;1; ; ; ; ; ; ; ; ; ; ; ; ;12;557,291529119534
3359518;1;4;1; ; ; ; ; ; ; ; ; ; ; ; ;12;557,291529119534
3359519;1;1;2;2;11; ;2; ; ;1;2; ; ;1; ;12;543,204146189961
3359519;1;2;2;2;68; ;2; ; ;1;2; ; ;1; ;12;543,204146189961
3359519;1;3;2;2;68; ;2; ; ;1;2; ; ;1; ;12;543,204146189961
3359519;1;4;2;2;68; ;2; ; ;1;2; ; ;1; ;12;543,204146189961
3359519;1;5;2;2;68; ;2; ; ;1;2; ; ;1; ;12;543,204146189961
3359520;1;1;2;2;68; ;2; ; ;1;2; ; ;1; ;12;417,99516812389
3359520;1;2;2;2;68; ;2; ; ;1;2; ; ;1; ;12;417,99516812389
3359521;1;1;1; ; ; ; ; ; ; ; ; ; ; ; ;12;467,304282079931
3359522;1;1;2;2;25; ;2; ; ;1;2; ; ;1; ;12;442,073553317015
3359522;1;2;1; ; ; ; ; ; ; ; ; ; ; ; ;12;442,073553317015
3359523;1;1;2;2;68; ;2; ; ;1;2; ; ;1; ;12;481,028619492235
3359523;1;2;2;2;08; ;2; ; ;1;2; ; ;1; ;12;481,028619492235
3359523;1;3;1; ; ; ; ; ; ; ; ; ; ; ; ;12;481,028619492235
3359523;1;4;1; ; ; ; ; ; ; ; ; ; ; ; ;12;481,028619492235
3359523;1;5;1; ; ; ; ; ; ; ; ; ; ; ; ;12;481,028619492235
3359524;1;1;2;2;68; ;2; ; ;1;2; ; ;1; ;12;392,764439360973
3359524;1;2;2;2;68; ;2; ; ;1;2; ; ;1; ;12;392,764439360973
3359524;1;3;2;2;13; ;2; ; ;1;2; ; ;1; ;12;392,764439360973
3359525;1;1;1; ; ; ; ; ; ; ; ; ; ; ; ;12;522,481502077861
3359525;1;2;1; ; ; ; ; ; ; ; ; ; ; ; ;12;522,481502077861
3359525;1;3;1; ; ; ; ; ; ; ; ; ; ; ; ;12;522,481502077861
3359526;1;1;2;2;15; ;2; ; ;1;2; ; ;1; ;12;498,350602732302
3359526;1;2;2;2;68; ;2; ; ;1;2; ; ;1; ;12;498,350602732302
3359526;1;3;1; ; ; ; ; ; ; ; ; ; ; ; ;12;498,350602732302
3359526;2;1;2;2;68; ;3;68; ;1;2; ; ;1; ;12;498,350602732302
3359527;1;1;2;2;68; ;2; ; ;1;2; ; ;1; ;12;498,403116884736
3359527;1;2;1; ; ; ; ; ; ; ; ; ; ; ; ;12;498,403116884736
3359527;1;3;2;2;68; ;2; ; ;1;2; ; ;1; ;12;498,403116884736
3359528;1;1;2;2;68; ;2; ; ;1;2; ; ;1; ;12;461,77373565331
3359528;1;2;1; ; ; ; ; ; ; ; ; ; ; ; ;12;461,77373565331
3359528;1;3;2;2;68; ;2; ; ;1;2; ; ;1; ;12;461,77373565331
3359528;1;4;1; ; ; ; ; ; ; ; ; ; ; ; ;12;461,77373565331
3359528;1;5;2;2;68; ;3;68; ;1;3;68; ;1; ;12;461,77373565331
3359529;1;1;1; ; ; ; ; ; ; ; ; ; ; ; ;12;638,843080426716
3359529;1;2;2;2;05; ;3;11; ;1;2; ; ;1; ;12;638,843080426716
3359530;1;1;2;2;54; ;2; ; ;1;2; ; ;1; ;12;467,304282079931
3359531;1;1;2;2;68; ;2; ; ;1;2; ; ;1; ;12;495,526945126795
3359531;1;2;1; ; ; ; ; ; ; ; ; ; ; ; ;12;495,526945126795
3359531;1;3;1; ; ; ; ; ; ; ; ; ; ; ; ;12;495,526945126795
3359531;1;4;1; ; ; ; ; ; ; ; ; ; ; ; ;12;495,526945126795
3359532;1;1;2;2;68; ;2; ; ;1;2; ; ;1; ;12;523,430580763945
3359532;1;2;2;2;68; ;2; ; ;1;2; ; ;1; ;12;523,430580763945
3359532;1;3;2;2;68; ;2; ; ;1;2; ; ;1; ;12;523,430580763945
3359532;1;4;2;2;68; ;2; ; ;1;2; ; ;1; ;12;523,430580763945
3359532;1;5;2;2;15; ;2; ; ;1;2; ; ;1; ;12;523,430580763945
3359532;1;6;1; ; ; ; ; ; ; ; ; ; ; ; ;12;523,430580763945
3359532;1;7;1; ; ; ; ; ; ; ; ; ; ; ; ;12;523,430580763945
3359532;1;8;1; ; ; ; ; ; ; ; ; ; ; ; ;12;523,430580763945
3359532;1;9;2;2;73; ;2; ; ;1;2; ; ;1; ;12;523,430580763945
3359533;1;1;2;2;68; ;2; ; ;1;2; ; ;1; ;12;344,512142973119
3359533;1;2;2;2;68; ;2; ; ;1;2; ; ;1; ;12;344,512142973119
3359533;1;3;1; ; ; ; ; ; ; ; ; ; ; ; ;12;344,512142973119
3359533;1;4;1; ; ; ; ; ; ; ; ; ; ; ; ;12;344,512142973119
3359533;1;5;1; ; ; ; ; ; ; ; ; ; ; ; ;12;344,512142973119
3359533;1;6;1; ; ; ; ; ; ; ; ; ; ; ; ;12;344,512142973119
3359534;1;1;2;2;68; ;3;68; ;1;2; ; ;1; ;12;430,896697937767
3359534;1;2;2;2;68; ;3;68; ;1;2; ; ;1; ;12;430,896697937767
3359534;1;3;2;2;68; ;3;68; ;1;2; ; ;1; ;12;430,896697937767
3359534;1;4;2;2;68; ;3;68; ;1;2; ; ;1; ;12;430,896697937767
3359534;1;5;2;2;11; ;3;25; ;1;2; ; ;1; ;12;430,896697937767
3359535;1;1;2;2;68; ;3;68; ;1;2; ; ;1; ;12;489,828122021733
3359535;1;2;2;2;66; ;3;66; ;1;2; ; ;1; ;12;489,828122021733
3359535;1;3;2;2;68; ;3;68; ;1;2; ; ;1; ;12;489,828122021733
3359535;1;4;1; ; ; ; ; ; ; ; ; ; ; ; ;12;489,828122021733
3359536;1;1;2;2;68; ;2; ; ;1;2; ; ;1; ;12;428,718068948981
3359537;1;1;2;2;47; ;2; ; ;1;2; ; ;1; ;12;542,645141271578
3359537;1;2;1; ; ; ; ; ; ; ; ; ; ; ; ;12;542,645141271578
3359537;1;3;1; ; ; ; ; ; ; ; ; ; ; ; ;12;542,645141271578
3359537;1;4;1; ; ; ; ; ; ; ; ; ; ; ; ;12;542,645141271578
3359537;1;5;1; ; ; ; ; ; ; ; ; ; ; ; ;12;542,645141271578
3359538;1;1;2;3; ;11;4; ;11; ;2; ; ;1; ;12;483,682994160915
3359538;1;2;2;3; ;11;4; ;11; ;2; ; ;1; ;12;483,682994160915
3359539;1;1;2;2;68; ;2; ; ;1;2; ; ;1; ;12;756,005675248259
3359539;1;2;1; ; ; ; ; ; ; ; ; ; ; ; ;12;756,005675248259
3359539;1;3;1; ; ; ; ; ; ; ; ; ; ; ; ;12;756,005675248259
3359539;1;4;1; ; ; ; ; ; ; ; ; ; ; ; ;12;756,005675248259
3359539;1;5;1; ; ; ; ; ; ; ; ; ; ; ; ;12;756,005675248259
3359539;2;1;2;2;68; ;2; ; ;1;2; ; ;1; ;12;756,005675248259
3359539;3;1;2;2;68; ;3;47; ;1;2; ; ;1; ;12;756,005675248259
3359545;1;1;1; ; ; ; ; ; ; ; ; ; ; ; ;12;431,251933236867
3359545;1;2;1; ; ; ; ; ; ; ; ; ; ; ; ;12;431,251933236867
3359545;1;3;1; ; ; ; ; ; ; ; ; ; ; ; ;12;431,251933236867
3359545;1;4;1; ; ; ; ; ; ; ; ; ; ; ; ;12;431,251933236867
3359545;1;5;1; ; ; ; ; ; ; ; ; ; ; ; ;12;431,251933236867
3359547;1;1;1; ; ; ; ; ; ; ; ; ; ; ; ;12;381,098450443967
3359547;1;2;1; ; ; ; ; ; ; ; ; ; ; ; ;12;381,098450443967
3359547;1;3;1; ; ; ; ; ; ; ; ; ; ; ; ;12;381,098450443967
3359548;1;1;1; ; ; ; ; ; ; ; ; ; ; ; ;12;494,71325330815
3359548;1;2;1; ; ; ; ; ; ; ; ; ; ; ; ;12;494,71325330815
3359548;1;3;1; ; ; ; ; ; ; ; ; ; ; ; ;12;494,71325330815
3359548;1;4;1; ; ; ; ; ; ; ; ; ; ; ; ;12;494,71325330815
3359548;1;5;1; ; ; ; ; ; ; ; ; ; ; ; ;12;494,71325330815
3359548;1;6;1; ; ; ; ; ; ; ; ; ; ; ; ;12;494,71325330815
3359549;1;1;2;2;13; ;2; ; ;1;2; ; ;1; ;12;480,359837516043
3359549;1;2;2;2;23; ;2; ; ;1;2; ; ;1; ;12;480,359837516043
3359549;1;3;1; ; ; ; ; ; ; ; ; ; ; ; ;12;480,359837516043
3359549;1;4;1; ; ; ; ; ; ; ; ; ; ; ; ;12;480,359837516043
3359550;1;1;2;2;05; ;2; ; ;1;2; ; ;1; ;12;340,973590351072
3359550;1;2;2;2;76; ;2; ; ;1;2; ; ;1; ;12;340,973590351072
3359550;1;3;1; ; ; ; ; ; ; ; ; ; ; ; ;12;340,973590351072
3359550;1;4;1; ; ; ; ; ; ; ; ; ; ; ; ;12;340,973590351072
3359551;1;1;2;2;05; ;2; ; ;1;2; ; ;1; ;12;431,251933236867
3359551;1;2;2;2;20; ;2; ; ;1;2; ; ;1; ;12;431,251933236867
3359551;1;3;1; ; ; ; ; ; ; ; ; ; ; ; ;12;431,251933236867
3359551;1;4;2;2;05; ;2; ; ;1;2; ; ;1; ;12;431,251933236867
3359551;1;5;2;2;68; ;2; ; ;1;2; ; ;1; ;12;431,251933236867
3359552;1;1;1; ; ; ; ; ; ; ; ; ; ; ; ;12;378,452831667017
3359552;1;2;1; ; ; ; ; ; ; ; ; ; ; ; ;12;378,452831667017
3359552;1;3;1; ; ; ; ; ; ; ; ; ; ; ; ;12;378,452831667017
3359553;1;1;1; ; ; ; ; ; ; ; ; ; ; ; ;12;296,696149138203
3359553;1;2;1; ; ; ; ; ; ; ; ; ; ; ; ;12;296,696149138203
3359554;1;1;2;1; ; ;2; ; ;1;2; ; ;1; ;12;377,929444255589
3359554;1;2;1; ; ; ; ; ; ; ; ; ; ; ; ;12;377,929444255589
3359554;1;3;1; ; ; ; ; ; ; ; ; ; ; ; ;12;377,929444255589
3359554;1;4;1; ; ; ; ; ; ; ; ; ; ; ; ;12;377,929444255589
3359555;1;1;2;2;88; ;2; ; ;1;2; ; ;1; ;12;439,980653472996
3359555;1;2;1; ; ; ; ; ; ; ; ; ; ; ; ;12;439,980653472996
3359555;1;3;1; ; ; ; ; ; ; ; ; ; ; ; ;12;439,980653472996
3359555;1;4;1; ; ; ; ; ; ; ; ; ; ; ; ;12;439,980653472996
3359555;1;5;1; ; ; ; ; ; ; ; ; ; ; ; ;12;439,980653472996
3359556;1;1;1; ; ; ; ; ; ; ; ; ; ; ; ;12;362,714596558105
3359556;1;2;2;1; ; ;2; ; ;1;2; ; ;1; ;12;362,714596558105
3359556;1;3;1; ; ; ; ; ; ; ; ; ; ; ; ;12;362,714596558105
3359556;1;4;1; ; ; ; ; ; ; ; ; ; ; ; ;12;362,714596558105
3359556;1;5;1; ; ; ; ; ; ; ; ; ; ; ; ;12;362,714596558105
3359557;1;1;1; ; ; ; ; ; ; ; ; ; ; ; ;12;252,505776718686
3359557;1;2;1; ; ; ; ; ; ; ; ; ; ; ; ;12;252,505776718686
3359557;1;3;1; ; ; ; ; ; ; ; ; ; ; ; ;12;252,505776718686
3359557;1;4;1; ; ; ; ; ; ; ; ; ; ; ; ;12;252,505776718686
3359557;1;5;1; ; ; ; ; ; ; ; ; ; ; ; ;12;252,505776718686
3359557;1;6;1; ; ; ; ; ; ; ; ; ; ; ; ;12;252,505776718686
3359558;1;1;2;2;05; ;2; ; ;1;2; ; ;1; ;12;510,411891283252
3359558;1;2;2;2;05; ;2; ; ;1;2; ; ;1; ;12;510,411891283252
3359558;1;3;1; ; ; ; ; ; ; ; ; ; ; ; ;12;510,411891283252
3359559;1;1;1; ; ; ; ; ; ; ; ; ; ; ; ;12;378,452831667017
3359559;1;2;2;2;13; ;2; ; ;1;2; ; ;1; ;12;378,452831667017
3359559;1;3;1; ; ; ; ; ; ; ; ; ; ; ; ;12;378,452831667017
3359560;1;1;1; ; ; ; ; ; ; ; ; ; ; ; ;12;358,588379477712
3359560;1;2;1; ; ; ; ; ; ; ; ; ; ; ; ;12;358,588379477712
3359560;1;3;1; ; ; ; ; ; ; ; ; ; ; ; ;12;358,588379477712
3359560;1;4;1; ; ; ; ; ; ; ; ; ; ; ; ;12;358,588379477712
3359560;1;5;1; ; ; ; ; ; ; ; ; ; ; ; ;12;358,588379477712
3359561;1;1;2;2;23; ;2; ; ;1;2; ; ;1; ;12;341,835022256449
3359562;1;1;2;2;13; ;2; ; ;1;2; ; ;1; ;12;450,039856380996
3359563;1;1;1; ; ; ; ; ; ; ; ; ; ; ; ;12;280,975631466513
3359563;1;2;2;2;05; ;3;05; ;1;2; ; ;1; ;12;280,975631466513
3359563;1;3;1; ; ; ; ; ; ; ; ; ; ; ; ;12;280,975631466513
3359563;1;4;2;2;05; ;3;05; ;1;2; ; ;1; ;12;280,975631466513
3359563;1;5;1; ; ; ; ; ; ; ; ; ; ; ; ;12;280,975631466513
3359564;1;1;2;2;05; ;2; ; ;1;2; ; ;1; ;12;425,881561631042
3359564;1;2;1; ; ; ; ; ; ; ; ; ; ; ; ;12;425,881561631042
3359564;1;3;1; ; ; ; ; ; ; ; ; ; ; ; ;12;425,881561631042
3359565;1;1;1; ; ; ; ; ; ; ; ; ; ; ; ;12;401,683669747276
3359565;1;2;1; ; ; ; ; ; ; ; ; ; ; ; ;12;401,683669747276
3359565;1;3;1; ; ; ; ; ; ; ; ; ; ; ; ;12;401,683669747276
3359565;1;4;1; ; ; ; ; ; ; ; ; ; ; ; ;12;401,683669747276
3359566;1;1;1; ; ; ; ; ; ; ; ; ; ; ; ;12;434,83365528587
3359566;1;2;1; ; ; ; ; ; ; ; ; ; ; ; ;12;434,83365528587
3359566;1;3;1; ; ; ; ; ; ; ; ; ; ; ; ;12;434,83365528587
3359566;1;4;1; ; ; ; ; ; ; ; ; ; ; ; ;12;434,83365528587
3359567;1;1;1; ; ; ; ; ; ; ; ; ; ; ; ;12;416,669485031678
3359567;1;2;1; ; ; ; ; ; ; ; ; ; ; ; ;12;416,669485031678
3359567;1;3;1; ; ; ; ; ; ; ; ; ; ; ; ;12;416,669485031678
3359567;1;4;1; ; ; ; ; ; ; ; ; ; ; ; ;12;416,669485031678
3359567;1;5;1; ; ; ; ; ; ; ; ; ; ; ; ;12;416,669485031678
3359567;1;6;1; ; ; ; ; ; ; ; ; ; ; ; ;12;416,669485031678
3359567;1;7;1; ; ; ; ; ; ; ; ; ; ; ; ;12;416,669485031678
3359568;1;1;2;2;13; ;2; ; ;1;2; ; ;1; ;12;439,119221567619
3359568;1;2;1; ; ; ; ; ; ; ; ; ; ; ; ;12;439,119221567619
3359568;1;3;1; ; ; ; ; ; ; ; ; ; ; ; ;12;439,119221567619
3359568;1;4;1; ; ; ; ; ; ; ; ; ; ; ; ;12;439,119221567619
3359568;1;5;1; ; ; ; ; ; ; ; ; ; ; ; ;12;439,119221567619
3359568;1;6;1; ; ; ; ; ; ; ; ; ; ; ; ;12;439,119221567619
3359568;1;7;2;2;08; ;2; ; ;1;2; ; ;1; ;12;439,119221567619
3359568;1;8;1; ; ; ; ; ; ; ; ; ; ; ; ;12;439,119221567619
3359569;1;1;1; ; ; ; ; ; ; ; ; ; ; ; ;12;440,718767700766
3359569;1;2;1; ; ; ; ; ; ; ; ; ; ; ; ;12;440,718767700766
3359569;1;3;1; ; ; ; ; ; ; ; ; ; ; ; ;12;440,718767700766
3359570;1;1;2;1; ; ;2; ; ;1;2; ; ;1; ;12;431,775320648295
3359570;1;2;2;1; ; ;2; ; ;1;2; ; ;1; ;12;431,775320648295
3359570;1;3;1; ; ; ; ; ; ; ; ; ; ; ; ;12;431,775320648295
3359570;1;4;2;3; ;3;4; ;3; ;2; ; ;1; ;12;431,775320648295
3359571;1;1;2;2;47; ;2; ; ;1;2; ; ;1; ;12;425,881561631042
3359571;1;2;1; ; ; ; ; ; ; ; ; ; ; ; ;12;425,881561631042
3359571;1;3;1; ; ; ; ; ; ; ; ; ; ; ; ;12;425,881561631042
3359572;1;1;2;1; ; ;2; ; ;1;2; ; ;1; ;12;455,93361539825
3359572;1;2;2;2;13; ;2; ; ;1;2; ; ;1; ;12;455,93361539825
3359573;1;1;1; ; ; ; ; ; ; ; ; ; ; ; ;12;520,471464514709
3359573;1;2;2;1; ; ;2; ; ;1;2; ; ;1; ;12;520,471464514709
3359573;1;3;1; ; ; ; ; ; ; ; ; ; ; ; ;12;520,471464514709
3359573;1;4;1; ; ; ; ; ; ; ; ; ; ; ; ;12;520,471464514709
3359573;1;5;2;2;23; ;2; ; ;1;2; ; ;1; ;12;520,471464514709
3359574;1;1;1; ; ; ; ; ; ; ; ; ; ; ; ;12;334,649768359427
3359574;1;2;1; ; ; ; ; ; ; ; ; ; ; ; ;12;334,649768359427
3359574;1;3;1; ; ; ; ; ; ; ; ; ; ; ; ;12;334,649768359427
3359574;1;4;1; ; ; ; ; ; ; ; ; ; ; ; ;12;334,649768359427
3359574;1;5;1; ; ; ; ; ; ; ; ; ; ; ; ;12;334,649768359427
3359574;1;6;1; ; ; ; ; ; ; ; ; ; ; ; ;12;334,649768359427
3359574;1;7;1; ; ; ; ; ; ; ; ; ; ; ; ;12;334,649768359427
3359574;1;8;1; ; ; ; ; ; ; ; ; ; ; ; ;12;334,649768359427
3359575;1;1;2;2;23; ;2; ; ;1;2; ; ;1; ;12;306,75572236966
3359575;1;2;1; ; ; ; ; ; ; ; ; ; ; ; ;12;306,75572236966
3359575;1;3;1; ; ; ; ; ; ; ; ; ; ; ; ;12;306,75572236966
3359575;1;4;2;2;23; ;2; ; ;1;2; ; ;1; ;12;306,75572236966
3359576;1;1;1; ; ; ; ; ; ; ; ; ; ; ; ;12;328,496728576693
3359576;1;2;1; ; ; ; ; ; ; ; ; ; ; ; ;12;328,496728576693
3359576;1;3;1; ; ; ; ; ; ; ; ; ; ; ; ;12;328,496728576693
3359576;1;4;1; ; ; ; ; ; ; ; ; ; ; ; ;12;328,496728576693
3359576;1;5;1; ; ; ; ; ; ; ; ; ; ; ; ;12;328,496728576693
3359577;1;1;2;2;23; ;2; ; ;1;2; ; ;1; ;12;460,979175604356
3359577;1;2;1; ; ; ; ; ; ; ; ; ; ; ; ;12;460,979175604356
3359577;1;3;1; ; ; ; ; ; ; ; ; ; ; ; ;12;460,979175604356
3359577;1;4;2;2;23; ;2; ; ;1;2; ; ;1; ;12;460,979175604356
3359578;1;1;1; ; ; ; ; ; ; ; ; ; ; ; ;12;425,881561631042
3359578;1;2;1; ; ; ; ; ; ; ; ; ; ; ; ;12;425,881561631042
3359578;1;3;1; ; ; ; ; ; ; ; ; ; ; ; ;12;425,881561631042
3359580;1;1;1; ; ; ; ; ; ; ; ; ; ; ; ;12;370,356510923183
3359580;1;2;1; ; ; ; ; ; ; ; ; ; ; ; ;12;370,356510923183
3359580;1;3;1; ; ; ; ; ; ; ; ; ; ; ; ;12;370,356510923183
3359580;1;4;1; ; ; ; ; ; ; ; ; ; ; ; ;12;370,356510923183
3359582;1;1;2;2;70; ;3;70; ;1;3;70; ;2;1;12;396,313298141451
3359582;1;2;1; ; ; ; ; ; ; ; ; ; ; ; ;12;396,313298141451
3359583;1;1;1; ; ; ; ; ; ; ; ; ; ; ; ;12;480,359837516043
3359583;1;2;2;2;23; ;2; ; ;1;2; ; ;1; ;12;480,359837516043
3359583;1;3;1; ; ; ; ; ; ; ; ; ; ; ; ;12;480,359837516043
3359583;1;4;1; ; ; ; ; ; ; ; ; ; ; ; ;12;480,359837516043
3359584;1;1;2;2;23; ;2; ; ;1;2; ; ;1; ;12;417,716259854535
3359584;1;2;2;2;23; ;2; ; ;1;2; ; ;1; ;12;417,716259854535
3359584;1;3;2;2;23; ;2; ; ;1;2; ; ;1; ;12;417,716259854535
3359584;1;4;1; ; ; ; ; ; ; ; ; ; ; ; ;12;417,716259854535
3359584;1;5;1; ; ; ; ; ; ; ; ; ; ; ; ;12;417,716259854535
3359585;1;1;2;2;23; ;2; ; ;1;2; ; ;1; ;12;425,129843985585
3359586;1;1;2;2;23; ;2; ; ;1;2; ; ;1; ;12;272,370228907992
3359586;1;2;1; ; ; ; ; ; ; ; ; ; ; ; ;12;272,370228907992
3359586;1;3;1; ; ; ; ; ; ; ; ; ; ; ; ;12;272,370228907992
3359586;1;4;1; ; ; ; ; ; ; ; ; ; ; ; ;12;272,370228907992
3359587;1;1;2;2;05; ;2; ; ;1;2; ; ;1; ;12;403,362844062429
3359587;1;2;1; ; ; ; ; ; ; ; ; ; ; ; ;12;403,362844062429
3359587;1;3;1; ; ; ; ; ; ; ; ; ; ; ; ;12;403,362844062429
3359588;1;1;1; ; ; ; ; ; ; ; ; ; ; ; ;12;363,237983969533
3359588;1;2;1; ; ; ; ; ; ; ; ; ; ; ; ;12;363,237983969533
3359588;1;3;2;2;13; ;3;13; ;1;2; ; ;1; ;12;363,237983969533
3359588;1;4;2;2;13; ;1; ; ; ;2; ; ;1; ;12;363,237983969533
3359589;1;1;2;2;47; ;2; ; ;1;2; ; ;1; ;12;385,502377587995
3359589;1;2;2;2;70; ;2; ; ;1;2; ; ;1; ;12;385,502377587995
3359589;1;3;1; ; ; ; ; ; ; ; ; ; ; ; ;12;385,502377587995
3359589;1;4;1; ; ; ; ; ; ; ; ; ; ; ; ;12;385,502377587995
3359590;1;1;2;2;13; ;2; ; ;1;2; ; ;1; ;12;396,313298141451
3359590;1;2;1; ; ; ; ; ; ; ; ; ; ; ; ;12;396,313298141451
3359591;1;1;1; ; ; ; ; ; ; ; ; ; ; ; ;12;454,926437709204
3359591;1;2;1; ; ; ; ; ; ; ; ; ; ; ; ;12;454,926437709204
3359591;1;3;1; ; ; ; ; ; ; ; ; ; ; ; ;12;454,926437709204
3359591;1;4;1; ; ; ; ; ; ; ; ; ; ; ; ;12;454,926437709204
3359591;1;5;1; ; ; ; ; ; ; ; ; ; ; ; ;12;454,926437709204
3359594;1;1;2;2;27; ;2; ; ;1;2; ; ;1; ;12;375,697128306689
3359594;1;2;1; ; ; ; ; ; ; ; ; ; ; ; ;12;375,697128306689
3359595;1;1;1; ; ; ; ; ; ; ; ; ; ; ; ;12;384,978990176566
3359595;1;2;1; ; ; ; ; ; ; ; ; ; ; ; ;12;384,978990176566
3359595;1;3;1; ; ; ; ; ; ; ; ; ; ; ; ;12;384,978990176566
3359595;1;4;1; ; ; ; ; ; ; ; ; ; ; ; ;12;384,978990176566
3359595;1;5;1; ; ; ; ; ; ; ; ; ; ; ; ;12;384,978990176566
3359596;1;1;1; ; ; ; ; ; ; ; ; ; ; ; ;12;430,540246639605
3359596;1;2;1; ; ; ; ; ; ; ; ; ; ; ; ;12;430,540246639605
3359596;1;3;2;2;23; ;3;23; ;1;2; ; ;1; ;12;430,540246639605
3359596;1;4;1; ; ; ; ; ; ; ; ; ; ; ; ;12;430,540246639605
3359596;1;5;1; ; ; ; ; ; ; ; ; ; ; ; ;12;430,540246639605
3359596;1;6;1; ; ; ; ; ; ; ; ; ; ; ; ;12;430,540246639605
3359597;1;1;1; ; ; ; ; ; ; ; ; ; ; ; ;12;341,835022256449
3359598;1;1;1; ; ; ; ; ; ; ; ; ; ; ; ;12;443,474471061094
3359598;1;2;1; ; ; ; ; ; ; ; ; ; ; ; ;12;443,474471061094
3359598;1;3;1; ; ; ; ; ; ; ; ; ; ; ; ;12;443,474471061094
3359598;1;4;1; ; ; ; ; ; ; ; ; ; ; ; ;12;443,474471061094
3359599;1;1;1; ; ; ; ; ; ; ; ; ; ; ; ;12;485,50187888784
3359599;1;2;2;2;70; ;2; ; ;1;2; ; ;1; ;12;485,50187888784
3359599;1;3;1; ; ; ; ; ; ; ; ; ; ; ; ;12;485,50187888784
3359600;1;1;2;2;68; ;2; ; ;1;2; ; ;1; ;12;326,937069214788
3359600;1;2;2;2;68; ;2; ; ;1;2; ; ;1; ;12;326,937069214788
3359600;1;3;1; ; ; ; ; ; ; ; ; ; ; ; ;12;326,937069214788
3359600;1;4;1; ; ; ; ; ; ; ; ; ; ; ; ;12;326,937069214788
3359600;1;5;1; ; ; ; ; ; ; ; ; ; ; ; ;12;326,937069214788
3359600;1;6;1; ; ; ; ; ; ; ; ; ; ; ; ;12;326,937069214788
3359600;2;1;1; ; ; ; ; ; ; ; ; ; ; ; ;12;326,937069214788
3359600;2;2;1; ; ; ; ; ; ; ; ; ; ; ; ;12;326,937069214788
3359600;2;3;1; ; ; ; ; ; ; ; ; ; ; ; ;12;326,937069214788
3359601;1;1;2;2;23; ;3;54; ;1;2; ; ;1; ;12;462,874326350476
3359601;1;2;2;2;54; ;3;54; ;1;3;54; ;1; ;12;462,874326350476
3359601;1;3;2;2;54; ;3;54; ;1;3;54; ;1; ;12;462,874326350476
3359601;1;4;2;2;54; ;3;54; ;1;3;54; ;1; ;12;462,874326350476
3359602;1;1;1; ; ; ; ; ; ; ; ; ; ; ; ;12;559,291372868227
3359602;1;2;1; ; ; ; ; ; ; ; ; ; ; ; ;12;559,291372868227
3359602;1;3;1; ; ; ; ; ; ; ; ; ; ; ; ;12;559,291372868227
3359602;1;4;1; ; ; ; ; ; ; ; ; ; ; ; ;12;559,291372868227
3359603;1;1;2;2;68; ;2; ; ;1;2; ; ;1; ;12;391,568322662203
3359603;1;2;2;2;68; ;2; ; ;1;2; ; ;1; ;12;391,568322662203
3359603;1;3;2;2;68; ;2; ; ;1;2; ; ;1; ;12;391,568322662203
3359603;1;4;1; ; ; ; ; ; ; ; ; ; ; ; ;12;391,568322662203
3359603;1;5;1; ; ; ; ; ; ; ; ; ; ; ; ;12;391,568322662203
3359603;1;6;1; ; ; ; ; ; ; ; ; ; ; ; ;12;391,568322662203
3359603;1;7;2;2;68; ;2; ; ;1;2; ; ;1; ;12;391,568322662203
3359604;1;1;1; ; ; ; ; ; ; ; ; ; ; ; ;12;439,424870436154
3359604;1;2;1; ; ; ; ; ; ; ; ; ; ; ; ;12;439,424870436154
3359604;1;3;2;2;68; ;2; ; ;1;2; ; ;1; ;12;439,424870436154
3359604;2;1;2;1; ; ;3;47; ;1;2; ; ;1; ;12;439,424870436154
3359604;2;2;2;2;68; ;3;47; ;1;2; ; ;1; ;12;439,424870436154
3359604;2;3;2;1; ; ;3;47; ;1;2; ; ;1; ;12;439,424870436154
3359604;2;4;2;2;47; ;1; ; ; ;2; ; ;1; ;12;439,424870436154
3359604;2;5;1; ; ; ; ; ; ; ; ; ; ; ; ;12;439,424870436154
3359605;1;1;1; ; ; ; ; ; ; ; ; ; ; ; ;12;744,234876050114
3359605;1;2;1; ; ; ; ; ; ; ; ; ; ; ; ;12;744,234876050114
3359605;2;1;1; ; ; ; ; ; ; ; ; ; ; ; ;12;744,234876050114
3359605;2;2;1; ; ; ; ; ; ; ; ; ; ; ; ;12;744,234876050114
3359605;2;3;1; ; ; ; ; ; ; ; ; ; ; ; ;12;744,234876050114
3359605;2;4;1; ; ; ; ; ; ; ; ; ; ; ; ;12;744,234876050114
3359605;3;1;1; ; ; ; ; ; ; ; ; ; ; ; ;12;744,234876050114
3359605;3;2;2;1; ; ;2; ; ;1;2; ; ;1; ;12;744,234876050114
3359605;3;3;1; ; ; ; ; ; ; ; ; ; ; ; ;12;744,234876050114
3359605;3;4;1; ; ; ; ; ; ; ; ; ; ; ; ;12;744,234876050114
3359606;1;1;1; ; ; ; ; ; ; ; ; ; ; ; ;12;527,313744455517
3359606;1;2;1; ; ; ; ; ; ; ; ; ; ; ; ;12;527,313744455517
3359606;1;3;1; ; ; ; ; ; ; ; ; ; ; ; ;12;527,313744455517
3359606;1;4;1; ; ; ; ; ; ; ; ; ; ; ; ;12;527,313744455517
3359606;1;5;1; ; ; ; ; ; ; ; ; ; ; ; ;12;527,313744455517
3359607;1;1;1; ; ; ; ; ; ; ; ; ; ; ; ;12;675,181177769572
3359607;1;2;2;2;73; ;2; ; ;1;2; ; ;1; ;12;675,181177769572
3359607;1;3;1; ; ; ; ; ; ; ; ; ; ; ; ;12;675,181177769572
3359607;1;4;1; ; ; ; ; ; ; ; ; ; ; ; ;12;675,181177769572
3359608;1;1;2;2;68; ;3;68; ;1;2; ; ;1; ;12;416,205231539468
3359608;1;2;2;1; ; ;3;68; ;1;2; ; ;1; ;12;416,205231539468
3359608;1;3;2;1; ; ;3;68; ;1;2; ; ;1; ;12;416,205231539468
3359608;1;4;2;1; ; ;3;68; ;1;2; ; ;1; ;12;416,205231539468
3359609;1;1;2;2;68; ;3;68; ;1;2; ; ;1; ;12;460,630133106974
3359609;1;2;2;2;68; ;2; ; ;1;2; ; ;1; ;12;460,630133106974
3359609;1;3;2;2;68; ;3;68; ;1;3;68; ;1; ;12;460,630133106974
3359609;1;4;2;2;68; ;1; ; ; ;1; ; ; ; ;12;460,630133106974
3359609;1;5;2;2;68; ;3;68; ;1;2; ; ;1; ;12;460,630133106974
3359609;1;6;2;2;68; ;3;68; ;1;3;68; ;1; ;12;460,630133106974
3359609;1;7;2;2;68; ;3;68; ;1;3;68; ;1; ;12;460,630133106974
3359609;1;8;2;2;68; ;3;68; ;1;3;68; ;1; ;12;460,630133106974
3359610;1;1;2;1; ; ;3;68; ;1;3;68; ;1; ;12;504,283435807124
3359610;1;2;2;1; ; ;3;68; ;1;3;68; ;1; ;12;504,283435807124
3359610;1;3;2;2;68; ;3;68; ;1;3;68; ;1; ;12;504,283435807124
3359610;1;4;2;2;68; ;3;68; ;1;3;68; ;1; ;12;504,283435807124
3359610;1;5;2;2;68; ;1; ; ; ;3;68; ;1; ;12;504,283435807124
3359611;1;1;2;2;54; ;3;13; ;1;2; ; ;1; ;12;509,126017709828
3359611;1;2;2;2;13; ;3;13; ;1;2; ; ;1; ;12;509,126017709828
3359612;1;1;2;2;68; ;2; ; ;1;2; ; ;1; ;12;338,85608673865
3359612;1;2;1; ; ; ; ; ; ; ; ; ; ; ; ;12;338,85608673865
3359612;1;3;2;2;68; ;3;68; ;1;2; ; ;1; ;12;338,85608673865
3359612;1;4;2;2;68; ;3;68; ;1;2; ; ;1; ;12;338,85608673865
3359613;1;1;2;2;54; ;2; ; ;1;2; ; ;1; ;12;523,581331495218
3359613;1;2;2;2;20; ;2; ; ;1;2; ; ;1; ;12;523,581331495218
3359613;1;3;1; ; ; ; ; ; ; ; ; ; ; ; ;12;523,581331495218
3359615;1;1;1; ; ; ; ; ; ; ; ; ; ; ; ;12;593,266379430973
3359615;1;2;2;2;11; ;2; ; ;1;2; ; ;1; ;12;593,266379430973
3359615;1;3;1; ; ; ; ; ; ; ; ; ; ; ; ;12;593,266379430973
3359615;1;4;1; ; ; ; ; ; ; ; ; ; ; ; ;12;593,266379430973
3359615;1;5;1; ; ; ; ; ; ; ; ; ; ; ; ;12;593,266379430973
3359616;1;1;1; ; ; ; ; ; ; ; ; ; ; ; ;12;522,481502077861
3359616;1;2;1; ; ; ; ; ; ; ; ; ; ; ; ;12;522,481502077861
3359616;1;3;1; ; ; ; ; ; ; ; ; ; ; ; ;12;522,481502077861
3359617;1;1;1; ; ; ; ; ; ; ; ; ; ; ; ;12;423,650979379782
3359617;1;2;1; ; ; ; ; ; ; ; ; ; ; ; ;12;423,650979379782
3359617;1;3;1; ; ; ; ; ; ; ; ; ; ; ; ;12;423,650979379782
3359617;1;4;1; ; ; ; ; ; ; ; ; ; ; ; ;12;423,650979379782
3359618;1;1;2;2;68; ;2; ; ;1;2; ; ;1; ;12;362,05567832387
3359618;1;2;1; ; ; ; ; ; ; ; ; ; ; ; ;12;362,05567832387
3359618;1;3;1; ; ; ; ; ; ; ; ; ; ; ; ;12;362,05567832387
3359618;1;4;1; ; ; ; ; ; ; ; ; ; ; ; ;12;362,05567832387
3359618;1;5;1; ; ; ; ; ; ; ; ; ; ; ; ;12;362,05567832387
3359618;2;1;1; ; ; ; ; ; ; ; ; ; ; ; ;12;362,05567832387
3359618;3;1;2;1; ; ;2; ; ;1;2; ; ;1; ;12;362,05567832387
3359619;1;1;2;2;41; ;2; ; ;1;2; ; ;1; ;12;476,036353422444
3359619;1;2;1; ; ; ; ; ; ; ; ; ; ; ; ;12;476,036353422444
3359619;1;3;1; ; ; ; ; ; ; ; ; ; ; ; ;12;476,036353422444
3359619;1;4;1; ; ; ; ; ; ; ; ; ; ; ; ;12;476,036353422444
3359619;1;5;1; ; ; ; ; ; ; ; ; ; ; ; ;12;476,036353422444
3359619;1;6;1; ; ; ; ; ; ; ; ; ; ; ; ;12;476,036353422444
3359620;1;1;2;2;68; ;2; ; ;1;2; ; ;1; ;12;502,135529845035
3359620;1;2;1; ; ; ; ; ; ; ; ; ; ; ; ;12;502,135529845035
3359620;1;3;2;2;68; ;2; ; ;1;2; ; ;1; ;12;502,135529845035
3359620;1;4;1; ; ; ; ; ; ; ; ; ; ; ; ;12;502,135529845035
3359620;2;1;2;2;68; ;3;11; ;1;2; ; ;1; ;12;502,135529845035
3359621;1;1;2;2;68; ;2; ; ;1;2; ; ;1; ;12;380,817505858122
3359621;1;2;1; ; ; ; ; ; ; ; ; ; ; ; ;12;380,817505858122
3359621;1;3;1; ; ; ; ; ; ; ; ; ; ; ; ;12;380,817505858122
3359621;2;1;1; ; ; ; ; ; ; ; ; ; ; ; ;12;380,817505858122
3359621;2;2;2;2;68; ;2; ; ;1;2; ; ;1; ;12;380,817505858122
3359621;2;3;2;2;68; ;2; ; ;1;2; ; ;1; ;12;380,817505858122
3359622;1;1;2;2;68; ;3;68; ;1;3;68; ;1; ;12;523,581331495218
3359622;1;2;2;2;68; ;3;68; ;1;3;68; ;1; ;12;523,581331495218
3359622;1;3;2;1; ; ;1; ; ; ;3;68; ;1; ;12;523,581331495218
3359623;1;1;2;1; ; ;4; ;3; ;4; ;3; ;1;12;489,828122021733
3359623;1;2;2;2;68; ;4; ;3; ;2; ; ;1; ;12;489,828122021733
3359623;1;3;2;1; ; ;4; ;3; ;2; ; ;1; ;12;489,828122021733
3359623;1;4;2;3; ;3;4; ;3; ;2; ; ;1; ;12;489,828122021733
3359624;1;1;2;2;68; ;2; ; ;1;2; ; ;1; ;12;467,304282079931
3359626;1;1;2;2;68; ;2; ; ;1;2; ; ;1; ;12;517,783265552932
3359626;1;2;2;2;68; ;2; ; ;1;2; ; ;1; ;12;517,783265552932
3359626;1;3;2;2;68; ;2; ; ;1;2; ; ;1; ;12;517,783265552932
3359626;1;4;2;2;68; ;2; ; ;1;2; ; ;1; ;12;517,783265552932
3359626;1;5;2;2;68; ;2; ; ;1;2; ; ;1; ;12;517,783265552932
3359626;2;1;2;2;68; ;2; ; ;1;2; ; ;1; ;12;517,783265552932
3359626;2;2;2;2;68; ;2; ; ;1;2; ; ;1; ;12;517,783265552932
3359626;2;3;2;2;47; ;2; ; ;1;2; ; ;1; ;12;517,783265552932
3359626;2;4;1; ; ; ; ; ; ; ; ; ; ; ; ;12;517,783265552932
3359627;1;1;2;2;68; ;2; ; ;1;2; ; ;1; ;12;576,546412958459
3359627;1;2;2;2;68; ;2; ; ;1;2; ; ;1; ;12;576,546412958459
3359627;1;3;2;2;68; ;2; ; ;1;2; ; ;1; ;12;576,546412958459
3359627;1;4;2;2;68; ;2; ; ;1;2; ; ;1; ;12;576,546412958459
3359628;1;1;2;2;68; ;2; ; ;1;2; ; ;1; ;12;547,424869496799
3359628;1;2;2;2;68; ;2; ; ;1;2; ; ;1; ;12;547,424869496799
3359628;1;3;2;2;68; ;2; ; ;1;2; ; ;1; ;12;547,424869496799
3359628;1;4;1; ; ; ; ; ; ; ; ; ; ; ; ;12;547,424869496799
3359628;1;5;2;2;15; ;3;68; ;1;2; ; ;1; ;12;547,424869496799
3359628;1;6;2;2;68; ;2; ; ;1;2; ; ;1; ;12;547,424869496799
3359628;1;7;2;2;68; ;2; ; ;1;2; ; ;1; ;12;547,424869496799
3359628;1;8;2;2;68; ;2; ; ;1;2; ; ;1; ;12;547,424869496799
3359629;1;1;2;2;68; ;2; ; ;1;2; ; ;1; ;12;452,730889887389
3359629;1;2;2;2;68; ;2; ; ;1;2; ; ;1; ;12;452,730889887389
3359629;1;3;2;2;68; ;2; ; ;1;2; ; ;1; ;12;452,730889887389
3359629;1;4;1; ; ; ; ; ; ; ; ; ; ; ; ;12;452,730889887389
3359629;1;5;1; ; ; ; ; ; ; ; ; ; ; ; ;12;452,730889887389
3359629;1;6;1; ; ; ; ; ; ; ; ; ; ; ; ;12;452,730889887389
3359629;1;7;2;2;68; ;2; ; ;1;2; ; ;1; ;12;452,730889887389
3359629;1;8;2;2;68; ;2; ; ;1;2; ; ;1; ;12;452,730889887389
3359629;1;9;1; ; ; ; ; ; ; ; ; ; ; ; ;12;452,730889887389
3359630;1;1;2;2;68; ;2; ; ;1;2; ; ;1; ;12;495,526945126795
3359630;1;2;2;2;76; ;3;76; ;1;2; ; ;1; ;12;495,526945126795
3359630;1;3;2;2;19; ;3;76; ;1;2; ; ;1; ;12;495,526945126795
3359630;1;4;2;2;76; ;3;76; ;1;2; ; ;1; ;12;495,526945126795
3359631;1;1;2;2;68; ;2; ; ;1;2; ; ;1; ;12;512,805916517692
3359631;1;2;2;2;68; ;2; ; ;1;2; ; ;1; ;12;512,805916517692
3359631;1;3;2;2;68; ;2; ; ;1;2; ; ;1; ;12;512,805916517692
3359631;1;4;2;2;68; ;2; ; ;1;2; ; ;1; ;12;512,805916517692
3359631;1;5;2;2;68; ;2; ; ;1;2; ; ;1; ;12;512,805916517692
3359632;1;1;2;2;68; ;2; ; ;1;2; ; ;1; ;12;461,77373565331
3359632;1;2;2;2;76; ;2; ; ;1;2; ; ;1; ;12;461,77373565331
3359632;1;3;2;2;76; ;2; ; ;1;2; ; ;1; ;12;461,77373565331
3359632;1;4;2;2;76; ;2; ; ;1;2; ; ;1; ;12;461,77373565331
3359632;1;5;1; ; ; ; ; ; ; ; ; ; ; ; ;12;461,77373565331
3359633;1;1;2;2;68; ;2; ; ;1;2; ; ;1; ;12;489,828122021733
3359633;1;2;2;2;68; ;2; ; ;1;2; ; ;1; ;12;489,828122021733
3359633;1;3;2;2;68; ;2; ; ;1;2; ; ;1; ;12;489,828122021733
3359633;1;4;1; ; ; ; ; ; ; ; ; ; ; ; ;12;489,828122021733
3359635;1;1;1; ; ; ; ; ; ; ; ; ; ; ; ;12;557,291529119534
3359635;1;2;1; ; ; ; ; ; ; ; ; ; ; ; ;12;557,291529119534
3359635;1;3;1; ; ; ; ; ; ; ; ; ; ; ; ;12;557,291529119534
3359635;1;4;1; ; ; ; ; ; ; ; ; ; ; ; ;12;557,291529119534
3359636;1;1;2;2;68; ;2; ; ;1;2; ; ;1; ;12;585,727248232203
3359636;1;2;2;2;68; ;2; ; ;1;2; ; ;1; ;12;585,727248232203
3359636;1;3;2;2;68; ;2; ; ;1;2; ; ;1; ;12;585,727248232203
3359636;1;4;1; ; ; ; ; ; ; ; ; ; ; ; ;12;585,727248232203
3359636;1;5;2;2;68; ;2; ; ;1;2; ; ;1; ;12;585,727248232203
3359636;2;1;2;2;68; ;2; ; ;1;2; ; ;1; ;12;585,727248232203
3359636;2;2;1; ; ; ; ; ; ; ; ; ; ; ; ;12;585,727248232203
3359637;1;1;2;2;68; ;2; ; ;1;2; ; ;1; ;12;493,527101378101
3359637;1;2;2;2;68; ;2; ; ;1;2; ; ;1; ;12;493,527101378101
3359637;1;3;2;2;68; ;2; ; ;1;2; ; ;1; ;12;493,527101378101
3359637;1;4;2;2;68; ;2; ; ;1;2; ; ;1; ;12;493,527101378101
3359638;1;1;2;2;73; ;2; ; ;1;2; ; ;1; ;12;547,712230840778
3359638;1;2;2;2;68; ;2; ; ;1;2; ; ;1; ;12;547,712230840778
3359639;1;1;2;2;68; ;2; ; ;1;2; ; ;1; ;12;692,929212030745
3359639;1;2;2;2;68; ;2; ; ;1;2; ; ;1; ;12;692,929212030745
3359639;1;3;2;2;68; ;3;68; ;1;3;68; ;1; ;12;692,929212030745
3359639;1;4;2;2;68; ;2; ; ;1;2; ; ;1; ;12;692,929212030745
3359639;1;5;2;2;68; ;2; ; ;1;2; ; ;1; ;12;692,929212030745
3359639;1;6;2;2;68; ;2; ; ;1;2; ; ;1; ;12;692,929212030745
3359640;1;1;1; ; ; ; ; ; ; ; ; ; ; ; ;12;503,361385371472
3359640;1;2;2;2;68; ;2; ; ;1;2; ; ;1; ;12;503,361385371472
3359640;1;3;1; ; ; ; ; ; ; ; ; ; ; ; ;12;503,361385371472
3359640;1;4;1; ; ; ; ; ; ; ; ; ; ; ; ;12;503,361385371472
3359640;1;5;1; ; ; ; ; ; ; ; ; ; ; ; ;12;503,361385371472
3359640;1;6;2;2;68; ;2; ; ;1;2; ; ;1; ;12;503,361385371472
3359640;1;7;2;2;68; ;2; ; ;1;2; ; ;1; ;12;503,361385371472
3359640;1;8;1; ; ; ; ; ; ; ; ; ; ; ; ;12;503,361385371472
3359640;1;9;1; ; ; ; ; ; ; ; ; ; ; ; ;12;503,361385371472
3359640;1;10;1; ; ; ; ; ; ; ; ; ; ; ; ;12;503,361385371472
3359641;1;1;2;2;68; ;2; ; ;1;2; ; ;1; ;12;547,712230840778
3359641;1;2;1; ; ; ; ; ; ; ; ; ; ; ; ;12;547,712230840778
3359643;1;1;1; ; ; ; ; ; ; ; ; ; ; ; ;12;620,632801275479
3359643;1;2;1; ; ; ; ; ; ; ; ; ; ; ; ;12;620,632801275479
3359643;1;3;1; ; ; ; ; ; ; ; ; ; ; ; ;12;620,632801275479
3359643;1;4;1; ; ; ; ; ; ; ; ; ; ; ; ;12;620,632801275479
3359643;1;5;1; ; ; ; ; ; ; ; ; ; ; ; ;12;620,632801275479
3359644;1;1;1; ; ; ; ; ; ; ; ; ; ; ; ;12;304,869112273981
3359644;1;2;1; ; ; ; ; ; ; ; ; ; ; ; ;12;304,869112273981
3359644;1;3;1; ; ; ; ; ; ; ; ; ; ; ; ;12;304,869112273981
3359644;1;4;1; ; ; ; ; ; ; ; ; ; ; ; ;12;304,869112273981
3359645;1;1;2;2;44; ;2; ; ;1;2; ; ;1; ;12;365,766870560737
3359645;1;2;1; ; ; ; ; ; ; ; ; ; ; ; ;12;365,766870560737
3359645;1;3;1; ; ; ; ; ; ; ; ; ; ; ; ;12;365,766870560737
3359645;1;4;1; ; ; ; ; ; ; ; ; ; ; ; ;12;365,766870560737
3359645;1;5;1; ; ; ; ; ; ; ; ; ; ; ; ;12;365,766870560737
3359645;1;6;1; ; ; ; ; ; ; ; ; ; ; ; ;12;365,766870560737
3359646;1;1;2;1; ; ;2; ; ;1;2; ; ;1; ;12;474,675265467187
3359646;1;2;1; ; ; ; ; ; ; ; ; ; ; ; ;12;474,675265467187
3359646;1;3;1; ; ; ; ; ; ; ; ; ; ; ; ;12;474,675265467187
3359646;1;4;1; ; ; ; ; ; ; ; ; ; ; ; ;12;474,675265467187
3359646;1;5;1; ; ; ; ; ; ; ; ; ; ; ; ;12;474,675265467187
3359646;1;6;1; ; ; ; ; ; ; ; ; ; ; ; ;12;474,675265467187
3359646;1;7;1; ; ; ; ; ; ; ; ; ; ; ; ;12;474,675265467187
3359646;1;8;1; ; ; ; ; ; ; ; ; ; ; ; ;12;474,675265467187
3359647;1;1;2;2;68; ;2; ; ;1;2; ; ;1; ;12;523,337743280219
3359647;1;2;2;2;68; ;2; ; ;1;2; ; ;1; ;12;523,337743280219
3359647;1;3;2;2;68; ;2; ; ;1;2; ; ;1; ;12;523,337743280219
3359647;1;4;2;2;68; ;2; ; ;1;2; ; ;1; ;12;523,337743280219
3359647;1;5;2;2;68; ;2; ; ;1;2; ; ;1; ;12;523,337743280219
3359647;1;6;1; ; ; ; ; ; ; ; ; ; ; ; ;12;523,337743280219
3359648;1;1;1; ; ; ; ; ; ; ; ; ; ; ; ;12;461,77373565331
3359648;1;2;1; ; ; ; ; ; ; ; ; ; ; ; ;12;461,77373565331
3359648;1;3;1; ; ; ; ; ; ; ; ; ; ; ; ;12;461,77373565331
3359648;2;1;1; ; ; ; ; ; ; ; ; ; ; ; ;12;461,77373565331
3359648;2;2;1; ; ; ; ; ; ; ; ; ; ; ; ;12;461,77373565331
3359650;1;1;2;2;54; ;2; ; ;1;2; ; ;1; ;12;384,241958650405
3359650;1;2;1; ; ; ; ; ; ; ; ; ; ; ; ;12;384,241958650405
3359650;1;3;1; ; ; ; ; ; ; ; ; ; ; ; ;12;384,241958650405
3359651;1;1;1; ; ; ; ; ; ; ; ; ; ; ; ;12;452,796454142106
3359652;1;1;2;2;41; ;2; ; ;1;2; ; ;1; ;12;423,863274165778
3359652;1;2;2;2;54; ;2; ; ;1;2; ; ;1; ;12;423,863274165778
3359652;2;1;1; ; ; ; ; ; ; ; ; ; ; ; ;12;423,863274165778
3359652;2;2;1; ; ; ; ; ; ; ; ; ; ; ; ;12;423,863274165778
3359652;3;1;1; ; ; ; ; ; ; ; ; ; ; ; ;12;423,863274165778
3359653;1;1;2;2;20; ;2; ; ;1;2; ; ;1; ;12;463,549316714085
3359653;1;2;2;2;20; ;2; ; ;1;2; ; ;1; ;12;463,549316714085
3359653;1;3;2;2;68; ;2; ; ;1;2; ; ;1; ;12;463,549316714085
3359653;1;4;1; ; ; ; ; ; ; ; ; ; ; ; ;12;463,549316714085
3359653;1;5;2;2;54; ;2; ; ;1;2; ; ;1; ;12;463,549316714085
3359654;1;1;2;2;68; ;2; ; ;1;2; ; ;1; ;12;311,90253604597
3359654;1;2;1; ; ; ; ; ; ; ; ; ; ; ; ;12;311,90253604597
3359654;1;3;2;2;68; ;2; ; ;1;2; ; ;1; ;12;311,90253604597
3359654;1;4;1; ; ; ; ; ; ; ; ; ; ; ; ;12;311,90253604597
3359655;1;1;2;2;68; ;2; ; ;1;2; ; ;1; ;12;426,474636985288
3359655;1;2;1; ; ; ; ; ; ; ; ; ; ; ; ;12;426,474636985288
3359655;2;1;2;2;68; ;2; ; ;1;2; ; ;1; ;12;426,474636985288
3359655;3;1;2;2;68; ;2; ; ;1;2; ; ;1; ;12;426,474636985288
3359664;1;1;1; ; ; ; ; ; ; ; ; ; ; ; ;12;514,73881711655
3359664;1;2;2;2;68; ;2; ; ;1;2; ; ;1; ;12;514,73881711655
3359664;1;3;1; ; ; ; ; ; ; ; ; ; ; ; ;12;514,73881711655
3359664;1;4;1; ; ; ; ; ; ; ; ; ; ; ; ;12;514,73881711655
3359664;1;5;1; ; ; ; ; ; ; ; ; ; ; ; ;12;514,73881711655
3359664;2;1;2;2;68; ;2; ; ;1;2; ; ;1; ;12;514,73881711655
3359665;1;1;2;2;68; ;2; ; ;1;2; ; ;1; ;12;544,836059082837
3359665;1;2;2;2;68; ;2; ; ;1;2; ; ;1; ;12;544,836059082837
3359665;1;3;1; ; ; ; ; ; ; ; ; ; ; ; ;12;544,836059082837
3359666;1;1;1; ; ; ; ; ; ; ; ; ; ; ; ;12;475,372808236343
3359666;1;2;2;2;76; ;2; ; ;1;2; ; ;1; ;12;475,372808236343
3359666;1;3;1; ; ; ; ; ; ; ; ; ; ; ; ;12;475,372808236343
3359667;1;1;1; ; ; ; ; ; ; ; ; ; ; ; ;12;522,481502077861
3359667;1;2;2;2;68; ;2; ; ;1;2; ; ;1; ;12;522,481502077861
3359667;1;3;2;1; ; ;2; ; ;1;2; ; ;1; ;12;522,481502077861
3359668;1;1;2;2;68; ;2; ; ;1;2; ; ;1; ;12;400,620670731388
3359668;1;2;2;2;68; ;2; ; ;1;2; ; ;1; ;12;400,620670731388
3359668;1;3;2;2;68; ;2; ; ;1;2; ; ;1; ;12;400,620670731388
3359668;1;4;2;2;68; ;2; ; ;1;2; ; ;1; ;12;400,620670731388
3359669;1;1;2;2;68; ;2; ; ;1;2; ; ;1; ;12;464,606895562082
3359669;1;2;2;2;68; ;2; ; ;1;2; ; ;1; ;12;464,606895562082
3359669;1;3;1; ; ; ; ; ; ; ; ; ; ; ; ;12;464,606895562082
3359669;1;4;1; ; ; ; ; ; ; ; ; ; ; ; ;12;464,606895562082
3359669;1;5;2;2;68; ;2; ; ;1;2; ; ;1; ;12;464,606895562082
3359669;1;6;2;2;68; ;2; ; ;1;2; ; ;1; ;12;464,606895562082
3359670;1;1;2;2;68; ;2; ; ;1;2; ; ;1; ;12;245,018348331597
3359670;1;2;2;2;54; ;2; ; ;1;2; ; ;1; ;12;245,018348331597
3359670;1;3;2;2;68; ;2; ; ;1;2; ; ;1; ;12;245,018348331597
3359670;1;4;2;2;68; ;2; ; ;1;2; ; ;1; ;12;245,018348331597
3359670;1;5;2;2;54; ;4; ;3; ;4; ;3; ;4;12;245,018348331597
3359670;1;6;2;3; ;3;4; ;3; ;4; ;3; ;4;12;245,018348331597
3359670;1;7;2;3; ;3;4; ;3; ;4; ;3; ;4;12;245,018348331597
3359670;1;8;2;3; ;3;1; ; ; ;4; ;3; ;4;12;245,018348331597
3359671;1;1;2;2;68; ;3;68; ;1;2; ; ;1; ;12;489,828122021733
3359671;1;2;1; ; ; ; ; ; ; ; ; ; ; ; ;12;489,828122021733
3359671;1;3;1; ; ; ; ; ; ; ; ; ; ; ; ;12;489,828122021733
3359671;1;4;1; ; ; ; ; ; ; ; ; ; ; ; ;12;489,828122021733
3359672;1;1;2;2;68; ;2; ; ;1;2; ; ;1; ;12;442,073553317015
3359672;1;2;2;2;68; ;2; ; ;1;2; ; ;1; ;12;442,073553317015
3359673;1;1;2;2;68; ;4; ;11; ;2; ; ;1; ;12;496,138464197612
3359673;1;2;2;2;11; ;3;11; ;1;2; ; ;1; ;12;496,138464197612
3359673;1;3;2;2;68; ;2; ; ;1;2; ; ;1; ;12;496,138464197612
3359674;1;1;2;2;54; ;2; ; ;1;2; ; ;1; ;12;417,942653971455
3359674;1;2;1; ; ; ; ; ; ; ; ; ; ; ; ;12;417,942653971455
3359674;1;3;1; ; ; ; ; ; ; ; ; ; ; ; ;12;417,942653971455
3359681;1;1;1; ; ; ; ; ; ; ; ; ; ; ; ;12;229,133006255665
3359681;1;2;1; ; ; ; ; ; ; ; ; ; ; ; ;12;229,133006255665
3359681;1;3;1; ; ; ; ; ; ; ; ; ; ; ; ;12;229,133006255665
3359681;1;4;1; ; ; ; ; ; ; ; ; ; ; ; ;12;229,133006255665
3359681;1;5;1; ; ; ; ; ; ; ; ; ; ; ; ;12;229,133006255665
3359681;1;6;1; ; ; ; ; ; ; ; ; ; ; ; ;12;229,133006255665
3359685;1;1;2;2;08; ;3;08; ;1;3;08; ;1; ;12;159,133264217753
3359685;1;2;2;2;08; ;3;08; ;1;3;08; ;1; ;12;159,133264217753
3359685;1;3;2;2;08; ;1; ; ; ;3;08; ;1; ;12;159,133264217753
3359685;1;4;2;2;08; ;3;08; ;1;3;08; ;1; ;12;159,133264217753
3359686;1;1;1; ; ; ; ; ; ; ; ; ; ; ; ;12;149,086878759764
3359686;1;2;2;2;20; ;2; ; ;1;2; ; ;1; ;12;149,086878759764
3359686;1;3;2;2;08; ;2; ; ;1;2; ; ;1; ;12;149,086878759764
3359687;1;1;1; ; ; ; ; ; ; ; ; ; ; ; ;12;252,337070150213
3359687;1;2;1; ; ; ; ; ; ; ; ; ; ; ; ;12;252,337070150213
3359687;1;3;1; ; ; ; ; ; ; ; ; ; ; ; ;12;252,337070150213
3359687;1;4;1; ; ; ; ; ; ; ; ; ; ; ; ;12;252,337070150213
3359688;1;1;1; ; ; ; ; ; ; ; ; ; ; ; ;12;137,310627839652
3359688;1;2;1; ; ; ; ; ; ; ; ; ; ; ; ;12;137,310627839652
3359688;1;3;1; ; ; ; ; ; ; ; ; ; ; ; ;12;137,310627839652
3359688;1;4;1; ; ; ; ; ; ; ; ; ; ; ; ;12;137,310627839652
3359688;1;5;1; ; ; ; ; ; ; ; ; ; ; ; ;12;137,310627839652
3359688;1;6;1; ; ; ; ; ; ; ; ; ; ; ; ;12;137,310627839652
3359688;1;7;1; ; ; ; ; ; ; ; ; ; ; ; ;12;137,310627839652
3359689;1;1;2;2;44; ;2; ; ;1;2; ; ;1; ;12;205,870825160801
3359689;1;2;1; ; ; ; ; ; ; ; ; ; ; ; ;12;205,870825160801
3359689;1;3;1; ; ; ; ; ; ; ; ; ; ; ; ;12;205,870825160801
3359689;1;4;1; ; ; ; ; ; ; ; ; ; ; ; ;12;205,870825160801
3359689;1;5;1; ; ; ; ; ; ; ; ; ; ; ; ;12;205,870825160801
3359689;1;6;2;2;44; ;2; ; ;1;2; ; ;1; ;12;205,870825160801
3359690;1;1;1; ; ; ; ; ; ; ; ; ; ; ; ;12;195,442812035933
3359690;1;2;1; ; ; ; ; ; ; ; ; ; ; ; ;12;195,442812035933
3359690;1;3;1; ; ; ; ; ; ; ; ; ; ; ; ;12;195,442812035933
3359690;1;4;1; ; ; ; ; ; ; ; ; ; ; ; ;12;195,442812035933
3359690;1;5;1; ; ; ; ; ; ; ; ; ; ; ; ;12;195,442812035933
3359690;1;6;1; ; ; ; ; ; ; ; ; ; ; ; ;12;195,442812035933
3359691;1;1;1; ; ; ; ; ; ; ; ; ; ; ; ;12;156,317528316021
3359691;1;2;2;2;47; ;2; ; ;1;2; ; ;1; ;12;156,317528316021
3359692;1;1;2;2;47; ;2; ; ;1;2; ; ;1; ;12;192,623899671493
3359692;1;2;2;2;47; ;2; ; ;1;2; ; ;1; ;12;192,623899671493
3359693;1;1;1; ; ; ; ; ; ; ; ; ; ; ; ;12;172,503993179797
3359693;1;2;2;2;47; ;2; ; ;1;2; ; ;1; ;12;172,503993179797
3359693;1;3;1; ; ; ; ; ; ; ; ; ; ; ; ;12;172,503993179797
3359693;1;4;1; ; ; ; ; ; ; ; ; ; ; ; ;12;172,503993179797
3359694;1;1;1; ; ; ; ; ; ; ; ; ; ; ; ;12;195,418977566947
3359694;1;2;2;2;47; ;2; ; ;1;2; ; ;1; ;12;195,418977566947
3359694;1;3;1; ; ; ; ; ; ; ; ; ; ; ; ;12;195,418977566947
3359695;1;1;2;2;47; ;2; ; ;1;2; ; ;1; ;12;224,871248067731
3359695;1;2;2;2;47; ;2; ; ;1;2; ; ;1; ;12;224,871248067731
3359695;1;3;2;2;47; ;2; ; ;1;2; ; ;1; ;12;224,871248067731
3359695;1;4;2;2;47; ;2; ; ;1;2; ; ;1; ;12;224,871248067731
3359695;1;5;2;2;47; ;2; ; ;1;2; ; ;1; ;12;224,871248067731
3359695;1;6;2;2;47; ;2; ; ;1;2; ; ;1; ;12;224,871248067731
3359696;1;1;1; ; ; ; ; ; ; ; ; ; ; ; ;12;230,622685616585
3359696;1;2;1; ; ; ; ; ; ; ; ; ; ; ; ;12;230,622685616585
3359697;1;1;2;2;47; ;2; ; ;1;2; ; ;1; ;12;198,369976244848
3359697;1;2;1; ; ; ; ; ; ; ; ; ; ; ; ;12;198,369976244848
3359697;1;3;1; ; ; ; ; ; ; ; ; ; ; ; ;12;198,369976244848
3359697;1;4;1; ; ; ; ; ; ; ; ; ; ; ; ;12;198,369976244848
3359697;1;5;1; ; ; ; ; ; ; ; ; ; ; ; ;12;198,369976244848
3359702;1;1;2;2;47; ;2; ; ;1;2; ; ;1; ;12;255,408700330779
3359702;1;2;1; ; ; ; ; ; ; ; ; ; ; ; ;12;255,408700330779
3359702;1;3;2;1; ; ;2; ; ;1;3;11; ;1; ;12;255,408700330779
3359702;1;4;1; ; ; ; ; ; ; ; ; ; ; ; ;12;255,408700330779
3359702;1;5;1; ; ; ; ; ; ; ; ; ; ; ; ;12;255,408700330779
3359702;1;6;1; ; ; ; ; ; ; ; ; ; ; ; ;12;255,408700330779
3359702;1;7;1; ; ; ; ; ; ; ; ; ; ; ; ;12;255,408700330779
3359702;1;8;1; ; ; ; ; ; ; ; ; ; ; ; ;12;255,408700330779
3359702;1;9;1; ; ; ; ; ; ; ; ; ; ; ; ;12;255,408700330779
3359702;1;10;1; ; ; ; ; ; ; ; ; ; ; ; ;12;255,408700330779
3359702;1;11;1; ; ; ; ; ; ; ; ; ; ; ; ;12;255,408700330779
3359703;1;1;2;2;08; ;2; ; ;1;2; ; ;1; ;12;167,81189338823
3359703;1;2;1; ; ; ; ; ; ; ; ; ; ; ; ;12;167,81189338823
3359704;1;1;2;2;11; ;3;11; ;1;2; ; ;1; ;12;224,871248067731
3359704;1;2;1; ; ; ; ; ; ; ; ; ; ; ; ;12;224,871248067731
3359704;1;3;2;2;13; ;2; ; ;1;2; ; ;1; ;12;224,871248067731
3359704;1;4;1; ; ; ; ; ; ; ; ; ; ; ; ;12;224,871248067731
3359704;1;5;1; ; ; ; ; ; ; ; ; ; ; ; ;12;224,871248067731
3359704;1;6;1; ; ; ; ; ; ; ; ; ; ; ; ;12;224,871248067731
3359705;1;1;2;2;47; ;2; ; ;1;2; ; ;1; ;12;137,463603836802
3359705;1;2;2;2;47; ;2; ; ;1;2; ; ;1; ;12;137,463603836802
3359705;1;3;2;2;47; ;2; ; ;1;2; ; ;1; ;12;137,463603836802
3359705;1;4;1; ; ; ; ; ; ; ; ; ; ; ; ;12;137,463603836802
3359705;1;5;2;2;47; ;2; ; ;1;2; ; ;1; ;12;137,463603836802
3359705;1;6;1; ; ; ; ; ; ; ; ; ; ; ; ;12;137,463603836802
3359705;1;7;2;2;13; ;2; ; ;1;2; ; ;1; ;12;137,463603836802
3359706;1;1;1; ; ; ; ; ; ; ; ; ; ; ; ;12;173,728427502306
3359706;1;2;2;2;47; ;2; ; ;1;2; ; ;1; ;12;173,728427502306
3359706;1;3;1; ; ; ; ; ; ; ; ; ; ; ; ;12;173,728427502306
3359706;1;4;1; ; ; ; ; ; ; ; ; ; ; ; ;12;173,728427502306
3359707;1;1;2;2;68; ;2; ; ;1;2; ; ;1; ;12;230,249340790432
3359707;1;2;1; ; ; ; ; ; ; ; ; ; ; ; ;12;230,249340790432
3359707;1;3;1; ; ; ; ; ; ; ; ; ; ; ; ;12;230,249340790432
3359707;1;4;1; ; ; ; ; ; ; ; ; ; ; ; ;12;230,249340790432
3359707;1;5;1; ; ; ; ; ; ; ; ; ; ; ; ;12;230,249340790432
3359708;1;1;1; ; ; ; ; ; ; ; ; ; ; ; ;12;95,5671861836525
3359708;1;2;1; ; ; ; ; ; ; ; ; ; ; ; ;12;95,5671861836525
3359708;1;3;1; ; ; ; ; ; ; ; ; ; ; ; ;12;95,5671861836525
3359709;1;1;1; ; ; ; ; ; ; ; ; ; ; ; ;12;208,426704412331
3359709;1;2;1; ; ; ; ; ; ; ; ; ; ; ; ;12;208,426704412331
3359709;1;3;1; ; ; ; ; ; ; ; ; ; ; ; ;12;208,426704412331
3359709;1;4;1; ; ; ; ; ; ; ; ; ; ; ; ;12;208,426704412331
3359709;1;5;1; ; ; ; ; ; ; ; ; ; ; ; ;12;208,426704412331
3359709;1;6;2;2;47; ;2; ; ;1;2; ; ;1; ;12;208,426704412331
3359709;1;7;1; ; ; ; ; ; ; ; ; ; ; ; ;12;208,426704412331
3359709;1;8;1; ; ; ; ; ; ; ; ; ; ; ; ;12;208,426704412331
3359710;1;1;2;2;73; ;2; ; ;1;2; ; ;1; ;12;222,207116971728
3359710;1;2;1; ; ; ; ; ; ; ; ; ; ; ; ;12;222,207116971728
3359710;1;3;1; ; ; ; ; ; ; ; ; ; ; ; ;12;222,207116971728
3359710;2;1;1; ; ; ; ; ; ; ; ; ; ; ; ;12;222,207116971728
3359710;2;2;2;2;68; ;2; ; ;1;2; ; ;1; ;12;222,207116971728
3359710;2;3;2;2;68; ;2; ; ;1;2; ; ;1; ;12;222,207116971728
3359710;2;4;2;2;68; ;2; ; ;1;2; ; ;1; ;12;222,207116971728
3359710;2;5;1; ; ; ; ; ; ; ; ; ; ; ; ;12;222,207116971728
3359710;2;6;2;2;68; ;2; ; ;1;2; ; ;1; ;12;222,207116971728
3359711;1;1;1; ; ; ; ; ; ; ; ; ; ; ; ;12;172,503993179797
3359711;1;2;1; ; ; ; ; ; ; ; ; ; ; ; ;12;172,503993179797
3359711;1;3;1; ; ; ; ; ; ; ; ; ; ; ; ;12;172,503993179797
3359711;1;4;1; ; ; ; ; ; ; ; ; ; ; ; ;12;172,503993179797
3359713;1;1;1; ; ; ; ; ; ; ; ; ; ; ; ;12;150,297669266048
3359713;1;2;2;1; ; ;2; ; ;1;2; ; ;1; ;12;150,297669266048
3359713;1;3;1; ; ; ; ; ; ; ; ; ; ; ; ;12;150,297669266048
3359713;2;1;1; ; ; ; ; ; ; ; ; ; ; ; ;12;150,297669266048
3359713;2;2;1; ; ; ; ; ; ; ; ; ; ; ; ;12;150,297669266048
3359713;2;3;1; ; ; ; ; ; ; ; ; ; ; ; ;12;150,297669266048
3359713;2;4;1; ; ; ; ; ; ; ; ; ; ; ; ;12;150,297669266048
3359713;2;5;1; ; ; ; ; ; ; ; ; ; ; ; ;12;150,297669266048
3359714;1;1;1; ; ; ; ; ; ; ; ; ; ; ; ;12;122,826892862281
3359714;1;2;1; ; ; ; ; ; ; ; ; ; ; ; ;12;122,826892862281
3359714;1;3;1; ; ; ; ; ; ; ; ; ; ; ; ;12;122,826892862281
3359714;1;4;2;1; ; ;2; ; ;1;2; ; ;1; ;12;122,826892862281
3359715;1;1;2;2;68; ;2; ; ;1;2; ; ;1; ;12;121,510999561522
3359715;1;2;2;2;47; ;2; ; ;1;2; ; ;1; ;12;121,510999561522
3359715;1;3;1; ; ; ; ; ; ; ; ; ; ; ; ;12;121,510999561522
3359716;1;1;2;2;47; ;2; ; ;1;2; ; ;1; ;12;181,060851333598
3359716;1;2;2;2;47; ;2; ; ;1;2; ; ;1; ;12;181,060851333598
3359716;2;1;1; ; ; ; ; ; ; ; ; ; ; ; ;12;181,060851333598
3359717;1;1;1; ; ; ; ; ; ; ; ; ; ; ; ;12;203,038268980136
3359717;1;2;1; ; ; ; ; ; ; ; ; ; ; ; ;12;203,038268980136
3359717;1;3;1; ; ; ; ; ; ; ; ; ; ; ; ;12;203,038268980136
3359717;1;4;1; ; ; ; ; ; ; ; ; ; ; ; ;12;203,038268980136
3359717;1;5;1; ; ; ; ; ; ; ; ; ; ; ; ;12;203,038268980136
3359717;1;6;1; ; ; ; ; ; ; ; ; ; ; ; ;12;203,038268980136
3359717;1;7;1; ; ; ; ; ; ; ; ; ; ; ; ;12;203,038268980136
3359718;1;1;2;2;68; ;2; ; ;1;2; ; ;1; ;12;124,594977494933
3359718;1;2;2;2;47; ;2; ; ;1;2; ; ;1; ;12;124,594977494933
3359718;1;3;1; ; ; ; ; ; ; ; ; ; ; ; ;12;124,594977494933
3359718;1;4;1; ; ; ; ; ; ; ; ; ; ; ; ;12;124,594977494933
3359718;1;5;1; ; ; ; ; ; ; ; ; ; ; ; ;12;124,594977494933
3359718;1;6;1; ; ; ; ; ; ; ; ; ; ; ; ;12;124,594977494933
3359719;1;1;2;2;20; ;2; ; ;1;2; ; ;1; ;12;235,280510998357
3359719;1;2;2;2;47; ;2; ; ;1;2; ; ;1; ;12;235,280510998357
3359719;1;3;1; ; ; ; ; ; ; ; ; ; ; ; ;12;235,280510998357
3359719;1;4;1; ; ; ; ; ; ; ; ; ; ; ; ;12;235,280510998357
3359719;1;5;1; ; ; ; ; ; ; ; ; ; ; ; ;12;235,280510998357
3359719;2;1;2;2;47; ;2; ; ;1;2; ; ;1; ;12;235,280510998357
3359719;2;2;2;2;47; ;2; ; ;1;2; ; ;1; ;12;235,280510998357
3359719;2;3;2;2;47; ;2; ; ;1;2; ; ;1; ;12;235,280510998357
3359719;2;4;1; ; ; ; ; ; ; ; ; ; ; ; ;12;235,280510998357
3359719;2;5;2;2;47; ;2; ; ;1;2; ; ;1; ;12;235,280510998357
3359719;2;6;1; ; ; ; ; ; ; ; ; ; ; ; ;12;235,280510998357
3359720;1;1;2;2;20; ;2; ; ;1;2; ; ;1; ;12;172,503993179797
3359720;1;2;1; ; ; ; ; ; ; ; ; ; ; ; ;12;172,503993179797
3359720;1;3;1; ; ; ; ; ; ; ; ; ; ; ; ;12;172,503993179797
3359720;1;4;1; ; ; ; ; ; ; ; ; ; ; ; ;12;172,503993179797
3359721;1;1;2;2;08; ;2; ; ;1;2; ; ;1; ;12;201,454133647699
3359721;1;2;2;2;08; ;3;08; ;1;2; ; ;1; ;12;201,454133647699
3359721;1;3;2;2;08; ;3;08; ;1;2; ; ;1; ;12;201,454133647699
3359721;1;4;2;2;08; ;3;08; ;1;2; ; ;1; ;12;201,454133647699
3359721;1;5;2;2;08; ;1; ; ; ;2; ; ;1; ;12;201,454133647699
3359722;1;1;1; ; ; ; ; ; ; ; ; ; ; ; ;12;244,83086025876
3359722;1;2;2;1; ; ;2; ; ;1;2; ; ;1; ;12;244,83086025876
3359722;1;3;1; ; ; ; ; ; ; ; ; ; ; ; ;12;244,83086025876
3359722;1;4;1; ; ; ; ; ; ; ; ; ; ; ; ;12;244,83086025876
3359722;1;5;1; ; ; ; ; ; ; ; ; ; ; ; ;12;244,83086025876
3359722;1;6;1; ; ; ; ; ; ; ; ; ; ; ; ;12;244,83086025876
3359722;1;7;1; ; ; ; ; ; ; ; ; ; ; ; ;12;244,83086025876
3359722;1;8;1; ; ; ; ; ; ; ; ; ; ; ; ;12;244,83086025876
3359722;1;9;1; ; ; ; ; ; ; ; ; ; ; ; ;12;244,83086025876
3359722;1;10;1; ; ; ; ; ; ; ; ; ; ; ; ;12;244,83086025876
3359726;1;1;2;2;11; ;2; ; ;1;2; ; ;1; ;12;147,465265142115
3359726;1;2;2;2;11; ;2; ; ;1;2; ; ;1; ;12;147,465265142115
3359726;1;3;2;2;11; ;2; ; ;1;2; ; ;1; ;12;147,465265142115
3359727;1;1;2;2;20; ;2; ; ;1;2; ; ;1; ;12;296,242074912596
3359727;1;2;1; ; ; ; ; ; ; ; ; ; ; ; ;12;296,242074912596
3359727;1;3;2;2;20; ;3;20; ;1;2; ; ;1; ;12;296,242074912596
3359727;1;4;1; ; ; ; ; ; ; ; ; ; ; ; ;12;296,242074912596
3359727;1;5;1; ; ; ; ; ; ; ; ; ; ; ; ;12;296,242074912596
3359727;1;6;2;2;20; ;3;20; ;1;2; ; ;1; ;12;296,242074912596
3359727;1;7;1; ; ; ; ; ; ; ; ; ; ; ; ;12;296,242074912596
3359728;1;1;1; ; ; ; ; ; ; ; ; ; ; ; ;12;181,074343093091
3359728;1;2;1; ; ; ; ; ; ; ; ; ; ; ; ;12;181,074343093091
3359728;1;3;1; ; ; ; ; ; ; ; ; ; ; ; ;12;181,074343093091
3359728;1;4;1; ; ; ; ; ; ; ; ; ; ; ; ;12;181,074343093091
3359729;1;1;1; ; ; ; ; ; ; ; ; ; ; ; ;12;162,070771136161
3359729;1;2;1; ; ; ; ; ; ; ; ; ; ; ; ;12;162,070771136161
3359729;1;3;1; ; ; ; ; ; ; ; ; ; ; ; ;12;162,070771136161
3359729;1;4;2;2;11; ;3;11; ;1;3;11; ;1; ;12;162,070771136161
3359729;1;5;1; ; ; ; ; ; ; ; ; ; ; ; ;12;162,070771136161
3359730;1;1;2;2;47; ;2; ; ;1;2; ; ;1; ;12;195,269178032504
3359730;1;2;1; ; ; ; ; ; ; ; ; ; ; ; ;12;195,269178032504
3359730;1;3;1; ; ; ; ; ; ; ; ; ; ; ; ;12;195,269178032504
3359730;1;4;1; ; ; ; ; ; ; ; ; ; ; ; ;12;195,269178032504
3359730;1;5;2;2;47; ;2; ; ;1;2; ; ;1; ;12;195,269178032504
3359731;1;1;2;2;47; ;2; ; ;1;2; ; ;1; ;12;160,472991987499
3359731;1;2;1; ; ; ; ; ; ; ; ; ; ; ; ;12;160,472991987499
3359731;1;3;1; ; ; ; ; ; ; ; ; ; ; ; ;12;160,472991987499
3359731;1;4;1; ; ; ; ; ; ; ; ; ; ; ; ;12;160,472991987499
3359731;1;5;2;2;47; ;2; ; ;1;2; ; ;1; ;12;160,472991987499
3359731;1;6;1; ; ; ; ; ; ; ; ; ; ; ; ;12;160,472991987499
3359731;1;7;1; ; ; ; ; ; ; ; ; ; ; ; ;12;160,472991987499
3359731;1;8;1; ; ; ; ; ; ; ; ; ; ; ; ;12;160,472991987499
3359732;1;1;2;2;11; ;2; ; ;1;2; ; ;1; ;12;215,88087184759
3359732;1;2;2;2;47; ;3;47; ;1;2; ; ;1; ;12;215,88087184759
3359732;1;3;1; ; ; ; ; ; ; ; ; ; ; ; ;12;215,88087184759
3359733;1;1;2;2;47; ;2; ; ;1;2; ; ;1; ;12;181,16580207134
3359733;1;2;2;2;47; ;2; ; ;1;2; ; ;1; ;12;181,16580207134
3359733;1;3;1; ; ; ; ; ; ; ; ; ; ; ; ;12;181,16580207134
3359733;1;4;1; ; ; ; ; ; ; ; ; ; ; ; ;12;181,16580207134
3359733;1;5;1; ; ; ; ; ; ; ; ; ; ; ; ;12;181,16580207134
3359734;1;1;2;2;47; ;2; ; ;1;2; ; ;1; ;12;134,32125793449
3359734;1;2;2;2;47; ;2; ; ;1;2; ; ;1; ;12;134,32125793449
3359734;1;3;2;2;47; ;2; ; ;1;2; ; ;1; ;12;134,32125793449
3359734;1;4;2;2;47; ;2; ; ;1;2; ; ;1; ;12;134,32125793449
3359735;1;1;1; ; ; ; ; ; ; ; ; ; ; ; ;12;210,024483560993
3359735;1;2;1; ; ; ; ; ; ; ; ; ; ; ; ;12;210,024483560993
3359735;1;3;1; ; ; ; ; ; ; ; ; ; ; ; ;12;210,024483560993
3359735;1;4;1; ; ; ; ; ; ; ; ; ; ; ; ;12;210,024483560993
3359735;1;5;1; ; ; ; ; ; ; ; ; ; ; ; ;12;210,024483560993
3359736;1;1;2;2;47; ;3;47; ;1;2; ; ;1; ;12;137,310627839652
3359736;1;2;2;2;47; ;3;47; ;1;2; ; ;1; ;12;137,310627839652
3359736;1;3;2;2;47; ;2; ; ;1;2; ; ;1; ;12;137,310627839652
3359736;1;4;2;2;47; ;3;47; ;1;2; ; ;1; ;12;137,310627839652
3359736;1;5;2;2;47; ;3;47; ;1;2; ; ;1; ;12;137,310627839652
3359736;1;6;1; ; ; ; ; ; ; ; ; ; ; ; ;12;137,310627839652
3359736;1;7;2;2;47; ;3;47; ;1;2; ; ;1; ;12;137,310627839652
3359737;1;1;1; ; ; ; ; ; ; ; ; ; ; ; ;12;122,826892862281
3359737;1;2;2;2;44; ;2; ; ;1;2; ; ;1; ;12;122,826892862281
3359737;1;3;1; ; ; ; ; ; ; ; ; ; ; ; ;12;122,826892862281
3359737;1;4;1; ; ; ; ; ; ; ; ; ; ; ; ;12;122,826892862281
3359738;1;1;2;2;05; ;2; ; ;1;2; ; ;1; ;12;181,074343093091
3359738;1;2;2;2;73; ;2; ; ;1;2; ; ;1; ;12;181,074343093091
3359738;1;3;1; ; ; ; ; ; ; ; ; ; ; ; ;12;181,074343093091
3359738;1;4;1; ; ; ; ; ; ; ; ; ; ; ; ;12;181,074343093091
3359741;1;1;1; ; ; ; ; ; ; ; ; ; ; ; ;12;195,805841565301
3359741;1;2;1; ; ; ; ; ; ; ; ; ; ; ; ;12;195,805841565301
3359741;1;3;1; ; ; ; ; ; ; ; ; ; ; ; ;12;195,805841565301
3359741;1;4;1; ; ; ; ; ; ; ; ; ; ; ; ;12;195,805841565301
3359742;1;1;1; ; ; ; ; ; ; ; ; ; ; ; ;12;201,454133647699
3359742;1;2;1; ; ; ; ; ; ; ; ; ; ; ; ;12;201,454133647699
3359742;1;3;1; ; ; ; ; ; ; ; ; ; ; ; ;12;201,454133647699
3359742;1;4;1; ; ; ; ; ; ; ; ; ; ; ; ;12;201,454133647699
3359742;1;5;1; ; ; ; ; ; ; ; ; ; ; ; ;12;201,454133647699
3359743;1;1;1; ; ; ; ; ; ; ; ; ; ; ; ;12;220,457705604628
3359743;1;2;1; ; ; ; ; ; ; ; ; ; ; ; ;12;220,457705604628
3359743;1;3;1; ; ; ; ; ; ; ; ; ; ; ; ;12;220,457705604628
3359743;1;4;1; ; ; ; ; ; ; ; ; ; ; ; ;12;220,457705604628
3359744;1;1;1; ; ; ; ; ; ; ; ; ; ; ; ;12;197,176774315522
3359744;1;2;1; ; ; ; ; ; ; ; ; ; ; ; ;12;197,176774315522
3359744;1;3;1; ; ; ; ; ; ; ; ; ; ; ; ;12;197,176774315522
3359744;1;4;1; ; ; ; ; ; ; ; ; ; ; ; ;12;197,176774315522
3359744;1;5;1; ; ; ; ; ; ; ; ; ; ; ; ;12;197,176774315522
3359744;1;6;1; ; ; ; ; ; ; ; ; ; ; ; ;12;197,176774315522
3359744;1;7;1; ; ; ; ; ; ; ; ; ; ; ; ;12;197,176774315522
3359744;1;8;1; ; ; ; ; ; ; ; ; ; ; ; ;12;197,176774315522
3359744;1;9;1; ; ; ; ; ; ; ; ; ; ; ; ;12;197,176774315522
3359745;1;1;1; ; ; ; ; ; ; ; ; ; ; ; ;12;192,623899671493
3359745;1;2;1; ; ; ; ; ; ; ; ; ; ; ; ;12;192,623899671493
3359746;1;1;2;2;47; ;2; ; ;1;2; ; ;1; ;12;183,934955204231
3359746;1;2;1; ; ; ; ; ; ; ; ; ; ; ; ;12;183,934955204231
3359746;1;3;1; ; ; ; ; ; ; ; ; ; ; ; ;12;183,934955204231
3359746;1;4;1; ; ; ; ; ; ; ; ; ; ; ; ;12;183,934955204231
3359746;1;5;1; ; ; ; ; ; ; ; ; ; ; ; ;12;183,934955204231
3359747;1;1;2;2;47; ;2; ; ;1;2; ; ;1; ;12;229,119514496172
3359747;1;2;1; ; ; ; ; ; ; ; ; ; ; ; ;12;229,119514496172
3359747;1;3;1; ; ; ; ; ; ; ; ; ; ; ; ;12;229,119514496172
3359747;1;4;1; ; ; ; ; ; ; ; ; ; ; ; ;12;229,119514496172
3359747;1;5;1; ; ; ; ; ; ; ; ; ; ; ; ;12;229,119514496172
3359748;1;1;1; ; ; ; ; ; ; ; ; ; ; ; ;12;253,821388535633
3359748;1;2;2;2;20; ;2; ; ;1;2; ; ;1; ;12;253,821388535633
3359748;1;3;1; ; ; ; ; ; ; ; ; ; ; ; ;12;253,821388535633
3359748;1;4;1; ; ; ; ; ; ; ; ; ; ; ; ;12;253,821388535633
3359748;1;5;1; ; ; ; ; ; ; ; ; ; ; ; ;12;253,821388535633
3359748;1;6;1; ; ; ; ; ; ; ; ; ; ; ; ;12;253,821388535633
3359748;1;7;1; ; ; ; ; ; ; ; ; ; ; ; ;12;253,821388535633
3359749;1;1;1; ; ; ; ; ; ; ; ; ; ; ; ;12;223,144683712339
3359749;1;2;1; ; ; ; ; ; ; ; ; ; ; ; ;12;223,144683712339
3359749;1;3;1; ; ; ; ; ; ; ; ; ; ; ; ;12;223,144683712339
3359749;1;4;1; ; ; ; ; ; ; ; ; ; ; ; ;12;223,144683712339
3359750;1;1;2;2;47; ;2; ; ;1;2; ; ;1; ;12;191,239323105048
3359750;1;2;2;2;13; ;3;47; ;1;2; ; ;1; ;12;191,239323105048
3359751;1;1;2;2;47; ;2; ; ;1;2; ; ;1; ;12;183,934955204231
3359751;1;2;1; ; ; ; ; ; ; ; ; ; ; ; ;12;183,934955204231
3359751;1;3;2;2;47; ;2; ; ;1;2; ; ;1; ;12;183,934955204231
3359751;1;4;1; ; ; ; ; ; ; ; ; ; ; ; ;12;183,934955204231
3359751;1;5;1; ; ; ; ; ; ; ; ; ; ; ; ;12;183,934955204231
3359752;1;1;1; ; ; ; ; ; ; ; ; ; ; ; ;12;281,392161355858
3359752;1;2;2;2;47; ;2; ; ;1;2; ; ;1; ;12;281,392161355858
3359752;1;3;1; ; ; ; ; ; ; ; ; ; ; ; ;12;281,392161355858
3359752;1;4;1; ; ; ; ; ; ; ; ; ; ; ; ;12;281,392161355858
3359752;1;5;1; ; ; ; ; ; ; ; ; ; ; ; ;12;281,392161355858
3359752;1;6;1; ; ; ; ; ; ; ; ; ; ; ; ;12;281,392161355858
3359752;1;7;1; ; ; ; ; ; ; ; ; ; ; ; ;12;281,392161355858
3359753;1;1;2;2;54; ;2; ; ;1;2; ; ;1; ;12;191,12405707052
3359754;1;1;2;2;68; ;2; ; ;1;2; ; ;1; ;12;217,102157120099
3359754;1;2;1; ; ; ; ; ; ; ; ; ; ; ; ;12;217,102157120099
3359754;1;3;1; ; ; ; ; ; ; ; ; ; ; ; ;12;217,102157120099
3359754;1;4;1; ; ; ; ; ; ; ; ; ; ; ; ;12;217,102157120099
3359756;1;1;2;2;05; ;2; ; ;1;2; ; ;1; ;12;182,2987774156
3359756;1;2;2;2;05; ;2; ; ;1;2; ; ;1; ;12;182,2987774156
3359756;1;3;2;3; ;4;2; ; ;1;2; ; ;1; ;12;182,2987774156
3359756;1;4;1; ; ; ; ; ; ; ; ; ; ; ; ;12;182,2987774156
3359757;1;1;2;2;11; ;3;20; ;1;2; ; ;1; ;12;205,60779204789
3359757;1;2;2;2;20; ;3;20; ;1;2; ; ;1; ;12;205,60779204789
3359757;1;3;2;2;20; ;3;20; ;1;2; ; ;1; ;12;205,60779204789
3359757;1;4;1; ; ; ; ; ; ; ; ; ; ; ; ;12;205,60779204789
3359758;1;1;2;2;20; ;2; ; ;1;2; ; ;1; ;12;138,908406988314
3359758;1;2;2;2;47; ;2; ; ;1;2; ; ;1; ;12;138,908406988314
3359758;1;3;1; ; ; ; ; ; ; ; ; ; ; ; ;12;138,908406988314
3359758;1;4;2;2;47; ;2; ; ;1;2; ; ;1; ;12;138,908406988314
3359759;1;1;1; ; ; ; ; ; ; ; ; ; ; ; ;12;138,898091691529
3359759;1;2;2;2;47; ;2; ; ;1;2; ; ;1; ;12;138,898091691529
3359759;1;3;1; ; ; ; ; ; ; ; ; ; ; ; ;12;138,898091691529
3359759;1;4;1; ; ; ; ; ; ; ; ; ; ; ; ;12;138,898091691529
3359759;1;5;1; ; ; ; ; ; ; ; ; ; ; ; ;12;138,898091691529
3359760;1;1;2;2;47; ;2; ; ;1;2; ; ;1; ;12;181,179293830834
3359760;1;2;1; ; ; ; ; ; ; ; ; ; ; ; ;12;181,179293830834
3359760;1;3;2;2;47; ;2; ; ;1;2; ; ;1; ;12;181,179293830834
3359760;1;4;1; ; ; ; ; ; ; ; ; ; ; ; ;12;181,179293830834
3359760;1;5;1; ; ; ; ; ; ; ; ; ; ; ; ;12;181,179293830834
3359760;1;6;2;2;47; ;2; ; ;1;2; ; ;1; ;12;181,179293830834
3359761;1;1;2;2;05; ;2; ; ;1;2; ; ;1; ;12;180,94558529907
3359761;1;2;2;2;68; ;2; ; ;1;2; ; ;1; ;12;180,94558529907
3359762;1;1;2;2;47; ;2; ; ;1;2; ; ;1; ;12;188,181189176613
3359762;1;2;1; ; ; ; ; ; ; ; ; ; ; ; ;12;188,181189176613
3359762;1;3;1; ; ; ; ; ; ; ; ; ; ; ; ;12;188,181189176613
3359762;1;4;1; ; ; ; ; ; ; ; ; ; ; ; ;12;188,181189176613
3359762;1;5;1; ; ; ; ; ; ; ; ; ; ; ; ;12;188,181189176613
3359762;2;1;2;2;47; ;2; ; ;1;2; ; ;1; ;12;188,181189176613
3359762;2;2;1; ; ; ; ; ; ; ; ; ; ; ; ;12;188,181189176613
3359763;1;1;2;2;11; ;2; ; ;1;2; ; ;1; ;12;149,086878759764
3359763;1;2;2;2;70; ;2; ; ;1;2; ; ;1; ;12;149,086878759764
3359763;1;3;2;2;68; ;2; ; ;1;2; ; ;1; ;12;149,086878759764
3359764;1;1;2;2;13; ;2; ; ;1;2; ; ;1; ;12;205,70240007614
3359764;1;2;1; ; ; ; ; ; ; ; ; ; ; ; ;12;205,70240007614
3359764;1;3;1; ; ; ; ; ; ; ; ; ; ; ; ;12;205,70240007614
3359764;1;4;1; ; ; ; ; ; ; ; ; ; ; ; ;12;205,70240007614
3359765;1;1;1; ; ; ; ; ; ; ; ; ; ; ; ;12;182,2987774156
3359765;1;2;1; ; ; ; ; ; ; ; ; ; ; ; ;12;182,2987774156
3359765;1;3;1; ; ; ; ; ; ; ; ; ; ; ; ;12;182,2987774156
3359765;1;4;1; ; ; ; ; ; ; ; ; ; ; ; ;12;182,2987774156
3359766;1;1;2;2;20; ;2; ; ;1;2; ; ;1; ;12;172,493677883012
3359766;1;2;2;2;47; ;2; ; ;1;2; ; ;1; ;12;172,493677883012
3359766;1;3;1; ; ; ; ; ; ; ; ; ; ; ; ;12;172,493677883012
3359766;1;4;1; ; ; ; ; ; ; ; ; ; ; ; ;12;172,493677883012
3359766;1;5;1; ; ; ; ; ; ; ; ; ; ; ; ;12;172,493677883012
3359767;1;1;1; ; ; ; ; ; ; ; ; ; ; ; ;12;205,715891835633
3359767;1;2;1; ; ; ; ; ; ; ; ; ; ; ; ;12;205,715891835633
3359767;1;3;1; ; ; ; ; ; ; ; ; ; ; ; ;12;205,715891835633
3359767;1;4;1; ; ; ; ; ; ; ; ; ; ; ; ;12;205,715891835633
3359767;1;5;1; ; ; ; ; ; ; ; ; ; ; ; ;12;205,715891835633
3359768;1;1;1; ; ; ; ; ; ; ; ; ; ; ; ;12;162,443963905582
3359768;1;2;1; ; ; ; ; ; ; ; ; ; ; ; ;12;162,443963905582
3359768;1;3;1; ; ; ; ; ; ; ; ; ; ; ; ;12;162,443963905582
3359768;1;4;1; ; ; ; ; ; ; ; ; ; ; ; ;12;162,443963905582
3359768;1;5;1; ; ; ; ; ; ; ; ; ; ; ; ;12;162,443963905582
3359768;1;6;1; ; ; ; ; ; ; ; ; ; ; ; ;12;162,443963905582
3359768;1;7;1; ; ; ; ; ; ; ; ; ; ; ; ;12;162,443963905582
3359768;1;8;1; ; ; ; ; ; ; ; ; ; ; ; ;12;162,443963905582
3359769;1;1;1; ; ; ; ; ; ; ; ; ; ; ; ;12;193,953284731745
3359769;1;2;2;2;47; ;2; ; ;1;2; ; ;1; ;12;193,953284731745
3359769;1;3;1; ; ; ; ; ; ; ; ; ; ; ; ;12;193,953284731745
3359769;1;4;1; ; ; ; ; ; ; ; ; ; ; ; ;12;193,953284731745
3359770;1;1;2;2;47; ;2; ; ;1;2; ; ;1; ;12;147,583707639351
3359770;1;2;1; ; ; ; ; ; ; ; ; ; ; ; ;12;147,583707639351
3359770;1;3;1; ; ; ; ; ; ; ; ; ; ; ; ;12;147,583707639351
3359770;1;4;1; ; ; ; ; ; ; ; ; ; ; ; ;12;147,583707639351
3359770;1;5;2;1; ; ;2; ; ;1;2; ; ;1; ;12;147,583707639351
3359770;1;6;1; ; ; ; ; ; ; ; ; ; ; ; ;12;147,583707639351
3359771;1;1;2;2;20; ;2; ; ;1;2; ; ;1; ;12;210,024483560993
3359771;1;2;1; ; ; ; ; ; ; ; ; ; ; ; ;12;210,024483560993
3359771;1;3;1; ; ; ; ; ; ; ; ; ; ; ; ;12;210,024483560993
3359771;1;4;1; ; ; ; ; ; ; ; ; ; ; ; ;12;210,024483560993
3359771;1;5;1; ; ; ; ; ; ; ; ; ; ; ; ;12;210,024483560993
3359772;1;1;1; ; ; ; ; ; ; ; ; ; ; ; ;12;193,94296943496
3359772;1;2;1; ; ; ; ; ; ; ; ; ; ; ; ;12;193,94296943496
3359772;1;3;2;2;20; ;2; ; ;1;2; ; ;1; ;12;193,94296943496
3359772;1;4;1; ; ; ; ; ; ; ; ; ; ; ; ;12;193,94296943496
3359772;1;5;2;2;68; ;2; ; ;1;2; ; ;1; ;12;193,94296943496
3359775;1;1;2;2;76; ;2; ; ;1;2; ; ;1; ;12;130,878923141259
3359775;1;2;1; ; ; ; ; ; ; ; ; ; ; ; ;12;130,878923141259
3359775;1;3;1; ; ; ; ; ; ; ; ; ; ; ; ;12;130,878923141259
3359775;1;4;2;2;18; ;3;18; ;1;2; ; ;1; ;12;130,878923141259
3359775;1;5;2;2;76; ;3;18; ;1;3;76; ;1; ;12;130,878923141259
3359775;1;6;2;2;18; ;2; ; ;1;2; ; ;1; ;12;130,878923141259
3359777;1;1;1; ; ; ; ; ; ; ; ; ; ; ; ;12;148,956952455873
3359778;1;1;2;2;18; ;2; ; ;1;2; ; ;1; ;12;122,185446976478
3359778;1;2;1; ; ; ; ; ; ; ; ; ; ; ; ;12;122,185446976478
3359778;1;3;1; ; ; ; ; ; ; ; ; ; ; ; ;12;122,185446976478
3359778;1;4;1; ; ; ; ; ; ; ; ; ; ; ; ;12;122,185446976478
3359779;1;1;2;2;73; ;3;18; ;1;2; ; ;1; ;12;73,6650059152164
3359779;1;2;2;2;18; ;2; ; ;1;2; ; ;1; ;12;73,6650059152164
3359779;1;3;2;2;18; ;3;73; ;1;3;18; ;1; ;12;73,6650059152164
3359779;1;4;2;2;41; ;3;41; ;2;3;41; ;2;2;12;73,6650059152164
3359779;1;5;1; ; ; ; ; ; ; ; ; ; ; ; ;12;73,6650059152164
3359780;1;1;2;2;25; ;3;50; ;1;3;50; ;1; ;12;20,5410616139724
3359780;1;2;2;2;50; ;1; ; ; ;3;50; ;1; ;12;20,5410616139724
3359781;1;1;1; ; ; ; ; ; ; ; ; ; ; ; ;12;28,1350556665707
3359781;1;2;1; ; ; ; ; ; ; ; ; ; ; ; ;12;28,1350556665707
3359781;1;3;1; ; ; ; ; ; ; ; ; ; ; ; ;12;28,1350556665707
3359782;1;1;1; ; ; ; ; ; ; ; ; ; ; ; ;12;25,0428898811073
3359782;1;2;1; ; ; ; ; ; ; ; ; ; ; ; ;12;25,0428898811073
3359783;1;1;1; ; ; ; ; ; ; ; ; ; ; ; ;12;25,1309556198902
3359783;1;2;1; ; ; ; ; ; ; ; ; ; ; ; ;12;25,1309556198902
3359783;1;3;1; ; ; ; ; ; ; ; ; ; ; ; ;12;25,1309556198902
3359783;1;4;1; ; ; ; ; ; ; ; ; ; ; ; ;12;25,1309556198902
3359783;1;5;1; ; ; ; ; ; ; ; ; ; ; ; ;12;25,1309556198902
3359784;1;1;1; ; ; ; ; ; ; ; ; ; ; ; ;12;148,956952455873
3359785;1;1;2;2;18; ;2; ; ;1;2; ; ;1; ;12;104,446214649533
3359785;1;2;2;2;41; ;2; ; ;1;2; ; ;1; ;12;104,446214649533
3359785;1;3;2;2;18; ;2; ; ;1;2; ; ;1; ;12;104,446214649533
3359785;1;4;2;2;18; ;2; ; ;1;2; ; ;1; ;12;104,446214649533
3359785;1;5;2;2;18; ;2; ; ;1;2; ; ;1; ;12;104,446214649533
3359786;1;1;2;2;18; ;2; ; ;1;2; ; ;1; ;12;134,374814831617
3359786;1;2;2;2;18; ;2; ; ;1;2; ; ;1; ;12;134,374814831617
3359786;1;3;1; ; ; ; ; ; ; ; ; ; ; ; ;12;134,374814831617
3359786;1;4;1; ; ; ; ; ; ; ; ; ; ; ; ;12;134,374814831617
3359788;1;1;1; ; ; ; ; ; ; ; ; ; ; ; ;12;66,7203687622471
3359788;1;2;2;2;41; ;2; ; ;1;2; ; ;1; ;12;66,7203687622471
3359788;1;3;1; ; ; ; ; ; ; ; ; ; ; ; ;12;66,7203687622471
3359788;1;4;1; ; ; ; ; ; ; ; ; ; ; ; ;12;66,7203687622471
3359788;1;5;1; ; ; ; ; ; ; ; ; ; ; ; ;12;66,7203687622471
3359789;1;1;1; ; ; ; ; ; ; ; ; ; ; ; ;12;63,5814494175502
3359789;1;2;1; ; ; ; ; ; ; ; ; ; ; ; ;12;63,5814494175502
3359789;1;3;1; ; ; ; ; ; ; ; ; ; ; ; ;12;63,5814494175502
3359789;1;4;1; ; ; ; ; ; ; ; ; ; ; ; ;12;63,5814494175502
3359790;1;1;2;2;41; ;2; ; ;1;2; ; ;1; ;12;23,3188335200653
3359790;1;2;1; ; ; ; ; ; ; ; ; ; ; ; ;12;23,3188335200653
3359791;1;1;1; ; ; ; ; ; ; ; ; ; ; ; ;12;20,0270401344175
3359791;1;2;1; ; ; ; ; ; ; ; ; ; ; ; ;12;20,0270401344175
3359791;1;3;1; ; ; ; ; ; ; ; ; ; ; ; ;12;20,0270401344175
3359791;1;4;1; ; ; ; ; ; ; ; ; ; ; ; ;12;20,0270401344175
3359792;1;1;1; ; ; ; ; ; ; ; ; ; ; ; ;12;20,5410616139724
3359792;1;2;1; ; ; ; ; ; ; ; ; ; ; ; ;12;20,5410616139724
3359793;1;1;1; ; ; ; ; ; ; ; ; ; ; ; ;12;25,1356100546317
3359793;1;2;1; ; ; ; ; ; ; ; ; ; ; ; ;12;25,1356100546317
3359794;1;1;2;2;73; ;3;73; ;1;2; ; ;1; ;12;222,728316416951
3359794;1;2;2;2;73; ;3;73; ;1;2; ; ;1; ;12;222,728316416951
3359794;1;3;2;2;73; ;3;73; ;1;2; ; ;1; ;12;222,728316416951
3359794;1;4;2;2;73; ;3;11; ;1;2; ; ;1; ;12;222,728316416951
3359794;1;5;1; ; ; ; ; ; ; ; ; ; ; ; ;12;222,728316416951
3359795;1;1;2;1; ; ;2; ; ;1;2; ; ;1; ;12;196,462812479365
3359795;1;2;2;2;73; ;3;73; ;1;3;73; ;1; ;12;196,462812479365
3359796;1;1;2;2;73; ;2; ; ;1;2; ; ;1; ;12;261,161839955072
3359796;1;2;1; ; ; ; ; ; ; ; ; ; ; ; ;12;261,161839955072
3359796;1;3;1; ; ; ; ; ; ; ; ; ; ; ; ;12;261,161839955072
3359796;1;4;1; ; ; ; ; ; ; ; ; ; ; ; ;12;261,161839955072
3359797;1;1;2;2;73; ;2; ; ;1;2; ; ;1; ;12;134,543625914321
3359797;1;2;2;2;73; ;2; ; ;1;2; ; ;1; ;12;134,543625914321
3359797;1;3;1; ; ; ; ; ; ; ; ; ; ; ; ;12;134,543625914321
3359798;1;1;2;2;11; ;3;17; ;1;2; ; ;1; ;12;318,350909986839
3359798;1;2;1; ; ; ; ; ; ; ; ; ; ; ; ;12;318,350909986839
3359798;1;3;1; ; ; ; ; ; ; ; ; ; ; ; ;12;318,350909986839
3359799;1;1;1; ; ; ; ; ; ; ; ; ; ; ; ;12;250,157620982296
3359799;1;2;1; ; ; ; ; ; ; ; ; ; ; ; ;12;250,157620982296
3359800;1;1;2;2;73; ;2; ; ;1;2; ; ;1; ;12;288,978354135103
3359801;1;1;2;2;11; ;3;41; ;1;2; ; ;1; ;12;226,867603268164
3359802;1;1;1; ; ; ; ; ; ; ; ; ; ; ; ;12;134,543625914321
3359802;1;2;1; ; ; ; ; ; ; ; ; ; ; ; ;12;134,543625914321
3359803;1;1;2;2;73; ;3;73; ;1;2; ; ;1; ;12;342,539492753112
3359803;1;2;2;2;73; ;3;73; ;1;2; ; ;1; ;12;342,539492753112
3359803;1;3;2;2;73; ;3;73; ;1;2; ; ;1; ;12;342,539492753112
3359803;1;4;2;2;73; ;3;73; ;1;3;73; ;1; ;12;342,539492753112
3359803;1;5;1; ; ; ; ; ; ; ; ; ; ; ; ;12;342,539492753112
3359804;1;1;1; ; ; ; ; ; ; ; ; ; ; ; ;12;318,350909986839
3359804;1;2;2;1; ; ;3;11; ;1;2; ; ;1; ;12;318,350909986839
3359804;1;3;1; ; ; ; ; ; ; ; ; ; ; ; ;12;318,350909986839
3359805;1;1;2;2;18; ;3;73; ;1;3;73; ;1; ;12;258,254173883241
3359805;1;2;2;2;18; ;3;73; ;1;3;73; ;1; ;12;258,254173883241
3359806;1;1;2;2;63; ;2; ; ;1;2; ; ;1; ;12;258,923781849832
3359806;1;2;1; ; ; ; ; ; ; ; ; ; ; ; ;12;258,923781849832
3359806;1;3;1; ; ; ; ; ; ; ; ; ; ; ; ;12;258,923781849832
3359806;1;4;1; ; ; ; ; ; ; ; ; ; ; ; ;12;258,923781849832
3359807;1;1;2;2;25; ;2; ; ;1;2; ; ;1; ;12;226,867603268164
3359808;1;1;2;1; ; ;2; ; ;1;2; ; ;1; ;12;277,113041252638
3359808;1;2;1; ; ; ; ; ; ; ; ; ; ; ; ;12;277,113041252638
3359808;1;3;1; ; ; ; ; ; ; ; ; ; ; ; ;12;277,113041252638
3359808;1;4;1; ; ; ; ; ; ; ; ; ; ; ; ;12;277,113041252638
3359808;1;5;1; ; ; ; ; ; ; ; ; ; ; ; ;12;277,113041252638
3359808;1;6;1; ; ; ; ; ; ; ; ; ; ; ; ;12;277,113041252638
3359809;1;1;2;2;73; ;2; ; ;1;2; ; ;1; ;12;332,82186451891
3359809;1;2;1; ; ; ; ; ; ; ; ; ; ; ; ;12;332,82186451891
3359809;1;3;2;2;73; ;3;73; ;2;2; ; ;1; ;12;332,82186451891
3359809;1;4;1; ; ; ; ; ; ; ; ; ; ; ; ;12;332,82186451891
3359809;1;5;2;2;11; ;2; ; ;1;2; ; ;1; ;12;332,82186451891
3359810;1;1;2;1; ; ;2; ; ;1;2; ; ;1; ;12;301,143430410311
3359810;1;2;1; ; ; ; ; ; ; ; ; ; ; ; ;12;301,143430410311
3359810;1;3;1; ; ; ; ; ; ; ; ; ; ; ; ;12;301,143430410311
3359811;1;1;2;2;73; ;2; ; ;1;2; ; ;1; ;12;198,700870584604
3359811;1;2;2;2;73; ;2; ; ;1;2; ; ;1; ;12;198,700870584604
3359812;1;1;2;2;73; ;2; ; ;1;2; ; ;1; ;12;263,285352629585
3359812;1;2;1; ; ; ; ; ; ; ; ; ; ; ; ;12;263,285352629585
3359812;1;3;1; ; ; ; ; ; ; ; ; ; ; ; ;12;263,285352629585
3359812;1;4;1; ; ; ; ; ; ; ; ; ; ; ; ;12;263,285352629585
3359812;1;5;1; ; ; ; ; ; ; ; ; ; ; ; ;12;263,285352629585
3359812;1;6;1; ; ; ; ; ; ; ; ; ; ; ; ;12;263,285352629585
3359812;1;7;2;2;73; ;2; ; ;1;2; ; ;1; ;12;263,285352629585
3359813;1;1;2;1; ; ;2; ; ;1;2; ; ;1; ;12;246,758705574624
3359813;1;2;2;2;76; ;3;76; ;2;3;76; ;1; ;12;246,758705574624
3359814;1;1;2;2;76; ;2; ; ;1;2; ; ;1; ;12;190,380274341761
3359815;1;1;2;1; ; ;2; ; ;1;2; ; ;1; ;12;288,978354135103
3359817;1;1;2;1; ; ;3;25; ;1;2; ; ;1; ;12;252,841243712228
3359817;1;2;2;2;25; ;3;25; ;1;2; ; ;1; ;12;252,841243712228
3359817;1;3;2;2;25; ;3;25; ;1;2; ; ;1; ;12;252,841243712228
3359818;1;1;1; ; ; ; ; ; ; ; ; ; ; ; ;12;309,531846804779
3359818;1;2;2;2;13; ;2; ; ;1;2; ; ;1; ;12;309,531846804779
3359818;1;3;1; ; ; ; ; ; ; ; ; ; ; ; ;12;309,531846804779
3359818;1;4;1; ; ; ; ; ; ; ; ; ; ; ; ;12;309,531846804779
3359819;1;1;1; ; ; ; ; ; ; ; ; ; ; ; ;12;154,243163918886
3359819;1;2;1; ; ; ; ; ; ; ; ; ; ; ; ;12;154,243163918886
3359819;1;3;1; ; ; ; ; ; ; ; ; ; ; ; ;12;154,243163918886
3359820;1;1;2;2;73; ;2; ; ;1;2; ; ;1; ;12;190,380274341761
3359821;1;1;2;1; ; ;4; ;11; ;2; ; ;1; ;12;226,867603268164
3359822;1;1;2;2;47; ;3;11; ;1;3;85; ;1; ;12;288,978354135103
3359823;1;1;1; ; ; ; ; ; ; ; ; ; ; ; ;12;231,304211802917
3359823;1;2;2;2;73; ;2; ; ;1;2; ; ;1; ;12;231,304211802917
3359823;1;3;2;2;73; ;3;73; ;2;3;73; ;1; ;12;231,304211802917
3359823;1;4;2;1; ; ;3;73; ;2;3;73; ;1; ;12;231,304211802917
3359824;1;1;1; ; ; ; ; ; ; ; ; ; ; ; ;12;357,834033502861
3359824;1;2;1; ; ; ; ; ; ; ; ; ; ; ; ;12;357,834033502861
3359824;1;3;1; ; ; ; ; ; ; ; ; ; ; ; ;12;357,834033502861
3359824;1;4;1; ; ; ; ; ; ; ; ; ; ; ; ;12;357,834033502861
3359825;1;1;2;2;11; ;2; ; ;1;2; ; ;1; ;12;666,602414007862
3359825;1;2;1; ; ; ; ; ; ; ; ; ; ; ; ;12;666,602414007862
3359825;1;3;1; ; ; ; ; ; ; ; ; ; ; ; ;12;666,602414007862
3359825;1;4;1; ; ; ; ; ; ; ; ; ; ; ; ;12;666,602414007862
3359826;1;1;2;2;73; ;2; ; ;1;2; ; ;1; ;12;342,901286990827
3359826;1;2;2;2;73; ;2; ; ;1;2; ; ;1; ;12;342,901286990827
3359826;1;3;1; ; ; ; ; ; ; ; ; ; ; ; ;12;342,901286990827
3359827;1;1;2;2;63; ;2; ; ;1;2; ; ;1; ;12;402,63622885671
3359827;1;2;1; ; ; ; ; ; ; ; ; ; ; ; ;12;402,63622885671
3359827;1;3;1; ; ; ; ; ; ; ; ; ; ; ; ;12;402,63622885671
3359827;1;4;1; ; ; ; ; ; ; ; ; ; ; ; ;12;402,63622885671
3359827;1;5;1; ; ; ; ; ; ; ; ; ; ; ; ;12;402,63622885671
3359827;1;6;1; ; ; ; ; ; ; ; ; ; ; ; ;12;402,63622885671
3359828;1;1;2;2;25; ;2; ; ;1;2; ; ;1; ;12;134,543625914321
3359828;1;2;2;2;73; ;2; ; ;1;2; ; ;1; ;12;134,543625914321
3359828;1;3;2;2;73; ;3;73; ;1;2; ; ;1; ;12;134,543625914321
3359829;1;1;2;2;73; ;2; ; ;1;2; ; ;1; ;12;262,914825759892
3359829;1;2;2;2;73; ;2; ; ;1;2; ; ;1; ;12;262,914825759892
3359829;1;3;1; ; ; ; ; ; ; ; ; ; ; ; ;12;262,914825759892
3359829;1;4;2;1; ; ;2; ; ;1;2; ; ;1; ;12;262,914825759892
3359829;1;5;1; ; ; ; ; ; ; ; ; ; ; ; ;12;262,914825759892
3359829;1;6;1; ; ; ; ; ; ; ; ; ; ; ; ;12;262,914825759892
3359830;1;1;2;1; ; ;3;25; ;1;2; ; ;1; ;12;232,950141405768
3359830;1;2;2;1; ; ;3;25; ;1;2; ; ;1; ;12;232,950141405768
3359831;1;1;2;1; ; ;2; ; ;1;2; ; ;1; ;12;340,918417419856
3359831;1;2;1; ; ; ; ; ; ; ; ; ; ; ; ;12;340,918417419856
3359831;1;3;1; ; ; ; ; ; ; ; ; ; ; ; ;12;340,918417419856
3359831;1;4;1; ; ; ; ; ; ; ; ; ; ; ; ;12;340,918417419856
3359831;1;5;1; ; ; ; ; ; ; ; ; ; ; ; ;12;340,918417419856
3359832;1;1;2;2;73; ;2; ; ;1;2; ; ;1; ;12;226,867603268164
3359833;1;1;1; ; ; ; ; ; ; ; ; ; ; ; ;12;453,735206536328
3359834;1;1;1; ; ; ; ; ; ; ; ; ; ; ; ;12;295,723282635922
3359834;1;2;1; ; ; ; ; ; ; ; ; ; ; ; ;12;295,723282635922
3359834;1;3;1; ; ; ; ; ; ; ; ; ; ; ; ;12;295,723282635922
3359834;1;4;1; ; ; ; ; ; ; ; ; ; ; ; ;12;295,723282635922
3359835;1;1;2;2;73; ;3;73; ;1;2; ; ;1; ;12;293,709267872581
3359835;1;2;2;2;73; ;3;73; ;1;2; ; ;1; ;12;293,709267872581
3359835;1;3;2;2;73; ;3;73; ;1;2; ; ;1; ;12;293,709267872581
3359835;1;4;2;2;73; ;3;73; ;1;2; ; ;1; ;12;293,709267872581
3359835;1;5;2;2;73; ;3;73; ;1;2; ; ;1; ;12;293,709267872581
3359836;1;1;2;2;73; ;2; ; ;1;2; ; ;1; ;12;190,380274341761
3359837;1;1;1; ; ; ; ; ; ; ; ; ; ; ; ;12;256,240159119899
3359837;1;2;1; ; ; ; ; ; ; ; ; ; ; ; ;12;256,240159119899
3359837;1;3;1; ; ; ; ; ; ; ; ; ; ; ; ;12;256,240159119899
3359838;1;1;2;2;73; ;2; ; ;1;2; ; ;1; ;12;226,867603268164
3359839;1;1;1; ; ; ; ; ; ; ; ; ; ; ; ;12;626,820209394941
3359839;1;2;1; ; ; ; ; ; ; ; ; ; ; ; ;12;626,820209394941
3359839;1;3;1; ; ; ; ; ; ; ; ; ; ; ; ;12;626,820209394941
3359840;1;1;2;2;73; ;2; ; ;1;2; ; ;1; ;12;493,517411149249
3359840;1;2;2;3; ;11;3;11; ;1;2; ; ;1; ;12;493,517411149249
3359841;1;1;2;2;11; ;2; ; ;1;2; ; ;1; ;12;540,097446577512
3359841;1;2;1; ; ; ; ; ; ; ; ; ; ; ; ;12;540,097446577512
3359841;1;3;1; ; ; ; ; ; ; ; ; ; ; ; ;12;540,097446577512
3359842;1;1;2;1; ; ;2; ; ;1;2; ; ;1; ;12;417,83950449619
3359842;1;2;2;1; ; ;2; ; ;1;2; ; ;1; ;12;417,83950449619
3359842;1;3;2;1; ; ;2; ; ;1;2; ; ;1; ;12;417,83950449619
3359842;1;4;1; ; ; ; ; ; ; ; ; ; ; ; ;12;417,83950449619
3359842;1;5;1; ; ; ; ; ; ; ; ; ; ; ; ;12;417,83950449619
3359843;1;1;2;2;73; ;2; ; ;1;2; ; ;1; ;12;184,225406097115
3359843;1;2;2;2;73; ;2; ; ;1;2; ; ;1; ;12;184,225406097115
3359844;1;1;2;2;17; ;2; ; ;1;2; ; ;1; ;12;272,456290239986
3359844;2;1;2;2;17; ;2; ; ;1;2; ; ;1; ;12;272,456290239986
3359844;3;1;1; ; ; ; ; ; ; ; ; ; ; ; ;12;272,456290239986
3359844;4;1;2;2;05; ;2; ; ;1;2; ; ;1; ;12;272,456290239986
3359844;5;1;2;2;17; ;2; ; ;1;2; ; ;1; ;12;272,456290239986
3359845;1;1;2;2;17; ;3;17; ;1;2; ; ;1; ;12;287,538318063917
3359845;1;2;2;1; ; ;3;17; ;1;2; ; ;1; ;12;287,538318063917
3359845;1;3;1; ; ; ; ; ; ; ; ; ; ; ; ;12;287,538318063917
3359845;1;4;1; ; ; ; ; ; ; ; ; ; ; ; ;12;287,538318063917
3359846;1;1;1; ; ; ; ; ; ; ; ; ; ; ; ;12;146,624986626417
3359846;1;2;2;2;17; ;2; ; ;1;2; ; ;1; ;12;146,624986626417
3359846;1;3;1; ; ; ; ; ; ; ; ; ; ; ; ;12;146,624986626417
3359846;1;4;1; ; ; ; ; ; ; ; ; ; ; ; ;12;146,624986626417
3359846;1;5;1; ; ; ; ; ; ; ; ; ; ; ; ;12;146,624986626417
3359847;1;1;2;2;17; ;2; ; ;1;2; ; ;1; ;12;171,001124978334
3359847;1;2;1; ; ; ; ; ; ; ; ; ; ; ; ;12;171,001124978334
3359848;1;1;2;1; ; ;3;11; ;1;2; ; ;1; ;12;216,25219721077
3359848;1;2;1; ; ; ; ; ; ; ; ; ; ; ; ;12;216,25219721077
3359848;1;3;1; ; ; ; ; ; ; ; ; ; ; ; ;12;216,25219721077
3359848;1;4;1; ; ; ; ; ; ; ; ; ; ; ; ;12;216,25219721077
3359848;1;5;1; ; ; ; ; ; ; ; ; ; ; ; ;12;216,25219721077
3359848;1;6;1; ; ; ; ; ; ; ; ; ; ; ; ;12;216,25219721077
3359848;1;7;1; ; ; ; ; ; ; ; ; ; ; ; ;12;216,25219721077
3359848;1;8;1; ; ; ; ; ; ; ; ; ; ; ; ;12;216,25219721077
3359848;1;9;1; ; ; ; ; ; ; ; ; ; ; ; ;12;216,25219721077
3359850;1;1;1; ; ; ; ; ; ; ; ; ; ; ; ;12;157,259098793221
3359850;1;2;2;1; ; ;2; ; ;1;2; ; ;1; ;12;157,259098793221
3359850;1;3;1; ; ; ; ; ; ; ; ; ; ; ; ;12;157,259098793221
3359851;1;1;1; ; ; ; ; ; ; ; ; ; ; ; ;12;204,894023683191
3359851;1;2;1; ; ; ; ; ; ; ; ; ; ; ; ;12;204,894023683191
3359851;1;3;1; ; ; ; ; ; ; ; ; ; ; ; ;12;204,894023683191
3359851;1;4;1; ; ; ; ; ; ; ; ; ; ; ; ;12;204,894023683191
3359851;1;5;1; ; ; ; ; ; ; ; ; ; ; ; ;12;204,894023683191
3359851;1;6;1; ; ; ; ; ; ; ; ; ; ; ; ;12;204,894023683191
3359852;1;1;1; ; ; ; ; ; ; ; ; ; ; ; ;12;177,996947733736
3359852;1;2;1; ; ; ; ; ; ; ; ; ; ; ; ;12;177,996947733736
3359852;1;3;1; ; ; ; ; ; ; ; ; ; ; ; ;12;177,996947733736
3359853;1;1;2;2;17; ;2; ; ;1;2; ; ;1; ;12;178,915693328689
3359853;1;2;1; ; ; ; ; ; ; ; ; ; ; ; ;12;178,915693328689
3359853;1;3;1; ; ; ; ; ; ; ; ; ; ; ; ;12;178,915693328689
3359853;1;4;2;2;17; ;2; ; ;1;2; ; ;1; ;12;178,915693328689
3359853;1;5;2;2;17; ;2; ; ;1;2; ; ;1; ;12;178,915693328689
3359854;1;1;2;2;76; ;2; ; ;1;2; ; ;1; ;12;188,113314834208
3359854;1;2;2;2;76; ;2; ; ;1;2; ; ;1; ;12;188,113314834208
3359855;1;1;2;2;17; ;2; ; ;1;2; ; ;1; ;12;201,785669150899
3359855;1;2;2;2;17; ;2; ; ;1;2; ; ;1; ;12;201,785669150899
3359855;1;3;2;2;17; ;2; ; ;1;2; ; ;1; ;12;201,785669150899
3359855;1;4;2;2;17; ;2; ; ;1;2; ; ;1; ;12;201,785669150899
3359855;1;5;1; ; ; ; ; ; ; ; ; ; ; ; ;12;201,785669150899
3359856;1;1;2;2;17; ;2; ; ;1;2; ; ;1; ;12;166,898776294486
3359856;1;2;2;2;17; ;2; ; ;1;2; ; ;1; ;12;166,898776294486
3359856;1;3;1; ; ; ; ; ; ; ; ; ; ; ; ;12;166,898776294486
3359856;1;4;1; ; ; ; ; ; ; ; ; ; ; ; ;12;166,898776294486
3359856;1;5;1; ; ; ; ; ; ; ; ; ; ; ; ;12;166,898776294486
3359856;1;6;1; ; ; ; ; ; ; ; ; ; ; ; ;12;166,898776294486
3359857;1;1;1; ; ; ; ; ; ; ; ; ; ; ; ;12;201,786109664882
3359857;1;2;1; ; ; ; ; ; ; ; ; ; ; ; ;12;201,786109664882
3359857;1;3;1; ; ; ; ; ; ; ; ; ; ; ; ;12;201,786109664882
3359857;1;4;2;1; ; ;3;17; ;1;2; ; ;1; ;12;201,786109664882
3359857;1;5;2;1; ; ;3;17; ;1;2; ; ;1; ;12;201,786109664882
3359858;1;1;2;2;19; ;2; ; ;1;2; ; ;1; ;12;187,333320115424
3359858;1;2;1; ; ; ; ; ; ; ; ; ; ; ; ;12;187,333320115424
3359858;1;3;1; ; ; ; ; ; ; ; ; ; ; ; ;12;187,333320115424
3359859;1;1;2;2;73; ;2; ; ;1;2; ; ;1; ;12;205,940918720433
3359859;1;2;2;2;17; ;2; ; ;1;2; ; ;1; ;12;205,940918720433
3359859;1;3;1; ; ; ; ; ; ; ; ; ; ; ; ;12;205,940918720433
3359859;1;4;1; ; ; ; ; ; ; ; ; ; ; ; ;12;205,940918720433
3359859;1;5;1; ; ; ; ; ; ; ; ; ; ; ; ;12;205,940918720433
3359859;1;6;1; ; ; ; ; ; ; ; ; ; ; ; ;12;205,940918720433
3359859;1;7;2;2;17; ;2; ; ;1;2; ; ;1; ;12;205,940918720433
3359859;1;8;1; ; ; ; ; ; ; ; ; ; ; ; ;12;205,940918720433
3359860;1;1;2;2;05; ;2; ; ;1;2; ; ;1; ;12;171,471356861394
3359862;1;1;2;2;17; ;2; ; ;1;2; ; ;1; ;12;153,225981463812
3359862;1;2;2;2;17; ;2; ; ;1;2; ; ;1; ;12;153,225981463812
3359862;1;3;2;2;17; ;2; ; ;1;2; ; ;1; ;12;153,225981463812
3359863;1;1;2;2;17; ;2; ; ;1;2; ; ;1; ;12;171,001124978334
3359863;1;2;2;2;05; ;3;05; ;1;2; ; ;1; ;12;171,001124978334
3359864;1;1;1; ; ; ; ; ; ; ; ; ; ; ; ;12;229,269721521125
3359864;1;2;1; ; ; ; ; ; ; ; ; ; ; ; ;12;229,269721521125
3359864;1;3;1; ; ; ; ; ; ; ; ; ; ; ; ;12;229,269721521125
3359865;1;1;1; ; ; ; ; ; ; ; ; ; ; ; ;12;220,341247898188
3359865;1;2;1; ; ; ; ; ; ; ; ; ; ; ; ;12;220,341247898188
3359865;1;3;1; ; ; ; ; ; ; ; ; ; ; ; ;12;220,341247898188
3359866;1;1;1; ; ; ; ; ; ; ; ; ; ; ; ;12;184,225406097115
3359866;1;2;1; ; ; ; ; ; ; ; ; ; ; ; ;12;184,225406097115
3359867;1;1;1; ; ; ; ; ; ; ; ; ; ; ; ;12;165,670267863809
3359867;1;2;1; ; ; ; ; ; ; ; ; ; ; ; ;12;165,670267863809
3359867;1;3;1; ; ; ; ; ; ; ; ; ; ; ; ;12;165,670267863809
3359867;1;4;1; ; ; ; ; ; ; ; ; ; ; ; ;12;165,670267863809
3359868;1;1;1; ; ; ; ; ; ; ; ; ; ; ; ;12;157,259098793221
3359868;1;2;1; ; ; ; ; ; ; ; ; ; ; ; ;12;157,259098793221
3359868;1;3;1; ; ; ; ; ; ; ; ; ; ; ; ;12;157,259098793221
3359869;1;1;1; ; ; ; ; ; ; ; ; ; ; ; ;12;144,505049557499
3359869;1;2;1; ; ; ; ; ; ; ; ; ; ; ; ;12;144,505049557499
3359870;1;1;1; ; ; ; ; ; ; ; ; ; ; ; ;12;206,599221713074
3359870;1;2;1; ; ; ; ; ; ; ; ; ; ; ; ;12;206,599221713074
3359870;1;3;1; ; ; ; ; ; ; ; ; ; ; ; ;12;206,599221713074
3359870;1;4;1; ; ; ; ; ; ; ; ; ; ; ; ;12;206,599221713074
3359871;1;1;1; ; ; ; ; ; ; ; ; ; ; ; ;12;158,247075742613
3359874;1;1;1; ; ; ; ; ; ; ; ; ; ; ; ;12;160,83724469459
3359874;1;2;1; ; ; ; ; ; ; ; ; ; ; ; ;12;160,83724469459
3359874;1;3;1; ; ; ; ; ; ; ; ; ; ; ; ;12;160,83724469459
3359875;1;1;1; ; ; ; ; ; ; ; ; ; ; ; ;12;166,450262582593
3359875;1;2;1; ; ; ; ; ; ; ; ; ; ; ; ;12;166,450262582593
3359875;1;3;1; ; ; ; ; ; ; ; ; ; ; ; ;12;166,450262582593
3359876;1;1;1; ; ; ; ; ; ; ; ; ; ; ; ;12;191,66974256441
3359876;1;2;1; ; ; ; ; ; ; ; ; ; ; ; ;12;191,66974256441
3359876;1;3;1; ; ; ; ; ; ; ; ; ; ; ; ;12;191,66974256441
3359876;1;4;1; ; ; ; ; ; ; ; ; ; ; ; ;12;191,66974256441
3359876;1;5;1; ; ; ; ; ; ; ; ; ; ; ; ;12;191,66974256441
3359876;1;6;1; ; ; ; ; ; ; ; ; ; ; ; ;12;191,66974256441
3359877;1;1;2;2;11; ;2; ; ;1;2; ; ;1; ;12;279,383875018613
3359877;1;2;1; ; ; ; ; ; ; ; ; ; ; ; ;12;279,383875018613
3359877;1;3;2;2;15; ;2; ; ;1;2; ; ;1; ;12;279,383875018613
3359878;1;1;2;2;17; ;2; ; ;1;2; ; ;1; ;12;309,394388613545
3359878;1;2;1; ; ; ; ; ; ; ; ; ; ; ; ;12;309,394388613545
3359878;1;3;1; ; ; ; ; ; ; ; ; ; ; ; ;12;309,394388613545
3359878;1;4;1; ; ; ; ; ; ; ; ; ; ; ; ;12;309,394388613545
3359878;1;5;1; ; ; ; ; ; ; ; ; ; ; ; ;12;309,394388613545
3359878;1;6;1; ; ; ; ; ; ; ; ; ; ; ; ;12;309,394388613545
3359878;1;7;1; ; ; ; ; ; ; ; ; ; ; ; ;12;309,394388613545
3359879;1;1;2;1; ; ;2; ; ;1;2; ; ;1; ;12;290,913132400685
3359879;1;2;2;1; ; ;3;17; ;1;2; ; ;1; ;12;290,913132400685
3359879;1;3;2;2;17; ;3;17; ;1;2; ; ;1; ;12;290,913132400685
3359879;1;4;2;1; ; ;2; ; ;1;3;63; ;1; ;12;290,913132400685
3359879;1;5;2;1; ; ;3;11; ;1;3;11; ;1; ;12;290,913132400685
3359879;2;1;2;2;76; ;3;66; ;1;2; ; ;1; ;12;290,913132400685
3359879;2;2;2;1; ; ;2; ; ;1;2; ; ;1; ;12;290,913132400685
3359879;2;3;1; ; ; ; ; ; ; ; ; ; ; ; ;12;290,913132400685
3359880;1;1;2;2;66; ;3;52; ;1;2; ; ;1; ;12;382,442457705033
3359880;1;2;2;2;17; ;2; ; ;1;2; ; ;1; ;12;382,442457705033
3359880;1;3;2;2;52; ;2; ; ;1;2; ; ;1; ;12;382,442457705033
3359882;1;1;1; ; ; ; ; ; ; ; ; ; ; ; ;12;136,113791607938
3359882;1;2;1; ; ; ; ; ; ; ; ; ; ; ; ;12;136,113791607938
3359882;1;3;1; ; ; ; ; ; ; ; ; ; ; ; ;12;136,113791607938
3359883;1;1;1; ; ; ; ; ; ; ; ; ; ; ; ;12;193,134409113009
3359883;1;2;1; ; ; ; ; ; ; ; ; ; ; ; ;12;193,134409113009
3359883;1;3;1; ; ; ; ; ; ; ; ; ; ; ; ;12;193,134409113009
3359883;1;4;1; ; ; ; ; ; ; ; ; ; ; ; ;12;193,134409113009
3359883;1;5;1; ; ; ; ; ; ; ; ; ; ; ; ;12;193,134409113009
3359884;1;1;2;3; ;10;4; ;10; ;4; ;10; ;1;12;437,285015168902
3359884;1;2;2;3; ;10;4; ;10; ;4; ;10; ;1;12;437,285015168902
3359885;1;1;1; ; ; ; ; ; ; ; ; ; ; ; ;12;427,644994612257
3359885;1;2;1; ; ; ; ; ; ; ; ; ; ; ; ;12;427,644994612257
3359885;1;3;1; ; ; ; ; ; ; ; ; ; ; ; ;12;427,644994612257
3359885;1;4;1; ; ; ; ; ; ; ; ; ; ; ; ;12;427,644994612257
3359885;1;5;1; ; ; ; ; ; ; ; ; ; ; ; ;12;427,644994612257
3359885;1;6;1; ; ; ; ; ; ; ; ; ; ; ; ;12;427,644994612257
3359886;1;1;2;2;17; ;2; ; ;1;2; ; ;1; ;12;192,146432163617
3359886;1;2;1; ; ; ; ; ; ; ; ; ; ; ; ;12;192,146432163617
3359887;1;1;2;2;17; ;2; ; ;1;2; ; ;1; ;12;223,449161916497
3359887;1;2;1; ; ; ; ; ; ; ; ; ; ; ; ;12;223,449161916497
3359887;1;3;1; ; ; ; ; ; ; ; ; ; ; ; ;12;223,449161916497
3359887;1;4;1; ; ; ; ; ; ; ; ; ; ; ; ;12;223,449161916497
3359888;1;1;1; ; ; ; ; ; ; ; ; ; ; ; ;12;200,867364069929
3359888;1;2;2;2;76; ;2; ; ;1;2; ; ;1; ;12;200,867364069929
3359888;1;3;1; ; ; ; ; ; ; ; ; ; ; ; ;12;200,867364069929
3359889;1;1;1; ; ; ; ; ; ; ; ; ; ; ; ;12;96,5672045565043
3359889;1;2;1; ; ; ; ; ; ; ; ; ; ; ; ;12;96,5672045565043
3359889;1;3;2;2;17; ;2; ; ;1;2; ; ;1; ;12;96,5672045565043
3359890;1;1;2;2;05; ;2; ; ;1;2; ; ;1; ;12;188,113314834208
3359890;1;2;2;2;05; ;2; ; ;1;2; ; ;1; ;12;188,113314834208
3359891;1;1;1; ; ; ; ; ; ; ; ; ; ; ; ;12;205,88845834873
3359892;1;1;1; ; ; ; ; ; ; ; ; ; ; ; ;12;147,612963575809
3359892;1;2;2;1; ; ;2; ; ;1;2; ; ;1; ;12;147,612963575809
3359892;1;3;1; ; ; ; ; ; ; ; ; ; ; ; ;12;147,612963575809
3359895;1;1;1; ; ; ; ; ; ; ; ; ; ; ; ;12;53,1430447300168
3359895;1;2;1; ; ; ; ; ; ; ; ; ; ; ; ;12;53,1430447300168
3359896;1;1;1; ; ; ; ; ; ; ; ; ; ; ; ;12;74,4784762279363
3359898;1;1;2;2;52; ;3;11; ;1;3;68; ;1; ;12;93,3558256177091
3359898;1;2;2;2;25; ;3;50; ;1;3;50; ;1; ;12;93,3558256177091
3359898;1;3;2;2;52; ;3;11; ;1;3;11; ;1; ;12;93,3558256177091
3359899;1;1;2;2;73; ;3;73; ;1;3;73; ;1; ;12;74,4784762279363
3359900;1;1;2;2;13; ;2; ; ;1;2; ; ;1; ;12;60,2427702628393
3359900;1;2;1; ; ; ; ; ; ; ; ; ; ; ; ;12;60,2427702628393
3359900;1;3;1; ; ; ; ; ; ; ; ; ; ; ; ;12;60,2427702628393
3359900;1;4;1; ; ; ; ; ; ; ; ; ; ; ; ;12;60,2427702628393
3359901;1;1;2;2;73; ;2; ; ;1;2; ; ;1; ;12;65,8976438102489
3359901;1;2;2;2;18; ;2; ; ;1;2; ; ;1; ;12;65,8976438102489
3359901;1;3;1; ; ; ; ; ; ; ; ; ; ; ; ;12;65,8976438102489
3359901;1;4;1; ; ; ; ; ; ; ; ; ; ; ; ;12;65,8976438102489
3359902;1;1;2;2;73; ;2; ; ;1;2; ; ;1; ;12;65,4149393459652
3359902;1;2;2;2;41; ;2; ; ;1;2; ; ;1; ;12;65,4149393459652
3359902;1;3;1; ; ; ; ; ; ; ; ; ; ; ; ;12;65,4149393459652
3359902;1;4;2;2;25; ;3;41; ;2;3;41; ;2;3;12;65,4149393459652
3359903;1;1;1; ; ; ; ; ; ; ; ; ; ; ; ;12;148,956952455873
3359904;1;1;2;1; ; ;3;18; ;2;2; ; ;1; ;12;43,6873900525085
3359904;1;2;2;2;18; ;2; ; ;1;2; ; ;1; ;12;43,6873900525085
3359904;1;3;2;2;18; ;2; ; ;1;2; ; ;1; ;12;43,6873900525085
3359904;1;4;1; ; ; ; ; ; ; ; ; ; ; ; ;12;43,6873900525085
3359904;1;5;1; ; ; ; ; ; ; ; ; ; ; ; ;12;43,6873900525085
3359904;1;6;1; ; ; ; ; ; ; ; ; ; ; ; ;12;43,6873900525085
3359905;1;1;1; ; ; ; ; ; ; ; ; ; ; ; ;12;130,465245385421
3359905;1;2;1; ; ; ; ; ; ; ; ; ; ; ; ;12;130,465245385421
3359905;1;3;1; ; ; ; ; ; ; ; ; ; ; ; ;12;130,465245385421
3359906;1;1;2;2;76; ;2; ; ;1;2; ; ;1; ;12;188,254627655555
3359906;1;2;2;2;18; ;2; ; ;1;3;41; ;2;3;12;188,254627655555
3359906;1;3;1; ; ; ; ; ; ; ; ; ; ; ; ;12;188,254627655555
3359906;1;4;1; ; ; ; ; ; ; ; ; ; ; ; ;12;188,254627655555
3359906;1;5;2;1; ; ;2; ; ;1;3;41; ;1; ;12;188,254627655555
3359907;1;1;2;2;18; ;2; ; ;1;2; ; ;1; ;12;141,774992480241
3359907;1;2;2;2;18; ;2; ; ;1;2; ; ;1; ;12;141,774992480241
3359907;1;3;1; ; ; ; ; ; ; ; ; ; ; ; ;12;141,774992480241
3359908;1;1;1; ; ; ; ; ; ; ; ; ; ; ; ;12;136,231522703535
3359908;1;2;1; ; ; ; ; ; ; ; ; ; ; ; ;12;136,231522703535
3359908;1;3;1; ; ; ; ; ; ; ; ; ; ; ; ;12;136,231522703535
3359908;1;4;1; ; ; ; ; ; ; ; ; ; ; ; ;12;136,231522703535
3359908;1;5;1; ; ; ; ; ; ; ; ; ; ; ; ;12;136,231522703535
3359909;1;1;2;1; ; ;2; ; ;1;2; ; ;1; ;12;109,175793430859
3359909;1;2;2;2;11; ;2; ; ;1;3;11; ;1; ;12;109,175793430859
3359909;1;3;2;2;11; ;2; ; ;1;2; ; ;1; ;12;109,175793430859
3359909;1;4;1; ; ; ; ; ; ; ; ; ; ; ; ;12;109,175793430859
3359910;1;1;2;2;18; ;3;18; ;1;2; ; ;1; ;12;75,768239833496
3359911;1;1;2;2;73; ;2; ; ;1;2; ; ;1; ;12;61,4541331578396
3359911;1;2;2;2;18; ;2; ; ;1;2; ; ;1; ;12;61,4541331578396
3359911;1;3;2;2;73; ;2; ; ;1;2; ; ;1; ;12;61,4541331578396
3359912;1;1;2;2;18; ;2; ; ;1;2; ; ;1; ;12;38,7456889053329
3359912;1;2;2;2;18; ;2; ; ;1;2; ; ;1; ;12;38,7456889053329
3359912;1;3;1; ; ; ; ; ; ; ; ; ; ; ; ;12;38,7456889053329
3359912;1;4;2;2;18; ;2; ; ;1;2; ; ;1; ;12;38,7456889053329
3359912;1;5;1; ; ; ; ; ; ; ; ; ; ; ; ;12;38,7456889053329
3359913;1;1;2;2;73; ;2; ; ;1;2; ; ;1; ;12;74,0264155848172
3359913;1;2;1; ; ; ; ; ; ; ; ; ; ; ; ;12;74,0264155848172
3359913;1;3;1; ; ; ; ; ; ; ; ; ; ; ; ;12;74,0264155848172
3359913;1;4;2;2;73; ;2; ; ;1;2; ; ;1; ;12;74,0264155848172
3359914;1;1;1; ; ; ; ; ; ; ; ; ; ; ; ;12;56,7424412485416
3359914;1;2;2;2;18; ;2; ; ;1;2; ; ;1; ;12;56,7424412485416
3359914;1;3;1; ; ; ; ; ; ; ; ; ; ; ; ;12;56,7424412485416
3359914;1;4;2;2;18; ;3;18; ;1;2; ; ;1; ;12;56,7424412485416
3359915;1;1;2;2;19; ;2; ; ;1;2; ; ;1; ;12;92,8375502222179
3359915;1;2;2;2;23; ;2; ; ;1;2; ; ;1; ;12;92,8375502222179
3359915;1;3;2;2;19; ;2; ; ;1;2; ; ;1; ;12;92,8375502222179
3359915;1;4;2;2;19; ;2; ; ;1;2; ; ;1; ;12;92,8375502222179
3359915;1;5;1; ; ; ; ; ; ; ; ; ; ; ; ;12;92,8375502222179
3359916;1;1;2;2;18; ;2; ; ;1;2; ; ;1; ;12;148,234133116671
3359916;1;2;1; ; ; ; ; ; ; ; ; ; ; ; ;12;148,234133116671
3359917;1;1;2;2;18; ;3;18; ;1;2; ; ;1; ;12;75,768239833496
3359918;1;1;1; ; ; ; ; ; ; ; ; ; ; ; ;12;124,187406696028
3359918;1;2;1; ; ; ; ; ; ; ; ; ; ; ; ;12;124,187406696028
3359919;1;1;1; ; ; ; ; ; ; ; ; ; ; ; ;12;106,08470484846
3359919;1;2;2;2;18; ;2; ; ;1;2; ; ;1; ;12;106,08470484846
3359919;1;3;1; ; ; ; ; ; ; ; ; ; ; ; ;12;106,08470484846
3359919;1;4;2;2;11; ;2; ; ;1;2; ; ;1; ;12;106,08470484846
3359919;1;5;1; ; ; ; ; ; ; ; ; ; ; ; ;12;106,08470484846
3359920;1;1;2;2;41; ;2; ; ;1;2; ; ;1; ;12;60,0794933655049
3359920;1;2;2;2;41; ;2; ; ;1;2; ; ;1; ;12;60,0794933655049
3359920;1;3;1; ; ; ; ; ; ; ; ; ; ; ; ;12;60,0794933655049
3359920;1;4;2;2;18; ;2; ; ;1;2; ; ;1; ;12;60,0794933655049
3359920;1;5;1; ; ; ; ; ; ; ; ; ; ; ; ;12;60,0794933655049
3359920;1;6;2;2;18; ;2; ; ;1;2; ; ;1; ;12;60,0794933655049
3359920;1;7;1; ; ; ; ; ; ; ; ; ; ; ; ;12;60,0794933655049
3359920;1;8;1; ; ; ; ; ; ; ; ; ; ; ; ;12;60,0794933655049
3359920;1;9;1; ; ; ; ; ; ; ; ; ; ; ; ;12;60,0794933655049
3359921;1;1;1; ; ; ; ; ; ; ; ; ; ; ; ;12;74,4784762279363
3359922;1;1;1; ; ; ; ; ; ; ; ; ; ; ; ;12;65,1235138562149
3359922;1;2;1; ; ; ; ; ; ; ; ; ; ; ; ;12;65,1235138562149
3359923;1;1;2;2;18; ;3;18; ;1;2; ; ;1; ;12;52,0101468503475
3359924;1;1;2;2;41; ;3;18; ;1;2; ; ;1; ;12;166,544538240086
3359924;1;2;2;2;18; ;3;18; ;1;2; ; ;1; ;12;166,544538240086
3359925;1;1;2;2;41; ;3;18; ;1;2; ; ;1; ;12;155,624096984729
3359925;1;2;2;2;41; ;3;18; ;1;2; ; ;1; ;12;155,624096984729
3359925;1;3;1; ; ; ; ; ; ; ; ; ; ; ; ;12;155,624096984729
3359925;1;4;2;2;41; ;3;18; ;1;2; ; ;1; ;12;155,624096984729
3359925;1;5;1; ; ; ; ; ; ; ; ; ; ; ; ;12;155,624096984729
3359926;1;1;2;2;73; ;2; ; ;1;2; ; ;1; ;12;143,075379311012
3359926;1;2;2;2;73; ;2; ; ;1;2; ; ;1; ;12;143,075379311012
3359926;1;3;1; ; ; ; ; ; ; ; ; ; ; ; ;12;143,075379311012
3359926;1;4;1; ; ; ; ; ; ; ; ; ; ; ; ;12;143,075379311012
3359927;1;1;2;2;41; ;2; ; ;1;2; ; ;1; ;12;120,642470556341
3359927;1;2;2;2;18; ;2; ; ;1;2; ; ;1; ;12;120,642470556341
3359928;1;1;1; ; ; ; ; ; ; ; ; ; ; ; ;12;76,9011377131652
3359928;1;2;1; ; ; ; ; ; ; ; ; ; ; ; ;12;76,9011377131652
3359929;1;1;2;2;73; ;2; ; ;1;2; ; ;1; ;12;74,7072528213674
3359929;1;2;1; ; ; ; ; ; ; ; ; ; ; ; ;12;74,7072528213674
3359929;1;3;1; ; ; ; ; ; ; ; ; ; ; ; ;12;74,7072528213674
3359929;1;4;1; ; ; ; ; ; ; ; ; ; ; ; ;12;74,7072528213674
3359929;1;5;1; ; ; ; ; ; ; ; ; ; ; ; ;12;74,7072528213674
3359929;1;6;1; ; ; ; ; ; ; ; ; ; ; ; ;12;74,7072528213674
3359929;1;7;1; ; ; ; ; ; ; ; ; ; ; ; ;12;74,7072528213674
3359929;1;8;1; ; ; ; ; ; ; ; ; ; ; ; ;12;74,7072528213674
3359930;1;1;2;2;18; ;2; ; ;1;2; ; ;1; ;12;60,4425300728533
3359930;1;2;1; ; ; ; ; ; ; ; ; ; ; ; ;12;60,4425300728533
3359930;1;3;1; ; ; ; ; ; ; ; ; ; ; ; ;12;60,4425300728533
3359931;1;1;1; ; ; ; ; ; ; ; ; ; ; ; ;12;73,1944874091199
3359931;1;2;2;2;18; ;2; ; ;1;2; ; ;1; ;12;73,1944874091199
3359931;1;3;1; ; ; ; ; ; ; ; ; ; ; ; ;12;73,1944874091199
3359931;1;4;1; ; ; ; ; ; ; ; ; ; ; ; ;12;73,1944874091199
3359931;1;5;1; ; ; ; ; ; ; ; ; ; ; ; ;12;73,1944874091199
3359932;1;1;1; ; ; ; ; ; ; ; ; ; ; ; ;12;73,5558970787207
3359932;1;2;1; ; ; ; ; ; ; ; ; ; ; ; ;12;73,5558970787207
3359932;1;3;1; ; ; ; ; ; ; ; ; ; ; ; ;12;73,5558970787207
3359932;1;4;1; ; ; ; ; ; ; ; ; ; ; ; ;12;73,5558970787207
3359933;1;1;1; ; ; ; ; ; ; ; ; ; ; ; ;12;68,0101323678067
3359933;1;2;1; ; ; ; ; ; ; ; ; ; ; ; ;12;68,0101323678067
3359933;1;3;1; ; ; ; ; ; ; ; ; ; ; ; ;12;68,0101323678067
3359933;1;4;1; ; ; ; ; ; ; ; ; ; ; ; ;12;68,0101323678067
3359933;1;5;1; ; ; ; ; ; ; ; ; ; ; ; ;12;68,0101323678067
3359934;1;1;2;2;41; ;2; ; ;1;2; ; ;1; ;12;148,671603638996
3359934;1;2;2;2;18; ;2; ; ;1;2; ; ;1; ;12;148,671603638996
3359934;1;3;1; ; ; ; ; ; ; ; ; ; ; ; ;12;148,671603638996
3359934;1;4;1; ; ; ; ; ; ; ; ; ; ; ; ;12;148,671603638996
3359934;1;5;2;2;18; ;2; ; ;2;2; ; ;1; ;12;148,671603638996
3359934;1;6;1; ; ; ; ; ; ; ; ; ; ; ; ;12;148,671603638996
3359934;1;7;1; ; ; ; ; ; ; ; ; ; ; ; ;12;148,671603638996
3359934;1;8;1; ; ; ; ; ; ; ; ; ; ; ; ;12;148,671603638996
3359934;1;9;1; ; ; ; ; ; ; ; ; ; ; ; ;12;148,671603638996
3359934;1;10;1; ; ; ; ; ; ; ; ; ; ; ; ;12;148,671603638996
3359935;1;1;1; ; ; ; ; ; ; ; ; ; ; ; ;12;160,596344651033
3359935;1;2;1; ; ; ; ; ; ; ; ; ; ; ; ;12;160,596344651033
3359936;1;1;2;2;73; ;2; ; ;1;2; ; ;1; ;12;91,2532113441115
3359936;1;2;2;2;41; ;2; ; ;1;2; ; ;1; ;12;91,2532113441115
3359936;1;3;1; ; ; ; ; ; ; ; ; ; ; ; ;12;91,2532113441115
3359937;1;1;1; ; ; ; ; ; ; ; ; ; ; ; ;12;110,435103830427
3359937;1;2;2;2;73; ;2; ; ;1;2; ; ;1; ;12;110,435103830427
3359937;1;3;2;1; ; ;2; ; ;1;2; ; ;1; ;12;110,435103830427
3359937;1;4;1; ; ; ; ; ; ; ; ; ; ; ; ;12;110,435103830427
3359937;1;5;2;1; ; ;3;11; ;1;3;11; ;1; ;12;110,435103830427
3359937;2;1;1; ; ; ; ; ; ; ; ; ; ; ; ;12;110,435103830427
3359937;2;2;1; ; ; ; ; ; ; ; ; ; ; ; ;12;110,435103830427
3359937;2;3;1; ; ; ; ; ; ; ; ; ; ; ; ;12;110,435103830427
3359937;2;4;1; ; ; ; ; ; ; ; ; ; ; ; ;12;110,435103830427
3359937;2;5;1; ; ; ; ; ; ; ; ; ; ; ; ;12;110,435103830427
3359937;2;6;1; ; ; ; ; ; ; ; ; ; ; ; ;12;110,435103830427
3359937;3;1;1; ; ; ; ; ; ; ; ; ; ; ; ;12;110,435103830427
3359937;3;2;1; ; ; ; ; ; ; ; ; ; ; ; ;12;110,435103830427
3359937;3;3;1; ; ; ; ; ; ; ; ; ; ; ; ;12;110,435103830427
3359937;3;4;1; ; ; ; ; ; ; ; ; ; ; ; ;12;110,435103830427
3359937;3;5;1; ; ; ; ; ; ; ; ; ; ; ; ;12;110,435103830427
3359938;1;1;2;2;41; ;2; ; ;1;2; ; ;1; ;12;117,79531866876
3359938;1;2;1; ; ; ; ; ; ; ; ; ; ; ; ;12;117,79531866876
3359938;1;3;1; ; ; ; ; ; ; ; ; ; ; ; ;12;117,79531866876
3359938;1;4;1; ; ; ; ; ; ; ; ; ; ; ; ;12;117,79531866876
3359938;1;5;1; ; ; ; ; ; ; ; ; ; ; ; ;12;117,79531866876
3359938;1;6;1; ; ; ; ; ; ; ; ; ; ; ; ;12;117,79531866876
3359939;1;1;2;2;41; ;2; ; ;1;2; ; ;1; ;12;269,990519586582
3359939;1;2;1; ; ; ; ; ; ; ; ; ; ; ; ;12;269,990519586582
3359939;1;3;1; ; ; ; ; ; ; ; ; ; ; ; ;12;269,990519586582
3359939;1;4;1; ; ; ; ; ; ; ; ; ; ; ; ;12;269,990519586582
3359939;1;5;1; ; ; ; ; ; ; ; ; ; ; ; ;12;269,990519586582
3359940;1;1;2;2;73; ;2; ; ;1;2; ; ;1; ;12;229,404879257292
3359940;1;2;2;2;73; ;2; ; ;1;2; ; ;1; ;12;229,404879257292
3359941;1;1;2;2;41; ;2; ; ;1;2; ; ;1; ;12;404,18420289586
3359941;1;2;2;2;76; ;2; ; ;1;2; ; ;1; ;12;404,18420289586
3359941;1;3;2;1; ; ;2; ; ;1;2; ; ;1; ;12;404,18420289586
3359941;1;4;2;2;11; ;2; ; ;1;2; ; ;1; ;12;404,18420289586
3359942;1;1;1; ; ; ; ; ; ; ; ; ; ; ; ;12;189,959553418898
3359942;1;2;2;2;41; ;2; ; ;1;2; ; ;1; ;12;189,959553418898
3359942;1;3;1; ; ; ; ; ; ; ; ; ; ; ; ;12;189,959553418898
3359942;1;4;1; ; ; ; ; ; ; ; ; ; ; ; ;12;189,959553418898
3359942;1;5;1; ; ; ; ; ; ; ; ; ; ; ; ;12;189,959553418898
3359943;1;1;1; ; ; ; ; ; ; ; ; ; ; ; ;12;279,567331072243
3359943;1;2;1; ; ; ; ; ; ; ; ; ; ; ; ;12;279,567331072243
3359943;1;3;1; ; ; ; ; ; ; ; ; ; ; ; ;12;279,567331072243
3359943;1;4;1; ; ; ; ; ; ; ; ; ; ; ; ;12;279,567331072243
3359943;1;5;1; ; ; ; ; ; ; ; ; ; ; ; ;12;279,567331072243
3359944;1;1;1; ; ; ; ; ; ; ; ; ; ; ; ;12;173,976071040821
3359944;1;2;2;2;41; ;3;41; ;1;2; ; ;1; ;12;173,976071040821
3359944;1;3;1; ; ; ; ; ; ; ; ; ; ; ; ;12;173,976071040821
3359944;1;4;2;2;41; ;3;41; ;1;3;41; ;1; ;12;173,976071040821
3359945;1;1;1; ; ; ; ; ; ; ; ; ; ; ; ;12;155,152437663519
3359945;1;2;1; ; ; ; ; ; ; ; ; ; ; ; ;12;155,152437663519
3359946;1;1;2;2;41; ;2; ; ;1;2; ; ;1; ;12;195,775165163737
3359947;1;1;1; ; ; ; ; ; ; ; ; ; ; ; ;12;382,811632446739
3359947;1;2;1; ; ; ; ; ; ; ; ; ; ; ; ;12;382,811632446739
3359947;1;3;1; ; ; ; ; ; ; ; ; ; ; ; ;12;382,811632446739
3359947;1;4;1; ; ; ; ; ; ; ; ; ; ; ; ;12;382,811632446739
3359947;1;5;2;2;41; ;3;41; ;2;2; ; ;1; ;12;382,811632446739
3359949;1;1;1; ; ; ; ; ; ; ; ; ; ; ; ;12;145,766630493143
3359950;1;1;2;2;73; ;2; ; ;1;2; ; ;1; ;12;248,671513478266
3359950;1;2;1; ; ; ; ; ; ; ; ; ; ; ; ;12;248,671513478266
3359950;1;3;1; ; ; ; ; ; ; ; ; ; ; ; ;12;248,671513478266
3359950;1;4;2;2;41; ;2; ; ;1;2; ; ;1; ;12;248,671513478266
3359950;1;5;2;2;73; ;3;73; ;1;2; ; ;1; ;12;248,671513478266
3359951;1;1;2;2;76; ;2; ; ;1;2; ; ;1; ;12;83,3448088700092
3359951;1;2;2;2;41; ;2; ; ;1;2; ; ;1; ;12;83,3448088700092
3359951;1;3;2;2;41; ;2; ; ;1;2; ; ;1; ;12;83,3448088700092
3359951;1;4;1; ; ; ; ; ; ; ; ; ; ; ; ;12;83,3448088700092
3359951;1;5;1; ; ; ; ; ; ; ; ; ; ; ; ;12;83,3448088700092
3359952;1;1;2;2;41; ;2; ; ;1;2; ; ;1; ;12;169,725227546041
3359952;1;2;2;2;19; ;2; ; ;1;2; ; ;1; ;12;169,725227546041
3359952;1;3;2;1; ; ;3;11; ;1;4; ;1; ;2;12;169,725227546041
3359952;1;4;2;2;41; ;2; ; ;1;2; ; ;1; ;12;169,725227546041
3359953;1;1;1; ; ; ; ; ; ; ; ; ; ; ; ;12;145,766630493143
3359954;1;1;2;2;41; ;2; ; ;1;2; ; ;1; ;12;145,766630493143
3359955;1;1;2;2;41; ;2; ; ;1;2; ; ;1; ;12;358,621925041603
3359955;1;2;1; ; ; ; ; ; ; ; ; ; ; ; ;12;358,621925041603
3359955;1;3;1; ; ; ; ; ; ; ; ; ; ; ; ;12;358,621925041603
3359955;1;4;1; ; ; ; ; ; ; ; ; ; ; ; ;12;358,621925041603
3359956;1;1;2;2;41; ;2; ; ;1;2; ; ;1; ;12;370,239421357294
3359956;1;2;2;1; ; ;2; ; ;1;2; ; ;1; ;12;370,239421357294
3359956;1;3;2;1; ; ;2; ; ;1;2; ; ;1; ;12;370,239421357294
3359956;1;4;2;2;41; ;2; ; ;1;2; ; ;1; ;12;370,239421357294
3359956;1;5;2;2;41; ;2; ; ;1;2; ; ;1; ;12;370,239421357294
3359957;1;1;2;2;41; ;2; ; ;1;2; ; ;1; ;12;359,77058354296
3359957;1;2;2;2;73; ;2; ; ;1;2; ; ;1; ;12;359,77058354296
3359957;1;3;2;2;41; ;2; ; ;1;2; ; ;1; ;12;359,77058354296
3359957;1;4;2;2;11; ;2; ; ;1;1; ; ; ; ;12;359,77058354296
3359957;1;5;2;2;11; ;2; ; ;1;2; ; ;1; ;12;359,77058354296
3359958;1;1;2;2;41; ;2; ; ;1;2; ; ;1; ;12;114,529710163301
3359958;1;2;2;2;19; ;2; ; ;1;2; ; ;1; ;12;114,529710163301
3359958;2;1;1; ; ; ; ; ; ; ; ; ; ; ; ;12;114,529710163301
3359959;1;1;2;2;73; ;2; ; ;1;2; ; ;1; ;12;105,143902992926
3359959;1;2;2;2;73; ;2; ; ;1;2; ; ;1; ;12;105,143902992926
3359960;1;1;1; ; ; ; ; ; ; ; ; ; ; ; ;12;126,113675428334
3359960;1;2;1; ; ; ; ; ; ; ; ; ; ; ; ;12;126,113675428334
3359961;1;1;1; ; ; ; ; ; ; ; ; ; ; ; ;12;165,916494357609
3359961;1;2;2;2;41; ;2; ; ;1;2; ; ;1; ;12;165,916494357609
3359961;1;3;1; ; ; ; ; ; ; ; ; ; ; ; ;12;165,916494357609
3359961;1;4;1; ; ; ; ; ; ; ; ; ; ; ; ;12;165,916494357609
3359961;1;5;1; ; ; ; ; ; ; ; ; ; ; ; ;12;165,916494357609
3359962;1;1;1; ; ; ; ; ; ; ; ; ; ; ; ;12;229,558796401649
3359962;1;2;1; ; ; ; ; ; ; ; ; ; ; ; ;12;229,558796401649
3359962;1;3;1; ; ; ; ; ; ; ; ; ; ; ; ;12;229,558796401649
3359962;1;4;1; ; ; ; ; ; ; ; ; ; ; ; ;12;229,558796401649
3359962;1;5;1; ; ; ; ; ; ; ; ; ; ; ; ;12;229,558796401649
3359963;1;1;2;2;11; ;2; ; ;1;2; ; ;1; ;12;114,939664448773
3359964;1;1;1; ; ; ; ; ; ; ; ; ; ; ; ;12;77,7811959744953
3359964;1;2;2;2;41; ;2; ; ;1;2; ; ;1; ;12;77,7811959744953
3359967;1;1;2;1; ; ;2; ; ;1;2; ; ;1; ;12;105,143902992926
3359967;1;2;2;2;15; ;2; ; ;1;2; ; ;1; ;12;105,143902992926
3359968;1;1;2;2;86; ;2; ; ;1;2; ; ;1; ;12;468,435948031839
3359968;1;2;2;2;41; ;2; ; ;1;2; ; ;1; ;12;468,435948031839
3359969;1;1;2;2;41; ;2; ; ;1;2; ; ;1; ;12;105,246467965895
3359969;1;2;1; ; ; ; ; ; ; ; ; ; ; ; ;12;105,246467965895
3359969;1;3;1; ; ; ; ; ; ; ; ; ; ; ; ;12;105,246467965895
3359969;1;4;2;2;73; ;3;41; ;1;2; ; ;1; ;12;105,246467965895
3359969;1;5;1; ; ; ; ; ; ; ; ; ; ; ; ;12;105,246467965895
3359969;1;6;1; ; ; ; ; ; ; ; ; ; ; ; ;12;105,246467965895
3359970;1;1;1; ; ; ; ; ; ; ; ; ; ; ; ;12;133,353343540603
3359970;1;2;1; ; ; ; ; ; ; ; ; ; ; ; ;12;133,353343540603
3359970;1;3;1; ; ; ; ; ; ; ; ; ; ; ; ;12;133,353343540603
3359970;1;4;1; ; ; ; ; ; ; ; ; ; ; ; ;12;133,353343540603
3359970;1;5;2;2;73; ;2; ; ;1;2; ; ;1; ;12;133,353343540603
3359971;1;1;2;2;41; ;2; ; ;1;2; ; ;1; ;12;276,20071159323
3359971;1;2;2;2;11; ;3;25; ;1;2; ; ;1; ;12;276,20071159323
3359971;2;1;1; ; ; ; ; ; ; ; ; ; ; ; ;12;276,20071159323
3359972;1;1;1; ; ; ; ; ; ; ; ; ; ; ; ;12;132,303996094379
3359972;1;2;2;2;41; ;2; ; ;1;2; ; ;1; ;12;132,303996094379
3359972;1;3;1; ; ; ; ; ; ; ; ; ; ; ; ;12;132,303996094379
3359972;1;4;1; ; ; ; ; ; ; ; ; ; ; ; ;12;132,303996094379
3359972;1;5;1; ; ; ; ; ; ; ; ; ; ; ; ;12;132,303996094379
3359972;1;6;2;2;73; ;2; ; ;1;2; ; ;1; ;12;132,303996094379
3359972;1;7;1; ; ; ; ; ; ; ; ; ; ; ; ;12;132,303996094379
3359973;1;1;2;2;73; ;3;41; ;1;2; ; ;1; ;12;105,143902992926
3359973;1;2;1; ; ; ; ; ; ; ; ; ; ; ; ;12;105,143902992926
3359974;1;1;1; ; ; ; ; ; ; ; ; ; ; ; ;12;174,487036299847
3359975;1;1;2;2;18; ;2; ; ;1;2; ; ;1; ;12;134,716984202506
3359975;1;2;2;2;18; ;2; ; ;1;2; ; ;1; ;12;134,716984202506
3359975;1;3;2;2;18; ;2; ; ;1;2; ; ;1; ;12;134,716984202506
3359975;1;4;2;1; ; ;2; ; ;1;2; ; ;1; ;12;134,716984202506
3359975;1;5;1; ; ; ; ; ; ; ; ; ; ; ; ;12;134,716984202506
3359975;1;6;1; ; ; ; ; ; ; ; ; ; ; ; ;12;134,716984202506
3359975;1;7;2;2;18; ;2; ; ;1;2; ; ;1; ;12;134,716984202506
3359975;1;8;1; ; ; ; ; ; ; ; ; ; ; ; ;12;134,716984202506
3359976;1;1;2;2;41; ;2; ; ;1;2; ; ;1; ;12;200,809117865779
3359976;1;2;1; ; ; ; ; ; ; ; ; ; ; ; ;12;200,809117865779
3359976;1;3;1; ; ; ; ; ; ; ; ; ; ; ; ;12;200,809117865779
3359977;1;1;2;2;41; ;2; ; ;1;2; ; ;1; ;12;146,705653002219
3359977;1;2;1; ; ; ; ; ; ; ; ; ; ; ; ;12;146,705653002219
3359977;1;3;1; ; ; ; ; ; ; ; ; ; ; ; ;12;146,705653002219
3359978;1;1;2;2;41; ;2; ; ;1;2; ; ;1; ;12;193,411680650703
3359978;1;2;1; ; ; ; ; ; ; ; ; ; ; ; ;12;193,411680650703
3359979;1;1;2;2;41; ;2; ; ;1;2; ; ;1; ;12;119,462651891789
3359979;1;2;1; ; ; ; ; ; ; ; ; ; ; ; ;12;119,462651891789
3359979;1;3;1; ; ; ; ; ; ; ; ; ; ; ; ;12;119,462651891789
3359979;1;4;1; ; ; ; ; ; ; ; ; ; ; ; ;12;119,462651891789
3359979;1;5;1; ; ; ; ; ; ; ; ; ; ; ; ;12;119,462651891789
3359979;1;6;2;2;41; ;2; ; ;1;2; ; ;1; ;12;119,462651891789
3359980;1;1;2;2;41; ;2; ; ;1;2; ; ;1; ;12;273,837227080196
3359980;1;2;2;1; ; ;3;52; ;1;2; ; ;1; ;12;273,837227080196
3359980;1;3;1; ; ; ; ; ; ; ; ; ; ; ; ;12;273,837227080196
3359980;1;4;1; ; ; ; ; ; ; ; ; ; ; ; ;12;273,837227080196
3359981;1;1;1; ; ; ; ; ; ; ; ; ; ; ; ;12;186,918426216965
3359981;1;2;1; ; ; ; ; ; ; ; ; ; ; ; ;12;186,918426216965
3359981;1;3;1; ; ; ; ; ; ; ; ; ; ; ; ;12;186,918426216965
3359981;1;4;1; ; ; ; ; ; ; ; ; ; ; ; ;12;186,918426216965
3359982;1;1;2;2;41; ;2; ; ;1;3;41; ;1; ;12;148,911368412446
3359982;1;2;2;2;41; ;3;41; ;1;2; ; ;1; ;12;148,911368412446
3359982;1;3;1; ; ; ; ; ; ; ; ; ; ; ; ;12;148,911368412446
3359982;1;4;2;2;41; ;2; ; ;1;2; ; ;1; ;12;148,911368412446
3359983;1;1;1; ; ; ; ; ; ; ; ; ; ; ; ;12;114,939664448773
3359984;1;1;2;2;41; ;2; ; ;1;2; ; ;1; ;12;135,970869037296
3359984;1;2;2;2;41; ;2; ; ;1;2; ; ;1; ;12;135,970869037296
3359985;1;1;1; ; ; ; ; ; ; ; ; ; ; ; ;12;119,973617150815
3359985;1;2;1; ; ; ; ; ; ; ; ; ; ; ; ;12;119,973617150815
3359985;1;3;1; ; ; ; ; ; ; ; ; ; ; ; ;12;119,973617150815
3359986;1;1;2;2;41; ;3;11; ;1;3;41; ;1; ;12;100,947961826404
3359986;1;2;2;2;41; ;3;11; ;1;2; ; ;1; ;12;100,947961826404
3359986;1;3;2;2;41; ;1; ; ; ;3;41; ;1; ;12;100,947961826404
3359987;1;1;2;1; ; ;3;41; ;1;2; ; ;1; ;12;195,775165163737
3359988;1;1;2;2;18; ;3;86; ;1;2; ; ;1; ;12;155,697116345908
3359988;1;2;2;2;18; ;3;86; ;1;2; ; ;1; ;12;155,697116345908
3359988;1;3;1; ; ; ; ; ; ; ; ; ; ; ; ;12;155,697116345908
3359989;1;1;1; ; ; ; ; ; ; ; ; ; ; ; ;12;195,909889560655
3359989;1;2;1; ; ; ; ; ; ; ; ; ; ; ; ;12;195,909889560655
3359989;1;3;1; ; ; ; ; ; ; ; ; ; ; ; ;12;195,909889560655
3359989;1;4;1; ; ; ; ; ; ; ; ; ; ; ; ;12;195,909889560655
3359990;1;1;1; ; ; ; ; ; ; ; ; ; ; ; ;12;149,321322697917
3359990;1;2;1; ; ; ; ; ; ; ; ; ; ; ; ;12;149,321322697917
3359991;1;1;1; ; ; ; ; ; ; ; ; ; ; ; ;12;114,939664448773
3359992;1;1;1; ; ; ; ; ; ; ; ; ; ; ; ;12;160,596344651033
3359992;2;1;2;1; ; ;2; ; ;1;2; ; ;1; ;12;160,596344651033
3359994;1;1;2;2;41; ;2; ; ;1;2; ; ;1; ;12;118,306283927786
3359994;1;2;2;2;41; ;2; ; ;1;2; ; ;1; ;12;118,306283927786
3359994;1;3;1; ; ; ; ; ; ; ; ; ; ; ; ;12;118,306283927786
3359995;1;1;1; ; ; ; ; ; ; ; ; ; ; ; ;12;100,947961826404
3359995;1;2;1; ; ; ; ; ; ; ; ; ; ; ; ;12;100,947961826404
3359995;1;3;1; ; ; ; ; ; ; ; ; ; ; ; ;12;100,947961826404
3359996;1;1;2;2;41; ;2; ; ;1;2; ; ;1; ;12;195,909889560655
3359996;1;2;1; ; ; ; ; ; ; ; ; ; ; ; ;12;195,909889560655
3359996;1;3;1; ; ; ; ; ; ; ; ; ; ; ; ;12;195,909889560655
3359996;1;4;1; ; ; ; ; ; ; ; ; ; ; ; ;12;195,909889560655
3359997;1;1;2;2;15; ;2; ; ;1;2; ; ;1; ;12;189,991712842846
3359997;1;2;2;2;41; ;2; ; ;1;2; ; ;1; ;12;189,991712842846
3359997;1;3;1; ; ; ; ; ; ; ; ; ; ; ; ;12;189,991712842846
3359997;1;4;1; ; ; ; ; ; ; ; ; ; ; ; ;12;189,991712842846
3359998;1;1;2;2;86; ;3;05; ;2;2; ; ;1; ;12;141,160735041151
3359998;1;2;2;2;18; ;3;18; ;1;2; ; ;1; ;12;141,160735041151
3359998;1;3;1; ; ; ; ; ; ; ; ; ; ; ; ;12;141,160735041151
3359998;2;1;1; ; ; ; ; ; ; ; ; ; ; ; ;12;141,160735041151
3359999;1;1;1; ; ; ; ; ; ; ; ; ; ; ; ;12;119,87260617726
3359999;1;2;1; ; ; ; ; ; ; ; ; ; ; ; ;12;119,87260617726
3359999;1;3;1; ; ; ; ; ; ; ; ; ; ; ; ;12;119,87260617726
3359999;1;4;1; ; ; ; ; ; ; ; ; ; ; ; ;12;119,87260617726
3360000;1;1;2;2;68; ;2; ; ;1;2; ; ;1; ;12;160,085379392007
3360000;1;2;1; ; ; ; ; ; ; ; ; ; ; ; ;12;160,085379392007
3360000;1;3;2;2;54; ;2; ; ;1;2; ; ;1; ;12;160,085379392007
3360000;1;4;1; ; ; ; ; ; ; ; ; ; ; ; ;12;160,085379392007
3360000;1;5;1; ; ; ; ; ; ; ; ; ; ; ; ;12;160,085379392007
3360001;1;1;2;2;41; ;2; ; ;1;2; ; ;1; ;12;108,086618965119
3360001;1;2;2;2;41; ;2; ; ;1;2; ; ;1; ;12;108,086618965119
3360001;1;3;1; ; ; ; ; ; ; ; ; ; ; ; ;12;108,086618965119
3360001;1;4;1; ; ; ; ; ; ; ; ; ; ; ; ;12;108,086618965119
3360001;1;5;1; ; ; ; ; ; ; ; ; ; ; ; ;12;108,086618965119
3360001;1;6;1; ; ; ; ; ; ; ; ; ; ; ; ;12;108,086618965119
3360001;1;7;1; ; ; ; ; ; ; ; ; ; ; ; ;12;108,086618965119
3360002;1;1;2;2;73; ;2; ; ;1;2; ; ;1; ;12;114,939664448773
3360003;1;1;2;2;41; ;2; ; ;1;2; ; ;1; ;12;121,672903406799
3360003;1;2;1; ; ; ; ; ; ; ; ; ; ; ; ;12;121,672903406799
3360003;1;3;1; ; ; ; ; ; ; ; ; ; ; ; ;12;121,672903406799
3360003;1;4;1; ; ; ; ; ; ; ; ; ; ; ; ;12;121,672903406799
3360003;1;5;1; ; ; ; ; ; ; ; ; ; ; ; ;12;121,672903406799
3360004;1;1;1; ; ; ; ; ; ; ; ; ; ; ; ;12;145,766630493143
3360005;1;1;2;2;86; ;2; ; ;1;2; ; ;1; ;12;114,939664448773
3360006;1;1;1; ; ; ; ; ; ; ; ; ; ; ; ;12;180,452875662366
3360006;1;2;2;1; ; ;2; ; ;1;2; ; ;1; ;12;180,452875662366
3360006;1;3;1; ; ; ; ; ; ; ; ; ; ; ; ;12;180,452875662366
3360006;1;4;1; ; ; ; ; ; ; ; ; ; ; ; ;12;180,452875662366
3360007;1;1;2;2;76; ;2; ; ;1;2; ; ;1; ;12;145,356676207672
3360007;1;2;1; ; ; ; ; ; ; ; ; ; ; ; ;12;145,356676207672
3360007;1;3;1; ; ; ; ; ; ; ; ; ; ; ; ;12;145,356676207672
3360008;1;1;2;2;41; ;2; ; ;1;2; ; ;1; ;12;145,766630493143
3360009;1;1;2;2;76; ;3;11; ;1;2; ; ;1; ;12;195,775165163737
3360010;1;1;1; ; ; ; ; ; ; ; ; ; ; ; ;12;216,313794408779
3360010;1;2;1; ; ; ; ; ; ; ; ; ; ; ; ;12;216,313794408779
3360010;1;3;1; ; ; ; ; ; ; ; ; ; ; ; ;12;216,313794408779
3360010;1;4;2;1; ; ;3;11; ;1;3;11; ;1; ;12;216,313794408779
3360010;1;5;2;2;25; ;3;11; ;1;3;11; ;1; ;12;216,313794408779
3360010;1;6;2;1; ; ;3;11; ;1;3;11; ;1; ;12;216,313794408779
3360011;1;1;2;2;73; ;2; ; ;1;2; ; ;1; ;12;221,075603162584
3360011;1;2;2;2;11; ;3;68; ;1;2; ; ;1; ;12;221,075603162584
3360011;1;3;1; ; ; ; ; ; ; ; ; ; ; ; ;12;221,075603162584
3360014;1;1;2;2;41; ;3;52; ;1;2; ; ;1; ;12;149,321322697917
3360014;1;2;2;2;41; ;3;52; ;1;2; ; ;1; ;12;149,321322697917
3360015;1;1;1; ; ; ; ; ; ; ; ; ; ; ; ;12;110,264917447174
3360015;1;2;1; ; ; ; ; ; ; ; ; ; ; ; ;12;110,264917447174
3360015;1;3;1; ; ; ; ; ; ; ; ; ; ; ; ;12;110,264917447174
3360015;1;4;1; ; ; ; ; ; ; ; ; ; ; ; ;12;110,264917447174
3360016;1;1;1; ; ; ; ; ; ; ; ; ; ; ; ;12;175,64340426385
3360016;1;2;2;2;18; ;2; ; ;1;2; ; ;1; ;12;175,64340426385
3360016;1;3;2;1; ; ;2; ; ;1;3;05; ;1; ;12;175,64340426385
3360016;1;4;1; ; ; ; ; ; ; ; ; ; ; ; ;12;175,64340426385
3360017;1;1;2;2;73; ;2; ; ;1;2; ; ;1; ;12;77,7811959744953
3360017;1;2;2;2;41; ;2; ; ;1;2; ; ;1; ;12;77,7811959744953
3360017;1;3;1; ; ; ; ; ; ; ; ; ; ; ; ;12;77,7811959744953
3360017;1;4;1; ; ; ; ; ; ; ; ; ; ; ; ;12;77,7811959744953
3360018;1;1;1; ; ; ; ; ; ; ; ; ; ; ; ;12;143,370986556161
3360018;1;2;1; ; ; ; ; ; ; ; ; ; ; ; ;12;143,370986556161
3360018;1;3;1; ; ; ; ; ; ; ; ; ; ; ; ;12;143,370986556161
3360019;1;1;1; ; ; ; ; ; ; ; ; ; ; ; ;12;199,14178464275
3360019;1;2;2;2;41; ;2; ; ;1;2; ; ;1; ;12;199,14178464275
3360019;1;3;1; ; ; ; ; ; ; ; ; ; ; ; ;12;199,14178464275
3360020;1;1;2;1; ; ;2; ; ;1;2; ; ;1; ;12;133,763297826074
3360020;1;2;1; ; ; ; ; ; ; ; ; ; ; ; ;12;133,763297826074
3360020;1;3;1; ; ; ; ; ; ; ; ; ; ; ; ;12;133,763297826074
3360021;1;1;1; ; ; ; ; ; ; ; ; ; ; ; ;12;146,513044171675
3360021;1;2;2;1; ; ;2; ; ;1;2; ; ;1; ;12;146,513044171675
3360021;1;3;1; ; ; ; ; ; ; ; ; ; ; ; ;12;146,513044171675
3360021;1;4;1; ; ; ; ; ; ; ; ; ; ; ; ;12;146,513044171675
3360021;1;5;1; ; ; ; ; ; ; ; ; ; ; ; ;12;146,513044171675
3360021;1;6;1; ; ; ; ; ; ; ; ; ; ; ; ;12;146,513044171675
3360022;1;1;2;2;41; ;2; ; ;1;2; ; ;1; ;12;114,939664448773
3360023;1;1;2;2;41; ;2; ; ;1;2; ; ;1; ;12;174,077082014375
3360023;1;2;2;2;41; ;2; ; ;1;2; ; ;1; ;12;174,077082014375
3360023;1;3;1; ; ; ; ; ; ; ; ; ; ; ; ;12;174,077082014375
3360024;1;1;2;2;11; ;3;11; ;1;2; ; ;1; ;12;174,077082014375
3360024;1;2;1; ; ; ; ; ; ; ; ; ; ; ; ;12;174,077082014375
3360024;1;3;2;2;41; ;2; ; ;1;2; ; ;1; ;12;174,077082014375
3360025;1;1;2;2;05; ;2; ; ;1;2; ; ;1; ;12;150,800583195185
3360025;1;2;2;1; ; ;2; ; ;1;2; ; ;1; ;12;150,800583195185
3360025;1;3;1; ; ; ; ; ; ; ; ; ; ; ; ;12;150,800583195185
3360026;1;1;2;1; ; ;2; ; ;1;2; ; ;1; ;12;205,517578290741
3360026;1;2;2;2;11; ;2; ; ;1;2; ; ;1; ;12;205,517578290741
3360026;1;3;2;2;68; ;2; ; ;1;2; ; ;1; ;12;205,517578290741
3360026;1;4;2;2;68; ;2; ; ;1;2; ; ;1; ;12;205,517578290741
3360027;1;1;2;2;41; ;2; ; ;1;2; ; ;1; ;12;164,253454967709
3360027;1;2;1; ; ; ; ; ; ; ; ; ; ; ; ;12;164,253454967709
3360028;1;1;2;1; ; ;2; ; ;1;2; ; ;1; ;12;159,542151757109
3360028;1;2;2;2;73; ;2; ; ;1;2; ; ;1; ;12;159,542151757109
3360028;1;3;1; ; ; ; ; ; ; ; ; ; ; ; ;12;159,542151757109
3360029;1;1;2;2;50; ;2; ; ;1;2; ; ;1; ;12;214,699809514593
3360029;1;2;2;2;11; ;3;11; ;1;2; ; ;1; ;12;214,699809514593
3360030;1;1;2;2;41; ;2; ; ;1;2; ; ;1; ;12;160,343293542458
3360031;1;1;2;2;05; ;2; ; ;1;2; ; ;1; ;12;98,6402338606181
3360031;1;2;2;2;05; ;2; ; ;1;2; ; ;1; ;12;98,6402338606181
3360031;1;3;1; ; ; ; ; ; ; ; ; ; ; ; ;12;98,6402338606181
3360032;1;1;1; ; ; ; ; ; ; ; ; ; ; ; ;12;221,075603162584
3360032;1;2;1; ; ; ; ; ; ; ; ; ; ; ; ;12;221,075603162584
3360032;1;3;1; ; ; ; ; ; ; ; ; ; ; ; ;12;221,075603162584
3360033;1;1;2;1; ; ;3;11; ;1;2; ; ;1; ;12;195,909889560655
3360033;1;2;1; ; ; ; ; ; ; ; ; ; ; ; ;12;195,909889560655
3360033;1;3;1; ; ; ; ; ; ; ; ; ; ; ; ;12;195,909889560655
3360033;1;4;1; ; ; ; ; ; ; ; ; ; ; ; ;12;195,909889560655
3360036;1;1;2;2;73; ;2; ; ;1;2; ; ;1; ;12;200,809117865779
3360036;1;2;2;2;41; ;2; ; ;1;2; ; ;1; ;12;200,809117865779
3360036;1;3;1; ; ; ; ; ; ; ; ; ; ; ; ;12;200,809117865779
3360037;1;1;2;2;41; ;2; ; ;1;2; ; ;1; ;12;168,245967048773
3360037;1;2;2;2;73; ;2; ; ;1;2; ; ;1; ;12;168,245967048773
3360037;1;3;1; ; ; ; ; ; ; ; ; ; ; ; ;12;168,245967048773
3360038;1;1;1; ; ; ; ; ; ; ; ; ; ; ; ;12;132,489469076325
3360038;1;2;1; ; ; ; ; ; ; ; ; ; ; ; ;12;132,489469076325
3360038;1;3;1; ; ; ; ; ; ; ; ; ; ; ; ;12;132,489469076325
3360039;1;1;2;2;18; ;3;18; ;1;3;18; ;2;1;12;167,803013985947
3360039;1;2;2;1; ; ;3;18; ;2;3;18; ;2;4;12;167,803013985947
3360039;1;3;2;2;18; ;3;18; ;2;3;18; ;2;4;12;167,803013985947
3360039;1;4;2;2;18; ;3;18; ;2;3;18; ;2;3;12;167,803013985947
3360039;1;5;1; ; ; ; ; ; ; ; ; ; ; ; ;12;167,803013985947
3360040;1;1;2;1; ; ;2; ; ;1;2; ; ;1; ;12;87,0892232105454
3360040;1;2;1; ; ; ; ; ; ; ; ; ; ; ; ;12;87,0892232105454
3360040;1;3;2;2;41; ;2; ; ;1;2; ; ;1; ;12;87,0892232105454
3360040;1;4;2;2;41; ;2; ; ;1;2; ; ;1; ;12;87,0892232105454
3360040;1;5;2;2;41; ;2; ; ;1;2; ; ;1; ;12;87,0892232105454
3360040;1;6;1; ; ; ; ; ; ; ; ; ; ; ; ;12;87,0892232105454
3360041;1;1;2;2;41; ;2; ; ;1;2; ; ;1; ;12;105,143902992926
3360041;1;2;2;2;18; ;2; ; ;1;2; ; ;1; ;12;105,143902992926
3360042;1;1;2;2;41; ;3;41; ;1;3;11; ;1; ;12;205,517578290741
3360042;1;2;2;2;76; ;3;41; ;1;3;11; ;1; ;12;205,517578290741
3360042;1;3;2;2;41; ;3;41; ;1;2; ; ;1; ;12;205,517578290741
3360042;1;4;2;2;11; ;3;41; ;1;3;11; ;1; ;12;205,517578290741
3360043;1;1;2;2;41; ;2; ; ;1;2; ; ;1; ;12;114,428699189747
3360043;1;2;1; ; ; ; ; ; ; ; ; ; ; ; ;12;114,428699189747
3360043;1;3;2;2;41; ;2; ; ;1;2; ; ;1; ;12;114,428699189747
3360043;1;4;1; ; ; ; ; ; ; ; ; ; ; ; ;12;114,428699189747
3360044;1;1;2;2;68; ;3;68; ;2;3;68; ;1; ;12;113,890317002549
3360044;1;2;2;2;11; ;3;11; ;1;3;11; ;1; ;12;113,890317002549
3360044;1;3;2;2;11; ;3;11; ;1;3;11; ;1; ;12;113,890317002549
3360045;1;1;2;2;76; ;2; ; ;1;2; ; ;1; ;12;161,52823131151
3360045;1;2;2;2;76; ;2; ; ;1;2; ; ;1; ;12;161,52823131151
3360045;1;3;2;2;76; ;3;76; ;1;2; ; ;1; ;12;161,52823131151
3360046;1;1;2;2;66; ;2; ; ;1;2; ; ;1; ;12;145,766630493143
3360047;1;1;1; ; ; ; ; ; ; ; ; ; ; ; ;12;199,14178464275
3360047;1;2;1; ; ; ; ; ; ; ; ; ; ; ; ;12;199,14178464275
3360047;1;3;1; ; ; ; ; ; ; ; ; ; ; ; ;12;199,14178464275
3360048;1;1;2;2;41; ;2; ; ;1;2; ; ;1; ;12;118,306283927786
3360048;1;2;2;2;41; ;2; ; ;1;2; ; ;1; ;12;118,306283927786
3360048;2;1;2;2;41; ;3;41; ;1;2; ; ;1; ;12;118,306283927786
3360049;1;1;1; ; ; ; ; ; ; ; ; ; ; ; ;12;243,183163478843
3360049;1;2;2;2;05; ;2; ; ;1;2; ; ;1; ;12;243,183163478843
3360049;1;3;1; ; ; ; ; ; ; ; ; ; ; ; ;12;243,183163478843
3360050;1;1;2;2;66; ;3;19; ;1;2; ; ;1; ;12;167,394674609695
3360050;1;2;2;2;18; ;3;19; ;1;2; ; ;1; ;12;167,394674609695
3360050;1;3;2;2;18; ;3;19; ;1;2; ; ;1; ;12;167,394674609695
3360050;1;4;2;2;18; ;3;19; ;1;2; ; ;1; ;12;167,394674609695
3360050;1;5;2;2;19; ;3;19; ;1;2; ; ;1; ;12;167,394674609695
3360050;1;6;2;2;18; ;3;19; ;1;2; ; ;1; ;12;167,394674609695
3360050;1;7;2;2;47; ;3;19; ;1;2; ; ;1; ;12;167,394674609695
3360051;1;1;2;2;41; ;2; ; ;1;2; ; ;1; ;12;77,7811959744953
3360051;1;2;1; ; ; ; ; ; ; ; ; ; ; ; ;12;77,7811959744953
3360051;1;3;2;2;41; ;3;41; ;1;3;41; ;1; ;12;77,7811959744953
3360052;1;1;2;2;25; ;2; ; ;1;2; ; ;1; ;12;109,319803534623
3360052;1;2;2;2;63; ;2; ; ;1;2; ; ;1; ;12;109,319803534623
3360053;1;1;1; ; ; ; ; ; ; ; ; ; ; ; ;12;187,238623595829
3360053;1;2;1; ; ; ; ; ; ; ; ; ; ; ; ;12;187,238623595829
3360053;1;3;1; ; ; ; ; ; ; ; ; ; ; ; ;12;187,238623595829
3360054;1;1;1; ; ; ; ; ; ; ; ; ; ; ; ;12;121,21444712321
3360054;1;2;1; ; ; ; ; ; ; ; ; ; ; ; ;12;121,21444712321
3360054;1;3;1; ; ; ; ; ; ; ; ; ; ; ; ;12;121,21444712321
3360055;1;1;2;2;73; ;2; ; ;1;2; ; ;1; ;12;199,14178464275
3360055;1;2;2;2;73; ;2; ; ;1;2; ; ;1; ;12;199,14178464275
3360055;1;3;1; ; ; ; ; ; ; ; ; ; ; ; ;12;199,14178464275
3360056;1;1;2;1; ; ;3;41; ;1;2; ; ;1; ;12;124,446342205305
3360056;1;2;2;2;41; ;3;41; ;1;3;41; ;1; ;12;124,446342205305
3360057;1;1;2;2;76; ;2; ; ;1;2; ; ;1; ;12;114,939664448773
3360058;1;1;2;2;41; ;2; ; ;1;2; ; ;1; ;12;155,051426689965
3360058;1;2;2;2;11; ;2; ; ;1;2; ; ;1; ;12;155,051426689965
3360058;1;3;1; ; ; ; ; ; ; ; ; ; ; ; ;12;155,051426689965
3360059;1;1;2;2;73; ;2; ; ;1;2; ; ;1; ;12;145,766630493143
3360060;1;1;2;2;41; ;2; ; ;1;2; ; ;1; ;12;185,569449422418
3360060;1;2;2;2;41; ;2; ; ;1;2; ; ;1; ;12;185,569449422418
3360060;1;3;2;1; ; ;2; ; ;1;2; ; ;1; ;12;185,569449422418
3360060;1;4;2;1; ; ;2; ; ;1;2; ; ;1; ;12;185,569449422418
3360061;1;1;1; ; ; ; ; ; ; ; ; ; ; ; ;12;149,321322697917
3360061;1;2;1; ; ; ; ; ; ; ; ; ; ; ; ;12;149,321322697917
3360062;1;1;1; ; ; ; ; ; ; ; ; ; ; ; ;12;174,077082014375
3360062;1;2;1; ; ; ; ; ; ; ; ; ; ; ; ;12;174,077082014375
3360062;1;3;2;2;41; ;2; ; ;1;2; ; ;1; ;12;174,077082014375
3360063;1;1;2;2;41; ;2; ; ;1;2; ; ;1; ;12;105,143902992926
3360063;1;2;2;2;41; ;2; ; ;1;2; ; ;1; ;12;105,143902992926
3360064;1;1;2;2;41; ;2; ; ;1;2; ; ;1; ;12;174,487036299847
3360065;1;1;2;2;18; ;2; ; ;1;2; ; ;1; ;12;87,1582811511447
3360065;1;2;2;1; ; ;2; ; ;1;2; ; ;1; ;12;87,1582811511447
3360065;1;3;2;2;18; ;2; ; ;1;2; ; ;1; ;12;87,1582811511447
3360066;1;1;2;2;20; ;2; ; ;1;2; ; ;1; ;12;174,370962856785
3360066;1;2;1; ; ; ; ; ; ; ; ; ; ; ; ;12;174,370962856785
3360066;1;3;2;2;20; ;3;20; ;1;3;68; ;1; ;12;174,370962856785
3360066;1;4;2;1; ; ;2; ; ;1;2; ; ;1; ;12;174,370962856785
3360067;1;1;2;2;66; ;4; ;2; ;2; ; ;1; ;12;155,838870330194
3360068;1;1;2;2;41; ;2; ; ;1;2; ; ;1; ;12;121,195641264464
3360068;1;2;2;2;41; ;2; ; ;1;2; ; ;1; ;12;121,195641264464
3360068;1;3;2;2;41; ;2; ; ;1;2; ; ;1; ;12;121,195641264464
3360068;1;4;2;2;41; ;2; ; ;1;2; ; ;1; ;12;121,195641264464
3360069;1;1;2;1; ; ;2; ; ;1;2; ; ;1; ;12;182,444655418075
3360069;1;2;2;2;73; ;2; ; ;1;2; ; ;1; ;12;182,444655418075
3360069;1;3;2;2;18; ;2; ; ;1;2; ; ;1; ;12;182,444655418075
3360069;1;4;2;2;18; ;2; ; ;1;2; ; ;1; ;12;182,444655418075
3360069;1;5;2;2;18; ;2; ; ;1;2; ; ;1; ;12;182,444655418075
3360069;1;6;2;2;18; ;2; ; ;1;2; ; ;1; ;12;182,444655418075
3360069;1;7;1; ; ; ; ; ; ; ; ; ; ; ; ;12;182,444655418075
3360070;1;1;1; ; ; ; ; ; ; ; ; ; ; ; ;12;139,250331353516
3360070;1;2;1; ; ; ; ; ; ; ; ; ; ; ; ;12;139,250331353516
3360070;1;3;1; ; ; ; ; ; ; ; ; ; ; ; ;12;139,250331353516
3360070;1;4;1; ; ; ; ; ; ; ; ; ; ; ; ;12;139,250331353516
3360070;1;5;2;1; ; ;3;41; ;1;2; ; ;1; ;12;139,250331353516
3360070;1;6;2;2;41; ;3;41; ;1;2; ; ;1; ;12;139,250331353516
3360070;1;7;1; ; ; ; ; ; ; ; ; ; ; ; ;12;139,250331353516
3360070;1;8;1; ; ; ; ; ; ; ; ; ; ; ; ;12;139,250331353516
3360071;1;1;1; ; ; ; ; ; ; ; ; ; ; ; ;12;200,809117865779
3360071;1;2;2;2;41; ;2; ; ;1;2; ; ;1; ;12;200,809117865779
3360071;1;3;1; ; ; ; ; ; ; ; ; ; ; ; ;12;200,809117865779
3360072;1;1;2;2;41; ;2; ; ;1;2; ; ;1; ;12;208,341279477773
3360072;1;2;2;2;41; ;2; ; ;1;2; ; ;1; ;12;208,341279477773
3360072;1;3;1; ; ; ; ; ; ; ; ; ; ; ; ;12;208,341279477773
3360072;1;4;1; ; ; ; ; ; ; ; ; ; ; ; ;12;208,341279477773
3360072;1;5;2;2;41; ;2; ; ;1;2; ; ;1; ;12;208,341279477773
3360072;1;6;2;2;41; ;3;41; ;2;3;41; ;2;1;12;208,341279477773
3360072;1;7;2;2;41; ;3;41; ;2;3;41; ;2;1;12;208,341279477773
3360073;1;1;1; ; ; ; ; ; ; ; ; ; ; ; ;12;158,040251307455
3360073;1;2;1; ; ; ; ; ; ; ; ; ; ; ; ;12;158,040251307455
3360073;1;3;2;1; ; ;2; ; ;1;2; ; ;1; ;12;158,040251307455
3360073;1;4;1; ; ; ; ; ; ; ; ; ; ; ; ;12;158,040251307455
3360073;1;5;1; ; ; ; ; ; ; ; ; ; ; ; ;12;158,040251307455
3360073;1;6;1; ; ; ; ; ; ; ; ; ; ; ; ;12;158,040251307455
3360074;1;1;2;2;41; ;2; ; ;1;2; ; ;1; ;12;124,155609095988
3360074;1;2;1; ; ; ; ; ; ; ; ; ; ; ; ;12;124,155609095988
3360074;1;3;1; ; ; ; ; ; ; ; ; ; ; ; ;12;124,155609095988
3360075;1;1;1; ; ; ; ; ; ; ; ; ; ; ; ;12;189,534095912664
3360075;1;2;1; ; ; ; ; ; ; ; ; ; ; ; ;12;189,534095912664
3360075;1;3;1; ; ; ; ; ; ; ; ; ; ; ; ;12;189,534095912664
3360078;1;1;2;2;19; ;2; ; ;1;2; ; ;1; ;12;1042,46956149922
3360078;1;2;2;2;19; ;2; ; ;1;2; ; ;1; ;12;1042,46956149922
3360078;1;3;1; ; ; ; ; ; ; ; ; ; ; ; ;12;1042,46956149922
3360078;1;4;1; ; ; ; ; ; ; ; ; ; ; ; ;12;1042,46956149922
3360079;1;1;1; ; ; ; ; ; ; ; ; ; ; ; ;12;1263,18243692051
3360079;1;2;1; ; ; ; ; ; ; ; ; ; ; ; ;12;1263,18243692051
3360079;1;3;1; ; ; ; ; ; ; ; ; ; ; ; ;12;1263,18243692051
3360079;1;4;1; ; ; ; ; ; ; ; ; ; ; ; ;12;1263,18243692051
3360080;1;1;2;2;76; ;2; ; ;1;2; ; ;1; ;12;1220,45339111053
3360080;1;2;1; ; ; ; ; ; ; ; ; ; ; ; ;12;1220,45339111053
3360080;1;3;1; ; ; ; ; ; ; ; ; ; ; ; ;12;1220,45339111053
3360082;1;1;1; ; ; ; ; ; ; ; ; ; ; ; ;12;1042,46956149922
3360082;1;2;1; ; ; ; ; ; ; ; ; ; ; ; ;12;1042,46956149922
3360082;1;3;1; ; ; ; ; ; ; ; ; ; ; ; ;12;1042,46956149922
3360082;1;4;1; ; ; ; ; ; ; ; ; ; ; ; ;12;1042,46956149922
3360083;1;1;1; ; ; ; ; ; ; ; ; ; ; ; ;12;1657,39691493364
3360083;1;2;1; ; ; ; ; ; ; ; ; ; ; ; ;12;1657,39691493364
3360083;1;3;1; ; ; ; ; ; ; ; ; ; ; ; ;12;1657,39691493364
3360083;1;4;1; ; ; ; ; ; ; ; ; ; ; ; ;12;1657,39691493364
3360084;1;1;1; ; ; ; ; ; ; ; ; ; ; ; ;12;1236,28222656232
3360084;1;2;1; ; ; ; ; ; ; ; ; ; ; ; ;12;1236,28222656232
3360084;1;3;1; ; ; ; ; ; ; ; ; ; ; ; ;12;1236,28222656232
3360084;1;4;1; ; ; ; ; ; ; ; ; ; ; ; ;12;1236,28222656232
3360086;1;1;2;1; ; ;2; ; ;1;3;11; ;1; ;12;1175,48611270334
3360086;1;2;2;2;05; ;2; ; ;1;3;11; ;1; ;12;1175,48611270334
3360086;1;3;1; ; ; ; ; ; ; ; ; ; ; ; ;12;1175,48611270334
3360088;1;1;2;2;17; ;2; ; ;1;2; ; ;1; ;12;1042,46956149922
3360088;1;2;2;2;86; ;2; ; ;1;2; ; ;1; ;12;1042,46956149922
3360088;1;3;1; ; ; ; ; ; ; ; ; ; ; ; ;12;1042,46956149922
3360088;1;4;1; ; ; ; ; ; ; ; ; ; ; ; ;12;1042,46956149922
3360089;1;1;1; ; ; ; ; ; ; ; ; ; ; ; ;12;1224,05223174661
3360089;1;2;1; ; ; ; ; ; ; ; ; ; ; ; ;12;1224,05223174661
3360089;1;3;1; ; ; ; ; ; ; ; ; ; ; ; ;12;1224,05223174661
3360090;1;1;1; ; ; ; ; ; ; ; ; ; ; ; ;12;942,543242466333
3360090;1;2;1; ; ; ; ; ; ; ; ; ; ; ; ;12;942,543242466333
3360092;1;1;2;2;86; ;2; ; ;1;2; ; ;1; ;12;1142,94505541636
3360092;1;2;2;2;52; ;2; ; ;1;2; ; ;1; ;12;1142,94505541636
3360093;1;1;2;2;52; ;2; ; ;1;2; ; ;1; ;12;1203,80492347973
3360093;1;2;2;2;76; ;2; ; ;1;2; ; ;1; ;12;1203,80492347973
3360093;1;3;1; ; ; ; ; ; ; ; ; ; ; ; ;12;1203,80492347973
3360093;1;4;1; ; ; ; ; ; ; ; ; ; ; ; ;12;1203,80492347973
3360094;1;1;2;2;25; ;2; ; ;1;2; ; ;1; ;12;1023,43795388114
3360095;1;1;1; ; ; ; ; ; ; ; ; ; ; ; ;12;844,035523851638
3360096;1;1;1; ; ; ; ; ; ; ; ; ; ; ; ;12;1003,33935632531
3360096;1;2;1; ; ; ; ; ; ; ; ; ; ; ; ;12;1003,33935632531
3360096;1;3;1; ; ; ; ; ; ; ; ; ; ; ; ;12;1003,33935632531
3360097;1;1;2;2;41; ;2; ; ;1;2; ; ;1; ;12;805,836715390231
3360097;1;2;1; ; ; ; ; ; ; ; ; ; ; ; ;12;805,836715390231
3360097;1;3;1; ; ; ; ; ; ; ; ; ; ; ; ;12;805,836715390231
3360097;1;4;1; ; ; ; ; ; ; ; ; ; ; ; ;12;805,836715390231
3360097;1;5;2;2;41; ;3;41; ;1;3;41; ;1; ;12;805,836715390231
3360098;1;1;1; ; ; ; ; ; ; ; ; ; ; ; ;12;1240,03417361286
3360098;1;2;1; ; ; ; ; ; ; ; ; ; ; ; ;12;1240,03417361286
3360101;1;1;1; ; ; ; ; ; ; ; ; ; ; ; ;12;1424,45404469663
3360101;1;2;1; ; ; ; ; ; ; ; ; ; ; ; ;12;1424,45404469663
3360101;1;3;1; ; ; ; ; ; ; ; ; ; ; ; ;12;1424,45404469663
3360102;1;1;2;2;41; ;2; ; ;1;2; ; ;1; ;12;1225,4708321648
3360102;1;2;1; ; ; ; ; ; ; ; ; ; ; ; ;12;1225,4708321648
3360102;1;3;1; ; ; ; ; ; ; ; ; ; ; ; ;12;1225,4708321648
3360102;1;4;1; ; ; ; ; ; ; ; ; ; ; ; ;12;1225,4708321648
3360103;1;1;2;2;73; ;2; ; ;1;2; ; ;1; ;12;1042,46956149922
3360103;1;2;1; ; ; ; ; ; ; ; ; ; ; ; ;12;1042,46956149922
3360103;1;3;1; ; ; ; ; ; ; ; ; ; ; ; ;12;1042,46956149922
3360103;1;4;1; ; ; ; ; ; ; ; ; ; ; ; ;12;1042,46956149922
3360104;1;1;2;2;76; ;2; ; ;1;2; ; ;1; ;12;1141,52645499817
3360106;1;1;1; ; ; ; ; ; ; ; ; ; ; ; ;12;1456,99510198361
3360106;1;2;1; ; ; ; ; ; ; ; ; ; ; ; ;12;1456,99510198361
3360106;1;3;1; ; ; ; ; ; ; ; ; ; ; ; ;12;1456,99510198361
3360106;1;4;1; ; ; ; ; ; ; ; ; ; ; ; ;12;1456,99510198361
3360107;1;1;1; ; ; ; ; ; ; ; ; ; ; ; ;12;684,182516493713
3360107;1;2;1; ; ; ; ; ; ; ; ; ; ; ; ;12;684,182516493713
3360107;1;3;2;2;11; ;2; ; ;1;2; ; ;1; ;12;684,182516493713
3360108;1;1;2;2;17; ;2; ; ;1;2; ; ;1; ;12;855,974541266166
3360108;1;2;2;2;19; ;2; ; ;1;2; ; ;1; ;12;855,974541266166
3360108;1;3;1; ; ; ; ; ; ; ; ; ; ; ; ;12;855,974541266166
3360108;1;4;1; ; ; ; ; ; ; ; ; ; ; ; ;12;855,974541266166
3360109;1;1;1; ; ; ; ; ; ; ; ; ; ; ; ;12;1057,39761158631
3360109;1;2;1; ; ; ; ; ; ; ; ; ; ; ; ;12;1057,39761158631
3360109;1;3;2;2;73; ;2; ; ;1;2; ; ;1; ;12;1057,39761158631
3360110;1;1;1; ; ; ; ; ; ; ; ; ; ; ; ;12;863,58494652322
3360110;1;2;1; ; ; ; ; ; ; ; ; ; ; ; ;12;863,58494652322
3360110;1;3;2;2;17; ;2; ; ;1;2; ; ;1; ;12;863,58494652322
3360111;1;1;1; ; ; ; ; ; ; ; ; ; ; ; ;12;1023,43795388114
3360112;1;1;2;2;25; ;2; ; ;1;2; ; ;1; ;12;855,974541266166
3360112;1;2;2;2;76; ;2; ; ;1;2; ; ;1; ;12;855,974541266166
3360112;1;3;1; ; ; ; ; ; ; ; ; ; ; ; ;12;855,974541266166
3360112;1;4;1; ; ; ; ; ; ; ; ; ; ; ; ;12;855,974541266166
3360113;1;1;2;2;73; ;2; ; ;1;2; ; ;1; ;12;1044,55468768197
3360113;1;2;2;2;19; ;2; ; ;1;2; ; ;1; ;12;1044,55468768197
3360113;1;3;2;1; ; ;3;76; ;1;2; ; ;1; ;12;1044,55468768197
3360113;1;4;2;1; ; ;3;76; ;1;2; ; ;1; ;12;1044,55468768197
3360113;1;5;2;2;41; ;2; ; ;1;2; ; ;1; ;12;1044,55468768197
3360114;1;1;2;2;19; ;2; ; ;1;2; ; ;1; ;12;844,035523851638
3360116;1;1;2;2;19; ;2; ; ;1;2; ; ;1; ;12;816,844336092258
3360116;1;2;2;2;68; ;2; ; ;1;2; ; ;1; ;12;816,844336092258
3360116;1;3;1; ; ; ; ; ; ; ; ; ; ; ; ;12;816,844336092258
3360118;1;1;2;2;41; ;2; ; ;1;2; ; ;1; ;12;863,58494652322
3360118;1;2;1; ; ; ; ; ; ; ; ; ; ; ; ;12;863,58494652322
3360118;1;3;1; ; ; ; ; ; ; ; ; ; ; ; ;12;863,58494652322
3360119;1;1;2;2;63; ;2; ; ;1;2; ; ;1; ;12;521,509368191736
3360119;1;2;1; ; ; ; ; ; ; ; ; ; ; ; ;12;521,509368191736
3360119;1;3;1; ; ; ; ; ; ; ; ; ; ; ; ;12;521,509368191736
3360119;1;4;1; ; ; ; ; ; ; ; ; ; ; ; ;12;521,509368191736
3360119;1;5;1; ; ; ; ; ; ; ; ; ; ; ; ;12;521,509368191736
3360119;1;6;1; ; ; ; ; ; ; ; ; ; ; ; ;12;521,509368191736
3360119;1;7;1; ; ; ; ; ; ; ; ; ; ; ; ;12;521,509368191736
3360120;1;1;2;2;17; ;2; ; ;1;2; ; ;1; ;12;1161,07587766975
3360120;1;2;1; ; ; ; ; ; ; ; ; ; ; ; ;12;1161,07587766975
3360120;1;3;1; ; ; ; ; ; ; ; ; ; ; ; ;12;1161,07587766975
3360121;1;1;2;1; ; ;4; ;2; ;2; ; ;1; ;12;942,543242466333
3360121;1;2;2;1; ; ;4; ;2; ;4; ;2; ;2;12;942,543242466333
3360123;1;1;1; ; ; ; ; ; ; ; ; ; ; ; ;12;578,064392621966
3360123;1;2;1; ; ; ; ; ; ; ; ; ; ; ; ;12;578,064392621966
3360123;1;3;1; ; ; ; ; ; ; ; ; ; ; ; ;12;578,064392621966
3360125;1;1;1; ; ; ; ; ; ; ; ; ; ; ; ;12;804,356143793481
3360125;1;2;2;2;76; ;2; ; ;1;2; ; ;1; ;12;804,356143793481
3360125;1;3;1; ; ; ; ; ; ; ; ; ; ; ; ;12;804,356143793481
3360125;1;4;1; ; ; ; ; ; ; ; ; ; ; ; ;12;804,356143793481
3360126;1;1;1; ; ; ; ; ; ; ; ; ; ; ; ;12;1385,32383952272
3360126;1;2;1; ; ; ; ; ; ; ; ; ; ; ; ;12;1385,32383952272
3360128;1;1;2;2;76; ;2; ; ;1;2; ; ;1; ;12;1121,94567249584
3360128;2;1;1; ; ; ; ; ; ; ; ; ; ; ; ;12;1121,94567249584
3360129;1;1;1; ; ; ; ; ; ; ; ; ; ; ; ;12;521,509368191736
3360129;1;2;2;3; ;3;4; ;3; ;2; ; ;1; ;12;521,509368191736
3360129;1;3;2;2;76; ;2; ; ;1;2; ; ;1; ;12;521,509368191736
3360129;1;4;2;2;17; ;2; ; ;1;2; ; ;1; ;12;521,509368191736
3360129;1;5;2;2;17; ;2; ; ;1;2; ; ;1; ;12;521,509368191736
3360130;1;1;1; ; ; ; ; ; ; ; ; ; ; ; ;12;1003,33935632531
3360130;1;2;2;2;19; ;2; ; ;1;2; ; ;1; ;12;1003,33935632531
3360130;1;3;1; ; ; ; ; ; ; ; ; ; ; ; ;12;1003,33935632531
3360132;1;1;1; ; ; ; ; ; ; ; ; ; ; ; ;12;598,280341058099
3360132;1;2;2;2;76; ;2; ; ;1;2; ; ;1; ;12;598,280341058099
3360132;1;3;2;1; ; ;2; ; ;1;2; ; ;1; ;12;598,280341058099
3360132;1;4;1; ; ; ; ; ; ; ; ; ; ; ; ;12;598,280341058099
3360132;1;5;2;2;76; ;2; ; ;1;2; ; ;1; ;12;598,280341058099
3360133;1;1;2;2;19; ;2; ; ;1;2; ; ;1; ;12;1023,43795388114
3360134;1;1;2;2;76; ;2; ; ;1;2; ; ;1; ;12;1023,43795388114
3360136;1;1;2;2;66; ;2; ; ;1;2; ; ;1; ;12;1116,10859926255
3360136;1;2;2;2;76; ;2; ; ;1;2; ; ;1; ;12;1116,10859926255
3360136;1;3;1; ; ; ; ; ; ; ; ; ; ; ; ;12;1116,10859926255
3360137;1;1;2;2;76; ;2; ; ;1;2; ; ;1; ;12;1263,18243692051
3360137;1;2;1; ; ; ; ; ; ; ; ; ; ; ; ;12;1263,18243692051
3360137;1;3;1; ; ; ; ; ; ; ; ; ; ; ; ;12;1263,18243692051
3360137;1;4;1; ; ; ; ; ; ; ; ; ; ; ; ;12;1263,18243692051
3360138;1;1;1; ; ; ; ; ; ; ; ; ; ; ; ;12;1076,97839408864
3360138;1;2;1; ; ; ; ; ; ; ; ; ; ; ; ;12;1076,97839408864
3360139;1;1;1; ; ; ; ; ; ; ; ; ; ; ; ;12;718,336617477564
3360139;1;2;1; ; ; ; ; ; ; ; ; ; ; ; ;12;718,336617477564
3360140;1;1;1; ; ; ; ; ; ; ; ; ; ; ; ;12;1046,03704230455
3360140;1;2;1; ; ; ; ; ; ; ; ; ; ; ; ;12;1046,03704230455
3360140;1;3;1; ; ; ; ; ; ; ; ; ; ; ; ;12;1046,03704230455
3360140;1;4;1; ; ; ; ; ; ; ; ; ; ; ; ;12;1046,03704230455
3360140;1;5;2;1; ; ;4; ;3; ;2; ; ;1; ;12;1046,03704230455
3360140;1;6;1; ; ; ; ; ; ; ; ; ; ; ; ;12;1046,03704230455
3360140;1;7;1; ; ; ; ; ; ; ; ; ; ; ; ;12;1046,03704230455
3360141;1;1;1; ; ; ; ; ; ; ; ; ; ; ; ;12;512,179145676624
3360141;1;2;1; ; ; ; ; ; ; ; ; ; ; ; ;12;512,179145676624
3360141;1;3;1; ; ; ; ; ; ; ; ; ; ; ; ;12;512,179145676624
3360141;1;4;1; ; ; ; ; ; ; ; ; ; ; ; ;12;512,179145676624
3360141;1;5;1; ; ; ; ; ; ; ; ; ; ; ; ;12;512,179145676624
3360142;1;1;2;2;11; ;2; ; ;1;2; ; ;1; ;12;406,756876632986
3360142;1;2;1; ; ; ; ; ; ; ; ; ; ; ; ;12;406,756876632986
3360142;1;3;1; ; ; ; ; ; ; ; ; ; ; ; ;12;406,756876632986
3360143;1;1;1; ; ; ; ; ; ; ; ; ; ; ; ;12;530,121700650319
3360143;1;2;2;2;54; ;2; ; ;1;2; ; ;1; ;12;530,121700650319
3360143;1;3;1; ; ; ; ; ; ; ; ; ; ; ; ;12;530,121700650319
3360143;1;4;1; ; ; ; ; ; ; ; ; ; ; ; ;12;530,121700650319
3360143;1;5;1; ; ; ; ; ; ; ; ; ; ; ; ;12;530,121700650319
3360144;1;1;1; ; ; ; ; ; ; ; ; ; ; ; ;12;378,707522049928
3360144;1;2;1; ; ; ; ; ; ; ; ; ; ; ; ;12;378,707522049928
3360144;1;3;1; ; ; ; ; ; ; ; ; ; ; ; ;12;378,707522049928
3360144;1;4;1; ; ; ; ; ; ; ; ; ; ; ; ;12;378,707522049928
3360144;1;5;1; ; ; ; ; ; ; ; ; ; ; ; ;12;378,707522049928
3360145;1;1;1; ; ; ; ; ; ; ; ; ; ; ; ;12;462,878193508184
3360145;1;2;1; ; ; ; ; ; ; ; ; ; ; ; ;12;462,878193508184
3360146;1;1;1; ; ; ; ; ; ; ; ; ; ; ; ;12;417,028167629546
3360146;1;2;1; ; ; ; ; ; ; ; ; ; ; ; ;12;417,028167629546
3360148;1;1;1; ; ; ; ; ; ; ; ; ; ; ; ;12;297,104935689344
3360149;1;1;2;2;68; ;2; ; ;1;2; ; ;1; ;12;383,245989579319
3360149;1;2;2;2;68; ;2; ; ;1;2; ; ;1; ;12;383,245989579319
3360149;1;3;1; ; ; ; ; ; ; ; ; ; ; ; ;12;383,245989579319
3360149;1;4;2;2;68; ;2; ; ;1;2; ; ;1; ;12;383,245989579319
3360149;1;5;1; ; ; ; ; ; ; ; ; ; ; ; ;12;383,245989579319
3360150;1;1;1; ; ; ; ; ; ; ; ; ; ; ; ;12;458,951780146715
3360150;1;2;1; ; ; ; ; ; ; ; ; ; ; ; ;12;458,951780146715
3360150;1;3;1; ; ; ; ; ; ; ; ; ; ; ; ;12;458,951780146715
3360150;1;4;1; ; ; ; ; ; ; ; ; ; ; ; ;12;458,951780146715
3360150;1;5;1; ; ; ; ; ; ; ; ; ; ; ; ;12;458,951780146715
3360150;1;6;1; ; ; ; ; ; ; ; ; ; ; ; ;12;458,951780146715
3360150;1;7;1; ; ; ; ; ; ; ; ; ; ; ; ;12;458,951780146715
3360150;1;8;1; ; ; ; ; ; ; ; ; ; ; ; ;12;458,951780146715
3360150;1;9;1; ; ; ; ; ; ; ; ; ; ; ; ;12;458,951780146715
3360151;1;1;1; ; ; ; ; ; ; ; ; ; ; ; ;12;413,326616849951
3360151;1;2;2;2;68; ;2; ; ;1;2; ; ;1; ;12;413,326616849951
3360151;1;3;1; ; ; ; ; ; ; ; ; ; ; ; ;12;413,326616849951
3360151;1;4;1; ; ; ; ; ; ; ; ; ; ; ; ;12;413,326616849951
3360151;1;5;1; ; ; ; ; ; ; ; ; ; ; ; ;12;413,326616849951
3360151;1;6;1; ; ; ; ; ; ; ; ; ; ; ; ;12;413,326616849951
3360152;1;1;2;2;68; ;2; ; ;1;2; ; ;1; ;12;307,753129915525
3360152;1;2;1; ; ; ; ; ; ; ; ; ; ; ; ;12;307,753129915525
3360152;1;3;1; ; ; ; ; ; ; ; ; ; ; ; ;12;307,753129915525
3360152;1;4;1; ; ; ; ; ; ; ; ; ; ; ; ;12;307,753129915525
3360153;1;1;1; ; ; ; ; ; ; ; ; ; ; ; ;12;339,067735901774
3360153;1;2;1; ; ; ; ; ; ; ; ; ; ; ; ;12;339,067735901774
3360153;1;3;1; ; ; ; ; ; ; ; ; ; ; ; ;12;339,067735901774
3360153;1;4;1; ; ; ; ; ; ; ; ; ; ; ; ;12;339,067735901774
3360156;1;1;2;2;08; ;2; ; ;1;2; ; ;1; ;12;370,235904411995
3360156;1;2;1; ; ; ; ; ; ; ; ; ; ; ; ;12;370,235904411995
3360157;1;1;1; ; ; ; ; ; ; ; ; ; ; ; ;12;446,808465211777
3360157;1;2;1; ; ; ; ; ; ; ; ; ; ; ; ;12;446,808465211777
3360157;1;3;1; ; ; ; ; ; ; ; ; ; ; ; ;12;446,808465211777
3360157;1;4;1; ; ; ; ; ; ; ; ; ; ; ; ;12;446,808465211777
3360158;1;1;2;2;68; ;2; ; ;1;2; ; ;1; ;12;312,291597444916
3360158;1;2;2;2;54; ;2; ; ;1;2; ; ;1; ;12;312,291597444916
3360158;1;3;2;2;81; ;2; ; ;1;2; ; ;1; ;12;312,291597444916
3360158;1;4;1; ; ; ; ; ; ; ; ; ; ; ; ;12;312,291597444916
3360159;1;1;1; ; ; ; ; ; ; ; ; ; ; ; ;12;361,366864274524
3360159;1;2;2;2;11; ;2; ; ;1;2; ; ;1; ;12;361,366864274524
3360159;1;3;1; ; ; ; ; ; ; ; ; ; ; ; ;12;361,366864274524
3360160;1;1;2;2;68; ;2; ; ;1;2; ; ;1; ;12;417,816873289805
3360160;1;2;2;1; ; ;4; ;3; ;2; ; ;1; ;12;417,816873289805
3360160;1;3;1; ; ; ; ; ; ; ; ; ; ; ; ;12;417,816873289805
3360160;1;4;1; ; ; ; ; ; ; ; ; ; ; ; ;12;417,816873289805
3360160;1;5;1; ; ; ; ; ; ; ; ; ; ; ; ;12;417,816873289805
3360160;1;6;1; ; ; ; ; ; ; ; ; ; ; ; ;12;417,816873289805
3360161;1;1;2;1; ; ;3;54; ;1;2; ; ;1; ;12;421,106621638762
3360161;1;2;1; ; ; ; ; ; ; ; ; ; ; ; ;12;421,106621638762
3360162;1;1;1; ; ; ; ; ; ; ; ; ; ; ; ;12;427,773454666863
3360162;1;2;1; ; ; ; ; ; ; ; ; ; ; ; ;12;427,773454666863
3360163;1;1;2;2;68; ;2; ; ;1;2; ; ;1; ;12;373,463659148569
3360163;1;2;1; ; ; ; ; ; ; ; ; ; ; ; ;12;373,463659148569
3360163;1;3;1; ; ; ; ; ; ; ; ; ; ; ; ;12;373,463659148569
3360163;1;4;1; ; ; ; ; ; ; ; ; ; ; ; ;12;373,463659148569
3360163;1;5;2;2;17; ;2; ; ;1;2; ; ;1; ;12;373,463659148569
3360163;1;6;1; ; ; ; ; ; ; ; ; ; ; ; ;12;373,463659148569
3360163;1;7;1; ; ; ; ; ; ; ; ; ; ; ; ;12;373,463659148569
3360163;1;8;1; ; ; ; ; ; ; ; ; ; ; ; ;12;373,463659148569
3360163;1;9;1; ; ; ; ; ; ; ; ; ; ; ; ;12;373,463659148569
3360163;1;10;1; ; ; ; ; ; ; ; ; ; ; ; ;12;373,463659148569
3360163;1;11;1; ; ; ; ; ; ; ; ; ; ; ; ;12;373,463659148569
3360163;1;12;1; ; ; ; ; ; ; ; ; ; ; ; ;12;373,463659148569
3360163;1;13;1; ; ; ; ; ; ; ; ; ; ; ; ;12;373,463659148569
3360163;1;14;2;2;05; ;2; ; ;1;2; ; ;1; ;12;373,463659148569
3360163;1;15;1; ; ; ; ; ; ; ; ; ; ; ; ;12;373,463659148569
3360163;1;16;1; ; ; ; ; ; ; ; ; ; ; ; ;12;373,463659148569
3360164;1;1;1; ; ; ; ; ; ; ; ; ; ; ; ;12;297,104935689344
3360169;1;1;2;2;68; ;2; ; ;1;2; ; ;1; ;12;354,651820156885
3360169;1;2;1; ; ; ; ; ; ; ; ; ; ; ; ;12;354,651820156885
3360169;1;3;1; ; ; ; ; ; ; ; ; ; ; ; ;12;354,651820156885
3360170;1;1;2;1; ; ;3;11; ;1;3;11; ;1; ;12;276,559330884183
3360170;1;2;2;2;11; ;3;11; ;1;3;11; ;1; ;12;276,559330884183
3360170;1;3;2;1; ; ;3;11; ;1;2; ; ;1; ;12;276,559330884183
3360170;1;4;2;2;11; ;3;11; ;1;3;11; ;1; ;12;276,559330884183
3360170;1;5;2;2;11; ;2; ; ;1;2; ; ;1; ;12;276,559330884183
3360170;1;6;2;2;11; ;3;11; ;1;3;11; ;1; ;12;276,559330884183
3360170;1;7;2;2;11; ;1; ; ; ;3;11; ;1; ;12;276,559330884183
3360171;1;1;1; ; ; ; ; ; ; ; ; ; ; ; ;12;376,530945461679
3360171;1;2;1; ; ; ; ; ; ; ; ; ; ; ; ;12;376,530945461679
3360171;1;3;1; ; ; ; ; ; ; ; ; ; ; ; ;12;376,530945461679
3360171;1;4;1; ; ; ; ; ; ; ; ; ; ; ; ;12;376,530945461679
3360171;1;5;1; ; ; ; ; ; ; ; ; ; ; ; ;12;376,530945461679
3360173;1;1;2;2;68; ;2; ; ;1;2; ; ;1; ;12;273,878507362069
3360173;1;2;1; ; ; ; ; ; ; ; ; ; ; ; ;12;273,878507362069
3360173;1;3;1; ; ; ; ; ; ; ; ; ; ; ; ;12;273,878507362069
3360173;1;4;1; ; ; ; ; ; ; ; ; ; ; ; ;12;273,878507362069
3360173;1;5;1; ; ; ; ; ; ; ; ; ; ; ; ;12;273,878507362069
3360173;1;6;1; ; ; ; ; ; ; ; ; ; ; ; ;12;273,878507362069
3360173;1;7;1; ; ; ; ; ; ; ; ; ; ; ; ;12;273,878507362069
3360173;1;8;1; ; ; ; ; ; ; ; ; ; ; ; ;12;273,878507362069
3360173;1;9;1; ; ; ; ; ; ; ; ; ; ; ; ;12;273,878507362069
3360176;1;1;2;2;54; ;3;73; ;2;2; ; ;1; ;12;461,078520149556
3360176;1;2;1; ; ; ; ; ; ; ; ; ; ; ; ;12;461,078520149556
3360176;1;3;1; ; ; ; ; ; ; ; ; ; ; ; ;12;461,078520149556
3360176;1;4;2;2;54; ;2; ; ;1;2; ; ;1; ;12;461,078520149556
3360176;1;5;1; ; ; ; ; ; ; ; ; ; ; ; ;12;461,078520149556
3360176;1;6;1; ; ; ; ; ; ; ; ; ; ; ; ;12;461,078520149556
3360177;1;1;2;2;68; ;2; ; ;1;2; ; ;1; ;12;421,106621638762
3360177;1;2;2;2;54; ;2; ; ;1;2; ; ;1; ;12;421,106621638762
3360179;1;1;2;2;54; ;2; ; ;1;2; ; ;1; ;12;400,091669100754
3360179;2;1;1; ; ; ; ; ; ; ; ; ; ; ; ;12;400,091669100754
3360179;2;2;1; ; ; ; ; ; ; ; ; ; ; ; ;12;400,091669100754
3360179;2;3;1; ; ; ; ; ; ; ; ; ; ; ; ;12;400,091669100754
3360179;2;4;1; ; ; ; ; ; ; ; ; ; ; ; ;12;400,091669100754
3360179;2;5;1; ; ; ; ; ; ; ; ; ; ; ; ;12;400,091669100754
3360180;1;1;1; ; ; ; ; ; ; ; ; ; ; ; ;12;196,486232868252
3360180;1;2;1; ; ; ; ; ; ; ; ; ; ; ; ;12;196,486232868252
3360180;1;3;1; ; ; ; ; ; ; ; ; ; ; ; ;12;196,486232868252
3360181;1;1;1; ; ; ; ; ; ; ; ; ; ; ; ;12;401,811652391384
3360181;1;2;1; ; ; ; ; ; ; ; ; ; ; ; ;12;401,811652391384
3360181;1;3;1; ; ; ; ; ; ; ; ; ; ; ; ;12;401,811652391384
3360181;1;4;1; ; ; ; ; ; ; ; ; ; ; ; ;12;401,811652391384
3360181;1;5;1; ; ; ; ; ; ; ; ; ; ; ; ;12;401,811652391384
3360182;1;1;2;2;68; ;2; ; ;1;2; ; ;1; ;12;374,31435842121
3360182;1;2;2;2;11; ;2; ; ;1;2; ; ;1; ;12;374,31435842121
3360183;1;1;2;2;73; ;2; ; ;1;2; ; ;1; ;12;436,245072304796
3360183;1;2;2;2;86; ;2; ; ;1;2; ; ;1; ;12;436,245072304796
3360183;1;3;2;2;18; ;2; ; ;1;2; ; ;1; ;12;436,245072304796
3360183;1;4;2;2;18; ;2; ; ;1;2; ; ;1; ;12;436,245072304796
3360183;1;5;2;2;54; ;2; ; ;1;2; ; ;1; ;12;436,245072304796
3360184;1;1;2;2;54; ;2; ; ;1;2; ; ;1; ;12;460,215972878639
3360184;1;2;2;2;54; ;2; ; ;1;2; ; ;1; ;12;460,215972878639
3360184;1;3;2;2;54; ;1; ; ; ;2; ; ;1; ;12;460,215972878639
3360185;1;1;2;2;54; ;2; ; ;1;2; ; ;1; ;12;334,568145249249
3360185;1;2;2;2;41; ;2; ; ;1;2; ; ;1; ;12;334,568145249249
3360186;1;1;2;2;68; ;2; ; ;1;2; ; ;1; ;12;421,106621638762
3360186;1;2;2;2;54; ;3;54; ;1;2; ; ;1; ;12;421,106621638762
3360187;1;1;2;2;54; ;2; ; ;1;2; ; ;1; ;12;400,95843933314
3360187;1;2;2;2;54; ;2; ; ;1;2; ; ;1; ;12;400,95843933314
3360187;1;3;2;2;54; ;2; ; ;1;2; ; ;1; ;12;400,95843933314
3360187;1;4;2;2;54; ;1; ; ; ;2; ; ;1; ;12;400,95843933314
3360189;1;1;1; ; ; ; ; ; ; ; ; ; ; ; ;12;407,6991139719
3360189;1;2;2;2;54; ;2; ; ;1;2; ; ;1; ;12;407,6991139719
3360189;1;3;1; ; ; ; ; ; ; ; ; ; ; ; ;12;407,6991139719
3360190;1;1;2;2;54; ;2; ; ;1;2; ; ;1; ;12;316,321840364593
3360190;1;2;2;2;54; ;2; ; ;1;2; ; ;1; ;12;316,321840364593
3360190;1;3;1; ; ; ; ; ; ; ; ; ; ; ; ;12;316,321840364593
3360190;1;4;1; ; ; ; ; ; ; ; ; ; ; ; ;12;316,321840364593
3360191;1;1;2;1; ; ;2; ; ;1;2; ; ;1; ;12;468,869484646908
3360191;1;2;2;2;76; ;2; ; ;1;2; ; ;1; ;12;468,869484646908
3360191;1;3;1; ; ; ; ; ; ; ; ; ; ; ; ;12;468,869484646908
3360191;1;4;1; ; ; ; ; ; ; ; ; ; ; ; ;12;468,869484646908
3360191;1;5;1; ; ; ; ; ; ; ; ; ; ; ; ;12;468,869484646908
3360191;1;6;1; ; ; ; ; ; ; ; ; ; ; ; ;12;468,869484646908
3360191;1;7;1; ; ; ; ; ; ; ; ; ; ; ; ;12;468,869484646908
3360192;1;1;1; ; ; ; ; ; ; ; ; ; ; ; ;12;497,679182438544
3360192;1;2;1; ; ; ; ; ; ; ; ; ; ; ; ;12;497,679182438544
3360192;1;3;1; ; ; ; ; ; ; ; ; ; ; ; ;12;497,679182438544
3360192;1;4;1; ; ; ; ; ; ; ; ; ; ; ; ;12;497,679182438544
3360193;1;1;1; ; ; ; ; ; ; ; ; ; ; ; ;12;440,783539834188
3360193;1;2;2;2;70; ;2; ; ;1;2; ; ;1; ;12;440,783539834188
3360193;1;3;1; ; ; ; ; ; ; ; ; ; ; ; ;12;440,783539834188
3360193;1;4;2;2;54; ;2; ; ;1;2; ; ;1; ;12;440,783539834188
3360193;1;5;2;2;54; ;3;54; ;1;2; ; ;1; ;12;440,783539834188
3360194;1;1;2;2;54; ;2; ; ;1;2; ; ;1; ;12;421,106621638762
3360194;1;2;2;2;54; ;2; ; ;1;2; ; ;1; ;12;421,106621638762
3360195;1;1;2;2;54; ;2; ; ;1;2; ; ;1; ;12;354,651820156885
3360195;1;2;1; ; ; ; ; ; ; ; ; ; ; ; ;12;354,651820156885
3360195;1;3;1; ; ; ; ; ; ; ; ; ; ; ; ;12;354,651820156885
3360197;1;1;2;2;54; ;2; ; ;1;2; ; ;1; ;12;509,366706814775
3360197;1;2;1; ; ; ; ; ; ; ; ; ; ; ; ;12;509,366706814775
3360197;1;3;1; ; ; ; ; ; ; ; ; ; ; ; ;12;509,366706814775
3360197;1;4;1; ; ; ; ; ; ; ; ; ; ; ; ;12;509,366706814775
3360198;1;1;2;2;54; ;2; ; ;1;2; ; ;1; ;12;196,486232868252
3360198;1;2;2;2;54; ;2; ; ;1;2; ; ;1; ;12;196,486232868252
3360198;1;3;1; ; ; ; ; ; ; ; ; ; ; ; ;12;196,486232868252
3360198;1;4;1; ; ; ; ; ; ; ; ; ; ; ; ;12;196,486232868252
3360198;1;5;2;2;54; ;2; ; ;1;2; ; ;1; ;12;196,486232868252
3360199;1;1;2;2;73; ;2; ; ;1;2; ; ;1; ;12;392,11502971679
3360199;1;2;2;2;54; ;2; ; ;1;2; ; ;1; ;12;392,11502971679
3360199;1;3;2;2;99; ;2; ; ;1;2; ; ;1; ;12;392,11502971679
3360199;1;4;1; ; ; ; ; ; ; ; ; ; ; ; ;12;392,11502971679
3360200;1;1;2;2;54; ;2; ; ;1;2; ; ;1; ;12;283,697428022482
3360200;1;2;2;2;54; ;2; ; ;1;2; ; ;1; ;12;283,697428022482
3360201;1;1;2;2;54; ;2; ; ;1;2; ; ;1; ;12;307,040997796485
3360201;1;2;2;2;54; ;2; ; ;1;2; ; ;1; ;12;307,040997796485
3360201;1;3;2;2;54; ;2; ; ;1;2; ; ;1; ;12;307,040997796485
3360201;1;4;2;3; ;3;2; ; ;1;2; ; ;1; ;12;307,040997796485
3360201;1;5;1; ; ; ; ; ; ; ; ; ; ; ; ;12;307,040997796485
3360202;1;1;2;2;68; ;2; ; ;1;2; ; ;1; ;12;426,734124516813
3360202;1;2;2;2;54; ;2; ; ;1;2; ; ;1; ;12;426,734124516813
3360202;1;3;2;2;54; ;2; ; ;1;2; ; ;1; ;12;426,734124516813
3360202;1;4;2;2;54; ;2; ; ;1;2; ; ;1; ;12;426,734124516813
3360202;1;5;2;2;54; ;2; ; ;1;2; ; ;1; ;12;426,734124516813
3360203;1;1;2;2;54; ;2; ; ;1;2; ; ;1; ;12;334,568145249249
3360203;1;2;2;2;54; ;2; ; ;1;2; ; ;1; ;12;334,568145249249
3360205;1;1;2;2;54; ;2; ; ;1;2; ; ;1; ;12;465,236664226768
3360205;1;2;1; ; ; ; ; ; ; ; ; ; ; ; ;12;465,236664226768
3360205;1;3;2;2;54; ;1; ; ; ;2; ; ;1; ;12;465,236664226768
3360206;1;1;2;2;54; ;2; ; ;1;2; ; ;1; ;12;412,189370411753
3360206;1;2;1; ; ; ; ; ; ; ; ; ; ; ; ;12;412,189370411753
3360206;1;3;1; ; ; ; ; ; ; ; ; ; ; ; ;12;412,189370411753
3360207;1;1;1; ; ; ; ; ; ; ; ; ; ; ; ;12;407,6991139719
3360207;1;2;2;2;54; ;2; ; ;1;2; ; ;1; ;12;407,6991139719
3360207;1;3;1; ; ; ; ; ; ; ; ; ; ; ; ;12;407,6991139719
3360209;1;1;1; ; ; ; ; ; ; ; ; ; ; ; ;12;196,486232868252
3360209;1;2;1; ; ; ; ; ; ; ; ; ; ; ; ;12;196,486232868252
3360209;1;3;1; ; ; ; ; ; ; ; ; ; ; ; ;12;196,486232868252
3360209;1;4;1; ; ; ; ; ; ; ; ; ; ; ; ;12;196,486232868252
3360210;1;1;1; ; ; ; ; ; ; ; ; ; ; ; ;12;447,294109253074
3360210;1;2;1; ; ; ; ; ; ; ; ; ; ; ; ;12;447,294109253074
3360210;1;3;1; ; ; ; ; ; ; ; ; ; ; ; ;12;447,294109253074
3360211;1;1;1; ; ; ; ; ; ; ; ; ; ; ; ;12;342,557539068443
3360211;1;2;1; ; ; ; ; ; ; ; ; ; ; ; ;12;342,557539068443
3360211;1;3;1; ; ; ; ; ; ; ; ; ; ; ; ;12;342,557539068443
3360211;1;4;1; ; ; ; ; ; ; ; ; ; ; ; ;12;342,557539068443
3360211;1;5;1; ; ; ; ; ; ; ; ; ; ; ; ;12;342,557539068443
3360215;1;1;2;2;54; ;2; ; ;1;2; ; ;1; ;12;309,655007336492
3360215;1;2;1; ; ; ; ; ; ; ; ; ; ; ; ;12;309,655007336492
3360215;1;3;1; ; ; ; ; ; ; ; ; ; ; ; ;12;309,655007336492
3360215;1;4;1; ; ; ; ; ; ; ; ; ; ; ; ;12;309,655007336492
3360216;1;1;1; ; ; ; ; ; ; ; ; ; ; ; ;12;465,236664226768
3360216;1;2;1; ; ; ; ; ; ; ; ; ; ; ; ;12;465,236664226768
3360216;1;3;1; ; ; ; ; ; ; ; ; ; ; ; ;12;465,236664226768
3360217;1;1;2;2;76; ;3;54; ;1;3;54; ;1; ;12;398,830073834429
3360217;1;2;2;1; ; ;3;54; ;1;3;54; ;1; ;12;398,830073834429
3360217;1;3;2;1; ; ;3;54; ;1;3;54; ;1; ;12;398,830073834429
3360217;1;4;2;1; ; ;3;54; ;1;3;54; ;1; ;12;398,830073834429
3360218;1;1;2;2;25; ;2; ; ;1;2; ; ;1; ;12;288,235895551873
3360218;1;2;2;1; ; ;2; ; ;1;2; ; ;1; ;12;288,235895551873
3360219;1;1;1; ; ; ; ; ; ; ; ; ; ; ; ;12;421,106621638762
3360219;1;2;2;2;54; ;2; ; ;1;2; ; ;1; ;12;421,106621638762
3360220;1;1;2;2;76; ;3;76; ;1;2; ; ;1; ;12;437,965055595427
3360220;1;2;2;1; ; ;2; ; ;1;2; ; ;1; ;12;437,965055595427
3360220;1;3;1; ; ; ; ; ; ; ; ; ; ; ; ;12;437,965055595427
3360220;1;4;2;1; ; ;2; ; ;1;2; ; ;1; ;12;437,965055595427
3360221;1;1;1; ; ; ; ; ; ; ; ; ; ; ; ;12;405,522537383652
3360221;1;2;1; ; ; ; ; ; ; ; ; ; ; ; ;12;405,522537383652
3360221;1;3;1; ; ; ; ; ; ; ; ; ; ; ; ;12;405,522537383652
3360222;1;1;1; ; ; ; ; ; ; ; ; ; ; ; ;12;384,99322888694
3360222;1;2;2;2;54; ;2; ; ;1;2; ; ;1; ;12;384,99322888694
3360222;1;3;1; ; ; ; ; ; ; ; ; ; ; ; ;12;384,99322888694
3360222;1;4;1; ; ; ; ; ; ; ; ; ; ; ; ;12;384,99322888694
3360222;1;5;1; ; ; ; ; ; ; ; ; ; ; ; ;12;384,99322888694
3360222;1;6;1; ; ; ; ; ; ; ; ; ; ; ; ;12;384,99322888694
3360223;1;1;2;2;54; ;2; ; ;1;2; ; ;1; ;12;196,486232868252
3360223;1;2;2;2;54; ;2; ; ;1;2; ; ;1; ;12;196,486232868252
3360223;1;3;1; ; ; ; ; ; ; ; ; ; ; ; ;12;196,486232868252
3360223;1;4;1; ; ; ; ; ; ; ; ; ; ; ; ;12;196,486232868252
3360223;1;5;1; ; ; ; ; ; ; ; ; ; ; ; ;12;196,486232868252
3360223;1;6;1; ; ; ; ; ; ; ; ; ; ; ; ;12;196,486232868252
3360223;1;7;2;2;54; ;2; ; ;1;2; ; ;1; ;12;196,486232868252
3360223;2;1;2;2;68; ;2; ; ;1;2; ; ;1; ;12;196,486232868252
3360223;2;2;2;2;68; ;2; ; ;1;2; ; ;1; ;12;196,486232868252
3360224;1;1;2;2;54; ;2; ; ;1;2; ; ;1; ;12;345,782780019414
3360224;1;2;2;2;54; ;4; ;3; ;4; ;3; ;4;12;345,782780019414
3360224;1;3;2;1; ; ;2; ; ;1;2; ; ;1; ;12;345,782780019414
3360224;1;4;2;1; ; ;4; ;3; ;4; ;3; ;4;12;345,782780019414
3360225;1;1;2;2;54; ;2; ; ;1;2; ; ;1; ;12;408,973463673455
3360225;1;2;2;2;54; ;2; ; ;1;2; ; ;1; ;12;408,973463673455
3360225;1;3;2;2;85; ;2; ; ;1;2; ; ;1; ;12;408,973463673455
3360225;1;4;1; ; ; ; ; ; ; ; ; ; ; ; ;12;408,973463673455
3360225;1;5;1; ; ; ; ; ; ; ; ; ; ; ; ;12;408,973463673455
3360225;1;6;1; ; ; ; ; ; ; ; ; ; ; ; ;12;408,973463673455
3360226;1;1;2;2;54; ;2; ; ;1;2; ; ;1; ;12;434,068495716548
3360226;1;2;1; ; ; ; ; ; ; ; ; ; ; ; ;12;434,068495716548
3360226;1;3;1; ; ; ; ; ; ; ; ; ; ; ; ;12;434,068495716548
3360226;1;4;1; ; ; ; ; ; ; ; ; ; ; ; ;12;434,068495716548
3360226;1;5;1; ; ; ; ; ; ; ; ; ; ; ; ;12;434,068495716548
3360227;1;1;2;1; ; ;2; ; ;1;2; ; ;1; ;12;430,435675296408
3360229;1;1;2;2;54; ;2; ; ;1;2; ; ;1; ;12;497,679182438544
3360229;1;2;2;2;70; ;2; ; ;1;2; ; ;1; ;12;497,679182438544
3360229;1;3;1; ; ; ; ; ; ; ; ; ; ; ; ;12;497,679182438544
3360229;1;4;1; ; ; ; ; ; ; ; ; ; ; ; ;12;497,679182438544
3360230;1;1;2;2;54; ;2; ; ;1;2; ; ;1; ;12;288,235895551873
3360230;1;2;2;2;54; ;2; ; ;1;2; ; ;1; ;12;288,235895551873
3360233;1;1;2;2;54; ;2; ; ;1;2; ; ;1; ;12;442,985746943557
3360233;1;2;2;2;68; ;2; ; ;1;2; ; ;1; ;12;442,985746943557
3360233;1;3;2;2;54; ;2; ; ;1;2; ; ;1; ;12;442,985746943557
3360233;1;4;1; ; ; ; ; ; ; ; ; ; ; ; ;12;442,985746943557
3360234;1;1;1; ; ; ; ; ; ; ; ; ; ; ; ;12;422,837564637934
3360234;1;2;2;2;11; ;2; ; ;1;2; ; ;1; ;12;422,837564637934
3360234;1;3;1; ; ; ; ; ; ; ; ; ; ; ; ;12;422,837564637934
3360234;1;4;1; ; ; ; ; ; ; ; ; ; ; ; ;12;422,837564637934
3360234;1;5;1; ; ; ; ; ; ; ; ; ; ; ; ;12;422,837564637934
3360234;1;6;1; ; ; ; ; ; ; ; ; ; ; ; ;12;422,837564637934
3360235;1;1;1; ; ; ; ; ; ; ; ; ; ; ; ;12;465,236664226768
3360235;1;2;1; ; ; ; ; ; ; ; ; ; ; ; ;12;465,236664226768
3360235;1;3;1; ; ; ; ; ; ; ; ; ; ; ; ;12;465,236664226768
3360236;1;1;1; ; ; ; ; ; ; ; ; ; ; ; ;12;407,6991139719
3360236;1;2;1; ; ; ; ; ; ; ; ; ; ; ; ;12;407,6991139719
3360236;1;3;1; ; ; ; ; ; ; ; ; ; ; ; ;12;407,6991139719
3360238;1;1;2;2;54; ;2; ; ;1;2; ; ;1; ;12;458,569831198667
3360238;1;2;2;2;05; ;2; ; ;1;2; ; ;1; ;12;458,569831198667
3360238;1;3;1; ; ; ; ; ; ; ; ; ; ; ; ;12;458,569831198667
3360239;1;1;2;2;54; ;2; ; ;1;2; ; ;1; ;12;474,942621114035
3360239;1;2;1; ; ; ; ; ; ; ; ; ; ; ; ;12;474,942621114035
3360239;1;3;1; ; ; ; ; ; ; ; ; ; ; ; ;12;474,942621114035
3360239;1;4;1; ; ; ; ; ; ; ; ; ; ; ; ;12;474,942621114035
3360239;1;5;2;2;11; ;2; ; ;1;2; ; ;1; ;12;474,942621114035
3360239;1;6;1; ; ; ; ; ; ; ; ; ; ; ; ;12;474,942621114035
3360240;1;1;2;2;54; ;2; ; ;1;2; ; ;1; ;12;405,522537383652
3360240;1;2;1; ; ; ; ; ; ; ; ; ; ; ; ;12;405,522537383652
3360240;1;3;1; ; ; ; ; ; ; ; ; ; ; ; ;12;405,522537383652
3360243;1;1;2;2;54; ;2; ; ;1;2; ; ;1; ;12;300,555861979147
3360243;1;2;1; ; ; ; ; ; ; ; ; ; ; ; ;12;300,555861979147
3360243;1;3;2;2;54; ;2; ; ;1;2; ; ;1; ;12;300,555861979147
3360243;1;4;2;2;47; ;1; ; ; ;2; ; ;1; ;12;300,555861979147
3360244;1;1;2;2;15; ;2; ; ;1;2; ; ;1; ;12;392,11502971679
3360244;1;2;2;2;54; ;2; ; ;1;2; ; ;1; ;12;392,11502971679
3360244;1;3;1; ; ; ; ; ; ; ; ; ; ; ; ;12;392,11502971679
3360244;1;4;1; ; ; ; ; ; ; ; ; ; ; ; ;12;392,11502971679
3360245;1;1;1; ; ; ; ; ; ; ; ; ; ; ; ;12;429,096015457956
3360245;1;2;2;2;54; ;2; ; ;1;2; ; ;1; ;12;429,096015457956
3360245;1;3;2;2;54; ;2; ; ;1;2; ; ;1; ;12;429,096015457956
3360245;1;4;1; ; ; ; ; ; ; ; ; ; ; ; ;12;429,096015457956
3360245;1;5;2;2;54; ;2; ; ;1;2; ; ;1; ;12;429,096015457956
3360246;1;1;2;2;20; ;2; ; ;1;2; ; ;1; ;12;444,716689942729
3360246;1;2;2;2;54; ;2; ; ;1;2; ; ;1; ;12;444,716689942729
3360246;1;3;1; ; ; ; ; ; ; ; ; ; ; ; ;12;444,716689942729
3360246;1;4;1; ; ; ; ; ; ; ; ; ; ; ; ;12;444,716689942729
3360246;1;5;1; ; ; ; ; ; ; ; ; ; ; ; ;12;444,716689942729
3360246;1;6;2;1; ; ;4; ;3; ;2; ; ;1; ;12;444,716689942729
3360246;1;7;2;2;20; ;2; ; ;1;2; ; ;1; ;12;444,716689942729
3360246;1;8;1; ; ; ; ; ; ; ; ; ; ; ; ;12;444,716689942729
3360247;1;1;2;2;68; ;2; ; ;1;2; ; ;1; ;12;497,679182438544
3360247;1;2;1; ; ; ; ; ; ; ; ; ; ; ; ;12;497,679182438544
3360247;1;3;1; ; ; ; ; ; ; ; ; ; ; ; ;12;497,679182438544
3360247;1;4;1; ; ; ; ; ; ; ; ; ; ; ; ;12;497,679182438544
3360248;1;1;1; ; ; ; ; ; ; ; ; ; ; ; ;12;146,062762066823
3360248;1;2;1; ; ; ; ; ; ; ; ; ; ; ; ;12;146,062762066823
3360248;1;3;1; ; ; ; ; ; ; ; ; ; ; ; ;12;146,062762066823
3360248;1;4;1; ; ; ; ; ; ; ; ; ; ; ; ;12;146,062762066823
3360248;1;5;1; ; ; ; ; ; ; ; ; ; ; ; ;12;146,062762066823
3360250;1;1;1; ; ; ; ; ; ; ; ; ; ; ; ;12;96,5354020568426
3360250;1;2;1; ; ; ; ; ; ; ; ; ; ; ; ;12;96,5354020568426
3360251;1;1;1; ; ; ; ; ; ; ; ; ; ; ; ;12;51,9222691325646
3360251;1;2;1; ; ; ; ; ; ; ; ; ; ; ; ;12;51,9222691325646
3360251;1;3;1; ; ; ; ; ; ; ; ; ; ; ; ;12;51,9222691325646
3360251;1;4;1; ; ; ; ; ; ; ; ; ; ; ; ;12;51,9222691325646
3360252;1;1;1; ; ; ; ; ; ; ; ; ; ; ; ;12;96,6392781309672
3360253;1;1;2;2;15; ;3;11; ;1;2; ; ;1; ;12;116,901100493286
3360253;1;2;2;2;11; ;2; ; ;1;2; ; ;1; ;12;116,901100493286
3360253;1;3;1; ; ; ; ; ; ; ; ; ; ; ; ;12;116,901100493286
3360255;1;1;1; ; ; ; ; ; ; ; ; ; ; ; ;12;91,6518045730684
3360255;1;2;1; ; ; ; ; ; ; ; ; ; ; ; ;12;91,6518045730684
3360255;1;3;1; ; ; ; ; ; ; ; ; ; ; ; ;12;91,6518045730684
3360255;1;4;2;2;15; ;3;15; ;1;2; ; ;1; ;12;91,6518045730684
3360255;1;5;1; ; ; ; ; ; ; ; ; ; ; ; ;12;91,6518045730684
3360256;1;1;1; ; ; ; ; ; ; ; ; ; ; ; ;12;110,152630590608
3360256;1;2;1; ; ; ; ; ; ; ; ; ; ; ; ;12;110,152630590608
3360256;1;3;1; ; ; ; ; ; ; ; ; ; ; ; ;12;110,152630590608
3360256;1;4;1; ; ; ; ; ; ; ; ; ; ; ; ;12;110,152630590608
3360257;1;1;1; ; ; ; ; ; ; ; ; ; ; ; ;12;94,7912688538508
3360257;1;2;1; ; ; ; ; ; ; ; ; ; ; ; ;12;94,7912688538508
3360257;1;3;1; ; ; ; ; ; ; ; ; ; ; ; ;12;94,7912688538508
3360257;1;4;1; ; ; ; ; ; ; ; ; ; ; ; ;12;94,7912688538508
3360257;1;5;1; ; ; ; ; ; ; ; ; ; ; ; ;12;94,7912688538508
3360258;1;1;1; ; ; ; ; ; ; ; ; ; ; ; ;12;151,951505790623
3360258;1;2;1; ; ; ; ; ; ; ; ; ; ; ; ;12;151,951505790623
3360258;1;3;2;2;68; ;2; ; ;1;2; ; ;1; ;12;151,951505790623
3360258;1;4;1; ; ; ; ; ; ; ; ; ; ; ; ;12;151,951505790623
3360259;1;1;1; ; ; ; ; ; ; ; ; ; ; ; ;12;98,5041505498708
3360259;1;2;2;2;15; ;3;15; ;1;2; ; ;1; ;12;98,5041505498708
3360259;1;3;1; ; ; ; ; ; ; ; ; ; ; ; ;12;98,5041505498708
3360260;1;1;1; ; ; ; ; ; ; ; ; ; ; ; ;12;94,9990210021001
3360260;1;2;1; ; ; ; ; ; ; ; ; ; ; ; ;12;94,9990210021001
3360260;1;3;1; ; ; ; ; ; ; ; ; ; ; ; ;12;94,9990210021001
3360261;1;1;1; ; ; ; ; ; ; ; ; ; ; ; ;12;90,1525974211531
3360261;1;2;1; ; ; ; ; ; ; ; ; ; ; ; ;12;90,1525974211531
3360261;1;3;2;2;15; ;3;15; ;1;2; ; ;1; ;12;90,1525974211531
3360262;1;1;1; ; ; ; ; ; ; ; ; ; ; ; ;12;131,37805520593
3360262;1;2;1; ; ; ; ; ; ; ; ; ; ; ; ;12;131,37805520593
3360262;1;3;1; ; ; ; ; ; ; ; ; ; ; ; ;12;131,37805520593
3360262;1;4;1; ; ; ; ; ; ; ; ; ; ; ; ;12;131,37805520593
3360262;1;5;1; ; ; ; ; ; ; ; ; ; ; ; ;12;131,37805520593
3360263;1;1;1; ; ; ; ; ; ; ; ; ; ; ; ;12;127,872925658159
3360263;1;2;1; ; ; ; ; ; ; ; ; ; ; ; ;12;127,872925658159
3360263;1;3;2;2;11; ;3;15; ;1;2; ; ;1; ;12;127,872925658159
3360263;1;4;2;1; ; ;3;15; ;1;2; ; ;1; ;12;127,872925658159
3360263;1;5;2;2;15; ;3;15; ;1;2; ; ;1; ;12;127,872925658159
3360264;1;1;2;2;20; ;3;11; ;1;2; ; ;1; ;12;94,9990210021001
3360264;1;2;2;2;20; ;3;20; ;1;2; ; ;1; ;12;94,9990210021001
3360264;1;3;2;2;20; ;3;20; ;1;2; ; ;1; ;12;94,9990210021001
3360265;1;1;2;2;05; ;2; ; ;1;2; ; ;1; ;12;50,1241418764312
3360265;1;2;2;2;76; ;2; ; ;1;2; ; ;1; ;12;50,1241418764312
3360265;1;3;1; ; ; ; ; ; ; ; ; ; ; ; ;12;50,1241418764312
3360265;1;4;1; ; ; ; ; ; ; ; ; ; ; ; ;12;50,1241418764312
3360265;1;5;1; ; ; ; ; ; ; ; ; ; ; ; ;12;50,1241418764312
3360265;1;6;1; ; ; ; ; ; ; ; ; ; ; ; ;12;50,1241418764312
3360265;1;7;1; ; ; ; ; ; ; ; ; ; ; ; ;12;50,1241418764312
3360265;1;8;2;2;15; ;2; ; ;1;2; ; ;1; ;12;50,1241418764312
3360266;1;1;2;2;68; ;2; ; ;1;2; ; ;1; ;12;113,761636212504
3360266;1;2;2;2;11; ;2; ; ;1;2; ; ;1; ;12;113,761636212504
3360266;1;3;1; ; ; ; ; ; ; ; ; ; ; ; ;12;113,761636212504
3360267;1;1;2;2;15; ;2; ; ;1;2; ; ;1; ;12;66,8140895282093
3360267;1;2;2;2;15; ;3;15; ;1;2; ; ;1; ;12;66,8140895282093
3360267;1;3;2;2;11; ;2; ; ;1;2; ; ;1; ;12;66,8140895282093
3360267;1;4;2;2;15; ;2; ; ;1;2; ; ;1; ;12;66,8140895282093
3360268;1;1;1; ; ; ; ; ; ; ; ; ; ; ; ;12;66,8140895282093
3360268;1;2;1; ; ; ; ; ; ; ; ; ; ; ; ;12;66,8140895282093
3360268;1;3;1; ; ; ; ; ; ; ; ; ; ; ; ;12;66,8140895282093
3360268;1;4;1; ; ; ; ; ; ; ; ; ; ; ; ;12;66,8140895282093
3360270;1;1;2;2;68; ;2; ; ;1;2; ; ;1; ;12;72,9930654367894
3360270;1;2;1; ; ; ; ; ; ; ; ; ; ; ; ;12;72,9930654367894
3360270;1;3;1; ; ; ; ; ; ; ; ; ; ; ; ;12;72,9930654367894
3360270;1;4;1; ; ; ; ; ; ; ; ; ; ; ; ;12;72,9930654367894
3360271;1;1;2;2;15; ;2; ; ;1;2; ; ;1; ;12;131,481931280055
3360271;1;2;2;2;15; ;2; ; ;1;2; ; ;1; ;12;131,481931280055
3360271;1;3;1; ; ; ; ; ; ; ; ; ; ; ; ;12;131,481931280055
3360271;1;4;1; ; ; ; ; ; ; ; ; ; ; ; ;12;131,481931280055
3360272;1;1;2;2;15; ;2; ; ;1;2; ; ;1; ;12;96,0380563373106
3360273;1;1;2;2;11; ;3;11; ;1;3;11; ;1; ;12;117,004976567411
3360273;1;2;2;2;11; ;3;11; ;1;3;11; ;1; ;12;117,004976567411
3360274;1;1;1; ; ; ; ; ; ; ; ; ; ; ; ;12;110,518295857597
3360274;1;2;2;2;15; ;2; ; ;1;2; ; ;1; ;12;110,518295857597
3360274;1;3;2;2;25; ;2; ; ;1;2; ; ;1; ;12;110,518295857597
3360274;1;4;1; ; ; ; ; ; ; ; ; ; ; ; ;12;110,518295857597
3360275;1;1;1; ; ; ; ; ; ; ; ; ; ; ; ;12;96,6392781309672
3360276;1;1;2;1; ; ;2; ; ;1;2; ; ;1; ;12;78,2423281875518
3360277;1;1;2;2;15; ;3;15; ;1;2; ; ;1; ;12;96,6392781309672
3360278;1;1;2;2;15; ;2; ; ;1;2; ; ;1; ;12;109,579851788869
3360278;1;2;1; ; ; ; ; ; ; ; ; ; ; ; ;12;109,579851788869
3360278;1;3;1; ; ; ; ; ; ; ; ; ; ; ; ;12;109,579851788869
3360278;1;4;1; ; ; ; ; ; ; ; ; ; ; ; ;12;109,579851788869
3360279;1;1;1; ; ; ; ; ; ; ; ; ; ; ; ;12;74,6333225656565
3360279;1;2;1; ; ; ; ; ; ; ; ; ; ; ; ;12;74,6333225656565
3360281;1;1;2;2;52; ;2; ; ;1;2; ; ;1; ;12;106,017350387433
3360281;1;2;1; ; ; ; ; ; ; ; ; ; ; ; ;12;106,017350387433
3360281;1;3;2;2;52; ;4; ;8; ;2; ; ;1; ;12;106,017350387433
3360282;1;1;1; ; ; ; ; ; ; ; ; ; ; ; ;12;190,556678731276
3360282;1;2;1; ; ; ; ; ; ; ; ; ; ; ; ;12;190,556678731276
3360282;1;3;1; ; ; ; ; ; ; ; ; ; ; ; ;12;190,556678731276
3360282;1;4;1; ; ; ; ; ; ; ; ; ; ; ; ;12;190,556678731276
3360283;1;1;1; ; ; ; ; ; ; ; ; ; ; ; ;12;192,22179198807
3360284;1;1;2;2;52; ;2; ; ;1;2; ; ;1; ;12;217,392986809646
3360284;1;2;2;2;52; ;2; ; ;1;2; ; ;1; ;12;217,392986809646
3360284;1;3;2;1; ; ;2; ; ;1;4; ;11; ;2;12;217,392986809646
3360284;1;4;1; ; ; ; ; ; ; ; ; ; ; ; ;12;217,392986809646
3360285;1;1;2;1; ; ;2; ; ;1;2; ; ;1; ;12;192,22179198807
3360286;1;1;2;2;52; ;2; ; ;1;2; ; ;1; ;12;218,590552311926
3360286;1;2;1; ; ; ; ; ; ; ; ; ; ; ; ;12;218,590552311926
3360286;1;3;1; ; ; ; ; ; ; ; ; ; ; ; ;12;218,590552311926
3360287;1;1;2;2;52; ;2; ; ;1;2; ; ;1; ;12;414,223510674537
3360288;1;1;2;1; ; ;2; ; ;1;2; ; ;1; ;12;226,006817936496
3360288;1;2;1; ; ; ; ; ; ; ; ; ; ; ; ;12;226,006817936496
3360289;1;1;2;2;52; ;2; ; ;1;2; ; ;1; ;12;245,876013185012
3360289;1;2;1; ; ; ; ; ; ; ; ; ; ; ; ;12;245,876013185012
3360289;1;3;1; ; ; ; ; ; ; ; ; ; ; ; ;12;245,876013185012
3360289;1;4;2;2;52; ;2; ; ;1;2; ; ;1; ;12;245,876013185012
3360289;1;5;1; ; ; ; ; ; ; ; ; ; ; ; ;12;245,876013185012
3360290;1;1;1; ; ; ; ; ; ; ; ; ; ; ; ;12;495,163192744566
3360290;1;2;1; ; ; ; ; ; ; ; ; ; ; ; ;12;495,163192744566
3360290;1;3;1; ; ; ; ; ; ; ; ; ; ; ; ;12;495,163192744566
3360290;1;4;1; ; ; ; ; ; ; ; ; ; ; ; ;12;495,163192744566
3360291;1;1;2;2;52; ;2; ; ;1;2; ; ;1; ;12;234,397216210355
3360291;1;2;2;2;52; ;2; ; ;1;2; ; ;1; ;12;234,397216210355
3360291;1;3;1; ; ; ; ; ; ; ; ; ; ; ; ;12;234,397216210355
3360293;1;1;2;1; ; ;3;11; ;1;2; ; ;1; ;12;234,397216210355
3360293;1;2;2;2;86; ;3;86; ;1;2; ; ;1; ;12;234,397216210355
3360293;1;3;1; ; ; ; ; ; ; ; ; ; ; ; ;12;234,397216210355
3360294;1;1;2;2;52; ;2; ; ;1;2; ; ;1; ;12;193,551046017936
3360294;1;2;2;2;52; ;2; ; ;1;2; ; ;1; ;12;193,551046017936
3360294;1;3;2;1; ; ;2; ; ;1;2; ; ;1; ;12;193,551046017936
3360294;1;4;2;2;52; ;3;52; ;2;2; ; ;1; ;12;193,551046017936
3360295;1;1;1; ; ; ; ; ; ; ; ; ; ; ; ;12;133,32466116977
3360295;1;2;2;1; ; ;3;17; ;1;2; ; ;1; ;12;133,32466116977
3360295;1;3;1; ; ; ; ; ; ; ; ; ; ; ; ;12;133,32466116977
3360296;1;1;1; ; ; ; ; ; ; ; ; ; ; ; ;12;192,447511929795
3360296;1;2;1; ; ; ; ; ; ; ; ; ; ; ; ;12;192,447511929795
3360296;1;3;1; ; ; ; ; ; ; ; ; ; ; ; ;12;192,447511929795
3360296;1;4;1; ; ; ; ; ; ; ; ; ; ; ; ;12;192,447511929795
3360296;1;5;1; ; ; ; ; ; ; ; ; ; ; ; ;12;192,447511929795
3360296;1;6;1; ; ; ; ; ; ; ; ; ; ; ; ;12;192,447511929795
3360297;1;1;2;1; ; ;2; ; ;1;2; ; ;1; ;12;226,047287866973
3360297;1;2;1; ; ; ; ; ; ; ; ; ; ; ; ;12;226,047287866973
3360297;1;3;1; ; ; ; ; ; ; ; ; ; ; ; ;12;226,047287866973
3360297;1;4;1; ; ; ; ; ; ; ; ; ; ; ; ;12;226,047287866973
3360300;1;1;1; ; ; ; ; ; ; ; ; ; ; ; ;12;140,626434097169
3360300;1;2;2;2;52; ;2; ; ;1;2; ; ;1; ;12;140,626434097169
3360300;1;3;1; ; ; ; ; ; ; ; ; ; ; ; ;12;140,626434097169
3360300;1;4;1; ; ; ; ; ; ; ; ; ; ; ; ;12;140,626434097169
3360301;1;1;1; ; ; ; ; ; ; ; ; ; ; ; ;12;207,365176651727
3360301;1;2;1; ; ; ; ; ; ; ; ; ; ; ; ;12;207,365176651727
3360302;1;1;1; ; ; ; ; ; ; ; ; ; ; ; ;12;260,765976534211
3360302;1;2;1; ; ; ; ; ; ; ; ; ; ; ; ;12;260,765976534211
3360302;1;3;1; ; ; ; ; ; ; ; ; ; ; ; ;12;260,765976534211
3360302;1;4;1; ; ; ; ; ; ; ; ; ; ; ; ;12;260,765976534211
3360302;1;5;1; ; ; ; ; ; ; ; ; ; ; ; ;12;260,765976534211
3360303;1;1;1; ; ; ; ; ; ; ; ; ; ; ; ;12;185,762696843207
3360303;1;2;1; ; ; ; ; ; ; ; ; ; ; ; ;12;185,762696843207
3360303;1;3;1; ; ; ; ; ; ; ; ; ; ; ; ;12;185,762696843207
3360303;1;4;1; ; ; ; ; ; ; ; ; ; ; ; ;12;185,762696843207
3360304;1;1;1; ; ; ; ; ; ; ; ; ; ; ; ;12;198,906607074658
3360304;1;2;1; ; ; ; ; ; ; ; ; ; ; ; ;12;198,906607074658
3360304;1;3;1; ; ; ; ; ; ; ; ; ; ; ; ;12;198,906607074658
3360305;1;1;1; ; ; ; ; ; ; ; ; ; ; ; ;12;215,697885091384
3360305;1;2;1; ; ; ; ; ; ; ; ; ; ; ; ;12;215,697885091384
3360305;1;3;1; ; ; ; ; ; ; ; ; ; ; ; ;12;215,697885091384
3360306;1;1;2;2;52; ;2; ; ;1;2; ; ;1; ;12;200,050611093276
3360306;1;2;2;2;52; ;2; ; ;1;2; ; ;1; ;12;200,050611093276
3360306;1;3;2;2;52; ;2; ; ;1;2; ; ;1; ;12;200,050611093276
3360307;1;1;2;2;52; ;2; ; ;1;2; ; ;1; ;12;226,500867934362
3360307;1;2;2;2;52; ;2; ; ;1;2; ; ;1; ;12;226,500867934362
3360307;1;3;1; ; ; ; ; ; ; ; ; ; ; ; ;12;226,500867934362
3360307;1;4;2;2;52; ;2; ; ;1;2; ; ;1; ;12;226,500867934362
3360307;1;5;1; ; ; ; ; ; ; ; ; ; ; ; ;12;226,500867934362
3360307;1;6;2;2;52; ;2; ; ;1;2; ; ;1; ;12;226,500867934362
3360308;1;1;2;1; ; ;2; ; ;1;2; ; ;1; ;12;162,22891390569
3360308;1;2;2;1; ; ;2; ; ;1;2; ; ;1; ;12;162,22891390569
3360309;1;1;2;1; ; ;2; ; ;1;2; ; ;1; ;12;220,296135499196
3360309;1;2;1; ; ; ; ; ; ; ; ; ; ; ; ;12;220,296135499196
3360310;1;1;1; ; ; ; ; ; ; ; ; ; ; ; ;12;200,612190261929
3360310;1;2;1; ; ; ; ; ; ; ; ; ; ; ; ;12;200,612190261929
3360312;1;1;1; ; ; ; ; ; ; ; ; ; ; ; ;12;207,111755337268
3360313;1;1;2;2;52; ;2; ; ;1;2; ; ;1; ;12;167,294937129445
3360313;1;2;2;2;52; ;2; ; ;1;2; ; ;1; ;12;167,294937129445
3360313;1;3;1; ; ; ; ; ; ; ; ; ; ; ; ;12;167,294937129445
3360313;1;4;1; ; ; ; ; ; ; ; ; ; ; ; ;12;167,294937129445
3360313;1;5;1; ; ; ; ; ; ; ; ; ; ; ; ;12;167,294937129445
3360313;1;6;1; ; ; ; ; ; ; ; ; ; ; ; ;12;167,294937129445
3360313;1;7;1; ; ; ; ; ; ; ; ; ; ; ; ;12;167,294937129445
3360314;1;1;2;2;52; ;2; ; ;1;2; ; ;1; ;12;166,537626480535
3360314;1;2;2;2;52; ;2; ; ;1;2; ; ;1; ;12;166,537626480535
3360314;1;3;1; ; ; ; ; ; ; ; ; ; ; ; ;12;166,537626480535
3360314;1;4;1; ; ; ; ; ; ; ; ; ; ; ; ;12;166,537626480535
3360314;1;5;1; ; ; ; ; ; ; ; ; ; ; ; ;12;166,537626480535
3360314;1;6;2;2;52; ;2; ; ;1;2; ; ;1; ;12;166,537626480535
3360314;1;7;1; ; ; ; ; ; ; ; ; ; ; ; ;12;166,537626480535
3360315;1;1;2;2;86; ;2; ; ;1;2; ; ;1; ;12;150,064987787011
3360315;1;2;1; ; ; ; ; ; ; ; ; ; ; ; ;12;150,064987787011
3360315;1;3;2;1; ; ;3;52; ;1;2; ; ;1; ;12;150,064987787011
3360316;1;1;2;2;52; ;3;86; ;2;2; ; ;1; ;12;213,796570423857
3360316;1;2;2;1; ; ;2; ; ;1;2; ; ;1; ;12;213,796570423857
3360316;1;3;1; ; ; ; ; ; ; ; ; ; ; ; ;12;213,796570423857
3360317;1;1;2;2;52; ;2; ; ;1;2; ; ;1; ;12;164,95495113621
3360317;1;2;1; ; ; ; ; ; ; ; ; ; ; ; ;12;164,95495113621
3360317;1;3;1; ; ; ; ; ; ; ; ; ; ; ; ;12;164,95495113621
3360318;1;1;2;2;23; ;2; ; ;1;2; ; ;1; ;12;88,8358574829285
3360318;1;2;1; ; ; ; ; ; ; ; ; ; ; ; ;12;88,8358574829285
3360318;1;3;1; ; ; ; ; ; ; ; ; ; ; ; ;12;88,8358574829285
3360318;1;4;1; ; ; ; ; ; ; ; ; ; ; ; ;12;88,8358574829285
3360318;1;5;1; ; ; ; ; ; ; ; ; ; ; ; ;12;88,8358574829285
3360319;1;1;2;2;27; ;2; ; ;1;2; ; ;1; ;12;65,0335844480756
3360319;1;2;1; ; ; ; ; ; ; ; ; ; ; ; ;12;65,0335844480756
3360319;1;3;1; ; ; ; ; ; ; ; ; ; ; ; ;12;65,0335844480756
3360319;1;4;1; ; ; ; ; ; ; ; ; ; ; ; ;12;65,0335844480756
3360319;1;5;1; ; ; ; ; ; ; ; ; ; ; ; ;12;65,0335844480756
3360319;1;6;1; ; ; ; ; ; ; ; ; ; ; ; ;12;65,0335844480756
3360319;1;7;1; ; ; ; ; ; ; ; ; ; ; ; ;12;65,0335844480756
3360320;1;1;1; ; ; ; ; ; ; ; ; ; ; ; ;12;99,5633028760884
3360320;1;2;2;2;13; ;2; ; ;1;2; ; ;1; ;12;99,5633028760884
3360320;2;1;2;2;70; ;2; ; ;1;2; ; ;1; ;12;99,5633028760884
3360320;2;2;1; ; ; ; ; ; ; ; ; ; ; ; ;12;99,5633028760884
3360320;2;3;1; ; ; ; ; ; ; ; ; ; ; ; ;12;99,5633028760884
3360321;1;1;2;1; ; ;2; ; ;1;2; ; ;1; ;12;116,463068703393
3360322;1;1;2;1; ; ;3;70; ;1;2; ; ;1; ;12;162,510857949435
3360322;1;2;1; ; ; ; ; ; ; ; ; ; ; ; ;12;162,510857949435
3360322;1;3;1; ; ; ; ; ; ; ; ; ; ; ; ;12;162,510857949435
3360323;1;1;2;2;70; ;2; ; ;1;2; ; ;1; ;12;186,612971654307
3360323;1;2;2;2;70; ;2; ; ;1;2; ; ;1; ;12;186,612971654307
3360323;1;3;1; ; ; ; ; ; ; ; ; ; ; ; ;12;186,612971654307
3360323;1;4;1; ; ; ; ; ; ; ; ; ; ; ; ;12;186,612971654307
3360323;1;5;1; ; ; ; ; ; ; ; ; ; ; ; ;12;186,612971654307
3360323;1;6;1; ; ; ; ; ; ; ; ; ; ; ; ;12;186,612971654307
3360323;1;7;1; ; ; ; ; ; ; ; ; ; ; ; ;12;186,612971654307
3360323;1;8;1; ; ; ; ; ; ; ; ; ; ; ; ;12;186,612971654307
3360323;1;9;2;2;70; ;2; ; ;1;2; ; ;1; ;12;186,612971654307
3360324;1;1;2;2;23; ;3;08; ;1;2; ; ;1; ;12;190,64280082062
3360324;1;2;1; ; ; ; ; ; ; ; ; ; ; ; ;12;190,64280082062
3360324;1;3;2;2;08; ;3;08; ;1;2; ; ;1; ;12;190,64280082062
3360324;1;4;2;2;08; ;3;08; ;1;2; ; ;1; ;12;190,64280082062
3360325;1;1;1; ; ; ; ; ; ; ; ; ; ; ; ;12;217,44592613044
3360325;1;2;2;2;13; ;2; ; ;1;2; ; ;1; ;12;217,44592613044
3360325;1;3;1; ; ; ; ; ; ; ; ; ; ; ; ;12;217,44592613044
3360325;1;4;1; ; ; ; ; ; ; ; ; ; ; ; ;12;217,44592613044
3360325;1;5;1; ; ; ; ; ; ; ; ; ; ; ; ;12;217,44592613044
3360326;1;1;2;2;23; ;2; ; ;1;2; ; ;1; ;12;220,15859954513
3360326;1;2;2;2;23; ;2; ; ;1;2; ; ;1; ;12;220,15859954513
3360326;1;3;1; ; ; ; ; ; ; ; ; ; ; ; ;12;220,15859954513
3360326;1;4;1; ; ; ; ; ; ; ; ; ; ; ; ;12;220,15859954513
3360326;1;5;1; ; ; ; ; ; ; ; ; ; ; ; ;12;220,15859954513
3360326;1;6;1; ; ; ; ; ; ; ; ; ; ; ; ;12;220,15859954513
3360327;1;1;1; ; ; ; ; ; ; ; ; ; ; ; ;12;90,4345845446049
3360327;1;2;1; ; ; ; ; ; ; ; ; ; ; ; ;12;90,4345845446049
3360327;1;3;1; ; ; ; ; ; ; ; ; ; ; ; ;12;90,4345845446049
3360327;1;4;1; ; ; ; ; ; ; ; ; ; ; ; ;12;90,4345845446049
3360328;1;1;2;2;70; ;2; ; ;1;2; ; ;1; ;12;97,7479937912375
3360328;1;2;2;2;70; ;2; ; ;1;2; ; ;1; ;12;97,7479937912375
3360328;1;3;1; ; ; ; ; ; ; ; ; ; ; ; ;12;97,7479937912375
3360328;1;4;1; ; ; ; ; ; ; ; ; ; ; ; ;12;97,7479937912375
3360328;1;5;2;2;13; ;2; ; ;1;2; ; ;1; ;12;97,7479937912375
3360329;1;1;2;2;70; ;2; ; ;1;2; ; ;1; ;12;84,1217182564887
3360329;1;2;2;2;70; ;2; ; ;1;2; ; ;1; ;12;84,1217182564887
3360329;1;3;1; ; ; ; ; ; ; ; ; ; ; ; ;12;84,1217182564887
3360329;1;4;2;2;70; ;3;70; ;1;2; ; ;1; ;12;84,1217182564887
3360330;1;1;2;2;23; ;2; ; ;1;2; ; ;1; ;12;129,943374320142
3360330;1;2;1; ; ; ; ; ; ; ; ; ; ; ; ;12;129,943374320142
3360330;1;3;1; ; ; ; ; ; ; ; ; ; ; ; ;12;129,943374320142
3360331;1;1;2;2;70; ;2; ; ;1;2; ; ;1; ;12;105,332368349868
3360331;1;2;1; ; ; ; ; ; ; ; ; ; ; ; ;12;105,332368349868
3360331;1;3;1; ; ; ; ; ; ; ; ; ; ; ; ;12;105,332368349868
3360332;1;1;2;2;70; ;2; ; ;1;2; ; ;1; ;12;87,9654889603185
3360332;1;2;2;2;70; ;2; ; ;1;2; ; ;1; ;12;87,9654889603185
3360332;1;3;1; ; ; ; ; ; ; ; ; ; ; ; ;12;87,9654889603185
3360332;1;4;1; ; ; ; ; ; ; ; ; ; ; ; ;12;87,9654889603185
3360332;1;5;1; ; ; ; ; ; ; ; ; ; ; ; ;12;87,9654889603185
3360332;1;6;1; ; ; ; ; ; ; ; ; ; ; ; ;12;87,9654889603185
3360333;1;1;2;2;13; ;2; ; ;1;2; ; ;1; ;12;105,415414872583
3360334;1;1;2;2;13; ;2; ; ;1;2; ; ;1; ;12;202,196342671769
3360335;1;1;1; ; ; ; ; ; ; ; ; ; ; ; ;12;208,539105210621
3360335;1;2;1; ; ; ; ; ; ; ; ; ; ; ; ;12;208,539105210621
3360335;1;3;1; ; ; ; ; ; ; ; ; ; ; ; ;12;208,539105210621
3360335;1;4;1; ; ; ; ; ; ; ; ; ; ; ; ;12;208,539105210621
3360335;1;5;1; ; ; ; ; ; ; ; ; ; ; ; ;12;208,539105210621
3360336;1;1;2;2;17; ;3;05; ;1;2; ; ;1; ;12;69,6521817999344
3360336;1;2;2;2;17; ;3;05; ;1;2; ; ;1; ;12;69,6521817999344
3360336;1;3;2;2;17; ;3;05; ;1;2; ; ;1; ;12;69,6521817999344
3360336;1;4;2;2;66; ;2; ; ;1;3;05; ;1; ;12;69,6521817999344
3360336;1;5;1; ; ; ; ; ; ; ; ; ; ; ; ;12;69,6521817999344
3360336;1;6;1; ; ; ; ; ; ; ; ; ; ; ; ;12;69,6521817999344
3360337;1;1;2;2;70; ;2; ; ;1;2; ; ;1; ;12;52,9882435073205
3360337;1;2;1; ; ; ; ; ; ; ; ; ; ; ; ;12;52,9882435073205
3360337;1;3;1; ; ; ; ; ; ; ; ; ; ; ; ;12;52,9882435073205
3360337;1;4;2;2;70; ;2; ; ;1;2; ; ;1; ;12;52,9882435073205
3360337;1;5;1; ; ; ; ; ; ; ; ; ; ; ; ;12;52,9882435073205
3360338;1;1;1; ; ; ; ; ; ; ; ; ; ; ; ;12;81,7413971594523
3360338;1;2;1; ; ; ; ; ; ; ; ; ; ; ; ;12;81,7413971594523
3360338;1;3;1; ; ; ; ; ; ; ; ; ; ; ; ;12;81,7413971594523
3360338;1;4;1; ; ; ; ; ; ; ; ; ; ; ; ;12;81,7413971594523
3360338;1;5;1; ; ; ; ; ; ; ; ; ; ; ; ;12;81,7413971594523
3360339;1;1;1; ; ; ; ; ; ; ; ; ; ; ; ;12;94,3502407995279
3360339;1;2;1; ; ; ; ; ; ; ; ; ; ; ; ;12;94,3502407995279
3360339;1;3;1; ; ; ; ; ; ; ; ; ; ; ; ;12;94,3502407995279
3360339;1;4;1; ; ; ; ; ; ; ; ; ; ; ; ;12;94,3502407995279
3360339;1;5;1; ; ; ; ; ; ; ; ; ; ; ; ;12;94,3502407995279
3360339;1;6;1; ; ; ; ; ; ; ; ; ; ; ; ;12;94,3502407995279
3360339;1;7;1; ; ; ; ; ; ; ; ; ; ; ; ;12;94,3502407995279
3360340;1;1;2;2;23; ;2; ; ;1;2; ; ;1; ;12;90,3961433848554
3360340;1;2;1; ; ; ; ; ; ; ; ; ; ; ; ;12;90,3961433848554
3360340;1;3;1; ; ; ; ; ; ; ; ; ; ; ; ;12;90,3961433848554
3360340;1;4;1; ; ; ; ; ; ; ; ; ; ; ; ;12;90,3961433848554
3360340;1;5;1; ; ; ; ; ; ; ; ; ; ; ; ;12;90,3961433848554
3360341;1;1;1; ; ; ; ; ; ; ; ; ; ; ; ;12;123,851049989656
3360341;1;2;2;2;70; ;2; ; ;1;2; ; ;1; ;12;123,851049989656
3360341;1;3;1; ; ; ; ; ; ; ; ; ; ; ; ;12;123,851049989656
3360341;1;4;1; ; ; ; ; ; ; ; ; ; ; ; ;12;123,851049989656
3360342;1;1;2;2;70; ;2; ; ;1;2; ; ;1; ;12;198,281105069935
3360342;1;2;2;2;08; ;2; ; ;1;2; ; ;1; ;12;198,281105069935
3360342;1;3;1; ; ; ; ; ; ; ; ; ; ; ; ;12;198,281105069935
3360342;1;4;1; ; ; ; ; ; ; ; ; ; ; ; ;12;198,281105069935
3360342;1;5;1; ; ; ; ; ; ; ; ; ; ; ; ;12;198,281105069935
3360342;1;6;1; ; ; ; ; ; ; ; ; ; ; ; ;12;198,281105069935
3360343;1;1;1; ; ; ; ; ; ; ; ; ; ; ; ;12;211,163464482449
3360343;1;2;1; ; ; ; ; ; ; ; ; ; ; ; ;12;211,163464482449
3360343;1;3;1; ; ; ; ; ; ; ; ; ; ; ; ;12;211,163464482449
3360344;1;1;1; ; ; ; ; ; ; ; ; ; ; ; ;12;258,026464902745
3360344;1;2;1; ; ; ; ; ; ; ; ; ; ; ; ;12;258,026464902745
3360344;1;3;1; ; ; ; ; ; ; ; ; ; ; ; ;12;258,026464902745
3360344;1;4;1; ; ; ; ; ; ; ; ; ; ; ; ;12;258,026464902745
3360344;1;5;1; ; ; ; ; ; ; ; ; ; ; ; ;12;258,026464902745
3360344;1;6;1; ; ; ; ; ; ; ; ; ; ; ; ;12;258,026464902745
3360345;1;1;2;2;44; ;2; ; ;1;2; ; ;1; ;12;165,223531364125
3360345;1;2;1; ; ; ; ; ; ; ; ; ; ; ; ;12;165,223531364125
3360345;1;3;1; ; ; ; ; ; ; ; ; ; ; ; ;12;165,223531364125
3360345;1;4;1; ; ; ; ; ; ; ; ; ; ; ; ;12;165,223531364125
3360346;1;1;1; ; ; ; ; ; ; ; ; ; ; ; ;12;153,555167962117
3360346;1;2;2;2;70; ;2; ; ;1;2; ; ;1; ;12;153,555167962117
3360346;1;3;1; ; ; ; ; ; ; ; ; ; ; ; ;12;153,555167962117
3360346;1;4;1; ; ; ; ; ; ; ; ; ; ; ; ;12;153,555167962117
3360346;1;5;1; ; ; ; ; ; ; ; ; ; ; ; ;12;153,555167962117
3360347;1;1;2;2;70; ;2; ; ;1;2; ; ;1; ;12;146,904210985862
3360347;1;2;2;2;05; ;2; ; ;1;2; ; ;1; ;12;146,904210985862
3360347;1;3;1; ; ; ; ; ; ; ; ; ; ; ; ;12;146,904210985862
3360347;1;4;1; ; ; ; ; ; ; ; ; ; ; ; ;12;146,904210985862
3360348;1;1;2;2;70; ;2; ; ;1;2; ; ;1; ;12;78,3585078958956
3360348;1;2;1; ; ; ; ; ; ; ; ; ; ; ; ;12;78,3585078958956
3360349;1;1;2;2;23; ;2; ; ;1;2; ; ;1; ;12;119,796161486812
3360349;1;2;1; ; ; ; ; ; ; ; ; ; ; ; ;12;119,796161486812
3360349;1;3;1; ; ; ; ; ; ; ; ; ; ; ; ;12;119,796161486812
3360349;1;4;1; ; ; ; ; ; ; ; ; ; ; ; ;12;119,796161486812
3360350;1;1;2;2;23; ;2; ; ;1;2; ; ;1; ;12;100,909983202756
3360351;1;1;2;2;70; ;2; ; ;1;2; ; ;1; ;12;87,0650087732173
3360351;1;2;2;2;70; ;2; ; ;1;2; ; ;1; ;12;87,0650087732173
3360352;1;1;2;2;13; ;3;13; ;1;2; ; ;1; ;12;128,436333534203
3360352;1;2;2;2;13; ;3;13; ;1;2; ; ;1; ;12;128,436333534203
3360353;1;1;2;2;70; ;2; ; ;1;2; ; ;1; ;12;87,0650087732173
3360353;1;2;2;2;70; ;2; ; ;1;2; ; ;1; ;12;87,0650087732173
3360354;1;1;2;2;70; ;2; ; ;1;2; ; ;1; ;12;94,0509083781953
3360354;1;2;2;2;13; ;2; ; ;1;2; ; ;1; ;12;94,0509083781953
3360354;1;3;1; ; ; ; ; ; ; ; ; ; ; ; ;12;94,0509083781953
3360354;1;4;1; ; ; ; ; ; ; ; ; ; ; ; ;12;94,0509083781953
3360354;1;5;1; ; ; ; ; ; ; ; ; ; ; ; ;12;94,0509083781953
3360354;1;6;1; ; ; ; ; ; ; ; ; ; ; ; ;12;94,0509083781953
3360355;1;1;2;2;70; ;2; ; ;1;2; ; ;1; ;12;92,8718913632833
3360355;1;2;1; ; ; ; ; ; ; ; ; ; ; ; ;12;92,8718913632833
3360355;1;3;1; ; ; ; ; ; ; ; ; ; ; ; ;12;92,8718913632833
3360355;1;4;1; ; ; ; ; ; ; ; ; ; ; ; ;12;92,8718913632833
3360356;1;1;1; ; ; ; ; ; ; ; ; ; ; ; ;12;81,7225425369627
3360356;1;2;1; ; ; ; ; ; ; ; ; ; ; ; ;12;81,7225425369627
3360356;1;3;1; ; ; ; ; ; ; ; ; ; ; ; ;12;81,7225425369627
3360356;1;4;1; ; ; ; ; ; ; ; ; ; ; ; ;12;81,7225425369627
3360357;1;1;2;2;70; ;2; ; ;1;2; ; ;1; ;12;103,132223194198
3360357;1;2;1; ; ; ; ; ; ; ; ; ; ; ; ;12;103,132223194198
3360357;1;3;1; ; ; ; ; ; ; ; ; ; ; ; ;12;103,132223194198
3360358;1;1;2;2;70; ;2; ; ;1;2; ; ;1; ;12;110,667443155328
3360358;1;2;2;2;70; ;2; ; ;1;2; ; ;1; ;12;110,667443155328
3360358;1;3;2;2;05; ;2; ; ;1;2; ; ;1; ;12;110,667443155328
3360359;1;1;1; ; ; ; ; ; ; ; ; ; ; ; ;12;118,791341780207
3360359;1;2;1; ; ; ; ; ; ; ; ; ; ; ; ;12;118,791341780207
3360359;1;3;1; ; ; ; ; ; ; ; ; ; ; ; ;12;118,791341780207
3360359;1;4;1; ; ; ; ; ; ; ; ; ; ; ; ;12;118,791341780207
3360359;1;5;1; ; ; ; ; ; ; ; ; ; ; ; ;12;118,791341780207
3360359;1;6;1; ; ; ; ; ; ; ; ; ; ; ; ;12;118,791341780207
3360360;1;1;1; ; ; ; ; ; ; ; ; ; ; ; ;12;217,44592613044
3360360;1;2;2;2;23; ;2; ; ;1;2; ; ;1; ;12;217,44592613044
3360360;1;3;1; ; ; ; ; ; ; ; ; ; ; ; ;12;217,44592613044
3360360;1;4;1; ; ; ; ; ; ; ; ; ; ; ; ;12;217,44592613044
3360360;1;5;1; ; ; ; ; ; ; ; ; ; ; ; ;12;217,44592613044
3360361;1;1;1; ; ; ; ; ; ; ; ; ; ; ; ;12;114,947054866086
3360361;1;2;2;1; ; ;2; ; ;1;2; ; ;1; ;12;114,947054866086
3360361;1;3;2;2;08; ;2; ; ;1;2; ; ;1; ;12;114,947054866086
3360361;1;4;1; ; ; ; ; ; ; ; ; ; ; ; ;12;114,947054866086
3360361;1;5;2;2;23; ;2; ; ;1;2; ; ;1; ;12;114,947054866086
3360361;1;6;1; ; ; ; ; ; ; ; ; ; ; ; ;12;114,947054866086
3360362;1;1;1; ; ; ; ; ; ; ; ; ; ; ; ;12;104,002591716808
3360362;1;2;1; ; ; ; ; ; ; ; ; ; ; ; ;12;104,002591716808
3360363;1;1;1; ; ; ; ; ; ; ; ; ; ; ; ;12;121,144792742361
3360363;1;2;1; ; ; ; ; ; ; ; ; ; ; ; ;12;121,144792742361
3360363;1;3;1; ; ; ; ; ; ; ; ; ; ; ; ;12;121,144792742361
3360363;1;4;2;1; ; ;3;23; ;1;2; ; ;1; ;12;121,144792742361
3360363;1;5;1; ; ; ; ; ; ; ; ; ; ; ; ;12;121,144792742361
3360363;1;6;1; ; ; ; ; ; ; ; ; ; ; ; ;12;121,144792742361
3360364;1;1;2;2;20; ;2; ; ;1;2; ; ;1; ;12;106,010289650531
3360364;1;2;1; ; ; ; ; ; ; ; ; ; ; ; ;12;106,010289650531
3360364;1;3;1; ; ; ; ; ; ; ; ; ; ; ; ;12;106,010289650531
3360365;1;1;1; ; ; ; ; ; ; ; ; ; ; ; ;12;76,6234867623565
3360365;1;2;1; ; ; ; ; ; ; ; ; ; ; ; ;12;76,6234867623565
3360365;1;3;1; ; ; ; ; ; ; ; ; ; ; ; ;12;76,6234867623565
3360365;1;4;1; ; ; ; ; ; ; ; ; ; ; ; ;12;76,6234867623565
3360365;1;5;1; ; ; ; ; ; ; ; ; ; ; ; ;12;76,6234867623565
3360365;1;6;1; ; ; ; ; ; ; ; ; ; ; ; ;12;76,6234867623565
3360365;1;7;1; ; ; ; ; ; ; ; ; ; ; ; ;12;76,6234867623565
3360365;1;8;1; ; ; ; ; ; ; ; ; ; ; ; ;12;76,6234867623565
3360366;1;1;1; ; ; ; ; ; ; ; ; ; ; ; ;12;142,720071016038
3360366;1;2;1; ; ; ; ; ; ; ; ; ; ; ; ;12;142,720071016038
3360366;1;3;1; ; ; ; ; ; ; ; ; ; ; ; ;12;142,720071016038
3360366;1;4;1; ; ; ; ; ; ; ; ; ; ; ; ;12;142,720071016038
3360366;1;5;1; ; ; ; ; ; ; ; ; ; ; ; ;12;142,720071016038
3360366;1;6;1; ; ; ; ; ; ; ; ; ; ; ; ;12;142,720071016038
3360366;1;7;1; ; ; ; ; ; ; ; ; ; ; ; ;12;142,720071016038
3360366;1;8;1; ; ; ; ; ; ; ; ; ; ; ; ;12;142,720071016038
3360366;1;9;1; ; ; ; ; ; ; ; ; ; ; ; ;12;142,720071016038
3360366;1;10;1; ; ; ; ; ; ; ; ; ; ; ; ;12;142,720071016038
3360367;1;1;2;2;70; ;2; ; ;1;2; ; ;1; ;12;212,405473744956
3360367;1;2;1; ; ; ; ; ; ; ; ; ; ; ; ;12;212,405473744956
3360368;1;1;2;2;70; ;2; ; ;1;2; ; ;1; ;12;243,633996262686
3360368;1;2;1; ; ; ; ; ; ; ; ; ; ; ; ;12;243,633996262686
3360369;1;1;1; ; ; ; ; ; ; ; ; ; ; ; ;12;233,436297012861
3360369;1;2;1; ; ; ; ; ; ; ; ; ; ; ; ;12;233,436297012861
3360369;1;3;1; ; ; ; ; ; ; ; ; ; ; ; ;12;233,436297012861
3360369;1;4;1; ; ; ; ; ; ; ; ; ; ; ; ;12;233,436297012861
3360369;1;5;1; ; ; ; ; ; ; ; ; ; ; ; ;12;233,436297012861
3360370;1;1;2;2;70; ;2; ; ;1;2; ; ;1; ;12;70,8232879347653
3360370;1;2;1; ; ; ; ; ; ; ; ; ; ; ; ;12;70,8232879347653
3360371;1;1;1; ; ; ; ; ; ; ; ; ; ; ; ;12;91,5421147302234
3360371;1;2;1; ; ; ; ; ; ; ; ; ; ; ; ;12;91,5421147302234
3360371;1;3;1; ; ; ; ; ; ; ; ; ; ; ; ;12;91,5421147302234
3360372;1;1;1; ; ; ; ; ; ; ; ; ; ; ; ;12;110,686297777818
3360372;1;2;2;2;44; ;2; ; ;1;2; ; ;1; ;12;110,686297777818
3360372;1;3;1; ; ; ; ; ; ; ; ; ; ; ; ;12;110,686297777818
3360372;1;4;1; ; ; ; ; ; ; ; ; ; ; ; ;12;110,686297777818
3360374;1;1;1; ; ; ; ; ; ; ; ; ; ; ; ;12;109,964502058393
3360374;1;2;1; ; ; ; ; ; ; ; ; ; ; ; ;12;109,964502058393
3360374;1;3;2;2;70; ;2; ; ;1;2; ; ;1; ;12;109,964502058393
3360374;1;4;2;2;70; ;2; ; ;1;2; ; ;1; ;12;109,964502058393
3360374;1;5;1; ; ; ; ; ; ; ; ; ; ; ; ;12;109,964502058393
3360374;1;6;2;2;13; ;2; ; ;1;2; ; ;1; ;12;109,964502058393
3360374;1;7;2;2;70; ;2; ; ;1;2; ; ;1; ;12;109,964502058393
3360375;1;1;2;2;23; ;2; ; ;1;2; ; ;1; ;12;109,401378471902
3360375;1;2;2;2;70; ;2; ; ;1;2; ; ;1; ;12;109,401378471902
3360375;1;3;1; ; ; ; ; ; ; ; ; ; ; ; ;12;109,401378471902
3360375;1;4;1; ; ; ; ; ; ; ; ; ; ; ; ;12;109,401378471902
3360375;1;5;1; ; ; ; ; ; ; ; ; ; ; ; ;12;109,401378471902
3360375;1;6;1; ; ; ; ; ; ; ; ; ; ; ; ;12;109,401378471902
3360379;1;1;1; ; ; ; ; ; ; ; ; ; ; ; ;12;89,1105238232261
3360379;1;2;1; ; ; ; ; ; ; ; ; ; ; ; ;12;89,1105238232261
3360379;1;3;1; ; ; ; ; ; ; ; ; ; ; ; ;12;89,1105238232261
3360379;2;1;1; ; ; ; ; ; ; ; ; ; ; ; ;12;89,1105238232261
3360379;2;2;1; ; ; ; ; ; ; ; ; ; ; ; ;12;89,1105238232261
3360379;2;3;1; ; ; ; ; ; ; ; ; ; ; ; ;12;89,1105238232261
3360379;2;4;1; ; ; ; ; ; ; ; ; ; ; ; ;12;89,1105238232261
3360380;1;1;1; ; ; ; ; ; ; ; ; ; ; ; ;12;83,7124373238455
3360380;1;2;1; ; ; ; ; ; ; ; ; ; ; ; ;12;83,7124373238455
3360380;1;3;1; ; ; ; ; ; ; ; ; ; ; ; ;12;83,7124373238455
3360381;1;1;1; ; ; ; ; ; ; ; ; ; ; ; ;12;86,3985506642502
3360381;1;2;1; ; ; ; ; ; ; ; ; ; ; ; ;12;86,3985506642502
3360381;1;3;1; ; ; ; ; ; ; ; ; ; ; ; ;12;86,3985506642502
3360381;1;4;1; ; ; ; ; ; ; ; ; ; ; ; ;12;86,3985506642502
3360381;1;5;1; ; ; ; ; ; ; ; ; ; ; ; ;12;86,3985506642502
3360382;1;1;2;2;23; ;3;23; ;1;2; ; ;1; ;12;165,223531364125
3360382;1;2;2;2;23; ;3;23; ;1;2; ; ;1; ;12;165,223531364125
3360382;1;3;1; ; ; ; ; ; ; ; ; ; ; ; ;12;165,223531364125
3360382;1;4;2;2;23; ;3;23; ;1;2; ; ;1; ;12;165,223531364125
3360383;1;1;1; ; ; ; ; ; ; ; ; ; ; ; ;12;124,721418512266
3360383;1;2;1; ; ; ; ; ; ; ; ; ; ; ; ;12;124,721418512266
3360383;1;3;1; ; ; ; ; ; ; ; ; ; ; ; ;12;124,721418512266
3360384;1;1;2;2;47; ;2; ; ;1;2; ; ;1; ;12;59,4115514994691
3360384;1;2;2;2;70; ;2; ; ;1;2; ; ;1; ;12;59,4115514994691
3360384;1;3;1; ; ; ; ; ; ; ; ; ; ; ; ;12;59,4115514994691
3360384;1;4;1; ; ; ; ; ; ; ; ; ; ; ; ;12;59,4115514994691
3360384;1;5;1; ; ; ; ; ; ; ; ; ; ; ; ;12;59,4115514994691
3360384;1;6;1; ; ; ; ; ; ; ; ; ; ; ; ;12;59,4115514994691
3360384;1;7;2;2;70; ;2; ; ;1;2; ; ;1; ;12;59,4115514994691
3360385;1;1;1; ; ; ; ; ; ; ; ; ; ; ; ;12;89,9674709823598
3360385;1;2;1; ; ; ; ; ; ; ; ; ; ; ; ;12;89,9674709823598
3360385;1;3;1; ; ; ; ; ; ; ; ; ; ; ; ;12;89,9674709823598
3360386;1;1;2;2;70; ;2; ; ;1;2; ; ;1; ;12;94,4510318876997
3360386;1;2;1; ; ; ; ; ; ; ; ; ; ; ; ;12;94,4510318876997
3360386;1;3;1; ; ; ; ; ; ; ; ; ; ; ; ;12;94,4510318876997
3360386;1;4;2;2;70; ;2; ; ;1;2; ; ;1; ;12;94,4510318876997
3360386;1;5;1; ; ; ; ; ; ; ; ; ; ; ; ;12;94,4510318876997
3360387;1;1;2;2;70; ;2; ; ;1;2; ; ;1; ;12;83,3853327682093
3360387;1;2;1; ; ; ; ; ; ; ; ; ; ; ; ;12;83,3853327682093
3360387;1;3;1; ; ; ; ; ; ; ; ; ; ; ; ;12;83,3853327682093
3360387;1;4;1; ; ; ; ; ; ; ; ; ; ; ; ;12;83,3853327682093
3360387;1;5;1; ; ; ; ; ; ; ; ; ; ; ; ;12;83,3853327682093
3360387;1;6;1; ; ; ; ; ; ; ; ; ; ; ; ;12;83,3853327682093
3360388;1;1;2;2;70; ;2; ; ;1;2; ; ;1; ;12;83,1544443865122
3360388;1;2;1; ; ; ; ; ; ; ; ; ; ; ; ;12;83,1544443865122
3360388;1;3;1; ; ; ; ; ; ; ; ; ; ; ; ;12;83,1544443865122
3360388;1;4;1; ; ; ; ; ; ; ; ; ; ; ; ;12;83,1544443865122
3360388;1;5;1; ; ; ; ; ; ; ; ; ; ; ; ;12;83,1544443865122
3360388;1;6;2;2;13; ;3;20; ;1;2; ; ;1; ;12;83,1544443865122
3360388;1;7;1; ; ; ; ; ; ; ; ; ; ; ; ;12;83,1544443865122
3360388;1;8;1; ; ; ; ; ; ; ; ; ; ; ; ;12;83,1544443865122
3360389;1;1;1; ; ; ; ; ; ; ; ; ; ; ; ;12;123,659303023422
3360389;1;2;1; ; ; ; ; ; ; ; ; ; ; ; ;12;123,659303023422
3360389;1;3;1; ; ; ; ; ; ; ; ; ; ; ; ;12;123,659303023422
3360389;1;4;1; ; ; ; ; ; ; ; ; ; ; ; ;12;123,659303023422
3360389;1;5;1; ; ; ; ; ; ; ; ; ; ; ; ;12;123,659303023422
3360390;1;1;2;2;13; ;2; ; ;1;2; ; ;1; ;12;99,0961893138433
3360390;1;2;2;2;13; ;2; ; ;1;2; ; ;1; ;12;99,0961893138433
3360390;1;3;2;2;13; ;2; ; ;1;2; ; ;1; ;12;99,0961893138433
3360390;1;4;2;2;13; ;2; ; ;1;2; ; ;1; ;12;99,0961893138433
3360395;1;1;2;2;08; ;2; ; ;1;2; ; ;1; ;12;103,591631304648
3360395;1;2;1; ; ; ; ; ; ; ; ; ; ; ; ;12;103,591631304648
3360395;2;1;2;2;68; ;3;68; ;1;3;68; ;1; ;12;103,591631304648
3360395;3;1;2;2;23; ;2; ; ;1;2; ; ;1; ;12;103,591631304648
3360395;3;2;2;2;13; ;2; ; ;1;2; ; ;1; ;12;103,591631304648
3360396;1;1;1; ; ; ; ; ; ; ; ; ; ; ; ;12;59,2302534482158
3360396;1;2;1; ; ; ; ; ; ; ; ; ; ; ; ;12;59,2302534482158
3360396;1;3;1; ; ; ; ; ; ; ; ; ; ; ; ;12;59,2302534482158
3360396;1;4;1; ; ; ; ; ; ; ; ; ; ; ; ;12;59,2302534482158
3360396;1;5;1; ; ; ; ; ; ; ; ; ; ; ; ;12;59,2302534482158
3360396;1;6;1; ; ; ; ; ; ; ; ; ; ; ; ;12;59,2302534482158
3360396;1;7;1; ; ; ; ; ; ; ; ; ; ; ; ;12;59,2302534482158
3360396;1;8;1; ; ; ; ; ; ; ; ; ; ; ; ;12;59,2302534482158
3360396;1;9;1; ; ; ; ; ; ; ; ; ; ; ; ;12;59,2302534482158
3360396;1;10;1; ; ; ; ; ; ; ; ; ; ; ; ;12;59,2302534482158
3360397;1;1;2;1; ; ;2; ; ;1;2; ; ;1; ;12;100,227802813275
3360397;1;2;1; ; ; ; ; ; ; ; ; ; ; ; ;12;100,227802813275
3360398;1;1;2;3; ;3;2; ; ;1;2; ; ;1; ;12;86,8460776892353
3360398;1;2;2;2;70; ;2; ; ;1;2; ; ;1; ;12;86,8460776892353
3360398;1;3;1; ; ; ; ; ; ; ; ; ; ; ; ;12;86,8460776892353
3360398;1;4;2;1; ; ;4; ;3; ;2; ; ;1; ;12;86,8460776892353
3360398;1;5;1; ; ; ; ; ; ; ; ; ; ; ; ;12;86,8460776892353
3360398;1;6;1; ; ; ; ; ; ; ; ; ; ; ; ;12;86,8460776892353
3360398;1;7;1; ; ; ; ; ; ; ; ; ; ; ; ;12;86,8460776892353
3360398;1;8;2;2;70; ;3;70; ;1;2; ; ;1; ;12;86,8460776892353
3360399;1;1;1; ; ; ; ; ; ; ; ; ; ; ; ;12;211,163464482449
3360399;1;2;1; ; ; ; ; ; ; ; ; ; ; ; ;12;211,163464482449
3360399;1;3;1; ; ; ; ; ; ; ; ; ; ; ; ;12;211,163464482449
3360400;1;1;2;1; ; ;2; ; ;1;2; ; ;1; ;12;177,44149944757
3360400;1;2;1; ; ; ; ; ; ; ; ; ; ; ; ;12;177,44149944757
3360400;1;3;1; ; ; ; ; ; ; ; ; ; ; ; ;12;177,44149944757
3360400;1;4;1; ; ; ; ; ; ; ; ; ; ; ; ;12;177,44149944757
3360400;1;5;1; ; ; ; ; ; ; ; ; ; ; ; ;12;177,44149944757
3360400;1;6;1; ; ; ; ; ; ; ; ; ; ; ; ;12;177,44149944757
3360400;1;7;2;2;05; ;3;05; ;2;3;05; ;2;4;12;177,44149944757
3360400;1;8;2;2;05; ;3;05; ;2;3;05; ;2;4;12;177,44149944757
3360400;1;9;2;2;05; ;3;05; ;2;3;05; ;2;4;12;177,44149944757
3360400;1;10;2;2;05; ;1; ; ; ;3;05; ;2;4;12;177,44149944757
3360400;1;11;2;2;05; ;1; ; ; ;3;05; ;2;4;12;177,44149944757
3360400;1;12;1; ; ; ; ; ; ; ; ; ; ; ; ;12;177,44149944757
3360401;1;1;2;2;23; ;2; ; ;1;2; ; ;1; ;12;156,717015791791
3360401;1;2;2;2;70; ;2; ; ;1;2; ; ;1; ;12;156,717015791791
3360402;1;1;2;2;70; ;2; ; ;1;2; ; ;1; ;12;102,780098842289
3360402;1;2;1; ; ; ; ; ; ; ; ; ; ; ; ;12;102,780098842289
3360402;1;3;2;1; ; ;3;23; ;1;2; ; ;1; ;12;102,780098842289
3360402;1;4;2;2;70; ;2; ; ;1;2; ; ;1; ;12;102,780098842289
3360402;1;5;1; ; ; ; ; ; ; ; ; ; ; ; ;12;102,780098842289
3360402;1;6;1; ; ; ; ; ; ; ; ; ; ; ; ;12;102,780098842289
3360402;1;7;1; ; ; ; ; ; ; ; ; ; ; ; ;12;102,780098842289
3360402;1;8;1; ; ; ; ; ; ; ; ; ; ; ; ;12;102,780098842289
3360402;1;9;2;1; ; ;2; ; ;1;2; ; ;1; ;12;102,780098842289
3360402;1;10;1; ; ; ; ; ; ; ; ; ; ; ; ;12;102,780098842289
3360403;1;1;2;2;47; ;2; ; ;1;2; ; ;1; ;12;122,986603528421
3360403;1;2;2;1; ; ;2; ; ;1;2; ; ;1; ;12;122,986603528421
3360403;1;3;2;1; ; ;2; ; ;1;3;11; ;1; ;12;122,986603528421
3360403;1;4;2;2;20; ;3;08; ;1;3;11; ;1; ;12;122,986603528421
3360403;1;5;2;2;11; ;1; ; ; ;1; ; ; ; ;12;122,986603528421
3360403;1;6;1; ; ; ; ; ; ; ; ; ; ; ; ;12;122,986603528421
3360403;1;7;1; ; ; ; ; ; ; ; ; ; ; ; ;12;122,986603528421
3360403;1;8;1; ; ; ; ; ; ; ; ; ; ; ; ;12;122,986603528421
3360404;1;1;2;2;05; ;2; ; ;1;2; ; ;1; ;12;101,532559650061
3360404;1;2;2;2;70; ;2; ; ;1;2; ; ;1; ;12;101,532559650061
3360404;1;3;2;2;70; ;2; ; ;1;2; ; ;1; ;12;101,532559650061
3360404;1;4;1; ; ; ; ; ; ; ; ; ; ; ; ;12;101,532559650061
3360404;1;5;2;2;70; ;2; ; ;1;3;70; ;1; ;12;101,532559650061
3360404;1;6;2;2;70; ;2; ; ;1;2; ; ;1; ;12;101,532559650061
3360404;1;7;1; ; ; ; ; ; ; ; ; ; ; ; ;12;101,532559650061
3360405;1;1;2;2;70; ;2; ; ;1;2; ; ;1; ;12;67,2466621648603
3360405;1;2;1; ; ; ; ; ; ; ; ; ; ; ; ;12;67,2466621648603
3360405;1;3;2;1; ; ;2; ; ;1;2; ; ;1; ;12;67,2466621648603
3360405;1;4;1; ; ; ; ; ; ; ; ; ; ; ; ;12;67,2466621648603
3360405;1;5;1; ; ; ; ; ; ; ; ; ; ; ; ;12;67,2466621648603
3360406;1;1;2;2;13; ;2; ; ;1;2; ; ;1; ;12;95,0720365189533
3360406;1;2;2;2;23; ;2; ; ;1;2; ; ;1; ;12;95,0720365189533
3360406;1;3;1; ; ; ; ; ; ; ; ; ; ; ; ;12;95,0720365189533
3360406;1;4;1; ; ; ; ; ; ; ; ; ; ; ; ;12;95,0720365189533
3360407;1;1;2;1; ; ;2; ; ;1;2; ; ;1; ;12;79,707139151445
3360407;1;2;1; ; ; ; ; ; ; ; ; ; ; ; ;12;79,707139151445
3360407;1;3;1; ; ; ; ; ; ; ; ; ; ; ; ;12;79,707139151445
3360407;1;4;1; ; ; ; ; ; ; ; ; ; ; ; ;12;79,707139151445
3360408;1;1;1; ; ; ; ; ; ; ; ; ; ; ; ;12;93,9973396889309
3360408;1;2;1; ; ; ; ; ; ; ; ; ; ; ; ;12;93,9973396889309
3360408;1;3;1; ; ; ; ; ; ; ; ; ; ; ; ;12;93,9973396889309
3360408;1;4;1; ; ; ; ; ; ; ; ; ; ; ; ;12;93,9973396889309
3360408;1;5;1; ; ; ; ; ; ; ; ; ; ; ; ;12;93,9973396889309
3360408;1;6;1; ; ; ; ; ; ; ; ; ; ; ; ;12;93,9973396889309
3360408;1;7;1; ; ; ; ; ; ; ; ; ; ; ; ;12;93,9973396889309
3360409;1;1;1; ; ; ; ; ; ; ; ; ; ; ; ;12;84,1718454342953
3360409;1;2;1; ; ; ; ; ; ; ; ; ; ; ; ;12;84,1718454342953
3360409;1;3;1; ; ; ; ; ; ; ; ; ; ; ; ;12;84,1718454342953
3360409;1;4;1; ; ; ; ; ; ; ; ; ; ; ; ;12;84,1718454342953
3360409;1;5;1; ; ; ; ; ; ; ; ; ; ; ; ;12;84,1718454342953
3360410;1;1;2;1; ; ;2; ; ;1;2; ; ;1; ;12;110,667443155328
3360410;1;2;1; ; ; ; ; ; ; ; ; ; ; ; ;12;110,667443155328
3360410;1;3;2;2;70; ;2; ; ;1;2; ; ;1; ;12;110,667443155328
3360411;1;1;2;2;70; ;2; ; ;1;2; ; ;1; ;12;104,431264119304
3360411;1;2;1; ; ; ; ; ; ; ; ; ; ; ; ;12;104,431264119304
3360411;1;3;1; ; ; ; ; ; ; ; ; ; ; ; ;12;104,431264119304
3360411;1;4;1; ; ; ; ; ; ; ; ; ; ; ; ;12;104,431264119304
3360412;1;1;2;2;47; ;2; ; ;1;2; ; ;1; ;12;116,463068703393
3360413;1;1;1; ; ; ; ; ; ; ; ; ; ; ; ;12;76,3874677315023
3360413;1;2;1; ; ; ; ; ; ; ; ; ; ; ; ;12;76,3874677315023
3360413;1;3;1; ; ; ; ; ; ; ; ; ; ; ; ;12;76,3874677315023
3360413;1;4;1; ; ; ; ; ; ; ; ; ; ; ; ;12;76,3874677315023
3360414;1;1;2;1; ; ;2; ; ;1;2; ; ;1; ;12;70,1058739987031
3360414;1;2;2;2;08; ;2; ; ;1;2; ; ;1; ;12;70,1058739987031
3360414;1;3;2;2;08; ;2; ; ;1;2; ; ;1; ;12;70,1058739987031
3360414;1;4;2;2;13; ;2; ; ;1;2; ; ;1; ;12;70,1058739987031
3360415;1;1;2;2;23; ;2; ; ;1;2; ; ;1; ;12;137,181895498851
3360415;1;2;2;2;70; ;2; ; ;1;2; ; ;1; ;12;137,181895498851
3360419;1;1;2;2;70; ;2; ; ;1;2; ; ;1; ;12;126,300559036683
3360419;1;2;1; ; ; ; ; ; ; ; ; ; ; ; ;12;126,300559036683
3360419;1;3;1; ; ; ; ; ; ; ; ; ; ; ; ;12;126,300559036683
3360419;1;4;1; ; ; ; ; ; ; ; ; ; ; ; ;12;126,300559036683
3360420;1;1;1; ; ; ; ; ; ; ; ; ; ; ; ;12;92,4876971751018
3360420;1;2;1; ; ; ; ; ; ; ; ; ; ; ; ;12;92,4876971751018
3360420;1;3;1; ; ; ; ; ; ; ; ; ; ; ; ;12;92,4876971751018
3360420;1;4;1; ; ; ; ; ; ; ; ; ; ; ; ;12;92,4876971751018
3360420;1;5;1; ; ; ; ; ; ; ; ; ; ; ; ;12;92,4876971751018
3360420;1;6;1; ; ; ; ; ; ; ; ; ; ; ; ;12;92,4876971751018
3360421;1;1;1; ; ; ; ; ; ; ; ; ; ; ; ;12;111,36421907848
3360421;1;2;2;2;70; ;2; ; ;1;2; ; ;1; ;12;111,36421907848
3360421;1;3;1; ; ; ; ; ; ; ; ; ; ; ; ;12;111,36421907848
3360421;1;4;1; ; ; ; ; ; ; ; ; ; ; ; ;12;111,36421907848
3360422;1;1;1; ; ; ; ; ; ; ; ; ; ; ; ;12;90,8435554166509
3360422;1;2;2;2;23; ;2; ; ;1;2; ; ;1; ;12;90,8435554166509
3360422;1;3;1; ; ; ; ; ; ; ; ; ; ; ; ;12;90,8435554166509
3360422;1;4;1; ; ; ; ; ; ; ; ; ; ; ; ;12;90,8435554166509
3360422;1;5;2;2;70; ;2; ; ;1;2; ; ;1; ;12;90,8435554166509
3360422;1;6;1; ; ; ; ; ; ; ; ; ; ; ; ;12;90,8435554166509
3360423;1;1;1; ; ; ; ; ; ; ; ; ; ; ; ;12;107,795298760371
3360423;1;2;2;2;70; ;2; ; ;1;2; ; ;1; ;12;107,795298760371
3360423;1;3;1; ; ; ; ; ; ; ; ; ; ; ; ;12;107,795298760371
3360423;1;4;1; ; ; ; ; ; ; ; ; ; ; ; ;12;107,795298760371
3360423;1;5;1; ; ; ; ; ; ; ; ; ; ; ; ;12;107,795298760371
3360423;1;6;1; ; ; ; ; ; ; ; ; ; ; ; ;12;107,795298760371
3360424;1;1;1; ; ; ; ; ; ; ; ; ; ; ; ;12;99,0773346913537
3360424;1;2;1; ; ; ; ; ; ; ; ; ; ; ; ;12;99,0773346913537
3360424;1;3;1; ; ; ; ; ; ; ; ; ; ; ; ;12;99,0773346913537
3360425;1;1;1; ; ; ; ; ; ; ; ; ; ; ; ;12;89,9486163598702
3360425;1;2;1; ; ; ; ; ; ; ; ; ; ; ; ;12;89,9486163598702
3360426;1;1;2;2;70; ;2; ; ;1;2; ; ;1; ;12;106,496257835265
3360426;1;2;1; ; ; ; ; ; ; ; ; ; ; ; ;12;106,496257835265
3360426;1;3;2;2;70; ;2; ; ;1;2; ; ;1; ;12;106,496257835265
3360426;1;4;1; ; ; ; ; ; ; ; ; ; ; ; ;12;106,496257835265
3360426;1;5;1; ; ; ; ; ; ; ; ; ; ; ; ;12;106,496257835265
3360429;1;1;2;2;70; ;2; ; ;1;2; ; ;1; ;12;108,972120806883
3360429;1;2;2;2;70; ;2; ; ;1;2; ; ;1; ;12;108,972120806883
3360429;1;3;2;2;70; ;2; ; ;1;2; ; ;1; ;12;108,972120806883
3360429;1;4;2;2;13; ;2; ; ;1;2; ; ;1; ;12;108,972120806883
3360429;1;5;1; ; ; ; ; ; ; ; ; ; ; ; ;12;108,972120806883
3360429;1;6;1; ; ; ; ; ; ; ; ; ; ; ; ;12;108,972120806883
3360430;1;1;1; ; ; ; ; ; ; ; ; ; ; ; ;12;79,707139151445
3360430;1;2;1; ; ; ; ; ; ; ; ; ; ; ; ;12;79,707139151445
3360430;1;3;1; ; ; ; ; ; ; ; ; ; ; ; ;12;79,707139151445
3360430;1;4;1; ; ; ; ; ; ; ; ; ; ; ; ;12;79,707139151445
3360431;1;1;1; ; ; ; ; ; ; ; ; ; ; ; ;12;62,7631012595204
3360431;1;2;1; ; ; ; ; ; ; ; ; ; ; ; ;12;62,7631012595204
3360431;1;3;1; ; ; ; ; ; ; ; ; ; ; ; ;12;62,7631012595204
3360432;1;1;2;2;70; ;2; ; ;1;2; ; ;1; ;12;120,076261086123
3360432;1;2;1; ; ; ; ; ; ; ; ; ; ; ; ;12;120,076261086123
3360432;1;3;1; ; ; ; ; ; ; ; ; ; ; ; ;12;120,076261086123
3360432;1;4;1; ; ; ; ; ; ; ; ; ; ; ; ;12;120,076261086123
3360433;1;1;1; ; ; ; ; ; ; ; ; ; ; ; ;12;116,71814850643
3360433;1;2;1; ; ; ; ; ; ; ; ; ; ; ; ;12;116,71814850643
3360433;1;3;1; ; ; ; ; ; ; ; ; ; ; ; ;12;116,71814850643
3360433;1;4;1; ; ; ; ; ; ; ; ; ; ; ; ;12;116,71814850643
3360433;1;5;1; ; ; ; ; ; ; ; ; ; ; ; ;12;116,71814850643
3360434;1;1;1; ; ; ; ; ; ; ; ; ; ; ; ;12;115,592700180783
3360434;1;2;1; ; ; ; ; ; ; ; ; ; ; ; ;12;115,592700180783
3360435;1;1;1; ; ; ; ; ; ; ; ; ; ; ; ;12;104,296812935309
3360435;1;2;1; ; ; ; ; ; ; ; ; ; ; ; ;12;104,296812935309
3360435;1;3;1; ; ; ; ; ; ; ; ; ; ; ; ;12;104,296812935309
3360435;1;4;1; ; ; ; ; ; ; ; ; ; ; ; ;12;104,296812935309
3360435;1;5;1; ; ; ; ; ; ; ; ; ; ; ; ;12;104,296812935309
3360436;1;1;1; ; ; ; ; ; ; ; ; ; ; ; ;12;103,816560662255
3360436;1;2;1; ; ; ; ; ; ; ; ; ; ; ; ;12;103,816560662255
3360436;1;3;1; ; ; ; ; ; ; ; ; ; ; ; ;12;103,816560662255
3360436;1;4;2;2;08; ;2; ; ;1;2; ; ;1; ;12;103,816560662255
3360436;1;5;1; ; ; ; ; ; ; ; ; ; ; ; ;12;103,816560662255
3360436;1;6;1; ; ; ; ; ; ; ; ; ; ; ; ;12;103,816560662255
3360436;1;7;1; ; ; ; ; ; ; ; ; ; ; ; ;12;103,816560662255
3360437;1;1;2;2;70; ;2; ; ;1;2; ; ;1; ;12;115,592700180783
3360437;1;2;1; ; ; ; ; ; ; ; ; ; ; ; ;12;115,592700180783
3360438;1;1;2;2;13; ;2; ; ;1;2; ; ;1; ;12;86,8454685900259
3360438;1;2;2;2;70; ;2; ; ;1;2; ; ;1; ;12;86,8454685900259
3360438;1;3;1; ; ; ; ; ; ; ; ; ; ; ; ;12;86,8454685900259
3360438;1;4;1; ; ; ; ; ; ; ; ; ; ; ; ;12;86,8454685900259
3360438;1;5;1; ; ; ; ; ; ; ; ; ; ; ; ;12;86,8454685900259
3360439;1;1;2;2;70; ;2; ; ;1;2; ; ;1; ;12;55,4841501595028
3360439;1;2;1; ; ; ; ; ; ; ; ; ; ; ; ;12;55,4841501595028
3360439;1;3;1; ; ; ; ; ; ; ; ; ; ; ; ;12;55,4841501595028
3360439;1;4;1; ; ; ; ; ; ; ; ; ; ; ; ;12;55,4841501595028
3360439;1;5;1; ; ; ; ; ; ; ; ; ; ; ; ;12;55,4841501595028
3360439;1;6;1; ; ; ; ; ; ; ; ; ; ; ; ;12;55,4841501595028
3360439;1;7;1; ; ; ; ; ; ; ; ; ; ; ; ;12;55,4841501595028
3360439;1;8;1; ; ; ; ; ; ; ; ; ; ; ; ;12;55,4841501595028
3360439;1;9;1; ; ; ; ; ; ; ; ; ; ; ; ;12;55,4841501595028
3360439;1;10;1; ; ; ; ; ; ; ; ; ; ; ; ;12;55,4841501595028
3360439;1;11;1; ; ; ; ; ; ; ; ; ; ; ; ;12;55,4841501595028
3360439;1;12;1; ; ; ; ; ; ; ; ; ; ; ; ;12;55,4841501595028
3360440;1;1;2;2;70; ;2; ; ;1;2; ; ;1; ;12;80,3662058296179
3360440;1;2;2;2;70; ;2; ; ;2;2; ; ;1; ;12;80,3662058296179
3360440;1;3;1; ; ; ; ; ; ; ; ; ; ; ; ;12;80,3662058296179
3360441;1;1;2;2;13; ;2; ; ;2;2; ; ;1; ;12;92,6801443970493
3360441;1;2;1; ; ; ; ; ; ; ; ; ; ; ; ;12;92,6801443970493
3360441;1;3;1; ; ; ; ; ; ; ; ; ; ; ; ;12;92,6801443970493
3360441;1;4;1; ; ; ; ; ; ; ; ; ; ; ; ;12;92,6801443970493
3360441;1;5;1; ; ; ; ; ; ; ; ; ; ; ; ;12;92,6801443970493
3360442;1;1;1; ; ; ; ; ; ; ; ; ; ; ; ;12;83,28376492135
3360443;1;1;2;2;13; ;2; ; ;1;2; ; ;1; ;12;83,28376492135
3360444;1;1;1; ; ; ; ; ; ; ; ; ; ; ; ;12;89,9486163598702
3360444;1;2;1; ; ; ; ; ; ; ; ; ; ; ; ;12;89,9486163598702
3360446;1;1;1; ; ; ; ; ; ; ; ; ; ; ; ;12;325,573399736108
3360446;1;2;1; ; ; ; ; ; ; ; ; ; ; ; ;12;325,573399736108
3360446;1;3;1; ; ; ; ; ; ; ; ; ; ; ; ;12;325,573399736108
3360446;1;4;1; ; ; ; ; ; ; ; ; ; ; ; ;12;325,573399736108
3360447;1;1;1; ; ; ; ; ; ; ; ; ; ; ; ;12;173,450023360504
3360447;1;2;1; ; ; ; ; ; ; ; ; ; ; ; ;12;173,450023360504
3360448;1;1;1; ; ; ; ; ; ; ; ; ; ; ; ;12;321,970570067144
3360448;1;2;2;2;05; ;2; ; ;1;2; ; ;1; ;12;321,970570067144
3360448;1;3;1; ; ; ; ; ; ; ; ; ; ; ; ;12;321,970570067144
3360449;1;1;1; ; ; ; ; ; ; ; ; ; ; ; ;12;253,796920353307
3360450;1;1;1; ; ; ; ; ; ; ; ; ; ; ; ;12;238,372110959305
3360450;1;2;1; ; ; ; ; ; ; ; ; ; ; ; ;12;238,372110959305
3360450;1;3;1; ; ; ; ; ; ; ; ; ; ; ; ;12;238,372110959305
3360451;1;1;2;2;68; ;2; ; ;1;2; ; ;1; ;12;181,528201656922
3360451;1;2;1; ; ; ; ; ; ; ; ; ; ; ; ;12;181,528201656922
3360451;1;3;1; ; ; ; ; ; ; ; ; ; ; ; ;12;181,528201656922
3360452;1;1;1; ; ; ; ; ; ; ; ; ; ; ; ;12;480,359837516043
3360452;1;2;1; ; ; ; ; ; ; ; ; ; ; ; ;12;480,359837516043
3360452;1;3;1; ; ; ; ; ; ; ; ; ; ; ; ;12;480,359837516043
3360452;1;4;1; ; ; ; ; ; ; ; ; ; ; ; ;12;480,359837516043
3360453;1;1;1; ; ; ; ; ; ; ; ; ; ; ; ;12;387,624608953516
3360453;1;2;1; ; ; ; ; ; ; ; ; ; ; ; ;12;387,624608953516
3360453;1;3;1; ; ; ; ; ; ; ; ; ; ; ; ;12;387,624608953516
3360453;1;4;1; ; ; ; ; ; ; ; ; ; ; ; ;12;387,624608953516
3360453;1;5;1; ; ; ; ; ; ; ; ; ; ; ; ;12;387,624608953516
3360454;1;1;1; ; ; ; ; ; ; ; ; ; ; ; ;12;334,421438125399
3360454;1;2;2;2;13; ;2; ; ;1;2; ; ;1; ;12;334,421438125399
3360454;1;3;1; ; ; ; ; ; ; ; ; ; ; ; ;12;334,421438125399
3360454;1;4;1; ; ; ; ; ; ; ; ; ; ; ; ;12;334,421438125399
3360454;1;5;1; ; ; ; ; ; ; ; ; ; ; ; ;12;334,421438125399
3360455;1;1;2;2;05; ;2; ; ;1;2; ; ;1; ;12;432,931107552019
3360455;1;2;1; ; ; ; ; ; ; ; ; ; ; ; ;12;432,931107552019
3360455;1;3;1; ; ; ; ; ; ; ; ; ; ; ; ;12;432,931107552019
3360455;1;4;1; ; ; ; ; ; ; ; ; ; ; ; ;12;432,931107552019
3360456;1;1;1; ; ; ; ; ; ; ; ; ; ; ; ;12;485,50187888784
3360456;1;2;1; ; ; ; ; ; ; ; ; ; ; ; ;12;485,50187888784
3360456;1;3;1; ; ; ; ; ; ; ; ; ; ; ; ;12;485,50187888784
3360457;1;1;2;2;23; ;2; ; ;1;2; ; ;1; ;12;455,93361539825
3360457;1;2;2;2;23; ;2; ; ;1;2; ; ;1; ;12;455,93361539825
3360458;1;1;2;2;13; ;2; ; ;1;2; ; ;1; ;12;485,50187888784
3360458;1;2;2;2;13; ;2; ; ;1;2; ; ;1; ;12;485,50187888784
3360458;1;3;1; ; ; ; ; ; ; ; ; ; ; ; ;12;485,50187888784
3360459;1;1;2;2;11; ;3;08; ;1;2; ; ;1; ;12;455,93361539825
3360459;1;2;2;2;23; ;3;08; ;1;2; ; ;1; ;12;455,93361539825
3360460;1;1;2;2;13; ;2; ; ;1;2; ; ;1; ;12;325,758742653588
3360460;1;2;2;2;13; ;2; ; ;1;2; ; ;1; ;12;325,758742653588
3360460;1;3;1; ; ; ; ; ; ; ; ; ; ; ; ;12;325,758742653588
3360460;1;4;1; ; ; ; ; ; ; ; ; ; ; ; ;12;325,758742653588
3360460;1;5;1; ; ; ; ; ; ; ; ; ; ; ; ;12;325,758742653588
3360461;1;1;1; ; ; ; ; ; ; ; ; ; ; ; ;12;487,409383437021
3360461;1;2;1; ; ; ; ; ; ; ; ; ; ; ; ;12;487,409383437021
3360461;1;3;1; ; ; ; ; ; ; ; ; ; ; ; ;12;487,409383437021
3360461;1;4;1; ; ; ; ; ; ; ; ; ; ; ; ;12;487,409383437021
3360461;1;5;1; ; ; ; ; ; ; ; ; ; ; ; ;12;487,409383437021
3360462;1;1;2;2;13; ;2; ; ;1;2; ; ;1; ;12;416,964542209078
3360462;1;2;2;2;23; ;2; ; ;1;2; ; ;1; ;12;416,964542209078
3360462;1;3;1; ; ; ; ; ; ; ; ; ; ; ; ;12;416,964542209078
3360463;1;1;1; ; ; ; ; ; ; ; ; ; ; ; ;12;377,929444255589
3360463;1;2;1; ; ; ; ; ; ; ; ; ; ; ; ;12;377,929444255589
3360463;1;3;1; ; ; ; ; ; ; ; ; ; ; ; ;12;377,929444255589
3360463;1;4;1; ; ; ; ; ; ; ; ; ; ; ; ;12;377,929444255589
3360464;1;1;2;2;13; ;2; ; ;1;2; ; ;1; ;12;321,447182655715
3360464;1;2;1; ; ; ; ; ; ; ; ; ; ; ; ;12;321,447182655715
3360464;1;3;1; ; ; ; ; ; ; ; ; ; ; ; ;12;321,447182655715
3360464;1;4;1; ; ; ; ; ; ; ; ; ; ; ; ;12;321,447182655715
3360465;1;1;2;2;13; ;2; ; ;1;2; ; ;1; ;12;315,514196828108
3360465;1;2;1; ; ; ; ; ; ; ; ; ; ; ; ;12;315,514196828108
3360465;1;3;1; ; ; ; ; ; ; ; ; ; ; ; ;12;315,514196828108
3360465;1;4;1; ; ; ; ; ; ; ; ; ; ; ; ;12;315,514196828108
3360465;1;5;1; ; ; ; ; ; ; ; ; ; ; ; ;12;315,514196828108
3360465;1;6;1; ; ; ; ; ; ; ; ; ; ; ; ;12;315,514196828108
3360465;1;7;1; ; ; ; ; ; ; ; ; ; ; ; ;12;315,514196828108
3360465;1;8;1; ; ; ; ; ; ; ; ; ; ; ; ;12;315,514196828108
3360466;1;1;2;2;76; ;2; ; ;1;2; ; ;1; ;12;346,880582462555
3360466;1;2;1; ; ; ; ; ; ; ; ; ; ; ; ;12;346,880582462555
3360466;1;3;1; ; ; ; ; ; ; ; ; ; ; ; ;12;346,880582462555
3360467;1;1;1; ; ; ; ; ; ; ; ; ; ; ; ;12;298,067033181725
3360467;1;2;1; ; ; ; ; ; ; ; ; ; ; ; ;12;298,067033181725
3360467;1;3;1; ; ; ; ; ; ; ; ; ; ; ; ;12;298,067033181725
3360467;1;4;1; ; ; ; ; ; ; ; ; ; ; ; ;12;298,067033181725
3360467;1;5;1; ; ; ; ; ; ; ; ; ; ; ; ;12;298,067033181725
3360467;1;6;1; ; ; ; ; ; ; ; ; ; ; ; ;12;298,067033181725
3360467;1;7;2;2;13; ;3;13; ;1;2; ; ;1; ;12;298,067033181725
3360468;1;1;1; ; ; ; ; ; ; ; ; ; ; ; ;12;430,175404191691
3360468;1;2;1; ; ; ; ; ; ; ; ; ; ; ; ;12;430,175404191691
3360468;1;3;1; ; ; ; ; ; ; ; ; ; ; ; ;12;430,175404191691
3360471;1;1;1; ; ; ; ; ; ; ; ; ; ; ; ;12;347,473321230113
3360471;1;2;1; ; ; ; ; ; ; ; ; ; ; ; ;12;347,473321230113
3360471;1;3;1; ; ; ; ; ; ; ; ; ; ; ; ;12;347,473321230113
3360471;1;4;1; ; ; ; ; ; ; ; ; ; ; ; ;12;347,473321230113
3360471;1;5;1; ; ; ; ; ; ; ; ; ; ; ; ;12;347,473321230113
3360471;1;6;1; ; ; ; ; ; ; ; ; ; ; ; ;12;347,473321230113
3360471;1;7;1; ; ; ; ; ; ; ; ; ; ; ; ;12;347,473321230113
3360472;1;1;2;2;70; ;2; ; ;1;2; ; ;1; ;12;417,312190596268
3360472;1;2;2;2;70; ;2; ; ;1;2; ; ;1; ;12;417,312190596268
3360472;1;3;2;1; ; ;3;68; ;1;2; ; ;1; ;12;417,312190596268
3360472;1;4;1; ; ; ; ; ; ; ; ; ; ; ; ;12;417,312190596268
3360472;1;5;1; ; ; ; ; ; ; ; ; ; ; ; ;12;417,312190596268
3360472;1;6;1; ; ; ; ; ; ; ; ; ; ; ; ;12;417,312190596268
3360472;1;7;1; ; ; ; ; ; ; ; ; ; ; ; ;12;417,312190596268
3360473;1;1;2;2;23; ;2; ; ;1;2; ; ;1; ;12;432,931107552019
3360473;1;2;1; ; ; ; ; ; ; ; ; ; ; ; ;12;432,931107552019
3360473;1;3;1; ; ; ; ; ; ; ; ; ; ; ; ;12;432,931107552019
3360473;1;4;1; ; ; ; ; ; ; ; ; ; ; ; ;12;432,931107552019
3360474;1;1;1; ; ; ; ; ; ; ; ; ; ; ; ;12;378,452831667017
3360474;1;2;1; ; ; ; ; ; ; ; ; ; ; ; ;12;378,452831667017
3360474;1;3;1; ; ; ; ; ; ; ; ; ; ; ; ;12;378,452831667017
3360475;1;1;1; ; ; ; ; ; ; ; ; ; ; ; ;12;375,697128306689
3360475;1;2;2;2;23; ;2; ; ;1;2; ; ;1; ;12;375,697128306689
3360476;1;1;2;2;05; ;3;05; ;1;3;05; ;1; ;12;400,97154923563
3360476;1;2;2;2;05; ;3;50; ;1;3;05; ;1; ;12;400,97154923563
3360476;1;3;2;2;54; ;3;88; ;1;2; ; ;1; ;12;400,97154923563
3360477;1;1;2;2;23; ;2; ; ;1;2; ; ;1; ;12;356,188438048556
3360477;1;2;1; ; ; ; ; ; ; ; ; ; ; ; ;12;356,188438048556
3360477;1;3;1; ; ; ; ; ; ; ; ; ; ; ; ;12;356,188438048556
3360478;1;1;1; ; ; ; ; ; ; ; ; ; ; ; ;12;365,883602746483
3360478;1;2;2;2;47; ;2; ; ;1;2; ; ;1; ;12;365,883602746483
3360478;1;3;1; ; ; ; ; ; ; ; ; ; ; ; ;12;365,883602746483
3360478;1;4;2;2;70; ;2; ; ;1;3;70; ;1; ;12;365,883602746483
3360479;1;1;2;2;20; ;2; ; ;1;2; ; ;1; ;12;370,356510923183
3360479;1;2;1; ; ; ; ; ; ; ; ; ; ; ; ;12;370,356510923183
3360479;1;3;1; ; ; ; ; ; ; ; ; ; ; ; ;12;370,356510923183
3360479;1;4;1; ; ; ; ; ; ; ; ; ; ; ; ;12;370,356510923183
3360480;1;1;2;2;47; ;2; ; ;1;2; ; ;1; ;12;214,248824041161
3360480;1;2;2;2;47; ;2; ; ;1;2; ; ;1; ;12;214,248824041161
3360480;1;3;2;2;47; ;2; ; ;1;2; ; ;1; ;12;214,248824041161
3360480;1;4;1; ; ; ; ; ; ; ; ; ; ; ; ;12;214,248824041161
3360480;1;5;2;2;47; ;2; ; ;1;2; ; ;1; ;12;214,248824041161
3360480;1;6;1; ; ; ; ; ; ; ; ; ; ; ; ;12;214,248824041161
3360480;1;7;1; ; ; ; ; ; ; ; ; ; ; ; ;12;214,248824041161
3360480;1;8;1; ; ; ; ; ; ; ; ; ; ; ; ;12;214,248824041161
3360482;1;1;1; ; ; ; ; ; ; ; ; ; ; ; ;12;414,411175366655
3360482;1;2;1; ; ; ; ; ; ; ; ; ; ; ; ;12;414,411175366655
3360482;1;3;1; ; ; ; ; ; ; ; ; ; ; ; ;12;414,411175366655
3360482;1;4;1; ; ; ; ; ; ; ; ; ; ; ; ;12;414,411175366655
3360482;1;5;1; ; ; ; ; ; ; ; ; ; ; ; ;12;414,411175366655
3360482;1;6;1; ; ; ; ; ; ; ; ; ; ; ; ;12;414,411175366655
3360482;1;7;1; ; ; ; ; ; ; ; ; ; ; ; ;12;414,411175366655
3360482;1;8;1; ; ; ; ; ; ; ; ; ; ; ; ;12;414,411175366655
3360483;1;1;2;2;85; ;2; ; ;1;2; ; ;1; ;12;360,710610843233
3360483;1;2;1; ; ; ; ; ; ; ; ; ; ; ; ;12;360,710610843233
3360483;1;3;1; ; ; ; ; ; ; ; ; ; ; ; ;12;360,710610843233
3360483;1;4;1; ; ; ; ; ; ; ; ; ; ; ; ;12;360,710610843233
3360483;1;5;1; ; ; ; ; ; ; ; ; ; ; ; ;12;360,710610843233
3360483;1;6;1; ; ; ; ; ; ; ; ; ; ; ; ;12;360,710610843233
3360484;1;1;2;2;23; ;2; ; ;1;2; ; ;1; ;12;315,699169422131
3360484;1;2;1; ; ; ; ; ; ; ; ; ; ; ; ;12;315,699169422131
3360484;1;3;1; ; ; ; ; ; ; ; ; ; ; ; ;12;315,699169422131
3360485;1;1;2;2;05; ;2; ; ;1;2; ; ;1; ;12;425,881561631042
3360485;1;2;2;2;05; ;2; ; ;1;2; ; ;1; ;12;425,881561631042
3360485;1;3;1; ; ; ; ; ; ; ; ; ; ; ; ;12;425,881561631042
3360486;1;1;2;2;05; ;3;05; ;1;2; ; ;1; ;12;378,452831667017
3360486;1;2;2;2;05; ;3;05; ;1;2; ; ;1; ;12;378,452831667017
3360486;1;3;2;2;05; ;3;05; ;1;2; ; ;1; ;12;378,452831667017
3360487;1;1;2;2;70; ;2; ; ;1;2; ; ;1; ;12;337,963563040592
3360487;1;2;2;2;27; ;2; ; ;1;2; ; ;1; ;12;337,963563040592
3360487;1;3;2;2;27; ;3;27; ;1;3;27; ;1; ;12;337,963563040592
3360489;1;1;1; ; ; ; ; ; ; ; ; ; ; ; ;12;302,461879809011
3360489;1;2;1; ; ; ; ; ; ; ; ; ; ; ; ;12;302,461879809011
3360489;1;3;1; ; ; ; ; ; ; ; ; ; ; ; ;12;302,461879809011
3360489;1;4;1; ; ; ; ; ; ; ; ; ; ; ; ;12;302,461879809011
3360490;1;1;1; ; ; ; ; ; ; ; ; ; ; ; ;12;456,201542766089
3360490;1;2;1; ; ; ; ; ; ; ; ; ; ; ; ;12;456,201542766089
3360490;1;3;1; ; ; ; ; ; ; ; ; ; ; ; ;12;456,201542766089
3360490;1;4;1; ; ; ; ; ; ; ; ; ; ; ; ;12;456,201542766089
3360490;1;5;1; ; ; ; ; ; ; ; ; ; ; ; ;12;456,201542766089
3360490;1;6;1; ; ; ; ; ; ; ; ; ; ; ; ;12;456,201542766089
3360491;1;1;2;2;13; ;2; ; ;1;2; ; ;1; ;12;470,287031190356
3360491;1;2;2;2;13; ;2; ; ;1;2; ; ;1; ;12;470,287031190356
3360491;1;3;1; ; ; ; ; ; ; ; ; ; ; ; ;12;470,287031190356
3360491;1;4;1; ; ; ; ; ; ; ; ; ; ; ; ;12;470,287031190356
3360492;1;1;1; ; ; ; ; ; ; ; ; ; ; ; ;12;432,931107552019
3360492;1;2;1; ; ; ; ; ; ; ; ; ; ; ; ;12;432,931107552019
3360492;1;3;1; ; ; ; ; ; ; ; ; ; ; ; ;12;432,931107552019
3360492;1;4;1; ; ; ; ; ; ; ; ; ; ; ; ;12;432,931107552019
3360493;1;1;2;2;13; ;2; ; ;1;2; ; ;1; ;12;301,803486600592
3360493;1;2;1; ; ; ; ; ; ; ; ; ; ; ; ;12;301,803486600592
3360493;1;3;1; ; ; ; ; ; ; ; ; ; ; ; ;12;301,803486600592
3360493;1;4;1; ; ; ; ; ; ; ; ; ; ; ; ;12;301,803486600592
3360493;1;5;1; ; ; ; ; ; ; ; ; ; ; ; ;12;301,803486600592
3360493;1;6;1; ; ; ; ; ; ; ; ; ; ; ; ;12;301,803486600592
3360494;1;1;2;2;70; ;2; ; ;1;2; ; ;1; ;12;401,683669747276
3360494;1;2;1; ; ; ; ; ; ; ; ; ; ; ; ;12;401,683669747276
3360494;1;3;1; ; ; ; ; ; ; ; ; ; ; ; ;12;401,683669747276
3360494;1;4;1; ; ; ; ; ; ; ; ; ; ; ; ;12;401,683669747276
3360495;1;1;1; ; ; ; ; ; ; ; ; ; ; ; ;12;481,208036327191
3360495;1;2;1; ; ; ; ; ; ; ; ; ; ; ; ;12;481,208036327191
3360495;1;3;1; ; ; ; ; ; ; ; ; ; ; ; ;12;481,208036327191
3360496;1;1;1; ; ; ; ; ; ; ; ; ; ; ; ;12;385,756701538146
3360496;1;2;1; ; ; ; ; ; ; ; ; ; ; ; ;12;385,756701538146
3360496;1;3;1; ; ; ; ; ; ; ; ; ; ; ; ;12;385,756701538146
3360496;1;4;1; ; ; ; ; ; ; ; ; ; ; ; ;12;385,756701538146
3360497;1;1;2;2;08; ;2; ; ;1;2; ; ;1; ;12;326,096787147537
3360497;1;2;1; ; ; ; ; ; ; ; ; ; ; ; ;12;326,096787147537
3360497;1;3;1; ; ; ; ; ; ; ; ; ; ; ; ;12;326,096787147537
3360498;1;1;1; ; ; ; ; ; ; ; ; ; ; ; ;12;227,754743201174
3360498;1;2;1; ; ; ; ; ; ; ; ; ; ; ; ;12;227,754743201174
3360498;1;3;1; ; ; ; ; ; ; ; ; ; ; ; ;12;227,754743201174
3360498;1;4;1; ; ; ; ; ; ; ; ; ; ; ; ;12;227,754743201174
3360499;1;1;2;2;13; ;2; ; ;1;2; ; ;1; ;12;425,358174219613
3360499;1;2;2;2;13; ;2; ; ;1;2; ; ;1; ;12;425,358174219613
3360499;1;3;1; ; ; ; ; ; ; ; ; ; ; ; ;12;425,358174219613
3360499;1;4;1; ; ; ; ; ; ; ; ; ; ; ; ;12;425,358174219613
3360501;1;1;1; ; ; ; ; ; ; ; ; ; ; ; ;12;416,669485031678
3360501;1;2;1; ; ; ; ; ; ; ; ; ; ; ; ;12;416,669485031678
3360501;1;3;1; ; ; ; ; ; ; ; ; ; ; ; ;12;416,669485031678
3360501;1;4;1; ; ; ; ; ; ; ; ; ; ; ; ;12;416,669485031678
3360501;1;5;1; ; ; ; ; ; ; ; ; ; ; ; ;12;416,669485031678
3360501;1;6;1; ; ; ; ; ; ; ; ; ; ; ; ;12;416,669485031678
3360501;1;7;1; ; ; ; ; ; ; ; ; ; ; ; ;12;416,669485031678
3360502;1;1;1; ; ; ; ; ; ; ; ; ; ; ; ;12;385,461644360746
3360502;1;2;1; ; ; ; ; ; ; ; ; ; ; ; ;12;385,461644360746
3360502;1;3;1; ; ; ; ; ; ; ; ; ; ; ; ;12;385,461644360746
3360502;1;4;1; ; ; ; ; ; ; ; ; ; ; ; ;12;385,461644360746
3360502;1;5;1; ; ; ; ; ; ; ; ; ; ; ; ;12;385,461644360746
3360502;1;6;1; ; ; ; ; ; ; ; ; ; ; ; ;12;385,461644360746
3360502;1;7;1; ; ; ; ; ; ; ; ; ; ; ; ;12;385,461644360746
3360502;1;8;1; ; ; ; ; ; ; ; ; ; ; ; ;12;385,461644360746
3360503;1;1;2;2;05; ;2; ; ;1;2; ; ;1; ;12;318,454872782459
3360503;1;2;1; ; ; ; ; ; ; ; ; ; ; ; ;12;318,454872782459
3360503;1;3;1; ; ; ; ; ; ; ; ; ; ; ; ;12;318,454872782459
3360503;1;4;2;2;13; ;2; ; ;1;2; ; ;1; ;12;318,454872782459
3360504;1;1;2;2;23; ;2; ; ;1;2; ; ;1; ;12;292,402306577553
3360504;1;2;1; ; ; ; ; ; ; ; ; ; ; ; ;12;292,402306577553
3360505;1;1;2;2;76; ;2; ; ;1;2; ; ;1; ;12;355,665050637127
3360505;1;2;2;2;47; ;2; ; ;1;2; ; ;1; ;12;355,665050637127
3360505;1;3;2;2;11; ;2; ; ;1;2; ; ;1; ;12;355,665050637127
3360505;1;4;1; ; ; ; ; ; ; ; ; ; ; ; ;12;355,665050637127
3360506;1;1;1; ; ; ; ; ; ; ; ; ; ; ; ;12;441,87455460449
3360506;1;2;1; ; ; ; ; ; ; ; ; ; ; ; ;12;441,87455460449
3360506;1;3;1; ; ; ; ; ; ; ; ; ; ; ; ;12;441,87455460449
3360509;1;1;1; ; ; ; ; ; ; ; ; ; ; ; ;12;385,756701538146
3360509;1;2;2;2;05; ;2; ; ;1;2; ; ;1; ;12;385,756701538146
3360509;1;3;1; ; ; ; ; ; ; ; ; ; ; ; ;12;385,756701538146
3360509;1;4;1; ; ; ; ; ; ; ; ; ; ; ; ;12;385,756701538146
3360510;1;1;2;2;13; ;2; ; ;1;2; ; ;1; ;12;455,93361539825
3360510;1;2;1; ; ; ; ; ; ; ; ; ; ; ; ;12;455,93361539825
3360511;1;1;1; ; ; ; ; ; ; ; ; ; ; ; ;12;425,881561631042
3360511;1;2;1; ; ; ; ; ; ; ; ; ; ; ; ;12;425,881561631042
3360511;1;3;1; ; ; ; ; ; ; ; ; ; ; ; ;12;425,881561631042
3360512;1;1;1; ; ; ; ; ; ; ; ; ; ; ; ;12;371,40328574604
3360512;1;2;2;3; ;11;2; ; ;1;2; ; ;1; ;12;371,40328574604
3360513;1;1;1; ; ; ; ; ; ; ; ; ; ; ; ;12;409,391608876672
3360513;1;2;1; ; ; ; ; ; ; ; ; ; ; ; ;12;409,391608876672
3360513;1;3;1; ; ; ; ; ; ; ; ; ; ; ; ;12;409,391608876672
3360514;1;1;1; ; ; ; ; ; ; ; ; ; ; ; ;12;480,359837516043
3360514;1;2;1; ; ; ; ; ; ; ; ; ; ; ; ;12;480,359837516043
3360514;1;3;1; ; ; ; ; ; ; ; ; ; ; ; ;12;480,359837516043
3360514;1;4;1; ; ; ; ; ; ; ; ; ; ; ; ;12;480,359837516043
3360515;1;1;1; ; ; ; ; ; ; ; ; ; ; ; ;12;441,87455460449
3360515;1;2;1; ; ; ; ; ; ; ; ; ; ; ; ;12;441,87455460449
3360515;1;3;1; ; ; ; ; ; ; ; ; ; ; ; ;12;441,87455460449
3360516;1;1;1; ; ; ; ; ; ; ; ; ; ; ; ;12;511,95040080703
3360516;1;2;1; ; ; ; ; ; ; ; ; ; ; ; ;12;511,95040080703
3360516;1;3;1; ; ; ; ; ; ; ; ; ; ; ; ;12;511,95040080703
3360516;1;4;1; ; ; ; ; ; ; ; ; ; ; ; ;12;511,95040080703
3360516;1;5;1; ; ; ; ; ; ; ; ; ; ; ; ;12;511,95040080703
3360516;1;6;1; ; ; ; ; ; ; ; ; ; ; ; ;12;511,95040080703
3360516;1;7;1; ; ; ; ; ; ; ; ; ; ; ; ;12;511,95040080703
3360516;1;8;1; ; ; ; ; ; ; ; ; ; ; ; ;12;511,95040080703
3360517;1;1;1; ; ; ; ; ; ; ; ; ; ; ; ;12;356,940155694013
3360517;1;2;2;2;08; ;2; ; ;1;2; ; ;1; ;12;356,940155694013
3360517;1;3;1; ; ; ; ; ; ; ; ; ; ; ; ;12;356,940155694013
3360517;1;4;1; ; ; ; ; ; ; ; ; ; ; ; ;12;356,940155694013
3360517;1;5;2;2;13; ;3;13; ;1;2; ; ;1; ;12;356,940155694013
3360518;1;1;1; ; ; ; ; ; ; ; ; ; ; ; ;12;512,011807739856
3360518;1;2;1; ; ; ; ; ; ; ; ; ; ; ; ;12;512,011807739856
3360518;1;3;1; ; ; ; ; ; ; ; ; ; ; ; ;12;512,011807739856
3360518;1;4;1; ; ; ; ; ; ; ; ; ; ; ; ;12;512,011807739856
3360520;1;1;1; ; ; ; ; ; ; ; ; ; ; ; ;12;340,973590351072
3360520;1;2;1; ; ; ; ; ; ; ; ; ; ; ; ;12;340,973590351072
3360520;1;3;1; ; ; ; ; ; ; ; ; ; ; ; ;12;340,973590351072
3360520;1;4;1; ; ; ; ; ; ; ; ; ; ; ; ;12;340,973590351072
3360521;1;1;1; ; ; ; ; ; ; ; ; ; ; ; ;12;326,264412627793
3360521;1;2;1; ; ; ; ; ; ; ; ; ; ; ; ;12;326,264412627793
3360521;1;3;1; ; ; ; ; ; ; ; ; ; ; ; ;12;326,264412627793
3360522;1;1;1; ; ; ; ; ; ; ; ; ; ; ; ;12;333,493981455704
3360522;1;2;1; ; ; ; ; ; ; ; ; ; ; ; ;12;333,493981455704
3360522;1;3;1; ; ; ; ; ; ; ; ; ; ; ; ;12;333,493981455704
3360522;1;4;1; ; ; ; ; ; ; ; ; ; ; ; ;12;333,493981455704
3360522;1;5;1; ; ; ; ; ; ; ; ; ; ; ; ;12;333,493981455704
3360522;1;6;1; ; ; ; ; ; ; ; ; ; ; ; ;12;333,493981455704
3360522;1;7;1; ; ; ; ; ; ; ; ; ; ; ; ;12;333,493981455704
3360522;1;8;1; ; ; ; ; ; ; ; ; ; ; ; ;12;333,493981455704
3360523;1;1;1; ; ; ; ; ; ; ; ; ; ; ; ;12;372,383333625525
3360523;1;2;1; ; ; ; ; ; ; ; ; ; ; ; ;12;372,383333625525
3360523;1;3;1; ; ; ; ; ; ; ; ; ; ; ; ;12;372,383333625525
3360523;1;4;1; ; ; ; ; ; ; ; ; ; ; ; ;12;372,383333625525
3360523;1;5;1; ; ; ; ; ; ; ; ; ; ; ; ;12;372,383333625525
3360523;1;6;2;2;13; ;3;13; ;1;2; ; ;1; ;12;372,383333625525
3360523;1;7;2;2;13; ;2; ; ;1;2; ; ;1; ;12;372,383333625525
3360527;1;1;2;2;23; ;2; ; ;1;2; ; ;1; ;12;234,381905777359
3360527;1;2;1; ; ; ; ; ; ; ; ; ; ; ; ;12;234,381905777359
3360527;1;3;1; ; ; ; ; ; ; ; ; ; ; ; ;12;234,381905777359
3360529;1;1;1; ; ; ; ; ; ; ; ; ; ; ; ;12;337,559493782325
3360529;1;2;2;2;23; ;2; ; ;1;2; ; ;1; ;12;337,559493782325
3360529;1;3;1; ; ; ; ; ; ; ; ; ; ; ; ;12;337,559493782325
3360529;1;4;1; ; ; ; ; ; ; ; ; ; ; ; ;12;337,559493782325
3360529;1;5;1; ; ; ; ; ; ; ; ; ; ; ; ;12;337,559493782325
3360530;1;1;2;2;13; ;3;44; ;1;3;44; ;1; ;12;380,575063032539
3360530;1;2;2;2;44; ;3;44; ;1;3;44; ;1; ;12;380,575063032539
3360530;1;3;2;2;44; ;3;44; ;1;3;44; ;1; ;12;380,575063032539
3360530;1;4;2;2;44; ;1; ; ; ;3;44; ;1; ;12;380,575063032539
3360531;1;1;2;2;23; ;2; ; ;1;2; ; ;1; ;12;326,096787147537
3360531;1;2;1; ; ; ; ; ; ; ; ; ; ; ; ;12;326,096787147537
3360531;1;3;1; ; ; ; ; ; ; ; ; ; ; ; ;12;326,096787147537
3360532;1;1;2;2;13; ;3;13; ;2;2; ; ;1; ;12;416,44115479765
3360532;1;2;2;2;08; ;2; ; ;1;2; ; ;1; ;12;416,44115479765
3360532;1;3;1; ; ; ; ; ; ; ; ; ; ; ; ;12;416,44115479765
3360532;1;4;1; ; ; ; ; ; ; ; ; ; ; ; ;12;416,44115479765
3360533;1;1;1; ; ; ; ; ; ; ; ; ; ; ; ;12;713,220231709153
3360533;1;2;1; ; ; ; ; ; ; ; ; ; ; ; ;12;713,220231709153
3360533;1;3;1; ; ; ; ; ; ; ; ; ; ; ; ;12;713,220231709153
3360533;1;4;1; ; ; ; ; ; ; ; ; ; ; ; ;12;713,220231709153
3360533;1;5;1; ; ; ; ; ; ; ; ; ; ; ; ;12;713,220231709153
3360533;1;6;1; ; ; ; ; ; ; ; ; ; ; ; ;12;713,220231709153
3360533;1;7;1; ; ; ; ; ; ; ; ; ; ; ; ;12;713,220231709153
3360533;1;8;1; ; ; ; ; ; ; ; ; ; ; ; ;12;713,220231709153
3360533;1;9;1; ; ; ; ; ; ; ; ; ; ; ; ;12;713,220231709153
3360534;1;1;1; ; ; ; ; ; ; ; ; ; ; ; ;12;371,40328574604
3360534;1;2;2;2;13; ;2; ; ;1;2; ; ;1; ;12;371,40328574604
3360535;1;1;2;2;23; ;2; ; ;1;2; ; ;1; ;12;402,839456651
3360535;1;2;1; ; ; ; ; ; ; ; ; ; ; ; ;12;402,839456651
3360535;1;3;1; ; ; ; ; ; ; ; ; ; ; ; ;12;402,839456651
3360535;1;4;1; ; ; ; ; ; ; ; ; ; ; ; ;12;402,839456651
3360537;1;1;1; ; ; ; ; ; ; ; ; ; ; ; ;12;405,26539179628
3360537;1;2;1; ; ; ; ; ; ; ; ; ; ; ; ;12;405,26539179628
3360537;1;3;1; ; ; ; ; ; ; ; ; ; ; ; ;12;405,26539179628
3360538;1;1;1; ; ; ; ; ; ; ; ; ; ; ; ;12;451,6397728376
3360538;1;2;1; ; ; ; ; ; ; ; ; ; ; ; ;12;451,6397728376
3360539;1;1;1; ; ; ; ; ; ; ; ; ; ; ; ;12;321,447182655715
3360539;1;2;1; ; ; ; ; ; ; ; ; ; ; ; ;12;321,447182655715
3360539;1;3;1; ; ; ; ; ; ; ; ; ; ; ; ;12;321,447182655715
3360539;1;4;1; ; ; ; ; ; ; ; ; ; ; ; ;12;321,447182655715
3360540;1;1;2;2;05; ;3;05; ;1;2; ; ;1; ;12;480,359837516043
3360540;1;2;2;2;05; ;3;05; ;1;2; ; ;1; ;12;480,359837516043
3360540;1;3;2;2;05; ;3;05; ;1;2; ; ;1; ;12;480,359837516043
3360540;1;4;2;2;05; ;3;05; ;1;2; ; ;1; ;12;480,359837516043
3360541;1;1;1; ; ; ; ; ; ; ; ; ; ; ; ;12;372,155003391497
3360541;1;2;2;2;11; ;2; ; ;1;2; ; ;1; ;12;372,155003391497
3360541;1;3;1; ; ; ; ; ; ; ; ; ; ; ; ;12;372,155003391497
3360541;1;4;2;2;13; ;2; ; ;1;2; ; ;1; ;12;372,155003391497
3360546;1;1;1; ; ; ; ; ; ; ; ; ; ; ; ;12;686,096641144944
3360546;1;2;1; ; ; ; ; ; ; ; ; ; ; ; ;12;686,096641144944
3360546;1;3;1; ; ; ; ; ; ; ; ; ; ; ; ;12;686,096641144944
3360546;1;4;1; ; ; ; ; ; ; ; ; ; ; ; ;12;686,096641144944
3360547;1;1;2;2;15; ;2; ; ;1;2; ; ;1; ;12;602,164585253186
3360547;1;2;2;2;70; ;2; ; ;1;2; ; ;1; ;12;602,164585253186
3360547;1;3;2;2;11; ;2; ; ;1;2; ; ;1; ;12;602,164585253186
3360548;1;1;2;2;70; ;2; ; ;1;2; ; ;1; ;12;605,618907708442
3360548;1;2;1; ; ; ; ; ; ; ; ; ; ; ; ;12;605,618907708442
3360549;1;1;2;2;11; ;2; ; ;1;2; ; ;1; ;12;717,084256190698
3360549;1;2;2;2;05; ;2; ; ;1;2; ; ;1; ;12;717,084256190698
3360549;1;3;1; ; ; ; ; ; ; ; ; ; ; ; ;12;717,084256190698
3360549;1;4;1; ; ; ; ; ; ; ; ; ; ; ; ;12;717,084256190698
3360550;1;1;1; ; ; ; ; ; ; ; ; ; ; ; ;12;622,448369713578
3360550;1;2;1; ; ; ; ; ; ; ; ; ; ; ; ;12;622,448369713578
3360550;1;3;1; ; ; ; ; ; ; ; ; ; ; ; ;12;622,448369713578
3360550;1;4;1; ; ; ; ; ; ; ; ; ; ; ; ;12;622,448369713578
3360550;1;5;1; ; ; ; ; ; ; ; ; ; ; ; ;12;622,448369713578
3360550;1;6;1; ; ; ; ; ; ; ; ; ; ; ; ;12;622,448369713578
3360551;1;1;2;2;47; ;2; ; ;1;2; ; ;1; ;12;626,114935548324
3360551;1;2;1; ; ; ; ; ; ; ; ; ; ; ; ;12;626,114935548324
3360551;1;3;1; ; ; ; ; ; ; ; ; ; ; ; ;12;626,114935548324
3360552;1;1;1; ; ; ; ; ; ; ; ; ; ; ; ;12;706,592668984826
3360552;1;2;2;2;13; ;3;13; ;1;2; ; ;1; ;12;706,592668984826
3360552;1;3;1; ; ; ; ; ; ; ; ; ; ; ; ;12;706,592668984826
3360552;1;4;1; ; ; ; ; ; ; ; ; ; ; ; ;12;706,592668984826
3360552;1;5;1; ; ; ; ; ; ; ; ; ; ; ; ;12;706,592668984826
3360553;1;1;1; ; ; ; ; ; ; ; ; ; ; ; ;12;665,600613305062
3360553;1;2;1; ; ; ; ; ; ; ; ; ; ; ; ;12;665,600613305062
3360553;1;3;1; ; ; ; ; ; ; ; ; ; ; ; ;12;665,600613305062
3360554;1;1;2;2;20; ;2; ; ;1;2; ; ;1; ;12;663,599805112977
3360554;1;2;2;2;68; ;2; ; ;1;2; ; ;1; ;12;663,599805112977
3360554;1;3;2;2;11; ;2; ; ;1;2; ; ;1; ;12;663,599805112977
3360554;1;4;1; ; ; ; ; ; ; ; ; ; ; ; ;12;663,599805112977
3360554;1;5;1; ; ; ; ; ; ; ; ; ; ; ; ;12;663,599805112977
3360555;1;1;2;2;20; ;2; ; ;1;2; ; ;1; ;12;358,358953652468
3360555;1;2;2;2;13; ;2; ; ;1;2; ; ;1; ;12;358,358953652468
3360555;1;3;2;2;13; ;2; ; ;1;2; ; ;1; ;12;358,358953652468
3360555;1;4;1; ; ; ; ; ; ; ; ; ; ; ; ;12;358,358953652468
3360557;1;1;2;2;47; ;2; ; ;1;2; ; ;1; ;12;609,789166652789
3360557;1;2;2;2;05; ;2; ; ;1;2; ; ;1; ;12;609,789166652789
3360557;1;3;2;2;05; ;2; ; ;1;2; ; ;1; ;12;609,789166652789
3360557;1;4;2;2;05; ;2; ; ;1;2; ; ;1; ;12;609,789166652789
3360558;1;1;2;2;18; ;3;18; ;1;2; ; ;1; ;12;558,678012434326
3360559;1;1;1; ; ; ; ; ; ; ; ; ; ; ; ;12;628,559289492956
3360559;1;2;2;2;20; ;2; ; ;1;2; ; ;1; ;12;628,559289492956
3360559;1;3;1; ; ; ; ; ; ; ; ; ; ; ; ;12;628,559289492956
3360559;2;1;1; ; ; ; ; ; ; ; ; ; ; ; ;12;628,559289492956
3360559;2;2;1; ; ; ; ; ; ; ; ; ; ; ; ;12;628,559289492956
3360559;2;3;1; ; ; ; ; ; ; ; ; ; ; ; ;12;628,559289492956
3360560;1;1;2;2;13; ;2; ; ;1;2; ; ;1; ;12;834,498444267306
3360560;1;2;2;2;13; ;2; ; ;1;2; ; ;1; ;12;834,498444267306
3360560;1;3;2;2;13; ;2; ; ;1;2; ; ;1; ;12;834,498444267306
3360560;1;4;1; ; ; ; ; ; ; ; ; ; ; ; ;12;834,498444267306
3360560;1;5;1; ; ; ; ; ; ; ; ; ; ; ; ;12;834,498444267306
3360561;1;1;1; ; ; ; ; ; ; ; ; ; ; ; ;12;662,146290849807
3360561;1;2;1; ; ; ; ; ; ; ; ; ; ; ; ;12;662,146290849807
3360561;1;3;1; ; ; ; ; ; ; ; ; ; ; ; ;12;662,146290849807
3360561;1;4;1; ; ; ; ; ; ; ; ; ; ; ; ;12;662,146290849807
3360562;1;1;1; ; ; ; ; ; ; ; ; ; ; ; ;12;764,137672898119
3360562;1;2;2;2;23; ;2; ; ;1;2; ; ;1; ;12;764,137672898119
3360562;1;3;1; ; ; ; ; ; ; ; ; ; ; ; ;12;764,137672898119
3360562;1;4;1; ; ; ; ; ; ; ; ; ; ; ; ;12;764,137672898119
3360562;1;5;1; ; ; ; ; ; ; ; ; ; ; ; ;12;764,137672898119
3360562;1;6;1; ; ; ; ; ; ; ; ; ; ; ; ;12;764,137672898119
3360562;1;7;1; ; ; ; ; ; ; ; ; ; ; ; ;12;764,137672898119
3360562;1;8;1; ; ; ; ; ; ; ; ; ; ; ; ;12;764,137672898119
3360562;1;9;1; ; ; ; ; ; ; ; ; ; ; ; ;12;764,137672898119
3360562;1;10;1; ; ; ; ; ; ; ; ; ; ; ; ;12;764,137672898119
3360562;1;11;1; ; ; ; ; ; ; ; ; ; ; ; ;12;764,137672898119
3360562;1;12;1; ; ; ; ; ; ; ; ; ; ; ; ;12;764,137672898119
3360562;1;13;1; ; ; ; ; ; ; ; ; ; ; ; ;12;764,137672898119
3360562;1;14;1; ; ; ; ; ; ; ; ; ; ; ; ;12;764,137672898119
3360562;1;15;1; ; ; ; ; ; ; ; ; ; ; ; ;12;764,137672898119
3360563;1;1;2;2;70; ;2; ; ;1;2; ; ;1; ;12;558,678012434326
3360564;1;1;2;2;08; ;2; ; ;1;2; ; ;1; ;12;552,462223482947
3360564;1;2;1; ; ; ; ; ; ; ; ; ; ; ; ;12;552,462223482947
3360564;1;3;1; ; ; ; ; ; ; ; ; ; ; ; ;12;552,462223482947
3360565;1;1;2;2;54; ;2; ; ;1;2; ; ;1; ;12;557,677608338283
3360565;1;2;1; ; ; ; ; ; ; ; ; ; ; ; ;12;557,677608338283
3360566;1;1;1; ; ; ; ; ; ; ; ; ; ; ; ;12;612,443929079567
3360566;1;2;1; ; ; ; ; ; ; ; ; ; ; ; ;12;612,443929079567
3360566;1;3;1; ; ; ; ; ; ; ; ; ; ; ; ;12;612,443929079567
3360566;1;4;1; ; ; ; ; ; ; ; ; ; ; ; ;12;612,443929079567
3360567;1;1;1; ; ; ; ; ; ; ; ; ; ; ; ;12;674,091392318848
3360567;1;2;2;2;13; ;2; ; ;1;2; ; ;1; ;12;674,091392318848
3360567;1;3;1; ; ; ; ; ; ; ; ; ; ; ; ;12;674,091392318848
3360567;1;4;1; ; ; ; ; ; ; ; ; ; ; ; ;12;674,091392318848
3360570;1;1;2;2;47; ;2; ; ;1;2; ; ;1; ;12;421,102125745211
3360570;1;2;1; ; ; ; ; ; ; ; ; ; ; ; ;12;421,102125745211
3360570;1;3;1; ; ; ; ; ; ; ; ; ; ; ; ;12;421,102125745211
3360570;1;4;1; ; ; ; ; ; ; ; ; ; ; ; ;12;421,102125745211
3360571;1;1;1; ; ; ; ; ; ; ; ; ; ; ; ;12;421,102125745211
3360571;1;2;1; ; ; ; ; ; ; ; ; ; ; ; ;12;421,102125745211
3360571;1;3;1; ; ; ; ; ; ; ; ; ; ; ; ;12;421,102125745211
3360571;1;4;1; ; ; ; ; ; ; ; ; ; ; ; ;12;421,102125745211
3360572;1;1;1; ; ; ; ; ; ; ; ; ; ; ; ;12;552,462223482947
3360572;1;2;2;2;05; ;2; ; ;1;2; ; ;1; ;12;552,462223482947
3360572;1;3;2;2;23; ;2; ; ;1;2; ; ;1; ;12;552,462223482947
3360573;1;1;1; ; ; ; ; ; ; ; ; ; ; ; ;12;633,739516947927
3360573;1;2;1; ; ; ; ; ; ; ; ; ; ; ; ;12;633,739516947927
3360573;1;3;1; ; ; ; ; ; ; ; ; ; ; ; ;12;633,739516947927
3360573;1;4;1; ; ; ; ; ; ; ; ; ; ; ; ;12;633,739516947927
3360574;1;1;2;2;23; ;2; ; ;1;2; ; ;1; ;12;846,663072813037
3360574;1;2;1; ; ; ; ; ; ; ; ; ; ; ; ;12;846,663072813037
3360575;1;1;2;2;23; ;2; ; ;1;2; ; ;1; ;12;495,029741002959
3360575;1;2;2;2;23; ;2; ; ;1;2; ; ;1; ;12;495,029741002959
3360575;1;3;1; ; ; ; ; ; ; ; ; ; ; ; ;12;495,029741002959
3360576;1;1;2;2;23; ;2; ; ;1;2; ; ;1; ;12;494,029336906917
3360576;1;2;2;2;23; ;2; ; ;1;2; ; ;1; ;12;494,029336906917
3360576;1;3;1; ; ; ; ; ; ; ; ; ; ; ; ;12;494,029336906917
3360576;1;4;1; ; ; ; ; ; ; ; ; ; ; ; ;12;494,029336906917
3360577;1;1;2;2;70; ;4; ;3; ;2; ; ;1; ;12;534,240515567327
3360577;1;2;1; ; ; ; ; ; ; ; ; ; ; ; ;12;534,240515567327
3360577;1;3;1; ; ; ; ; ; ; ; ; ; ; ; ;12;534,240515567327
3360577;1;4;1; ; ; ; ; ; ; ; ; ; ; ; ;12;534,240515567327
3360578;1;1;2;2;23; ;3;23; ;1;2; ; ;1; ;12;610,834292563778
3360580;1;1;1; ; ; ; ; ; ; ; ; ; ; ; ;12;558,678012434326
3360581;1;1;2;2;25; ;2; ; ;1;2; ; ;1; ;12;492,374978576181
3360581;1;2;2;2;68; ;2; ; ;1;2; ; ;1; ;12;492,374978576181
3360581;1;3;1; ; ; ; ; ; ; ; ; ; ; ; ;12;492,374978576181
3360582;1;1;1; ; ; ; ; ; ; ; ; ; ; ; ;12;693,13390589556
3360582;1;2;1; ; ; ; ; ; ; ; ; ; ; ; ;12;693,13390589556
3360582;1;3;1; ; ; ; ; ; ; ; ; ; ; ; ;12;693,13390589556
3360582;1;4;1; ; ; ; ; ; ; ; ; ; ; ; ;12;693,13390589556
3360584;1;1;2;2;70; ;2; ; ;1;2; ; ;1; ;12;836,171485607165
3360584;1;2;2;2;13; ;2; ; ;1;2; ; ;1; ;12;836,171485607165
3360584;1;3;1; ; ; ; ; ; ; ; ; ; ; ; ;12;836,171485607165
3360585;1;1;1; ; ; ; ; ; ; ; ; ; ; ; ;12;561,84786728263
3360585;1;2;1; ; ; ; ; ; ; ; ; ; ; ; ;12;561,84786728263
3360585;1;3;1; ; ; ; ; ; ; ; ; ; ; ; ;12;561,84786728263
3360585;1;4;1; ; ; ; ; ; ; ; ; ; ; ; ;12;561,84786728263
3360586;1;1;1; ; ; ; ; ; ; ; ; ; ; ; ;12;675,091796414891
3360586;1;2;1; ; ; ; ; ; ; ; ; ; ; ; ;12;675,091796414891
3360586;1;3;1; ; ; ; ; ; ; ; ; ; ; ; ;12;675,091796414891
3360587;1;1;1; ; ; ; ; ; ; ; ; ; ; ; ;12;619,459278059424
3360588;1;1;1; ; ; ; ; ; ; ; ; ; ; ; ;12;655,109026099191
3360588;1;2;1; ; ; ; ; ; ; ; ; ; ; ; ;12;655,109026099191
3360588;1;3;1; ; ; ; ; ; ; ; ; ; ; ; ;12;655,109026099191
3360588;1;4;1; ; ; ; ; ; ; ; ; ; ; ; ;12;655,109026099191
3360589;1;1;1; ; ; ; ; ; ; ; ; ; ; ; ;12;715,302975075301
3360589;1;2;1; ; ; ; ; ; ; ; ; ; ; ; ;12;715,302975075301
3360589;1;3;1; ; ; ; ; ; ; ; ; ; ; ; ;12;715,302975075301
3360590;1;1;1; ; ; ; ; ; ; ; ; ; ; ; ;12;619,459278059424
3360593;1;1;2;2;23; ;2; ; ;1;2; ; ;1; ;12;671,637473959635
3360593;1;2;1; ; ; ; ; ; ; ; ; ; ; ; ;12;671,637473959635
3360593;1;3;1; ; ; ; ; ; ; ; ; ; ; ; ;12;671,637473959635
3360593;1;4;1; ; ; ; ; ; ; ; ; ; ; ; ;12;671,637473959635
3360594;1;1;2;2;19; ;2; ; ;1;2; ; ;1; ;12;693,13390589556
3360594;1;2;1; ; ; ; ; ; ; ; ; ; ; ; ;12;693,13390589556
3360594;1;3;1; ; ; ; ; ; ; ; ; ; ; ; ;12;693,13390589556
3360594;1;4;1; ; ; ; ; ; ; ; ; ; ; ; ;12;693,13390589556
3360595;1;1;1; ; ; ; ; ; ; ; ; ; ; ; ;12;424,685068040571
3360595;1;2;1; ; ; ; ; ; ; ; ; ; ; ; ;12;424,685068040571
3360595;1;3;1; ; ; ; ; ; ; ; ; ; ; ; ;12;424,685068040571
3360595;1;4;1; ; ; ; ; ; ; ; ; ; ; ; ;12;424,685068040571
3360595;1;5;1; ; ; ; ; ; ; ; ; ; ; ; ;12;424,685068040571
3360596;1;1;2;2;52; ;2; ; ;1;2; ; ;1; ;12;96,560853884005
3360596;1;2;2;2;11; ;2; ; ;1;2; ; ;1; ;12;96,560853884005
3360596;1;3;2;2;52; ;2; ; ;1;2; ; ;1; ;12;96,560853884005
3360596;1;4;1; ; ; ; ; ; ; ; ; ; ; ; ;12;96,560853884005
3360597;1;1;2;2;20; ;2; ; ;1;2; ; ;1; ;12;52,9404138040156
3360597;1;2;2;2;20; ;2; ; ;1;2; ; ;1; ;12;52,9404138040156
3360597;1;3;2;2;20; ;2; ; ;1;2; ; ;1; ;12;52,9404138040156
3360597;1;4;2;2;20; ;2; ; ;1;2; ; ;1; ;12;52,9404138040156
3360597;1;5;2;2;20; ;2; ; ;1;2; ; ;1; ;12;52,9404138040156
3360598;1;1;1; ; ; ; ; ; ; ; ; ; ; ; ;12;80,572705372469
3360598;1;2;1; ; ; ; ; ; ; ; ; ; ; ; ;12;80,572705372469
3360598;1;3;1; ; ; ; ; ; ; ; ; ; ; ; ;12;80,572705372469
3360598;1;4;1; ; ; ; ; ; ; ; ; ; ; ; ;12;80,572705372469
3360599;1;1;1; ; ; ; ; ; ; ; ; ; ; ; ;12;74,1302471498437
3360599;1;2;1; ; ; ; ; ; ; ; ; ; ; ; ;12;74,1302471498437
3360599;1;3;1; ; ; ; ; ; ; ; ; ; ; ; ;12;74,1302471498437
3360599;1;4;1; ; ; ; ; ; ; ; ; ; ; ; ;12;74,1302471498437
3360600;1;1;2;2;44; ;2; ; ;1;2; ; ;1; ;12;57,4779721640898
3360600;1;2;1; ; ; ; ; ; ; ; ; ; ; ; ;12;57,4779721640898
3360600;1;3;1; ; ; ; ; ; ; ; ; ; ; ; ;12;57,4779721640898
3360600;1;4;1; ; ; ; ; ; ; ; ; ; ; ; ;12;57,4779721640898
3360601;1;1;1; ; ; ; ; ; ; ; ; ; ; ; ;12;84,6887895235865
3360601;1;2;1; ; ; ; ; ; ; ; ; ; ; ; ;12;84,6887895235865
3360601;1;3;1; ; ; ; ; ; ; ; ; ; ; ; ;12;84,6887895235865
3360602;1;1;1; ; ; ; ; ; ; ; ; ; ; ; ;12;57,1318265018541
3360602;1;2;1; ; ; ; ; ; ; ; ; ; ; ; ;12;57,1318265018541
3360602;1;3;1; ; ; ; ; ; ; ; ; ; ; ; ;12;57,1318265018541
3360603;1;1;1; ; ; ; ; ; ; ; ; ; ; ; ;12;44,3772286537733
3360603;1;2;1; ; ; ; ; ; ; ; ; ; ; ; ;12;44,3772286537733
3360603;1;3;1; ; ; ; ; ; ; ; ; ; ; ; ;12;44,3772286537733
3360603;1;4;1; ; ; ; ; ; ; ; ; ; ; ; ;12;44,3772286537733
3360603;1;5;1; ; ; ; ; ; ; ; ; ; ; ; ;12;44,3772286537733
3360604;1;1;1; ; ; ; ; ; ; ; ; ; ; ; ;12;99,4555938726779
3360604;1;2;1; ; ; ; ; ; ; ; ; ; ; ; ;12;99,4555938726779
3360604;1;3;1; ; ; ; ; ; ; ; ; ; ; ; ;12;99,4555938726779
3360605;1;1;1; ; ; ; ; ; ; ; ; ; ; ; ;12;95,2448538870814
3360605;1;2;1; ; ; ; ; ; ; ; ; ; ; ; ;12;95,2448538870814
3360605;1;3;1; ; ; ; ; ; ; ; ; ; ; ; ;12;95,2448538870814
3360605;1;4;1; ; ; ; ; ; ; ; ; ; ; ; ;12;95,2448538870814
3360605;1;5;1; ; ; ; ; ; ; ; ; ; ; ; ;12;95,2448538870814
3360606;1;1;2;1; ; ;2; ; ;1;2; ; ;1; ;12;52,3938531848564
3360606;1;2;2;2;13; ;4; ;3; ;2; ; ;1; ;12;52,3938531848564
3360606;1;3;2;3; ;3;4; ;3; ;2; ; ;1; ;12;52,3938531848564
3360606;1;4;2;3; ;3;4; ;3; ;2; ; ;1; ;12;52,3938531848564
3360607;1;1;2;2;13; ;2; ; ;1;2; ; ;1; ;12;109,992229010284
3360607;1;2;2;1; ; ;2; ; ;1;2; ; ;1; ;12;109,992229010284
3360607;1;3;1; ; ; ; ; ; ; ; ; ; ; ; ;12;109,992229010284
3360607;1;4;1; ; ; ; ; ; ; ; ; ; ; ; ;12;109,992229010284
3360608;1;1;1; ; ; ; ; ; ; ; ; ; ; ; ;12;82,4352659885518
3360608;1;2;1; ; ; ; ; ; ; ; ; ; ; ; ;12;82,4352659885518
3360608;1;3;1; ; ; ; ; ; ; ; ; ; ; ; ;12;82,4352659885518
3360608;1;4;1; ; ; ; ; ; ; ; ; ; ; ; ;12;82,4352659885518
3360609;1;1;2;2;20; ;3;20; ;1;2; ; ;1; ;12;96,560853884005
3360609;1;2;2;2;20; ;3;20; ;1;2; ; ;1; ;12;96,560853884005
3360609;1;3;2;2;20; ;3;20; ;1;2; ; ;1; ;12;96,560853884005
3360609;1;4;2;2;20; ;3;20; ;1;2; ; ;1; ;12;96,560853884005
3360610;1;1;2;2;20; ;2; ; ;1;2; ; ;1; ;12;106,425183488574
3360610;1;2;1; ; ; ; ; ; ; ; ; ; ; ; ;12;106,425183488574
3360610;1;3;1; ; ; ; ; ; ; ; ; ; ; ; ;12;106,425183488574
3360614;1;1;2;2;44; ;2; ; ;1;2; ; ;1; ;12;123,844419841844
3360614;1;2;2;1; ; ;2; ; ;1;2; ; ;1; ;12;123,844419841844
3360614;1;3;1; ; ; ; ; ; ; ; ; ; ; ; ;12;123,844419841844
3360614;1;4;1; ; ; ; ; ; ; ; ; ; ; ; ;12;123,844419841844
3360615;1;1;2;2;44; ;2; ; ;1;2; ; ;1; ;12;44,3772286537733
3360615;1;2;1; ; ; ; ; ; ; ; ; ; ; ; ;12;44,3772286537733
3360615;1;3;2;2;44; ;2; ; ;1;2; ; ;1; ;12;44,3772286537733
3360615;1;4;2;2;44; ;2; ; ;1;2; ; ;1; ;12;44,3772286537733
3360616;1;1;2;2;44; ;2; ; ;1;2; ; ;1; ;12;71,603560059543
3360616;1;2;2;2;70; ;2; ; ;1;2; ; ;1; ;12;71,603560059543
3360616;1;3;1; ; ; ; ; ; ; ; ; ; ; ; ;12;71,603560059543
3360616;1;4;2;2;23; ;2; ; ;1;2; ; ;1; ;12;71,603560059543
3360617;1;1;2;2;23; ;2; ; ;1;2; ; ;1; ;12;81,8887053693926
3360617;1;2;2;2;44; ;2; ; ;1;2; ; ;1; ;12;81,8887053693926
3360617;1;3;1; ; ; ; ; ; ; ; ; ; ; ; ;12;81,8887053693926
3360618;1;1;2;1; ; ;2; ; ;1;2; ; ;1; ;12;64,3437241022438
3360619;1;1;2;2;47; ;3;47; ;2;2; ; ;1; ;12;126,644503996038
3360619;1;2;1; ; ; ; ; ; ; ; ; ; ; ; ;12;126,644503996038
3360619;1;3;2;2;47; ;3;47; ;2;2; ; ;1; ;12;126,644503996038
3360619;1;4;2;2;47; ;3;47; ;2;2; ; ;1; ;12;126,644503996038
3360621;1;1;2;2;47; ;2; ; ;1;2; ; ;1; ;12;69,0038908622727
3360621;1;2;2;2;47; ;2; ; ;1;2; ; ;1; ;12;69,0038908622727
3360621;1;3;2;2;47; ;2; ; ;1;2; ; ;1; ;12;69,0038908622727
3360621;1;4;1; ; ; ; ; ; ; ; ; ; ; ; ;12;69,0038908622727
3360622;1;1;1; ; ; ; ; ; ; ; ; ; ; ; ;12;99,213285888184
3360622;1;2;1; ; ; ; ; ; ; ; ; ; ; ; ;12;99,213285888184
3360622;1;3;1; ; ; ; ; ; ; ; ; ; ; ; ;12;99,213285888184
3360622;1;4;2;1; ; ;2; ; ;1;3;20; ;1; ;12;99,213285888184
3360622;1;5;2;2;47; ;3;20; ;1;3;20; ;1; ;12;99,213285888184
3360623;1;1;2;2;44; ;2; ; ;1;2; ; ;1; ;12;44,3772286537733
3360623;1;2;2;2;44; ;2; ; ;1;2; ; ;1; ;12;44,3772286537733
3360623;1;3;2;1; ; ;2; ; ;1;2; ; ;1; ;12;44,3772286537733
3360623;1;4;2;1; ; ;3;44; ;1;3;08; ;1; ;12;44,3772286537733
3360624;1;1;1; ; ; ; ; ; ; ; ; ; ; ; ;12;68,0365145378326
3360624;1;2;2;2;20; ;1; ; ; ;2; ; ;1; ;12;68,0365145378326
3360624;1;3;2;2;44; ;3;05; ;1;2; ; ;1; ;12;68,0365145378326
3360625;1;1;2;2;20; ;2; ; ;1;2; ; ;1; ;12;117,131384350112
3360625;1;2;2;2;44; ;2; ; ;1;2; ; ;1; ;12;117,131384350112
3360625;1;3;1; ; ; ; ; ; ; ; ; ; ; ; ;12;117,131384350112
3360625;1;4;1; ; ; ; ; ; ; ; ; ; ; ; ;12;117,131384350112
3360625;1;5;1; ; ; ; ; ; ; ; ; ; ; ; ;12;117,131384350112
3360626;1;1;2;2;20; ;3;20; ;1;2; ; ;1; ;12;92,3215028292571
3360627;1;1;1; ; ; ; ; ; ; ; ; ; ; ; ;12;60,1523114044053
3360627;1;2;1; ; ; ; ; ; ; ; ; ; ; ; ;12;60,1523114044053
3360627;1;3;1; ; ; ; ; ; ; ; ; ; ; ; ;12;60,1523114044053
3360628;1;1;2;2;13; ;3;13; ;1;2; ; ;1; ;12;124,117816905737
3360628;1;2;2;1; ; ;2; ; ;1;2; ; ;1; ;12;124,117816905737
3360628;1;3;2;2;13; ;3;13; ;1;3;13; ;1; ;12;124,117816905737
3360628;1;4;1; ; ; ; ; ; ; ; ; ; ; ; ;12;124,117816905737
3360629;1;1;2;2;44; ;2; ; ;1;2; ; ;1; ;12;88,2558350452969
3360629;1;2;1; ; ; ; ; ; ; ; ; ; ; ; ;12;88,2558350452969
3360629;1;3;1; ; ; ; ; ; ; ; ; ; ; ; ;12;88,2558350452969
3360629;1;4;1; ; ; ; ; ; ; ; ; ; ; ; ;12;88,2558350452969
3360630;1;1;2;2;47; ;2; ; ;1;2; ; ;1; ;12;67,9107696239543
3360630;1;2;2;2;47; ;2; ; ;1;2; ; ;1; ;12;67,9107696239543
3360634;1;1;2;2;20; ;2; ; ;1;2; ; ;1; ;12;644,617438893319
3360634;1;2;2;2;20; ;2; ; ;1;2; ; ;1; ;12;644,617438893319
3360634;1;3;1; ; ; ; ; ; ; ; ; ; ; ; ;12;644,617438893319
3360634;1;4;1; ; ; ; ; ; ; ; ; ; ; ; ;12;644,617438893319
3360634;1;5;1; ; ; ; ; ; ; ; ; ; ; ; ;12;644,617438893319
3360635;1;1;2;2;08; ;2; ; ;1;2; ; ;1; ;12;736,895381906791
3360635;1;2;1; ; ; ; ; ; ; ; ; ; ; ; ;12;736,895381906791
3360635;1;3;1; ; ; ; ; ; ; ; ; ; ; ; ;12;736,895381906791
3360635;1;4;1; ; ; ; ; ; ; ; ; ; ; ; ;12;736,895381906791
3360635;1;5;2;2;15; ;2; ; ;1;2; ; ;1; ;12;736,895381906791
3360636;1;1;2;1; ; ;2; ; ;1;2; ; ;1; ;12;481,883391370309
3360636;1;2;2;2;47; ;2; ; ;1;2; ; ;1; ;12;481,883391370309
3360636;1;3;2;1; ; ;2; ; ;1;2; ; ;1; ;12;481,883391370309
3360636;1;4;2;2;47; ;2; ; ;1;2; ; ;1; ;12;481,883391370309
3360637;1;1;2;2;68; ;2; ; ;1;2; ; ;1; ;12;686,096641144944
3360637;1;2;2;2;47; ;2; ; ;1;2; ; ;1; ;12;686,096641144944
3360637;1;3;1; ; ; ; ; ; ; ; ; ; ; ; ;12;686,096641144944
3360637;1;4;1; ; ; ; ; ; ; ; ; ; ; ; ;12;686,096641144944
3360638;1;1;2;2;08; ;2; ; ;1;2; ; ;1; ;12;674,091392318848
3360638;1;2;1; ; ; ; ; ; ; ; ; ; ; ; ;12;674,091392318848
3360638;1;3;2;2;08; ;2; ; ;1;2; ; ;1; ;12;674,091392318848
3360638;1;4;1; ; ; ; ; ; ; ; ; ; ; ; ;12;674,091392318848
3360639;1;1;2;2;23; ;2; ; ;1;2; ; ;1; ;12;672,637878055678
3360639;1;2;1; ; ; ; ; ; ; ; ; ; ; ; ;12;672,637878055678
3360639;1;3;1; ; ; ; ; ; ; ; ; ; ; ; ;12;672,637878055678
3360640;1;1;2;2;13; ;2; ; ;1;2; ; ;1; ;12;549,595217676678
3360640;1;2;2;2;13; ;2; ; ;1;2; ; ;1; ;12;549,595217676678
3360640;1;3;1; ; ; ; ; ; ; ; ; ; ; ; ;12;549,595217676678
3360640;1;4;1; ; ; ; ; ; ; ; ; ; ; ; ;12;549,595217676678
3360640;1;5;1; ; ; ; ; ; ; ; ; ; ; ; ;12;549,595217676678
3360641;1;1;2;2;13; ;2; ; ;1;2; ; ;1; ;12;664,60020920902
3360641;1;2;1; ; ; ; ; ; ; ; ; ; ; ; ;12;664,60020920902
3360641;1;3;1; ; ; ; ; ; ; ; ; ; ; ; ;12;664,60020920902
3360641;1;4;1; ; ; ; ; ; ; ; ; ; ; ; ;12;664,60020920902
3360642;1;1;2;2;13; ;2; ; ;1;2; ; ;1; ;12;449,810051633684
3360642;1;2;2;2;13; ;2; ; ;1;2; ; ;1; ;12;449,810051633684
3360642;1;3;2;2;13; ;2; ; ;1;2; ; ;1; ;12;449,810051633684
3360642;1;4;2;2;08; ;2; ; ;1;2; ; ;1; ;12;449,810051633684
3360642;1;5;1; ; ; ; ; ; ; ; ; ; ; ; ;12;449,810051633684
3360642;1;6;1; ; ; ; ; ; ; ; ; ; ; ; ;12;449,810051633684
3360642;1;7;1; ; ; ; ; ; ; ; ; ; ; ; ;12;449,810051633684
3360643;1;1;2;2;47; ;2; ; ;1;2; ; ;1; ;12;495,829301031437
3360643;1;2;2;2;47; ;2; ; ;1;2; ; ;1; ;12;495,829301031437
3360644;1;1;2;2;70; ;2; ; ;1;2; ; ;1; ;12;501,066601657532
3360644;1;2;2;2;70; ;2; ; ;1;2; ; ;1; ;12;501,066601657532
3360644;1;3;2;2;08; ;2; ; ;1;2; ; ;1; ;12;501,066601657532
3360644;1;4;2;2;08; ;2; ; ;1;2; ; ;1; ;12;501,066601657532
3360645;1;1;2;2;47; ;2; ; ;1;2; ; ;1; ;12;605,618907708442
3360645;1;2;2;2;08; ;2; ; ;1;2; ; ;1; ;12;605,618907708442
3360646;1;1;2;2;47; ;2; ; ;1;2; ; ;1; ;12;675,091796414891
3360646;1;2;2;2;08; ;2; ; ;1;2; ; ;1; ;12;675,091796414891
3360646;1;3;1; ; ; ; ; ; ; ; ; ; ; ; ;12;675,091796414891
3360647;1;1;2;2;08; ;2; ; ;1;2; ; ;1; ;12;661,145886753764
3360647;1;2;2;2;08; ;2; ; ;1;2; ; ;1; ;12;661,145886753764
3360647;1;3;1; ; ; ; ; ; ; ; ; ; ; ; ;12;661,145886753764
3360647;1;4;1; ; ; ; ; ; ; ; ; ; ; ; ;12;661,145886753764
3360647;1;5;1; ; ; ; ; ; ; ; ; ; ; ; ;12;661,145886753764
3360648;1;1;2;2;68; ;2; ; ;1;2; ; ;1; ;12;746,290590121055
3360648;1;2;2;2;08; ;2; ; ;1;2; ; ;1; ;12;746,290590121055
3360648;1;3;1; ; ; ; ; ; ; ; ; ; ; ; ;12;746,290590121055
3360649;1;1;1; ; ; ; ; ; ; ; ; ; ; ; ;12;552,462223482947
3360649;1;2;1; ; ; ; ; ; ; ; ; ; ; ; ;12;552,462223482947
3360649;1;3;1; ; ; ; ; ; ; ; ; ; ; ; ;12;552,462223482947
3360650;1;1;1; ; ; ; ; ; ; ; ; ; ; ; ;12;566,302593833929
3360650;1;2;2;2;08; ;2; ; ;1;2; ; ;1; ;12;566,302593833929
3360651;1;1;2;2;08; ;2; ; ;1;2; ; ;1; ;12;561,84786728263
3360651;1;2;2;2;08; ;2; ; ;1;2; ; ;1; ;12;561,84786728263
3360651;1;3;1; ; ; ; ; ; ; ; ; ; ; ; ;12;561,84786728263
3360651;1;4;1; ; ; ; ; ; ; ; ; ; ; ; ;12;561,84786728263
3360652;1;1;2;2;08; ;2; ; ;1;2; ; ;1; ;12;557,677608338283
3360652;1;2;2;2;08; ;3;08; ;1;2; ; ;1; ;12;557,677608338283
3360653;1;1;2;2;08; ;2; ; ;1;2; ; ;1; ;12;725,794562281173
3360653;1;2;2;2;44; ;2; ; ;1;2; ; ;1; ;12;725,794562281173
3360654;1;1;2;2;70; ;2; ; ;1;2; ; ;1; ;12;505,24642501646
3360654;1;2;2;2;47; ;2; ; ;1;2; ; ;1; ;12;505,24642501646
3360654;1;3;1; ; ; ; ; ; ; ; ; ; ; ; ;12;505,24642501646
3360655;1;1;1; ; ; ; ; ; ; ; ; ; ; ; ;12;671,637473959635
3360655;1;2;1; ; ; ; ; ; ; ; ; ; ; ; ;12;671,637473959635
3360655;1;3;1; ; ; ; ; ; ; ; ; ; ; ; ;12;671,637473959635
3360655;1;4;1; ; ; ; ; ; ; ; ; ; ; ; ;12;671,637473959635
3360656;1;1;2;2;68; ;2; ; ;1;2; ; ;1; ;12;655,109026099191
3360656;1;2;2;2;23; ;2; ; ;1;2; ; ;1; ;12;655,109026099191
3360656;1;3;1; ; ; ; ; ; ; ; ; ; ; ; ;12;655,109026099191
3360656;1;4;1; ; ; ; ; ; ; ; ; ; ; ; ;12;655,109026099191
3360657;1;1;2;2;47; ;2; ; ;1;2; ; ;1; ;12;560,08680488255
3360657;1;2;2;2;08; ;2; ; ;1;2; ; ;1; ;12;560,08680488255
3360657;1;3;2;2;08; ;2; ; ;1;2; ; ;1; ;12;560,08680488255
3360657;1;4;2;2;70; ;2; ; ;1;2; ; ;1; ;12;560,08680488255
3360658;1;1;2;2;20; ;2; ; ;1;2; ; ;1; ;12;90,6675425666981
3360658;1;2;2;2;20; ;2; ; ;1;2; ; ;1; ;12;90,6675425666981
3360658;1;3;2;2;08; ;2; ; ;1;2; ; ;1; ;12;90,6675425666981
3360658;1;4;2;2;08; ;2; ; ;1;2; ; ;1; ;12;90,6675425666981
3360658;1;5;1; ; ; ; ; ; ; ; ; ; ; ; ;12;90,6675425666981
3360658;1;6;2;2;08; ;2; ; ;1;2; ; ;1; ;12;90,6675425666981
3360658;1;7;1; ; ; ; ; ; ; ; ; ; ; ; ;12;90,6675425666981
3360659;1;1;1; ; ; ; ; ; ; ; ; ; ; ; ;12;71,7487405370907
3360659;1;2;1; ; ; ; ; ; ; ; ; ; ; ; ;12;71,7487405370907
3360659;1;3;1; ; ; ; ; ; ; ; ; ; ; ; ;12;71,7487405370907
3360659;1;4;1; ; ; ; ; ; ; ; ; ; ; ; ;12;71,7487405370907
3360659;1;5;1; ; ; ; ; ; ; ; ; ; ; ; ;12;71,7487405370907
3360659;1;6;1; ; ; ; ; ; ; ; ; ; ; ; ;12;71,7487405370907
3360659;2;1;1; ; ; ; ; ; ; ; ; ; ; ; ;12;71,7487405370907
3360659;2;2;1; ; ; ; ; ; ; ; ; ; ; ; ;12;71,7487405370907
3360659;2;3;1; ; ; ; ; ; ; ; ; ; ; ; ;12;71,7487405370907
3360659;2;4;1; ; ; ; ; ; ; ; ; ; ; ; ;12;71,7487405370907
3360660;1;1;1; ; ; ; ; ; ; ; ; ; ; ; ;12;52,5195980987347
3360660;1;2;1; ; ; ; ; ; ; ; ; ; ; ; ;12;52,5195980987347
3360660;1;3;1; ; ; ; ; ; ; ; ; ; ; ; ;12;52,5195980987347
3360660;1;4;1; ; ; ; ; ; ; ; ; ; ; ; ;12;52,5195980987347
3360660;1;5;1; ; ; ; ; ; ; ; ; ; ; ; ;12;52,5195980987347
3360661;1;1;1; ; ; ; ; ; ; ; ; ; ; ; ;12;106,425183488574
3360661;1;2;1; ; ; ; ; ; ; ; ; ; ; ; ;12;106,425183488574
3360661;1;3;1; ; ; ; ; ; ; ; ; ; ; ; ;12;106,425183488574
3360662;1;1;1; ; ; ; ; ; ; ; ; ; ; ; ;12;47,6136425595211
3360662;1;2;2;1; ; ;2; ; ;1;2; ; ;1; ;12;47,6136425595211
3360662;1;3;1; ; ; ; ; ; ; ; ; ; ; ; ;12;47,6136425595211
3360662;1;4;2;2;70; ;3;70; ;1;2; ; ;1; ;12;47,6136425595211
3360662;1;5;2;2;47; ;3;11; ;1;2; ; ;1; ;12;47,6136425595211
3360663;1;1;2;2;20; ;2; ; ;1;2; ; ;1; ;12;44,3772286537733
3360663;1;2;2;2;44; ;2; ; ;1;2; ; ;1; ;12;44,3772286537733
3360663;1;3;1; ; ; ; ; ; ; ; ; ; ; ; ;12;44,3772286537733
3360663;1;4;1; ; ; ; ; ; ; ; ; ; ; ; ;12;44,3772286537733
3360663;1;5;2;2;44; ;2; ; ;1;2; ; ;1; ;12;44,3772286537733
3360664;1;1;1; ; ; ; ; ; ; ; ; ; ; ; ;12;74,1083399137071
3360664;1;2;2;2;44; ;3;44; ;1;2; ; ;1; ;12;74,1083399137071
3360664;1;3;1; ; ; ; ; ; ; ; ; ; ; ; ;12;74,1083399137071
3360664;1;4;1; ; ; ; ; ; ; ; ; ; ; ; ;12;74,1083399137071
3360664;1;5;1; ; ; ; ; ; ; ; ; ; ; ; ;12;74,1083399137071
3360664;1;6;2;2;44; ;2; ; ;1;2; ; ;1; ;12;74,1083399137071
3360665;1;1;2;2;23; ;2; ; ;1;2; ; ;1; ;12;166,745836911226
3360665;1;2;2;2;20; ;2; ; ;1;2; ; ;1; ;12;166,745836911226
3360665;1;3;1; ; ; ; ; ; ; ; ; ; ; ; ;12;166,745836911226
3360665;1;4;1; ; ; ; ; ; ; ; ; ; ; ; ;12;166,745836911226
3360665;1;5;1; ; ; ; ; ; ; ; ; ; ; ; ;12;166,745836911226
3360665;1;6;1; ; ; ; ; ; ; ; ; ; ; ; ;12;166,745836911226
3360665;1;7;2;2;20; ;2; ; ;1;2; ; ;1; ;12;166,745836911226
3360666;1;1;1; ; ; ; ; ; ; ; ; ; ; ; ;12;141,64089093675
3360666;1;2;2;2;47; ;2; ; ;1;2; ; ;1; ;12;141,64089093675
3360666;1;3;1; ; ; ; ; ; ; ; ; ; ; ; ;12;141,64089093675
3360666;1;4;2;2;13; ;2; ; ;1;2; ; ;1; ;12;141,64089093675
3360666;1;5;1; ; ; ; ; ; ; ; ; ; ; ; ;12;141,64089093675
3360666;1;6;1; ; ; ; ; ; ; ; ; ; ; ; ;12;141,64089093675
3360666;1;7;1; ; ; ; ; ; ; ; ; ; ; ; ;12;141,64089093675
3360666;1;8;1; ; ; ; ; ; ; ; ; ; ; ; ;12;141,64089093675
3360667;1;1;2;2;47; ;3;47; ;1;2; ; ;1; ;12;110,538789629443
3360667;1;2;2;2;47; ;3;47; ;1;2; ; ;1; ;12;110,538789629443
3360667;1;3;1; ; ; ; ; ; ; ; ; ; ; ; ;12;110,538789629443
3360667;1;4;1; ; ; ; ; ; ; ; ; ; ; ; ;12;110,538789629443
3360667;1;5;1; ; ; ; ; ; ; ; ; ; ; ; ;12;110,538789629443
3360668;1;1;1; ; ; ; ; ; ; ; ; ; ; ; ;12;67,8888623878177
3360668;1;2;1; ; ; ; ; ; ; ; ; ; ; ; ;12;67,8888623878177
3360668;1;3;1; ; ; ; ; ; ; ; ; ; ; ; ;12;67,8888623878177
3360668;1;4;1; ; ; ; ; ; ; ; ; ; ; ; ;12;67,8888623878177
3360669;1;1;2;2;70; ;2; ; ;1;2; ; ;1; ;12;82,4352659885518
3360669;1;2;2;2;47; ;2; ; ;1;2; ; ;1; ;12;82,4352659885518
3360669;1;3;1; ; ; ; ; ; ; ; ; ; ; ; ;12;82,4352659885518
3360669;1;4;1; ; ; ; ; ; ; ; ; ; ; ; ;12;82,4352659885518
3360670;1;1;2;2;05; ;2; ; ;1;2; ; ;1; ;12;81,8887053693926
3360670;1;2;1; ; ; ; ; ; ; ; ; ; ; ; ;12;81,8887053693926
3360670;1;3;1; ; ; ; ; ; ; ; ; ; ; ; ;12;81,8887053693926
3360671;1;1;2;2;47; ;3;47; ;1;2; ; ;1; ;12;92,3215028292571
3360672;1;1;1; ; ; ; ; ; ; ; ; ; ; ; ;12;52,4691817315774
3360672;1;2;1; ; ; ; ; ; ; ; ; ; ; ; ;12;52,4691817315774
3360672;1;3;1; ; ; ; ; ; ; ; ; ; ; ; ;12;52,4691817315774
3360673;1;1;1; ; ; ; ; ; ; ; ; ; ; ; ;12;92,3215028292571
3360677;1;1;2;2;27; ;2; ; ;1;2; ; ;1; ;12;582,343895122512
3360677;1;2;2;2;08; ;2; ; ;1;2; ; ;1; ;12;582,343895122512
3360677;1;3;2;2;27; ;2; ; ;1;2; ; ;1; ;12;582,343895122512
3360677;1;4;2;2;27; ;2; ; ;1;2; ; ;1; ;12;582,343895122512
3360677;1;5;2;2;27; ;2; ; ;1;2; ; ;1; ;12;582,343895122512
3360678;1;1;2;2;08; ;2; ; ;1;2; ; ;1; ;12;551,769367523814
3360678;1;2;2;2;08; ;2; ; ;1;2; ; ;1; ;12;551,769367523814
3360678;1;3;2;2;08; ;2; ; ;1;2; ; ;1; ;12;551,769367523814
3360679;1;1;2;2;47; ;2; ; ;1;2; ; ;1; ;12;613,243489108045
3360679;1;2;2;2;47; ;2; ; ;1;2; ; ;1; ;12;613,243489108045
3360679;1;3;2;2;08; ;2; ; ;1;2; ; ;1; ;12;613,243489108045
3360680;1;1;2;2;23; ;3;23; ;1;2; ; ;1; ;12;664,60020920902
3360680;1;2;2;2;23; ;3;23; ;1;2; ; ;1; ;12;664,60020920902
3360680;1;3;2;2;23; ;3;23; ;1;2; ; ;1; ;12;664,60020920902
3360680;1;4;2;2;23; ;3;23; ;1;2; ; ;1; ;12;664,60020920902
3360681;1;1;2;2;11; ;2; ; ;1;2; ; ;1; ;12;746,290590121055
3360681;1;2;1; ; ; ; ; ; ; ; ; ; ; ; ;12;746,290590121055
3360681;1;3;2;2;08; ;1; ; ; ;2; ; ;1; ;12;746,290590121055
3360682;1;1;2;2;08; ;2; ; ;1;2; ; ;1; ;12;502,067005753575
3360682;1;2;2;2;08; ;2; ; ;1;2; ; ;1; ;12;502,067005753575
3360682;1;3;2;2;08; ;2; ; ;1;2; ; ;1; ;12;502,067005753575
3360683;1;1;2;2;08; ;2; ; ;1;2; ; ;1; ;12;725,794562281173
3360683;1;2;2;2;08; ;2; ; ;1;2; ; ;1; ;12;725,794562281173
3360684;1;1;2;2;23; ;2; ; ;1;2; ; ;1; ;12;545,553578572435
3360684;1;2;2;2;23; ;2; ; ;1;2; ; ;1; ;12;545,553578572435
3360684;1;3;2;2;23; ;2; ; ;1;2; ; ;1; ;12;545,553578572435
3360684;1;4;2;2;23; ;2; ; ;1;2; ; ;1; ;12;545,553578572435
3360684;1;5;2;2;23; ;2; ; ;1;2; ; ;1; ;12;545,553578572435
3360686;1;1;2;2;08; ;2; ; ;1;2; ; ;1; ;12;693,13390589556
3360686;1;2;2;2;08; ;2; ; ;1;2; ; ;1; ;12;693,13390589556
3360686;1;3;1; ; ; ; ; ; ; ; ; ; ; ; ;12;693,13390589556
3360686;1;4;1; ; ; ; ; ; ; ; ; ; ; ; ;12;693,13390589556
3360687;1;1;2;2;08; ;2; ; ;1;2; ; ;1; ;12;695,587824254773
3360687;1;2;1; ; ; ; ; ; ; ; ; ; ; ; ;12;695,587824254773
3360687;1;3;2;2;08; ;2; ; ;1;2; ; ;1; ;12;695,587824254773
3360687;1;4;1; ; ; ; ; ; ; ; ; ; ; ; ;12;695,587824254773
3360688;1;1;2;2;08; ;2; ; ;1;2; ; ;1; ;12;711,629125543357
3360688;1;2;2;2;08; ;2; ; ;1;2; ; ;1; ;12;711,629125543357
3360688;1;3;2;2;08; ;2; ; ;1;2; ; ;1; ;12;711,629125543357
3360688;1;4;2;2;08; ;1; ; ; ;2; ; ;1; ;12;711,629125543357
3360688;1;5;2;2;08; ;2; ; ;1;2; ; ;1; ;12;711,629125543357
3360688;1;6;2;2;08; ;2; ; ;1;2; ; ;1; ;12;711,629125543357
3360688;1;7;2;2;08; ;2; ; ;1;2; ; ;1; ;12;711,629125543357
3360689;1;1;2;2;23; ;2; ; ;1;2; ; ;1; ;12;554,223285883027
3360689;1;2;1; ; ; ; ; ; ; ; ; ; ; ; ;12;554,223285883027
3360689;1;3;1; ; ; ; ; ; ; ; ; ; ; ; ;12;554,223285883027
3360690;1;1;1; ; ; ; ; ; ; ; ; ; ; ; ;12;665,600613305062
3360690;1;2;1; ; ; ; ; ; ; ; ; ; ; ; ;12;665,600613305062
3360690;1;3;1; ; ; ; ; ; ; ; ; ; ; ; ;12;665,600613305062
3360691;1;1;2;2;08; ;3;08; ;1;2; ; ;1; ;12;664,60020920902
3360691;1;2;2;2;44; ;3;08; ;1;2; ; ;1; ;12;664,60020920902
3360691;1;3;2;2;44; ;3;08; ;1;2; ; ;1; ;12;664,60020920902
3360691;1;4;2;2;08; ;1; ; ; ;2; ; ;1; ;12;664,60020920902
3360692;1;1;2;2;70; ;2; ; ;1;2; ; ;1; ;12;551,769367523814
3360692;1;2;1; ; ; ; ; ; ; ; ; ; ; ; ;12;551,769367523814
3360692;1;3;1; ; ; ; ; ; ; ; ; ; ; ; ;12;551,769367523814
3360693;1;1;1; ; ; ; ; ; ; ; ; ; ; ; ;12;601,164181157143
3360693;1;2;1; ; ; ; ; ; ; ; ; ; ; ; ;12;601,164181157143
3360693;1;3;1; ; ; ; ; ; ; ; ; ; ; ; ;12;601,164181157143
3360693;1;4;1; ; ; ; ; ; ; ; ; ; ; ; ;12;601,164181157143
3360694;1;1;1; ; ; ; ; ; ; ; ; ; ; ; ;12;364,574742603847
3360694;1;2;1; ; ; ; ; ; ; ; ; ; ; ; ;12;364,574742603847
3360695;1;1;2;2;13; ;2; ; ;1;2; ; ;1; ;12;643,839932477502
3360695;1;2;2;2;13; ;2; ; ;1;2; ; ;1; ;12;643,839932477502
3360695;1;3;2;2;08; ;2; ; ;1;2; ; ;1; ;12;643,839932477502
3360695;1;4;2;2;08; ;2; ; ;1;2; ; ;1; ;12;643,839932477502
3360695;1;5;2;2;08; ;2; ; ;1;2; ; ;1; ;12;643,839932477502
3360695;1;6;2;2;08; ;2; ; ;1;2; ; ;1; ;12;643,839932477502
3360695;1;7;1; ; ; ; ; ; ; ; ; ; ; ; ;12;643,839932477502
3360695;1;8;2;2;08; ;2; ; ;1;2; ; ;1; ;12;643,839932477502
3360696;1;1;2;2;68; ;3;68; ;1;2; ; ;1; ;12;606,379566012479
3360696;1;2;2;2;68; ;3;68; ;1;2; ; ;1; ;12;606,379566012479
3360696;1;3;2;2;68; ;3;68; ;1;2; ; ;1; ;12;606,379566012479
3360697;1;1;2;2;23; ;2; ; ;1;2; ; ;1; ;12;669,183555600422
3360697;1;2;2;2;23; ;2; ; ;1;2; ; ;1; ;12;669,183555600422
3360697;1;3;2;2;23; ;2; ; ;1;2; ; ;1; ;12;669,183555600422
3360697;1;4;2;2;23; ;2; ; ;1;2; ; ;1; ;12;669,183555600422
3360698;1;1;2;2;08; ;2; ; ;1;2; ; ;1; ;12;561,773808157825
3360698;1;2;1; ; ; ; ; ; ; ; ; ; ; ; ;12;561,773808157825
3360698;1;3;2;2;08; ;2; ; ;1;2; ; ;1; ;12;561,773808157825
3360698;1;4;1; ; ; ; ; ; ; ; ; ; ; ; ;12;561,773808157825
3360698;1;5;2;2;08; ;2; ; ;1;2; ; ;1; ;12;561,773808157825
3360699;1;1;1; ; ; ; ; ; ; ; ; ; ; ; ;12;76,7048725970538
3360699;1;2;2;1; ; ;3;47; ;1;2; ; ;1; ;12;76,7048725970538
3360699;1;3;1; ; ; ; ; ; ; ; ; ; ; ; ;12;76,7048725970538
3360699;1;4;1; ; ; ; ; ; ; ; ; ; ; ; ;12;76,7048725970538
3360699;1;5;1; ; ; ; ; ; ; ; ; ; ; ; ;12;76,7048725970538
3360699;1;6;1; ; ; ; ; ; ; ; ; ; ; ; ;12;76,7048725970538
3360699;1;7;1; ; ; ; ; ; ; ; ; ; ; ; ;12;76,7048725970538
3360699;1;8;1; ; ; ; ; ; ; ; ; ; ; ; ;12;76,7048725970538
3360699;1;9;1; ; ; ; ; ; ; ; ; ; ; ; ;12;76,7048725970538
3360700;1;1;1; ; ; ; ; ; ; ; ; ; ; ; ;12;95,866641114831
3360700;1;2;1; ; ; ; ; ; ; ; ; ; ; ; ;12;95,866641114831
3360700;1;3;1; ; ; ; ; ; ; ; ; ; ; ; ;12;95,866641114831
3360700;1;4;1; ; ; ; ; ; ; ; ; ; ; ; ;12;95,866641114831
3360701;1;1;2;1; ; ;4; ;3; ;4; ;3; ;1;12;88,2558350452969
3360701;1;2;2;2;08; ;4; ;3; ;4; ;3; ;1;12;88,2558350452969
3360701;1;3;2;2;08; ;4; ;3; ;4; ;3; ;4;12;88,2558350452969
3360701;1;4;1; ; ; ; ; ; ; ; ; ; ; ; ;12;88,2558350452969
3360702;1;1;2;2;44; ;3;44; ;2;2; ; ;1; ;12;92,3215028292571
3360703;1;1;2;2;70; ;2; ; ;1;2; ; ;1; ;12;64,890284721403
3360703;1;2;1; ; ; ; ; ; ; ; ; ; ; ; ;12;64,890284721403
3360704;1;1;1; ; ; ; ; ; ; ; ; ; ; ; ;12;120,550777721808
3360704;1;2;1; ; ; ; ; ; ; ; ; ; ; ; ;12;120,550777721808
3360704;1;3;1; ; ; ; ; ; ; ; ; ; ; ; ;12;120,550777721808
3360704;1;4;1; ; ; ; ; ; ; ; ; ; ; ; ;12;120,550777721808
3360704;1;5;1; ; ; ; ; ; ; ; ; ; ; ; ;12;120,550777721808
3360704;1;6;1; ; ; ; ; ; ; ; ; ; ; ; ;12;120,550777721808
3360704;1;7;2;2;70; ;3;70; ;1;2; ; ;1; ;12;120,550777721808
3360705;1;1;2;1; ; ;2; ; ;1;2; ; ;1; ;12;108,578993230503
3360705;1;2;2;1; ; ;3;44; ;2;2; ; ;1; ;12;108,578993230503
3360705;1;3;1; ; ; ; ; ; ; ; ; ; ; ; ;12;108,578993230503
3360705;1;4;1; ; ; ; ; ; ; ; ; ; ; ; ;12;108,578993230503
3360705;1;5;1; ; ; ; ; ; ; ; ; ; ; ; ;12;108,578993230503
3360705;1;6;2;1; ; ;3;44; ;2;2; ; ;1; ;12;108,578993230503
3360705;1;7;2;1; ; ;1; ; ; ;2; ; ;1; ;12;108,578993230503
3360705;1;8;2;1; ; ;1; ; ; ;2; ; ;1; ;12;108,578993230503
3360706;1;1;1; ; ; ; ; ; ; ; ; ; ; ; ;12;124,664377524897
3360706;1;2;1; ; ; ; ; ; ; ; ; ; ; ; ;12;124,664377524897
3360706;1;3;1; ; ; ; ; ; ; ; ; ; ; ; ;12;124,664377524897
3360706;1;4;1; ; ; ; ; ; ; ; ; ; ; ; ;12;124,664377524897
3360706;1;5;1; ; ; ; ; ; ; ; ; ; ; ; ;12;124,664377524897
3360707;1;1;1; ; ; ; ; ; ; ; ; ; ; ; ;12;44,3772286537733
3360707;1;2;1; ; ; ; ; ; ; ; ; ; ; ; ;12;44,3772286537733
3360707;1;3;1; ; ; ; ; ; ; ; ; ; ; ; ;12;44,3772286537733
3360708;1;1;2;2;47; ;2; ; ;1;2; ; ;1; ;12;72,3755857234667
3360708;1;2;2;2;73; ;2; ; ;1;2; ; ;1; ;12;72,3755857234667
3360708;1;3;2;2;20; ;2; ; ;1;2; ; ;1; ;12;72,3755857234667
3360708;1;4;2;2;47; ;2; ; ;1;2; ; ;1; ;12;72,3755857234667
3360709;1;1;2;2;44; ;2; ; ;1;2; ; ;1; ;12;96,0142932648458
3360709;1;2;2;2;44; ;2; ; ;1;2; ; ;1; ;12;96,0142932648458
3360709;1;3;1; ; ; ; ; ; ; ; ; ; ; ; ;12;96,0142932648458
3360710;1;1;2;2;44; ;2; ; ;1;2; ; ;1; ;12;177,508914615093
3360710;1;2;1; ; ; ; ; ; ; ; ; ; ; ; ;12;177,508914615093
3360710;1;3;1; ; ; ; ; ; ; ; ; ; ; ; ;12;177,508914615093
3360710;1;4;1; ; ; ; ; ; ; ; ; ; ; ; ;12;177,508914615093
3360710;1;5;1; ; ; ; ; ; ; ; ; ; ; ; ;12;177,508914615093
3360710;1;6;1; ; ; ; ; ; ; ; ; ; ; ; ;12;177,508914615093
3360710;1;7;1; ; ; ; ; ; ; ; ; ; ; ; ;12;177,508914615093
3360710;1;8;1; ; ; ; ; ; ; ; ; ; ; ; ;12;177,508914615093
3360710;1;9;1; ; ; ; ; ; ; ; ; ; ; ; ;12;177,508914615093
3360710;1;10;1; ; ; ; ; ; ; ; ; ; ; ; ;12;177,508914615093
3360710;1;11;1; ; ; ; ; ; ; ; ; ; ; ; ;12;177,508914615093
3360710;1;12;1; ; ; ; ; ; ; ; ; ; ; ; ;12;177,508914615093
3360711;1;1;1; ; ; ; ; ; ; ; ; ; ; ; ;12;57,1318265018541
3360711;1;2;1; ; ; ; ; ; ; ; ; ; ; ; ;12;57,1318265018541
3360711;1;3;2;2;44; ;3;13; ;2;2; ; ;1; ;12;57,1318265018541
3360712;1;1;1; ; ; ; ; ; ; ; ; ; ; ; ;12;92,0677748376604
3360712;1;2;1; ; ; ; ; ; ; ; ; ; ; ; ;12;92,0677748376604
3360712;1;3;1; ; ; ; ; ; ; ; ; ; ; ; ;12;92,0677748376604
3360712;1;4;1; ; ; ; ; ; ; ; ; ; ; ; ;12;92,0677748376604
3360712;1;5;1; ; ; ; ; ; ; ; ; ; ; ; ;12;92,0677748376604
3360713;1;1;2;2;47; ;2; ; ;1;2; ; ;1; ;12;84,9336837942396
3360713;1;2;1; ; ; ; ; ; ; ; ; ; ; ; ;12;84,9336837942396
3360713;1;3;1; ; ; ; ; ; ; ; ; ; ; ; ;12;84,9336837942396
3360714;1;1;1; ; ; ; ; ; ; ; ; ; ; ; ;12;56,9559050672263
3360714;1;2;2;2;20; ;2; ; ;1;2; ; ;1; ;12;56,9559050672263
3360714;1;3;1; ; ; ; ; ; ; ; ; ; ; ; ;12;56,9559050672263
3360715;1;1;1; ; ; ; ; ; ; ; ; ; ; ; ;12;77,8230375854324
3360715;1;2;1; ; ; ; ; ; ; ; ; ; ; ; ;12;77,8230375854324
3360715;1;3;1; ; ; ; ; ; ; ; ; ; ; ; ;12;77,8230375854324
3360715;1;4;1; ; ; ; ; ; ; ; ; ; ; ; ;12;77,8230375854324
3360715;1;5;1; ; ; ; ; ; ; ; ; ; ; ; ;12;77,8230375854324
3360715;1;6;1; ; ; ; ; ; ; ; ; ; ; ; ;12;77,8230375854324
3360716;1;1;2;2;27; ;2; ; ;1;2; ; ;1; ;12;60,5229505889368
3360716;1;2;1; ; ; ; ; ; ; ; ; ; ; ; ;12;60,5229505889368
3360716;1;3;1; ; ; ; ; ; ; ; ; ; ; ; ;12;60,5229505889368
3360716;1;4;1; ; ; ; ; ; ; ; ; ; ; ; ;12;60,5229505889368
3360717;1;1;1; ; ; ; ; ; ; ; ; ; ; ; ;12;75,2233683881621
3360717;1;2;2;2;47; ;2; ; ;1;2; ; ;1; ;12;75,2233683881621
3360717;1;3;1; ; ; ; ; ; ; ; ; ; ; ; ;12;75,2233683881621
3360717;1;4;1; ; ; ; ; ; ; ; ; ; ; ; ;12;75,2233683881621
3360717;1;5;1; ; ; ; ; ; ; ; ; ; ; ; ;12;75,2233683881621
3360717;1;6;1; ; ; ; ; ; ; ; ; ; ; ; ;12;75,2233683881621
3360718;1;1;1; ; ; ; ; ; ; ; ; ; ; ; ;12;104,908110031051
3360718;1;2;1; ; ; ; ; ; ; ; ; ; ; ; ;12;104,908110031051
3360718;1;3;1; ; ; ; ; ; ; ; ; ; ; ; ;12;104,908110031051
3360718;1;4;1; ; ; ; ; ; ; ; ; ; ; ; ;12;104,908110031051
3360720;1;1;2;2;08; ;2; ; ;1;2; ; ;1; ;12;556,67720424224
3360720;1;2;2;2;08; ;2; ; ;1;2; ; ;1; ;12;556,67720424224
3360720;1;3;2;2;08; ;2; ; ;1;2; ; ;1; ;12;556,67720424224
3360721;1;1;2;2;13; ;2; ; ;1;2; ; ;1; ;12;683,716781910537
3360721;1;2;2;2;08; ;2; ; ;1;2; ; ;1; ;12;683,716781910537
3360721;1;3;2;2;08; ;2; ; ;1;2; ; ;1; ;12;683,716781910537
3360722;1;1;1; ; ; ; ; ; ; ; ; ; ; ; ;12;602,839922962394
3360722;1;2;2;2;08; ;2; ; ;1;2; ; ;1; ;12;602,839922962394
3360722;1;3;1; ; ; ; ; ; ; ; ; ; ; ; ;12;602,839922962394
3360722;1;4;2;2;08; ;2; ; ;1;2; ; ;1; ;12;602,839922962394
3360722;1;5;1; ; ; ; ; ; ; ; ; ; ; ; ;12;602,839922962394
3360722;1;6;1; ; ; ; ; ; ; ; ; ; ; ; ;12;602,839922962394
3360723;1;1;2;2;08; ;3;08; ;1;2; ; ;1; ;12;814,002416427424
3360723;1;2;2;2;08; ;3;08; ;1;2; ; ;1; ;12;814,002416427424
3360723;1;3;2;2;08; ;3;08; ;1;2; ; ;1; ;12;814,002416427424
3360723;1;4;2;2;08; ;3;08; ;1;2; ; ;1; ;12;814,002416427424
3360724;1;1;2;2;52; ;2; ; ;1;2; ; ;1; ;12;561,84786728263
3360724;1;2;1; ; ; ; ; ; ; ; ; ; ; ; ;12;561,84786728263
3360724;1;3;1; ; ; ; ; ; ; ; ; ; ; ; ;12;561,84786728263
3360724;1;4;1; ; ; ; ; ; ; ; ; ; ; ; ;12;561,84786728263
3360725;1;1;1; ; ; ; ; ; ; ; ; ; ; ; ;12;717,084256190698
3360725;1;2;1; ; ; ; ; ; ; ; ; ; ; ; ;12;717,084256190698
3360725;1;3;1; ; ; ; ; ; ; ; ; ; ; ; ;12;717,084256190698
3360725;1;4;1; ; ; ; ; ; ; ; ; ; ; ; ;12;717,084256190698
3360726;1;1;2;2;23; ;3;05; ;1;2; ; ;1; ;12;488,204719631834
3360727;1;1;2;2;08; ;2; ; ;1;2; ; ;1; ;12;729,248884736429
3360728;1;1;2;2;13; ;2; ; ;1;2; ; ;1; ;12;439,218294350686
3360728;1;2;2;2;13; ;2; ; ;1;2; ; ;1; ;12;439,218294350686
3360728;1;3;2;2;13; ;2; ; ;1;2; ; ;1; ;12;439,218294350686
3360728;1;4;2;2;08; ;2; ; ;1;2; ; ;1; ;12;439,218294350686
3360729;1;1;2;2;08; ;2; ; ;1;2; ; ;1; ;12;568,682453068336
3360729;1;2;1; ; ; ; ; ; ; ; ; ; ; ; ;12;568,682453068336
3360729;1;3;1; ; ; ; ; ; ; ; ; ; ; ; ;12;568,682453068336
3360731;1;1;2;2;68; ;3;08; ;1;2; ; ;1; ;12;671,637473959635
3360731;1;2;2;2;05; ;3;08; ;1;2; ; ;1; ;12;671,637473959635
3360731;1;3;2;2;08; ;3;08; ;1;2; ; ;1; ;12;671,637473959635
3360731;1;4;2;2;68; ;3;08; ;1;3;08; ;1; ;12;671,637473959635
3360732;1;1;2;2;08; ;3;47; ;1;2; ; ;1; ;12;568,682453068336
3360732;1;2;2;2;47; ;2; ; ;1;2; ; ;1; ;12;568,682453068336
3360732;1;3;2;2;47; ;1; ; ; ;2; ; ;1; ;12;568,682453068336
3360733;1;1;1; ; ; ; ; ; ; ; ; ; ; ; ;12;739,253325370439
3360733;1;2;1; ; ; ; ; ; ; ; ; ; ; ; ;12;739,253325370439
3360733;1;3;1; ; ; ; ; ; ; ; ; ; ; ; ;12;739,253325370439
3360734;1;1;2;2;08; ;2; ; ;1;2; ; ;1; ;12;441,598153585094
3360734;1;2;2;2;08; ;2; ; ;1;2; ; ;1; ;12;441,598153585094
3360734;1;3;2;2;08; ;2; ; ;1;2; ; ;1; ;12;441,598153585094
3360734;1;4;1; ; ; ; ; ; ; ; ; ; ; ; ;12;441,598153585094
3360734;1;5;1; ; ; ; ; ; ; ; ; ; ; ; ;12;441,598153585094
3360735;1;1;2;2;23; ;3;08; ;1;2; ; ;1; ;12;676,092200510934
3360735;1;2;2;2;08; ;2; ; ;1;2; ; ;1; ;12;676,092200510934
3360736;1;1;2;2;08; ;2; ; ;1;2; ; ;1; ;12;473,038878797975
3360736;1;2;1; ; ; ; ; ; ; ; ; ; ; ; ;12;473,038878797975
3360736;1;3;1; ; ; ; ; ; ; ; ; ; ; ; ;12;473,038878797975
3360736;1;4;1; ; ; ; ; ; ; ; ; ; ; ; ;12;473,038878797975
3360736;1;5;1; ; ; ; ; ; ; ; ; ; ; ; ;12;473,038878797975
3360736;1;6;1; ; ; ; ; ; ; ; ; ; ; ; ;12;473,038878797975
3360736;1;7;1; ; ; ; ; ; ; ; ; ; ; ; ;12;473,038878797975
3360737;1;1;2;2;68; ;2; ; ;1;3;08; ;1; ;12;562,466664116957
3360737;1;2;2;2;08; ;3;08; ;1;3;08; ;1; ;12;562,466664116957
3360737;1;3;2;2;08; ;3;08; ;1;3;08; ;1; ;12;562,466664116957
3360737;1;4;2;2;08; ;1; ; ; ;3;08; ;1; ;12;562,466664116957
3360737;1;5;2;2;13; ;3;08; ;1;3;08; ;1; ;12;562,466664116957
3360738;1;1;2;2;08; ;2; ; ;1;2; ; ;1; ;12;963,076856793602
3360738;1;2;2;2;08; ;3;68; ;1;3;68; ;1; ;12;963,076856793602
3360738;1;3;2;2;08; ;2; ; ;1;2; ; ;1; ;12;963,076856793602
3360738;1;4;2;2;05; ;4; ;11; ;2; ; ;1; ;12;963,076856793602
3360739;1;1;2;2;13; ;2; ; ;1;2; ; ;1; ;12;625,114531452281
3360739;1;2;1; ; ; ; ; ; ; ; ; ; ; ; ;12;625,114531452281
3360739;1;3;2;2;20; ;2; ; ;1;2; ; ;1; ;12;625,114531452281
3360739;1;4;1; ; ; ; ; ; ; ; ; ; ; ; ;12;625,114531452281
3360740;1;1;1; ; ; ; ; ; ; ; ; ; ; ; ;12;444,081409254166
3360740;1;2;1; ; ; ; ; ; ; ; ; ; ; ; ;12;444,081409254166
3360740;1;3;1; ; ; ; ; ; ; ; ; ; ; ; ;12;444,081409254166
3360740;1;4;1; ; ; ; ; ; ; ; ; ; ; ; ;12;444,081409254166
3360740;1;5;2;1; ; ;4; ;7; ;3;76; ;1; ;12;444,081409254166
3360740;1;6;2;2;76; ;4; ;11; ;3;76; ;1; ;12;444,081409254166
3360741;1;1;1; ; ; ; ; ; ; ; ; ; ; ; ;12;554,810602532014
3360741;1;2;1; ; ; ; ; ; ; ; ; ; ; ; ;12;554,810602532014
3360741;1;3;1; ; ; ; ; ; ; ; ; ; ; ; ;12;554,810602532014
3360741;1;4;1; ; ; ; ; ; ; ; ; ; ; ; ;12;554,810602532014
3360742;1;1;2;2;70; ;2; ; ;1;2; ; ;1; ;12;541,970636277075
3360742;1;2;1; ; ; ; ; ; ; ; ; ; ; ; ;12;541,970636277075
3360742;1;3;1; ; ; ; ; ; ; ; ; ; ; ; ;12;541,970636277075
3360742;1;4;1; ; ; ; ; ; ; ; ; ; ; ; ;12;541,970636277075
3360743;1;1;2;2;13; ;2; ; ;1;2; ; ;1; ;12;536,84327248196
3360743;1;2;2;2;08; ;2; ; ;1;2; ; ;1; ;12;536,84327248196
3360743;1;3;1; ; ; ; ; ; ; ; ; ; ; ; ;12;536,84327248196
3360743;1;4;1; ; ; ; ; ; ; ; ; ; ; ; ;12;536,84327248196
3360743;1;5;2;2;13; ;2; ; ;1;2; ; ;1; ;12;536,84327248196
3360743;1;6;2;2;08; ;2; ; ;1;2; ; ;1; ;12;536,84327248196
3360743;1;7;2;2;76; ;3;76; ;1;3;76; ;1; ;12;536,84327248196
3360744;1;1;2;2;73; ;2; ; ;1;2; ; ;1; ;12;85,4802444133988
3360744;1;2;2;2;44; ;2; ; ;1;2; ; ;1; ;12;85,4802444133988
3360744;1;3;1; ; ; ; ; ; ; ; ; ; ; ; ;12;85,4802444133988
3360744;1;4;1; ; ; ; ; ; ; ; ; ; ; ; ;12;85,4802444133988
3360745;1;1;1; ; ; ; ; ; ; ; ; ; ; ; ;12;100,127899405715
3360745;1;2;2;2;23; ;2; ; ;1;2; ; ;1; ;12;100,127899405715
3360745;1;3;2;2;44; ;2; ; ;1;2; ; ;1; ;12;100,127899405715
3360745;1;4;1; ; ; ; ; ; ; ; ; ; ; ; ;12;100,127899405715
3360745;1;5;1; ; ; ; ; ; ; ; ; ; ; ; ;12;100,127899405715
3360746;1;1;1; ; ; ; ; ; ; ; ; ; ; ; ;12;55,6900815910521
3360746;1;2;1; ; ; ; ; ; ; ; ; ; ; ; ;12;55,6900815910521
3360746;1;3;1; ; ; ; ; ; ; ; ; ; ; ; ;12;55,6900815910521
3360747;1;1;2;2;47; ;2; ; ;1;2; ; ;1; ;12;125,210938144056
3360747;1;2;2;1; ; ;2; ; ;1;2; ; ;1; ;12;125,210938144056
3360747;1;3;2;2;20; ;2; ; ;1;2; ; ;1; ;12;125,210938144056
3360747;1;4;2;2;20; ;2; ; ;1;2; ; ;1; ;12;125,210938144056
3360747;1;5;2;2;20; ;2; ; ;1;2; ; ;1; ;12;125,210938144056
3360747;1;6;1; ; ; ; ; ; ; ; ; ; ; ; ;12;125,210938144056
3360748;1;1;2;2;13; ;2; ; ;1;2; ; ;1; ;12;96,7085123718006
3360748;1;2;2;2;13; ;3;13; ;1;2; ; ;1; ;12;96,7085123718006
3360748;1;3;1; ; ; ; ; ; ; ; ; ; ; ; ;12;96,7085123718006
3360748;1;4;1; ; ; ; ; ; ; ; ; ; ; ; ;12;96,7085123718006
3360748;1;5;1; ; ; ; ; ; ; ; ; ; ; ; ;12;96,7085123718006
3360748;1;6;1; ; ; ; ; ; ; ; ; ; ; ; ;12;96,7085123718006
3360748;1;7;2;2;13; ;3;13; ;1;2; ; ;1; ;12;96,7085123718006
3360749;1;1;2;2;23; ;3;70; ;1;2; ; ;1; ;12;66,1489101716895
3360749;1;2;2;1; ; ;3;70; ;1;2; ; ;1; ;12;66,1489101716895
3360749;1;3;2;1; ; ;3;70; ;1;2; ; ;1; ;12;66,1489101716895
3360749;1;4;2;1; ; ;3;70; ;1;2; ; ;1; ;12;66,1489101716895
3360749;1;5;2;1; ; ;2; ; ;1;2; ; ;1; ;12;66,1489101716895
3360749;1;6;2;2;13; ;3;70; ;1;2; ; ;1; ;12;66,1489101716895
3360749;1;7;1; ; ; ; ; ; ; ; ; ; ; ; ;12;66,1489101716895
3360749;1;8;2;2;23; ;3;70; ;1;2; ; ;1; ;12;66,1489101716895
3360750;1;1;2;1; ; ;2; ; ;1;2; ; ;1; ;12;74,1302471498437
3360750;1;2;2;2;47; ;2; ; ;1;2; ; ;1; ;12;74,1302471498437
3360750;1;3;1; ; ; ; ; ; ; ; ; ; ; ; ;12;74,1302471498437
3360750;1;4;1; ; ; ; ; ; ; ; ; ; ; ; ;12;74,1302471498437
3360751;1;1;1; ; ; ; ; ; ; ; ; ; ; ; ;12;87,2129986036393
3360751;1;2;1; ; ; ; ; ; ; ; ; ; ; ; ;12;87,2129986036393
3360751;1;3;1; ; ; ; ; ; ; ; ; ; ; ; ;12;87,2129986036393
3360751;1;4;1; ; ; ; ; ; ; ; ; ; ; ; ;12;87,2129986036393
3360751;1;5;2;2;44; ;3;44; ;1;2; ; ;1; ;12;87,2129986036393
3360751;1;6;2;2;44; ;3;44; ;2;3;20; ;2;1;12;87,2129986036393
3360752;1;1;1; ; ; ; ; ; ; ; ; ; ; ; ;12;81,3666382725292
3360752;1;2;2;1; ; ;2; ; ;1;2; ; ;1; ;12;81,3666382725292
3360753;1;1;1; ; ; ; ; ; ; ; ; ; ; ; ;12;157,819037182549
3360753;1;2;1; ; ; ; ; ; ; ; ; ; ; ; ;12;157,819037182549
3360753;1;3;1; ; ; ; ; ; ; ; ; ; ; ; ;12;157,819037182549
3360753;1;4;1; ; ; ; ; ; ; ; ; ; ; ; ;12;157,819037182549
3360753;1;5;1; ; ; ; ; ; ; ; ; ; ; ; ;12;157,819037182549
3360753;1;6;1; ; ; ; ; ; ; ; ; ; ; ; ;12;157,819037182549
3360753;1;7;1; ; ; ; ; ; ; ; ; ; ; ; ;12;157,819037182549
3360753;1;8;1; ; ; ; ; ; ; ; ; ; ; ; ;12;157,819037182549
3360753;1;9;1; ; ; ; ; ; ; ; ; ; ; ; ;12;157,819037182549
3360753;1;10;1; ; ; ; ; ; ; ; ; ; ; ; ;12;157,819037182549
3360753;1;11;1; ; ; ; ; ; ; ; ; ; ; ; ;12;157,819037182549
3360753;1;12;1; ; ; ; ; ; ; ; ; ; ; ; ;12;157,819037182549
3360754;1;1;1; ; ; ; ; ; ; ; ; ; ; ; ;12;96,0142932648458
3360754;1;2;1; ; ; ; ; ; ; ; ; ; ; ; ;12;96,0142932648458
3360754;1;3;1; ; ; ; ; ; ; ; ; ; ; ; ;12;96,0142932648458
3360755;1;1;1; ; ; ; ; ; ; ; ; ; ; ; ;12;123,077458474328
3360755;1;2;1; ; ; ; ; ; ; ; ; ; ; ; ;12;123,077458474328
3360755;1;3;1; ; ; ; ; ; ; ; ; ; ; ; ;12;123,077458474328
3360756;1;1;1; ; ; ; ; ; ; ; ; ; ; ; ;12;126,770248909916
3360756;1;2;1; ; ; ; ; ; ; ; ; ; ; ; ;12;126,770248909916
3360756;1;3;1; ; ; ; ; ; ; ; ; ; ; ; ;12;126,770248909916
3360756;1;4;1; ; ; ; ; ; ; ; ; ; ; ; ;12;126,770248909916
3360756;1;5;1; ; ; ; ; ; ; ; ; ; ; ; ;12;126,770248909916
3360757;1;1;2;2;44; ;2; ; ;1;2; ; ;1; ;12;62,9019791914419
3360758;1;1;1; ; ; ; ; ; ; ; ; ; ; ; ;12;56,5852658826949
3360758;1;2;1; ; ; ; ; ; ; ; ; ; ; ; ;12;56,5852658826949
3360759;1;1;2;2;20; ;2; ; ;1;2; ; ;1; ;12;44,3772286537733
3360759;1;2;2;1; ; ;2; ; ;1;2; ; ;1; ;12;44,3772286537733
3360759;1;3;2;2;20; ;2; ; ;1;2; ; ;1; ;12;44,3772286537733
3360759;1;4;1; ; ; ; ; ; ; ; ; ; ; ; ;12;44,3772286537733
3360760;1;1;1; ; ; ; ; ; ; ; ; ; ; ; ;12;108,528576863346
3360760;1;2;1; ; ; ; ; ; ; ; ; ; ; ; ;12;108,528576863346
3360760;1;3;1; ; ; ; ; ; ; ; ; ; ; ; ;12;108,528576863346
3360760;1;4;1; ; ; ; ; ; ; ; ; ; ; ; ;12;108,528576863346
3360760;1;5;1; ; ; ; ; ; ; ; ; ; ; ; ;12;108,528576863346
3360760;1;6;1; ; ; ; ; ; ; ; ; ; ; ; ;12;108,528576863346
3360761;1;1;2;2;20; ;3;20; ;1;2; ; ;1; ;12;95,866641114831
3360761;1;2;2;2;47; ;3;20; ;1;2; ; ;1; ;12;95,866641114831
3360761;1;3;2;2;20; ;3;20; ;1;2; ; ;1; ;12;95,866641114831
3360761;1;4;2;2;20; ;3;20; ;1;2; ; ;1; ;12;95,866641114831
3360762;1;1;2;2;44; ;2; ; ;1;2; ; ;1; ;12;82,8083831833311
3360762;1;2;2;2;44; ;2; ; ;1;2; ; ;1; ;12;82,8083831833311
3360764;1;1;2;2;44; ;2; ; ;1;2; ; ;1; ;12;101,935563485409
3360764;1;2;2;2;44; ;2; ; ;1;2; ; ;1; ;12;101,935563485409
3360764;1;3;2;2;44; ;2; ; ;1;2; ; ;1; ;12;101,935563485409
3360764;1;4;1; ; ; ; ; ; ; ; ; ; ; ; ;12;101,935563485409
3360764;1;5;2;1; ; ;3;44; ;2;2; ; ;1; ;12;101,935563485409
3360764;1;6;2;2;44; ;2; ; ;1;2; ; ;1; ;12;101,935563485409
3360764;1;7;1; ; ; ; ; ; ; ; ; ; ; ; ;12;101,935563485409
3360764;1;8;1; ; ; ; ; ; ; ; ; ; ; ; ;12;101,935563485409
3360764;1;9;2;2;44; ;3;11; ;1;2; ; ;1; ;12;101,935563485409
3360765;1;1;1; ; ; ; ; ; ; ; ; ; ; ; ;12;84,6887895235865
3360765;1;2;1; ; ; ; ; ; ; ; ; ; ; ; ;12;84,6887895235865
3360765;1;3;1; ; ; ; ; ; ; ; ; ; ; ; ;12;84,6887895235865
3360768;1;1;2;2;13; ;2; ; ;1;2; ; ;1; ;12;736,873466136032
3360768;1;2;1; ; ; ; ; ; ; ; ; ; ; ; ;12;736,873466136032
3360769;1;1;2;2;08; ;2; ; ;1;2; ; ;1; ;12;662,146290849807
3360769;1;2;1; ; ; ; ; ; ; ; ; ; ; ; ;12;662,146290849807
3360769;1;3;1; ; ; ; ; ; ; ; ; ; ; ; ;12;662,146290849807
3360769;1;4;1; ; ; ; ; ; ; ; ; ; ; ; ;12;662,146290849807
3360770;1;1;2;2;13; ;2; ; ;2;2; ; ;1; ;12;499,305539257452
3360770;1;2;1; ; ; ; ; ; ; ; ; ; ; ; ;12;499,305539257452
3360770;1;3;1; ; ; ; ; ; ; ; ; ; ; ; ;12;499,305539257452
3360770;1;4;1; ; ; ; ; ; ; ; ; ; ; ; ;12;499,305539257452
3360771;1;1;2;2;44; ;3;44; ;2;2; ; ;1; ;12;659,986102938086
3360771;1;2;1; ; ; ; ; ; ; ; ; ; ; ; ;12;659,986102938086
3360771;1;3;1; ; ; ; ; ; ; ; ; ; ; ; ;12;659,986102938086
3360771;1;4;1; ; ; ; ; ; ; ; ; ; ; ; ;12;659,986102938086
3360771;1;5;1; ; ; ; ; ; ; ; ; ; ; ; ;12;659,986102938086
3360771;2;1;1; ; ; ; ; ; ; ; ; ; ; ; ;12;659,986102938086
3360771;2;2;1; ; ; ; ; ; ; ; ; ; ; ; ;12;659,986102938086
3360771;2;3;1; ; ; ; ; ; ; ; ; ; ; ; ;12;659,986102938086
3360771;2;4;1; ; ; ; ; ; ; ; ; ; ; ; ;12;659,986102938086
3360772;1;1;2;2;68; ;2; ; ;1;2; ; ;1; ;12;566,302593833929
3360772;1;2;2;2;68; ;2; ; ;1;2; ; ;1; ;12;566,302593833929
3360773;1;1;2;2;05; ;2; ; ;1;2; ; ;1; ;12;495,829301031437
3360773;1;2;2;2;05; ;2; ; ;1;2; ; ;1; ;12;495,829301031437
3360774;1;1;2;2;20; ;2; ; ;1;2; ; ;1; ;12;434,047631310296
3360774;1;2;1; ; ; ; ; ; ; ; ; ; ; ; ;12;434,047631310296
3360774;1;3;1; ; ; ; ; ; ; ; ; ; ; ; ;12;434,047631310296
3360775;1;1;1; ; ; ; ; ; ; ; ; ; ; ; ;12;655,109026099191
3360775;1;2;1; ; ; ; ; ; ; ; ; ; ; ; ;12;655,109026099191
3360775;1;3;1; ; ; ; ; ; ; ; ; ; ; ; ;12;655,109026099191
3360775;1;4;1; ; ; ; ; ; ; ; ; ; ; ; ;12;655,109026099191
3360776;1;1;2;2;13; ;2; ; ;1;2; ; ;1; ;12;694,58742015873
3360776;1;2;2;2;23; ;2; ; ;1;2; ; ;1; ;12;694,58742015873
3360776;1;3;1; ; ; ; ; ; ; ; ; ; ; ; ;12;694,58742015873
3360776;1;4;1; ; ; ; ; ; ; ; ; ; ; ; ;12;694,58742015873
3360776;1;5;1; ; ; ; ; ; ; ; ; ; ; ; ;12;694,58742015873
3360777;1;1;2;2;47; ;2; ; ;1;2; ; ;1; ;12;676,092200510934
3360777;1;2;2;2;13; ;2; ; ;1;2; ; ;1; ;12;676,092200510934
3360778;1;1;2;2;70; ;2; ; ;1;2; ; ;1; ;12;675,091796414891
3360778;1;2;2;2;70; ;2; ; ;1;2; ; ;1; ;12;675,091796414891
3360778;1;3;1; ; ; ; ; ; ; ; ; ; ; ; ;12;675,091796414891
3360779;1;1;1; ; ; ; ; ; ; ; ; ; ; ; ;12;585,798217577768
3360779;1;2;1; ; ; ; ; ; ; ; ; ; ; ; ;12;585,798217577768
3360779;1;3;1; ; ; ; ; ; ; ; ; ; ; ; ;12;585,798217577768
3360779;1;4;1; ; ; ; ; ; ; ; ; ; ; ; ;12;585,798217577768
3360780;1;1;1; ; ; ; ; ; ; ; ; ; ; ; ;12;619,459278059424
3360781;1;1;1; ; ; ; ; ; ; ; ; ; ; ; ;12;675,091796414891
3360781;1;2;2;2;13; ;2; ; ;1;2; ; ;1; ;12;675,091796414891
3360781;1;3;1; ; ; ; ; ; ; ; ; ; ; ; ;12;675,091796414891
3360782;1;1;1; ; ; ; ; ; ; ; ; ; ; ; ;12;719,179647818154
3360782;1;2;1; ; ; ; ; ; ; ; ; ; ; ; ;12;719,179647818154
3360782;1;3;1; ; ; ; ; ; ; ; ; ; ; ; ;12;719,179647818154
3360782;1;4;1; ; ; ; ; ; ; ; ; ; ; ; ;12;719,179647818154
3360782;1;5;1; ; ; ; ; ; ; ; ; ; ; ; ;12;719,179647818154
3360782;1;6;1; ; ; ; ; ; ; ; ; ; ; ; ;12;719,179647818154
3360782;1;7;1; ; ; ; ; ; ; ; ; ; ; ; ;12;719,179647818154
3360782;1;8;1; ; ; ; ; ; ; ; ; ; ; ; ;12;719,179647818154
3360782;1;9;1; ; ; ; ; ; ; ; ; ; ; ; ;12;719,179647818154
3360783;1;1;1; ; ; ; ; ; ; ; ; ; ; ; ;12;612,443929079567
3360783;1;2;1; ; ; ; ; ; ; ; ; ; ; ; ;12;612,443929079567
3360783;1;3;1; ; ; ; ; ; ; ; ; ; ; ; ;12;612,443929079567
3360783;1;4;2;2;13; ;3;08; ;1;2; ; ;1; ;12;612,443929079567
3360786;1;1;1; ; ; ; ; ; ; ; ; ; ; ; ;12;619,459278059424
3360787;1;1;2;2;54; ;2; ; ;1;2; ; ;1; ;12;790,052066132286
3360787;1;2;2;2;54; ;2; ; ;1;2; ; ;1; ;12;790,052066132286
3360787;1;3;1; ; ; ; ; ; ; ; ; ; ; ; ;12;790,052066132286
3360787;1;4;1; ; ; ; ; ; ; ; ; ; ; ; ;12;790,052066132286
3360788;1;1;1; ; ; ; ; ; ; ; ; ; ; ; ;12;723,042358625591
3360788;1;2;1; ; ; ; ; ; ; ; ; ; ; ; ;12;723,042358625591
3360788;1;3;1; ; ; ; ; ; ; ; ; ; ; ; ;12;723,042358625591
3360788;1;4;1; ; ; ; ; ; ; ; ; ; ; ; ;12;723,042358625591
3360788;1;5;1; ; ; ; ; ; ; ; ; ; ; ; ;12;723,042358625591
3360788;1;6;1; ; ; ; ; ; ; ; ; ; ; ; ;12;723,042358625591
3360788;1;7;1; ; ; ; ; ; ; ; ; ; ; ; ;12;723,042358625591
3360788;1;8;1; ; ; ; ; ; ; ; ; ; ; ; ;12;723,042358625591
3360788;1;9;1; ; ; ; ; ; ; ; ; ; ; ; ;12;723,042358625591
3360788;1;10;1; ; ; ; ; ; ; ; ; ; ; ; ;12;723,042358625591
3360788;1;11;1; ; ; ; ; ; ; ; ; ; ; ; ;12;723,042358625591
3360788;1;12;1; ; ; ; ; ; ; ; ; ; ; ; ;12;723,042358625591
3360789;1;1;1; ; ; ; ; ; ; ; ; ; ; ; ;12;655,109026099191
3360789;1;2;1; ; ; ; ; ; ; ; ; ; ; ; ;12;655,109026099191
3360789;1;3;1; ; ; ; ; ; ; ; ; ; ; ; ;12;655,109026099191
3360789;1;4;1; ; ; ; ; ; ; ; ; ; ; ; ;12;655,109026099191
3360790;1;1;1; ; ; ; ; ; ; ; ; ; ; ; ;12;669,876411559555
3360790;1;2;1; ; ; ; ; ; ; ; ; ; ; ; ;12;669,876411559555
3360790;1;3;1; ; ; ; ; ; ; ; ; ; ; ; ;12;669,876411559555
3360790;1;4;2;2;70; ;2; ; ;1;2; ; ;1; ;12;669,876411559555
3360791;1;1;1; ; ; ; ; ; ; ; ; ; ; ; ;12;665,600613305062
3360791;1;2;1; ; ; ; ; ; ; ; ; ; ; ; ;12;665,600613305062
3360791;1;3;1; ; ; ; ; ; ; ; ; ; ; ; ;12;665,600613305062
3360792;1;1;1; ; ; ; ; ; ; ; ; ; ; ; ;12;668,183151504379
3360792;1;2;2;2;47; ;2; ; ;1;2; ; ;1; ;12;668,183151504379
3360792;1;3;1; ; ; ; ; ; ; ; ; ; ; ; ;12;668,183151504379
3360792;1;4;2;2;20; ;2; ; ;1;2; ; ;1; ;12;668,183151504379
3360792;1;5;2;2;20; ;2; ; ;1;2; ; ;1; ;12;668,183151504379
3360793;1;1;2;2;47; ;2; ; ;1;2; ; ;1; ;12;808,547285780083
3360793;1;2;1; ; ; ; ; ; ; ; ; ; ; ; ;12;808,547285780083
3360793;1;3;1; ; ; ; ; ; ; ; ; ; ; ; ;12;808,547285780083
3360793;1;4;1; ; ; ; ; ; ; ; ; ; ; ; ;12;808,547285780083
3360793;1;5;1; ; ; ; ; ; ; ; ; ; ; ; ;12;808,547285780083
3360793;1;6;1; ; ; ; ; ; ; ; ; ; ; ; ;12;808,547285780083
3360793;1;7;1; ; ; ; ; ; ; ; ; ; ; ; ;12;808,547285780083
3360794;1;1;1; ; ; ; ; ; ; ; ; ; ; ; ;12;495,829301031437
3360794;1;2;1; ; ; ; ; ; ; ; ; ; ; ; ;12;495,829301031437
3360795;1;1;2;2;44; ;2; ; ;1;2; ; ;1; ;12;230,639744810641
3360795;1;2;1; ; ; ; ; ; ; ; ; ; ; ; ;12;230,639744810641
3360796;1;1;2;2;44; ;2; ; ;1;2; ; ;1; ;12;194,670854164209
3360796;1;2;2;2;44; ;2; ; ;1;2; ; ;1; ;12;194,670854164209
3360797;1;1;2;2;44; ;2; ; ;1;2; ; ;1; ;12;242,987997263993
3360798;1;1;2;2;47; ;3;47; ;1;2; ; ;1; ;12;433,38864698124
3360798;1;2;2;2;47; ;3;47; ;1;2; ; ;1; ;12;433,38864698124
3360798;1;3;2;2;47; ;3;47; ;1;3;47; ;1; ;12;433,38864698124
3360798;1;4;2;2;47; ;3;47; ;1;2; ; ;1; ;12;433,38864698124
3360798;1;5;2;2;20; ;3;20; ;1;2; ; ;1; ;12;433,38864698124
3360798;1;6;2;2;47; ;1; ; ; ;2; ; ;1; ;12;433,38864698124
3360799;1;1;2;2;47; ;3;47; ;1;2; ; ;1; ;12;421,867319224429
3360799;1;2;2;2;47; ;3;47; ;1;2; ; ;1; ;12;421,867319224429
3360799;1;3;2;2;47; ;1; ; ; ;2; ; ;1; ;12;421,867319224429
3360799;1;4;1; ; ; ; ; ; ; ; ; ; ; ; ;12;421,867319224429
3360799;1;5;2;2;20; ;3;47; ;1;3;47; ;1; ;12;421,867319224429
3360800;1;1;2;2;47; ;2; ; ;1;2; ; ;1; ;12;49,3708902720573
3360800;1;2;1; ; ; ; ; ; ; ; ; ; ; ; ;12;49,3708902720573
3360800;1;3;1; ; ; ; ; ; ; ; ; ; ; ; ;12;49,3708902720573
3360800;1;4;1; ; ; ; ; ; ; ; ; ; ; ; ;12;49,3708902720573
3360800;1;5;1; ; ; ; ; ; ; ; ; ; ; ; ;12;49,3708902720573
3360800;1;6;1; ; ; ; ; ; ; ; ; ; ; ; ;12;49,3708902720573
3360800;1;7;2;2;47; ;2; ; ;1;2; ; ;1; ;12;49,3708902720573
3360801;1;1;1; ; ; ; ; ; ; ; ; ; ; ; ;12;97,8794401670879
3360801;1;2;2;2;13; ;2; ; ;1;2; ; ;1; ;12;97,8794401670879
3360801;1;3;1; ; ; ; ; ; ; ; ; ; ; ; ;12;97,8794401670879
3360801;1;4;1; ; ; ; ; ; ; ; ; ; ; ; ;12;97,8794401670879
3360801;1;5;1; ; ; ; ; ; ; ; ; ; ; ; ;12;97,8794401670879
3360802;1;1;1; ; ; ; ; ; ; ; ; ; ; ; ;12;56,5852658826949
3360802;1;2;1; ; ; ; ; ; ; ; ; ; ; ; ;12;56,5852658826949
3360803;1;1;2;2;08; ;2; ; ;1;2; ; ;1; ;12;45,7285162036258
3360803;1;2;2;2;08; ;2; ; ;1;2; ; ;1; ;12;45,7285162036258
3360803;1;3;2;2;08; ;2; ; ;1;2; ; ;1; ;12;45,7285162036258
3360803;1;4;2;2;08; ;2; ; ;1;2; ; ;1; ;12;45,7285162036258
3360803;1;5;1; ; ; ; ; ; ; ; ; ; ; ; ;12;45,7285162036258
3360803;1;6;1; ; ; ; ; ; ; ; ; ; ; ; ;12;45,7285162036258
3360803;1;7;1; ; ; ; ; ; ; ; ; ; ; ; ;12;45,7285162036258
3360804;1;1;2;2;47; ;2; ; ;1;2; ; ;1; ;12;91,8009733308708
3360804;1;2;2;2;47; ;2; ; ;1;2; ; ;1; ;12;91,8009733308708
3360804;1;3;1; ; ; ; ; ; ; ; ; ; ; ; ;12;91,8009733308708
3360804;1;4;2;2;47; ;2; ; ;1;2; ; ;1; ;12;91,8009733308708
3360804;1;5;1; ; ; ; ; ; ; ; ; ; ; ; ;12;91,8009733308708
3360804;1;6;1; ; ; ; ; ; ; ; ; ; ; ; ;12;91,8009733308708
3360804;1;7;1; ; ; ; ; ; ; ; ; ; ; ; ;12;91,8009733308708
3360805;1;1;2;2;47; ;2; ; ;1;2; ; ;1; ;12;60,6988720235645
3360805;1;2;1; ; ; ; ; ; ; ; ; ; ; ; ;12;60,6988720235645
3360805;1;3;1; ; ; ; ; ; ; ; ; ; ; ; ;12;60,6988720235645
3360805;1;4;1; ; ; ; ; ; ; ; ; ; ; ; ;12;60,6988720235645
3360806;1;1;2;2;08; ;3;44; ;1;2; ; ;1; ;12;78,3216598476822
3360806;1;2;2;2;44; ;1; ; ; ;2; ; ;1; ;12;78,3216598476822
3360807;1;1;2;2;44; ;2; ; ;1;2; ; ;1; ;12;60,6988720235645
3360807;1;2;2;2;08; ;2; ; ;1;2; ; ;1; ;12;60,6988720235645
3360807;1;3;1; ; ; ; ; ; ; ; ; ; ; ; ;12;60,6988720235645
3360807;1;4;1; ; ; ; ; ; ; ; ; ; ; ; ;12;60,6988720235645
3360808;1;1;2;2;23; ;2; ; ;1;2; ; ;1; ;12;82,4352659885518
3360808;1;2;1; ; ; ; ; ; ; ; ; ; ; ; ;12;82,4352659885518
3360808;1;3;1; ; ; ; ; ; ; ; ; ; ; ; ;12;82,4352659885518
3360808;1;4;1; ; ; ; ; ; ; ; ; ; ; ; ;12;82,4352659885518
3360809;1;1;1; ; ; ; ; ; ; ; ; ; ; ; ;12;64,890284721403
3360809;1;2;1; ; ; ; ; ; ; ; ; ; ; ; ;12;64,890284721403
3360810;1;1;1; ; ; ; ; ; ; ; ; ; ; ; ;12;60,9878633075294
3360810;1;2;1; ; ; ; ; ; ; ; ; ; ; ; ;12;60,9878633075294
3360810;1;3;1; ; ; ; ; ; ; ; ; ; ; ; ;12;60,9878633075294
3360810;1;4;1; ; ; ; ; ; ; ; ; ; ; ; ;12;60,9878633075294
3360810;1;5;1; ; ; ; ; ; ; ; ; ; ; ; ;12;60,9878633075294
3360810;1;6;2;2;08; ;2; ; ;1;2; ; ;1; ;12;60,9878633075294
3360810;1;7;1; ; ; ; ; ; ; ; ; ; ; ; ;12;60,9878633075294
3360811;1;1;2;2;13; ;2; ; ;1;2; ; ;1; ;12;50,6670291519034
3360811;1;2;2;2;47; ;2; ; ;1;2; ; ;1; ;12;50,6670291519034
3360811;1;3;1; ; ; ; ; ; ; ; ; ; ; ; ;12;50,6670291519034
3360811;1;4;1; ; ; ; ; ; ; ; ; ; ; ; ;12;50,6670291519034
3360812;1;1;2;2;44; ;2; ; ;1;2; ; ;1; ;12;47,4778747951088
3360812;1;2;1; ; ; ; ; ; ; ; ; ; ; ; ;12;47,4778747951088
3360813;1;1;1; ; ; ; ; ; ; ; ; ; ; ; ;12;123,970164755723
3360813;1;2;2;2;25; ;2; ; ;1;2; ; ;1; ;12;123,970164755723
3360813;1;3;1; ; ; ; ; ; ; ; ; ; ; ; ;12;123,970164755723
3360813;1;4;1; ; ; ; ; ; ; ; ; ; ; ; ;12;123,970164755723
3360813;1;5;1; ; ; ; ; ; ; ; ; ; ; ; ;12;123,970164755723
3360814;1;1;1; ; ; ; ; ; ; ; ; ; ; ; ;12;76,2555477607521
3360814;1;2;2;2;23; ;2; ; ;1;2; ; ;1; ;12;76,2555477607521
3360814;1;3;2;2;08; ;2; ; ;1;2; ; ;1; ;12;76,2555477607521
3360814;1;4;1; ; ; ; ; ; ; ; ; ; ; ; ;12;76,2555477607521
3360814;1;5;1; ; ; ; ; ; ; ; ; ; ; ; ;12;76,2555477607521
3360815;1;1;2;1; ; ;3;68; ;1;2; ; ;1; ;12;122,578836212078
3360815;1;2;2;1; ; ;3;68; ;1;2; ; ;1; ;12;122,578836212078
3360815;1;3;2;1; ; ;3;68; ;1;2; ; ;1; ;12;122,578836212078
3360815;1;4;2;1; ; ;3;68; ;1;2; ; ;1; ;12;122,578836212078
3360815;1;5;2;1; ; ;3;68; ;1;2; ; ;1; ;12;122,578836212078
3360815;1;6;2;2;68; ;3;68; ;1;2; ; ;1; ;12;122,578836212078
3360815;1;7;2;2;68; ;1; ; ; ;2; ; ;1; ;12;122,578836212078
3360817;1;1;2;2;13; ;2; ; ;1;2; ; ;1; ;12;278,604190345249
3360817;1;2;1; ; ; ; ; ; ; ; ; ; ; ; ;12;278,604190345249
3360818;1;1;2;2;23; ;3;05; ;1;2; ; ;1; ;12;116,905919305348
3360818;1;2;2;2;20; ;2; ; ;1;2; ; ;1; ;12;116,905919305348
3360818;1;3;2;2;05; ;2; ; ;1;2; ; ;1; ;12;116,905919305348
3360818;1;4;2;2;05; ;2; ; ;1;2; ; ;1; ;12;116,905919305348
3360818;1;5;2;2;05; ;2; ; ;1;2; ; ;1; ;12;116,905919305348
3360818;1;6;2;2;05; ;2; ; ;1;2; ; ;1; ;12;116,905919305348
3360823;1;1;1; ; ; ; ; ; ; ; ; ; ; ; ;12;458,537142181613
3360823;1;2;2;2;44; ;2; ; ;1;2; ; ;1; ;12;458,537142181613
3360823;1;3;1; ; ; ; ; ; ; ; ; ; ; ; ;12;458,537142181613
3360823;1;4;1; ; ; ; ; ; ; ; ; ; ; ; ;12;458,537142181613
3360823;1;5;1; ; ; ; ; ; ; ; ; ; ; ; ;12;458,537142181613
3360823;1;6;1; ; ; ; ; ; ; ; ; ; ; ; ;12;458,537142181613
3360824;1;1;1; ; ; ; ; ; ; ; ; ; ; ; ;12;266,407186993368
3360824;1;2;2;2;44; ;2; ; ;1;2; ; ;1; ;12;266,407186993368
3360824;1;3;1; ; ; ; ; ; ; ; ; ; ; ; ;12;266,407186993368
3360824;1;4;1; ; ; ; ; ; ; ; ; ; ; ; ;12;266,407186993368
3360824;1;5;1; ; ; ; ; ; ; ; ; ; ; ; ;12;266,407186993368
3360825;1;1;1; ; ; ; ; ; ; ; ; ; ; ; ;12;233,542593323184
3360825;1;2;1; ; ; ; ; ; ; ; ; ; ; ; ;12;233,542593323184
3360825;1;3;1; ; ; ; ; ; ; ; ; ; ; ; ;12;233,542593323184
3360825;1;4;1; ; ; ; ; ; ; ; ; ; ; ; ;12;233,542593323184
3360825;1;5;1; ; ; ; ; ; ; ; ; ; ; ; ;12;233,542593323184
3360825;1;6;1; ; ; ; ; ; ; ; ; ; ; ; ;12;233,542593323184
3360826;1;1;2;2;08; ;2; ; ;1;2; ; ;1; ;12;321,657349165902
3360827;1;1;1; ; ; ; ; ; ; ; ; ; ; ; ;12;253,623412120715
3360827;1;2;1; ; ; ; ; ; ; ; ; ; ; ; ;12;253,623412120715
3360827;1;3;1; ; ; ; ; ; ; ; ; ; ; ; ;12;253,623412120715
3360827;1;4;1; ; ; ; ; ; ; ; ; ; ; ; ;12;253,623412120715
3360828;1;1;1; ; ; ; ; ; ; ; ; ; ; ; ;12;61,2454326427237
3360828;1;2;1; ; ; ; ; ; ; ; ; ; ; ; ;12;61,2454326427237
3360828;1;3;1; ; ; ; ; ; ; ; ; ; ; ; ;12;61,2454326427237
3360828;1;4;1; ; ; ; ; ; ; ; ; ; ; ; ;12;61,2454326427237
3360828;1;5;1; ; ; ; ; ; ; ; ; ; ; ; ;12;61,2454326427237
3360829;1;1;2;2;47; ;2; ; ;1;2; ; ;1; ;12;83,3549438024903
3360829;1;2;2;2;20; ;2; ; ;1;2; ; ;1; ;12;83,3549438024903
3360829;1;3;1; ; ; ; ; ; ; ; ; ; ; ; ;12;83,3549438024903
3360830;1;1;1; ; ; ; ; ; ; ; ; ; ; ; ;12;90,4420775219337
3360830;1;2;1; ; ; ; ; ; ; ; ; ; ; ; ;12;90,4420775219337
3360830;1;3;1; ; ; ; ; ; ; ; ; ; ; ; ;12;90,4420775219337
3360830;1;4;1; ; ; ; ; ; ; ; ; ; ; ; ;12;90,4420775219337
3360830;1;5;1; ; ; ; ; ; ; ; ; ; ; ; ;12;90,4420775219337
3360830;1;6;1; ; ; ; ; ; ; ; ; ; ; ; ;12;90,4420775219337
3360830;1;7;1; ; ; ; ; ; ; ; ; ; ; ; ;12;90,4420775219337
3360830;1;8;1; ; ; ; ; ; ; ; ; ; ; ; ;12;90,4420775219337
3360831;1;1;1; ; ; ; ; ; ; ; ; ; ; ; ;12;142,387866512832
3360831;1;2;1; ; ; ; ; ; ; ; ; ; ; ; ;12;142,387866512832
3360831;1;3;1; ; ; ; ; ; ; ; ; ; ; ; ;12;142,387866512832
3360831;1;4;1; ; ; ; ; ; ; ; ; ; ; ; ;12;142,387866512832
3360831;1;5;1; ; ; ; ; ; ; ; ; ; ; ; ;12;142,387866512832
3360831;1;6;1; ; ; ; ; ; ; ; ; ; ; ; ;12;142,387866512832
3360831;1;7;1; ; ; ; ; ; ; ; ; ; ; ; ;12;142,387866512832
3360831;1;8;1; ; ; ; ; ; ; ; ; ; ; ; ;12;142,387866512832
3360831;1;9;1; ; ; ; ; ; ; ; ; ; ; ; ;12;142,387866512832
3360832;1;1;2;2;23; ;2; ; ;1;2; ; ;1; ;12;70,161815148741
3360832;1;2;2;2;20; ;2; ; ;1;2; ; ;1; ;12;70,161815148741
3360832;1;3;1; ; ; ; ; ; ; ; ; ; ; ; ;12;70,161815148741
3360832;1;4;2;2;23; ;2; ; ;1;2; ; ;1; ;12;70,161815148741
3360833;1;1;1; ; ; ; ; ; ; ; ; ; ; ; ;12;96,560853884005
3360833;1;2;2;1; ; ;2; ; ;1;2; ; ;1; ;12;96,560853884005
3360833;1;3;1; ; ; ; ; ; ; ; ; ; ; ; ;12;96,560853884005
3360833;1;4;1; ; ; ; ; ; ; ; ; ; ; ; ;12;96,560853884005
3360834;1;1;2;1; ; ;3;44; ;1;2; ; ;1; ;12;108,999808935784
3360834;1;2;2;2;20; ;2; ; ;1;2; ; ;1; ;12;108,999808935784
3360834;1;3;1; ; ; ; ; ; ; ; ; ; ; ; ;12;108,999808935784
3360834;1;4;2;2;44; ;2; ; ;1;2; ; ;1; ;12;108,999808935784
3360834;1;5;1; ; ; ; ; ; ; ; ; ; ; ; ;12;108,999808935784
3360834;1;6;1; ; ; ; ; ; ; ; ; ; ; ; ;12;108,999808935784
3360834;1;7;2;2;44; ;2; ; ;1;2; ; ;1; ;12;108,999808935784
3360834;1;8;1; ; ; ; ; ; ; ; ; ; ; ; ;12;108,999808935784
3360835;1;1;2;2;08; ;2; ; ;1;2; ; ;1; ;12;60,1523114044053
3360835;1;2;2;2;44; ;2; ; ;1;2; ; ;1; ;12;60,1523114044053
3360835;1;3;2;1; ; ;2; ; ;1;2; ; ;1; ;12;60,1523114044053
3360836;1;1;1; ; ; ; ; ; ; ; ; ; ; ; ;12;84,9336837942396
3360836;1;2;1; ; ; ; ; ; ; ; ; ; ; ; ;12;84,9336837942396
3360836;1;3;1; ; ; ; ; ; ; ; ; ; ; ; ;12;84,9336837942396
3360837;1;1;1; ; ; ; ; ; ; ; ; ; ; ; ;12;123,970164755723
3360837;1;2;2;2;23; ;2; ; ;1;2; ; ;1; ;12;123,970164755723
3360837;1;3;1; ; ; ; ; ; ; ; ; ; ; ; ;12;123,970164755723
3360837;1;4;1; ; ; ; ; ; ; ; ; ; ; ; ;12;123,970164755723
3360837;1;5;1; ; ; ; ; ; ; ; ; ; ; ; ;12;123,970164755723
3360838;1;1;1; ; ; ; ; ; ; ; ; ; ; ; ;12;40,6827893337331
3360838;1;2;1; ; ; ; ; ; ; ; ; ; ; ; ;12;40,6827893337331
3360838;1;3;2;1; ; ;3;11; ;1;2; ; ;1; ;12;40,6827893337331
3360839;1;1;2;2;08; ;2; ; ;1;2; ; ;1; ;12;75,1834585567469
3360839;1;2;1; ; ; ; ; ; ; ; ; ; ; ; ;12;75,1834585567469
3360839;1;3;1; ; ; ; ; ; ; ; ; ; ; ; ;12;75,1834585567469
3360839;1;4;1; ; ; ; ; ; ; ; ; ; ; ; ;12;75,1834585567469
3360839;1;5;1; ; ; ; ; ; ; ; ; ; ; ; ;12;75,1834585567469
3360839;1;6;1; ; ; ; ; ; ; ; ; ; ; ; ;12;75,1834585567469
3360839;1;7;1; ; ; ; ; ; ; ; ; ; ; ; ;12;75,1834585567469
3360840;1;1;2;2;20; ;2; ; ;1;2; ; ;1; ;12;96,0142932648458
3360840;1;2;2;2;20; ;2; ; ;1;2; ; ;1; ;12;96,0142932648458
3360840;1;3;1; ; ; ; ; ; ; ; ; ; ; ; ;12;96,0142932648458
3360841;1;1;1; ; ; ; ; ; ; ; ; ; ; ; ;12;47,4778747951088
3360841;1;2;1; ; ; ; ; ; ; ; ; ; ; ; ;12;47,4778747951088
3360842;1;1;1; ; ; ; ; ; ; ; ; ; ; ; ;12;44,3772286537733
3360842;1;2;1; ; ; ; ; ; ; ; ; ; ; ; ;12;44,3772286537733
3360842;1;3;1; ; ; ; ; ; ; ; ; ; ; ; ;12;44,3772286537733
3360842;1;4;1; ; ; ; ; ; ; ; ; ; ; ; ;12;44,3772286537733
3360843;1;1;2;2;47; ;2; ; ;1;2; ; ;1; ;12;124,117816905737
3360843;1;2;2;2;20; ;2; ; ;1;2; ; ;1; ;12;124,117816905737
3360843;1;3;2;2;20; ;3;20; ;1;3;20; ;1; ;12;124,117816905737
3360843;1;4;2;2;20; ;2; ; ;1;2; ; ;1; ;12;124,117816905737
3360844;1;1;2;2;44; ;2; ; ;1;2; ; ;1; ;12;244,627679121471
3360844;1;2;1; ; ; ; ; ; ; ; ; ; ; ; ;12;244,627679121471
3360845;1;1;2;1; ; ;2; ; ;1;2; ; ;1; ;12;92,3215028292571
3360850;1;1;2;2;17; ;2; ; ;1;2; ; ;1; ;12;950,131351228518
3360850;1;2;2;2;63; ;2; ; ;1;2; ; ;1; ;12;950,131351228518
3360850;1;3;1; ; ; ; ; ; ; ; ; ; ; ; ;12;950,131351228518
3360850;1;4;1; ; ; ; ; ; ; ; ; ; ; ; ;12;950,131351228518
3360850;1;5;1; ; ; ; ; ; ; ; ; ; ; ; ;12;950,131351228518
3360851;1;1;1; ; ; ; ; ; ; ; ; ; ; ; ;12;644,840336573545
3360851;1;2;1; ; ; ; ; ; ; ; ; ; ; ; ;12;644,840336573545
3360851;2;1;1; ; ; ; ; ; ; ; ; ; ; ; ;12;644,840336573545
3360851;2;2;2;2;13; ;2; ; ;1;2; ; ;1; ;12;644,840336573545
3360851;3;1;1; ; ; ; ; ; ; ; ; ; ; ; ;12;644,840336573545
3360851;3;2;1; ; ; ; ; ; ; ; ; ; ; ; ;12;644,840336573545
3360851;3;3;1; ; ; ; ; ; ; ; ; ; ; ; ;12;644,840336573545
3360852;1;1;1; ; ; ; ; ; ; ; ; ; ; ; ;12;434,763567799387
3360852;1;2;1; ; ; ; ; ; ; ; ; ; ; ; ;12;434,763567799387
3360852;2;1;1; ; ; ; ; ; ; ; ; ; ; ; ;12;434,763567799387
3360852;2;2;1; ; ; ; ; ; ; ; ; ; ; ; ;12;434,763567799387
3360852;2;3;1; ; ; ; ; ; ; ; ; ; ; ; ;12;434,763567799387
3360852;2;4;1; ; ; ; ; ; ; ; ; ; ; ; ;12;434,763567799387
3360853;1;1;2;1; ; ;4; ;1; ;2; ; ;1; ;12;481,988930680455
3360853;1;2;2;1; ; ;4; ;1; ;2; ; ;1; ;12;481,988930680455
3360853;1;3;2;1; ; ;4; ;1; ;2; ; ;1; ;12;481,988930680455
3360854;1;1;2;2;54; ;2; ; ;1;2; ; ;1; ;12;454,543659150178
3360854;1;2;2;1; ; ;3;11; ;1;3;11; ;1; ;12;454,543659150178
3360854;1;3;2;2;11; ;3;11; ;1;3;11; ;1; ;12;454,543659150178
3360854;1;4;2;2;11; ;3;11; ;1;3;11; ;1; ;12;454,543659150178
3360855;1;1;1; ; ; ; ; ; ; ; ; ; ; ; ;12;717,084256190698
3360855;1;2;1; ; ; ; ; ; ; ; ; ; ; ; ;12;717,084256190698
3360855;1;3;1; ; ; ; ; ; ; ; ; ; ; ; ;12;717,084256190698
3360855;1;4;1; ; ; ; ; ; ; ; ; ; ; ; ;12;717,084256190698
3360856;1;1;1; ; ; ; ; ; ; ; ; ; ; ; ;12;555,22368997907
3360856;1;2;1; ; ; ; ; ; ; ; ; ; ; ; ;12;555,22368997907
3360857;1;1;1; ; ; ; ; ; ; ; ; ; ; ; ;12;499,999559975784
3360857;1;2;1; ; ; ; ; ; ; ; ; ; ; ; ;12;499,999559975784
3360857;1;3;1; ; ; ; ; ; ; ; ; ; ; ; ;12;499,999559975784
3360857;1;4;1; ; ; ; ; ; ; ; ; ; ; ; ;12;499,999559975784
3360858;1;1;1; ; ; ; ; ; ; ; ; ; ; ; ;12;665,600613305062
3360858;1;2;1; ; ; ; ; ; ; ; ; ; ; ; ;12;665,600613305062
3360858;1;3;1; ; ; ; ; ; ; ; ; ; ; ; ;12;665,600613305062
3360859;1;1;1; ; ; ; ; ; ; ; ; ; ; ; ;12;653,108217907105
3360859;1;2;1; ; ; ; ; ; ; ; ; ; ; ; ;12;653,108217907105
3360859;1;3;1; ; ; ; ; ; ; ; ; ; ; ; ;12;653,108217907105
3360859;1;4;1; ; ; ; ; ; ; ; ; ; ; ; ;12;653,108217907105
3360859;1;5;1; ; ; ; ; ; ; ; ; ; ; ; ;12;653,108217907105
3360859;1;6;1; ; ; ; ; ; ; ; ; ; ; ; ;12;653,108217907105
3360860;1;1;1; ; ; ; ; ; ; ; ; ; ; ; ;12;597,888786998693
3360860;1;2;1; ; ; ; ; ; ; ; ; ; ; ; ;12;597,888786998693
3360861;1;1;2;2;76; ;2; ; ;1;2; ; ;1; ;12;584,72375435692
3360861;1;2;1; ; ; ; ; ; ; ; ; ; ; ; ;12;584,72375435692
3360861;1;3;1; ; ; ; ; ; ; ; ; ; ; ; ;12;584,72375435692
3360861;1;4;1; ; ; ; ; ; ; ; ; ; ; ; ;12;584,72375435692
3360861;1;5;1; ; ; ; ; ; ; ; ; ; ; ; ;12;584,72375435692
3360861;1;6;1; ; ; ; ; ; ; ; ; ; ; ; ;12;584,72375435692
3360862;1;1;2;2;23; ;2; ; ;1;2; ; ;1; ;12;654,108622003148
3360862;1;2;1; ; ; ; ; ; ; ; ; ; ; ; ;12;654,108622003148
3360862;1;3;2;2;23; ;2; ; ;1;2; ; ;1; ;12;654,108622003148
3360862;1;4;1; ; ; ; ; ; ; ; ; ; ; ; ;12;654,108622003148
3360862;1;5;1; ; ; ; ; ; ; ; ; ; ; ; ;12;654,108622003148
3360863;1;1;2;2;70; ;2; ; ;1;2; ; ;1; ;12;752,84070829981
3360863;1;2;1; ; ; ; ; ; ; ; ; ; ; ; ;12;752,84070829981
3360863;1;3;1; ; ; ; ; ; ; ; ; ; ; ; ;12;752,84070829981
3360863;1;4;2;2;70; ;2; ; ;1;3;70; ;1; ;12;752,84070829981
3360863;1;5;2;2;70; ;1; ; ; ;2; ; ;1; ;12;752,84070829981
3360863;1;6;1; ; ; ; ; ; ; ; ; ; ; ; ;12;752,84070829981
3360864;1;1;1; ; ; ; ; ; ; ; ; ; ; ; ;12;624,030503816852
3360864;1;2;1; ; ; ; ; ; ; ; ; ; ; ; ;12;624,030503816852
3360864;1;3;1; ; ; ; ; ; ; ; ; ; ; ; ;12;624,030503816852
3360864;1;4;1; ; ; ; ; ; ; ; ; ; ; ; ;12;624,030503816852
3360864;1;5;1; ; ; ; ; ; ; ; ; ; ; ; ;12;624,030503816852
3360864;1;6;1; ; ; ; ; ; ; ; ; ; ; ; ;12;624,030503816852
3360864;1;7;1; ; ; ; ; ; ; ; ; ; ; ; ;12;624,030503816852
3360864;1;8;1; ; ; ; ; ; ; ; ; ; ; ; ;12;624,030503816852
3360864;1;9;1; ; ; ; ; ; ; ; ; ; ; ; ;12;624,030503816852
3360865;1;1;1; ; ; ; ; ; ; ; ; ; ; ; ;12;682,642318689689
3360865;1;2;1; ; ; ; ; ; ; ; ; ; ; ; ;12;682,642318689689
3360865;1;3;1; ; ; ; ; ; ; ; ; ; ; ; ;12;682,642318689689
3360865;1;4;1; ; ; ; ; ; ; ; ; ; ; ; ;12;682,642318689689
3360865;1;5;1; ; ; ; ; ; ; ; ; ; ; ; ;12;682,642318689689
3360868;1;1;2;2;08; ;2; ; ;1;2; ; ;1; ;12;500,021475746543
3360868;1;2;2;2;08; ;2; ; ;1;2; ; ;1; ;12;500,021475746543
3360868;1;3;1; ; ; ; ; ; ; ; ; ; ; ; ;12;500,021475746543
3360868;1;4;1; ; ; ; ; ; ; ; ; ; ; ; ;12;500,021475746543
3360868;1;5;1; ; ; ; ; ; ; ; ; ; ; ; ;12;500,021475746543
3360868;1;6;1; ; ; ; ; ; ; ; ; ; ; ; ;12;500,021475746543
3360868;1;7;1; ; ; ; ; ; ; ; ; ; ; ; ;12;500,021475746543
3360869;1;1;1; ; ; ; ; ; ; ; ; ; ; ; ;12;769,24053632015
3360869;1;2;1; ; ; ; ; ; ; ; ; ; ; ; ;12;769,24053632015
3360869;1;3;1; ; ; ; ; ; ; ; ; ; ; ; ;12;769,24053632015
3360869;1;4;1; ; ; ; ; ; ; ; ; ; ; ; ;12;769,24053632015
3360870;1;1;1; ; ; ; ; ; ; ; ; ; ; ; ;12;700,376880033447
3360870;1;2;1; ; ; ; ; ; ; ; ; ; ; ; ;12;700,376880033447
3360870;1;3;1; ; ; ; ; ; ; ; ; ; ; ; ;12;700,376880033447
3360870;1;4;1; ; ; ; ; ; ; ; ; ; ; ; ;12;700,376880033447
3360870;1;5;1; ; ; ; ; ; ; ; ; ; ; ; ;12;700,376880033447
3360870;1;6;1; ; ; ; ; ; ; ; ; ; ; ; ;12;700,376880033447
3360870;1;7;1; ; ; ; ; ; ; ; ; ; ; ; ;12;700,376880033447
3360871;1;1;1; ; ; ; ; ; ; ; ; ; ; ; ;12;546,513383888595
3360871;1;2;1; ; ; ; ; ; ; ; ; ; ; ; ;12;546,513383888595
3360871;1;3;1; ; ; ; ; ; ; ; ; ; ; ; ;12;546,513383888595
3360871;1;4;1; ; ; ; ; ; ; ; ; ; ; ; ;12;546,513383888595
3360872;1;1;1; ; ; ; ; ; ; ; ; ; ; ; ;12;520,476904806542
3360872;1;2;1; ; ; ; ; ; ; ; ; ; ; ; ;12;520,476904806542
3360872;1;3;1; ; ; ; ; ; ; ; ; ; ; ; ;12;520,476904806542
3360872;1;4;1; ; ; ; ; ; ; ; ; ; ; ; ;12;520,476904806542
3360872;1;5;1; ; ; ; ; ; ; ; ; ; ; ; ;12;520,476904806542
3360872;1;6;1; ; ; ; ; ; ; ; ; ; ; ; ;12;520,476904806542
3360872;1;7;1; ; ; ; ; ; ; ; ; ; ; ; ;12;520,476904806542
3360872;1;8;1; ; ; ; ; ; ; ; ; ; ; ; ;12;520,476904806542
3360873;1;1;1; ; ; ; ; ; ; ; ; ; ; ; ;12;619,459278059424
3360874;1;1;1; ; ; ; ; ; ; ; ; ; ; ; ;12;513,145909608434
3360874;1;2;1; ; ; ; ; ; ; ; ; ; ; ; ;12;513,145909608434
3360874;1;3;1; ; ; ; ; ; ; ; ; ; ; ; ;12;513,145909608434
3360875;1;1;2;2;13; ;2; ; ;1;2; ; ;1; ;12;458,713918094525
3360875;1;2;1; ; ; ; ; ; ; ; ; ; ; ; ;12;458,713918094525
3360875;1;3;1; ; ; ; ; ; ; ; ; ; ; ; ;12;458,713918094525
3360875;1;4;1; ; ; ; ; ; ; ; ; ; ; ; ;12;458,713918094525
3360875;1;5;1; ; ; ; ; ; ; ; ; ; ; ; ;12;458,713918094525
3360875;1;6;1; ; ; ; ; ; ; ; ; ; ; ; ;12;458,713918094525
3360876;1;1;1; ; ; ; ; ; ; ; ; ; ; ; ;12;65,8254024257974
3360876;1;2;1; ; ; ; ; ; ; ; ; ; ; ; ;12;65,8254024257974
3360876;1;3;1; ; ; ; ; ; ; ; ; ; ; ; ;12;65,8254024257974
3360876;1;4;1; ; ; ; ; ; ; ; ; ; ; ; ;12;65,8254024257974
3360877;1;1;1; ; ; ; ; ; ; ; ; ; ; ; ;12;82,7080792716197
3360877;1;2;1; ; ; ; ; ; ; ; ; ; ; ; ;12;82,7080792716197
3360878;1;1;2;2;19; ;2; ; ;1;2; ; ;1; ;12;91,9726281713154
3360878;1;2;1; ; ; ; ; ; ; ; ; ; ; ; ;12;91,9726281713154
3360878;1;3;1; ; ; ; ; ; ; ; ; ; ; ; ;12;91,9726281713154
3360878;1;4;1; ; ; ; ; ; ; ; ; ; ; ; ;12;91,9726281713154
3360878;1;5;1; ; ; ; ; ; ; ; ; ; ; ; ;12;91,9726281713154
3360879;1;1;2;2;19; ;2; ; ;1;2; ; ;1; ;12;79,348106118669
3360879;1;2;1; ; ; ; ; ; ; ; ; ; ; ; ;12;79,348106118669
3360879;1;3;1; ; ; ; ; ; ; ; ; ; ; ; ;12;79,348106118669
3360880;1;1;2;2;17; ;2; ; ;1;2; ; ;1; ;12;75,5867167236232
3360881;1;1;2;2;19; ;2; ; ;1;2; ; ;1; ;12;75,5867167236232
3360882;1;1;1; ; ; ; ; ; ; ; ; ; ; ; ;12;76,9802737871858
3360882;1;2;1; ; ; ; ; ; ; ; ; ; ; ; ;12;76,9802737871858
3360882;1;3;1; ; ; ; ; ; ; ; ; ; ; ; ;12;76,9802737871858
3360882;1;4;1; ; ; ; ; ; ; ; ; ; ; ; ;12;76,9802737871858
3360883;1;1;1; ; ; ; ; ; ; ; ; ; ; ; ;12;43,9817755323004
3360883;1;2;1; ; ; ; ; ; ; ; ; ; ; ; ;12;43,9817755323004
3360883;1;3;1; ; ; ; ; ; ; ; ; ; ; ; ;12;43,9817755323004
3360883;1;4;1; ; ; ; ; ; ; ; ; ; ; ; ;12;43,9817755323004
3360883;1;5;1; ; ; ; ; ; ; ; ; ; ; ; ;12;43,9817755323004
3360883;1;6;1; ; ; ; ; ; ; ; ; ; ; ; ;12;43,9817755323004
3360883;1;7;1; ; ; ; ; ; ; ; ; ; ; ; ;12;43,9817755323004
3360883;1;8;1; ; ; ; ; ; ; ; ; ; ; ; ;12;43,9817755323004
3360884;1;1;2;2;19; ;2; ; ;1;2; ; ;1; ;12;80,6256493768637
3360884;1;2;2;2;19; ;2; ; ;1;2; ; ;1; ;12;80,6256493768637
3360885;1;1;1; ; ; ; ; ; ; ; ; ; ; ; ;12;78,183665715434
3360885;1;2;1; ; ; ; ; ; ; ; ; ; ; ; ;12;78,183665715434
3360885;1;3;1; ; ; ; ; ; ; ; ; ; ; ; ;12;78,183665715434
3360886;1;1;2;2;19; ;2; ; ;1;2; ; ;1; ;12;186,004967435683
3360887;1;1;1; ; ; ; ; ; ; ; ; ; ; ; ;12;198,621059718105
3360887;1;2;1; ; ; ; ; ; ; ; ; ; ; ; ;12;198,621059718105
3360887;1;3;1; ; ; ; ; ; ; ; ; ; ; ; ;12;198,621059718105
3360888;1;1;2;2;19; ;3;19; ;1;2; ; ;1; ;12;71,4956853338771
3360888;1;2;2;2;19; ;3;19; ;1;2; ; ;1; ;12;71,4956853338771
3360888;1;3;2;2;19; ;2; ; ;1;2; ; ;1; ;12;71,4956853338771
3360889;1;1;1; ; ; ; ; ; ; ; ; ; ; ; ;12;78,7217209666091
3360889;1;2;2;2;76; ;2; ; ;1;2; ; ;1; ;12;78,7217209666091
3360889;1;3;1; ; ; ; ; ; ; ; ; ; ; ; ;12;78,7217209666091
3360889;1;4;1; ; ; ; ; ; ; ; ; ; ; ; ;12;78,7217209666091
3360889;1;5;1; ; ; ; ; ; ; ; ; ; ; ; ;12;78,7217209666091
3360890;1;1;1; ; ; ; ; ; ; ; ; ; ; ; ;12;98,3440728652746
3360890;1;2;1; ; ; ; ; ; ; ; ; ; ; ; ;12;98,3440728652746
3360890;1;3;1; ; ; ; ; ; ; ; ; ; ; ; ;12;98,3440728652746
3360890;1;4;1; ; ; ; ; ; ; ; ; ; ; ; ;12;98,3440728652746
3360890;1;5;1; ; ; ; ; ; ; ; ; ; ; ; ;12;98,3440728652746
3360890;1;6;1; ; ; ; ; ; ; ; ; ; ; ; ;12;98,3440728652746
3360891;1;1;1; ; ; ; ; ; ; ; ; ; ; ; ;12;220,758598374093
3360891;1;2;2;2;19; ;2; ; ;1;2; ; ;1; ;12;220,758598374093
3360892;1;1;1; ; ; ; ; ; ; ; ; ; ; ; ;12;84,2320734415285
3360893;1;1;1; ; ; ; ; ; ; ; ; ; ; ; ;12;75,5867167236232
3360894;1;1;2;2;19; ;2; ; ;1;2; ; ;1; ;12;67,3747421721574
3360894;1;2;2;2;76; ;3;19; ;1;2; ; ;1; ;12;67,3747421721574
3360895;1;1;1; ; ; ; ; ; ; ; ; ; ; ; ;12;73,1633041135345
3360895;1;2;1; ; ; ; ; ; ; ; ; ; ; ; ;12;73,1633041135345
3360896;1;1;2;2;19; ;2; ; ;1;2; ; ;1; ;12;75,5867167236232
3360897;1;1;2;2;19; ;2; ; ;1;2; ; ;1; ;12;54,0978794081844
3360897;1;2;2;2;19; ;2; ; ;1;2; ; ;1; ;12;54,0978794081844
3360897;1;3;1; ; ; ; ; ; ; ; ; ; ; ; ;12;54,0978794081844
3360897;2;1;2;2;19; ;2; ; ;1;2; ; ;1; ;12;54,0978794081844
3360897;2;2;1; ; ; ; ; ; ; ; ; ; ; ; ;12;54,0978794081844
3360898;1;1;1; ; ; ; ; ; ; ; ; ; ; ; ;12;103,041397499309
3360898;1;2;1; ; ; ; ; ; ; ; ; ; ; ; ;12;103,041397499309
3360898;1;3;1; ; ; ; ; ; ; ; ; ; ; ; ;12;103,041397499309
3360898;1;4;1; ; ; ; ; ; ; ; ; ; ; ; ;12;103,041397499309
3360899;1;1;2;2;76; ;2; ; ;1;2; ; ;1; ;12;104,349462512293
3360899;1;2;1; ; ; ; ; ; ; ; ; ; ; ; ;12;104,349462512293
3360899;1;3;1; ; ; ; ; ; ; ; ; ; ; ; ;12;104,349462512293
3360899;1;4;1; ; ; ; ; ; ; ; ; ; ; ; ;12;104,349462512293
3360900;1;1;1; ; ; ; ; ; ; ; ; ; ; ; ;12;71,8552391005508
3360900;1;2;2;2;76; ;2; ; ;1;2; ; ;1; ;12;71,8552391005508
3360901;1;1;2;2;52; ;2; ; ;1;2; ; ;1; ;12;80,6256493768637
3360901;1;2;2;2;52; ;2; ; ;1;2; ; ;1; ;12;80,6256493768637
3360902;1;1;2;2;19; ;2; ; ;1;2; ; ;1; ;12;100,084894740825
3360902;1;2;1; ; ; ; ; ; ; ; ; ; ; ; ;12;100,084894740825
3360902;1;3;1; ; ; ; ; ; ; ; ; ; ; ; ;12;100,084894740825
3360903;1;1;1; ; ; ; ; ; ; ; ; ; ; ; ;12;93,305140212034
3360903;1;2;2;2;19; ;2; ; ;1;2; ; ;1; ;12;93,305140212034
3360903;1;3;1; ; ; ; ; ; ; ; ; ; ; ; ;12;93,305140212034
3360903;1;4;1; ; ; ; ; ; ; ; ; ; ; ; ;12;93,305140212034
3360903;1;5;1; ; ; ; ; ; ; ; ; ; ; ; ;12;93,305140212034
3360904;1;1;1; ; ; ; ; ; ; ; ; ; ; ; ;12;142,29806100941
3360904;1;2;2;2;11; ;2; ; ;1;2; ; ;1; ;12;142,29806100941
3360904;1;3;1; ; ; ; ; ; ; ; ; ; ; ; ;12;142,29806100941
3360904;1;4;1; ; ; ; ; ; ; ; ; ; ; ; ;12;142,29806100941
3360904;1;5;1; ; ; ; ; ; ; ; ; ; ; ; ;12;142,29806100941
3360904;1;6;2;2;19; ;2; ; ;1;2; ; ;1; ;12;142,29806100941
3360904;1;7;2;2;19; ;2; ; ;1;2; ; ;1; ;12;142,29806100941
3360905;1;1;1; ; ; ; ; ; ; ; ; ; ; ; ;12;70,8893920895884
3360905;1;2;1; ; ; ; ; ; ; ; ; ; ; ; ;12;70,8893920895884
3360905;1;3;1; ; ; ; ; ; ; ; ; ; ; ; ;12;70,8893920895884
3360906;1;1;2;2;19; ;2; ; ;1;2; ; ;1; ;12;81,889716054868
3360906;1;2;1; ; ; ; ; ; ; ; ; ; ; ; ;12;81,889716054868
3360906;1;3;1; ; ; ; ; ; ; ; ; ; ; ; ;12;81,889716054868
3360906;1;4;1; ; ; ; ; ; ; ; ; ; ; ; ;12;81,889716054868
3360906;1;5;2;2;41; ;2; ; ;1;2; ; ;1; ;12;81,889716054868
3360906;1;6;1; ; ; ; ; ; ; ; ; ; ; ; ;12;81,889716054868
3360906;1;7;1; ; ; ; ; ; ; ; ; ; ; ; ;12;81,889716054868
3360906;1;8;1; ; ; ; ; ; ; ; ; ; ; ; ;12;81,889716054868
3360906;1;9;1; ; ; ; ; ; ; ; ; ; ; ; ;12;81,889716054868
3360906;1;10;1; ; ; ; ; ; ; ; ; ; ; ; ;12;81,889716054868
3360907;1;1;1; ; ; ; ; ; ; ; ; ; ; ; ;12;89,0161254128308
3360907;1;2;2;2;68; ;2; ; ;1;2; ; ;1; ;12;89,0161254128308
3360907;1;3;1; ; ; ; ; ; ; ; ; ; ; ; ;12;89,0161254128308
3360907;1;4;1; ; ; ; ; ; ; ; ; ; ; ; ;12;89,0161254128308
3360908;1;1;1; ; ; ; ; ; ; ; ; ; ; ; ;12;176,483521062117
3360908;1;2;2;2;19; ;2; ; ;1;2; ; ;1; ;12;176,483521062117
3360908;1;3;1; ; ; ; ; ; ; ; ; ; ; ; ;12;176,483521062117
3360908;1;4;1; ; ; ; ; ; ; ; ; ; ; ; ;12;176,483521062117
3360909;1;1;1; ; ; ; ; ; ; ; ; ; ; ; ;12;209,737893424254
3360909;1;2;1; ; ; ; ; ; ; ; ; ; ; ; ;12;209,737893424254
3360909;1;3;1; ; ; ; ; ; ; ; ; ; ; ; ;12;209,737893424254
3360909;1;4;1; ; ; ; ; ; ; ; ; ; ; ; ;12;209,737893424254
3360909;1;5;2;2;19; ;2; ; ;1;2; ; ;1; ;12;209,737893424254
3360909;1;6;1; ; ; ; ; ; ; ; ; ; ; ; ;12;209,737893424254
3360910;1;1;1; ; ; ; ; ; ; ; ; ; ; ; ;12;75,5867167236232
3360911;1;1;2;2;19; ;2; ; ;1;2; ; ;1; ;12;79,0627036819418
3360911;1;2;1; ; ; ; ; ; ; ; ; ; ; ; ;12;79,0627036819418
3360911;1;3;1; ; ; ; ; ; ; ; ; ; ; ; ;12;79,0627036819418
3360911;1;4;1; ; ; ; ; ; ; ; ; ; ; ; ;12;79,0627036819418
3360912;1;1;1; ; ; ; ; ; ; ; ; ; ; ; ;12;181,677419045739
3360912;1;2;1; ; ; ; ; ; ; ; ; ; ; ; ;12;181,677419045739
3360912;1;3;1; ; ; ; ; ; ; ; ; ; ; ; ;12;181,677419045739
3360912;1;4;1; ; ; ; ; ; ; ; ; ; ; ; ;12;181,677419045739
3360912;1;5;1; ; ; ; ; ; ; ; ; ; ; ; ;12;181,677419045739
3360912;1;6;2;2;19; ;2; ; ;1;2; ; ;1; ;12;181,677419045739
3360913;1;1;2;2;52; ;2; ; ;1;2; ; ;1; ;12;73,1633041135345
3360913;1;2;1; ; ; ; ; ; ; ; ; ; ; ; ;12;73,1633041135345
3360914;1;1;2;2;27; ;2; ; ;1;2; ; ;1; ;12;23,0276969501032
3360915;1;1;2;2;27; ;2; ; ;1;2; ; ;1; ;12;23,0276969501032
3360915;1;2;1; ; ; ; ; ; ; ; ; ; ; ; ;12;23,0276969501032
3360915;1;3;1; ; ; ; ; ; ; ; ; ; ; ; ;12;23,0276969501032
3360915;1;4;1; ; ; ; ; ; ; ; ; ; ; ; ;12;23,0276969501032
3360916;1;1;2;2;27; ;2; ; ;1;2; ; ;1; ;12;43,786283486942
3360916;1;2;2;2;27; ;2; ; ;1;2; ; ;1; ;12;43,786283486942
3360916;1;3;2;1; ; ;2; ; ;1;2; ; ;1; ;12;43,786283486942
3360916;1;4;1; ; ; ; ; ; ; ; ; ; ; ; ;12;43,786283486942
3360917;1;1;2;2;27; ;2; ; ;1;2; ; ;1; ;12;23,0276969501032
3360917;1;2;1; ; ; ; ; ; ; ; ; ; ; ; ;12;23,0276969501032
3360917;1;3;1; ; ; ; ; ; ; ; ; ; ; ; ;12;23,0276969501032
3360918;1;1;1; ; ; ; ; ; ; ; ; ; ; ; ;12;23,0276969501032
3360918;1;2;1; ; ; ; ; ; ; ; ; ; ; ; ;12;23,0276969501032
3360918;1;3;2;2;27; ;2; ; ;1;2; ; ;1; ;12;23,0276969501032
3360919;1;1;1; ; ; ; ; ; ; ; ; ; ; ; ;12;23,0276969501032
3360919;1;2;1; ; ; ; ; ; ; ; ; ; ; ; ;12;23,0276969501032
3360919;1;3;1; ; ; ; ; ; ; ; ; ; ; ; ;12;23,0276969501032
3360919;1;4;2;1; ; ;2; ; ;1;2; ; ;1; ;12;23,0276969501032
3360919;1;5;1; ; ; ; ; ; ; ; ; ; ; ; ;12;23,0276969501032
3360920;1;1;2;2;27; ;2; ; ;1;2; ; ;1; ;12;23,0276969501032
3360920;1;2;1; ; ; ; ; ; ; ; ; ; ; ; ;12;23,0276969501032
3360920;1;3;2;2;27; ;2; ; ;1;2; ; ;1; ;12;23,0276969501032
3360920;1;4;1; ; ; ; ; ; ; ; ; ; ; ; ;12;23,0276969501032
3360921;1;1;2;1; ; ;2; ; ;1;2; ; ;1; ;12;23,0276969501032
3360921;1;2;2;2;27; ;2; ; ;1;2; ; ;1; ;12;23,0276969501032
3360921;1;3;1; ; ; ; ; ; ; ; ; ; ; ; ;12;23,0276969501032
3360921;1;4;1; ; ; ; ; ; ; ; ; ; ; ; ;12;23,0276969501032
3360921;1;5;2;2;66; ;2; ; ;1;2; ; ;1; ;12;23,0276969501032
3360921;1;6;2;2;27; ;2; ; ;1;2; ; ;1; ;12;23,0276969501032
3360921;1;7;1; ; ; ; ; ; ; ; ; ; ; ; ;12;23,0276969501032
3360922;1;1;2;2;27; ;2; ; ;1;2; ; ;1; ;12;23,0276969501032
3360922;1;2;1; ; ; ; ; ; ; ; ; ; ; ; ;12;23,0276969501032
3360922;1;3;1; ; ; ; ; ; ; ; ; ; ; ; ;12;23,0276969501032
3360923;1;1;2;2;05; ;2; ; ;1;2; ; ;1; ;12;105,927405970475
3360923;1;2;2;2;05; ;2; ; ;1;2; ; ;1; ;12;105,927405970475
3360924;1;1;1; ; ; ; ; ; ; ; ; ; ; ; ;12;23,0276969501032
3360925;1;1;2;2;27; ;2; ; ;1;2; ; ;1; ;12;23,0276969501032
3360925;1;2;2;2;52; ;2; ; ;1;2; ; ;1; ;12;23,0276969501032
3360926;1;1;1; ; ; ; ; ; ; ; ; ; ; ; ;12;23,0276969501032
3360926;1;2;2;2;27; ;3;27; ;1;2; ; ;1; ;12;23,0276969501032
3360927;1;1;2;1; ; ;2; ; ;1;2; ; ;1; ;12;23,0276969501032
3360927;1;2;1; ; ; ; ; ; ; ; ; ; ; ; ;12;23,0276969501032
3360928;1;1;2;2;05; ;2; ; ;1;2; ; ;1; ;12;23,0276969501032
3360928;1;2;2;2;05; ;2; ; ;1;2; ; ;1; ;12;23,0276969501032
3360929;1;1;2;1; ; ;2; ; ;1;2; ; ;1; ;12;23,0276969501032
3360929;1;2;1; ; ; ; ; ; ; ; ; ; ; ; ;12;23,0276969501032
3360930;1;1;2;2;05; ;2; ; ;1;2; ; ;1; ;12;23,0276969501032
3360930;1;2;1; ; ; ; ; ; ; ; ; ; ; ; ;12;23,0276969501032
3360930;1;3;1; ; ; ; ; ; ; ; ; ; ; ; ;12;23,0276969501032
3360930;1;4;1; ; ; ; ; ; ; ; ; ; ; ; ;12;23,0276969501032
3360931;1;1;1; ; ; ; ; ; ; ; ; ; ; ; ;12;23,0276969501032
3360931;1;2;2;2;27; ;2; ; ;1;2; ; ;1; ;12;23,0276969501032
3360932;1;1;1; ; ; ; ; ; ; ; ; ; ; ; ;12;53,2644470440728
3360932;1;2;1; ; ; ; ; ; ; ; ; ; ; ; ;12;53,2644470440728
3360932;1;3;1; ; ; ; ; ; ; ; ; ; ; ; ;12;53,2644470440728
3360933;1;1;2;2;27; ;2; ; ;1;2; ; ;1; ;12;95,667851143955
3360933;1;2;1; ; ; ; ; ; ; ; ; ; ; ; ;12;95,667851143955
3360933;1;3;1; ; ; ; ; ; ; ; ; ; ; ; ;12;95,667851143955
3360935;1;1;2;2;76; ;2; ; ;1;2; ; ;1; ;12;23,0276969501032
3360935;1;2;1; ; ; ; ; ; ; ; ; ; ; ; ;12;23,0276969501032
3360935;1;3;1; ; ; ; ; ; ; ; ; ; ; ; ;12;23,0276969501032
3360935;1;4;1; ; ; ; ; ; ; ; ; ; ; ; ;12;23,0276969501032
3360941;1;1;2;2;19; ;2; ; ;1;2; ; ;1; ;12;89,3571081281634
3360941;1;2;1; ; ; ; ; ; ; ; ; ; ; ; ;12;89,3571081281634
3360941;1;3;2;2;19; ;2; ; ;1;2; ; ;1; ;12;89,3571081281634
3360942;1;1;1; ; ; ; ; ; ; ; ; ; ; ; ;12;81,1837965358101
3360942;1;2;1; ; ; ; ; ; ; ; ; ; ; ; ;12;81,1837965358101
3360943;1;1;1; ; ; ; ; ; ; ; ; ; ; ; ;12;93,0024837178414
3360944;1;1;1; ; ; ; ; ; ; ; ; ; ; ; ;12;104,28274537561
3360944;1;2;1; ; ; ; ; ; ; ; ; ; ; ; ;12;104,28274537561
3360944;1;3;1; ; ; ; ; ; ; ; ; ; ; ; ;12;104,28274537561
3360944;1;4;1; ; ; ; ; ; ; ; ; ; ; ; ;12;104,28274537561
3360945;1;1;2;2;19; ;2; ; ;1;2; ; ;1; ;12;70,331244930642
3360945;1;2;2;2;19; ;2; ; ;1;2; ; ;1; ;12;70,331244930642
3360945;1;3;1; ; ; ; ; ; ; ; ; ; ; ; ;12;70,331244930642
3360946;1;1;2;2;19; ;2; ; ;1;2; ; ;1; ;12;202,315121993652
3360946;1;2;2;2;19; ;2; ; ;1;2; ; ;1; ;12;202,315121993652
3360946;1;3;1; ; ; ; ; ; ; ; ; ; ; ; ;12;202,315121993652
3360946;1;4;1; ; ; ; ; ; ; ; ; ; ; ; ;12;202,315121993652
3360946;1;5;1; ; ; ; ; ; ; ; ; ; ; ; ;12;202,315121993652
3360947;1;1;2;2;05; ;2; ; ;1;2; ; ;1; ;12;193,737092395246
3360947;1;2;2;2;19; ;2; ; ;1;2; ; ;1; ;12;193,737092395246
3360947;1;3;1; ; ; ; ; ; ; ; ; ; ; ; ;12;193,737092395246
3360947;1;4;1; ; ; ; ; ; ; ; ; ; ; ; ;12;193,737092395246
3360948;1;1;2;2;86; ;2; ; ;1;2; ; ;1; ;12;156,367331430868
3360948;1;2;2;2;19; ;2; ; ;1;2; ; ;1; ;12;156,367331430868
3360948;1;3;1; ; ; ; ; ; ; ; ; ; ; ; ;12;156,367331430868
3360949;1;1;1; ; ; ; ; ; ; ; ; ; ; ; ;12;100,59941383788
3360949;1;2;1; ; ; ; ; ; ; ; ; ; ; ; ;12;100,59941383788
3360949;1;3;1; ; ; ; ; ; ; ; ; ; ; ; ;12;100,59941383788
3360949;1;4;1; ; ; ; ; ; ; ; ; ; ; ; ;12;100,59941383788
3360949;1;5;1; ; ; ; ; ; ; ; ; ; ; ; ;12;100,59941383788
3360950;1;1;1; ; ; ; ; ; ; ; ; ; ; ; ;12;75,5867167236232
3360951;1;1;2;2;19; ;2; ; ;1;2; ; ;1; ;12;162,453791622372
3360951;1;2;2;2;19; ;2; ; ;1;2; ; ;1; ;12;162,453791622372
3360951;1;3;1; ; ; ; ; ; ; ; ; ; ; ; ;12;162,453791622372
3360951;1;4;1; ; ; ; ; ; ; ; ; ; ; ; ;12;162,453791622372
3360951;1;5;1; ; ; ; ; ; ; ; ; ; ; ; ;12;162,453791622372
3360951;1;6;1; ; ; ; ; ; ; ; ; ; ; ; ;12;162,453791622372
3360951;1;7;2;2;11; ;2; ; ;1;2; ; ;1; ;12;162,453791622372
3360951;1;8;2;2;19; ;3;19; ;2;3;19; ;2;3;12;162,453791622372
3360951;1;9;1; ; ; ; ; ; ; ; ; ; ; ; ;12;162,453791622372
3360952;1;1;1; ; ; ; ; ; ; ; ; ; ; ; ;12;69,4132554391211
3360952;1;2;1; ; ; ; ; ; ; ; ; ; ; ; ;12;69,4132554391211
3360952;1;3;1; ; ; ; ; ; ; ; ; ; ; ; ;12;69,4132554391211
3360953;1;1;2;2;41; ;2; ; ;1;2; ; ;1; ;12;104,205837902544
3360953;1;2;2;2;41; ;2; ; ;1;2; ; ;1; ;12;104,205837902544
3360953;1;3;2;2;41; ;2; ; ;1;2; ; ;1; ;12;104,205837902544
3360953;1;4;2;2;41; ;2; ; ;1;2; ; ;1; ;12;104,205837902544
3360954;1;1;1; ; ; ; ; ; ; ; ; ; ; ; ;12;96,8685461976228
3360954;1;2;2;2;52; ;2; ; ;1;2; ; ;1; ;12;96,8685461976228
3360954;1;3;1; ; ; ; ; ; ; ; ; ; ; ; ;12;96,8685461976228
3360954;1;4;1; ; ; ; ; ; ; ; ; ; ; ; ;12;96,8685461976228
3360955;1;1;2;2;19; ;2; ; ;1;2; ; ;1; ;12;114,110776810119
3360956;1;1;1; ; ; ; ; ; ; ; ; ; ; ; ;12;114,110776810119
3360957;1;1;1; ; ; ; ; ; ; ; ; ; ; ; ;12;114,110776810119
3360958;1;1;1; ; ; ; ; ; ; ; ; ; ; ; ;12;73,1447330621934
3360958;1;2;1; ; ; ; ; ; ; ; ; ; ; ; ;12;73,1447330621934
3360959;1;1;1; ; ; ; ; ; ; ; ; ; ; ; ;12;70,7213204521048
3360959;1;2;1; ; ; ; ; ; ; ; ; ; ; ; ;12;70,7213204521048
3360959;1;3;1; ; ; ; ; ; ; ; ; ; ; ; ;12;70,7213204521048
3360960;1;1;2;2;52; ;2; ; ;1;2; ; ;1; ;12;75,010335251308
3360960;1;2;1; ; ; ; ; ; ; ; ; ; ; ; ;12;75,010335251308
3360960;1;3;1; ; ; ; ; ; ; ; ; ; ; ; ;12;75,010335251308
3360960;1;4;1; ; ; ; ; ; ; ; ; ; ; ; ;12;75,010335251308
3360961;1;1;2;2;19; ;2; ; ;1;2; ; ;1; ;12;71,8552391005508
3360961;1;2;2;2;19; ;2; ; ;1;2; ; ;1; ;12;71,8552391005508
3360962;1;1;2;2;68; ;2; ; ;1;2; ; ;1; ;12;85,5215674031711
3360973;1;1;1; ; ; ; ; ; ; ; ; ; ; ; ;12;23,0276969501032
3360973;1;2;1; ; ; ; ; ; ; ; ; ; ; ; ;12;23,0276969501032
3360973;1;3;1; ; ; ; ; ; ; ; ; ; ; ; ;12;23,0276969501032
3360973;1;4;1; ; ; ; ; ; ; ; ; ; ; ; ;12;23,0276969501032
3360973;2;1;2;2;27; ;3;11; ;1;2; ; ;1; ;12;23,0276969501032
3360973;2;2;2;2;27; ;2; ; ;1;2; ; ;1; ;12;23,0276969501032
3360973;2;3;1; ; ; ; ; ; ; ; ; ; ; ; ;12;23,0276969501032
3360974;1;1;2;2;27; ;2; ; ;1;2; ; ;1; ;12;23,0276969501032
3360974;1;2;2;2;27; ;2; ; ;1;2; ; ;1; ;12;23,0276969501032
3360974;1;3;1; ; ; ; ; ; ; ; ; ; ; ; ;12;23,0276969501032
3360974;1;4;1; ; ; ; ; ; ; ; ; ; ; ; ;12;23,0276969501032
3360974;1;5;1; ; ; ; ; ; ; ; ; ; ; ; ;12;23,0276969501032
3360975;1;1;2;1; ; ;3;05; ;2;2; ; ;1; ;12;95,667851143955
3360975;1;2;1; ; ; ; ; ; ; ; ; ; ; ; ;12;95,667851143955
3360975;1;3;1; ; ; ; ; ; ; ; ; ; ; ; ;12;95,667851143955
3360976;1;1;1; ; ; ; ; ; ; ; ; ; ; ; ;12;23,0276969501032
3360976;1;2;1; ; ; ; ; ; ; ; ; ; ; ; ;12;23,0276969501032
3360976;1;3;1; ; ; ; ; ; ; ; ; ; ; ; ;12;23,0276969501032
3360976;1;4;1; ; ; ; ; ; ; ; ; ; ; ; ;12;23,0276969501032
3360977;1;1;2;2;05; ;2; ; ;1;2; ; ;1; ;12;23,0276969501032
3360977;1;2;2;2;05; ;2; ; ;1;2; ; ;1; ;12;23,0276969501032
3360978;1;1;1; ; ; ; ; ; ; ; ; ; ; ; ;12;23,0276969501032
3360978;1;2;1; ; ; ; ; ; ; ; ; ; ; ; ;12;23,0276969501032
3360978;1;3;2;2;27; ;3;27; ;2;3;27; ;2;2;12;23,0276969501032
3360978;1;4;1; ; ; ; ; ; ; ; ; ; ; ; ;12;23,0276969501032
3360978;1;5;1; ; ; ; ; ; ; ; ; ; ; ; ;12;23,0276969501032
3360978;1;6;1; ; ; ; ; ; ; ; ; ; ; ; ;12;23,0276969501032
3360978;1;7;2;2;27; ;3;27; ;1;3;27; ;1; ;12;23,0276969501032
3360979;1;1;1; ; ; ; ; ; ; ; ; ; ; ; ;12;23,0276969501032
3360979;1;2;2;2;27; ;2; ; ;1;2; ; ;1; ;12;23,0276969501032
3360979;1;3;1; ; ; ; ; ; ; ; ; ; ; ; ;12;23,0276969501032
3360979;1;4;2;2;27; ;3;27; ;1;2; ; ;1; ;12;23,0276969501032
3360980;1;1;1; ; ; ; ; ; ; ; ; ; ; ; ;12;23,0276969501032
3360980;1;2;1; ; ; ; ; ; ; ; ; ; ; ; ;12;23,0276969501032
3360980;1;3;1; ; ; ; ; ; ; ; ; ; ; ; ;12;23,0276969501032
3360981;1;1;2;2;27; ;3;66; ;1;2; ; ;1; ;12;23,0276969501032
3360981;1;2;2;2;66; ;3;66; ;1;2; ; ;1; ;12;23,0276969501032
3360981;1;3;2;1; ; ;3;66; ;1;2; ; ;1; ;12;23,0276969501032
3360981;1;4;2;1; ; ;3;66; ;1;2; ; ;1; ;12;23,0276969501032
3360982;1;1;2;2;27; ;2; ; ;1;2; ; ;1; ;12;23,0276969501032
3360982;1;2;2;2;27; ;2; ; ;1;2; ; ;1; ;12;23,0276969501032
3360982;1;3;2;2;27; ;3;76; ;2;2; ; ;1; ;12;23,0276969501032
3360983;1;1;2;2;27; ;2; ; ;1;2; ; ;1; ;12;23,0276969501032
3360983;1;2;1; ; ; ; ; ; ; ; ; ; ; ; ;12;23,0276969501032
3360983;1;3;2;2;27; ;2; ; ;1;2; ; ;1; ;12;23,0276969501032
3360983;1;4;1; ; ; ; ; ; ; ; ; ; ; ; ;12;23,0276969501032
3360983;1;5;1; ; ; ; ; ; ; ; ; ; ; ; ;12;23,0276969501032
3360984;1;1;2;2;27; ;2; ; ;1;2; ; ;1; ;12;23,0276969501032
3360984;1;2;1; ; ; ; ; ; ; ; ; ; ; ; ;12;23,0276969501032
3360984;1;3;1; ; ; ; ; ; ; ; ; ; ; ; ;12;23,0276969501032
3360984;1;4;1; ; ; ; ; ; ; ; ; ; ; ; ;12;23,0276969501032
3360984;1;5;2;1; ; ;3;05; ;1;2; ; ;1; ;12;23,0276969501032
3360984;1;6;2;1; ; ;3;05; ;1;2; ; ;1; ;12;23,0276969501032
3360984;1;7;2;1; ; ;3;05; ;1;2; ; ;1; ;12;23,0276969501032
3360984;1;8;2;2;05; ;2; ; ;1;2; ; ;1; ;12;23,0276969501032
3360985;1;1;1; ; ; ; ; ; ; ; ; ; ; ; ;12;105,927405970475
3360985;1;2;1; ; ; ; ; ; ; ; ; ; ; ; ;12;105,927405970475
3360985;1;3;1; ; ; ; ; ; ; ; ; ; ; ; ;12;105,927405970475
3360985;1;4;1; ; ; ; ; ; ; ; ; ; ; ; ;12;105,927405970475
3360985;1;5;1; ; ; ; ; ; ; ; ; ; ; ; ;12;105,927405970475
3360985;1;6;1; ; ; ; ; ; ; ; ; ; ; ; ;12;105,927405970475
3360985;1;7;1; ; ; ; ; ; ; ; ; ; ; ; ;12;105,927405970475
3360985;1;8;1; ; ; ; ; ; ; ; ; ; ; ; ;12;105,927405970475
3360985;1;9;1; ; ; ; ; ; ; ; ; ; ; ; ;12;105,927405970475
3360985;1;10;1; ; ; ; ; ; ; ; ; ; ; ; ;12;105,927405970475
3360986;1;1;1; ; ; ; ; ; ; ; ; ; ; ; ;12;23,0276969501032
3360986;1;2;1; ; ; ; ; ; ; ; ; ; ; ; ;12;23,0276969501032
3360986;1;3;1; ; ; ; ; ; ; ; ; ; ; ; ;12;23,0276969501032
3360987;1;1;2;2;27; ;2; ; ;1;2; ; ;1; ;12;23,0276969501032
3360987;1;2;2;2;27; ;2; ; ;1;2; ; ;1; ;12;23,0276969501032
3360987;1;3;1; ; ; ; ; ; ; ; ; ; ; ; ;12;23,0276969501032
3360987;1;4;2;2;27; ;2; ; ;1;2; ; ;1; ;12;23,0276969501032
3360988;1;1;1; ; ; ; ; ; ; ; ; ; ; ; ;12;23,0276969501032
3360988;1;2;1; ; ; ; ; ; ; ; ; ; ; ; ;12;23,0276969501032
3360989;1;1;2;2;27; ;2; ; ;1;2; ; ;1; ;12;23,0276969501032
3360989;1;2;2;2;27; ;2; ; ;1;2; ; ;1; ;12;23,0276969501032
3360989;1;3;1; ; ; ; ; ; ; ; ; ; ; ; ;12;23,0276969501032
3360989;1;4;1; ; ; ; ; ; ; ; ; ; ; ; ;12;23,0276969501032
3360989;1;5;2;2;27; ;2; ; ;1;2; ; ;1; ;12;23,0276969501032
3360990;1;1;1; ; ; ; ; ; ; ; ; ; ; ; ;12;105,927405970475
3360990;1;2;1; ; ; ; ; ; ; ; ; ; ; ; ;12;105,927405970475
3360991;1;1;1; ; ; ; ; ; ; ; ; ; ; ; ;12;23,0276969501032
3360991;1;2;1; ; ; ; ; ; ; ; ; ; ; ; ;12;23,0276969501032
3360991;1;3;1; ; ; ; ; ; ; ; ; ; ; ; ;12;23,0276969501032
3360992;1;1;1; ; ; ; ; ; ; ; ; ; ; ; ;12;23,0276969501032
3360992;1;2;2;2;08; ;2; ; ;1;2; ; ;1; ;12;23,0276969501032
3360993;1;1;2;2;27; ;2; ; ;1;2; ; ;1; ;12;23,0276969501032
3360993;1;2;2;2;27; ;2; ; ;1;2; ; ;1; ;12;23,0276969501032
3360993;1;3;2;2;27; ;2; ; ;1;2; ; ;1; ;12;23,0276969501032
3360993;1;4;1; ; ; ; ; ; ; ; ; ; ; ; ;12;23,0276969501032
3360993;1;5;1; ; ; ; ; ; ; ; ; ; ; ; ;12;23,0276969501032
3360993;1;6;1; ; ; ; ; ; ; ; ; ; ; ; ;12;23,0276969501032
3360994;1;1;2;2;27; ;2; ; ;1;2; ; ;1; ;12;28,106896935073
3360996;1;1;1; ; ; ; ; ; ; ; ; ; ; ; ;12;130,353063648062
3360996;1;2;1; ; ; ; ; ; ; ; ; ; ; ; ;12;130,353063648062
3360996;1;3;2;1; ; ;2; ; ;1;2; ; ;1; ;12;130,353063648062
3360996;1;4;1; ; ; ; ; ; ; ; ; ; ; ; ;12;130,353063648062
3360996;1;5;1; ; ; ; ; ; ; ; ; ; ; ; ;12;130,353063648062
3360997;1;1;1; ; ; ; ; ; ; ; ; ; ; ; ;12;104,28274537561
3360997;1;2;2;2;19; ;2; ; ;1;2; ; ;1; ;12;104,28274537561
3360997;1;3;1; ; ; ; ; ; ; ; ; ; ; ; ;12;104,28274537561
3360997;1;4;1; ; ; ; ; ; ; ; ; ; ; ; ;12;104,28274537561
3360998;1;1;2;2;19; ;2; ; ;1;2; ; ;1; ;12;60,7864697725568
3360998;1;2;1; ; ; ; ; ; ; ; ; ; ; ; ;12;60,7864697725568
3360998;1;3;2;2;76; ;2; ; ;1;2; ; ;1; ;12;60,7864697725568
3360999;1;1;2;2;41; ;2; ; ;1;2; ; ;1; ;12;104,205837902544
3360999;1;2;2;2;19; ;2; ; ;1;2; ; ;1; ;12;104,205837902544
3360999;1;3;1; ; ; ; ; ; ; ; ; ; ; ; ;12;104,205837902544
3360999;1;4;1; ; ; ; ; ; ; ; ; ; ; ; ;12;104,205837902544
3361000;1;1;1; ; ; ; ; ; ; ; ; ; ; ; ;12;66,5997673075697
3361000;1;2;1; ; ; ; ; ; ; ; ; ; ; ; ;12;66,5997673075697
3361000;1;3;1; ; ; ; ; ; ; ; ; ; ; ; ;12;66,5997673075697
3361000;1;4;1; ; ; ; ; ; ; ; ; ; ; ; ;12;66,5997673075697
3361001;1;1;1; ; ; ; ; ; ; ; ; ; ; ; ;12;128,316787257911
3361001;1;2;2;2;19; ;2; ; ;1;2; ; ;1; ;12;128,316787257911
3361001;1;3;1; ; ; ; ; ; ; ; ; ; ; ; ;12;128,316787257911
3361002;1;1;2;2;52; ;2; ; ;1;2; ; ;1; ;12;152,599658425901
3361002;1;2;1; ; ; ; ; ; ; ; ; ; ; ; ;12;152,599658425901
3361002;1;3;2;2;52; ;3;52; ;1;3;52; ;1; ;12;152,599658425901
3361002;1;4;2;2;52; ;3;52; ;2;2; ; ;1; ;12;152,599658425901
3361003;1;1;2;2;52; ;2; ; ;1;2; ; ;1; ;12;260,95623441294
3361003;1;2;2;2;52; ;2; ; ;1;2; ; ;1; ;12;260,95623441294
3361003;1;3;2;2;52; ;2; ; ;1;2; ; ;1; ;12;260,95623441294
3361003;1;4;1; ; ; ; ; ; ; ; ; ; ; ; ;12;260,95623441294
3361003;1;5;2;2;52; ;3;52; ;1;3;52; ;1; ;12;260,95623441294
3361004;1;1;2;2;19; ;3;19; ;1;2; ; ;1; ;12;85,5395284716967
3361004;1;2;2;2;19; ;3;19; ;1;2; ; ;1; ;12;85,5395284716967
3361004;1;3;2;2;19; ;3;19; ;1;2; ; ;1; ;12;85,5395284716967
3361005;1;1;2;2;19; ;2; ; ;1;2; ; ;1; ;12;86,5741417514011
3361005;1;2;2;2;19; ;2; ; ;1;2; ; ;1; ;12;86,5741417514011
3361005;1;3;1; ; ; ; ; ; ; ; ; ; ; ; ;12;86,5741417514011
3361005;1;4;1; ; ; ; ; ; ; ; ; ; ; ; ;12;86,5741417514011
3361005;1;5;1; ; ; ; ; ; ; ; ; ; ; ; ;12;86,5741417514011
3361006;1;1;2;2;52; ;2; ; ;1;2; ; ;1; ;12;57,7294416796996
3361006;1;2;1; ; ; ; ; ; ; ; ; ; ; ; ;12;57,7294416796996
3361006;1;3;2;2;19; ;2; ; ;1;2; ; ;1; ;12;57,7294416796996
3361006;1;4;1; ; ; ; ; ; ; ; ; ; ; ; ;12;57,7294416796996
3361006;2;1;2;2;52; ;2; ; ;1;2; ; ;1; ;12;57,7294416796996
3361006;2;2;1; ; ; ; ; ; ; ; ; ; ; ; ;12;57,7294416796996
3361006;2;3;1; ; ; ; ; ; ; ; ; ; ; ; ;12;57,7294416796996
3361006;2;4;1; ; ; ; ; ; ; ; ; ; ; ; ;12;57,7294416796996
3361006;2;5;1; ; ; ; ; ; ; ; ; ; ; ; ;12;57,7294416796996
3361007;1;1;1; ; ; ; ; ; ; ; ; ; ; ; ;12;62,8688996673128
3361007;1;2;1; ; ; ; ; ; ; ; ; ; ; ; ;12;62,8688996673128
3361007;1;3;1; ; ; ; ; ; ; ; ; ; ; ; ;12;62,8688996673128
3361008;1;1;1; ; ; ; ; ; ; ; ; ; ; ; ;12;64,9327585107277
3361008;1;2;1; ; ; ; ; ; ; ; ; ; ; ; ;12;64,9327585107277
3361008;1;3;2;2;76; ;3;76; ;1;2; ; ;1; ;12;64,9327585107277
3361009;1;1;2;2;19; ;2; ; ;1;2; ; ;1; ;12;96,2622529533341
3361009;1;2;2;2;19; ;2; ; ;1;2; ; ;1; ;12;96,2622529533341
3361009;1;3;1; ; ; ; ; ; ; ; ; ; ; ; ;12;96,2622529533341
3361009;1;4;1; ; ; ; ; ; ; ; ; ; ; ; ;12;96,2622529533341
3361010;1;1;2;2;19; ;2; ; ;1;2; ; ;1; ;12;75,693535968662
3361010;1;2;1; ; ; ; ; ; ; ; ; ; ; ; ;12;75,693535968662
3361010;1;3;1; ; ; ; ; ; ; ; ; ; ; ; ;12;75,693535968662
3361010;1;4;1; ; ; ; ; ; ; ; ; ; ; ; ;12;75,693535968662
3361011;1;1;2;2;19; ;2; ; ;1;2; ; ;1; ;12;84,6597834941287
3361011;1;2;2;2;19; ;2; ; ;1;2; ; ;1; ;12;84,6597834941287
3361011;1;3;2;2;19; ;3;76; ;1;2; ; ;1; ;12;84,6597834941287
3361011;1;4;2;2;76; ;1; ; ; ;2; ; ;1; ;12;84,6597834941287
3361011;1;5;1; ; ; ; ; ; ; ; ; ; ; ; ;12;84,6597834941287
3361012;1;1;1; ; ; ; ; ; ; ; ; ; ; ; ;12;97,642911079395
3361012;1;2;2;2;19; ;2; ; ;1;2; ; ;1; ;12;97,642911079395
3361012;1;3;1; ; ; ; ; ; ; ; ; ; ; ; ;12;97,642911079395
3361012;1;4;1; ; ; ; ; ; ; ; ; ; ; ; ;12;97,642911079395
3361013;1;1;2;2;86; ;2; ; ;1;2; ; ;1; ;12;106,772875122382
3361013;1;2;2;2;19; ;2; ; ;1;2; ; ;1; ;12;106,772875122382
3361013;1;3;2;2;52; ;2; ; ;1;2; ; ;1; ;12;106,772875122382
3361014;1;1;2;2;68; ;2; ; ;1;2; ; ;1; ;12;78,2022367667751
3361014;1;2;2;2;19; ;2; ; ;1;2; ; ;1; ;12;78,2022367667751
3361014;1;3;2;2;41; ;2; ; ;1;2; ; ;1; ;12;78,2022367667751
3361015;1;1;2;2;19; ;3;76; ;1;2; ; ;1; ;12;85,5215674031711
3361016;1;1;1; ; ; ; ; ; ; ; ; ; ; ; ;12;59,1188509928994
3361016;1;2;1; ; ; ; ; ; ; ; ; ; ; ; ;12;59,1188509928994
3361016;1;3;1; ; ; ; ; ; ; ; ; ; ; ; ;12;59,1188509928994
3361016;1;4;1; ; ; ; ; ; ; ; ; ; ; ; ;12;59,1188509928994
3361020;1;1;2;2;19; ;2; ; ;1;2; ; ;1; ;12;123,461443064267
3361020;1;2;2;2;52; ;2; ; ;1;2; ; ;1; ;12;123,461443064267
3361020;1;3;1; ; ; ; ; ; ; ; ; ; ; ; ;12;123,461443064267
3361020;1;4;2;2;08; ;3;08; ;1;3;11; ;1; ;12;123,461443064267
3361020;1;5;1; ; ; ; ; ; ; ; ; ; ; ; ;12;123,461443064267
3361020;1;6;1; ; ; ; ; ; ; ; ; ; ; ; ;12;123,461443064267
3361020;1;7;1; ; ; ; ; ; ; ; ; ; ; ; ;12;123,461443064267
3361020;1;8;2;2;19; ;3;19; ;1;2; ; ;1; ;12;123,461443064267
3361020;2;1;2;2;52; ;2; ; ;1;2; ; ;1; ;12;123,461443064267
3361020;2;2;1; ; ; ; ; ; ; ; ; ; ; ; ;12;123,461443064267
3361020;2;3;1; ; ; ; ; ; ; ; ; ; ; ; ;12;123,461443064267
3361021;1;1;2;2;19; ;2; ; ;1;2; ; ;1; ;12;228,221553620238
3361022;1;1;2;2;52; ;2; ; ;1;2; ; ;1; ;12;130,15096914352
3361022;1;2;2;2;52; ;2; ; ;1;2; ; ;1; ;12;130,15096914352
3361022;1;3;2;2;52; ;2; ; ;1;2; ; ;1; ;12;130,15096914352
3361022;1;4;1; ; ; ; ; ; ; ; ; ; ; ; ;12;130,15096914352
3361023;1;1;2;2;52; ;2; ; ;1;2; ; ;1; ;12;122,402561775311
3361023;1;2;2;2;52; ;2; ; ;1;2; ; ;1; ;12;122,402561775311
3361023;1;3;2;2;52; ;2; ; ;1;2; ; ;1; ;12;122,402561775311
3361023;1;4;2;2;52; ;2; ; ;1;2; ; ;1; ;12;122,402561775311
3361024;1;1;1; ; ; ; ; ; ; ; ; ; ; ; ;12;148,808084014039
3361024;1;2;1; ; ; ; ; ; ; ; ; ; ; ; ;12;148,808084014039
3361024;1;3;2;2;19; ;2; ; ;1;2; ; ;1; ;12;148,808084014039
3361024;1;4;1; ; ; ; ; ; ; ; ; ; ; ; ;12;148,808084014039
3361025;1;1;2;2;52; ;2; ; ;1;2; ; ;1; ;12;213,545750244763
3361025;1;2;2;2;52; ;2; ; ;1;2; ; ;1; ;12;213,545750244763
3361025;1;3;2;2;19; ;2; ; ;1;2; ; ;1; ;12;213,545750244763
3361026;1;1;2;2;19; ;2; ; ;1;2; ; ;1; ;12;130,15096914352
3361026;1;2;2;2;19; ;2; ; ;1;2; ; ;1; ;12;130,15096914352
3361026;2;1;2;2;52; ;3;52; ;1;3;52; ;1; ;12;130,15096914352
3361026;2;2;2;2;52; ;3;52; ;1;3;52; ;1; ;12;130,15096914352
3361027;1;1;2;2;19; ;3;19; ;1;3;19; ;1; ;12;168,464146883057
3361028;1;1;2;2;19; ;2; ; ;1;2; ; ;1; ;12;68,4474084281587
3361028;1;2;1; ; ; ; ; ; ; ; ; ; ; ; ;12;68,4474084281587
3361028;1;3;1; ; ; ; ; ; ; ; ; ; ; ; ;12;68,4474084281587
3361028;1;4;1; ; ; ; ; ; ; ; ; ; ; ; ;12;68,4474084281587
3361029;1;1;2;2;52; ;2; ; ;1;2; ; ;1; ;12;56,1322444138982
3361029;1;2;2;2;52; ;2; ; ;1;2; ; ;1; ;12;56,1322444138982
3361029;1;3;2;2;52; ;2; ; ;1;2; ; ;1; ;12;56,1322444138982
3361029;1;4;1; ; ; ; ; ; ; ; ; ; ; ; ;12;56,1322444138982
3361029;1;5;1; ; ; ; ; ; ; ; ; ; ; ; ;12;56,1322444138982
3361029;1;6;1; ; ; ; ; ; ; ; ; ; ; ; ;12;56,1322444138982
3361029;1;7;2;2;52; ;4; ;4; ;2; ; ;1; ;12;56,1322444138982
3361029;1;8;1; ; ; ; ; ; ; ; ; ; ; ; ;12;56,1322444138982
3361029;1;9;1; ; ; ; ; ; ; ; ; ; ; ; ;12;56,1322444138982
3361029;1;10;1; ; ; ; ; ; ; ; ; ; ; ; ;12;56,1322444138982
3361029;1;11;1; ; ; ; ; ; ; ; ; ; ; ; ;12;56,1322444138982
3361029;1;12;1; ; ; ; ; ; ; ; ; ; ; ; ;12;56,1322444138982
3361030;1;1;2;2;19; ;2; ; ;1;2; ; ;1; ;12;75,5867167236232
3361031;1;1;2;2;52; ;2; ; ;1;2; ; ;1; ;12;78,9766016485474
3361031;1;2;1; ; ; ; ; ; ; ; ; ; ; ; ;12;78,9766016485474
3361031;1;3;1; ; ; ; ; ; ; ; ; ; ; ; ;12;78,9766016485474
3361032;1;1;1; ; ; ; ; ; ; ; ; ; ; ; ;12;73,1633041135345
3361032;1;2;1; ; ; ; ; ; ; ; ; ; ; ; ;12;73,1633041135345
3361033;1;1;1; ; ; ; ; ; ; ; ; ; ; ; ;12;111,431873535276
3361033;1;2;2;2;19; ;2; ; ;1;2; ; ;1; ;12;111,431873535276
3361033;1;3;1; ; ; ; ; ; ; ; ; ; ; ; ;12;111,431873535276
3361033;2;1;2;2;76; ;2; ; ;1;2; ; ;1; ;12;111,431873535276
3361033;2;2;1; ; ; ; ; ; ; ; ; ; ; ; ;12;111,431873535276
3361033;3;1;1; ; ; ; ; ; ; ; ; ; ; ; ;12;111,431873535276
3361034;1;1;1; ; ; ; ; ; ; ; ; ; ; ; ;12;84,2320734415285
3361035;1;1;2;3; ;6;4; ;6; ;2; ; ;1; ;12;110,379299187046
3361035;1;2;1; ; ; ; ; ; ; ; ; ; ; ; ;12;110,379299187046
3361036;1;1;1; ; ; ; ; ; ; ; ; ; ; ; ;12;99,3105298590525
3361036;1;2;1; ; ; ; ; ; ; ; ; ; ; ; ;12;99,3105298590525
3361036;1;3;1; ; ; ; ; ; ; ; ; ; ; ; ;12;99,3105298590525
3361037;1;1;2;2;18; ;2; ; ;1;2; ; ;1; ;12;70,7213204521048
3361037;1;2;2;2;19; ;2; ; ;2;2; ; ;1; ;12;70,7213204521048
3361037;1;3;1; ; ; ; ; ; ; ; ; ; ; ; ;12;70,7213204521048
3361038;1;1;1; ; ; ; ; ; ; ; ; ; ; ; ;12;75,5867167236232
3361039;1;1;2;2;19; ;2; ; ;1;2; ; ;1; ;12;147,248639431386
3361039;1;2;1; ; ; ; ; ; ; ; ; ; ; ; ;12;147,248639431386
3361039;1;3;1; ; ; ; ; ; ; ; ; ; ; ; ;12;147,248639431386
3361039;1;4;1; ; ; ; ; ; ; ; ; ; ; ; ;12;147,248639431386
3361039;1;5;1; ; ; ; ; ; ; ; ; ; ; ; ;12;147,248639431386
3361039;1;6;1; ; ; ; ; ; ; ; ; ; ; ; ;12;147,248639431386
3361040;1;1;2;2;05; ;2; ; ;1;2; ; ;1; ;12;99,3105298590525
3361040;1;2;1; ; ; ; ; ; ; ; ; ; ; ; ;12;99,3105298590525
3361040;1;3;1; ; ; ; ; ; ; ; ; ; ; ; ;12;99,3105298590525
3361041;1;1;2;2;19; ;2; ; ;1;2; ; ;1; ;12;76,8941717537914
3361041;1;2;1; ; ; ; ; ; ; ; ; ; ; ; ;12;76,8941717537914
3361041;1;3;1; ; ; ; ; ; ; ; ; ; ; ; ;12;76,8941717537914
3361043;1;1;2;2;27; ;2; ; ;1;2; ; ;1; ;12;23,0276969501032
3361043;1;2;1; ; ; ; ; ; ; ; ; ; ; ; ;12;23,0276969501032
3361043;1;3;1; ; ; ; ; ; ; ; ; ; ; ; ;12;23,0276969501032
3361043;1;4;2;2;27; ;2; ; ;1;2; ; ;1; ;12;23,0276969501032
3361043;1;5;2;2;27; ;2; ; ;1;3;05; ;1; ;12;23,0276969501032
3361043;1;6;2;2;27; ;2; ; ;1;2; ; ;1; ;12;23,0276969501032
3361043;1;7;2;2;27; ;2; ; ;1;2; ; ;1; ;12;23,0276969501032
3361043;1;8;2;2;27; ;2; ; ;1;2; ; ;1; ;12;23,0276969501032
3361043;1;9;2;2;27; ;2; ; ;1;2; ; ;1; ;12;23,0276969501032
3361043;1;10;1; ; ; ; ; ; ; ; ; ; ; ; ;12;23,0276969501032
3361044;1;1;1; ; ; ; ; ; ; ; ; ; ; ; ;12;23,0276969501032
3361044;1;2;1; ; ; ; ; ; ; ; ; ; ; ; ;12;23,0276969501032
3361044;1;3;1; ; ; ; ; ; ; ; ; ; ; ; ;12;23,0276969501032
3361045;1;1;2;2;27; ;2; ; ;1;2; ; ;1; ;12;23,0276969501032
3361045;1;2;2;2;27; ;2; ; ;1;2; ; ;1; ;12;23,0276969501032
3361045;1;3;2;1; ; ;2; ; ;1;2; ; ;1; ;12;23,0276969501032
3361045;1;4;1; ; ; ; ; ; ; ; ; ; ; ; ;12;23,0276969501032
3361045;1;5;1; ; ; ; ; ; ; ; ; ; ; ; ;12;23,0276969501032
3361046;1;1;2;1; ; ;3;05; ;1;2; ; ;1; ;12;28,106896935073
3361047;1;1;2;2;27; ;2; ; ;1;2; ; ;1; ;12;23,0276969501032
3361047;1;2;2;2;27; ;2; ; ;1;2; ; ;1; ;12;23,0276969501032
3361047;1;3;1; ; ; ; ; ; ; ; ; ; ; ; ;12;23,0276969501032
3361047;1;4;1; ; ; ; ; ; ; ; ; ; ; ; ;12;23,0276969501032
3361047;1;5;2;2;27; ;2; ; ;1;2; ; ;1; ;12;23,0276969501032
3361047;1;6;2;2;27; ;2; ; ;1;2; ; ;1; ;12;23,0276969501032
3361047;1;7;2;2;27; ;1; ; ; ;2; ; ;1; ;12;23,0276969501032
3361048;1;1;2;2;27; ;2; ; ;1;2; ; ;1; ;12;23,0276969501032
3361048;1;2;2;2;27; ;2; ; ;1;2; ; ;1; ;12;23,0276969501032
3361048;1;3;2;2;05; ;2; ; ;1;2; ; ;1; ;12;23,0276969501032
3361048;1;4;1; ; ; ; ; ; ; ; ; ; ; ; ;12;23,0276969501032
3361048;1;5;1; ; ; ; ; ; ; ; ; ; ; ; ;12;23,0276969501032
3361049;1;1;1; ; ; ; ; ; ; ; ; ; ; ; ;12;105,927405970475
3361049;1;2;2;2;27; ;2; ; ;1;2; ; ;1; ;12;105,927405970475
3361049;1;3;2;2;27; ;3;27; ;1;3;27; ;1; ;12;105,927405970475
3361049;1;4;1; ; ; ; ; ; ; ; ; ; ; ; ;12;105,927405970475
3361049;1;5;1; ; ; ; ; ; ; ; ; ; ; ; ;12;105,927405970475
3361049;1;6;2;2;27; ;3;27; ;1;3;27; ;1; ;12;105,927405970475
3361050;1;1;1; ; ; ; ; ; ; ; ; ; ; ; ;12;23,0276969501032
3361050;1;2;2;1; ; ;2; ; ;1;2; ; ;1; ;12;23,0276969501032
3361050;1;3;1; ; ; ; ; ; ; ; ; ; ; ; ;12;23,0276969501032
3361051;1;1;1; ; ; ; ; ; ; ; ; ; ; ; ;12;23,0276969501032
3361051;1;2;1; ; ; ; ; ; ; ; ; ; ; ; ;12;23,0276969501032
3361051;1;3;1; ; ; ; ; ; ; ; ; ; ; ; ;12;23,0276969501032
3361051;1;4;1; ; ; ; ; ; ; ; ; ; ; ; ;12;23,0276969501032
3361051;1;5;1; ; ; ; ; ; ; ; ; ; ; ; ;12;23,0276969501032
3361052;1;1;1; ; ; ; ; ; ; ; ; ; ; ; ;12;105,927405970475
3361052;1;2;1; ; ; ; ; ; ; ; ; ; ; ; ;12;105,927405970475
3361052;1;3;1; ; ; ; ; ; ; ; ; ; ; ; ;12;105,927405970475
3361052;1;4;1; ; ; ; ; ; ; ; ; ; ; ; ;12;105,927405970475
3361052;1;5;1; ; ; ; ; ; ; ; ; ; ; ; ;12;105,927405970475
3361052;1;6;1; ; ; ; ; ; ; ; ; ; ; ; ;12;105,927405970475
3361052;1;7;1; ; ; ; ; ; ; ; ; ; ; ; ;12;105,927405970475
3361052;1;8;1; ; ; ; ; ; ; ; ; ; ; ; ;12;105,927405970475
3361053;1;1;2;2;27; ;2; ; ;1;2; ; ;1; ;12;23,0276969501032
3361053;1;2;2;2;66; ;3;27; ;2;3;05; ;2;1;12;23,0276969501032
3361054;1;1;2;2;27; ;2; ; ;1;2; ; ;1; ;12;105,927405970475
3361054;1;2;2;2;05; ;2; ; ;1;2; ; ;1; ;12;105,927405970475
3361054;1;3;2;2;27; ;2; ; ;1;2; ; ;1; ;12;105,927405970475
3361054;1;4;2;2;27; ;2; ; ;1;2; ; ;1; ;12;105,927405970475
3361054;1;5;2;2;27; ;2; ; ;1;2; ; ;1; ;12;105,927405970475
3361054;1;6;2;2;27; ;2; ; ;1;2; ; ;1; ;12;105,927405970475
3361054;1;7;2;2;27; ;3;27; ;2;2; ; ;1; ;12;105,927405970475
3361054;1;8;1; ; ; ; ; ; ; ; ; ; ; ; ;12;105,927405970475
3361054;1;9;2;2;05; ;3;27; ;1;3;66; ;1; ;12;105,927405970475
3361055;1;1;1; ; ; ; ; ; ; ; ; ; ; ; ;12;23,0276969501032
3361056;1;1;1; ; ; ; ; ; ; ; ; ; ; ; ;12;23,0276969501032
3361056;1;2;1; ; ; ; ; ; ; ; ; ; ; ; ;12;23,0276969501032
3361057;1;1;1; ; ; ; ; ; ; ; ; ; ; ; ;12;28,106896935073
3361058;1;1;1; ; ; ; ; ; ; ; ; ; ; ; ;12;105,927405970475
3361058;1;2;1; ; ; ; ; ; ; ; ; ; ; ; ;12;105,927405970475
3361059;1;1;2;2;27; ;2; ; ;1;2; ; ;1; ;12;105,927405970475
3361059;1;2;2;2;05; ;2; ; ;1;2; ; ;1; ;12;105,927405970475
3361060;1;1;1; ; ; ; ; ; ; ; ; ; ; ; ;12;23,0276969501032
3361060;1;2;1; ; ; ; ; ; ; ; ; ; ; ; ;12;23,0276969501032
3361060;1;3;2;2;27; ;3;05; ;1;3;27; ;1; ;12;23,0276969501032
3361070;1;1;1; ; ; ; ; ; ; ; ; ; ; ; ;12;87,8815967815693
3361070;1;2;1; ; ; ; ; ; ; ; ; ; ; ; ;12;87,8815967815693
3361070;1;3;1; ; ; ; ; ; ; ; ; ; ; ; ;12;87,8815967815693
3361070;1;4;1; ; ; ; ; ; ; ; ; ; ; ; ;12;87,8815967815693
3361070;1;5;1; ; ; ; ; ; ; ; ; ; ; ; ;12;87,8815967815693
3361070;1;6;1; ; ; ; ; ; ; ; ; ; ; ; ;12;87,8815967815693
3361070;1;7;1; ; ; ; ; ; ; ; ; ; ; ; ;12;87,8815967815693
3361071;1;1;1; ; ; ; ; ; ; ; ; ; ; ; ;12;100,084894740825
3361071;1;2;1; ; ; ; ; ; ; ; ; ; ; ; ;12;100,084894740825
3361071;1;3;1; ; ; ; ; ; ; ; ; ; ; ; ;12;100,084894740825
3361072;1;1;1; ; ; ; ; ; ; ; ; ; ; ; ;12;80,2451051537024
3361072;1;2;1; ; ; ; ; ; ; ; ; ; ; ; ;12;80,2451051537024
3361072;1;3;1; ; ; ; ; ; ; ; ; ; ; ; ;12;80,2451051537024
3361072;1;4;1; ; ; ; ; ; ; ; ; ; ; ; ;12;80,2451051537024
3361072;1;5;1; ; ; ; ; ; ; ; ; ; ; ; ;12;80,2451051537024
3361072;1;6;1; ; ; ; ; ; ; ; ; ; ; ; ;12;80,2451051537024
3361073;1;1;1; ; ; ; ; ; ; ; ; ; ; ; ;12;72,946764973794
3361073;1;2;1; ; ; ; ; ; ; ; ; ; ; ; ;12;72,946764973794
3361073;1;3;2;2;19; ;2; ; ;1;2; ; ;1; ;12;72,946764973794
3361073;1;4;1; ; ; ; ; ; ; ; ; ; ; ; ;12;72,946764973794
3361073;1;5;1; ; ; ; ; ; ; ; ; ; ; ; ;12;72,946764973794
3361074;1;1;1; ; ; ; ; ; ; ; ; ; ; ; ;12;65,2109679771854
3361074;1;2;1; ; ; ; ; ; ; ; ; ; ; ; ;12;65,2109679771854
3361074;1;3;1; ; ; ; ; ; ; ; ; ; ; ; ;12;65,2109679771854
3361074;1;4;1; ; ; ; ; ; ; ; ; ; ; ; ;12;65,2109679771854
3361074;1;5;1; ; ; ; ; ; ; ; ; ; ; ; ;12;65,2109679771854
3361074;1;6;1; ; ; ; ; ; ; ; ; ; ; ; ;12;65,2109679771854
3361074;1;7;1; ; ; ; ; ; ; ; ; ; ; ; ;12;65,2109679771854
3361075;1;1;1; ; ; ; ; ; ; ; ; ; ; ; ;12;101,733942469141
3361075;1;2;1; ; ; ; ; ; ; ; ; ; ; ; ;12;101,733942469141
3361076;1;1;1; ; ; ; ; ; ; ; ; ; ; ; ;12;75,5867167236232
3361077;1;1;1; ; ; ; ; ; ; ; ; ; ; ; ;12;132,767099169488
3361077;1;2;1; ; ; ; ; ; ; ; ; ; ; ; ;12;132,767099169488
3361077;1;3;1; ; ; ; ; ; ; ; ; ; ; ; ;12;132,767099169488
3361077;1;4;1; ; ; ; ; ; ; ; ; ; ; ; ;12;132,767099169488
3361078;1;1;2;2;86; ;2; ; ;1;2; ; ;1; ;12;228,777972553153
3361078;1;2;2;2;86; ;2; ; ;1;2; ; ;1; ;12;228,777972553153
3361078;1;3;1; ; ; ; ; ; ; ; ; ; ; ; ;12;228,777972553153
3361078;1;4;2;2;86; ;2; ; ;1;2; ; ;1; ;12;228,777972553153
3361078;1;5;1; ; ; ; ; ; ; ; ; ; ; ; ;12;228,777972553153
3361079;1;1;1; ; ; ; ; ; ; ; ; ; ; ; ;12;174,697013266347
3361079;1;2;1; ; ; ; ; ; ; ; ; ; ; ; ;12;174,697013266347
3361079;1;3;1; ; ; ; ; ; ; ; ; ; ; ; ;12;174,697013266347
3361079;1;4;2;2;52; ;2; ; ;1;2; ; ;1; ;12;174,697013266347
3361079;1;5;2;2;52; ;3;52; ;2;3;52; ;2;1;12;174,697013266347
3361080;1;1;1; ; ; ; ; ; ; ; ; ; ; ; ;12;170,385747285049
3361080;1;2;1; ; ; ; ; ; ; ; ; ; ; ; ;12;170,385747285049
3361080;1;3;1; ; ; ; ; ; ; ; ; ; ; ; ;12;170,385747285049
3361080;1;4;2;2;76; ;3;76; ;1;2; ; ;1; ;12;170,385747285049
3361080;1;5;2;2;41; ;2; ; ;1;2; ; ;1; ;12;170,385747285049
3361080;1;6;1; ; ; ; ; ; ; ; ; ; ; ; ;12;170,385747285049
3361080;1;7;1; ; ; ; ; ; ; ; ; ; ; ; ;12;170,385747285049
3361081;1;1;2;2;19; ;2; ; ;1;2; ; ;1; ;12;91,9726281713154
3361081;1;2;2;2;19; ;2; ; ;1;2; ; ;1; ;12;91,9726281713154
3361081;2;1;1; ; ; ; ; ; ; ; ; ; ; ; ;12;91,9726281713154
3361081;2;2;2;2;19; ;2; ; ;1;2; ; ;1; ;12;91,9726281713154
3361081;2;3;1; ; ; ; ; ; ; ; ; ; ; ; ;12;91,9726281713154
3361082;1;1;2;2;76; ;3;76; ;1;2; ; ;1; ;12;57,8264410605362
3361082;1;2;2;2;76; ;3;52; ;1;2; ; ;1; ;12;57,8264410605362
3361082;1;3;2;2;76; ;3;52; ;1;2; ; ;1; ;12;57,8264410605362
3361082;1;4;2;2;76; ;3;52; ;1;2; ; ;1; ;12;57,8264410605362
3361082;1;5;2;2;76; ;3;76; ;1;2; ; ;1; ;12;57,8264410605362
3361082;1;6;2;2;76; ;1; ; ; ;2; ; ;1; ;12;57,8264410605362
3361082;1;7;1; ; ; ; ; ; ; ; ; ; ; ; ;12;57,8264410605362
3361083;1;1;1; ; ; ; ; ; ; ; ; ; ; ; ;12;68,4474084281587
3361083;1;2;1; ; ; ; ; ; ; ; ; ; ; ; ;12;68,4474084281587
3361083;1;3;1; ; ; ; ; ; ; ; ; ; ; ; ;12;68,4474084281587
3361083;1;4;1; ; ; ; ; ; ; ; ; ; ; ; ;12;68,4474084281587
3361084;1;1;1; ; ; ; ; ; ; ; ; ; ; ; ;12;74,0926343256879
3361084;1;2;1; ; ; ; ; ; ; ; ; ; ; ; ;12;74,0926343256879
3361084;1;3;1; ; ; ; ; ; ; ; ; ; ; ; ;12;74,0926343256879
3361084;1;4;1; ; ; ; ; ; ; ; ; ; ; ; ;12;74,0926343256879
3361084;1;5;1; ; ; ; ; ; ; ; ; ; ; ; ;12;74,0926343256879
3361085;1;1;1; ; ; ; ; ; ; ; ; ; ; ; ;12;83,5258648456827
3361085;1;2;2;2;19; ;2; ; ;1;2; ; ;1; ;12;83,5258648456827
3361085;1;3;2;2;19; ;2; ; ;1;2; ; ;1; ;12;83,5258648456827
3361085;1;4;1; ; ; ; ; ; ; ; ; ; ; ; ;12;83,5258648456827
3361085;1;5;1; ; ; ; ; ; ; ; ; ; ; ; ;12;83,5258648456827
3361085;1;6;1; ; ; ; ; ; ; ; ; ; ; ; ;12;83,5258648456827
3361086;1;1;2;2;19; ;2; ; ;1;2; ; ;1; ;12;73,1633041135345
3361086;1;2;1; ; ; ; ; ; ; ; ; ; ; ; ;12;73,1633041135345
3361087;1;1;2;2;76; ;2; ; ;1;2; ; ;1; ;12;70,7213204521048
3361087;1;2;1; ; ; ; ; ; ; ; ; ; ; ; ;12;70,7213204521048
3361087;1;3;1; ; ; ; ; ; ; ; ; ; ; ; ;12;70,7213204521048
3361088;1;1;1; ; ; ; ; ; ; ; ; ; ; ; ;12;96,2622529533341
3361088;1;2;2;2;19; ;2; ; ;1;2; ; ;1; ;12;96,2622529533341
3361088;1;3;1; ; ; ; ; ; ; ; ; ; ; ; ;12;96,2622529533341
3361088;1;4;1; ; ; ; ; ; ; ; ; ; ; ; ;12;96,2622529533341
3361089;1;1;1; ; ; ; ; ; ; ; ; ; ; ; ;12;68,8069621948324
3361089;1;2;1; ; ; ; ; ; ; ; ; ; ; ; ;12;68,8069621948324
3361089;1;3;1; ; ; ; ; ; ; ; ; ; ; ; ;12;68,8069621948324
3361094;1;1;2;2;05; ;2; ; ;1;3;27; ;1; ;12;11,5138484750516
3361094;1;2;2;2;27; ;3;27; ;1;3;27; ;1; ;12;11,5138484750516
3361095;1;1;2;2;27; ;2; ; ;1;2; ; ;1; ;12;11,5138484750516
3361095;1;2;1; ; ; ; ; ; ; ; ; ; ; ; ;12;11,5138484750516
3361096;1;1;1; ; ; ; ; ; ; ; ; ; ; ; ;12;23,0276969501032
3361096;1;2;1; ; ; ; ; ; ; ; ; ; ; ; ;12;23,0276969501032
3361096;1;3;1; ; ; ; ; ; ; ; ; ; ; ; ;12;23,0276969501032
3361096;1;4;1; ; ; ; ; ; ; ; ; ; ; ; ;12;23,0276969501032
3361097;1;1;2;2;27; ;3;11; ;1;2; ; ;1; ;12;23,0276969501032
3361097;1;2;1; ; ; ; ; ; ; ; ; ; ; ; ;12;23,0276969501032
3361097;1;3;1; ; ; ; ; ; ; ; ; ; ; ; ;12;23,0276969501032
3361097;1;4;1; ; ; ; ; ; ; ; ; ; ; ; ;12;23,0276969501032
3361098;1;1;2;2;27; ;2; ; ;1;2; ; ;1; ;12;105,927405970475
3361098;1;2;2;2;27; ;4; ;3; ;4; ;3; ;4;12;105,927405970475
3361098;2;1;1; ; ; ; ; ; ; ; ; ; ; ; ;12;105,927405970475
3361098;2;2;1; ; ; ; ; ; ; ; ; ; ; ; ;12;105,927405970475
3361098;2;3;1; ; ; ; ; ; ; ; ; ; ; ; ;12;105,927405970475
3361098;2;4;2;2;27; ;3;76; ;1;2; ; ;1; ;12;105,927405970475
3361099;1;1;1; ; ; ; ; ; ; ; ; ; ; ; ;12;105,927405970475
3361099;1;2;2;2;05; ;2; ; ;1;2; ; ;1; ;12;105,927405970475
3361099;1;3;1; ; ; ; ; ; ; ; ; ; ; ; ;12;105,927405970475
3361099;1;4;1; ; ; ; ; ; ; ; ; ; ; ; ;12;105,927405970475
3361100;1;1;2;2;05; ;3;05; ;1;2; ; ;1; ;12;23,0276969501032
3361100;1;2;1; ; ; ; ; ; ; ; ; ; ; ; ;12;23,0276969501032
3361100;1;3;2;2;05; ;3;05; ;1;2; ; ;1; ;12;23,0276969501032
3361100;1;4;2;2;05; ;3;05; ;1;2; ; ;1; ;12;23,0276969501032
3361100;1;5;2;2;05; ;2; ; ;1;2; ; ;1; ;12;23,0276969501032
3361100;1;6;1; ; ; ; ; ; ; ; ; ; ; ; ;12;23,0276969501032
3361100;1;7;1; ; ; ; ; ; ; ; ; ; ; ; ;12;23,0276969501032
3361101;1;1;2;2;27; ;2; ; ;1;2; ; ;1; ;12;23,0276969501032
3361101;1;2;1; ; ; ; ; ; ; ; ; ; ; ; ;12;23,0276969501032
3361102;1;1;2;2;27; ;2; ; ;1;2; ; ;1; ;12;82,4326071025423
3361102;1;2;1; ; ; ; ; ; ; ; ; ; ; ; ;12;82,4326071025423
3361102;1;3;1; ; ; ; ; ; ; ; ; ; ; ; ;12;82,4326071025423
3361102;1;4;2;2;27; ;2; ; ;1;2; ; ;1; ;12;82,4326071025423
3361102;1;5;2;2;27; ;2; ; ;1;2; ; ;1; ;12;82,4326071025423
3361102;1;6;2;2;11; ;3;11; ;1;3;11; ;1; ;12;82,4326071025423
3361102;1;7;2;2;11; ;1; ; ; ;3;11; ;1; ;12;82,4326071025423
3361102;1;8;2;2;27; ;3;76; ;1;3;76; ;1; ;12;82,4326071025423
3361103;1;1;2;2;27; ;2; ; ;1;2; ; ;1; ;12;23,0276969501032
3361103;1;2;1; ; ; ; ; ; ; ; ; ; ; ; ;12;23,0276969501032
3361103;1;3;1; ; ; ; ; ; ; ; ; ; ; ; ;12;23,0276969501032
3361103;1;4;1; ; ; ; ; ; ; ; ; ; ; ; ;12;23,0276969501032
3361103;1;5;1; ; ; ; ; ; ; ; ; ; ; ; ;12;23,0276969501032
3361104;1;1;2;2;05; ;3;05; ;1;3;05; ;1; ;12;23,0276969501032
3361104;1;2;2;2;05; ;3;05; ;1;3;05; ;1; ;12;23,0276969501032
3361104;1;3;2;2;05; ;3;05; ;1;3;05; ;1; ;12;23,0276969501032
3361104;1;4;2;2;05; ;3;05; ;1;3;05; ;1; ;12;23,0276969501032
3361105;1;1;2;2;27; ;2; ; ;1;2; ; ;1; ;12;99,190277274062
3361105;1;2;2;2;27; ;2; ; ;1;2; ; ;1; ;12;99,190277274062
3361105;1;3;1; ; ; ; ; ; ; ; ; ; ; ; ;12;99,190277274062
3361105;1;4;1; ; ; ; ; ; ; ; ; ; ; ; ;12;99,190277274062
3361106;1;1;2;2;11; ;2; ; ;1;2; ; ;1; ;12;23,0276969501032
3361106;1;2;2;2;76; ;2; ; ;1;2; ; ;1; ;12;23,0276969501032
3361107;1;1;1; ; ; ; ; ; ; ; ; ; ; ; ;12;62,8693356587075
3361108;1;1;1; ; ; ; ; ; ; ; ; ; ; ; ;12;28,106896935073
3361109;1;1;2;2;27; ;2; ; ;1;2; ; ;1; ;12;23,0276969501032
3361109;1;2;1; ; ; ; ; ; ; ; ; ; ; ; ;12;23,0276969501032
3361109;1;3;1; ; ; ; ; ; ; ; ; ; ; ; ;12;23,0276969501032
3361109;1;4;2;2;05; ;3;27; ;1;2; ; ;1; ;12;23,0276969501032
3361110;1;1;2;2;27; ;3;27; ;1;2; ; ;1; ;12;28,106896935073
3361119;1;1;1; ; ; ; ; ; ; ; ; ; ; ; ;12;2338,17198969029
3361119;1;2;1; ; ; ; ; ; ; ; ; ; ; ; ;12;2338,17198969029
3361119;1;3;1; ; ; ; ; ; ; ; ; ; ; ; ;12;2338,17198969029
3361119;1;4;2;2;25; ;2; ; ;1;2; ; ;1; ;12;2338,17198969029
3361119;1;5;1; ; ; ; ; ; ; ; ; ; ; ; ;12;2338,17198969029
3361120;1;1;2;2;15; ;2; ; ;1;2; ; ;1; ;12;2461,65333998131
3361120;1;2;2;2;54; ;2; ; ;1;2; ; ;1; ;12;2461,65333998131
3361120;1;3;1; ; ; ; ; ; ; ; ; ; ; ; ;12;2461,65333998131
3361120;1;4;1; ; ; ; ; ; ; ; ; ; ; ; ;12;2461,65333998131
3361121;1;1;2;2;25; ;2; ; ;1;2; ; ;1; ;12;2510,42626542773
3361121;1;2;1; ; ; ; ; ; ; ; ; ; ; ; ;12;2510,42626542773
3361122;1;1;1; ; ; ; ; ; ; ; ; ; ; ; ;12;2208,71956908364
3361122;1;2;1; ; ; ; ; ; ; ; ; ; ; ; ;12;2208,71956908364
3361123;1;1;2;2;68; ;3;68; ;1;2; ; ;1; ;12;2652,89766332146
3361123;1;2;2;2;68; ;2; ; ;1;2; ; ;1; ;12;2652,89766332146
3361124;1;1;2;2;68; ;2; ; ;1;2; ; ;1; ;12;2683,91071624218
3361124;1;2;2;2;19; ;2; ; ;1;2; ; ;1; ;12;2683,91071624218
3361124;1;3;1; ; ; ; ; ; ; ; ; ; ; ; ;12;2683,91071624218
3361124;1;4;1; ; ; ; ; ; ; ; ; ; ; ; ;12;2683,91071624218
3361125;1;1;1; ; ; ; ; ; ; ; ; ; ; ; ;12;1839,51490594934
3361125;1;2;2;2;68; ;2; ; ;1;2; ; ;1; ;12;1839,51490594934
3361125;1;3;1; ; ; ; ; ; ; ; ; ; ; ; ;12;1839,51490594934
3361126;1;1;2;2;25; ;2; ; ;1;2; ; ;1; ;12;2524,12933168662
3361126;1;2;2;2;25; ;2; ; ;1;2; ; ;1; ;12;2524,12933168662
3361127;1;1;2;2;15; ;2; ; ;1;2; ; ;1; ;12;2498,82234282263
3361127;1;2;2;2;25; ;2; ; ;1;2; ; ;1; ;12;2498,82234282263
3361127;1;3;1; ; ; ; ; ; ; ; ; ; ; ; ;12;2498,82234282263
3361127;1;4;1; ; ; ; ; ; ; ; ; ; ; ; ;12;2498,82234282263
3361128;1;1;2;2;23; ;2; ; ;1;2; ; ;1; ;12;1707,99649012919
3361128;1;2;2;2;05; ;2; ; ;1;2; ; ;1; ;12;1707,99649012919
3361128;1;3;1; ; ; ; ; ; ; ; ; ; ; ; ;12;1707,99649012919
3361128;1;4;1; ; ; ; ; ; ; ; ; ; ; ; ;12;1707,99649012919
3361128;1;5;1; ; ; ; ; ; ; ; ; ; ; ; ;12;1707,99649012919
3361129;1;1;1; ; ; ; ; ; ; ; ; ; ; ; ;12;2480,64338758402
3361129;1;2;1; ; ; ; ; ; ; ; ; ; ; ; ;12;2480,64338758402
3361129;1;3;1; ; ; ; ; ; ; ; ; ; ; ; ;12;2480,64338758402
3361129;1;4;1; ; ; ; ; ; ; ; ; ; ; ; ;12;2480,64338758402
3361129;1;5;1; ; ; ; ; ; ; ; ; ; ; ; ;12;2480,64338758402
3361130;1;1;1; ; ; ; ; ; ; ; ; ; ; ; ;12;2524,12933168662
3361130;1;2;2;2;41; ;2; ; ;1;2; ; ;1; ;12;2524,12933168662
3361131;1;1;2;2;15; ;2; ; ;1;2; ; ;1; ;12;2491,0502835524
3361131;1;2;2;2;68; ;2; ; ;1;2; ; ;1; ;12;2491,0502835524
3361131;1;3;1; ; ; ; ; ; ; ; ; ; ; ; ;12;2491,0502835524
3361131;1;4;1; ; ; ; ; ; ; ; ; ; ; ; ;12;2491,0502835524
3361131;1;5;1; ; ; ; ; ; ; ; ; ; ; ; ;12;2491,0502835524
3361132;1;1;2;3; ;2;4; ;2; ;2; ; ;1; ;12;2969,07208136746
3361132;1;2;2;3; ;2;2; ; ;1;2; ; ;1; ;12;2969,07208136746
3361132;1;3;2;3; ;2;4; ;2; ;2; ; ;1; ;12;2969,07208136746
3361132;1;4;1; ; ; ; ; ; ; ; ; ; ; ; ;12;2969,07208136746
3361133;1;1;2;2;18; ;2; ; ;1;2; ; ;1; ;12;2759,10909027762
3361133;1;2;1; ; ; ; ; ; ; ; ; ; ; ; ;12;2759,10909027762
3361134;1;1;2;2;15; ;2; ; ;1;2; ; ;1; ;12;2524,12933168662
3361134;1;2;2;2;50; ;2; ; ;1;2; ; ;1; ;12;2524,12933168662
3361135;1;1;1; ; ; ; ; ; ; ; ; ; ; ; ;12;2189,34358720831
3361135;1;2;1; ; ; ; ; ; ; ; ; ; ; ; ;12;2189,34358720831
3361135;1;3;1; ; ; ; ; ; ; ; ; ; ; ; ;12;2189,34358720831
3361135;1;4;1; ; ; ; ; ; ; ; ; ; ; ; ;12;2189,34358720831
3361135;1;5;1; ; ; ; ; ; ; ; ; ; ; ; ;12;2189,34358720831
3361136;1;1;2;2;25; ;2; ; ;1;2; ; ;1; ;12;2727,87109442496
3361136;1;2;1; ; ; ; ; ; ; ; ; ; ; ; ;12;2727,87109442496
3361136;1;3;2;2;25; ;2; ; ;1;2; ; ;1; ;12;2727,87109442496
3361137;1;1;1; ; ; ; ; ; ; ; ; ; ; ; ;12;2969,07208136746
3361137;1;2;2;2;15; ;2; ; ;1;2; ; ;1; ;12;2969,07208136746
3361137;1;3;1; ; ; ; ; ; ; ; ; ; ; ; ;12;2969,07208136746
3361137;1;4;1; ; ; ; ; ; ; ; ; ; ; ; ;12;2969,07208136746
3361138;1;1;2;2;15; ;2; ; ;1;2; ; ;1; ;12;2536,96342936873
3361138;1;2;2;2;25; ;2; ; ;1;2; ; ;1; ;12;2536,96342936873
3361138;1;3;1; ; ; ; ; ; ; ; ; ; ; ; ;12;2536,96342936873
3361138;1;4;1; ; ; ; ; ; ; ; ; ; ; ; ;12;2536,96342936873
3361138;1;5;1; ; ; ; ; ; ; ; ; ; ; ; ;12;2536,96342936873
3361139;1;1;2;2;73; ;2; ; ;1;2; ; ;1; ;12;2666,60072958035
3361139;1;2;2;2;73; ;2; ; ;1;2; ; ;1; ;12;2666,60072958035
3361140;1;1;2;2;23; ;2; ; ;1;2; ; ;1; ;12;2969,07208136746
3361140;1;2;2;2;47; ;2; ; ;1;2; ; ;1; ;12;2969,07208136746
3361140;1;3;1; ; ; ; ; ; ; ; ; ; ; ; ;12;2969,07208136746
3361140;1;4;1; ; ; ; ; ; ; ; ; ; ; ; ;12;2969,07208136746
3361141;1;1;1; ; ; ; ; ; ; ; ; ; ; ; ;12;2524,12933168662
3361141;1;2;1; ; ; ; ; ; ; ; ; ; ; ; ;12;2524,12933168662
3361142;1;1;2;2;15; ;2; ; ;1;2; ; ;1; ;12;2732,68364168859
3361142;1;2;1; ; ; ; ; ; ; ; ; ; ; ; ;12;2732,68364168859
3361143;1;1;1; ; ; ; ; ; ; ; ; ; ; ; ;12;68,2787268078596
3361143;1;2;1; ; ; ; ; ; ; ; ; ; ; ; ;12;68,2787268078596
3361143;1;3;1; ; ; ; ; ; ; ; ; ; ; ; ;12;68,2787268078596
3361143;1;4;1; ; ; ; ; ; ; ; ; ; ; ; ;12;68,2787268078596
3361143;1;5;1; ; ; ; ; ; ; ; ; ; ; ; ;12;68,2787268078596
3361143;1;6;1; ; ; ; ; ; ; ; ; ; ; ; ;12;68,2787268078596
3361144;1;1;2;2;52; ;2; ; ;1;2; ; ;1; ;12;87,2567324859395
3361144;1;2;2;2;52; ;2; ; ;1;2; ; ;1; ;12;87,2567324859395
3361144;1;3;1; ; ; ; ; ; ; ; ; ; ; ; ;12;87,2567324859395
3361144;1;4;1; ; ; ; ; ; ; ; ; ; ; ; ;12;87,2567324859395
3361144;1;5;1; ; ; ; ; ; ; ; ; ; ; ; ;12;87,2567324859395
3361144;1;6;1; ; ; ; ; ; ; ; ; ; ; ; ;12;87,2567324859395
3361144;1;7;1; ; ; ; ; ; ; ; ; ; ; ; ;12;87,2567324859395
3361145;1;1;2;2;19; ;2; ; ;1;2; ; ;1; ;12;91,9726281713154
3361145;1;2;2;2;19; ;2; ; ;1;2; ; ;1; ;12;91,9726281713154
3361145;1;3;2;2;19; ;2; ; ;1;2; ; ;1; ;12;91,9726281713154
3361145;1;4;1; ; ; ; ; ; ; ; ; ; ; ; ;12;91,9726281713154
3361145;1;5;1; ; ; ; ; ; ; ; ; ; ; ; ;12;91,9726281713154
3361146;1;1;2;2;76; ;3;76; ;1;2; ; ;1; ;12;85,2660767384174
3361146;1;2;2;2;19; ;3;76; ;1;3;76; ;1; ;12;85,2660767384174
3361146;1;3;1; ; ; ; ; ; ; ; ; ; ; ; ;12;85,2660767384174
3361146;1;4;2;2;19; ;3;76; ;1;3;76; ;1; ;12;85,2660767384174
3361146;1;5;2;2;19; ;2; ; ;1;2; ; ;1; ;12;85,2660767384174
3361147;1;1;1; ; ; ; ; ; ; ; ; ; ; ; ;12;100,084894740825
3361147;1;2;1; ; ; ; ; ; ; ; ; ; ; ; ;12;100,084894740825
3361147;1;3;2;2;19; ;2; ; ;1;2; ; ;1; ;12;100,084894740825
3361148;1;1;1; ; ; ; ; ; ; ; ; ; ; ; ;12;107,331022281328
3361148;1;2;2;2;41; ;2; ; ;1;2; ; ;1; ;12;107,331022281328
3361148;1;3;1; ; ; ; ; ; ; ; ; ; ; ; ;12;107,331022281328
3361149;1;1;2;2;19; ;2; ; ;1;2; ; ;1; ;12;91,4395380229194
3361149;1;2;2;2;19; ;2; ; ;1;2; ; ;1; ;12;91,4395380229194
3361149;1;3;1; ; ; ; ; ; ; ; ; ; ; ; ;12;91,4395380229194
3361150;1;1;2;2;41; ;2; ; ;1;2; ; ;1; ;12;107,937315525617
3361150;1;2;1; ; ; ; ; ; ; ; ; ; ; ; ;12;107,937315525617
3361150;1;3;1; ; ; ; ; ; ; ; ; ; ; ; ;12;107,937315525617
3361151;1;1;1; ; ; ; ; ; ; ; ; ; ; ; ;12;125,737799334626
3361151;1;2;1; ; ; ; ; ; ; ; ; ; ; ; ;12;125,737799334626
3361151;1;3;1; ; ; ; ; ; ; ; ; ; ; ; ;12;125,737799334626
3361152;1;1;1; ; ; ; ; ; ; ; ; ; ; ; ;12;134,749484344315
3361152;1;2;1; ; ; ; ; ; ; ; ; ; ; ; ;12;134,749484344315
3361153;1;1;2;2;19; ;2; ; ;1;2; ; ;1; ;12;193,737092395246
3361153;1;2;2;2;19; ;3;19; ;2;2; ; ;1; ;12;193,737092395246
3361153;1;3;1; ; ; ; ; ; ; ; ; ; ; ; ;12;193,737092395246
3361153;1;4;1; ; ; ; ; ; ; ; ; ; ; ; ;12;193,737092395246
3361154;1;1;2;2;11; ;3;13; ;1;2; ; ;1; ;12;179,580980589206
3361154;1;2;1; ; ; ; ; ; ; ; ; ; ; ; ;12;179,580980589206
3361154;1;3;1; ; ; ; ; ; ; ; ; ; ; ; ;12;179,580980589206
3361154;1;4;1; ; ; ; ; ; ; ; ; ; ; ; ;12;179,580980589206
3361155;1;1;2;2;52; ;3;11; ;1;2; ; ;1; ;12;73,1633041135345
3361155;1;2;2;2;11; ;3;11; ;1;2; ; ;1; ;12;73,1633041135345
3361156;1;1;2;2;19; ;2; ; ;1;2; ; ;1; ;12;141,778784179177
3361156;1;2;2;2;19; ;2; ; ;1;2; ; ;1; ;12;141,778784179177
3361156;1;3;2;2;19; ;2; ; ;1;2; ; ;1; ;12;141,778784179177
3361157;1;1;2;2;19; ;2; ; ;1;2; ; ;1; ;12;215,874631051233
3361157;1;2;2;2;19; ;2; ; ;1;2; ; ;1; ;12;215,874631051233
3361157;1;3;1; ; ; ; ; ; ; ; ; ; ; ; ;12;215,874631051233
3361158;1;1;2;2;19; ;2; ; ;1;2; ; ;1; ;12;80,6256493768637
3361158;1;2;1; ; ; ; ; ; ; ; ; ; ; ; ;12;80,6256493768637
3361159;1;1;2;1; ; ;3;52; ;1;2; ; ;1; ;12;220,758598374093
3361159;1;2;2;2;52; ;3;52; ;1;2; ; ;1; ;12;220,758598374093
3361160;1;1;1; ; ; ; ; ; ; ; ; ; ; ; ;12;104,28274537561
3361160;1;2;1; ; ; ; ; ; ; ; ; ; ; ; ;12;104,28274537561
3361160;1;3;1; ; ; ; ; ; ; ; ; ; ; ; ;12;104,28274537561
3361160;1;4;1; ; ; ; ; ; ; ; ; ; ; ; ;12;104,28274537561
3361161;1;1;2;2;19; ;2; ; ;1;2; ; ;1; ;12;89,0161254128308
3361161;1;2;1; ; ; ; ; ; ; ; ; ; ; ; ;12;89,0161254128308
3361161;1;3;1; ; ; ; ; ; ; ; ; ; ; ; ;12;89,0161254128308
3361161;1;4;2;2;19; ;3;19; ;2;2; ; ;1; ;12;89,0161254128308
3361162;1;1;2;2;76; ;2; ; ;1;2; ; ;1; ;12;83,780745527621
3361162;1;2;1; ; ; ; ; ; ; ; ; ; ; ; ;12;83,780745527621
3361162;1;3;1; ; ; ; ; ; ; ; ; ; ; ; ;12;83,780745527621
3361162;1;4;1; ; ; ; ; ; ; ; ; ; ; ; ;12;83,780745527621
3361163;1;1;2;2;05; ;2; ; ;1;2; ; ;1; ;12;114,110776810119
3361167;1;1;2;2;68; ;2; ; ;1;2; ; ;1; ;12;2492,89133583397
3361167;1;2;2;2;25; ;2; ; ;1;2; ; ;1; ;12;2492,89133583397
3361167;1;3;1; ; ; ; ; ; ; ; ; ; ; ; ;12;2492,89133583397
3361168;1;1;2;2;05; ;2; ; ;1;2; ; ;1; ;12;2085,73149438265
3361168;1;2;2;2;23; ;2; ; ;1;2; ; ;1; ;12;2085,73149438265
3361168;1;3;2;2;23; ;3;23; ;1;2; ; ;1; ;12;2085,73149438265
3361168;1;4;2;2;05; ;2; ; ;1;2; ; ;1; ;12;2085,73149438265
3361168;1;5;1; ; ; ; ; ; ; ; ; ; ; ; ;12;2085,73149438265
3361168;1;6;2;2;23; ;2; ; ;1;2; ; ;1; ;12;2085,73149438265
3361168;1;7;2;2;23; ;2; ; ;1;2; ; ;1; ;12;2085,73149438265
3361168;1;8;1; ; ; ; ; ; ; ; ; ; ; ; ;12;2085,73149438265
3361169;1;1;2;2;41; ;2; ; ;1;2; ; ;1; ;12;2524,12933168662
3361169;1;2;2;2;47; ;2; ; ;1;2; ; ;1; ;12;2524,12933168662
3361170;1;1;2;2;85; ;2; ; ;1;2; ; ;1; ;12;2986,38206802929
3361170;1;2;2;2;85; ;2; ; ;1;2; ; ;1; ;12;2986,38206802929
3361170;1;3;2;2;85; ;2; ; ;1;3;50; ;1; ;12;2986,38206802929
3361170;1;4;2;2;50; ;2; ; ;1;3;50; ;1; ;12;2986,38206802929
3361170;1;5;2;1; ; ;2; ; ;1;2; ; ;1; ;12;2986,38206802929
3361170;1;6;1; ; ; ; ; ; ; ; ; ; ; ; ;12;2986,38206802929
3361171;1;1;2;1; ; ;3;05; ;1;2; ; ;1; ;12;3041,77646303028
3361171;1;2;2;2;05; ;2; ; ;1;2; ; ;1; ;12;3041,77646303028
3361171;1;3;2;1; ; ;3;05; ;1;2; ; ;1; ;12;3041,77646303028
3361171;1;4;2;1; ; ;3;05; ;1;2; ; ;1; ;12;3041,77646303028
3361171;1;5;2;2;05; ;2; ; ;1;2; ; ;1; ;12;3041,77646303028
3361172;1;1;2;2;73; ;2; ; ;1;2; ; ;1; ;12;2671,84127400309
3361172;1;2;2;2;41; ;2; ; ;1;2; ; ;1; ;12;2671,84127400309
3361172;1;3;1; ; ; ; ; ; ; ; ; ; ; ; ;12;2671,84127400309
3361173;1;1;2;2;15; ;3;15; ;1;2; ; ;1; ;12;2461,87828291325
3361174;1;1;2;2;25; ;2; ; ;1;2; ; ;1; ;12;2461,87828291325
3361175;1;1;2;2;17; ;2; ; ;1;2; ; ;1; ;12;2732,68364168859
3361175;1;2;1; ; ; ; ; ; ; ; ; ; ; ; ;12;2732,68364168859
3361176;1;1;2;1; ; ;2; ; ;1;2; ; ;1; ;12;2461,87828291325
3361178;1;1;1; ; ; ; ; ; ; ; ; ; ; ; ;12;2715,14871209483
3361178;1;2;2;2;17; ;2; ; ;1;2; ; ;1; ;12;2715,14871209483
3361178;1;3;2;2;25; ;2; ; ;1;2; ; ;1; ;12;2715,14871209483
3361179;1;1;2;2;76; ;2; ; ;1;2; ; ;1; ;12;2524,12933168662
3361179;1;2;1; ; ; ; ; ; ; ; ; ; ; ; ;12;2524,12933168662
3361180;1;1;2;2;05; ;2; ; ;1;2; ; ;1; ;12;2475,58134917214
3361181;1;1;2;2;15; ;2; ; ;1;2; ; ;1; ;12;2715,14871209483
3361181;1;2;2;1; ; ;2; ; ;1;2; ; ;1; ;12;2715,14871209483
3361181;1;3;1; ; ; ; ; ; ; ; ; ; ; ; ;12;2715,14871209483
3361182;1;1;2;2;05; ;2; ; ;1;2; ; ;1; ;12;3426,08427328739
3361182;1;2;2;2;05; ;2; ; ;1;2; ; ;1; ;12;3426,08427328739
3361182;1;3;2;2;05; ;3;05; ;1;3;05; ;1; ;12;3426,08427328739
3361182;1;4;1; ; ; ; ; ; ; ; ; ; ; ; ;12;3426,08427328739
3361182;1;5;2;2;08; ;2; ; ;1;2; ; ;1; ;12;3426,08427328739
3361182;1;6;2;2;20; ;2; ; ;1;2; ; ;1; ;12;3426,08427328739
3361182;1;7;1; ; ; ; ; ; ; ; ; ; ; ; ;12;3426,08427328739
3361183;1;1;2;2;41; ;2; ; ;1;2; ; ;1; ;12;2950,12847068583
3361183;1;2;1; ; ; ; ; ; ; ; ; ; ; ; ;12;2950,12847068583
3361183;1;3;1; ; ; ; ; ; ; ; ; ; ; ; ;12;2950,12847068583
3361184;1;1;2;2;15; ;2; ; ;1;2; ; ;1; ;12;3325,80385331989
3361184;1;2;2;2;25; ;2; ; ;1;2; ; ;1; ;12;3325,80385331989
3361184;1;3;1; ; ; ; ; ; ; ; ; ; ; ; ;12;3325,80385331989
3361184;1;4;1; ; ; ; ; ; ; ; ; ; ; ; ;12;3325,80385331989
3361184;1;5;1; ; ; ; ; ; ; ; ; ; ; ; ;12;3325,80385331989
3361184;1;6;2;2;25; ;2; ; ;1;2; ; ;1; ;12;3325,80385331989
3361184;1;7;2;2;25; ;2; ; ;1;2; ; ;1; ;12;3325,80385331989
3361184;2;1;2;2;15; ;2; ; ;1;2; ; ;1; ;12;3325,80385331989
3361185;1;1;2;2;25; ;2; ; ;1;2; ; ;1; ;12;2440,51148998461
3361185;1;2;2;2;25; ;2; ; ;1;2; ; ;1; ;12;2440,51148998461
3361185;1;3;2;2;25; ;2; ; ;1;2; ; ;1; ;12;2440,51148998461
3361186;1;1;2;2;15; ;2; ; ;1;2; ; ;1; ;12;2524,12933168662
3361186;1;2;1; ; ; ; ; ; ; ; ; ; ; ; ;12;2524,12933168662
3361187;1;1;2;1; ; ;2; ; ;1;2; ; ;1; ;12;2732,68364168859
3361187;1;2;2;2;25; ;2; ; ;1;3;25; ;1; ;12;2732,68364168859
3361188;1;1;2;2;19; ;2; ; ;1;2; ; ;1; ;12;175,927102129202
3361188;1;2;1; ; ; ; ; ; ; ; ; ; ; ; ;12;175,927102129202
3361188;1;3;1; ; ; ; ; ; ; ; ; ; ; ; ;12;175,927102129202
3361188;1;4;1; ; ; ; ; ; ; ; ; ; ; ; ;12;175,927102129202
3361188;1;5;1; ; ; ; ; ; ; ; ; ; ; ; ;12;175,927102129202
3361189;1;1;2;2;52; ;2; ; ;1;2; ; ;1; ;12;91,3782856304747
3361189;1;2;2;2;76; ;2; ; ;1;2; ; ;1; ;12;91,3782856304747
3361189;1;3;2;2;76; ;2; ; ;1;2; ; ;1; ;12;91,3782856304747
3361189;1;4;2;2;76; ;2; ; ;1;2; ; ;1; ;12;91,3782856304747
3361189;1;5;2;2;76; ;2; ; ;1;2; ; ;1; ;12;91,3782856304747
3361189;1;6;1; ; ; ; ; ; ; ; ; ; ; ; ;12;91,3782856304747
3361190;1;1;2;2;52; ;2; ; ;1;2; ; ;1; ;12;75,5867167236232
3361191;1;1;1; ; ; ; ; ; ; ; ; ; ; ; ;12;116,842310658639
3361191;1;2;1; ; ; ; ; ; ; ; ; ; ; ; ;12;116,842310658639
3361191;1;3;1; ; ; ; ; ; ; ; ; ; ; ; ;12;116,842310658639
3361191;1;4;1; ; ; ; ; ; ; ; ; ; ; ; ;12;116,842310658639
3361191;1;5;1; ; ; ; ; ; ; ; ; ; ; ; ;12;116,842310658639
3361191;1;6;1; ; ; ; ; ; ; ; ; ; ; ; ;12;116,842310658639
3361191;1;7;1; ; ; ; ; ; ; ; ; ; ; ; ;12;116,842310658639
3361192;1;1;1; ; ; ; ; ; ; ; ; ; ; ; ;12;62,8688996673128
3361192;1;2;2;2;08; ;2; ; ;1;2; ; ;1; ;12;62,8688996673128
3361192;1;3;1; ; ; ; ; ; ; ; ; ; ; ; ;12;62,8688996673128
3361193;1;1;1; ; ; ; ; ; ; ; ; ; ; ; ;12;97,642911079395
3361193;1;2;2;2;17; ;2; ; ;1;2; ; ;1; ;12;97,642911079395
3361193;1;3;1; ; ; ; ; ; ; ; ; ; ; ; ;12;97,642911079395
3361193;1;4;1; ; ; ; ; ; ; ; ; ; ; ; ;12;97,642911079395
3361194;1;1;2;2;20; ;2; ; ;1;2; ; ;1; ;12;96,8679362148073
3361194;1;2;2;2;25; ;2; ; ;1;2; ; ;1; ;12;96,8679362148073
3361194;1;3;2;2;11; ;2; ; ;1;2; ; ;1; ;12;96,8679362148073
3361194;1;4;2;2;11; ;2; ; ;1;2; ; ;1; ;12;96,8679362148073
3361194;1;5;1; ; ; ; ; ; ; ; ; ; ; ; ;12;96,8679362148073
3361194;1;6;1; ; ; ; ; ; ; ; ; ; ; ; ;12;96,8679362148073
3361195;1;1;1; ; ; ; ; ; ; ; ; ; ; ; ;12;96,2622529533341
3361195;1;2;2;2;41; ;2; ; ;1;2; ; ;1; ;12;96,2622529533341
3361195;1;3;1; ; ; ; ; ; ; ; ; ; ; ; ;12;96,2622529533341
3361195;1;4;1; ; ; ; ; ; ; ; ; ; ; ; ;12;96,2622529533341
3361196;1;1;1; ; ; ; ; ; ; ; ; ; ; ; ;12;215,874631051233
3361196;1;2;1; ; ; ; ; ; ; ; ; ; ; ; ;12;215,874631051233
3361196;1;3;1; ; ; ; ; ; ; ; ; ; ; ; ;12;215,874631051233
3361197;1;1;1; ; ; ; ; ; ; ; ; ; ; ; ;12;117,025115497221
3361197;1;2;1; ; ; ; ; ; ; ; ; ; ; ; ;12;117,025115497221
3361197;1;3;1; ; ; ; ; ; ; ; ; ; ; ; ;12;117,025115497221
3361197;1;4;1; ; ; ; ; ; ; ; ; ; ; ; ;12;117,025115497221
3361198;1;1;2;2;76; ;2; ; ;1;2; ; ;1; ;12;51,2664302081074
3361198;1;2;1; ; ; ; ; ; ; ; ; ; ; ; ;12;51,2664302081074
3361198;1;3;1; ; ; ; ; ; ; ; ; ; ; ; ;12;51,2664302081074
3361198;1;4;1; ; ; ; ; ; ; ; ; ; ; ; ;12;51,2664302081074
3361199;1;1;2;2;52; ;2; ; ;1;2; ; ;1; ;12;140,662489861284
3361199;1;2;2;2;19; ;2; ; ;1;2; ; ;1; ;12;140,662489861284
3361199;1;3;1; ; ; ; ; ; ; ; ; ; ; ; ;12;140,662489861284
3361200;1;1;1; ; ; ; ; ; ; ; ; ; ; ; ;12;192,524505906668
3361200;1;2;1; ; ; ; ; ; ; ; ; ; ; ; ;12;192,524505906668
3361200;1;3;1; ; ; ; ; ; ; ; ; ; ; ; ;12;192,524505906668
3361200;1;4;1; ; ; ; ; ; ; ; ; ; ; ; ;12;192,524505906668
3361201;1;1;1; ; ; ; ; ; ; ; ; ; ; ; ;12;198,621059718105
3361201;1;2;2;2;19; ;2; ; ;1;2; ; ;1; ;12;198,621059718105
3361201;1;3;1; ; ; ; ; ; ; ; ; ; ; ; ;12;198,621059718105
3361202;1;1;2;2;19; ;2; ; ;1;2; ; ;1; ;12;186,236995046419
3361202;1;2;2;2;11; ;2; ; ;1;2; ; ;1; ;12;186,236995046419
3361202;1;3;1; ; ; ; ; ; ; ; ; ; ; ; ;12;186,236995046419
3361202;1;4;2;2;19; ;2; ; ;1;2; ; ;1; ;12;186,236995046419
3361202;1;5;2;2;19; ;3;19; ;2;2; ; ;1; ;12;186,236995046419
3361203;1;1;2;2;86; ;2; ; ;1;2; ; ;1; ;12;86,5741417514011
3361203;1;2;2;2;52; ;2; ; ;1;2; ; ;1; ;12;86,5741417514011
3361203;1;3;1; ; ; ; ; ; ; ; ; ; ; ; ;12;86,5741417514011
3361203;1;4;1; ; ; ; ; ; ; ; ; ; ; ; ;12;86,5741417514011
3361203;1;5;2;2;52; ;3;52; ;2;3;52; ;2;1;12;86,5741417514011
3361204;1;1;2;2;19; ;3;19; ;2;2; ; ;1; ;12;85,5215674031711
3361205;1;1;2;2;19; ;2; ; ;1;2; ; ;1; ;12;89,7904902946031
3361205;1;2;1; ; ; ; ; ; ; ; ; ; ; ; ;12;89,7904902946031
3361205;1;3;1; ; ; ; ; ; ; ; ; ; ; ; ;12;89,7904902946031
3361205;1;4;1; ; ; ; ; ; ; ; ; ; ; ; ;12;89,7904902946031
3361206;1;1;2;2;52; ;2; ; ;1;2; ; ;1; ;12;100,084894740825
3361206;1;2;2;2;52; ;2; ; ;1;2; ; ;1; ;12;100,084894740825
3361206;1;3;2;2;52; ;2; ; ;1;2; ; ;1; ;12;100,084894740825
3361207;1;1;1; ; ; ; ; ; ; ; ; ; ; ; ;12;96,2622529533341
3361207;1;2;2;2;52; ;2; ; ;1;2; ; ;1; ;12;96,2622529533341
3361207;1;3;1; ; ; ; ; ; ; ; ; ; ; ; ;12;96,2622529533341
3361207;1;4;1; ; ; ; ; ; ; ; ; ; ; ; ;12;96,2622529533341
3361208;1;1;1; ; ; ; ; ; ; ; ; ; ; ; ;12;99,3105298590525
3361208;1;2;1; ; ; ; ; ; ; ; ; ; ; ; ;12;99,3105298590525
3361208;1;3;1; ; ; ; ; ; ; ; ; ; ; ; ;12;99,3105298590525
3361209;1;1;2;2;19; ;2; ; ;1;2; ; ;1; ;12;107,937315525617
3361209;1;2;2;2;19; ;2; ; ;1;2; ; ;1; ;12;107,937315525617
3361209;1;3;1; ; ; ; ; ; ; ; ; ; ; ; ;12;107,937315525617
3361210;1;1;1; ; ; ; ; ; ; ; ; ; ; ; ;12;78,0586121570264
3361210;1;2;1; ; ; ; ; ; ; ; ; ; ; ; ;12;78,0586121570264
3361210;1;3;1; ; ; ; ; ; ; ; ; ; ; ; ;12;78,0586121570264
3361213;1;1;2;2;05; ;2; ; ;1;2; ; ;1; ;12;11,5138484750516
3361213;1;2;2;2;05; ;2; ; ;1;2; ; ;1; ;12;11,5138484750516
3361214;1;1;2;2;63; ;3;63; ;1;2; ; ;1; ;12;11,5138484750516
3361214;1;2;2;2;18; ;3;63; ;1;2; ; ;1; ;12;11,5138484750516
3361214;1;3;2;2;63; ;3;63; ;1;3;63; ;1; ;12;11,5138484750516
3361214;1;4;2;2;63; ;3;63; ;1;2; ; ;1; ;12;11,5138484750516
3361214;1;5;2;2;76; ;3;63; ;1;2; ; ;1; ;12;11,5138484750516
3361214;1;6;1; ; ; ; ; ; ; ; ; ; ; ; ;12;11,5138484750516
3361215;1;1;2;2;27; ;2; ; ;1;3;05; ;1; ;12;23,0276969501032
3361215;1;2;2;2;15; ;2; ; ;1;2; ; ;1; ;12;23,0276969501032
3361216;1;1;2;2;27; ;2; ; ;1;2; ; ;1; ;12;23,0276969501032
3361216;1;2;1; ; ; ; ; ; ; ; ; ; ; ; ;12;23,0276969501032
3361217;1;1;1; ; ; ; ; ; ; ; ; ; ; ; ;12;52,9637029852373
3361217;1;2;2;2;27; ;2; ; ;1;2; ; ;1; ;12;52,9637029852373
3361217;1;3;1; ; ; ; ; ; ; ; ; ; ; ; ;12;52,9637029852373
3361217;1;4;1; ; ; ; ; ; ; ; ; ; ; ; ;12;52,9637029852373
3361218;1;1;2;2;08; ;2; ; ;1;2; ; ;1; ;12;23,0276969501032
3361218;1;2;1; ; ; ; ; ; ; ; ; ; ; ; ;12;23,0276969501032
3361218;1;3;1; ; ; ; ; ; ; ; ; ; ; ; ;12;23,0276969501032
3361218;1;4;1; ; ; ; ; ; ; ; ; ; ; ; ;12;23,0276969501032
3361219;1;1;1; ; ; ; ; ; ; ; ; ; ; ; ;12;105,927405970475
3361219;1;2;1; ; ; ; ; ; ; ; ; ; ; ; ;12;105,927405970475
3361219;1;3;1; ; ; ; ; ; ; ; ; ; ; ; ;12;105,927405970475
3361219;1;4;1; ; ; ; ; ; ; ; ; ; ; ; ;12;105,927405970475
3361219;1;5;1; ; ; ; ; ; ; ; ; ; ; ; ;12;105,927405970475
3361220;1;1;1; ; ; ; ; ; ; ; ; ; ; ; ;12;23,0276969501032
3361220;2;1;1; ; ; ; ; ; ; ; ; ; ; ; ;12;23,0276969501032
3361220;2;2;2;2;08; ;2; ; ;1;2; ; ;1; ;12;23,0276969501032
3361220;2;3;1; ; ; ; ; ; ; ; ; ; ; ; ;12;23,0276969501032
3361221;1;1;1; ; ; ; ; ; ; ; ; ; ; ; ;12;23,0276969501032
3361221;1;2;2;2;27; ;2; ; ;1;2; ; ;1; ;12;23,0276969501032
3361221;1;3;1; ; ; ; ; ; ; ; ; ; ; ; ;12;23,0276969501032
3361221;1;4;2;2;27; ;2; ; ;1;2; ; ;1; ;12;23,0276969501032
3361222;1;1;1; ; ; ; ; ; ; ; ; ; ; ; ;12;23,0276969501032
3361222;1;2;1; ; ; ; ; ; ; ; ; ; ; ; ;12;23,0276969501032
3361222;1;3;1; ; ; ; ; ; ; ; ; ; ; ; ;12;23,0276969501032
3361222;1;4;1; ; ; ; ; ; ; ; ; ; ; ; ;12;23,0276969501032
3361223;1;1;2;2;27; ;2; ; ;1;2; ; ;1; ;12;23,0276969501032
3361223;1;2;1; ; ; ; ; ; ; ; ; ; ; ; ;12;23,0276969501032
3361223;1;3;2;1; ; ;3;95; ;1;2; ; ;1; ;12;23,0276969501032
3361224;1;1;2;2;27; ;2; ; ;1;2; ; ;1; ;12;23,0276969501032
3361224;1;2;1; ; ; ; ; ; ; ; ; ; ; ; ;12;23,0276969501032
3361225;1;1;1; ; ; ; ; ; ; ; ; ; ; ; ;12;28,106896935073
3361226;1;1;2;2;27; ;2; ; ;1;2; ; ;1; ;12;81,6791845115271
3361226;1;2;1; ; ; ; ; ; ; ; ; ; ; ; ;12;81,6791845115271
3361227;1;1;2;2;27; ;2; ; ;1;2; ; ;1; ;12;23,0276969501032
3361227;1;2;2;2;27; ;2; ; ;1;2; ; ;1; ;12;23,0276969501032
3361227;1;3;1; ; ; ; ; ; ; ; ; ; ; ; ;12;23,0276969501032
3361227;1;4;1; ; ; ; ; ; ; ; ; ; ; ; ;12;23,0276969501032
3361228;1;1;2;2;27; ;2; ; ;1;2; ; ;1; ;12;23,0276969501032
3361228;1;2;2;2;05; ;3;05; ;1;2; ; ;1; ;12;23,0276969501032
3361228;1;3;2;2;05; ;2; ; ;1;2; ; ;1; ;12;23,0276969501032
3361228;1;4;2;2;05; ;3;05; ;1;2; ; ;1; ;12;23,0276969501032
3361229;1;1;2;2;27; ;2; ; ;1;2; ; ;1; ;12;23,0276969501032
3361229;1;2;1; ; ; ; ; ; ; ; ; ; ; ; ;12;23,0276969501032
3361229;1;3;2;2;27; ;2; ; ;1;2; ; ;1; ;12;23,0276969501032
3361229;1;4;1; ; ; ; ; ; ; ; ; ; ; ; ;12;23,0276969501032
3361229;1;5;1; ; ; ; ; ; ; ; ; ; ; ; ;12;23,0276969501032
3361229;1;6;1; ; ; ; ; ; ; ; ; ; ; ; ;12;23,0276969501032
3361229;1;7;2;2;27; ;3;27; ;1;3;27; ;1; ;12;23,0276969501032
3361237;1;1;2;2;19; ;2; ; ;1;2; ; ;1; ;12;2399,40229120794
3361237;2;1;2;2;41; ;3;19; ;1;3;41; ;1; ;12;2399,40229120794
3361237;3;1;2;2;54; ;3;54; ;1;2; ; ;1; ;12;2399,40229120794
3361238;1;1;1; ; ; ; ; ; ; ; ; ; ; ; ;12;2658,82867031012
3361238;1;2;1; ; ; ; ; ; ; ; ; ; ; ; ;12;2658,82867031012
3361238;1;3;1; ; ; ; ; ; ; ; ; ; ; ; ;12;2658,82867031012
3361239;1;1;1; ; ; ; ; ; ; ; ; ; ; ; ;12;2923,7030220968
3361239;2;1;2;2;25; ;2; ; ;1;2; ; ;1; ;12;2923,7030220968
3361239;2;2;2;2;25; ;2; ; ;1;2; ; ;1; ;12;2923,7030220968
3361240;1;1;1; ; ; ; ; ; ; ; ; ; ; ; ;12;2511,88138343667
3361240;1;2;1; ; ; ; ; ; ; ; ; ; ; ; ;12;2511,88138343667
3361240;1;3;1; ; ; ; ; ; ; ; ; ; ; ; ;12;2511,88138343667
3361240;1;4;1; ; ; ; ; ; ; ; ; ; ; ; ;12;2511,88138343667
3361241;1;1;2;2;23; ;2; ; ;1;2; ; ;1; ;12;2461,87828291325
3361242;1;1;2;2;73; ;2; ; ;1;2; ; ;1; ;12;1992,39319981144
3361242;1;2;2;1; ; ;2; ; ;1;2; ; ;1; ;12;1992,39319981144
3361242;1;3;2;2;41; ;2; ; ;1;2; ; ;1; ;12;1992,39319981144
3361243;1;1;2;2;15; ;2; ; ;1;2; ; ;1; ;12;2475,58134917214
3361244;1;1;1; ; ; ; ; ; ; ; ; ; ; ; ;12;2524,12933168662
3361244;1;2;2;2;73; ;2; ; ;1;2; ; ;1; ;12;2524,12933168662
3361245;1;1;1; ; ; ; ; ; ; ; ; ; ; ; ;12;2480,64338758402
3361245;1;2;1; ; ; ; ; ; ; ; ; ; ; ; ;12;2480,64338758402
3361245;1;3;1; ; ; ; ; ; ; ; ; ; ; ; ;12;2480,64338758402
3361245;1;4;1; ; ; ; ; ; ; ; ; ; ; ; ;12;2480,64338758402
3361245;1;5;1; ; ; ; ; ; ; ; ; ; ; ; ;12;2480,64338758402
3361246;1;1;2;2;17; ;2; ; ;1;2; ; ;1; ;12;2276,21116227976
3361246;1;2;1; ; ; ; ; ; ; ; ; ; ; ; ;12;2276,21116227976
3361246;1;3;2;2;13; ;3;13; ;2;2; ; ;1; ;12;2276,21116227976
3361246;1;4;1; ; ; ; ; ; ; ; ; ; ; ; ;12;2276,21116227976
3361251;1;1;2;2;25; ;2; ; ;1;2; ; ;1; ;12;2969,07208136746
3361251;1;2;2;2;25; ;2; ; ;1;2; ; ;1; ;12;2969,07208136746
3361251;1;3;1; ; ; ; ; ; ; ; ; ; ; ; ;12;2969,07208136746
3361251;1;4;1; ; ; ; ; ; ; ; ; ; ; ; ;12;2969,07208136746
3361252;1;1;2;2;47; ;2; ; ;1;2; ; ;1; ;12;2189,34358720831
3361252;1;2;1; ; ; ; ; ; ; ; ; ; ; ; ;12;2189,34358720831
3361252;1;3;2;2;47; ;3;47; ;1;2; ; ;1; ;12;2189,34358720831
3361252;1;4;2;2;47; ;2; ; ;1;2; ; ;1; ;12;2189,34358720831
3361252;1;5;2;2;47; ;3;47; ;2;2; ; ;1; ;12;2189,34358720831
3361253;1;1;2;2;15; ;3;15; ;1;3;15; ;1; ;12;2684,13565917411
3361254;1;1;2;2;25; ;2; ; ;1;2; ; ;1; ;12;2382,20401989809
3361254;1;2;1; ; ; ; ; ; ; ; ; ; ; ; ;12;2382,20401989809
3361254;1;3;1; ; ; ; ; ; ; ; ; ; ; ; ;12;2382,20401989809
3361254;1;4;1; ; ; ; ; ; ; ; ; ; ; ; ;12;2382,20401989809
3361255;1;1;2;2;15; ;2; ; ;1;2; ; ;1; ;12;2715,14871209483
3361255;1;2;2;2;15; ;2; ; ;1;2; ; ;1; ;12;2715,14871209483
3361255;1;3;1; ; ; ; ; ; ; ; ; ; ; ; ;12;2715,14871209483
3361256;1;1;2;2;25; ;2; ; ;1;2; ; ;1; ;12;2963,83153694471
3361256;1;2;2;2;41; ;2; ; ;1;2; ; ;1; ;12;2963,83153694471
3361256;1;3;1; ; ; ; ; ; ; ; ; ; ; ; ;12;2963,83153694471
3361257;1;1;2;2;68; ;2; ; ;1;2; ; ;1; ;12;2177,48157323099
3361257;1;2;2;2;68; ;2; ; ;1;2; ; ;1; ;12;2177,48157323099
3361257;1;3;1; ; ; ; ; ; ; ; ; ; ; ; ;12;2177,48157323099
3361258;1;1;1; ; ; ; ; ; ; ; ; ; ; ; ;12;2017,4752457435
3361258;1;2;1; ; ; ; ; ; ; ; ; ; ; ; ;12;2017,4752457435
3361258;1;3;1; ; ; ; ; ; ; ; ; ; ; ; ;12;2017,4752457435
3361258;1;4;1; ; ; ; ; ; ; ; ; ; ; ; ;12;2017,4752457435
3361260;1;1;2;2;73; ;2; ; ;1;2; ; ;1; ;12;2547,59526826904
3361260;1;2;2;2;50; ;2; ; ;1;2; ; ;1; ;12;2547,59526826904
3361261;1;1;1; ; ; ; ; ; ; ; ; ; ; ; ;12;2683,91071624218
3361261;1;2;1; ; ; ; ; ; ; ; ; ; ; ; ;12;2683,91071624218
3361261;1;3;1; ; ; ; ; ; ; ; ; ; ; ; ;12;2683,91071624218
3361261;1;4;1; ; ; ; ; ; ; ; ; ; ; ; ;12;2683,91071624218
3361262;1;1;2;2;25; ;2; ; ;1;2; ; ;1; ;12;2430,64028706059
3361262;1;2;2;2;25; ;3;25; ;1;2; ; ;1; ;12;2430,64028706059
3361263;1;1;1; ; ; ; ; ; ; ; ; ; ; ; ;12;2524,12933168662
3361263;1;2;1; ; ; ; ; ; ; ; ; ; ; ; ;12;2524,12933168662
3361264;1;1;2;2;15; ;3;15; ;1;2; ; ;1; ;12;2652,89766332146
3361264;1;2;2;2;25; ;3;25; ;2;3;25; ;1; ;12;2652,89766332146
3361265;1;1;2;2;25; ;2; ; ;1;2; ; ;1; ;12;2541,66426128038
3361266;1;1;2;2;54; ;2; ; ;1;2; ; ;1; ;12;2875,15503958232
3361266;1;2;2;2;41; ;2; ; ;1;2; ; ;1; ;12;2875,15503958232
3361267;1;1;2;2;76; ;3;25; ;1;2; ; ;1; ;12;2202,35619090129
3361267;1;2;2;1; ; ;3;25; ;1;2; ; ;1; ;12;2202,35619090129
3361267;1;3;1; ; ; ; ; ; ; ; ; ; ; ; ;12;2202,35619090129
3361267;1;4;2;2;25; ;3;25; ;1;2; ; ;1; ;12;2202,35619090129
3361267;1;5;1; ; ; ; ; ; ; ; ; ; ; ; ;12;2202,35619090129
3361268;1;1;1; ; ; ; ; ; ; ; ; ; ; ; ;12;2399,73894949185
3361268;1;2;1; ; ; ; ; ; ; ; ; ; ; ; ;12;2399,73894949185
3361268;1;3;1; ; ; ; ; ; ; ; ; ; ; ; ;12;2399,73894949185
3361269;1;1;1; ; ; ; ; ; ; ; ; ; ; ; ;12;23,0276969501032
3361269;1;2;1; ; ; ; ; ; ; ; ; ; ; ; ;12;23,0276969501032
3361270;1;1;1; ; ; ; ; ; ; ; ; ; ; ; ;12;23,0276969501032
3361270;1;2;2;2;27; ;2; ; ;1;2; ; ;1; ;12;23,0276969501032
3361271;1;1;1; ; ; ; ; ; ; ; ; ; ; ; ;12;28,106896935073
3361272;1;1;1; ; ; ; ; ; ; ; ; ; ; ; ;12;23,0276969501032
3361273;1;1;2;2;27; ;2; ; ;1;2; ; ;1; ;12;23,0276969501032
3361273;1;2;2;2;27; ;2; ; ;1;2; ; ;1; ;12;23,0276969501032
3361273;1;3;2;2;27; ;2; ; ;1;2; ; ;1; ;12;23,0276969501032
3361273;1;4;2;2;27; ;2; ; ;1;2; ; ;1; ;12;23,0276969501032
3361273;1;5;1; ; ; ; ; ; ; ; ; ; ; ; ;12;23,0276969501032
3361274;1;1;2;2;27; ;2; ; ;1;2; ; ;1; ;12;23,0276969501032
3361274;1;2;1; ; ; ; ; ; ; ; ; ; ; ; ;12;23,0276969501032
3361274;1;3;1; ; ; ; ; ; ; ; ; ; ; ; ;12;23,0276969501032
3361274;1;4;1; ; ; ; ; ; ; ; ; ; ; ; ;12;23,0276969501032
3361274;1;5;1; ; ; ; ; ; ; ; ; ; ; ; ;12;23,0276969501032
3361275;1;1;2;2;27; ;2; ; ;1;2; ; ;1; ;12;67,2531136765006
3361275;1;2;2;2;27; ;2; ; ;1;2; ; ;1; ;12;67,2531136765006
3361275;1;3;1; ; ; ; ; ; ; ; ; ; ; ; ;12;67,2531136765006
3361275;1;4;1; ; ; ; ; ; ; ; ; ; ; ; ;12;67,2531136765006
3361276;1;1;1; ; ; ; ; ; ; ; ; ; ; ; ;12;105,927405970475
3361276;1;2;1; ; ; ; ; ; ; ; ; ; ; ; ;12;105,927405970475
3361276;1;3;1; ; ; ; ; ; ; ; ; ; ; ; ;12;105,927405970475
3361276;1;4;1; ; ; ; ; ; ; ; ; ; ; ; ;12;105,927405970475
3361276;1;5;1; ; ; ; ; ; ; ; ; ; ; ; ;12;105,927405970475
3361276;1;6;1; ; ; ; ; ; ; ; ; ; ; ; ;12;105,927405970475
3361277;1;1;2;2;27; ;2; ; ;1;2; ; ;1; ;12;23,0276969501032
3361277;1;2;2;2;27; ;2; ; ;1;2; ; ;1; ;12;23,0276969501032
3361277;1;3;1; ; ; ; ; ; ; ; ; ; ; ; ;12;23,0276969501032
3361277;1;4;1; ; ; ; ; ; ; ; ; ; ; ; ;12;23,0276969501032
3361277;1;5;1; ; ; ; ; ; ; ; ; ; ; ; ;12;23,0276969501032
3361277;1;6;1; ; ; ; ; ; ; ; ; ; ; ; ;12;23,0276969501032
3361277;1;7;1; ; ; ; ; ; ; ; ; ; ; ; ;12;23,0276969501032
3361277;1;8;1; ; ; ; ; ; ; ; ; ; ; ; ;12;23,0276969501032
3361277;1;9;1; ; ; ; ; ; ; ; ; ; ; ; ;12;23,0276969501032
3361278;1;1;1; ; ; ; ; ; ; ; ; ; ; ; ;12;23,0276969501032
3361278;1;2;1; ; ; ; ; ; ; ; ; ; ; ; ;12;23,0276969501032
3361278;1;3;1; ; ; ; ; ; ; ; ; ; ; ; ;12;23,0276969501032
3361279;1;1;1; ; ; ; ; ; ; ; ; ; ; ; ;12;95,9781408626306
3361279;1;2;1; ; ; ; ; ; ; ; ; ; ; ; ;12;95,9781408626306
3361279;1;3;1; ; ; ; ; ; ; ; ; ; ; ; ;12;95,9781408626306
3361279;1;4;1; ; ; ; ; ; ; ; ; ; ; ; ;12;95,9781408626306
3361279;1;5;1; ; ; ; ; ; ; ; ; ; ; ; ;12;95,9781408626306
3361280;1;1;1; ; ; ; ; ; ; ; ; ; ; ; ;12;23,0276969501032
3361280;1;2;1; ; ; ; ; ; ; ; ; ; ; ; ;12;23,0276969501032
3361280;1;3;2;2;76; ;2; ; ;1;2; ; ;1; ;12;23,0276969501032
3361280;1;4;1; ; ; ; ; ; ; ; ; ; ; ; ;12;23,0276969501032
3361280;1;5;1; ; ; ; ; ; ; ; ; ; ; ; ;12;23,0276969501032
3361281;1;1;2;2;27; ;2; ; ;1;2; ; ;1; ;12;105,927405970475
3361281;1;2;1; ; ; ; ; ; ; ; ; ; ; ; ;12;105,927405970475
3361281;1;3;1; ; ; ; ; ; ; ; ; ; ; ; ;12;105,927405970475
3361281;1;4;2;2;27; ;2; ; ;1;2; ; ;1; ;12;105,927405970475
3361282;1;1;1; ; ; ; ; ; ; ; ; ; ; ; ;12;28,106896935073
3361283;1;1;1; ; ; ; ; ; ; ; ; ; ; ; ;12;23,0276969501032
3361283;1;2;1; ; ; ; ; ; ; ; ; ; ; ; ;12;23,0276969501032
3361284;1;1;1; ; ; ; ; ; ; ; ; ; ; ; ;12;65,6504576637651
3361284;1;2;1; ; ; ; ; ; ; ; ; ; ; ; ;12;65,6504576637651
3361284;1;3;1; ; ; ; ; ; ; ; ; ; ; ; ;12;65,6504576637651
3361284;1;4;1; ; ; ; ; ; ; ; ; ; ; ; ;12;65,6504576637651
3361284;1;5;2;2;23; ;3;11; ;1;2; ; ;1; ;12;65,6504576637651
3361285;1;1;1; ; ; ; ; ; ; ; ; ; ; ; ;12;105,927405970475
3361285;1;2;1; ; ; ; ; ; ; ; ; ; ; ; ;12;105,927405970475
3361286;1;1;1; ; ; ; ; ; ; ; ; ; ; ; ;12;62,8693356587075
3361292;1;1;2;1; ; ;3;94; ;1;3;94; ;1; ;12;2183,41258021965
3361292;1;2;2;1; ; ;3;94; ;1;3;94; ;1; ;12;2183,41258021965
3361292;1;3;2;1; ; ;3;94; ;1;3;94; ;1; ;12;2183,41258021965
3361292;1;4;2;1; ; ;3;94; ;1;3;94; ;1; ;12;2183,41258021965
3361295;1;1;1; ; ; ; ; ; ; ; ; ; ; ; ;12;2658,82867031012
3361295;1;2;1; ; ; ; ; ; ; ; ; ; ; ; ;12;2658,82867031012
3361295;1;3;1; ; ; ; ; ; ; ; ; ; ; ; ;12;2658,82867031012
3361296;1;1;2;2;15; ;2; ; ;1;2; ; ;1; ;12;1924,32285940139
3361296;1;2;1; ; ; ; ; ; ; ; ; ; ; ; ;12;1924,32285940139
3361296;1;3;2;2;15; ;2; ; ;1;2; ; ;1; ;12;1924,32285940139
3361296;1;4;1; ; ; ; ; ; ; ; ; ; ; ; ;12;1924,32285940139
3361297;1;1;1; ; ; ; ; ; ; ; ; ; ; ; ;12;2671,84127400309
3361297;1;2;2;2;25; ;2; ; ;1;2; ; ;1; ;12;2671,84127400309
3361297;1;3;1; ; ; ; ; ; ; ; ; ; ; ; ;12;2671,84127400309
3361298;1;1;2;1; ; ;3;41; ;1;2; ; ;1; ;12;3104,88788015647
3361298;1;2;2;2;41; ;3;41; ;1;2; ; ;1; ;12;3104,88788015647
3361298;1;3;2;2;41; ;2; ; ;1;2; ; ;1; ;12;3104,88788015647
3361298;1;4;2;2;25; ;2; ; ;1;2; ; ;1; ;12;3104,88788015647
3361299;1;1;1; ; ; ; ; ; ; ; ; ; ; ; ;12;2671,84127400309
3361299;1;2;2;2;73; ;2; ; ;1;2; ; ;1; ;12;2671,84127400309
3361299;1;3;1; ; ; ; ; ; ; ; ; ; ; ; ;12;2671,84127400309
3361300;1;1;1; ; ; ; ; ; ; ; ; ; ; ; ;12;2524,12933168662
3361300;1;2;1; ; ; ; ; ; ; ; ; ; ; ; ;12;2524,12933168662
3361301;1;1;2;2;68; ;3;13; ;1;2; ; ;1; ;12;2875,69475209342
3361301;1;2;2;2;05; ;3;13; ;1;2; ; ;1; ;12;2875,69475209342
3361301;1;3;2;2;05; ;3;13; ;1;3;13; ;1; ;12;2875,69475209342
3361301;1;4;2;2;05; ;3;13; ;1;3;13; ;1; ;12;2875,69475209342
3361301;1;5;2;2;13; ;3;13; ;1;3;13; ;1; ;12;2875,69475209342
3361301;1;6;2;2;13; ;3;13; ;1;3;13; ;1; ;12;2875,69475209342
3361301;1;7;2;2;13; ;3;13; ;1;2; ; ;1; ;12;2875,69475209342
3361302;1;1;2;2;66; ;3;66; ;2;3;66; ;2;1;12;2690,06666616277
3361302;1;2;2;2;17; ;3;66; ;2;2; ; ;1; ;12;2690,06666616277
3361303;1;1;2;2;27; ;3;27; ;1;2; ; ;1; ;12;105,927405970475
3361303;1;2;1; ; ; ; ; ; ; ; ; ; ; ; ;12;105,927405970475
3361304;1;1;1; ; ; ; ; ; ; ; ; ; ; ; ;12;105,927405970475
3361304;1;2;1; ; ; ; ; ; ; ; ; ; ; ; ;12;105,927405970475
3361305;1;1;1; ; ; ; ; ; ; ; ; ; ; ; ;12;23,0276969501032
3361305;1;2;2;2;05; ;3;27; ;1;2; ; ;1; ;12;23,0276969501032
3361305;1;3;1; ; ; ; ; ; ; ; ; ; ; ; ;12;23,0276969501032
3361305;1;4;1; ; ; ; ; ; ; ; ; ; ; ; ;12;23,0276969501032
3361305;1;5;2;2;05; ;1; ; ; ;3;27; ;1; ;12;23,0276969501032
3361306;1;1;1; ; ; ; ; ; ; ; ; ; ; ; ;12;105,927405970475
3361306;1;2;1; ; ; ; ; ; ; ; ; ; ; ; ;12;105,927405970475
3361306;1;3;1; ; ; ; ; ; ; ; ; ; ; ; ;12;105,927405970475
3361307;1;1;1; ; ; ; ; ; ; ; ; ; ; ; ;12;23,0276969501032
3361307;1;2;2;2;27; ;3;27; ;1;2; ; ;1; ;12;23,0276969501032
3361307;1;3;1; ; ; ; ; ; ; ; ; ; ; ; ;12;23,0276969501032
3361307;1;4;1; ; ; ; ; ; ; ; ; ; ; ; ;12;23,0276969501032
3361307;1;5;1; ; ; ; ; ; ; ; ; ; ; ; ;12;23,0276969501032
3361307;1;6;1; ; ; ; ; ; ; ; ; ; ; ; ;12;23,0276969501032
3361308;1;1;2;2;05; ;3;27; ;1;2; ; ;1; ;12;23,0276969501032
3361308;1;2;2;2;27; ;3;27; ;1;2; ; ;1; ;12;23,0276969501032
3361308;1;3;1; ; ; ; ; ; ; ; ; ; ; ; ;12;23,0276969501032
3361308;1;4;2;2;27; ;2; ; ;1;3;27; ;1; ;12;23,0276969501032
3361309;1;1;1; ; ; ; ; ; ; ; ; ; ; ; ;12;105,927405970475
3361309;1;2;1; ; ; ; ; ; ; ; ; ; ; ; ;12;105,927405970475
3361309;1;3;1; ; ; ; ; ; ; ; ; ; ; ; ;12;105,927405970475
3361309;1;4;1; ; ; ; ; ; ; ; ; ; ; ; ;12;105,927405970475
3361310;1;1;1; ; ; ; ; ; ; ; ; ; ; ; ;12;23,0276969501032
3361310;1;2;2;2;27; ;3;27; ;1;2; ; ;1; ;12;23,0276969501032
3361310;1;3;1; ; ; ; ; ; ; ; ; ; ; ; ;12;23,0276969501032
3361311;1;1;1; ; ; ; ; ; ; ; ; ; ; ; ;12;23,0276969501032
3361311;1;2;1; ; ; ; ; ; ; ; ; ; ; ; ;12;23,0276969501032
3361311;1;3;1; ; ; ; ; ; ; ; ; ; ; ; ;12;23,0276969501032
3361312;1;1;2;2;27; ;2; ; ;1;2; ; ;1; ;12;23,0276969501032
3361312;1;2;1; ; ; ; ; ; ; ; ; ; ; ; ;12;23,0276969501032
3361312;1;3;1; ; ; ; ; ; ; ; ; ; ; ; ;12;23,0276969501032
3361312;1;4;1; ; ; ; ; ; ; ; ; ; ; ; ;12;23,0276969501032
3361312;1;5;1; ; ; ; ; ; ; ; ; ; ; ; ;12;23,0276969501032
3361313;1;1;1; ; ; ; ; ; ; ; ; ; ; ; ;12;101,547451594032
3361313;1;2;2;2;27; ;3;27; ;1;2; ; ;1; ;12;101,547451594032
3361313;1;3;2;2;27; ;3;27; ;1;2; ; ;1; ;12;101,547451594032
3361314;1;1;1; ; ; ; ; ; ; ; ; ; ; ; ;12;23,0276969501032
3361314;1;2;1; ; ; ; ; ; ; ; ; ; ; ; ;12;23,0276969501032
3361314;1;3;1; ; ; ; ; ; ; ; ; ; ; ; ;12;23,0276969501032
3361314;1;4;1; ; ; ; ; ; ; ; ; ; ; ; ;12;23,0276969501032
3361315;1;1;1; ; ; ; ; ; ; ; ; ; ; ; ;12;23,0276969501032
3361315;1;2;1; ; ; ; ; ; ; ; ; ; ; ; ;12;23,0276969501032
3361316;1;1;2;2;11; ;3;27; ;1;2; ; ;1; ;12;23,0276969501032
3361316;1;2;2;2;11; ;2; ; ;1;3;27; ;1; ;12;23,0276969501032
3361316;1;3;2;2;11; ;3;27; ;1;2; ; ;1; ;12;23,0276969501032
3361317;1;1;2;2;27; ;3;27; ;1;2; ; ;1; ;12;23,0276969501032
3361317;1;2;2;2;11; ;3;27; ;1;2; ; ;1; ;12;23,0276969501032
3361326;1;1;1; ; ; ; ; ; ; ; ; ; ; ; ;12;2942,64663277844
3361326;1;2;1; ; ; ; ; ; ; ; ; ; ; ; ;12;2942,64663277844
3361326;1;3;1; ; ; ; ; ; ; ; ; ; ; ; ;12;2942,64663277844
3361326;1;4;1; ; ; ; ; ; ; ; ; ; ; ; ;12;2942,64663277844
3361327;1;1;1; ; ; ; ; ; ; ; ; ; ; ; ;12;2664,75967729878
3361327;1;2;2;2;25; ;2; ; ;1;2; ; ;1; ;12;2664,75967729878
3361327;1;3;1; ; ; ; ; ; ; ; ; ; ; ; ;12;2664,75967729878
3361327;1;4;1; ; ; ; ; ; ; ; ; ; ; ; ;12;2664,75967729878
3361330;1;1;2;2;54; ;2; ; ;1;2; ; ;1; ;12;2475,58134917214
3361331;1;1;2;2;73; ;2; ; ;1;2; ; ;1; ;12;2492,89133583397
3361331;1;2;2;2;25; ;2; ; ;1;2; ; ;1; ;12;2492,89133583397
3361331;1;3;1; ; ; ; ; ; ; ; ; ; ; ; ;12;2492,89133583397
3361332;1;1;1; ; ; ; ; ; ; ; ; ; ; ; ;12;2672,53173656901
3361332;1;2;1; ; ; ; ; ; ; ; ; ; ; ; ;12;2672,53173656901
3361332;1;3;1; ; ; ; ; ; ; ; ; ; ; ; ;12;2672,53173656901
3361333;1;1;1; ; ; ; ; ; ; ; ; ; ; ; ;12;2671,84127400309
3361333;1;2;1; ; ; ; ; ; ; ; ; ; ; ; ;12;2671,84127400309
3361333;1;3;2;2;23; ;2; ; ;1;2; ; ;1; ;12;2671,84127400309
3361334;1;1;1; ; ; ; ; ; ; ; ; ; ; ; ;12;2981,36646653848
3361334;1;2;1; ; ; ; ; ; ; ; ; ; ; ; ;12;2981,36646653848
3361335;1;1;1; ; ; ; ; ; ; ; ; ; ; ; ;12;2547,37032533711
3361335;1;2;2;2;25; ;2; ; ;1;2; ; ;1; ;12;2547,37032533711
3361335;1;3;1; ; ; ; ; ; ; ; ; ; ; ; ;12;2547,37032533711
3361335;1;4;1; ; ; ; ; ; ; ; ; ; ; ; ;12;2547,37032533711
3361335;1;5;1; ; ; ; ; ; ; ; ; ; ; ; ;12;2547,37032533711
3361336;1;1;2;2;15; ;3;15; ;1;2; ; ;1; ;12;1548,21510557363
3361336;1;2;2;2;15; ;3;15; ;1;2; ; ;1; ;12;1548,21510557363
3361336;1;3;1; ; ; ; ; ; ; ; ; ; ; ; ;12;1548,21510557363
3361337;1;1;2;2;54; ;2; ; ;1;2; ; ;1; ;12;1511,04610273232
3361337;1;2;2;2;54; ;3;54; ;1;2; ; ;1; ;12;1511,04610273232
3361337;1;3;2;2;54; ;3;54; ;1;3;54; ;1; ;12;1511,04610273232
3361338;1;1;2;2;73; ;2; ; ;1;2; ; ;1; ;12;2461,87828291325
3361339;1;1;2;2;25; ;2; ; ;1;2; ; ;1; ;12;2530,06033867528
3361339;1;2;2;2;25; ;2; ; ;1;2; ; ;1; ;12;2530,06033867528
3361339;1;3;1; ; ; ; ; ; ; ; ; ; ; ; ;12;2530,06033867528
3361340;1;1;2;2;05; ;2; ; ;1;2; ; ;1; ;12;2684,13565917411
3361341;1;1;2;2;25; ;3;05; ;1;2; ; ;1; ;12;2541,66426128038
3361343;1;1;2;1; ; ;2; ; ;1;2; ; ;1; ;12;2690,06666616277
3361343;1;2;1; ; ; ; ; ; ; ; ; ; ; ; ;12;2690,06666616277
3361344;1;1;2;2;25; ;3;25; ;2;2; ; ;1; ;12;2197,11564647854
3361344;1;2;1; ; ; ; ; ; ; ; ; ; ; ; ;12;2197,11564647854
3361344;1;3;2;1; ; ;3;25; ;2;2; ; ;1; ;12;2197,11564647854
3361344;1;4;1; ; ; ; ; ; ; ; ; ; ; ; ;12;2197,11564647854
3361345;1;1;2;1; ; ;2; ; ;1;2; ; ;1; ;12;2461,87828291325
3361346;1;1;1; ; ; ; ; ; ; ; ; ; ; ; ;12;2863,55111697722
3361346;1;2;1; ; ; ; ; ; ; ; ; ; ; ; ;12;2863,55111697722
3361346;1;3;1; ; ; ; ; ; ; ; ; ; ; ; ;12;2863,55111697722
3361346;1;4;1; ; ; ; ; ; ; ; ; ; ; ; ;12;2863,55111697722
3361347;1;1;2;2;50; ;3;50; ;1;2; ; ;1; ;12;2499,04728575456
3361348;1;1;2;2;25; ;2; ; ;1;2; ; ;1; ;12;2541,66426128038
3361349;1;1;1; ; ; ; ; ; ; ; ; ; ; ; ;12;2197,11564647854
3361349;1;2;1; ; ; ; ; ; ; ; ; ; ; ; ;12;2197,11564647854
3361349;1;3;1; ; ; ; ; ; ; ; ; ; ; ; ;12;2197,11564647854
3361349;1;4;1; ; ; ; ; ; ; ; ; ; ; ; ;12;2197,11564647854
3361350;1;1;1; ; ; ; ; ; ; ; ; ; ; ; ;12;2684,13565917411
3361351;1;1;2;2;15; ;2; ; ;1;4; ;5; ;4;12;2524,12933168662
3361351;1;2;2;2;19; ;2; ; ;1;4; ;5; ;4;12;2524,12933168662
3361352;1;1;2;2;15; ;2; ; ;1;2; ; ;1; ;12;3327,14525641733
3361352;1;2;1; ; ; ; ; ; ; ; ; ; ; ; ;12;3327,14525641733
3361352;1;3;1; ; ; ; ; ; ; ; ; ; ; ; ;12;3327,14525641733
3361352;1;4;1; ; ; ; ; ; ; ; ; ; ; ; ;12;3327,14525641733
3361353;1;1;2;2;73; ;2; ; ;1;2; ; ;1; ;12;2671,84127400309
3361353;1;2;2;2;25; ;2; ; ;1;2; ; ;1; ;12;2671,84127400309
3361353;1;3;1; ; ; ; ; ; ; ; ; ; ; ; ;12;2671,84127400309
3361354;1;1;2;2;15; ;2; ; ;1;2; ; ;1; ;12;2269,12956557545
3361354;1;2;2;1; ; ;2; ; ;1;2; ; ;1; ;12;2269,12956557545
3361354;1;3;1; ; ; ; ; ; ; ; ; ; ; ; ;12;2269,12956557545
3361354;1;4;2;2;15; ;2; ; ;1;2; ; ;1; ;12;2269,12956557545
3361354;1;5;1; ; ; ; ; ; ; ; ; ; ; ; ;12;2269,12956557545
3361355;1;1;2;1; ; ;2; ; ;1;2; ; ;1; ;12;2652,89766332146
3361355;1;2;1; ; ; ; ; ; ; ; ; ; ; ; ;12;2652,89766332146
3361356;1;1;2;2;25; ;2; ; ;1;2; ; ;1; ;12;2843,91704372967
3361356;1;2;1; ; ; ; ; ; ; ; ; ; ; ; ;12;2843,91704372967
3361356;1;3;1; ; ; ; ; ; ; ; ; ; ; ; ;12;2843,91704372967
3361357;1;1;2;2;13; ;3;44; ;1;2; ; ;1; ;12;2474,71238059536
3361357;1;2;2;2;13; ;3;44; ;1;2; ; ;1; ;12;2474,71238059536
3361357;1;3;2;2;13; ;3;13; ;1;2; ; ;1; ;12;2474,71238059536
3361357;1;4;1; ; ; ; ; ; ; ; ; ; ; ; ;12;2474,71238059536
3361358;1;1;2;2;25; ;2; ; ;1;2; ; ;1; ;12;2314,70605310787
3361358;1;2;1; ; ; ; ; ; ; ; ; ; ; ; ;12;2314,70605310787
3361358;2;1;1; ; ; ; ; ; ; ; ; ; ; ; ;12;2314,70605310787
3361358;2;2;2;2;68; ;2; ; ;1;2; ; ;1; ;12;2314,70605310787
3361358;2;3;1; ; ; ; ; ; ; ; ; ; ; ; ;12;2314,70605310787
3361359;1;1;2;2;19; ;2; ; ;1;2; ; ;1; ;12;2220,58158306097
3361359;1;2;1; ; ; ; ; ; ; ; ; ; ; ; ;12;2220,58158306097
3361359;1;3;1; ; ; ; ; ; ; ; ; ; ; ; ;12;2220,58158306097
3361359;1;4;1; ; ; ; ; ; ; ; ; ; ; ; ;12;2220,58158306097
3361360;1;1;2;2;50; ;2; ; ;1;2; ; ;1; ;12;2950,12847068583
3361360;1;2;2;2;15; ;2; ; ;1;2; ; ;1; ;12;2950,12847068583
3361360;1;3;2;2;73; ;2; ; ;1;2; ; ;1; ;12;2950,12847068583
3361363;1;1;2;2;50; ;2; ; ;1;2; ; ;1; ;12;2196,42518391263
3361363;1;2;2;2;41; ;2; ; ;1;2; ; ;1; ;12;2196,42518391263
3361363;1;3;2;2;41; ;2; ; ;1;2; ; ;1; ;12;2196,42518391263
3361363;1;4;2;2;41; ;2; ; ;1;2; ; ;1; ;12;2196,42518391263
3361368;1;1;1; ; ; ; ; ; ; ; ; ; ; ; ;12;2320,86200302846
3361368;1;2;2;2;85; ;3;85; ;1;2; ; ;1; ;12;2320,86200302846
3361368;1;3;1; ; ; ; ; ; ; ; ; ; ; ; ;12;2320,86200302846
3361369;1;1;2;2;25; ;3;25; ;1;3;15; ;1; ;12;2283,69300018715
3361369;1;2;2;2;15; ;3;15; ;1;3;15; ;1; ;12;2283,69300018715
3361369;1;3;2;2;15; ;1; ; ; ;3;15; ;1; ;12;2283,69300018715
3361370;1;1;1; ; ; ; ; ; ; ; ; ; ; ; ;12;2950,12847068583
3361370;1;2;1; ; ; ; ; ; ; ; ; ; ; ; ;12;2950,12847068583
3361370;1;3;1; ; ; ; ; ; ; ; ; ; ; ; ;12;2950,12847068583
3361371;1;1;1; ; ; ; ; ; ; ; ; ; ; ; ;12;2461,87828291325
3361372;1;1;2;2;73; ;2; ; ;1;2; ; ;1; ;12;2950,12847068583
3361372;1;2;2;2;50; ;2; ; ;1;2; ; ;1; ;12;2950,12847068583
3361372;1;3;1; ; ; ; ; ; ; ; ; ; ; ; ;12;2950,12847068583
3361373;1;1;2;2;76; ;2; ; ;1;2; ; ;1; ;12;2524,12933168662
3361373;1;2;2;2;15; ;2; ; ;1;2; ; ;1; ;12;2524,12933168662
3361374;1;1;2;2;68; ;2; ; ;1;2; ; ;1; ;12;2875,69475209342
3361374;1;2;1; ; ; ; ; ; ; ; ; ; ; ; ;12;2875,69475209342
3361374;1;3;2;2;68; ;3;68; ;2;2; ; ;1; ;12;2875,69475209342
3361374;1;4;1; ; ; ; ; ; ; ; ; ; ; ; ;12;2875,69475209342
3361374;1;5;2;2;68; ;2; ; ;1;2; ; ;1; ;12;2875,69475209342
3361374;1;6;1; ; ; ; ; ; ; ; ; ; ; ; ;12;2875,69475209342
3361374;1;7;2;2;68; ;2; ; ;1;2; ; ;1; ;12;2875,69475209342
3361375;1;1;2;2;15; ;2; ; ;1;2; ; ;1; ;12;2387,44456432084
3361375;1;2;2;2;15; ;2; ; ;1;2; ; ;1; ;12;2387,44456432084
3361375;1;3;1; ; ; ; ; ; ; ; ; ; ; ; ;12;2387,44456432084
3361375;1;4;1; ; ; ; ; ; ; ; ; ; ; ; ;12;2387,44456432084
3361375;1;5;1; ; ; ; ; ; ; ; ; ; ; ; ;12;2387,44456432084
3361376;1;1;2;2;25; ;2; ; ;1;2; ; ;1; ;12;2524,12933168662
3361376;1;2;2;2;15; ;2; ; ;1;2; ; ;1; ;12;2524,12933168662
3361377;1;1;2;2;05; ;2; ; ;1;2; ; ;1; ;12;2975,00308835612
3361377;1;2;1; ; ; ; ; ; ; ; ; ; ; ; ;12;2975,00308835612
3361377;1;3;1; ; ; ; ; ; ; ; ; ; ; ; ;12;2975,00308835612
3361377;1;4;1; ; ; ; ; ; ; ; ; ; ; ; ;12;2975,00308835612
3361377;1;5;2;2;47; ;2; ; ;1;2; ; ;1; ;12;2975,00308835612
3361378;1;1;1; ; ; ; ; ; ; ; ; ; ; ; ;12;2956,05947767449
3361378;1;2;1; ; ; ; ; ; ; ; ; ; ; ; ;12;2956,05947767449
3361378;1;3;1; ; ; ; ; ; ; ; ; ; ; ; ;12;2956,05947767449
3361378;1;4;1; ; ; ; ; ; ; ; ; ; ; ; ;12;2956,05947767449
3361379;1;1;2;2;68; ;2; ; ;1;2; ; ;1; ;12;1845,0135417443
3361379;1;2;1; ; ; ; ; ; ; ; ; ; ; ; ;12;1845,0135417443
3361379;1;3;1; ; ; ; ; ; ; ; ; ; ; ; ;12;1845,0135417443
3361379;1;4;2;2;68; ;3;68; ;1;2; ; ;1; ;12;1845,0135417443
3361379;1;5;1; ; ; ; ; ; ; ; ; ; ; ; ;12;1845,0135417443
3361379;1;6;1; ; ; ; ; ; ; ; ; ; ; ; ;12;1845,0135417443
3361379;1;7;1; ; ; ; ; ; ; ; ; ; ; ; ;12;1845,0135417443
3361379;1;8;1; ; ; ; ; ; ; ; ; ; ; ; ;12;1845,0135417443
3361380;1;1;2;2;73; ;2; ; ;1;2; ; ;1; ;12;2881,57932216101
3361380;1;2;2;2;15; ;2; ; ;1;2; ; ;1; ;12;2881,57932216101
3361380;1;3;1; ; ; ; ; ; ; ; ; ; ; ; ;12;2881,57932216101
3361380;1;4;1; ; ; ; ; ; ; ; ; ; ; ; ;12;2881,57932216101
3361380;2;1;1; ; ; ; ; ; ; ; ; ; ; ; ;12;2881,57932216101
3361380;2;2;2;1; ; ;2; ; ;1;2; ; ;1; ;12;2881,57932216101
3361380;2;3;1; ; ; ; ; ; ; ; ; ; ; ; ;12;2881,57932216101
3361380;2;4;1; ; ; ; ; ; ; ; ; ; ; ; ;12;2881,57932216101
3361381;1;1;1; ; ; ; ; ; ; ; ; ; ; ; ;12;2671,84127400309
3361381;1;2;2;2;73; ;2; ; ;1;2; ; ;1; ;12;2671,84127400309
3361381;1;3;1; ; ; ; ; ; ; ; ; ; ; ; ;12;2671,84127400309
3361382;1;1;1; ; ; ; ; ; ; ; ; ; ; ; ;12;2382,96230174702
3361382;1;2;2;2;15; ;2; ; ;1;2; ; ;1; ;12;2382,96230174702
3361382;1;3;1; ; ; ; ; ; ; ; ; ; ; ; ;12;2382,96230174702
3361382;1;4;1; ; ; ; ; ; ; ; ; ; ; ; ;12;2382,96230174702
3361382;1;5;1; ; ; ; ; ; ; ; ; ; ; ; ;12;2382,96230174702
3361382;1;6;1; ; ; ; ; ; ; ; ; ; ; ; ;12;2382,96230174702
3361382;1;7;1; ; ; ; ; ; ; ; ; ; ; ; ;12;2382,96230174702
3361382;1;8;1; ; ; ; ; ; ; ; ; ; ; ; ;12;2382,96230174702
3361382;1;9;1; ; ; ; ; ; ; ; ; ; ; ; ;12;2382,96230174702
3361383;1;1;2;2;25; ;3;25; ;1;2; ; ;1; ;12;2510,42626542773
3361383;1;2;2;2;25; ;3;25; ;1;2; ; ;1; ;12;2510,42626542773
3361384;1;1;2;2;41; ;2; ; ;1;2; ; ;1; ;12;3006,24108420877
3361384;1;2;2;2;41; ;2; ; ;1;2; ; ;1; ;12;3006,24108420877
3361384;1;3;1; ; ; ; ; ; ; ; ; ; ; ; ;12;3006,24108420877
3361384;1;4;1; ; ; ; ; ; ; ; ; ; ; ; ;12;3006,24108420877
3361385;1;1;2;2;73; ;2; ; ;1;2; ; ;1; ;12;2969,07208136746
3361385;1;2;1; ; ; ; ; ; ; ; ; ; ; ; ;12;2969,07208136746
3361385;1;3;1; ; ; ; ; ; ; ; ; ; ; ; ;12;2969,07208136746
3361385;1;4;1; ; ; ; ; ; ; ; ; ; ; ; ;12;2969,07208136746
3361386;1;1;2;2;15; ;2; ; ;1;2; ; ;1; ;12;1998,3242068001
3361386;1;2;1; ; ; ; ; ; ; ; ; ; ; ; ;12;1998,3242068001
3361386;1;3;1; ; ; ; ; ; ; ; ; ; ; ; ;12;1998,3242068001
3361386;1;4;1; ; ; ; ; ; ; ; ; ; ; ; ;12;1998,3242068001
3361387;1;1;1; ; ; ; ; ; ; ; ; ; ; ; ;12;2492,50540156134
3361387;1;2;2;2;15; ;2; ; ;1;2; ; ;1; ;12;2492,50540156134
3361387;1;3;1; ; ; ; ; ; ; ; ; ; ; ; ;12;2492,50540156134
3361387;1;4;1; ; ; ; ; ; ; ; ; ; ; ; ;12;2492,50540156134
3361387;1;5;1; ; ; ; ; ; ; ; ; ; ; ; ;12;2492,50540156134
3361387;1;6;1; ; ; ; ; ; ; ; ; ; ; ; ;12;2492,50540156134
3361387;1;7;1; ; ; ; ; ; ; ; ; ; ; ; ;12;2492,50540156134
3361388;1;1;2;2;68; ;2; ; ;1;2; ; ;1; ;12;3029,91444905296
3361388;1;2;1; ; ; ; ; ; ; ; ; ; ; ; ;12;3029,91444905296
3361388;1;3;2;2;05; ;3;68; ;1;3;05; ;1; ;12;3029,91444905296
3361389;1;1;2;2;15; ;2; ; ;1;2; ; ;1; ;12;2678,46274355767
3361389;1;2;2;2;68; ;2; ; ;1;2; ; ;1; ;12;2678,46274355767
3361389;1;3;1; ; ; ; ; ; ; ; ; ; ; ; ;12;2678,46274355767
3361389;1;4;1; ; ; ; ; ; ; ; ; ; ; ; ;12;2678,46274355767
3361390;1;1;2;2;15; ;2; ; ;1;2; ; ;1; ;12;1672,23616837575
3361390;1;2;2;2;15; ;2; ; ;1;2; ; ;1; ;12;1672,23616837575
3361390;1;3;2;2;15; ;2; ; ;1;2; ; ;1; ;12;1672,23616837575
3361390;1;4;1; ; ; ; ; ; ; ; ; ; ; ; ;12;1672,23616837575
3361390;1;5;2;2;15; ;2; ; ;1;2; ; ;1; ;12;1672,23616837575
3361390;1;6;2;2;15; ;2; ; ;1;2; ; ;1; ;12;1672,23616837575
3361390;1;7;1; ; ; ; ; ; ; ; ; ; ; ; ;12;1672,23616837575
3361391;1;1;2;2;73; ;2; ; ;1;2; ; ;1; ;12;2658,82867031012
3361391;1;2;2;2;73; ;2; ; ;1;2; ; ;1; ;12;2658,82867031012
3361391;1;3;2;2;76; ;2; ; ;1;2; ; ;1; ;12;2658,82867031012
3361392;1;1;2;2;20; ;2; ; ;1;2; ; ;1; ;12;2677,77228099175
3361392;1;2;2;2;54; ;2; ; ;1;2; ; ;1; ;12;2677,77228099175
3361392;1;3;1; ; ; ; ; ; ; ; ; ; ; ; ;12;2677,77228099175
3361392;1;4;1; ; ; ; ; ; ; ; ; ; ; ; ;12;2677,77228099175
3361393;1;1;2;2;15; ;2; ; ;1;2; ; ;1; ;12;2492,89133583397
3361393;1;2;2;2;15; ;2; ; ;1;2; ; ;1; ;12;2492,89133583397
3361393;1;3;2;2;15; ;2; ; ;1;2; ; ;1; ;12;2492,89133583397
3361394;1;1;2;2;23; ;2; ; ;1;2; ; ;1; ;12;2221,29980158292
3361394;1;2;2;2;23; ;2; ; ;1;2; ; ;1; ;12;2221,29980158292
3361394;1;3;1; ; ; ; ; ; ; ; ; ; ; ; ;12;2221,29980158292
3361394;2;1;1; ; ; ; ; ; ; ; ; ; ; ; ;12;2221,29980158292
3361394;2;2;1; ; ; ; ; ; ; ; ; ; ; ; ;12;2221,29980158292
3361394;2;3;1; ; ; ; ; ; ; ; ; ; ; ; ;12;2221,29980158292
3361395;1;1;2;2;52; ;2; ; ;1;2; ; ;1; ;12;2326,79301001712
3361395;1;2;2;2;73; ;2; ; ;1;2; ; ;1; ;12;2326,79301001712
3361395;1;3;1; ; ; ; ; ; ; ; ; ; ; ; ;12;2326,79301001712
3361395;1;4;2;2;73; ;3;73; ;1;2; ; ;1; ;12;2326,79301001712
3361396;1;1;2;2;25; ;2; ; ;1;2; ; ;1; ;12;2652,89766332146
3361396;1;2;2;2;19; ;2; ; ;1;2; ; ;1; ;12;2652,89766332146
3361397;1;1;1; ; ; ; ; ; ; ; ; ; ; ; ;12;2499,04728575456
3361398;1;1;2;2;50; ;2; ; ;1;2; ; ;1; ;12;1801,81781900455
3361398;1;2;1; ; ; ; ; ; ; ; ; ; ; ; ;12;1801,81781900455
3361398;1;3;1; ; ; ; ; ; ; ; ; ; ; ; ;12;1801,81781900455
3361398;1;4;1; ; ; ; ; ; ; ; ; ; ; ; ;12;1801,81781900455
3361398;1;5;1; ; ; ; ; ; ; ; ; ; ; ; ;12;1801,81781900455
3361398;1;6;1; ; ; ; ; ; ; ; ; ; ; ; ;12;1801,81781900455
3361398;1;7;1; ; ; ; ; ; ; ; ; ; ; ; ;12;1801,81781900455
3361398;1;8;1; ; ; ; ; ; ; ; ; ; ; ; ;12;1801,81781900455
3361398;1;9;1; ; ; ; ; ; ; ; ; ; ; ; ;12;1801,81781900455
3361398;1;10;1; ; ; ; ; ; ; ; ; ; ; ; ;12;1801,81781900455
3361398;1;11;1; ; ; ; ; ; ; ; ; ; ; ; ;12;1801,81781900455
3361399;1;1;2;2;17; ;2; ; ;1;2; ; ;1; ;12;2541,66426128038
3361400;1;1;2;2;13; ;2; ; ;1;2; ; ;1; ;12;2776,27692710859
3361400;1;2;2;2;68; ;2; ; ;1;2; ; ;1; ;12;2776,27692710859
3361400;1;3;1; ; ; ; ; ; ; ; ; ; ; ; ;12;2776,27692710859
3361400;1;4;2;2;68; ;2; ; ;1;2; ; ;1; ;12;2776,27692710859
3361400;1;5;2;2;97; ;2; ; ;1;2; ; ;1; ;12;2776,27692710859
3361400;1;6;2;2;97; ;3;97; ;2;3;97; ;2;4;12;2776,27692710859
3361400;1;7;1; ; ; ; ; ; ; ; ; ; ; ; ;12;2776,27692710859
3361400;1;8;1; ; ; ; ; ; ; ; ; ; ; ; ;12;2776,27692710859
3361401;1;1;2;2;52; ;2; ; ;1;2; ; ;1; ;12;2621,6596674688
3361401;1;2;2;2;41; ;2; ; ;1;2; ; ;1; ;12;2621,6596674688
3361401;1;3;2;2;18; ;3;52; ;2;2; ; ;1; ;12;2621,6596674688
3361402;1;1;2;2;63; ;2; ; ;1;2; ; ;1; ;12;3154,85091735292
3361402;1;2;1; ; ; ; ; ; ; ; ; ; ; ; ;12;3154,85091735292
3361402;1;3;1; ; ; ; ; ; ; ; ; ; ; ; ;12;3154,85091735292
3361402;1;4;1; ; ; ; ; ; ; ; ; ; ; ; ;12;3154,85091735292
3361403;1;1;1; ; ; ; ; ; ; ; ; ; ; ; ;12;1722,41777491004
3361403;1;2;1; ; ; ; ; ; ; ; ; ; ; ; ;12;1722,41777491004
3361403;1;3;1; ; ; ; ; ; ; ; ; ; ; ; ;12;1722,41777491004
3361403;1;4;1; ; ; ; ; ; ; ; ; ; ; ; ;12;1722,41777491004
3361403;1;5;1; ; ; ; ; ; ; ; ; ; ; ; ;12;1722,41777491004
3361403;1;6;1; ; ; ; ; ; ; ; ; ; ; ; ;12;1722,41777491004
3361403;1;7;1; ; ; ; ; ; ; ; ; ; ; ; ;12;1722,41777491004
3361404;1;1;2;2;73; ;2; ; ;1;2; ; ;1; ;12;2882,49472765885
3361404;1;2;2;2;17; ;2; ; ;1;2; ; ;1; ;12;2882,49472765885
3361404;1;3;1; ; ; ; ; ; ; ; ; ; ; ; ;12;2882,49472765885
3361404;1;4;1; ; ; ; ; ; ; ; ; ; ; ; ;12;2882,49472765885
3361404;1;5;1; ; ; ; ; ; ; ; ; ; ; ; ;12;2882,49472765885
3361405;1;1;2;2;15; ;2; ; ;1;2; ; ;1; ;12;2671,84127400309
3361405;1;2;1; ; ; ; ; ; ; ; ; ; ; ; ;12;2671,84127400309
3361405;1;3;2;2;15; ;2; ; ;1;2; ; ;1; ;12;2671,84127400309
3361406;1;1;1; ; ; ; ; ; ; ; ; ; ; ; ;12;3582,47730677783
3361406;1;2;1; ; ; ; ; ; ; ; ; ; ; ; ;12;3582,47730677783
3361406;1;3;1; ; ; ; ; ; ; ; ; ; ; ; ;12;3582,47730677783
3361406;1;4;1; ; ; ; ; ; ; ; ; ; ; ; ;12;3582,47730677783
3361406;1;5;1; ; ; ; ; ; ; ; ; ; ; ; ;12;3582,47730677783
3361406;1;6;1; ; ; ; ; ; ; ; ; ; ; ; ;12;3582,47730677783
3361406;1;7;1; ; ; ; ; ; ; ; ; ; ; ; ;12;3582,47730677783
3361407;1;1;2;2;73; ;2; ; ;1;2; ; ;1; ;12;2066,24817118992
3361407;1;2;1; ; ; ; ; ; ; ; ; ; ; ; ;12;2066,24817118992
3361408;1;1;2;2;15; ;2; ; ;1;2; ; ;1; ;12;2635,36273372769
3361408;1;2;2;2;73; ;2; ; ;1;2; ; ;1; ;12;2635,36273372769
3361408;1;3;1; ; ; ; ; ; ; ; ; ; ; ; ;12;2635,36273372769
3361409;1;1;2;2;05; ;2; ; ;1;2; ; ;1; ;12;2510,42626542773
3361409;1;2;1; ; ; ; ; ; ; ; ; ; ; ; ;12;2510,42626542773
3361410;1;1;2;2;73; ;2; ; ;1;2; ; ;1; ;12;2701,44564583594
3361410;1;2;1; ; ; ; ; ; ; ; ; ; ; ; ;12;2701,44564583594
3361410;1;3;1; ; ; ; ; ; ; ; ; ; ; ; ;12;2701,44564583594
3361411;1;1;2;1; ; ;2; ; ;1;2; ; ;1; ;12;2017,70018867543
3361412;1;1;2;2;08; ;2; ; ;1;2; ; ;1; ;12;2048,71324159615
3361412;1;2;1; ; ; ; ; ; ; ; ; ; ; ; ;12;2048,71324159615
3361412;1;3;1; ; ; ; ; ; ; ; ; ; ; ; ;12;2048,71324159615
3361413;1;1;2;2;68; ;2; ; ;1;2; ; ;1; ;12;1967,08621094745
3361413;1;2;1; ; ; ; ; ; ; ; ; ; ; ; ;12;1967,08621094745
3361413;1;3;1; ; ; ; ; ; ; ; ; ; ; ; ;12;1967,08621094745
3361413;1;4;1; ; ; ; ; ; ; ; ; ; ; ; ;12;1967,08621094745
3361413;1;5;1; ; ; ; ; ; ; ; ; ; ; ; ;12;1967,08621094745
3361414;1;1;1; ; ; ; ; ; ; ; ; ; ; ; ;12;2042,57480634573
3361414;1;2;1; ; ; ; ; ; ; ; ; ; ; ; ;12;2042,57480634573
3361414;1;3;1; ; ; ; ; ; ; ; ; ; ; ; ;12;2042,57480634573
3361415;1;1;2;2;73; ;2; ; ;1;2; ; ;1; ;12;2969,07208136746
3361415;1;2;2;2;25; ;2; ; ;1;2; ; ;1; ;12;2969,07208136746
3361415;1;3;1; ; ; ; ; ; ; ; ; ; ; ; ;12;2969,07208136746
3361415;1;4;1; ; ; ; ; ; ; ; ; ; ; ; ;12;2969,07208136746
3361416;1;1;1; ; ; ; ; ; ; ; ; ; ; ; ;12;2987,29747352714
3361416;1;2;1; ; ; ; ; ; ; ; ; ; ; ; ;12;2987,29747352714
3361416;1;3;1; ; ; ; ; ; ; ; ; ; ; ; ;12;2987,29747352714
3361417;1;1;1; ; ; ; ; ; ; ; ; ; ; ; ;12;2005,40580350442
3361417;1;2;2;1; ; ;2; ; ;1;2; ; ;1; ;12;2005,40580350442
3361417;1;3;1; ; ; ; ; ; ; ; ; ; ; ; ;12;2005,40580350442
3361420;1;1;1; ; ; ; ; ; ; ; ; ; ; ; ;12;2208,71956908364
3361420;1;2;1; ; ; ; ; ; ; ; ; ; ; ; ;12;2208,71956908364
3361422;1;1;2;2;25; ;2; ; ;1;2; ; ;1; ;12;2183,41258021965
3361422;1;2;2;2;25; ;2; ; ;1;2; ; ;1; ;12;2183,41258021965
3361422;1;3;2;1; ; ;2; ; ;1;2; ; ;1; ;12;2183,41258021965
3361422;1;4;1; ; ; ; ; ; ; ; ; ; ; ; ;12;2183,41258021965
3361423;1;1;2;2;05; ;2; ; ;1;2; ; ;1; ;12;1707,99649012919
3361423;1;2;1; ; ; ; ; ; ; ; ; ; ; ; ;12;1707,99649012919
3361423;1;3;1; ; ; ; ; ; ; ; ; ; ; ; ;12;1707,99649012919
3361423;1;4;1; ; ; ; ; ; ; ; ; ; ; ; ;12;1707,99649012919
3361423;1;5;1; ; ; ; ; ; ; ; ; ; ; ; ;12;1707,99649012919
3361424;1;1;1; ; ; ; ; ; ; ; ; ; ; ; ;12;2283,69300018715
3361424;1;2;1; ; ; ; ; ; ; ; ; ; ; ; ;12;2283,69300018715
3361424;1;3;1; ; ; ; ; ; ; ; ; ; ; ; ;12;2283,69300018715
3361425;1;1;2;2;25; ;2; ; ;1;2; ; ;1; ;12;2671,66276799223
3361425;1;2;2;2;25; ;2; ; ;1;2; ; ;1; ;12;2671,66276799223
3361425;1;3;1; ; ; ; ; ; ; ; ; ; ; ; ;12;2671,66276799223
3361425;1;4;1; ; ; ; ; ; ; ; ; ; ; ; ;12;2671,66276799223
3361425;1;5;1; ; ; ; ; ; ; ; ; ; ; ; ;12;2671,66276799223
3361425;1;6;1; ; ; ; ; ; ; ; ; ; ; ; ;12;2671,66276799223
3361426;1;1;2;2;25; ;2; ; ;1;2; ; ;1; ;12;2035,01017533726
3361426;1;2;2;2;25; ;2; ; ;1;2; ; ;1; ;12;2035,01017533726
3361426;1;3;1; ; ; ; ; ; ; ; ; ; ; ; ;12;2035,01017533726
3361427;1;1;2;2;17; ;2; ; ;1;2; ; ;1; ;12;2492,89133583397
3361427;1;2;2;2;15; ;2; ; ;1;2; ; ;1; ;12;2492,89133583397
3361427;1;3;1; ; ; ; ; ; ; ; ; ; ; ; ;12;2492,89133583397
3361428;1;1;2;2;25; ;2; ; ;1;2; ; ;1; ;12;2510,42626542773
3361428;1;2;1; ; ; ; ; ; ; ; ; ; ; ; ;12;2510,42626542773
3361429;1;1;2;2;73; ;2; ; ;1;2; ; ;1; ;12;2541,66426128038
3361430;1;1;2;2;25; ;2; ; ;1;2; ; ;1; ;12;2529,1913700985
3361430;1;2;2;2;15; ;2; ; ;1;2; ; ;1; ;12;2529,1913700985
3361430;1;3;2;2;15; ;2; ; ;1;2; ; ;1; ;12;2529,1913700985
3361430;1;4;2;2;15; ;2; ; ;1;2; ; ;1; ;12;2529,1913700985
3361430;1;5;1; ; ; ; ; ; ; ; ; ; ; ; ;12;2529,1913700985
3361430;1;6;2;2;15; ;2; ; ;1;2; ; ;1; ;12;2529,1913700985
3361431;1;1;2;2;15; ;2; ; ;1;2; ; ;1; ;12;1302,4238357766
3361431;1;2;1; ; ; ; ; ; ; ; ; ; ; ; ;12;1302,4238357766
3361431;1;3;1; ; ; ; ; ; ; ; ; ; ; ; ;12;1302,4238357766
3361431;1;4;1; ; ; ; ; ; ; ; ; ; ; ; ;12;1302,4238357766
3361431;1;5;1; ; ; ; ; ; ; ; ; ; ; ; ;12;1302,4238357766
3361431;1;6;2;2;73; ;2; ; ;1;2; ; ;1; ;12;1302,4238357766
3361431;1;7;1; ; ; ; ; ; ; ; ; ; ; ; ;12;1302,4238357766
3361431;1;8;1; ; ; ; ; ; ; ; ; ; ; ; ;12;1302,4238357766
3361431;1;9;1; ; ; ; ; ; ; ; ; ; ; ; ;12;1302,4238357766
3361432;1;1;2;2;25; ;2; ; ;1;2; ; ;1; ;12;2524,12933168662
3361432;1;2;1; ; ; ; ; ; ; ; ; ; ; ; ;12;2524,12933168662
3361433;1;1;2;2;25; ;2; ; ;1;2; ; ;1; ;12;2684,13565917411
3361434;1;1;2;2;73; ;3;73; ;1;3;73; ;1; ;12;2690,06666616277
3361434;1;2;2;2;73; ;3;73; ;1;2; ; ;1; ;12;2690,06666616277
3361435;1;1;2;2;19; ;2; ; ;1;2; ; ;1; ;12;3147,0788580827
3361435;1;2;2;2;19; ;2; ; ;1;2; ; ;1; ;12;3147,0788580827
3361435;1;3;2;2;19; ;2; ; ;1;4; ;11; ;2;12;3147,0788580827
3361435;1;4;2;2;76; ;2; ; ;1;2; ; ;1; ;12;3147,0788580827
3361435;1;5;1; ; ; ; ; ; ; ; ; ; ; ; ;12;3147,0788580827
3361436;1;1;2;2;73; ;2; ; ;1;2; ; ;1; ;12;2652,89766332146
3361436;1;2;1; ; ; ; ; ; ; ; ; ; ; ; ;12;2652,89766332146
3361437;1;1;1; ; ; ; ; ; ; ; ; ; ; ; ;12;2690,78488468473
3361437;1;2;1; ; ; ; ; ; ; ; ; ; ; ; ;12;2690,78488468473
3361437;1;3;1; ; ; ; ; ; ; ; ; ; ; ; ;12;2690,78488468473
3361437;1;4;1; ; ; ; ; ; ; ; ; ; ; ; ;12;2690,78488468473
3361438;1;1;1; ; ; ; ; ; ; ; ; ; ; ; ;12;2065,81579999622
3361438;1;2;1; ; ; ; ; ; ; ; ; ; ; ; ;12;2065,81579999622
3361438;1;3;1; ; ; ; ; ; ; ; ; ; ; ; ;12;2065,81579999622
3361438;1;4;1; ; ; ; ; ; ; ; ; ; ; ; ;12;2065,81579999622
3361438;1;5;1; ; ; ; ; ; ; ; ; ; ; ; ;12;2065,81579999622
3361438;1;6;2;2;15; ;2; ; ;1;2; ; ;1; ;12;2065,81579999622
3361439;1;1;1; ; ; ; ; ; ; ; ; ; ; ; ;12;1721,00909382216
3361439;1;2;1; ; ; ; ; ; ; ; ; ; ; ; ;12;1721,00909382216
3361439;1;3;1; ; ; ; ; ; ; ; ; ; ; ; ;12;1721,00909382216
3361439;1;4;1; ; ; ; ; ; ; ; ; ; ; ; ;12;1721,00909382216
3361439;1;5;1; ; ; ; ; ; ; ; ; ; ; ; ;12;1721,00909382216
3361440;1;1;1; ; ; ; ; ; ; ; ; ; ; ; ;12;1257,88738890272
3361440;1;2;1; ; ; ; ; ; ; ; ; ; ; ; ;12;1257,88738890272
3361440;1;3;1; ; ; ; ; ; ; ; ; ; ; ; ;12;1257,88738890272
3361440;1;4;1; ; ; ; ; ; ; ; ; ; ; ; ;12;1257,88738890272
3361441;1;1;2;2;17; ;2; ; ;1;2; ; ;1; ;12;2738,61464867725
3361441;1;2;2;1; ; ;2; ; ;1;2; ; ;1; ;12;2738,61464867725
3361441;1;3;2;2;17; ;2; ; ;1;2; ; ;1; ;12;2738,61464867725
3361442;1;1;2;2;73; ;2; ; ;1;2; ; ;1; ;12;2541,66426128038
3361443;1;1;1; ; ; ; ; ; ; ; ; ; ; ; ;12;2220,58158306097
3361443;1;2;1; ; ; ; ; ; ; ; ; ; ; ; ;12;2220,58158306097
3361443;1;3;1; ; ; ; ; ; ; ; ; ; ; ; ;12;2220,58158306097
3361443;1;4;1; ; ; ; ; ; ; ; ; ; ; ; ;12;2220,58158306097
3361444;1;1;1; ; ; ; ; ; ; ; ; ; ; ; ;12;2690,78488468473
3361444;1;2;1; ; ; ; ; ; ; ; ; ; ; ; ;12;2690,78488468473
3361444;1;3;1; ; ; ; ; ; ; ; ; ; ; ; ;12;2690,78488468473
3361444;1;4;1; ; ; ; ; ; ; ; ; ; ; ; ;12;2690,78488468473
3361445;1;1;1; ; ; ; ; ; ; ; ; ; ; ; ;12;2690,06666616277
3361445;1;2;1; ; ; ; ; ; ; ; ; ; ; ; ;12;2690,06666616277
3361446;1;1;1; ; ; ; ; ; ; ; ; ; ; ; ;12;2017,70018867543
3361447;1;1;1; ; ; ; ; ; ; ; ; ; ; ; ;12;2461,87828291325
3361448;1;1;1; ; ; ; ; ; ; ; ; ; ; ; ;12;2969,07208136746
3361448;1;2;1; ; ; ; ; ; ; ; ; ; ; ; ;12;2969,07208136746
3361448;1;3;1; ; ; ; ; ; ; ; ; ; ; ; ;12;2969,07208136746
3361448;1;4;1; ; ; ; ; ; ; ; ; ; ; ; ;12;2969,07208136746
3361449;1;1;1; ; ; ; ; ; ; ; ; ; ; ; ;12;2048,71324159615
3361449;1;2;2;2;68; ;2; ; ;1;2; ; ;1; ;12;2048,71324159615
3361449;1;3;2;2;68; ;3;68; ;2;3;68; ;2;1;12;2048,71324159615
3361450;1;1;2;2;25; ;2; ; ;1;2; ; ;1; ;12;3017,40149454411
3361450;1;2;2;2;15; ;2; ; ;1;2; ; ;1; ;12;3017,40149454411
3361450;1;3;2;2;15; ;2; ; ;1;2; ; ;1; ;12;3017,40149454411
3361450;1;4;2;2;15; ;2; ; ;1;2; ; ;1; ;12;3017,40149454411
3361450;1;5;1; ; ; ; ; ; ; ; ; ; ; ; ;12;3017,40149454411
3361451;1;1;2;2;73; ;2; ; ;1;2; ; ;1; ;12;2492,89133583397
3361451;1;2;2;2;25; ;2; ; ;1;2; ; ;1; ;12;2492,89133583397
3361451;1;3;1; ; ; ; ; ; ; ; ; ; ; ; ;12;2492,89133583397
3361452;1;1;1; ; ; ; ; ; ; ; ; ; ; ; ;12;2677,77228099175
3361452;1;2;1; ; ; ; ; ; ; ; ; ; ; ; ;12;2677,77228099175
3361452;1;3;1; ; ; ; ; ; ; ; ; ; ; ; ;12;2677,77228099175
3361452;1;4;1; ; ; ; ; ; ; ; ; ; ; ; ;12;2677,77228099175
3361453;1;1;2;2;15; ;2; ; ;1;2; ; ;1; ;12;2475,58134917214
3361454;1;1;2;2;15; ;2; ; ;1;2; ; ;1; ;12;2652,89766332146
3361454;1;2;2;2;15; ;2; ; ;1;2; ; ;1; ;12;2652,89766332146
3361455;1;1;1; ; ; ; ; ; ; ; ; ; ; ; ;12;2684,13565917411
3361456;1;1;2;2;73; ;2; ; ;1;2; ; ;1; ;12;2715,14871209483
3361456;1;2;2;2;68; ;2; ; ;1;2; ; ;1; ;12;2715,14871209483
3361456;1;3;1; ; ; ; ; ; ; ; ; ; ; ; ;12;2715,14871209483
3361457;1;1;1; ; ; ; ; ; ; ; ; ; ; ; ;12;2283,69300018715
3361457;1;2;1; ; ; ; ; ; ; ; ; ; ; ; ;12;2283,69300018715
3361457;1;3;1; ; ; ; ; ; ; ; ; ; ; ; ;12;2283,69300018715
3361458;1;1;1; ; ; ; ; ; ; ; ; ; ; ; ;12;2652,89766332146
3361458;1;2;1; ; ; ; ; ; ; ; ; ; ; ; ;12;2652,89766332146
3361459;1;1;1; ; ; ; ; ; ; ; ; ; ; ; ;12;2950,12847068583
3361459;1;2;1; ; ; ; ; ; ; ; ; ; ; ; ;12;2950,12847068583
3361459;1;3;1; ; ; ; ; ; ; ; ; ; ; ; ;12;2950,12847068583
3361460;1;1;1; ; ; ; ; ; ; ; ; ; ; ; ;12;2467,80928990191
3361460;1;2;1; ; ; ; ; ; ; ; ; ; ; ; ;12;2467,80928990191
3361461;1;1;2;2;17; ;3;17; ;1;2; ; ;1; ;12;2208,71956908364
3361461;1;2;2;2;17; ;3;17; ;1;2; ; ;1; ;12;2208,71956908364
3361462;1;1;2;2;08; ;2; ; ;1;2; ; ;1; ;12;2461,87828291325
3361463;1;1;1; ; ; ; ; ; ; ; ; ; ; ; ;12;2690,06666616277
3361463;1;2;1; ; ; ; ; ; ; ; ; ; ; ; ;12;2690,06666616277
3361464;1;1;1; ; ; ; ; ; ; ; ; ; ; ; ;12;2461,87828291325
3361465;1;1;2;2;08; ;2; ; ;1;2; ; ;1; ;12;2950,12847068583
3361465;1;2;2;2;25; ;2; ; ;1;2; ; ;1; ;12;2950,12847068583
3361465;1;3;1; ; ; ; ; ; ; ; ; ; ; ; ;12;2950,12847068583
3361466;1;1;1; ; ; ; ; ; ; ; ; ; ; ; ;12;2690,06666616277
3361466;1;2;1; ; ; ; ; ; ; ; ; ; ; ; ;12;2690,06666616277
3361467;1;1;1; ; ; ; ; ; ; ; ; ; ; ; ;12;2684,13565917411
3361468;1;1;2;2;73; ;2; ; ;1;2; ; ;1; ;12;2461,87828291325
3361469;1;1;1; ; ; ; ; ; ; ; ; ; ; ; ;12;2690,06666616277
3361469;1;2;1; ; ; ; ; ; ; ; ; ; ; ; ;12;2690,06666616277
3361470;1;1;1; ; ; ; ; ; ; ; ; ; ; ; ;12;2029,56220265276
3361470;1;2;1; ; ; ; ; ; ; ; ; ; ; ; ;12;2029,56220265276
3361470;1;3;1; ; ; ; ; ; ; ; ; ; ; ; ;12;2029,56220265276
3361471;1;1;1; ; ; ; ; ; ; ; ; ; ; ; ;12;3247,35927805019
3361471;1;2;1; ; ; ; ; ; ; ; ; ; ; ; ;12;3247,35927805019
3361471;1;3;1; ; ; ; ; ; ; ; ; ; ; ; ;12;3247,35927805019
3361471;1;4;1; ; ; ; ; ; ; ; ; ; ; ; ;12;3247,35927805019
3361472;1;1;2;2;73; ;2; ; ;1;2; ; ;1; ;12;2461,87828291325
3361473;1;1;2;2;25; ;2; ; ;1;2; ; ;1; ;12;2510,42626542773
3361473;1;2;1; ; ; ; ; ; ; ; ; ; ; ; ;12;2510,42626542773
3361474;1;1;2;2;73; ;2; ; ;1;2; ; ;1; ;12;2430,64028706059
3361474;1;2;2;2;73; ;2; ; ;1;2; ; ;1; ;12;2430,64028706059
3361476;1;1;1; ; ; ; ; ; ; ; ; ; ; ; ;12;1284,84834560559
3361476;1;2;1; ; ; ; ; ; ; ; ; ; ; ; ;12;1284,84834560559
3361476;1;3;1; ; ; ; ; ; ; ; ; ; ; ; ;12;1284,84834560559
3361476;1;4;1; ; ; ; ; ; ; ; ; ; ; ; ;12;1284,84834560559
3361478;1;1;2;2;76; ;2; ; ;1;2; ; ;1; ;12;1141,52645499817
3361479;1;1;1; ; ; ; ; ; ; ; ; ; ; ; ;12;1041,05096108103
3361479;1;2;1; ; ; ; ; ; ; ; ; ; ; ; ;12;1041,05096108103
3361479;2;1;1; ; ; ; ; ; ; ; ; ; ; ; ;12;1041,05096108103
3361480;1;1;2;2;76; ;2; ; ;1;2; ; ;1; ;12;1263,18243692051
3361480;1;2;2;2;76; ;2; ; ;1;2; ; ;1; ;12;1263,18243692051
3361480;1;3;1; ; ; ; ; ; ; ; ; ; ; ; ;12;1263,18243692051
3361480;1;4;1; ; ; ; ; ; ; ; ; ; ; ; ;12;1263,18243692051
3361481;1;1;1; ; ; ; ; ; ; ; ; ; ; ; ;12;521,509368191736
3361481;1;2;2;2;76; ;2; ; ;1;2; ; ;1; ;12;521,509368191736
3361481;1;3;1; ; ; ; ; ; ; ; ; ; ; ; ;12;521,509368191736
3361481;1;4;1; ; ; ; ; ; ; ; ; ; ; ; ;12;521,509368191736
3361481;1;5;1; ; ; ; ; ; ; ; ; ; ; ; ;12;521,509368191736
3361481;1;6;2;2;66; ;2; ; ;1;2; ; ;1; ;12;521,509368191736
3361483;1;1;1; ; ; ; ; ; ; ; ; ; ; ; ;12;1433,29766379171
3361483;1;2;2;2;76; ;2; ; ;1;2; ; ;1; ;12;1433,29766379171
3361483;1;3;1; ; ; ; ; ; ; ; ; ; ; ; ;12;1433,29766379171
3361483;1;4;1; ; ; ; ; ; ; ; ; ; ; ; ;12;1433,29766379171
3361483;1;5;1; ; ; ; ; ; ; ; ; ; ; ; ;12;1433,29766379171
3361483;1;6;1; ; ; ; ; ; ; ; ; ; ; ; ;12;1433,29766379171
3361484;1;1;1; ; ; ; ; ; ; ; ; ; ; ; ;12;844,035523851638
3361485;1;1;2;2;27; ;2; ; ;1;2; ; ;1; ;12;883,165729025546
3361485;1;2;1; ; ; ; ; ; ; ; ; ; ; ; ;12;883,165729025546
3361486;1;1;1; ; ; ; ; ; ; ; ; ; ; ; ;12;1214,61631787724
3361486;1;2;1; ; ; ; ; ; ; ; ; ; ; ; ;12;1214,61631787724
3361486;1;3;1; ; ; ; ; ; ; ; ; ; ; ; ;12;1214,61631787724
3361486;1;4;1; ; ; ; ; ; ; ; ; ; ; ; ;12;1214,61631787724
3361488;1;1;2;2;19; ;2; ; ;1;2; ; ;1; ;12;1180,65666017207
3361488;1;2;2;2;41; ;2; ; ;1;2; ; ;1; ;12;1180,65666017207
3361489;1;1;2;2;52; ;2; ; ;1;2; ; ;1; ;12;1203,74116927534
3361489;1;2;2;2;52; ;3;52; ;1;2; ; ;1; ;12;1203,74116927534
3361489;1;3;2;2;52; ;2; ; ;1;2; ; ;1; ;12;1203,74116927534
3361490;1;1;1; ; ; ; ; ; ; ; ; ; ; ; ;12;1009,08707734852
3361490;1;2;2;2;76; ;2; ; ;1;2; ; ;1; ;12;1009,08707734852
3361490;1;3;2;2;76; ;2; ; ;1;2; ; ;1; ;12;1009,08707734852
3361490;1;4;1; ; ; ; ; ; ; ; ; ; ; ; ;12;1009,08707734852
3361490;1;5;1; ; ; ; ; ; ; ; ; ; ; ; ;12;1009,08707734852
3361491;1;1;2;2;76; ;2; ; ;1;2; ; ;1; ;12;1224,05223174661
3361491;1;2;1; ; ; ; ; ; ; ; ; ; ; ; ;12;1224,05223174661
3361491;1;3;1; ; ; ; ; ; ; ; ; ; ; ; ;12;1224,05223174661
3361492;1;1;1; ; ; ; ; ; ; ; ; ; ; ; ;12;645,052311319805
3361492;1;2;1; ; ; ; ; ; ; ; ; ; ; ; ;12;645,052311319805
3361493;1;1;2;2;19; ;3;19; ;2;2; ; ;1; ;12;1275,41243173622
3361493;1;2;2;2;19; ;3;19; ;2;2; ; ;1; ;12;1275,41243173622
3361493;1;3;2;1; ; ;2; ; ;1;2; ; ;1; ;12;1275,41243173622
3361493;1;4;2;2;19; ;3;19; ;1;3;19; ;1; ;12;1275,41243173622
3361493;1;5;2;2;19; ;3;19; ;2;2; ; ;1; ;12;1275,41243173622
3361494;1;1;1; ; ; ; ; ; ; ; ; ; ; ; ;12;942,543242466333
3361494;1;2;1; ; ; ; ; ; ; ; ; ; ; ; ;12;942,543242466333
3361495;1;1;1; ; ; ; ; ; ; ; ; ; ; ; ;12;558,483610119639
3361495;1;2;2;2;76; ;2; ; ;1;2; ; ;1; ;12;558,483610119639
3361495;1;3;1; ; ; ; ; ; ; ; ; ; ; ; ;12;558,483610119639
3361495;1;4;1; ; ; ; ; ; ; ; ; ; ; ; ;12;558,483610119639
3361496;1;1;1; ; ; ; ; ; ; ; ; ; ; ; ;12;1182,74178635482
3361496;1;2;2;2;76; ;2; ; ;1;2; ; ;1; ;12;1182,74178635482
3361496;1;3;1; ; ; ; ; ; ; ; ; ; ; ; ;12;1182,74178635482
3361497;1;1;2;2;76; ;2; ; ;1;2; ; ;1; ;12;752,296275182734
3361497;1;2;2;2;76; ;2; ; ;1;2; ; ;1; ;12;752,296275182734
3361497;1;3;1; ; ; ; ; ; ; ; ; ; ; ; ;12;752,296275182734
3361497;1;4;1; ; ; ; ; ; ; ; ; ; ; ; ;12;752,296275182734
3361498;1;1;2;2;19; ;2; ; ;1;2; ; ;1; ;12;779,132731336544
3361498;1;2;2;2;19; ;2; ; ;1;2; ; ;1; ;12;779,132731336544
3361498;1;3;1; ; ; ; ; ; ; ; ; ; ; ; ;12;779,132731336544
3361499;1;1;2;2;17; ;2; ; ;1;2; ; ;1; ;12;1220,45339111053
3361499;1;2;2;2;17; ;2; ; ;1;2; ; ;1; ;12;1220,45339111053
3361499;1;3;1; ; ; ; ; ; ; ; ; ; ; ; ;12;1220,45339111053
3361500;1;1;1; ; ; ; ; ; ; ; ; ; ; ; ;12;948,645186647572
3361500;1;2;1; ; ; ; ; ; ; ; ; ; ; ; ;12;948,645186647572
3361500;1;3;1; ; ; ; ; ; ; ; ; ; ; ; ;12;948,645186647572
3361500;1;4;1; ; ; ; ; ; ; ; ; ; ; ; ;12;948,645186647572
3361500;1;5;1; ; ; ; ; ; ; ; ; ; ; ; ;12;948,645186647572
3361500;1;6;1; ; ; ; ; ; ; ; ; ; ; ; ;12;948,645186647572
3361501;1;1;1; ; ; ; ; ; ; ; ; ; ; ; ;12;521,509368191736
3361501;1;2;1; ; ; ; ; ; ; ; ; ; ; ; ;12;521,509368191736
3361501;1;3;1; ; ; ; ; ; ; ; ; ; ; ; ;12;521,509368191736
3361501;1;4;1; ; ; ; ; ; ; ; ; ; ; ; ;12;521,509368191736
3361503;1;1;1; ; ; ; ; ; ; ; ; ; ; ; ;12;1224,05223174661
3361503;1;2;2;2;76; ;2; ; ;1;2; ; ;1; ;12;1224,05223174661
3361503;1;3;2;2;76; ;2; ; ;1;2; ; ;1; ;12;1224,05223174661
3361504;1;1;2;2;23; ;2; ; ;1;2; ; ;1; ;12;145,164862246716
3361504;1;2;1; ; ; ; ; ; ; ; ; ; ; ; ;12;145,164862246716
3361504;1;3;1; ; ; ; ; ; ; ; ; ; ; ; ;12;145,164862246716
3361504;1;4;2;2;23; ;3;23; ;1;2; ; ;1; ;12;145,164862246716
3361505;1;1;1; ; ; ; ; ; ; ; ; ; ; ; ;12;154,66705926197
3361505;1;2;1; ; ; ; ; ; ; ; ; ; ; ; ;12;154,66705926197
3361505;1;3;1; ; ; ; ; ; ; ; ; ; ; ; ;12;154,66705926197
3361506;1;1;1; ; ; ; ; ; ; ; ; ; ; ; ;12;174,497443417799
3361506;1;2;1; ; ; ; ; ; ; ; ; ; ; ; ;12;174,497443417799
3361506;1;3;1; ; ; ; ; ; ; ; ; ; ; ; ;12;174,497443417799
3361506;1;4;1; ; ; ; ; ; ; ; ; ; ; ; ;12;174,497443417799
3361507;1;1;2;2;23; ;2; ; ;1;2; ; ;1; ;12;114,163677454941
3361507;1;2;1; ; ; ; ; ; ; ; ; ; ; ; ;12;114,163677454941
3361507;1;3;1; ; ; ; ; ; ; ; ; ; ; ; ;12;114,163677454941
3361507;2;1;1; ; ; ; ; ; ; ; ; ; ; ; ;12;114,163677454941
3361507;2;2;1; ; ; ; ; ; ; ; ; ; ; ; ;12;114,163677454941
3361508;1;1;1; ; ; ; ; ; ; ; ; ; ; ; ;12;146,833247246883
3361508;1;2;2;1; ; ;2; ; ;1;2; ; ;1; ;12;146,833247246883
3361508;1;3;1; ; ; ; ; ; ; ; ; ; ; ; ;12;146,833247246883
3361508;1;4;1; ; ; ; ; ; ; ; ; ; ; ; ;12;146,833247246883
3361509;1;1;2;2;23; ;3;13; ;1;2; ; ;1; ;12;307,434563044635
3361509;1;2;1; ; ; ; ; ; ; ; ; ; ; ; ;12;307,434563044635
3361509;1;3;1; ; ; ; ; ; ; ; ; ; ; ; ;12;307,434563044635
3361509;1;4;1; ; ; ; ; ; ; ; ; ; ; ; ;12;307,434563044635
3361512;1;1;1; ; ; ; ; ; ; ; ; ; ; ; ;12;288,849058723928
3361512;1;2;1; ; ; ; ; ; ; ; ; ; ; ; ;12;288,849058723928
3361512;1;3;1; ; ; ; ; ; ; ; ; ; ; ; ;12;288,849058723928
3361513;1;1;1; ; ; ; ; ; ; ; ; ; ; ; ;12;330,193085308147
3361513;1;2;1; ; ; ; ; ; ; ; ; ; ; ; ;12;330,193085308147
3361513;1;3;1; ; ; ; ; ; ; ; ; ; ; ; ;12;330,193085308147
3361513;1;4;1; ; ; ; ; ; ; ; ; ; ; ; ;12;330,193085308147
3361513;1;5;1; ; ; ; ; ; ; ; ; ; ; ; ;12;330,193085308147
3361513;1;6;1; ; ; ; ; ; ; ; ; ; ; ; ;12;330,193085308147
3361513;1;7;1; ; ; ; ; ; ; ; ; ; ; ; ;12;330,193085308147
3361515;1;1;1; ; ; ; ; ; ; ; ; ; ; ; ;12;132,657883683699
3361515;1;2;1; ; ; ; ; ; ; ; ; ; ; ; ;12;132,657883683699
3361516;1;1;1; ; ; ; ; ; ; ; ; ; ; ; ;12;196,644263007509
3361516;1;2;1; ; ; ; ; ; ; ; ; ; ; ; ;12;196,644263007509
3361516;1;3;1; ; ; ; ; ; ; ; ; ; ; ; ;12;196,644263007509
3361516;1;4;1; ; ; ; ; ; ; ; ; ; ; ; ;12;196,644263007509
3361516;1;5;2;1; ; ;2; ; ;1;2; ; ;1; ;12;196,644263007509
3361516;1;6;1; ; ; ; ; ; ; ; ; ; ; ; ;12;196,644263007509
3361516;1;7;1; ; ; ; ; ; ; ; ; ; ; ; ;12;196,644263007509
3361516;1;8;1; ; ; ; ; ; ; ; ; ; ; ; ;12;196,644263007509
3361517;1;1;1; ; ; ; ; ; ; ; ; ; ; ; ;12;152,488267839528
3361517;1;2;1; ; ; ; ; ; ; ; ; ; ; ; ;12;152,488267839528
3361517;1;3;1; ; ; ; ; ; ; ; ; ; ; ; ;12;152,488267839528
3361518;1;1;1; ; ; ; ; ; ; ; ; ; ; ; ;12;174,789720827155
3361518;1;2;1; ; ; ; ; ; ; ; ; ; ; ; ;12;174,789720827155
3361518;1;3;1; ; ; ; ; ; ; ; ; ; ; ; ;12;174,789720827155
3361519;1;1;1; ; ; ; ; ; ; ; ; ; ; ; ;12;125,678194008116
3361519;1;2;1; ; ; ; ; ; ; ; ; ; ; ; ;12;125,678194008116
3361519;1;3;1; ; ; ; ; ; ; ; ; ; ; ; ;12;125,678194008116
3361520;1;1;1; ; ; ; ; ; ; ; ; ; ; ; ;12;142,01298679093
3361521;1;1;1; ; ; ; ; ; ; ; ; ; ; ; ;12;138,801585074381
3361522;1;1;1; ; ; ; ; ; ; ; ; ; ; ; ;12;289,745169674722
3361522;1;2;1; ; ; ; ; ; ; ; ; ; ; ; ;12;289,745169674722
3361522;1;3;1; ; ; ; ; ; ; ; ; ; ; ; ;12;289,745169674722
3361522;1;4;1; ; ; ; ; ; ; ; ; ; ; ; ;12;289,745169674722
3361522;1;5;1; ; ; ; ; ; ; ; ; ; ; ; ;12;289,745169674722
3361523;1;1;2;2;23; ;2; ; ;1;2; ; ;1; ;12;291,601711146602
3361523;1;2;2;1; ; ;4; ;3; ;2; ; ;1; ;12;291,601711146602
3361523;1;3;1; ; ; ; ; ; ; ; ; ; ; ; ;12;291,601711146602
3361524;1;1;1; ; ; ; ; ; ; ; ; ; ; ; ;12;187,443793298194
3361524;1;2;1; ; ; ; ; ; ; ; ; ; ; ; ;12;187,443793298194
3361524;1;3;1; ; ; ; ; ; ; ; ; ; ; ; ;12;187,443793298194
3361524;1;4;1; ; ; ; ; ; ; ; ; ; ; ; ;12;187,443793298194
3361524;1;5;1; ; ; ; ; ; ; ; ; ; ; ; ;12;187,443793298194
3361525;1;1;2;2;23; ;3;05; ;1;2; ; ;1; ;12;302,654491909991
3361525;1;2;1; ; ; ; ; ; ; ; ; ; ; ; ;12;302,654491909991
3361525;1;3;2;2;05; ;2; ; ;1;2; ; ;1; ;12;302,654491909991
3361526;1;1;1; ; ; ; ; ; ; ; ; ; ; ; ;12;124,636133817425
3361526;1;2;1; ; ; ; ; ; ; ; ; ; ; ; ;12;124,636133817425
3361526;1;3;2;1; ; ;2; ; ;1;2; ; ;1; ;12;124,636133817425
3361526;1;4;1; ; ; ; ; ; ; ; ; ; ; ; ;12;124,636133817425
3361526;1;5;1; ; ; ; ; ; ; ; ; ; ; ; ;12;124,636133817425
3361526;1;6;1; ; ; ; ; ; ; ; ; ; ; ; ;12;124,636133817425
3361527;1;1;1; ; ; ; ; ; ; ; ; ; ; ; ;12;142,589453856752
3361527;1;2;1; ; ; ; ; ; ; ; ; ; ; ; ;12;142,589453856752
3361527;1;3;1; ; ; ; ; ; ; ; ; ; ; ; ;12;142,589453856752
3361528;1;1;1; ; ; ; ; ; ; ; ; ; ; ; ;12;159,984004788765
3361528;1;2;1; ; ; ; ; ; ; ; ; ; ; ; ;12;159,984004788765
3361528;1;3;1; ; ; ; ; ; ; ; ; ; ; ; ;12;159,984004788765
3361528;1;4;1; ; ; ; ; ; ; ; ; ; ; ; ;12;159,984004788765
3361528;1;5;1; ; ; ; ; ; ; ; ; ; ; ; ;12;159,984004788765
3361529;1;1;1; ; ; ; ; ; ; ; ; ; ; ; ;12;103,330943363995
3361529;1;2;1; ; ; ; ; ; ; ; ; ; ; ; ;12;103,330943363995
3361529;1;3;1; ; ; ; ; ; ; ; ; ; ; ; ;12;103,330943363995
3361529;1;4;1; ; ; ; ; ; ; ; ; ; ; ; ;12;103,330943363995
3361529;1;5;1; ; ; ; ; ; ; ; ; ; ; ; ;12;103,330943363995
3361530;1;1;1; ; ; ; ; ; ; ; ; ; ; ; ;12;151,308563637399
3361530;1;2;1; ; ; ; ; ; ; ; ; ; ; ; ;12;151,308563637399
3361530;1;3;1; ; ; ; ; ; ; ; ; ; ; ; ;12;151,308563637399
3361531;1;1;1; ; ; ; ; ; ; ; ; ; ; ; ;12;375,634912986543
3361531;1;2;1; ; ; ; ; ; ; ; ; ; ; ; ;12;375,634912986543
3361532;1;1;1; ; ; ; ; ; ; ; ; ; ; ; ;12;158,111212127112
3361532;1;2;1; ; ; ; ; ; ; ; ; ; ; ; ;12;158,111212127112
3361532;1;3;1; ; ; ; ; ; ; ; ; ; ; ; ;12;158,111212127112
3361532;1;4;1; ; ; ; ; ; ; ; ; ; ; ; ;12;158,111212127112
3361532;1;5;1; ; ; ; ; ; ; ; ; ; ; ; ;12;158,111212127112
3361535;1;1;1; ; ; ; ; ; ; ; ; ; ; ; ;12;145,800855573301
3361535;1;2;1; ; ; ; ; ; ; ; ; ; ; ; ;12;145,800855573301
3361535;1;3;1; ; ; ; ; ; ; ; ; ; ; ; ;12;145,800855573301
3361536;1;1;2;2;08; ;2; ; ;1;2; ; ;1; ;12;102,482673243561
3361536;1;2;1; ; ; ; ; ; ; ; ; ; ; ; ;12;102,482673243561
3361536;1;3;1; ; ; ; ; ; ; ; ; ; ; ; ;12;102,482673243561
3361536;1;4;1; ; ; ; ; ; ; ; ; ; ; ; ;12;102,482673243561
3361536;1;5;1; ; ; ; ; ; ; ; ; ; ; ; ;12;102,482673243561
3361536;1;6;1; ; ; ; ; ; ; ; ; ; ; ; ;12;102,482673243561
3361536;1;7;1; ; ; ; ; ; ; ; ; ; ; ; ;12;102,482673243561
3361536;1;8;1; ; ; ; ; ; ; ; ; ; ; ; ;12;102,482673243561
3361536;1;9;1; ; ; ; ; ; ; ; ; ; ; ; ;12;102,482673243561
3361537;1;1;1; ; ; ; ; ; ; ; ; ; ; ; ;12;140,134938315338
3361537;1;2;1; ; ; ; ; ; ; ; ; ; ; ; ;12;140,134938315338
3361537;1;3;1; ; ; ; ; ; ; ; ; ; ; ; ;12;140,134938315338
3361537;1;4;1; ; ; ; ; ; ; ; ; ; ; ; ;12;140,134938315338
3361538;1;1;1; ; ; ; ; ; ; ; ; ; ; ; ;12;189,530302269597
3361538;1;2;1; ; ; ; ; ; ; ; ; ; ; ; ;12;189,530302269597
3361538;1;3;2;1; ; ;2; ; ;1;3;05; ;1; ;12;189,530302269597
3361538;1;4;1; ; ; ; ; ; ; ; ; ; ; ; ;12;189,530302269597
3361538;1;5;1; ; ; ; ; ; ; ; ; ; ; ; ;12;189,530302269597
3361538;1;6;1; ; ; ; ; ; ; ; ; ; ; ; ;12;189,530302269597
3361538;1;7;1; ; ; ; ; ; ; ; ; ; ; ; ;12;189,530302269597
3361539;1;1;1; ; ; ; ; ; ; ; ; ; ; ; ;12;105,44174298818
3361539;1;2;1; ; ; ; ; ; ; ; ; ; ; ; ;12;105,44174298818
3361539;1;3;1; ; ; ; ; ; ; ; ; ; ; ; ;12;105,44174298818
3361539;1;4;1; ; ; ; ; ; ; ; ; ; ; ; ;12;105,44174298818
3361540;1;1;1; ; ; ; ; ; ; ; ; ; ; ; ;12;195,03420128849
3361540;1;2;1; ; ; ; ; ; ; ; ; ; ; ; ;12;195,03420128849
3361540;1;3;1; ; ; ; ; ; ; ; ; ; ; ; ;12;195,03420128849
3361540;1;4;1; ; ; ; ; ; ; ; ; ; ; ; ;12;195,03420128849
3361540;1;5;1; ; ; ; ; ; ; ; ; ; ; ; ;12;195,03420128849
3361540;1;6;1; ; ; ; ; ; ; ; ; ; ; ; ;12;195,03420128849
3361540;1;7;1; ; ; ; ; ; ; ; ; ; ; ; ;12;195,03420128849
3361540;1;8;1; ; ; ; ; ; ; ; ; ; ; ; ;12;195,03420128849
3361540;1;9;1; ; ; ; ; ; ; ; ; ; ; ; ;12;195,03420128849
3361540;1;10;1; ; ; ; ; ; ; ; ; ; ; ; ;12;195,03420128849
3361540;1;11;1; ; ; ; ; ; ; ; ; ; ; ; ;12;195,03420128849
3361540;1;12;1; ; ; ; ; ; ; ; ; ; ; ; ;12;195,03420128849
3361540;1;13;1; ; ; ; ; ; ; ; ; ; ; ; ;12;195,03420128849
3361541;1;1;1; ; ; ; ; ; ; ; ; ; ; ; ;12;337,357551253499
3361541;1;2;2;2;05; ;2; ; ;1;2; ; ;1; ;12;337,357551253499
3361541;1;3;1; ; ; ; ; ; ; ; ; ; ; ; ;12;337,357551253499
3361541;1;4;1; ; ; ; ; ; ; ; ; ; ; ; ;12;337,357551253499
3361541;1;5;1; ; ; ; ; ; ; ; ; ; ; ; ;12;337,357551253499
3361542;1;1;1; ; ; ; ; ; ; ; ; ; ; ; ;12;303,239046728702
3361542;1;2;1; ; ; ; ; ; ; ; ; ; ; ; ;12;303,239046728702
3361543;1;1;1; ; ; ; ; ; ; ; ; ; ; ; ;12;347,72290018243
3361543;1;2;1; ; ; ; ; ; ; ; ; ; ; ; ;12;347,72290018243
3361543;1;3;1; ; ; ; ; ; ; ; ; ; ; ; ;12;347,72290018243
3361543;1;4;1; ; ; ; ; ; ; ; ; ; ; ; ;12;347,72290018243
3361543;1;5;1; ; ; ; ; ; ; ; ; ; ; ; ;12;347,72290018243
3361544;1;1;2;2;23; ;2; ; ;1;2; ; ;1; ;12;161,551093537404
3361544;1;2;1; ; ; ; ; ; ; ; ; ; ; ; ;12;161,551093537404
3361544;1;3;1; ; ; ; ; ; ; ; ; ; ; ; ;12;161,551093537404
3361545;1;1;2;1; ; ;2; ; ;1;2; ; ;1; ;12;122,759069700922
3361545;1;2;2;1; ; ;2; ; ;1;2; ; ;1; ;12;122,759069700922
3361546;1;1;2;2;05; ;2; ; ;1;2; ; ;1; ;12;151,308563637399
3361546;1;2;2;2;05; ;2; ; ;1;2; ; ;1; ;12;151,308563637399
3361546;1;3;2;2;05; ;2; ; ;1;2; ; ;1; ;12;151,308563637399
3361547;1;1;1; ; ; ; ; ; ; ; ; ; ; ; ;12;167,613409142365
3361547;1;2;1; ; ; ; ; ; ; ; ; ; ; ; ;12;167,613409142365
3361547;1;3;1; ; ; ; ; ; ; ; ; ; ; ; ;12;167,613409142365
3361547;1;4;1; ; ; ; ; ; ; ; ; ; ; ; ;12;167,613409142365
3361548;1;1;1; ; ; ; ; ; ; ; ; ; ; ; ;12;164,460549327489
3361548;1;2;1; ; ; ; ; ; ; ; ; ; ; ; ;12;164,460549327489
3361548;1;3;1; ; ; ; ; ; ; ; ; ; ; ; ;12;164,460549327489
3361548;1;4;1; ; ; ; ; ; ; ; ; ; ; ; ;12;164,460549327489
3361548;1;5;1; ; ; ; ; ; ; ; ; ; ; ; ;12;164,460549327489
3361548;1;6;1; ; ; ; ; ; ; ; ; ; ; ; ;12;164,460549327489
3361548;1;7;1; ; ; ; ; ; ; ; ; ; ; ; ;12;164,460549327489
3361548;1;8;1; ; ; ; ; ; ; ; ; ; ; ; ;12;164,460549327489
3361549;1;1;2;1; ; ;2; ; ;1;2; ; ;1; ;12;164,890906844378
3361549;1;2;1; ; ; ; ; ; ; ; ; ; ; ; ;12;164,890906844378
3361549;1;3;1; ; ; ; ; ; ; ; ; ; ; ; ;12;164,890906844378
3361550;1;1;2;2;23; ;3;23; ;2;2; ; ;1; ;12;174,239368967455
3361550;1;2;2;2;23; ;3;23; ;2;2; ; ;1; ;12;174,239368967455
3361550;1;3;2;2;23; ;2; ; ;1;2; ; ;1; ;12;174,239368967455
3361550;1;4;2;2;23; ;2; ; ;1;2; ; ;1; ;12;174,239368967455
3361550;1;5;2;2;23; ;2; ; ;1;2; ; ;1; ;12;174,239368967455
3361550;1;6;2;2;23; ;2; ; ;1;2; ; ;1; ;12;174,239368967455
3361550;1;7;2;2;23; ;2; ; ;1;2; ; ;1; ;12;174,239368967455
3361550;1;8;1; ; ; ; ; ; ; ; ; ; ; ; ;12;174,239368967455
3361550;1;9;1; ; ; ; ; ; ; ; ; ; ; ; ;12;174,239368967455
3361551;1;1;2;2;05; ;2; ; ;1;2; ; ;1; ;12;164,565873244746
3361551;1;2;2;1; ; ;3;23; ;1;2; ; ;1; ;12;164,565873244746
3361551;1;3;2;1; ; ;3;23; ;1;3;23; ;1; ;12;164,565873244746
3361552;1;1;1; ; ; ; ; ; ; ; ; ; ; ; ;12;138,801585074381
3361553;1;1;2;1; ; ;2; ; ;1;2; ; ;1; ;12;144,423545002875
3361553;1;2;1; ; ; ; ; ; ; ; ; ; ; ; ;12;144,423545002875
3361553;1;3;1; ; ; ; ; ; ; ; ; ; ; ; ;12;144,423545002875
3361553;1;4;1; ; ; ; ; ; ; ; ; ; ; ; ;12;144,423545002875
3361553;1;5;2;2;08; ;3;08; ;1;3;08; ;1; ;12;144,423545002875
3361553;2;1;1; ; ; ; ; ; ; ; ; ; ; ; ;12;144,423545002875
3361553;2;2;1; ; ; ; ; ; ; ; ; ; ; ; ;12;144,423545002875
3361553;2;3;1; ; ; ; ; ; ; ; ; ; ; ; ;12;144,423545002875
3361553;2;4;1; ; ; ; ; ; ; ; ; ; ; ; ;12;144,423545002875
3361553;2;5;1; ; ; ; ; ; ; ; ; ; ; ; ;12;144,423545002875
3361554;1;1;2;2;23; ;2; ; ;1;2; ; ;1; ;12;151,944556963983
3361554;1;2;1; ; ; ; ; ; ; ; ; ; ; ; ;12;151,944556963983
3361555;1;1;1; ; ; ; ; ; ; ; ; ; ; ; ;12;170,073581308844
3361555;1;2;1; ; ; ; ; ; ; ; ; ; ; ; ;12;170,073581308844
3361555;1;3;1; ; ; ; ; ; ; ; ; ; ; ; ;12;170,073581308844
3361556;1;1;1; ; ; ; ; ; ; ; ; ; ; ; ;12;193,879772098232
3361556;1;2;1; ; ; ; ; ; ; ; ; ; ; ; ;12;193,879772098232
3361556;1;3;1; ; ; ; ; ; ; ; ; ; ; ; ;12;193,879772098232
3361557;1;1;1; ; ; ; ; ; ; ; ; ; ; ; ;12;167,613409142365
3361557;1;2;1; ; ; ; ; ; ; ; ; ; ; ; ;12;167,613409142365
3361557;1;3;1; ; ; ; ; ; ; ; ; ; ; ; ;12;167,613409142365
3361557;1;4;1; ; ; ; ; ; ; ; ; ; ; ; ;12;167,613409142365
3361558;1;1;1; ; ; ; ; ; ; ; ; ; ; ; ;12;151,308563637399
3361558;1;2;1; ; ; ; ; ; ; ; ; ; ; ; ;12;151,308563637399
3361558;1;3;1; ; ; ; ; ; ; ; ; ; ; ; ;12;151,308563637399
3361559;1;1;1; ; ; ; ; ; ; ; ; ; ; ; ;12;151,675233327074
3361559;1;2;1; ; ; ; ; ; ; ; ; ; ; ; ;12;151,675233327074
3361559;1;3;1; ; ; ; ; ; ; ; ; ; ; ; ;12;151,675233327074
3361559;1;4;1; ; ; ; ; ; ; ; ; ; ; ; ;12;151,675233327074
3361559;1;5;1; ; ; ; ; ; ; ; ; ; ; ; ;12;151,675233327074
3361559;1;6;1; ; ; ; ; ; ; ; ; ; ; ; ;12;151,675233327074
3361559;1;7;1; ; ; ; ; ; ; ; ; ; ; ; ;12;151,675233327074
3361560;1;1;1; ; ; ; ; ; ; ; ; ; ; ; ;12;140,770931641923
3361560;1;2;1; ; ; ; ; ; ; ; ; ; ; ; ;12;140,770931641923
3361560;1;3;1; ; ; ; ; ; ; ; ; ; ; ; ;12;140,770931641923
3361561;1;1;1; ; ; ; ; ; ; ; ; ; ; ; ;12;129,597306319862
3361561;1;2;1; ; ; ; ; ; ; ; ; ; ; ; ;12;129,597306319862
3361561;1;3;1; ; ; ; ; ; ; ; ; ; ; ; ;12;129,597306319862
3361561;1;4;1; ; ; ; ; ; ; ; ; ; ; ; ;12;129,597306319862
3361562;1;1;1; ; ; ; ; ; ; ; ; ; ; ; ;12;140,134938315338
3361562;1;2;1; ; ; ; ; ; ; ; ; ; ; ; ;12;140,134938315338
3361562;1;3;1; ; ; ; ; ; ; ; ; ; ; ; ;12;140,134938315338
3361562;1;4;1; ; ; ; ; ; ; ; ; ; ; ; ;12;140,134938315338
3361563;1;1;1; ; ; ; ; ; ; ; ; ; ; ; ;12;132,114172808153
3361564;1;1;1; ; ; ; ; ; ; ; ; ; ; ; ;12;153,081288195733
3361564;1;2;1; ; ; ; ; ; ; ; ; ; ; ; ;12;153,081288195733
3361564;1;3;1; ; ; ; ; ; ; ; ; ; ; ; ;12;153,081288195733
3361564;1;4;1; ; ; ; ; ; ; ; ; ; ; ; ;12;153,081288195733
3361564;1;5;1; ; ; ; ; ; ; ; ; ; ; ; ;12;153,081288195733
3361565;1;1;1; ; ; ; ; ; ; ; ; ; ; ; ;12;132,114172808153
3361566;1;1;1; ; ; ; ; ; ; ; ; ; ; ; ;12;144,558800424294
3361566;1;2;1; ; ; ; ; ; ; ; ; ; ; ; ;12;144,558800424294
3361566;1;3;1; ; ; ; ; ; ; ; ; ; ; ; ;12;144,558800424294
3361566;1;4;2;2;13; ;2; ; ;1;2; ; ;1; ;12;144,558800424294
3361566;1;5;1; ; ; ; ; ; ; ; ; ; ; ; ;12;144,558800424294
3361568;1;1;2;2;23; ;2; ; ;1;2; ; ;1; ;12;145,508578163946
3361568;1;2;1; ; ; ; ; ; ; ; ; ; ; ; ;12;145,508578163946
3361568;1;3;1; ; ; ; ; ; ; ; ; ; ; ; ;12;145,508578163946
3361568;1;4;1; ; ; ; ; ; ; ; ; ; ; ; ;12;145,508578163946
3361569;1;1;1; ; ; ; ; ; ; ; ; ; ; ; ;12;134,138330832678
3361569;1;2;1; ; ; ; ; ; ; ; ; ; ; ; ;12;134,138330832678
3361569;1;3;1; ; ; ; ; ; ; ; ; ; ; ; ;12;134,138330832678
3361569;1;4;2;2;13; ;2; ; ;1;2; ; ;1; ;12;134,138330832678
3361569;1;5;1; ; ; ; ; ; ; ; ; ; ; ; ;12;134,138330832678
3361570;1;1;1; ; ; ; ; ; ; ; ; ; ; ; ;12;168,954548035602
3361570;1;2;1; ; ; ; ; ; ; ; ; ; ; ; ;12;168,954548035602
3361570;1;3;1; ; ; ; ; ; ; ; ; ; ; ; ;12;168,954548035602
3361570;1;4;1; ; ; ; ; ; ; ; ; ; ; ; ;12;168,954548035602
3361570;1;5;1; ; ; ; ; ; ; ; ; ; ; ; ;12;168,954548035602
3361570;1;6;1; ; ; ; ; ; ; ; ; ; ; ; ;12;168,954548035602
3361570;1;7;1; ; ; ; ; ; ; ; ; ; ; ; ;12;168,954548035602
3361571;1;1;1; ; ; ; ; ; ; ; ; ; ; ; ;12;88,7632342881366
3361571;1;2;1; ; ; ; ; ; ; ; ; ; ; ; ;12;88,7632342881366
3361571;1;3;1; ; ; ; ; ; ; ; ; ; ; ; ;12;88,7632342881366
3361571;1;4;1; ; ; ; ; ; ; ; ; ; ; ; ;12;88,7632342881366
3361571;1;5;1; ; ; ; ; ; ; ; ; ; ; ; ;12;88,7632342881366
3361571;1;6;1; ; ; ; ; ; ; ; ; ; ; ; ;12;88,7632342881366
3361572;1;1;1; ; ; ; ; ; ; ; ; ; ; ; ;12;142,26442025712
3361572;1;2;1; ; ; ; ; ; ; ; ; ; ; ; ;12;142,26442025712
3361572;1;3;1; ; ; ; ; ; ; ; ; ; ; ; ;12;142,26442025712
3361573;1;1;1; ; ; ; ; ; ; ; ; ; ; ; ;12;129,597306319862
3361573;1;2;2;2;23; ;2; ; ;1;2; ; ;1; ;12;129,597306319862
3361573;1;3;1; ; ; ; ; ; ; ; ; ; ; ; ;12;129,597306319862
3361573;1;4;1; ; ; ; ; ; ; ; ; ; ; ; ;12;129,597306319862
3361574;1;1;2;2;23; ;2; ; ;1;2; ; ;1; ;12;161,843370946759
3361574;1;2;2;2;11; ;2; ; ;1;3;11; ;1; ;12;161,843370946759
3361575;1;1;1; ; ; ; ; ; ; ; ; ; ; ; ;12;169,437587982259
3361575;1;2;2;2;23; ;2; ; ;1;2; ; ;1; ;12;169,437587982259
3361575;1;3;1; ; ; ; ; ; ; ; ; ; ; ; ;12;169,437587982259
3361575;1;4;1; ; ; ; ; ; ; ; ; ; ; ; ;12;169,437587982259
3361576;1;1;1; ; ; ; ; ; ; ; ; ; ; ; ;12;173,517734173986
3361576;1;2;2;1; ; ;2; ; ;1;2; ; ;1; ;12;173,517734173986
3361576;1;3;1; ; ; ; ; ; ; ; ; ; ; ; ;12;173,517734173986
3361576;1;4;1; ; ; ; ; ; ; ; ; ; ; ; ;12;173,517734173986
3361576;1;5;1; ; ; ; ; ; ; ; ; ; ; ; ;12;173,517734173986
3361577;1;1;2;2;23; ;2; ; ;1;2; ; ;1; ;12;140,770931641923
3361577;1;2;2;1; ; ;2; ; ;1;2; ; ;1; ;12;140,770931641923
3361577;1;3;1; ; ; ; ; ; ; ; ; ; ; ; ;12;140,770931641923
3361578;1;1;1; ; ; ; ; ; ; ; ; ; ; ; ;12;140,134938315338
3361578;1;2;1; ; ; ; ; ; ; ; ; ; ; ; ;12;140,134938315338
3361578;1;3;1; ; ; ; ; ; ; ; ; ; ; ; ;12;140,134938315338
3361578;1;4;1; ; ; ; ; ; ; ; ; ; ; ; ;12;140,134938315338
3361579;1;1;1; ; ; ; ; ; ; ; ; ; ; ; ;12;138,916821297866
3361579;1;2;1; ; ; ; ; ; ; ; ; ; ; ; ;12;138,916821297866
3361579;1;3;2;2;13; ;2; ; ;1;2; ; ;1; ;12;138,916821297866
3361580;1;1;1; ; ; ; ; ; ; ; ; ; ; ; ;12;140,153620632935
3361580;1;2;1; ; ; ; ; ; ; ; ; ; ; ; ;12;140,153620632935
3361580;1;3;1; ; ; ; ; ; ; ; ; ; ; ; ;12;140,153620632935
3361580;1;4;1; ; ; ; ; ; ; ; ; ; ; ; ;12;140,153620632935
3361581;1;1;2;2;23; ;2; ; ;1;2; ; ;1; ;12;161,843370946759
3361581;1;2;1; ; ; ; ; ; ; ; ; ; ; ; ;12;161,843370946759
3361582;1;1;1; ; ; ; ; ; ; ; ; ; ; ; ;12;144,968240237509
3361582;1;2;1; ; ; ; ; ; ; ; ; ; ; ; ;12;144,968240237509
3361582;1;3;1; ; ; ; ; ; ; ; ; ; ; ; ;12;144,968240237509
3361582;1;4;1; ; ; ; ; ; ; ; ; ; ; ; ;12;144,968240237509
3361583;1;1;1; ; ; ; ; ; ; ; ; ; ; ; ;12;151,308563637399
3361583;1;2;1; ; ; ; ; ; ; ; ; ; ; ; ;12;151,308563637399
3361583;1;3;1; ; ; ; ; ; ; ; ; ; ; ; ;12;151,308563637399
3361584;1;1;1; ; ; ; ; ; ; ; ; ; ; ; ;12;166,992289088173
3361584;1;2;1; ; ; ; ; ; ; ; ; ; ; ; ;12;166,992289088173
3361584;1;3;1; ; ; ; ; ; ; ; ; ; ; ; ;12;166,992289088173
3361584;1;4;1; ; ; ; ; ; ; ; ; ; ; ; ;12;166,992289088173
3361584;1;5;1; ; ; ; ; ; ; ; ; ; ; ; ;12;166,992289088173
3361584;1;6;1; ; ; ; ; ; ; ; ; ; ; ; ;12;166,992289088173
3361584;2;1;1; ; ; ; ; ; ; ; ; ; ; ; ;12;166,992289088173
3361584;2;2;1; ; ; ; ; ; ; ; ; ; ; ; ;12;166,992289088173
3361584;2;3;1; ; ; ; ; ; ; ; ; ; ; ; ;12;166,992289088173
3361584;2;4;1; ; ; ; ; ; ; ; ; ; ; ; ;12;166,992289088173
3361584;2;5;1; ; ; ; ; ; ; ; ; ; ; ; ;12;166,992289088173
3361585;1;1;2;2;05; ;2; ; ;1;2; ; ;1; ;12;146,377322639123
3361585;1;2;1; ; ; ; ; ; ; ; ; ; ; ; ;12;146,377322639123
3361585;1;3;1; ; ; ; ; ; ; ; ; ; ; ; ;12;146,377322639123
3361585;1;4;1; ; ; ; ; ; ; ; ; ; ; ; ;12;146,377322639123
3361585;1;5;1; ; ; ; ; ; ; ; ; ; ; ; ;12;146,377322639123
3361586;1;1;1; ; ; ; ; ; ; ; ; ; ; ; ;12;138,567849566699
3361586;1;2;1; ; ; ; ; ; ; ; ; ; ; ; ;12;138,567849566699
3361586;1;3;1; ; ; ; ; ; ; ; ; ; ; ; ;12;138,567849566699
3361586;1;4;1; ; ; ; ; ; ; ; ; ; ; ; ;12;138,567849566699
3361586;1;5;1; ; ; ; ; ; ; ; ; ; ; ; ;12;138,567849566699
3361586;1;6;2;2;05; ;2; ; ;1;2; ; ;1; ;12;138,567849566699
3361587;1;1;1; ; ; ; ; ; ; ; ; ; ; ; ;12;153,081288195733
3361587;1;2;2;2;23; ;2; ; ;1;2; ; ;1; ;12;153,081288195733
3361587;1;3;1; ; ; ; ; ; ; ; ; ; ; ; ;12;153,081288195733
3361587;1;4;1; ; ; ; ; ; ; ; ; ; ; ; ;12;153,081288195733
3361587;1;5;1; ; ; ; ; ; ; ; ; ; ; ; ;12;153,081288195733
3361588;1;1;2;2;20; ;2; ; ;1;2; ; ;1; ;12;111,585444378862
3361588;1;2;1; ; ; ; ; ; ; ; ; ; ; ; ;12;111,585444378862
3361588;1;3;1; ; ; ; ; ; ; ; ; ; ; ; ;12;111,585444378862
3361589;1;1;1; ; ; ; ; ; ; ; ; ; ; ; ;12;115,979374983656
3361589;1;2;1; ; ; ; ; ; ; ; ; ; ; ; ;12;115,979374983656
3361589;1;3;1; ; ; ; ; ; ; ; ; ; ; ; ;12;115,979374983656
3361589;1;4;1; ; ; ; ; ; ; ; ; ; ; ; ;12;115,979374983656
3361590;1;1;1; ; ; ; ; ; ; ; ; ; ; ; ;12;138,875977354701
3361590;1;2;1; ; ; ; ; ; ; ; ; ; ; ; ;12;138,875977354701
3361590;1;3;1; ; ; ; ; ; ; ; ; ; ; ; ;12;138,875977354701
3361590;2;1;2;2;23; ;2; ; ;1;2; ; ;1; ;12;138,875977354701
3361590;3;1;2;2;23; ;2; ; ;1;2; ; ;1; ;12;138,875977354701
3361590;3;2;2;2;23; ;2; ; ;1;2; ; ;1; ;12;138,875977354701
3361591;1;1;1; ; ; ; ; ; ; ; ; ; ; ; ;12;144,424529361964
3361591;1;2;1; ; ; ; ; ; ; ; ; ; ; ; ;12;144,424529361964
3361591;1;3;1; ; ; ; ; ; ; ; ; ; ; ; ;12;144,424529361964
3361595;1;1;1; ; ; ; ; ; ; ; ; ; ; ; ;12;133,991236924656
3361595;1;2;1; ; ; ; ; ; ; ; ; ; ; ; ;12;133,991236924656
3361595;1;3;1; ; ; ; ; ; ; ; ; ; ; ; ;12;133,991236924656
3361595;1;4;1; ; ; ; ; ; ; ; ; ; ; ; ;12;133,991236924656
3361595;1;5;1; ; ; ; ; ; ; ; ; ; ; ; ;12;133,991236924656
3361596;1;1;1; ; ; ; ; ; ; ; ; ; ; ; ;12;119,668560832924
3361596;1;2;1; ; ; ; ; ; ; ; ; ; ; ; ;12;119,668560832924
3361596;1;3;1; ; ; ; ; ; ; ; ; ; ; ; ;12;119,668560832924
3361596;1;4;1; ; ; ; ; ; ; ; ; ; ; ; ;12;119,668560832924
3361597;1;1;2;2;05; ;2; ; ;1;2; ; ;1; ;12;124,09242294188
3361597;1;2;1; ; ; ; ; ; ; ; ; ; ; ; ;12;124,09242294188
3361597;1;3;1; ; ; ; ; ; ; ; ; ; ; ; ;12;124,09242294188
3361597;1;4;1; ; ; ; ; ; ; ; ; ; ; ; ;12;124,09242294188
3361597;1;5;1; ; ; ; ; ; ; ; ; ; ; ; ;12;124,09242294188
3361598;1;1;1; ; ; ; ; ; ; ; ; ; ; ; ;12;125,293634147722
3361598;1;2;1; ; ; ; ; ; ; ; ; ; ; ; ;12;125,293634147722
3361598;1;3;1; ; ; ; ; ; ; ; ; ; ; ; ;12;125,293634147722
3361598;1;4;1; ; ; ; ; ; ; ; ; ; ; ; ;12;125,293634147722
3361598;1;5;1; ; ; ; ; ; ; ; ; ; ; ; ;12;125,293634147722
3361598;1;6;1; ; ; ; ; ; ; ; ; ; ; ; ;12;125,293634147722
3361599;1;1;1; ; ; ; ; ; ; ; ; ; ; ; ;12;118,584714877782
3361599;1;2;1; ; ; ; ; ; ; ; ; ; ; ; ;12;118,584714877782
3361599;1;3;1; ; ; ; ; ; ; ; ; ; ; ; ;12;118,584714877782
3361599;1;4;1; ; ; ; ; ; ; ; ; ; ; ; ;12;118,584714877782
3361599;1;5;1; ; ; ; ; ; ; ; ; ; ; ; ;12;118,584714877782
3361600;1;1;1; ; ; ; ; ; ; ; ; ; ; ; ;12;136,44575246607
3361600;1;2;1; ; ; ; ; ; ; ; ; ; ; ; ;12;136,44575246607
3361600;1;3;1; ; ; ; ; ; ; ; ; ; ; ; ;12;136,44575246607
3361600;1;4;1; ; ; ; ; ; ; ; ; ; ; ; ;12;136,44575246607
3361601;1;1;1; ; ; ; ; ; ; ; ; ; ; ; ;12;174,789720827155
3361601;1;2;1; ; ; ; ; ; ; ; ; ; ; ; ;12;174,789720827155
3361601;1;3;1; ; ; ; ; ; ; ; ; ; ; ; ;12;174,789720827155
3361602;1;1;1; ; ; ; ; ; ; ; ; ; ; ; ;12;122,759069700922
3361602;1;2;1; ; ; ; ; ; ; ; ; ; ; ; ;12;122,759069700922
3361603;1;1;1; ; ; ; ; ; ; ; ; ; ; ; ;12;125,970471417471
3361603;1;2;1; ; ; ; ; ; ; ; ; ; ; ; ;12;125,970471417471
3361604;1;1;1; ; ; ; ; ; ; ; ; ; ; ; ;12;151,308563637399
3361604;1;2;1; ; ; ; ; ; ; ; ; ; ; ; ;12;151,308563637399
3361604;1;3;1; ; ; ; ; ; ; ; ; ; ; ; ;12;151,308563637399
3361605;1;1;1; ; ; ; ; ; ; ; ; ; ; ; ;12;169,590541362186
3361605;1;2;1; ; ; ; ; ; ; ; ; ; ; ; ;12;169,590541362186
3361605;1;3;2;1; ; ;2; ; ;1;2; ; ;1; ;12;169,590541362186
3361605;1;4;1; ; ; ; ; ; ; ; ; ; ; ; ;12;169,590541362186
3361605;1;5;1; ; ; ; ; ; ; ; ; ; ; ; ;12;169,590541362186
3361605;1;6;1; ; ; ; ; ; ; ; ; ; ; ; ;12;169,590541362186
3361606;1;1;1; ; ; ; ; ; ; ; ; ; ; ; ;12;154,66705926197
3361606;1;2;1; ; ; ; ; ; ; ; ; ; ; ; ;12;154,66705926197
3361606;1;3;1; ; ; ; ; ; ; ; ; ; ; ; ;12;154,66705926197
3361607;1;1;1; ; ; ; ; ; ; ; ; ; ; ; ;12;152,150192773678
3361607;1;2;1; ; ; ; ; ; ; ; ; ; ; ; ;12;152,150192773678
3361607;1;3;1; ; ; ; ; ; ; ; ; ; ; ; ;12;152,150192773678
3361607;1;4;2;1; ; ;3;68; ;1;2; ; ;1; ;12;152,150192773678
3361607;1;5;2;1; ; ;3;68; ;1;2; ; ;1; ;12;152,150192773678
3361607;1;6;1; ; ; ; ; ; ; ; ; ; ; ; ;12;152,150192773678
3361608;1;1;1; ; ; ; ; ; ; ; ; ; ; ; ;12;164,273595835391
3361608;1;2;1; ; ; ; ; ; ; ; ; ; ; ; ;12;164,273595835391
3361608;1;3;1; ; ; ; ; ; ; ; ; ; ; ; ;12;164,273595835391
3361608;1;4;1; ; ; ; ; ; ; ; ; ; ; ; ;12;164,273595835391
3361609;1;1;1; ; ; ; ; ; ; ; ; ; ; ; ;12;151,944556963983
3361609;1;2;1; ; ; ; ; ; ; ; ; ; ; ; ;12;151,944556963983
3361610;1;1;1; ; ; ; ; ; ; ; ; ; ; ; ;12;167,369761328454
3361610;1;2;1; ; ; ; ; ; ; ; ; ; ; ; ;12;167,369761328454
3361611;1;1;2;2;23; ;2; ; ;1;2; ; ;1; ;12;151,619523364351
3361611;1;2;1; ; ; ; ; ; ; ; ; ; ; ; ;12;151,619523364351
3361615;1;1;1; ; ; ; ; ; ; ; ; ; ; ; ;12;195,176552850873
3361615;1;2;1; ; ; ; ; ; ; ; ; ; ; ; ;12;195,176552850873
3361615;1;3;1; ; ; ; ; ; ; ; ; ; ; ; ;12;195,176552850873
3361615;1;4;1; ; ; ; ; ; ; ; ; ; ; ; ;12;195,176552850873
3361615;1;5;1; ; ; ; ; ; ; ; ; ; ; ; ;12;195,176552850873
3361615;1;6;1; ; ; ; ; ; ; ; ; ; ; ; ;12;195,176552850873
3361615;1;7;1; ; ; ; ; ; ; ; ; ; ; ; ;12;195,176552850873
3361615;1;8;1; ; ; ; ; ; ; ; ; ; ; ; ;12;195,176552850873
3361615;1;9;1; ; ; ; ; ; ; ; ; ; ; ; ;12;195,176552850873
3361615;2;1;2;2;23; ;2; ; ;1;2; ; ;1; ;12;195,176552850873
3361615;2;2;1; ; ; ; ; ; ; ; ; ; ; ; ;12;195,176552850873
3361615;2;3;1; ; ; ; ; ; ; ; ; ; ; ; ;12;195,176552850873
3361615;2;4;1; ; ; ; ; ; ; ; ; ; ; ; ;12;195,176552850873
3361616;1;1;1; ; ; ; ; ; ; ; ; ; ; ; ;12;147,887364544703
3361616;1;2;1; ; ; ; ; ; ; ; ; ; ; ; ;12;147,887364544703
3361616;1;3;1; ; ; ; ; ; ; ; ; ; ; ; ;12;147,887364544703
3361616;1;4;1; ; ; ; ; ; ; ; ; ; ; ; ;12;147,887364544703
3361616;1;5;1; ; ; ; ; ; ; ; ; ; ; ; ;12;147,887364544703
3361617;1;1;1; ; ; ; ; ; ; ; ; ; ; ; ;12;145,060522688548
3361617;1;2;1; ; ; ; ; ; ; ; ; ; ; ; ;12;145,060522688548
3361618;1;1;1; ; ; ; ; ; ; ; ; ; ; ; ;12;165,246679868736
3361618;1;2;1; ; ; ; ; ; ; ; ; ; ; ; ;12;165,246679868736
3361618;1;3;1; ; ; ; ; ; ; ; ; ; ; ; ;12;165,246679868736
3361618;1;4;2;2;05; ;3;05; ;1;2; ; ;1; ;12;165,246679868736
3361618;1;5;1; ; ; ; ; ; ; ; ; ; ; ; ;12;165,246679868736
3361618;2;1;2;2;05; ;2; ; ;1;2; ; ;1; ;12;165,246679868736
3361618;2;2;1; ; ; ; ; ; ; ; ; ; ; ; ;12;165,246679868736
3361619;1;1;1; ; ; ; ; ; ; ; ; ; ; ; ;12;161,551093537404
3361619;1;2;1; ; ; ; ; ; ; ; ; ; ; ; ;12;161,551093537404
3361619;1;3;1; ; ; ; ; ; ; ; ; ; ; ; ;12;161,551093537404
3361620;1;1;1; ; ; ; ; ; ; ; ; ; ; ; ;12;74,7944930637854
3361620;1;2;1; ; ; ; ; ; ; ; ; ; ; ; ;12;74,7944930637854
3361620;1;3;1; ; ; ; ; ; ; ; ; ; ; ; ;12;74,7944930637854
3361620;1;4;1; ; ; ; ; ; ; ; ; ; ; ; ;12;74,7944930637854
3361620;1;5;1; ; ; ; ; ; ; ; ; ; ; ; ;12;74,7944930637854
3361620;1;6;2;2;15; ;2; ; ;1;2; ; ;1; ;12;74,7944930637854
3361620;1;7;1; ; ; ; ; ; ; ; ; ; ; ; ;12;74,7944930637854
3361620;1;8;1; ; ; ; ; ; ; ; ; ; ; ; ;12;74,7944930637854
3361621;1;1;2;2;44; ;2; ; ;1;2; ; ;1; ;12;136,84092114128
3361621;1;2;2;2;54; ;2; ; ;1;2; ; ;1; ;12;136,84092114128
3361621;1;3;1; ; ; ; ; ; ; ; ; ; ; ; ;12;136,84092114128
3361621;1;4;1; ; ; ; ; ; ; ; ; ; ; ; ;12;136,84092114128
3361621;1;5;1; ; ; ; ; ; ; ; ; ; ; ; ;12;136,84092114128
3361621;1;6;1; ; ; ; ; ; ; ; ; ; ; ; ;12;136,84092114128
3361621;1;7;1; ; ; ; ; ; ; ; ; ; ; ; ;12;136,84092114128
3361621;1;8;2;1; ; ;3;08; ;1;2; ; ;1; ;12;136,84092114128
3361621;1;9;1; ; ; ; ; ; ; ; ; ; ; ; ;12;136,84092114128
3361626;1;1;1; ; ; ; ; ; ; ; ; ; ; ; ;12;145,479966255066
3361626;1;2;2;2;68; ;2; ; ;1;2; ; ;1; ;12;145,479966255066
3361626;1;3;1; ; ; ; ; ; ; ; ; ; ; ; ;12;145,479966255066
3361626;1;4;1; ; ; ; ; ; ; ; ; ; ; ; ;12;145,479966255066
3361626;1;5;1; ; ; ; ; ; ; ; ; ; ; ; ;12;145,479966255066
3361626;1;6;1; ; ; ; ; ; ; ; ; ; ; ; ;12;145,479966255066
3361626;1;7;2;2;20; ;2; ; ;1;2; ; ;1; ;12;145,479966255066
3361627;1;1;2;2;13; ;2; ; ;1;2; ; ;1; ;12;147,778300495986
3361627;1;2;1; ; ; ; ; ; ; ; ; ; ; ; ;12;147,778300495986
3361628;1;1;1; ; ; ; ; ; ; ; ; ; ; ; ;12;175,638560235063
3361628;1;2;2;2;20; ;2; ; ;1;2; ; ;1; ;12;175,638560235063
3361628;1;3;1; ; ; ; ; ; ; ; ; ; ; ; ;12;175,638560235063
3361628;1;4;1; ; ; ; ; ; ; ; ; ; ; ; ;12;175,638560235063
3361629;1;1;1; ; ; ; ; ; ; ; ; ; ; ; ;12;110,098387694447
3361629;1;2;1; ; ; ; ; ; ; ; ; ; ; ; ;12;110,098387694447
3361629;1;3;1; ; ; ; ; ; ; ; ; ; ; ; ;12;110,098387694447
3361629;1;4;1; ; ; ; ; ; ; ; ; ; ; ; ;12;110,098387694447
3361629;1;5;1; ; ; ; ; ; ; ; ; ; ; ; ;12;110,098387694447
3361630;1;1;1; ; ; ; ; ; ; ; ; ; ; ; ;12;161,365325534426
3361630;1;2;2;2;20; ;2; ; ;1;2; ; ;1; ;12;161,365325534426
3361631;1;1;2;2;20; ;2; ; ;1;2; ; ;1; ;12;213,42476657049
3361631;1;2;2;2;20; ;2; ; ;1;2; ; ;1; ;12;213,42476657049
3361631;1;3;2;2;20; ;3;47; ;1;3;44; ;1; ;12;213,42476657049
3361631;1;4;2;2;20; ;2; ; ;1;2; ; ;1; ;12;213,42476657049
3361631;1;5;1; ; ; ; ; ; ; ; ; ; ; ; ;12;213,42476657049
3361632;1;1;2;2;47; ;2; ; ;1;2; ; ;1; ;12;142,134935118675
3361632;1;2;1; ; ; ; ; ; ; ; ; ; ; ; ;12;142,134935118675
3361632;1;3;1; ; ; ; ; ; ; ; ; ; ; ; ;12;142,134935118675
3361632;1;4;1; ; ; ; ; ; ; ; ; ; ; ; ;12;142,134935118675
3361632;1;5;1; ; ; ; ; ; ; ; ; ; ; ; ;12;142,134935118675
3361632;1;6;1; ; ; ; ; ; ; ; ; ; ; ; ;12;142,134935118675
3361632;1;7;1; ; ; ; ; ; ; ; ; ; ; ; ;12;142,134935118675
3361632;1;8;1; ; ; ; ; ; ; ; ; ; ; ; ;12;142,134935118675
3361634;1;1;2;2;20; ;2; ; ;1;2; ; ;1; ;12;86,6693714488568
3361634;1;2;2;1; ; ;2; ; ;1;4; ;3; ;1;12;86,6693714488568
3361634;1;3;2;2;20; ;2; ; ;1;2; ; ;1; ;12;86,6693714488568
3361638;1;1;1; ; ; ; ; ; ; ; ; ; ; ; ;12;250,407902390108
3361638;1;2;1; ; ; ; ; ; ; ; ; ; ; ; ;12;250,407902390108
3361638;1;3;1; ; ; ; ; ; ; ; ; ; ; ; ;12;250,407902390108
3361638;1;4;1; ; ; ; ; ; ; ; ; ; ; ; ;12;250,407902390108
3361639;1;1;2;2;66; ;2; ; ;1;2; ; ;1; ;12;310,352695506642
3361639;1;2;2;2;66; ;2; ; ;1;2; ; ;1; ;12;310,352695506642
3361639;1;3;2;2;66; ;2; ; ;1;2; ; ;1; ;12;310,352695506642
3361639;1;4;2;2;66; ;2; ; ;1;2; ; ;1; ;12;310,352695506642
3361640;1;1;2;2;66; ;3;66; ;1;3;76; ;1; ;12;304,197230056483
3361640;1;2;2;2;76; ;3;73; ;1;3;76; ;1; ;12;304,197230056483
3361640;1;3;2;2;76; ;3;73; ;1;3;76; ;1; ;12;304,197230056483
3361640;1;4;2;2;73; ;3;73; ;1;3;76; ;1; ;12;304,197230056483
3361644;1;1;2;2;73; ;2; ; ;1;2; ; ;1; ;12;342,667619102565
3361644;1;2;2;2;73; ;2; ; ;1;2; ; ;1; ;12;342,667619102565
3361644;1;3;2;2;17; ;2; ; ;1;2; ; ;1; ;12;342,667619102565
3361644;1;4;2;2;73; ;3;11; ;1;2; ; ;1; ;12;342,667619102565
3361644;2;1;2;2;76; ;2; ; ;1;2; ; ;1; ;12;342,667619102565
3361645;1;1;1; ; ; ; ; ; ; ; ; ; ; ; ;12;287,369725100608
3361645;1;2;1; ; ; ; ; ; ; ; ; ; ; ; ;12;287,369725100608
3361645;1;3;1; ; ; ; ; ; ; ; ; ; ; ; ;12;287,369725100608
3361645;1;4;1; ; ; ; ; ; ; ; ; ; ; ; ;12;287,369725100608
3361646;1;1;1; ; ; ; ; ; ; ; ; ; ; ; ;12;626,174691283669
3361646;1;2;1; ; ; ; ; ; ; ; ; ; ; ; ;12;626,174691283669
3361646;1;3;1; ; ; ; ; ; ; ; ; ; ; ; ;12;626,174691283669
3361646;1;4;1; ; ; ; ; ; ; ; ; ; ; ; ;12;626,174691283669
3361647;1;1;1; ; ; ; ; ; ; ; ; ; ; ; ;12;458,825754533615
3361648;1;1;1; ; ; ; ; ; ; ; ; ; ; ; ;12;706,377007862563
3361648;1;2;2;2;66; ;4; ;2; ;2; ; ;1; ;12;706,377007862563
3361648;1;3;1; ; ; ; ; ; ; ; ; ; ; ; ;12;706,377007862563
3361648;1;4;1; ; ; ; ; ; ; ; ; ; ; ; ;12;706,377007862563
3361649;1;1;2;2;76; ;2; ; ;1;2; ; ;1; ;12;211,931390374108
3361649;1;2;2;2;17; ;2; ; ;1;2; ; ;1; ;12;211,931390374108
3361649;1;3;1; ; ; ; ; ; ; ; ; ; ; ; ;12;211,931390374108
3361650;1;1;1; ; ; ; ; ; ; ; ; ; ; ; ;12;298,038839094188
3361650;1;2;2;2;76; ;2; ; ;1;2; ; ;1; ;12;298,038839094188
3361651;1;1;2;2;63; ;2; ; ;1;2; ; ;1; ;12;518,519491557085
3361651;1;2;1; ; ; ; ; ; ; ; ; ; ; ; ;12;518,519491557085
3361651;1;3;1; ; ; ; ; ; ; ; ; ; ; ; ;12;518,519491557085
3361655;1;1;2;2;19; ;2; ; ;1;2; ; ;1; ;12;218,640936345028
3361655;1;2;1; ; ; ; ; ; ; ; ; ; ; ; ;12;218,640936345028
3361655;1;3;1; ; ; ; ; ; ; ; ; ; ; ; ;12;218,640936345028
3361655;1;4;1; ; ; ; ; ; ; ; ; ; ; ; ;12;218,640936345028
3361655;1;5;1; ; ; ; ; ; ; ; ; ; ; ; ;12;218,640936345028
3361655;1;6;1; ; ; ; ; ; ; ; ; ; ; ; ;12;218,640936345028
3361656;1;1;1; ; ; ; ; ; ; ; ; ; ; ; ;12;237,195914502548
3361656;1;2;1; ; ; ; ; ; ; ; ; ; ; ; ;12;237,195914502548
3361657;1;1;2;2;54; ;2; ; ;1;2; ; ;1; ;12;130,831901504646
3361657;1;2;1; ; ; ; ; ; ; ; ; ; ; ; ;12;130,831901504646
3361657;1;3;1; ; ; ; ; ; ; ; ; ; ; ; ;12;130,831901504646
3361657;1;4;1; ; ; ; ; ; ; ; ; ; ; ; ;12;130,831901504646
3361658;1;1;2;2;13; ;2; ; ;1;2; ; ;1; ;12;104,361819750423
3361658;1;2;2;2;13; ;2; ; ;1;2; ; ;1; ;12;104,361819750423
3361658;1;3;1; ; ; ; ; ; ; ; ; ; ; ; ;12;104,361819750423
3361658;1;4;1; ; ; ; ; ; ; ; ; ; ; ; ;12;104,361819750423
3361659;1;1;2;2;20; ;2; ; ;1;2; ; ;1; ;12;173,392832422944
3361659;1;2;2;2;11; ;2; ; ;1;2; ; ;1; ;12;173,392832422944
3361659;1;3;1; ; ; ; ; ; ; ; ; ; ; ; ;12;173,392832422944
3361665;1;1;1; ; ; ; ; ; ; ; ; ; ; ; ;12;246,478408791044
3361665;1;2;1; ; ; ; ; ; ; ; ; ; ; ; ;12;246,478408791044
3361665;1;3;1; ; ; ; ; ; ; ; ; ; ; ; ;12;246,478408791044
3361666;1;1;2;2;66; ;2; ; ;1;2; ; ;1; ;12;237,195914502548
3361666;1;2;2;2;66; ;3;66; ;1;2; ; ;1; ;12;237,195914502548
3361667;1;1;1; ; ; ; ; ; ; ; ; ; ; ; ;12;242,58659295745
3361667;1;2;1; ; ; ; ; ; ; ; ; ; ; ; ;12;242,58659295745
3361668;1;1;2;2;66; ;2; ; ;1;2; ; ;1; ;12;237,195914502548
3361668;1;2;1; ; ; ; ; ; ; ; ; ; ; ; ;12;237,195914502548
3361669;1;1;1; ; ; ; ; ; ; ; ; ; ; ; ;12;262,913535043774
3361669;1;2;1; ; ; ; ; ; ; ; ; ; ; ; ;12;262,913535043774
3361675;1;1;1; ; ; ; ; ; ; ; ; ; ; ; ;12;173,025075548533
3361675;1;2;1; ; ; ; ; ; ; ; ; ; ; ; ;12;173,025075548533
3361675;1;3;1; ; ; ; ; ; ; ; ; ; ; ; ;12;173,025075548533
3361675;1;4;1; ; ; ; ; ; ; ; ; ; ; ; ;12;173,025075548533
3361676;1;1;1; ; ; ; ; ; ; ; ; ; ; ; ;12;215,089974007996
3361676;1;2;1; ; ; ; ; ; ; ; ; ; ; ; ;12;215,089974007996
3361676;1;3;2;2;66; ;2; ; ;1;2; ; ;1; ;12;215,089974007996
3361676;1;4;2;2;66; ;2; ; ;1;2; ; ;1; ;12;215,089974007996
3361678;1;1;2;2;66; ;2; ; ;1;2; ; ;1; ;12;216,290686782747
3361678;1;2;2;2;66; ;2; ; ;1;2; ; ;1; ;12;216,290686782747
3361679;1;1;2;2;76; ;2; ; ;1;2; ; ;1; ;12;284,562542103901
3361679;1;2;2;2;66; ;2; ; ;1;2; ; ;1; ;12;284,562542103901
3361679;1;3;2;2;66; ;2; ; ;1;2; ; ;1; ;12;284,562542103901
3361680;1;1;2;2;66; ;2; ; ;1;2; ; ;1; ;12;246,0860300879
3361680;1;2;1; ; ; ; ; ; ; ; ; ; ; ; ;12;246,0860300879
3361681;1;1;1; ; ; ; ; ; ; ; ; ; ; ; ;12;326,877619162872
3361681;1;2;1; ; ; ; ; ; ; ; ; ; ; ; ;12;326,877619162872
3361681;1;3;1; ; ; ; ; ; ; ; ; ; ; ; ;12;326,877619162872
3361681;1;4;1; ; ; ; ; ; ; ; ; ; ; ; ;12;326,877619162872
3361681;1;5;2;2;73; ;2; ; ;1;2; ; ;1; ;12;326,877619162872
3361681;1;6;2;1; ; ;2; ; ;1;2; ; ;1; ;12;326,877619162872
3361682;1;1;1; ; ; ; ; ; ; ; ; ; ; ; ;12;253,869067323641
3361682;1;2;1; ; ; ; ; ; ; ; ; ; ; ; ;12;253,869067323641
3361682;1;3;1; ; ; ; ; ; ; ; ; ; ; ; ;12;253,869067323641
3361683;1;1;2;2;17; ;2; ; ;1;2; ; ;1; ;12;275,227391456229
3361683;1;2;2;2;17; ;2; ; ;1;2; ; ;1; ;12;275,227391456229
3361683;1;3;1; ; ; ; ; ; ; ; ; ; ; ; ;12;275,227391456229
3361683;1;4;1; ; ; ; ; ; ; ; ; ; ; ; ;12;275,227391456229
3361684;1;1;1; ; ; ; ; ; ; ; ; ; ; ; ;12;280,216498704926
3361684;1;2;1; ; ; ; ; ; ; ; ; ; ; ; ;12;280,216498704926
3361684;1;3;1; ; ; ; ; ; ; ; ; ; ; ; ;12;280,216498704926
3361684;1;4;1; ; ; ; ; ; ; ; ; ; ; ; ;12;280,216498704926
3361684;1;5;1; ; ; ; ; ; ; ; ; ; ; ; ;12;280,216498704926
3361686;1;1;1; ; ; ; ; ; ; ; ; ; ; ; ;12;293,755238988897
3361687;1;1;1; ; ; ; ; ; ; ; ; ; ; ; ;12;263,959895683744
3361688;1;1;1; ; ; ; ; ; ; ; ; ; ; ; ;12;292,345579339642
3361688;1;2;1; ; ; ; ; ; ; ; ; ; ; ; ;12;292,345579339642
3361688;1;3;2;2;66; ;2; ; ;1;2; ; ;1; ;12;292,345579339642
3361688;1;4;1; ; ; ; ; ; ; ; ; ; ; ; ;12;292,345579339642
3361689;1;1;2;2;17; ;3;17; ;1;2; ; ;1; ;12;281,06310497345
3361689;1;2;1; ; ; ; ; ; ; ; ; ; ; ; ;12;281,06310497345
3361689;1;3;1; ; ; ; ; ; ; ; ; ; ; ; ;12;281,06310497345
3361690;1;1;2;2;66; ;3;66; ;1;2; ; ;1; ;12;257,574381795455
3361690;1;2;2;2;66; ;3;66; ;1;2; ; ;1; ;12;257,574381795455
3361690;1;3;2;2;66; ;2; ; ;1;2; ; ;1; ;12;257,574381795455
3361690;1;4;2;2;66; ;3;66; ;1;2; ; ;1; ;12;257,574381795455
3361691;1;1;2;2;17; ;2; ; ;1;2; ; ;1; ;12;236,239351266079
3361691;1;2;2;2;17; ;2; ; ;1;2; ; ;1; ;12;236,239351266079
3361691;1;3;2;1; ; ;2; ; ;1;2; ; ;1; ;12;236,239351266079
3361691;1;4;1; ; ; ; ; ; ; ; ; ; ; ; ;12;236,239351266079
3361691;1;5;2;2;76; ;2; ; ;1;2; ; ;1; ;12;236,239351266079
3361691;1;6;1; ; ; ; ; ; ; ; ; ; ; ; ;12;236,239351266079
3361692;1;1;1; ; ; ; ; ; ; ; ; ; ; ; ;12;262,913535043774
3361692;1;2;1; ; ; ; ; ; ; ; ; ; ; ; ;12;262,913535043774
3361693;1;1;2;2;66; ;2; ; ;1;2; ; ;1; ;12;457,108442687098
3361693;1;2;1; ; ; ; ; ; ; ; ; ; ; ; ;12;457,108442687098
3361693;1;3;1; ; ; ; ; ; ; ; ; ; ; ; ;12;457,108442687098
3361693;1;4;1; ; ; ; ; ; ; ; ; ; ; ; ;12;457,108442687098
3361693;1;5;1; ; ; ; ; ; ; ; ; ; ; ; ;12;457,108442687098
3361693;1;6;1; ; ; ; ; ; ; ; ; ; ; ; ;12;457,108442687098
3361693;1;7;1; ; ; ; ; ; ; ; ; ; ; ; ;12;457,108442687098
3361693;1;8;1; ; ; ; ; ; ; ; ; ; ; ; ;12;457,108442687098
3361693;1;9;1; ; ; ; ; ; ; ; ; ; ; ; ;12;457,108442687098
3361693;1;10;1; ; ; ; ; ; ; ; ; ; ; ; ;12;457,108442687098
3361693;1;11;1; ; ; ; ; ; ; ; ; ; ; ; ;12;457,108442687098
3361696;1;1;2;2;66; ;3;66; ;1;2; ; ;1; ;12;304,042877921701
3361696;1;2;2;2;66; ;3;66; ;1;2; ; ;1; ;12;304,042877921701
3361696;1;3;2;2;66; ;3;66; ;1;3;66; ;1; ;12;304,042877921701
3361696;1;4;2;2;66; ;2; ; ;1;2; ; ;1; ;12;304,042877921701
3361696;1;5;1; ; ; ; ; ; ; ; ; ; ; ; ;12;304,042877921701
3361697;1;1;2;2;17; ;2; ; ;1;2; ; ;1; ;12;246,0860300879
3361697;1;2;2;2;63; ;2; ; ;1;2; ; ;1; ;12;246,0860300879
3361698;1;1;2;2;66; ;2; ; ;1;2; ; ;1; ;12;287,999535940667
3361698;1;2;2;2;66; ;2; ; ;1;2; ; ;1; ;12;287,999535940667
3361698;1;3;1; ; ; ; ; ; ; ; ; ; ; ; ;12;287,999535940667
3361698;1;4;1; ; ; ; ; ; ; ; ; ; ; ; ;12;287,999535940667
3361698;1;5;1; ; ; ; ; ; ; ; ; ; ; ; ;12;287,999535940667
3361698;1;6;1; ; ; ; ; ; ; ; ; ; ; ; ;12;287,999535940667
3361699;1;1;2;2;66; ;2; ; ;1;2; ; ;1; ;12;262,683486605645
3361699;1;2;1; ; ; ; ; ; ; ; ; ; ; ; ;12;262,683486605645
3361699;1;3;2;2;76; ;2; ; ;1;2; ; ;1; ;12;262,683486605645
3361699;1;4;1; ; ; ; ; ; ; ; ; ; ; ; ;12;262,683486605645
3361699;1;5;2;2;66; ;2; ; ;1;2; ; ;1; ;12;262,683486605645
3361700;1;1;2;2;66; ;2; ; ;1;2; ; ;1; ;12;276,273752096198
3361700;1;2;1; ; ; ; ; ; ; ; ; ; ; ; ;12;276,273752096198
3361700;1;3;2;2;05; ;2; ; ;1;2; ; ;1; ;12;276,273752096198
3361701;1;1;2;2;17; ;2; ; ;1;2; ; ;1; ;12;216,290686782747
3361701;1;2;2;2;17; ;2; ; ;1;2; ; ;1; ;12;216,290686782747
3361702;1;1;2;2;17; ;2; ; ;1;2; ; ;1; ;12;295,769320166744
3361702;1;2;2;2;73; ;2; ; ;1;2; ; ;1; ;12;295,769320166744
3361702;1;3;2;2;66; ;2; ; ;1;2; ; ;1; ;12;295,769320166744
3361702;1;4;2;2;17; ;2; ; ;1;2; ; ;1; ;12;295,769320166744
3361702;1;5;2;2;17; ;2; ; ;1;2; ; ;1; ;12;295,769320166744
3361702;1;6;2;2;66; ;1; ; ; ;2; ; ;1; ;12;295,769320166744
3361703;1;1;2;2;76; ;3;66; ;1;2; ; ;1; ;12;198,416821186903
3361703;1;2;2;2;76; ;3;66; ;1;2; ; ;1; ;12;198,416821186903
3361703;1;3;2;2;66; ;3;66; ;1;2; ; ;1; ;12;198,416821186903
3361704;1;1;1; ; ; ; ; ; ; ; ; ; ; ; ;12;293,755238988897
3361705;1;1;2;2;05; ;2; ; ;1;2; ; ;1; ;12;172,045218708852
3361705;1;2;2;2;05; ;2; ; ;1;2; ; ;1; ;12;172,045218708852
3361705;1;3;2;2;05; ;2; ; ;1;2; ; ;1; ;12;172,045218708852
3361705;1;4;2;2;66; ;2; ; ;1;2; ; ;1; ;12;172,045218708852
3361705;1;5;2;2;05; ;2; ; ;1;2; ; ;1; ;12;172,045218708852
3361707;1;1;2;2;17; ;2; ; ;1;2; ; ;1; ;12;353,188503931281
3361707;1;2;2;2;66; ;2; ; ;1;2; ; ;1; ;12;353,188503931281
3361707;1;3;1; ; ; ; ; ; ; ; ; ; ; ; ;12;353,188503931281
3361707;1;4;2;2;17; ;3;17; ;1;2; ; ;1; ;12;353,188503931281
3361708;1;1;2;2;66; ;2; ; ;1;2; ; ;1; ;12;292,345579339642
3361708;1;2;2;2;76; ;2; ; ;1;2; ; ;1; ;12;292,345579339642
3361708;1;3;2;2;66; ;2; ; ;1;2; ; ;1; ;12;292,345579339642
3361708;1;4;1; ; ; ; ; ; ; ; ; ; ; ; ;12;292,345579339642
3361709;1;1;1; ; ; ; ; ; ; ; ; ; ; ; ;12;334,803110161289
3361709;1;2;2;2;63; ;2; ; ;1;2; ; ;1; ;12;334,803110161289
3361709;1;3;2;2;66; ;2; ; ;1;2; ; ;1; ;12;334,803110161289
3361709;1;4;2;2;66; ;2; ; ;1;2; ; ;1; ;12;334,803110161289
3361709;1;5;2;2;66; ;1; ; ; ;2; ; ;1; ;12;334,803110161289
3361709;1;6;2;2;63; ;2; ; ;1;2; ; ;1; ;12;334,803110161289
3361709;2;1;1; ; ; ; ; ; ; ; ; ; ; ; ;12;334,803110161289
3361709;2;2;2;2;66; ;2; ; ;1;2; ; ;1; ;12;334,803110161289
3361710;1;1;2;2;76; ;3;66; ;1;2; ; ;1; ;12;253,869067323641
3361710;1;2;2;2;66; ;3;66; ;1;2; ; ;1; ;12;253,869067323641
3361710;1;3;2;2;66; ;3;66; ;1;2; ; ;1; ;12;253,869067323641
3361715;1;1;2;2;76; ;2; ; ;1;2; ; ;1; ;12;232,963839603839
3361715;1;2;2;2;17; ;2; ; ;1;2; ; ;1; ;12;232,963839603839
3361715;1;3;2;2;76; ;2; ; ;1;2; ; ;1; ;12;232,963839603839
3361716;1;1;2;2;63; ;2; ; ;1;2; ; ;1; ;12;267,383636510846
3361716;1;2;2;2;17; ;2; ; ;1;2; ; ;1; ;12;267,383636510846
3361716;1;3;2;2;63; ;2; ; ;1;2; ; ;1; ;12;267,383636510846
3361717;1;1;2;2;17; ;2; ; ;1;2; ; ;1; ;12;229,464402473389
3361717;1;2;2;2;17; ;2; ; ;1;2; ; ;1; ;12;229,464402473389
3361717;1;3;2;2;66; ;2; ; ;1;2; ; ;1; ;12;229,464402473389
3361718;1;1;2;2;66; ;2; ; ;1;2; ; ;1; ;12;255,241302866466
3361718;1;2;2;2;63; ;2; ; ;1;2; ; ;1; ;12;255,241302866466
3361718;1;3;2;2;76; ;2; ; ;1;2; ; ;1; ;12;255,241302866466
3361719;1;1;2;2;05; ;2; ; ;1;2; ; ;1; ;12;355,039123691519
3361719;1;2;2;2;05; ;2; ; ;1;2; ; ;1; ;12;355,039123691519
3361719;1;3;2;2;17; ;2; ; ;1;2; ; ;1; ;12;355,039123691519
3361719;1;4;2;2;05; ;2; ; ;1;2; ; ;1; ;12;355,039123691519
3361719;1;5;2;2;66; ;2; ; ;1;2; ; ;1; ;12;355,039123691519
3361719;1;6;2;2;17; ;2; ; ;1;2; ; ;1; ;12;355,039123691519
3361719;1;7;2;2;17; ;2; ; ;1;2; ; ;1; ;12;355,039123691519
3361719;1;8;2;2;17; ;2; ; ;1;2; ; ;1; ;12;355,039123691519
3361719;1;9;2;2;66; ;3;66; ;1;2; ; ;1; ;12;355,039123691519
3361720;1;1;2;2;66; ;2; ; ;1;2; ; ;1; ;12;262,759182908993
3361720;1;2;2;2;41; ;2; ; ;1;2; ; ;1; ;12;262,759182908993
3361720;1;3;1; ; ; ; ; ; ; ; ; ; ; ; ;12;262,759182908993
3361721;1;1;2;2;66; ;3;66; ;1;2; ; ;1; ;12;246,0860300879
3361721;1;2;2;2;66; ;3;66; ;1;2; ; ;1; ;12;246,0860300879
3361722;1;1;2;2;17; ;2; ; ;1;2; ; ;1; ;12;232,963839603839
3361722;1;2;2;2;17; ;2; ; ;1;2; ; ;1; ;12;232,963839603839
3361722;1;3;2;2;17; ;2; ; ;1;2; ; ;1; ;12;232,963839603839
3361723;1;1;2;2;17; ;2; ; ;1;2; ; ;1; ;12;272,722789759166
3361724;1;1;2;2;66; ;3;66; ;1;2; ; ;1; ;12;297,030750651136
3361724;1;2;2;2;66; ;2; ; ;1;2; ; ;1; ;12;297,030750651136
3361724;1;3;1; ; ; ; ; ; ; ; ; ; ; ; ;12;297,030750651136
3361724;1;4;1; ; ; ; ; ; ; ; ; ; ; ; ;12;297,030750651136
3361725;1;1;2;2;17; ;2; ; ;1;2; ; ;1; ;12;284,562542103901
3361725;1;2;2;2;17; ;2; ; ;1;2; ; ;1; ;12;284,562542103901
3361725;1;3;1; ; ; ; ; ; ; ; ; ; ; ; ;12;284,562542103901
3361726;1;1;2;2;66; ;2; ; ;1;2; ; ;1; ;12;246,0860300879
3361726;1;2;2;2;66; ;2; ; ;1;2; ; ;1; ;12;246,0860300879
3361727;1;1;2;2;66; ;2; ; ;1;2; ; ;1; ;12;314,14893853455
3361727;1;2;2;2;66; ;2; ; ;1;2; ; ;1; ;12;314,14893853455
3361727;1;3;2;2;66; ;2; ; ;1;2; ; ;1; ;12;314,14893853455
3361727;1;4;2;2;66; ;2; ; ;1;2; ; ;1; ;12;314,14893853455
3361728;1;1;2;2;76; ;2; ; ;1;2; ; ;1; ;12;253,869067323641
3361728;1;2;2;2;66; ;3;66; ;1;2; ; ;1; ;12;253,869067323641
3361728;1;3;2;2;66; ;2; ; ;1;2; ; ;1; ;12;253,869067323641
3361729;1;1;2;2;66; ;3;11; ;1;2; ; ;1; ;12;291,653325205899
3361729;1;2;2;2;11; ;3;11; ;1;2; ; ;1; ;12;291,653325205899
3361729;1;3;2;2;11; ;1; ; ; ;3;11; ;1; ;12;291,653325205899
3361729;1;4;2;2;66; ;2; ; ;1;2; ; ;1; ;12;291,653325205899
3361729;1;5;1; ; ; ; ; ; ; ; ; ; ; ; ;12;291,653325205899
3361730;1;1;2;2;76; ;2; ; ;1;2; ; ;1; ;12;266,953833701271
3361730;1;2;2;2;66; ;2; ; ;1;2; ; ;1; ;12;266,953833701271
3361730;1;3;2;2;66; ;2; ; ;1;2; ; ;1; ;12;266,953833701271
3361730;1;4;2;2;17; ;2; ; ;1;2; ; ;1; ;12;266,953833701271
3361730;1;5;2;2;17; ;2; ; ;1;2; ; ;1; ;12;266,953833701271
3361731;1;1;2;2;66; ;2; ; ;1;2; ; ;1; ;12;284,056789331939
3361731;1;2;2;2;66; ;2; ; ;1;2; ; ;1; ;12;284,056789331939
3361731;1;3;2;2;05; ;2; ; ;1;2; ; ;1; ;12;284,056789331939
3361731;1;4;2;2;05; ;2; ; ;1;2; ; ;1; ;12;284,056789331939
3361732;1;1;2;2;66; ;2; ; ;1;2; ; ;1; ;12;206,68144009784
3361732;1;2;1; ; ; ; ; ; ; ; ; ; ; ; ;12;206,68144009784
3361732;1;3;2;2;18; ;2; ; ;1;2; ; ;1; ;12;206,68144009784
3361732;1;4;2;2;66; ;2; ; ;1;2; ; ;1; ;12;206,68144009784
3361732;2;1;1; ; ; ; ; ; ; ; ; ; ; ; ;12;206,68144009784
3361732;2;2;2;2;18; ;2; ; ;1;2; ; ;1; ;12;206,68144009784
3361732;2;3;1; ; ; ; ; ; ; ; ; ; ; ; ;12;206,68144009784
3361733;1;1;1; ; ; ; ; ; ; ; ; ; ; ; ;12;259,259745778543
3361733;1;2;1; ; ; ; ; ; ; ; ; ; ; ; ;12;259,259745778543
3361733;1;3;1; ; ; ; ; ; ; ; ; ; ; ; ;12;259,259745778543
3361736;1;1;1; ; ; ; ; ; ; ; ; ; ; ; ;12;267,889389282808
3361736;1;2;1; ; ; ; ; ; ; ; ; ; ; ; ;12;267,889389282808
3361737;1;1;2;2;05; ;2; ; ;1;2; ; ;1; ;12;272,722789759166
3361738;1;1;1; ; ; ; ; ; ; ; ; ; ; ; ;12;229,412877266807
3361739;1;1;2;2;17; ;2; ; ;1;2; ; ;1; ;12;312,745054287481
3361739;1;2;2;2;76; ;2; ; ;1;2; ; ;1; ;12;312,745054287481
3361739;1;3;2;2;76; ;2; ; ;1;2; ; ;1; ;12;312,745054287481
3361739;1;4;2;2;76; ;2; ; ;1;2; ; ;1; ;12;312,745054287481
3361739;1;5;1; ; ; ; ; ; ; ; ; ; ; ; ;12;312,745054287481
3361740;1;1;2;2;76; ;2; ; ;1;2; ; ;1; ;12;283,870287970158
3361740;1;2;2;2;63; ;2; ; ;1;2; ; ;1; ;12;283,870287970158
3361740;1;3;1; ; ; ; ; ; ; ; ; ; ; ; ;12;283,870287970158
3361740;1;4;2;2;63; ;2; ; ;1;2; ; ;1; ;12;283,870287970158
3361741;1;1;2;2;76; ;3;66; ;1;2; ; ;1; ;12;281,06310497345
3361741;1;2;1; ; ; ; ; ; ; ; ; ; ; ; ;12;281,06310497345
3361741;1;3;1; ; ; ; ; ; ; ; ; ; ; ; ;12;281,06310497345
3361742;1;1;1; ; ; ; ; ; ; ; ; ; ; ; ;12;237,195914502548
3361742;1;2;1; ; ; ; ; ; ; ; ; ; ; ; ;12;237,195914502548
3361743;1;1;2;2;17; ;2; ; ;1;2; ; ;1; ;12;254,900449369904
3361743;1;2;1; ; ; ; ; ; ; ; ; ; ; ; ;12;254,900449369904
3361743;1;3;2;2;66; ;2; ; ;1;2; ; ;1; ;12;254,900449369904
3361743;1;4;1; ; ; ; ; ; ; ; ; ; ; ; ;12;254,900449369904
3361744;1;1;2;2;17; ;2; ; ;1;2; ; ;1; ;12;250,421155399772
3361744;1;2;2;2;76; ;2; ; ;1;2; ; ;1; ;12;250,421155399772
3361744;1;3;1; ; ; ; ; ; ; ; ; ; ; ; ;12;250,421155399772
3361744;1;4;1; ; ; ; ; ; ; ; ; ; ; ; ;12;250,421155399772
3361744;1;5;1; ; ; ; ; ; ; ; ; ; ; ; ;12;250,421155399772
3361745;1;1;2;2;17; ;2; ; ;1;2; ; ;1; ;12;270,696572279515
3361745;1;2;2;2;17; ;2; ; ;1;2; ; ;1; ;12;270,696572279515
3361745;1;3;1; ; ; ; ; ; ; ; ; ; ; ; ;12;270,696572279515
3361746;1;1;2;2;73; ;2; ; ;1;2; ; ;1; ;12;310,42839180999
3361746;1;2;1; ; ; ; ; ; ; ; ; ; ; ; ;12;310,42839180999
3361747;1;1;2;1; ; ;2; ; ;1;3;11; ;1; ;12;345,40546669554
3361747;1;2;2;1; ; ;2; ; ;1;3;11; ;1; ;12;345,40546669554
3361747;1;3;2;1; ; ;1; ; ; ;3;11; ;1; ;12;345,40546669554
3361748;1;1;2;2;27; ;2; ; ;1;2; ; ;1; ;12;244,978951738289
3361748;1;2;1; ; ; ; ; ; ; ; ; ; ; ; ;12;244,978951738289
3361748;1;3;1; ; ; ; ; ; ; ; ; ; ; ; ;12;244,978951738289
3361749;1;1;1; ; ; ; ; ; ; ; ; ; ; ; ;12;280,633048504836
3361749;1;2;1; ; ; ; ; ; ; ; ; ; ; ; ;12;280,633048504836
3361750;1;1;2;2;17; ;2; ; ;1;2; ; ;1; ;12;242,58659295745
3361750;1;2;1; ; ; ; ; ; ; ; ; ; ; ; ;12;242,58659295745
3361751;1;1;1; ; ; ; ; ; ; ; ; ; ; ; ;12;293,755238988897
3361754;1;1;2;2;17; ;2; ; ;1;2; ; ;1; ;12;211,931390374108
3361754;1;2;2;2;66; ;2; ; ;1;2; ; ;1; ;12;211,931390374108
3361754;1;3;1; ; ; ; ; ; ; ; ; ; ; ; ;12;211,931390374108
3361759;1;1;1; ; ; ; ; ; ; ; ; ; ; ; ;12;276,087250734417
3361759;1;2;1; ; ; ; ; ; ; ; ; ; ; ; ;12;276,087250734417
3361759;1;3;1; ; ; ; ; ; ; ; ; ; ; ; ;12;276,087250734417
3361760;1;1;2;2;05; ;2; ; ;1;2; ; ;1; ;12;258,152667428932
3361760;1;2;2;2;05; ;2; ; ;1;2; ; ;1; ;12;258,152667428932
3361760;1;3;1; ; ; ; ; ; ; ; ; ; ; ; ;12;258,152667428932
3361760;1;4;1; ; ; ; ; ; ; ; ; ; ; ; ;12;258,152667428932
3361761;1;1;2;2;19; ;2; ; ;1;2; ; ;1; ;12;259,600599275105
3361761;1;2;2;2;66; ;2; ; ;1;2; ; ;1; ;12;259,600599275105
3361762;1;1;1; ; ; ; ; ; ; ; ; ; ; ; ;12;358,579182386183
3361762;1;2;1; ; ; ; ; ; ; ; ; ; ; ; ;12;358,579182386183
3361762;1;3;1; ; ; ; ; ; ; ; ; ; ; ; ;12;358,579182386183
3361762;1;4;1; ; ; ; ; ; ; ; ; ; ; ; ;12;358,579182386183
3361763;1;1;2;2;76; ;2; ; ;1;2; ; ;1; ;12;237,195914502548
3361763;1;2;1; ; ; ; ; ; ; ; ; ; ; ; ;12;237,195914502548
3361764;1;1;1; ; ; ; ; ; ; ; ; ; ; ; ;12;259,600599275105
3361764;1;2;1; ; ; ; ; ; ; ; ; ; ; ; ;12;259,600599275105
3361765;1;1;2;2;76; ;2; ; ;1;2; ; ;1; ;12;263,959895683744
3361766;1;1;2;2;11; ;2; ; ;1;2; ; ;1; ;12;293,755238988897
3361767;1;1;2;2;54; ;3;54; ;1;2; ; ;1; ;12;179,294806149363
3361767;1;2;2;2;20; ;3;54; ;1;2; ; ;1; ;12;179,294806149363
3361768;1;1;2;2;47; ;2; ; ;1;2; ; ;1; ;12;132,712035944392
3361768;1;2;2;2;47; ;2; ; ;1;2; ; ;1; ;12;132,712035944392
3361769;1;1;1; ; ; ; ; ; ; ; ; ; ; ; ;12;162,819422685066
3361769;1;2;1; ; ; ; ; ; ; ; ; ; ; ; ;12;162,819422685066
3361769;1;3;1; ; ; ; ; ; ; ; ; ; ; ; ;12;162,819422685066
3361770;1;1;2;2;47; ;2; ; ;1;2; ; ;1; ;12;200,270133255571
3361773;1;1;2;2;13; ;2; ; ;1;2; ; ;1; ;12;144,531922260616
3361773;1;2;1; ; ; ; ; ; ; ; ; ; ; ; ;12;144,531922260616
3361775;1;1;1; ; ; ; ; ; ; ; ; ; ; ; ;12;210,261618549938
3361775;1;2;2;2;05; ;2; ; ;1;2; ; ;1; ;12;210,261618549938
3361776;1;1;1; ; ; ; ; ; ; ; ; ; ; ; ;12;195,153955816736
3361776;1;2;1; ; ; ; ; ; ; ; ; ; ; ; ;12;195,153955816736
3361776;1;3;1; ; ; ; ; ; ; ; ; ; ; ; ;12;195,153955816736
3361776;1;4;1; ; ; ; ; ; ; ; ; ; ; ; ;12;195,153955816736
3361777;1;1;1; ; ; ; ; ; ; ; ; ; ; ; ;12;133,027857388393
3361777;1;2;1; ; ; ; ; ; ; ; ; ; ; ; ;12;133,027857388393
3361779;1;1;2;2;47; ;2; ; ;1;2; ; ;1; ;12;185,973406702302
3361779;1;2;1; ; ; ; ; ; ; ; ; ; ; ; ;12;185,973406702302
3361779;1;3;1; ; ; ; ; ; ; ; ; ; ; ; ;12;185,973406702302
3361779;1;4;1; ; ; ; ; ; ; ; ; ; ; ; ;12;185,973406702302
3361779;1;5;2;2;47; ;2; ; ;1;2; ; ;1; ;12;185,973406702302
3361779;1;6;2;2;47; ;2; ; ;1;2; ; ;1; ;12;185,973406702302
3361779;1;7;1; ; ; ; ; ; ; ; ; ; ; ; ;12;185,973406702302
3361781;1;1;2;2;13; ;2; ; ;1;2; ; ;1; ;12;96,8686303435461
3361781;1;2;2;2;13; ;2; ; ;1;2; ; ;1; ;12;96,8686303435461
3361781;1;3;2;2;47; ;2; ; ;1;2; ; ;1; ;12;96,8686303435461
3361781;1;4;1; ; ; ; ; ; ; ; ; ; ; ; ;12;96,8686303435461
3361781;1;5;1; ; ; ; ; ; ; ; ; ; ; ; ;12;96,8686303435461
3361781;1;6;1; ; ; ; ; ; ; ; ; ; ; ; ;12;96,8686303435461
3361781;1;7;1; ; ; ; ; ; ; ; ; ; ; ; ;12;96,8686303435461
3361781;1;8;1; ; ; ; ; ; ; ; ; ; ; ; ;12;96,8686303435461
3361782;1;1;1; ; ; ; ; ; ; ; ; ; ; ; ;12;155,243487338241
3361783;1;1;2;2;47; ;2; ; ;1;2; ; ;1; ;12;77,2448600599974
3361783;1;2;2;2;08; ;2; ; ;1;2; ; ;1; ;12;77,2448600599974
3361783;1;3;1; ; ; ; ; ; ; ; ; ; ; ; ;12;77,2448600599974
3361783;1;4;1; ; ; ; ; ; ; ; ; ; ; ; ;12;77,2448600599974
3361783;1;5;1; ; ; ; ; ; ; ; ; ; ; ; ;12;77,2448600599974
3361783;1;6;1; ; ; ; ; ; ; ; ; ; ; ; ;12;77,2448600599974
3361784;1;1;2;2;20; ;2; ; ;1;2; ; ;1; ;12;80,4203201639205
3361784;1;2;2;2;13; ;2; ; ;1;2; ; ;1; ;12;80,4203201639205
3361784;1;3;1; ; ; ; ; ; ; ; ; ; ; ; ;12;80,4203201639205
3361784;1;4;1; ; ; ; ; ; ; ; ; ; ; ; ;12;80,4203201639205
3361784;1;5;1; ; ; ; ; ; ; ; ; ; ; ; ;12;80,4203201639205
3361784;1;6;1; ; ; ; ; ; ; ; ; ; ; ; ;12;80,4203201639205
3361785;1;1;1; ; ; ; ; ; ; ; ; ; ; ; ;12;180,529449773262
3361785;1;2;1; ; ; ; ; ; ; ; ; ; ; ; ;12;180,529449773262
3361785;1;3;1; ; ; ; ; ; ; ; ; ; ; ; ;12;180,529449773262
3361785;1;4;1; ; ; ; ; ; ; ; ; ; ; ; ;12;180,529449773262
3361786;1;1;2;2;44; ;2; ; ;1;2; ; ;1; ;12;96,1652308018261
3361786;1;2;2;1; ; ;2; ; ;1;2; ; ;1; ;12;96,1652308018261
3361786;1;3;1; ; ; ; ; ; ; ; ; ; ; ; ;12;96,1652308018261
3361786;1;4;1; ; ; ; ; ; ; ; ; ; ; ; ;12;96,1652308018261
3361786;1;5;1; ; ; ; ; ; ; ; ; ; ; ; ;12;96,1652308018261
3361786;2;1;1; ; ; ; ; ; ; ; ; ; ; ; ;12;96,1652308018261
3361786;2;2;1; ; ; ; ; ; ; ; ; ; ; ; ;12;96,1652308018261
3361786;2;3;1; ; ; ; ; ; ; ; ; ; ; ; ;12;96,1652308018261
3361786;2;4;1; ; ; ; ; ; ; ; ; ; ; ; ;12;96,1652308018261
3361787;1;1;1; ; ; ; ; ; ; ; ; ; ; ; ;12;155,243487338241
3361788;1;1;2;2;73; ;2; ; ;1;2; ; ;1; ;12;180,529449773262
3361788;1;2;2;2;47; ;2; ; ;1;2; ; ;1; ;12;180,529449773262
3361788;1;3;1; ; ; ; ; ; ; ; ; ; ; ; ;12;180,529449773262
3361788;1;4;1; ; ; ; ; ; ; ; ; ; ; ; ;12;180,529449773262
3361789;1;1;2;2;20; ;2; ; ;1;2; ; ;1; ;12;166,776073248089
3361789;1;2;1; ; ; ; ; ; ; ; ; ; ; ; ;12;166,776073248089
3361789;1;3;1; ; ; ; ; ; ; ; ; ; ; ; ;12;166,776073248089
3361789;1;4;1; ; ; ; ; ; ; ; ; ; ; ; ;12;166,776073248089
3361790;1;1;2;2;20; ;3;20; ;1;2; ; ;1; ;12;100,256396487297
3361790;1;2;2;2;20; ;3;20; ;1;2; ; ;1; ;12;100,256396487297
3361790;1;3;2;2;20; ;3;20; ;1;2; ; ;1; ;12;100,256396487297
3361791;1;1;1; ; ; ; ; ; ; ; ; ; ; ; ;12;176,098206279776
3361791;1;2;2;2;47; ;2; ; ;1;2; ; ;1; ;12;176,098206279776
3361791;1;3;1; ; ; ; ; ; ; ; ; ; ; ; ;12;176,098206279776
3361791;1;4;1; ; ; ; ; ; ; ; ; ; ; ; ;12;176,098206279776
3361828;1;1;1; ; ; ; ; ; ; ; ; ; ; ; ;12;141,671700300177
3361884;1;1;2;2;47; ;2; ; ;1;2; ; ;1; ;12;94,2760750462666
3361884;1;2;2;1; ; ;2; ; ;1;2; ; ;1; ;12;94,2760750462666
3361884;1;3;2;1; ; ;2; ; ;1;2; ; ;1; ;12;94,2760750462666
3361886;1;1;2;2;05; ;2; ; ;1;2; ; ;1; ;12;1384,33316039409
3361886;1;2;1; ; ; ; ; ; ; ; ; ; ; ; ;12;1384,33316039409
3361886;1;3;2;2;05; ;2; ; ;1;2; ; ;1; ;12;1384,33316039409
3361887;1;1;2;2;05; ;2; ; ;1;2; ; ;1; ;12;916,138417970211
3361887;1;2;2;2;05; ;2; ; ;1;2; ; ;1; ;12;916,138417970211
3361887;1;3;2;2;05; ;2; ; ;1;2; ; ;1; ;12;916,138417970211
3361887;1;4;2;2;05; ;2; ; ;1;2; ; ;1; ;12;916,138417970211
3361888;1;1;2;2;05; ;2; ; ;1;2; ; ;1; ;12;1117,42619283571
3361888;1;2;1; ; ; ; ; ; ; ; ; ; ; ; ;12;1117,42619283571
3361888;1;3;1; ; ; ; ; ; ; ; ; ; ; ; ;12;1117,42619283571
3361889;1;1;2;2;05; ;2; ; ;1;2; ; ;1; ;12;950,052364366219
3361889;1;2;1; ; ; ; ; ; ; ; ; ; ; ; ;12;950,052364366219
3361889;1;3;1; ; ; ; ; ; ; ; ; ; ; ; ;12;950,052364366219
3361889;1;4;1; ; ; ; ; ; ; ; ; ; ; ; ;12;950,052364366219
3361890;1;1;2;2;23; ;2; ; ;1;2; ; ;1; ;12;1229,75735690166
3361890;1;2;1; ; ; ; ; ; ; ; ; ; ; ; ;12;1229,75735690166
3361890;1;3;2;2;23; ;2; ; ;1;2; ; ;1; ;12;1229,75735690166
3361890;1;4;2;2;23; ;3;23; ;1;2; ; ;1; ;12;1229,75735690166
3361890;1;5;1; ; ; ; ; ; ; ; ; ; ; ; ;12;1229,75735690166
3361890;1;6;2;2;23; ;3;23; ;1;3;23; ;1; ;12;1229,75735690166
3361891;1;1;1; ; ; ; ; ; ; ; ; ; ; ; ;12;1719,78441759656
3361891;1;2;1; ; ; ; ; ; ; ; ; ; ; ; ;12;1719,78441759656
3361891;1;3;1; ; ; ; ; ; ; ; ; ; ; ; ;12;1719,78441759656
3361891;1;4;1; ; ; ; ; ; ; ; ; ; ; ; ;12;1719,78441759656
3361891;1;5;1; ; ; ; ; ; ; ; ; ; ; ; ;12;1719,78441759656
3361894;1;1;1; ; ; ; ; ; ; ; ; ; ; ; ;12;1326,02331966363
3361894;1;2;1; ; ; ; ; ; ; ; ; ; ; ; ;12;1326,02331966363
3361895;1;1;2;2;15; ;2; ; ;1;2; ; ;1; ;12;1002,67957477559
3361895;1;2;1; ; ; ; ; ; ; ; ; ; ; ; ;12;1002,67957477559
3361895;1;3;2;1; ; ;3;05; ;1;2; ; ;1; ;12;1002,67957477559
3361896;1;1;2;2;05; ;2; ; ;1;2; ; ;1; ;12;1003,6300118938
3361896;1;2;1; ; ; ; ; ; ; ; ; ; ; ; ;12;1003,6300118938
3361896;1;3;1; ; ; ; ; ; ; ; ; ; ; ; ;12;1003,6300118938
3361896;1;4;1; ; ; ; ; ; ; ; ; ; ; ; ;12;1003,6300118938
3361896;1;5;1; ; ; ; ; ; ; ; ; ; ; ; ;12;1003,6300118938
3361898;1;1;1; ; ; ; ; ; ; ; ; ; ; ; ;12;1336,82450161272
3361898;1;2;1; ; ; ; ; ; ; ; ; ; ; ; ;12;1336,82450161272
3361898;1;3;1; ; ; ; ; ; ; ; ; ; ; ; ;12;1336,82450161272
3361898;1;4;1; ; ; ; ; ; ; ; ; ; ; ; ;12;1336,82450161272
3361899;1;1;1; ; ; ; ; ; ; ; ; ; ; ; ;12;1327,10545518715
3361899;1;2;1; ; ; ; ; ; ; ; ; ; ; ; ;12;1327,10545518715
3361900;1;1;2;2;05; ;2; ; ;1;2; ; ;1; ;12;1000,86314198966
3361900;1;2;1; ; ; ; ; ; ; ; ; ; ; ; ;12;1000,86314198966
3361900;1;3;1; ; ; ; ; ; ; ; ; ; ; ; ;12;1000,86314198966
3361902;1;1;1; ; ; ; ; ; ; ; ; ; ; ; ;12;1481,90687451535
3361902;1;2;1; ; ; ; ; ; ; ; ; ; ; ; ;12;1481,90687451535
3361903;1;1;2;2;05; ;2; ; ;1;2; ; ;1; ;12;1175,50583077429
3361903;1;2;1; ; ; ; ; ; ; ; ; ; ; ; ;12;1175,50583077429
3361904;1;1;1; ; ; ; ; ; ; ; ; ; ; ; ;12;959,732917330624
3361904;1;2;1; ; ; ; ; ; ; ; ; ; ; ; ;12;959,732917330624
3361905;1;1;2;2;05; ;2; ; ;1;2; ; ;1; ;12;1124,08787605039
3361905;1;2;2;2;17; ;2; ; ;1;2; ; ;1; ;12;1124,08787605039
3361905;1;3;1; ; ; ; ; ; ; ; ; ; ; ; ;12;1124,08787605039
3361905;1;4;1; ; ; ; ; ; ; ; ; ; ; ; ;12;1124,08787605039
3361906;1;1;2;2;05; ;2; ; ;1;2; ; ;1; ;12;723,156456560951
3361906;1;2;2;2;05; ;2; ; ;1;2; ; ;1; ;12;723,156456560951
3361906;1;3;1; ; ; ; ; ; ; ; ; ; ; ; ;12;723,156456560951
3361906;1;4;1; ; ; ; ; ; ; ; ; ; ; ; ;12;723,156456560951
3361907;1;1;2;1; ; ;2; ; ;1;2; ; ;1; ;12;1202,24088013282
3361908;1;1;1; ; ; ; ; ; ; ; ; ; ; ; ;12;989,82440020723
3361908;1;2;1; ; ; ; ; ; ; ; ; ; ; ; ;12;989,82440020723
3361908;1;3;1; ; ; ; ; ; ; ; ; ; ; ; ;12;989,82440020723
3361908;1;4;1; ; ; ; ; ; ; ; ; ; ; ; ;12;989,82440020723
3361909;1;1;2;2;05; ;2; ; ;1;2; ; ;1; ;12;934,00697298533
3361909;1;2;2;2;05; ;2; ; ;1;2; ; ;1; ;12;934,00697298533
3361909;1;3;1; ; ; ; ; ; ; ; ; ; ; ; ;12;934,00697298533
3361909;1;4;1; ; ; ; ; ; ; ; ; ; ; ; ;12;934,00697298533
3361910;1;1;2;2;05; ;2; ; ;1;2; ; ;1; ;12;1449,17192313295
3361910;1;2;1; ; ; ; ; ; ; ; ; ; ; ; ;12;1449,17192313295
3361910;1;3;1; ; ; ; ; ; ; ; ; ; ; ; ;12;1449,17192313295
3361910;1;4;1; ; ; ; ; ; ; ; ; ; ; ; ;12;1449,17192313295
3361910;1;5;1; ; ; ; ; ; ; ; ; ; ; ; ;12;1449,17192313295
3361910;1;6;1; ; ; ; ; ; ; ; ; ; ; ; ;12;1449,17192313295
3361910;1;7;1; ; ; ; ; ; ; ; ; ; ; ; ;12;1449,17192313295
3361911;1;1;2;2;47; ;2; ; ;1;2; ; ;1; ;12;1051,72339124348
3361912;1;1;2;2;23; ;3;23; ;1;2; ; ;1; ;12;1203,32301565633
3361913;1;1;1; ; ; ; ; ; ; ; ; ; ; ; ;12;1190,94690167434
3361913;1;2;1; ; ; ; ; ; ; ; ; ; ; ; ;12;1190,94690167434
3361913;1;3;1; ; ; ; ; ; ; ; ; ; ; ; ;12;1190,94690167434
3361914;1;1;1; ; ; ; ; ; ; ; ; ; ; ; ;12;1017,64158508927
3361914;1;2;1; ; ; ; ; ; ; ; ; ; ; ; ;12;1017,64158508927
3361914;1;3;1; ; ; ; ; ; ; ; ; ; ; ; ;12;1017,64158508927
3361915;1;1;1; ; ; ; ; ; ; ; ; ; ; ; ;12;1269,12375691821
3361915;1;2;1; ; ; ; ; ; ; ; ; ; ; ; ;12;1269,12375691821
3361916;1;1;2;2;05; ;2; ; ;1;2; ; ;1; ;12;922,941523421831
3361916;1;2;2;2;05; ;2; ; ;1;2; ; ;1; ;12;922,941523421831
3361916;1;3;1; ; ; ; ; ; ; ; ; ; ; ; ;12;922,941523421831
3361917;1;1;1; ; ; ; ; ; ; ; ; ; ; ; ;12;1270,20589244173
3361917;1;2;2;2;05; ;2; ; ;1;2; ; ;1; ;12;1270,20589244173
3361919;1;1;2;2;05; ;2; ; ;1;2; ; ;1; ;12;1179,88145211085
3361919;1;2;1; ; ; ; ; ; ; ; ; ; ; ; ;12;1179,88145211085
3361920;1;1;2;2;05; ;2; ; ;1;2; ; ;1; ;12;1203,32301565633
3361921;1;1;1; ; ; ; ; ; ; ; ; ; ; ; ;12;1467,27006158942
3361921;1;2;1; ; ; ; ; ; ; ; ; ; ; ; ;12;1467,27006158942
3361921;1;3;1; ; ; ; ; ; ; ; ; ; ; ; ;12;1467,27006158942
3361921;1;4;1; ; ; ; ; ; ; ; ; ; ; ; ;12;1467,27006158942
3361922;1;1;2;2;05; ;2; ; ;1;2; ; ;1; ;12;1259,14044287823
3361923;1;1;2;1; ; ;2; ; ;1;2; ; ;1; ;12;1187,65341586131
3361923;1;2;2;2;05; ;2; ; ;1;2; ; ;1; ;12;1187,65341586131
3361923;1;3;2;1; ; ;2; ; ;1;2; ; ;1; ;12;1187,65341586131
3361924;1;1;1; ; ; ; ; ; ; ; ; ; ; ; ;12;1163,51918502765
3361924;1;2;1; ; ; ; ; ; ; ; ; ; ; ; ;12;1163,51918502765
3361924;1;3;1; ; ; ; ; ; ; ; ; ; ; ; ;12;1163,51918502765
3361924;1;4;1; ; ; ; ; ; ; ; ; ; ; ; ;12;1163,51918502765
3361925;1;1;2;2;05; ;2; ; ;1;2; ; ;1; ;12;630,229388642491
3361925;1;2;1; ; ; ; ; ; ; ; ; ; ; ; ;12;630,229388642491
3361926;1;1;2;2;05; ;2; ; ;1;2; ; ;1; ;12;1467,27006158942
3361926;1;2;2;2;23; ;3;23; ;1;2; ; ;1; ;12;1467,27006158942
3361926;1;3;2;2;23; ;3;23; ;1;2; ; ;1; ;12;1467,27006158942
3361926;1;4;1; ; ; ; ; ; ; ; ; ; ; ; ;12;1467,27006158942
3361927;1;1;1; ; ; ; ; ; ; ; ; ; ; ; ;12;1163,51918502765
3361927;1;2;2;2;05; ;2; ; ;1;2; ; ;1; ;12;1163,51918502765
3361927;1;3;1; ; ; ; ; ; ; ; ; ; ; ; ;12;1163,51918502765
3361927;1;4;1; ; ; ; ; ; ; ; ; ; ; ; ;12;1163,51918502765
3361928;1;1;2;1; ; ;3;05; ;1;2; ; ;1; ;12;1428,98162899695
3361928;1;2;2;1; ; ;3;05; ;1;2; ; ;1; ;12;1428,98162899695
3361929;1;1;2;2;05; ;2; ; ;1;2; ; ;1; ;12;1321,39246165104
3361929;1;2;2;2;05; ;2; ; ;1;2; ; ;1; ;12;1321,39246165104
3361929;1;3;1; ; ; ; ; ; ; ; ; ; ; ; ;12;1321,39246165104
3361930;1;1;2;2;05; ;2; ; ;1;2; ; ;1; ;12;1259,14044287823
3361931;1;1;2;2;05; ;2; ; ;1;2; ; ;1; ;12;938,382594321881
3361931;1;2;2;2;05; ;2; ; ;1;2; ; ;1; ;12;938,382594321881
3361931;1;3;1; ; ; ; ; ; ; ; ; ; ; ; ;12;938,382594321881
3361931;1;4;1; ; ; ; ; ; ; ; ; ; ; ; ;12;938,382594321881
3361932;1;1;2;2;17; ;2; ; ;1;4; ;1; ;3;12;1259,14044287823
3361934;1;1;2;2;05; ;4; ;1; ;4; ;1; ;3;12;1309,27158434509
3361934;1;2;2;2;05; ;2; ; ;1;2; ; ;1; ;12;1309,27158434509
3361934;1;3;2;2;05; ;2; ; ;1;2; ; ;1; ;12;1309,27158434509
3361934;1;4;2;2;05; ;3;05; ;1;2; ; ;1; ;12;1309,27158434509
3361935;1;1;2;2;05; ;2; ; ;1;2; ; ;1; ;12;1302,35322722317
3361935;1;2;2;2;05; ;2; ; ;1;2; ; ;1; ;12;1302,35322722317
3361935;1;3;2;2;05; ;2; ; ;1;2; ; ;1; ;12;1302,35322722317
3361935;1;4;2;1; ; ;2; ; ;1;2; ; ;1; ;12;1302,35322722317
3361935;1;5;2;2;05; ;3;05; ;1;2; ; ;1; ;12;1302,35322722317
3361935;1;6;2;2;05; ;2; ; ;1;2; ; ;1; ;12;1302,35322722317
3361936;1;1;2;2;76; ;2; ; ;1;2; ; ;1; ;12;1288,94441875641
3361936;1;2;2;2;05; ;2; ; ;1;2; ; ;1; ;12;1288,94441875641
3361936;1;3;1; ; ; ; ; ; ; ; ; ; ; ; ;12;1288,94441875641
3361936;1;4;1; ; ; ; ; ; ; ; ; ; ; ; ;12;1288,94441875641
3361936;1;5;2;2;05; ;2; ; ;1;2; ; ;1; ;12;1288,94441875641
3361937;1;1;2;2;05; ;4; ;1; ;2; ; ;1; ;12;1203,32301565633
3361938;1;1;2;2;05; ;2; ; ;1;2; ; ;1; ;12;1242,38870755969
3361938;1;2;2;2;05; ;2; ; ;1;2; ; ;1; ;12;1242,38870755969
3361938;1;3;2;2;05; ;2; ; ;1;2; ; ;1; ;12;1242,38870755969
3361939;1;1;2;2;05; ;2; ; ;1;2; ; ;1; ;12;1382,92288240905
3361939;1;2;2;2;05; ;2; ; ;1;2; ; ;1; ;12;1382,92288240905
3361940;1;1;2;2;05; ;2; ; ;1;2; ; ;1; ;12;888,829788372151
3361940;1;2;2;2;05; ;2; ; ;1;2; ; ;1; ;12;888,829788372151
3361940;1;3;2;2;05; ;2; ; ;1;2; ; ;1; ;12;888,829788372151
3361942;1;1;2;2;05; ;2; ; ;1;2; ; ;1; ;12;1242,13347088365
3361942;1;2;2;2;05; ;2; ; ;1;2; ; ;1; ;12;1242,13347088365
3361942;1;3;2;2;05; ;2; ; ;1;2; ; ;1; ;12;1242,13347088365
3361942;1;4;1; ; ; ; ; ; ; ; ; ; ; ; ;12;1242,13347088365
3361943;1;1;1; ; ; ; ; ; ; ; ; ; ; ; ;12;1352,52099014942
3361944;1;1;2;2;05; ;2; ; ;1;2; ; ;1; ;12;1561,96109231849
3361944;1;2;2;2;05; ;2; ; ;1;2; ; ;1; ;12;1561,96109231849
3361944;1;3;2;2;05; ;2; ; ;1;2; ; ;1; ;12;1561,96109231849
3361944;1;4;1; ; ; ; ; ; ; ; ; ; ; ; ;12;1561,96109231849
3361945;1;1;2;2;05; ;3;05; ;1;2; ; ;1; ;12;1109,12789012745
3361945;1;2;2;2;05; ;2; ; ;1;3;05; ;1; ;12;1109,12789012745
3361945;1;3;1; ; ; ; ; ; ; ; ; ; ; ; ;12;1109,12789012745
3361945;1;4;2;2;05; ;3;05; ;1;3;05; ;1; ;12;1109,12789012745
3361945;1;5;2;2;05; ;3;05; ;1;3;05; ;1; ;12;1109,12789012745
3361945;1;6;2;2;05; ;3;05; ;1;2; ; ;1; ;12;1109,12789012745
3361945;1;7;2;2;05; ;3;05; ;1;3;05; ;1; ;12;1109,12789012745
3361945;1;8;2;2;05; ;3;05; ;1;3;05; ;1; ;12;1109,12789012745
3361945;1;9;2;2;05; ;3;05; ;1;3;05; ;1; ;12;1109,12789012745
3361946;1;1;2;2;17; ;2; ; ;1;2; ; ;1; ;12;719,900093123627
3361946;1;2;2;2;05; ;2; ; ;1;2; ; ;1; ;12;719,900093123627
3361946;1;3;1; ; ; ; ; ; ; ; ; ; ; ; ;12;719,900093123627
3361947;1;1;2;2;05; ;2; ; ;1;2; ; ;1; ;12;1118,60626802888
3361947;1;2;2;2;05; ;2; ; ;1;2; ; ;1; ;12;1118,60626802888
3361948;1;1;2;2;05; ;2; ; ;1;2; ; ;1; ;12;1119,68840355239
3361948;1;2;2;2;05; ;2; ; ;1;2; ; ;1; ;12;1119,68840355239
3361949;1;1;2;2;05; ;2; ; ;1;2; ; ;1; ;12;884,4541670356
3361949;1;2;2;2;05; ;2; ; ;1;2; ; ;1; ;12;884,4541670356
3361949;1;3;2;2;05; ;2; ; ;1;2; ; ;1; ;12;884,4541670356
3361950;1;1;2;2;05; ;2; ; ;1;2; ; ;1; ;12;1271,28802796525
3361950;1;2;2;2;05; ;2; ; ;1;2; ; ;1; ;12;1271,28802796525
3361951;1;1;1; ; ; ; ; ; ; ; ; ; ; ; ;12;938,382594321881
3361951;1;2;2;2;05; ;2; ; ;1;2; ; ;1; ;12;938,382594321881
3361951;1;3;2;2;05; ;2; ; ;1;2; ; ;1; ;12;938,382594321881
3361951;1;4;2;2;05; ;2; ; ;1;2; ; ;1; ;12;938,382594321881
3361952;1;1;2;2;05; ;2; ; ;1;2; ; ;1; ;12;1175,50583077429
3361952;1;2;2;2;05; ;2; ; ;1;2; ; ;1; ;12;1175,50583077429
3361953;1;1;2;2;05; ;2; ; ;1;2; ; ;1; ;12;1202,24088013282
3361954;1;1;2;2;05; ;2; ; ;1;2; ; ;1; ;12;1164,34311291555
3361954;1;2;1; ; ; ; ; ; ; ; ; ; ; ; ;12;1164,34311291555
3361954;1;3;2;2;23; ;2; ; ;1;2; ; ;1; ;12;1164,34311291555
3361955;1;1;2;2;70; ;3;70; ;1;2; ; ;1; ;12;1000,86314198966
3361955;1;2;2;2;70; ;1; ; ; ;2; ; ;1; ;12;1000,86314198966
3361955;1;3;2;2;70; ;3;70; ;1;2; ; ;1; ;12;1000,86314198966
3361956;1;1;2;2;05; ;4; ;1; ;2; ; ;1; ;12;1001,94527751318
3361956;1;2;2;2;05; ;3;05; ;1;2; ; ;1; ;12;1001,94527751318
3361956;1;3;1; ; ; ; ; ; ; ; ; ; ; ; ;12;1001,94527751318
3361957;1;1;2;2;05; ;2; ; ;1;2; ; ;1; ;12;1154,12323744316
3361957;1;2;2;2;05; ;2; ; ;1;2; ; ;1; ;12;1154,12323744316
3361957;1;3;2;2;76; ;3;05; ;1;2; ; ;1; ;12;1154,12323744316
3361957;1;4;2;1; ; ;2; ; ;1;2; ; ;1; ;12;1154,12323744316
3361957;1;5;1; ; ; ; ; ; ; ; ; ; ; ; ;12;1154,12323744316
3361958;1;1;2;2;05; ;2; ; ;1;2; ; ;1; ;12;1270,20589244173
3361958;1;2;2;2;05; ;2; ; ;1;2; ; ;1; ;12;1270,20589244173
3361959;1;1;2;2;05; ;3;05; ;1;2; ; ;1; ;12;1270,20589244173
3361959;1;2;2;2;05; ;3;05; ;1;3;05; ;1; ;12;1270,20589244173
3361960;1;1;1; ; ; ; ; ; ; ; ; ; ; ; ;12;553,64279089467
3361960;1;2;2;2;05; ;3;05; ;1;2; ; ;1; ;12;553,64279089467
3361961;1;1;2;2;05; ;2; ; ;1;2; ; ;1; ;12;1170,11915719368
3361961;1;2;1; ; ; ; ; ; ; ; ; ; ; ; ;12;1170,11915719368
3361961;1;3;1; ; ; ; ; ; ; ; ; ; ; ; ;12;1170,11915719368
3361961;1;4;1; ; ; ; ; ; ; ; ; ; ; ; ;12;1170,11915719368
3361961;1;5;1; ; ; ; ; ; ; ; ; ; ; ; ;12;1170,11915719368
3361961;1;6;1; ; ; ; ; ; ; ; ; ; ; ; ;12;1170,11915719368
3361962;1;1;2;2;27; ;2; ; ;1;2; ; ;1; ;12;1119,68840355239
3361962;1;2;2;2;05; ;2; ; ;1;2; ; ;1; ;12;1119,68840355239
3361963;1;1;2;2;05; ;2; ; ;1;2; ; ;1; ;12;870,417582012964
3361963;1;2;1; ; ; ; ; ; ; ; ; ; ; ; ;12;870,417582012964
3361963;1;3;1; ; ; ; ; ; ; ; ; ; ; ; ;12;870,417582012964
3361964;1;1;2;2;05; ;2; ; ;1;2; ; ;1; ;12;1161,79234459275
3361964;1;2;2;2;05; ;2; ; ;1;2; ; ;1; ;12;1161,79234459275
3361964;1;3;1; ; ; ; ; ; ; ; ; ; ; ; ;12;1161,79234459275
3361964;1;4;2;2;05; ;2; ; ;1;2; ; ;1; ;12;1161,79234459275
3361964;1;5;1; ; ; ; ; ; ; ; ; ; ; ; ;12;1161,79234459275
3361965;1;1;1; ; ; ; ; ; ; ; ; ; ; ; ;12;674,758952305918
3361965;1;2;1; ; ; ; ; ; ; ; ; ; ; ; ;12;674,758952305918
3361965;1;3;1; ; ; ; ; ; ; ; ; ; ; ; ;12;674,758952305918
3361965;1;4;1; ; ; ; ; ; ; ; ; ; ; ; ;12;674,758952305918
3361965;1;5;1; ; ; ; ; ; ; ; ; ; ; ; ;12;674,758952305918
3361966;1;1;1; ; ; ; ; ; ; ; ; ; ; ; ;12;514,335647966666
3361966;1;2;1; ; ; ; ; ; ; ; ; ; ; ; ;12;514,335647966666
3361967;1;1;1; ; ; ; ; ; ; ; ; ; ; ; ;12;635,261590729428
3361967;1;2;1; ; ; ; ; ; ; ; ; ; ; ; ;12;635,261590729428
3361967;1;3;1; ; ; ; ; ; ; ; ; ; ; ; ;12;635,261590729428
3361967;1;4;2;2;23; ;2; ; ;1;2; ; ;1; ;12;635,261590729428
3361967;1;5;1; ; ; ; ; ; ; ; ; ; ; ; ;12;635,261590729428
3361968;1;1;1; ; ; ; ; ; ; ; ; ; ; ; ;12;474,838286390176
3361968;1;2;1; ; ; ; ; ; ; ; ; ; ; ; ;12;474,838286390176
3361969;1;1;1; ; ; ; ; ; ; ; ; ; ; ; ;12;1225,35502778405
3361969;1;2;1; ; ; ; ; ; ; ; ; ; ; ; ;12;1225,35502778405
3361969;1;3;1; ; ; ; ; ; ; ; ; ; ; ; ;12;1225,35502778405
3361969;1;4;1; ; ; ; ; ; ; ; ; ; ; ; ;12;1225,35502778405
3361971;1;1;2;2;05; ;2; ; ;1;2; ; ;1; ;12;691,276656980981
3361971;1;2;1; ; ; ; ; ; ; ; ; ; ; ; ;12;691,276656980981
3361971;1;3;1; ; ; ; ; ; ; ; ; ; ; ; ;12;691,276656980981
3361971;1;4;2;3; ;7;2; ; ;1;2; ; ;1; ;12;691,276656980981
3361971;1;5;2;3; ;7;2; ; ;1;2; ; ;1; ;12;691,276656980981
3361972;1;1;1; ; ; ; ; ; ; ; ; ; ; ; ;12;283,839500836854
3361972;1;2;1; ; ; ; ; ; ; ; ; ; ; ; ;12;283,839500836854
3361972;1;3;1; ; ; ; ; ; ; ; ; ; ; ; ;12;283,839500836854
3361972;1;4;1; ; ; ; ; ; ; ; ; ; ; ; ;12;283,839500836854
3361972;1;5;1; ; ; ; ; ; ; ; ; ; ; ; ;12;283,839500836854
3361972;1;6;1; ; ; ; ; ; ; ; ; ; ; ; ;12;283,839500836854
3361972;1;7;1; ; ; ; ; ; ; ; ; ; ; ; ;12;283,839500836854
3361972;1;8;1; ; ; ; ; ; ; ; ; ; ; ; ;12;283,839500836854
3361973;1;1;1; ; ; ; ; ; ; ; ; ; ; ; ;12;539,401218700094
3361973;1;2;1; ; ; ; ; ; ; ; ; ; ; ; ;12;539,401218700094
3361973;1;3;1; ; ; ; ; ; ; ; ; ; ; ; ;12;539,401218700094
3361973;1;4;1; ; ; ; ; ; ; ; ; ; ; ; ;12;539,401218700094
3361973;1;5;1; ; ; ; ; ; ; ; ; ; ; ; ;12;539,401218700094
3361974;1;1;1; ; ; ; ; ; ; ; ; ; ; ; ;12;1003,65480035494
3361974;1;2;1; ; ; ; ; ; ; ; ; ; ; ; ;12;1003,65480035494
3361974;1;3;1; ; ; ; ; ; ; ; ; ; ; ; ;12;1003,65480035494
3361974;1;4;1; ; ; ; ; ; ; ; ; ; ; ; ;12;1003,65480035494
3361974;1;5;1; ; ; ; ; ; ; ; ; ; ; ; ;12;1003,65480035494
3361974;1;6;1; ; ; ; ; ; ; ; ; ; ; ; ;12;1003,65480035494
3361974;1;7;1; ; ; ; ; ; ; ; ; ; ; ; ;12;1003,65480035494
3361975;1;1;1; ; ; ; ; ; ; ; ; ; ; ; ;12;1695,72684588928
3361975;1;2;1; ; ; ; ; ; ; ; ; ; ; ; ;12;1695,72684588928
3361975;1;3;1; ; ; ; ; ; ; ; ; ; ; ; ;12;1695,72684588928
3361975;1;4;1; ; ; ; ; ; ; ; ; ; ; ; ;12;1695,72684588928
3361975;1;5;1; ; ; ; ; ; ; ; ; ; ; ; ;12;1695,72684588928
3361975;1;6;1; ; ; ; ; ; ; ; ; ; ; ; ;12;1695,72684588928
3361976;1;1;2;2;05; ;2; ; ;1;2; ; ;1; ;12;1512,05777796726
3361976;1;2;1; ; ; ; ; ; ; ; ; ; ; ; ;12;1512,05777796726
3361976;1;3;1; ; ; ; ; ; ; ; ; ; ; ; ;12;1512,05777796726
3361976;1;4;1; ; ; ; ; ; ; ; ; ; ; ; ;12;1512,05777796726
3361976;1;5;1; ; ; ; ; ; ; ; ; ; ; ; ;12;1512,05777796726
3361977;1;1;2;2;05; ;2; ; ;1;2; ; ;1; ;12;1149,79666790773
3361977;1;2;1; ; ; ; ; ; ; ; ; ; ; ; ;12;1149,79666790773
3361977;1;3;1; ; ; ; ; ; ; ; ; ; ; ; ;12;1149,79666790773
3361977;2;1;1; ; ; ; ; ; ; ; ; ; ; ; ;12;1149,79666790773
3361977;2;2;1; ; ; ; ; ; ; ; ; ; ; ; ;12;1149,79666790773
3361977;2;3;1; ; ; ; ; ; ; ; ; ; ; ; ;12;1149,79666790773
3361977;2;4;1; ; ; ; ; ; ; ; ; ; ; ; ;12;1149,79666790773
3361978;1;1;1; ; ; ; ; ; ; ; ; ; ; ; ;12;1052,04971119897
3361978;1;2;1; ; ; ; ; ; ; ; ; ; ; ; ;12;1052,04971119897
3361978;1;3;1; ; ; ; ; ; ; ; ; ; ; ; ;12;1052,04971119897
3361978;1;4;1; ; ; ; ; ; ; ; ; ; ; ; ;12;1052,04971119897
3361979;1;1;1; ; ; ; ; ; ; ; ; ; ; ; ;12;1111,68791090696
3361979;1;2;1; ; ; ; ; ; ; ; ; ; ; ; ;12;1111,68791090696
3361979;1;3;1; ; ; ; ; ; ; ; ; ; ; ; ;12;1111,68791090696
3361979;1;4;1; ; ; ; ; ; ; ; ; ; ; ; ;12;1111,68791090696
3361980;1;1;2;2;66; ;2; ; ;1;2; ; ;1; ;12;655,176859934305
3361980;1;2;2;2;05; ;2; ; ;1;2; ; ;1; ;12;655,176859934305
3361980;1;3;2;1; ; ;2; ; ;1;2; ; ;1; ;12;655,176859934305
3361980;1;4;2;1; ; ;2; ; ;1;3;66; ;1; ;12;655,176859934305
3361981;1;1;2;2;23; ;2; ; ;1;2; ; ;1; ;12;938,382594321881
3361981;1;2;2;2;05; ;2; ; ;1;2; ; ;1; ;12;938,382594321881
3361981;1;3;1; ; ; ; ; ; ; ; ; ; ; ; ;12;938,382594321881
3361981;1;4;1; ; ; ; ; ; ; ; ; ; ; ; ;12;938,382594321881
3361982;1;1;2;2;05; ;2; ; ;1;2; ; ;1; ;12;1270,20589244173
3361982;1;2;2;2;05; ;2; ; ;1;2; ; ;1; ;12;1270,20589244173
3361983;1;1;2;2;27; ;2; ; ;1;2; ; ;1; ;12;1383,96176944098
3361983;1;2;2;2;27; ;2; ; ;1;2; ; ;1; ;12;1383,96176944098
3361983;1;3;1; ; ; ; ; ; ; ; ; ; ; ; ;12;1383,96176944098
3361983;1;4;1; ; ; ; ; ; ; ; ; ; ; ; ;12;1383,96176944098
3361983;1;5;2;2;27; ;2; ; ;1;2; ; ;1; ;12;1383,96176944098
3361983;1;6;1; ; ; ; ; ; ; ; ; ; ; ; ;12;1383,96176944098
3361983;1;7;1; ; ; ; ; ; ; ; ; ; ; ; ;12;1383,96176944098
3361983;1;8;1; ; ; ; ; ; ; ; ; ; ; ; ;12;1383,96176944098
3361985;1;1;2;2;76; ;2; ; ;1;2; ; ;1; ;12;1190,94690167434
3361985;1;2;2;2;08; ;2; ; ;1;2; ; ;1; ;12;1190,94690167434
3361985;1;3;1; ; ; ; ; ; ; ; ; ; ; ; ;12;1190,94690167434
3361986;1;1;2;2;27; ;2; ; ;1;2; ; ;1; ;12;567,679001673709
3361986;1;2;2;2;27; ;2; ; ;1;2; ; ;1; ;12;567,679001673709
3361986;1;3;2;2;27; ;2; ; ;1;2; ; ;1; ;12;567,679001673709
3361986;1;4;1; ; ; ; ; ; ; ; ; ; ; ; ;12;567,679001673709
3361987;1;1;2;2;27; ;2; ; ;1;2; ; ;1; ;12;1118,60626802888
3361987;1;2;1; ; ; ; ; ; ; ; ; ; ; ; ;12;1118,60626802888
3361988;1;1;2;2;05; ;2; ; ;1;2; ; ;1; ;12;603,157896678088
3361988;1;2;2;2;05; ;2; ; ;1;2; ; ;1; ;12;603,157896678088
3361988;1;3;2;2;05; ;2; ; ;1;2; ; ;1; ;12;603,157896678088
3361988;1;4;2;2;05; ;2; ; ;1;2; ; ;1; ;12;603,157896678088
3361988;1;5;2;2;05; ;2; ; ;1;2; ; ;1; ;12;603,157896678088
3361988;1;6;2;2;05; ;2; ; ;1;2; ; ;1; ;12;603,157896678088
3361988;1;7;2;2;05; ;2; ; ;1;2; ; ;1; ;12;603,157896678088
3361989;1;1;1; ; ; ; ; ; ; ; ; ; ; ; ;12;780,980546159243
3361989;1;2;2;2;05; ;2; ; ;1;2; ; ;1; ;12;780,980546159243
3361989;1;3;1; ; ; ; ; ; ; ; ; ; ; ; ;12;780,980546159243
3361989;1;4;1; ; ; ; ; ; ; ; ; ; ; ; ;12;780,980546159243
3361990;1;1;2;2;05; ;3;23; ;1;2; ; ;1; ;12;601,661507828167
3361991;1;1;1; ; ; ; ; ; ; ; ; ; ; ; ;12;582,105926157911
3361991;1;2;1; ; ; ; ; ; ; ; ; ; ; ; ;12;582,105926157911
3361991;1;3;1; ; ; ; ; ; ; ; ; ; ; ; ;12;582,105926157911
3361991;1;4;1; ; ; ; ; ; ; ; ; ; ; ; ;12;582,105926157911
3361992;1;1;2;2;17; ;2; ; ;1;2; ; ;1; ;12;497,10001077189
3361992;1;2;2;2;05; ;2; ; ;1;2; ; ;1; ;12;497,10001077189
3361992;1;3;1; ; ; ; ; ; ; ; ; ; ; ; ;12;497,10001077189
3361992;1;4;1; ; ; ; ; ; ; ; ; ; ; ; ;12;497,10001077189
3361993;1;1;1; ; ; ; ; ; ; ; ; ; ; ; ;12;435,208791006482
3361993;1;2;1; ; ; ; ; ; ; ; ; ; ; ; ;12;435,208791006482
3361993;1;3;1; ; ; ; ; ; ; ; ; ; ; ; ;12;435,208791006482
3361994;1;1;2;2;05; ;2; ; ;1;2; ; ;1; ;12;1141,42402462009
3361994;1;2;2;2;05; ;2; ; ;1;2; ; ;1; ;12;1141,42402462009
3361994;1;3;2;2;05; ;2; ; ;1;2; ; ;1; ;12;1141,42402462009
3361994;1;4;1; ; ; ; ; ; ; ; ; ; ; ; ;12;1141,42402462009
3361995;1;1;2;2;17; ;2; ; ;1;2; ; ;1; ;12;1382,92288240905
3361995;1;2;2;2;17; ;2; ; ;1;2; ; ;1; ;12;1382,92288240905
3361996;1;1;2;2;05; ;2; ; ;1;2; ; ;1; ;12;1243,47084308321
3361996;1;2;2;2;17; ;2; ; ;1;2; ; ;1; ;12;1243,47084308321
3361996;1;3;2;2;05; ;2; ; ;1;2; ; ;1; ;12;1243,47084308321
3361997;1;1;2;2;05; ;2; ; ;1;2; ; ;1; ;12;567,679001673709
3361997;1;2;1; ; ; ; ; ; ; ; ; ; ; ; ;12;567,679001673709
3361997;1;3;1; ; ; ; ; ; ; ; ; ; ; ; ;12;567,679001673709
3361997;1;4;1; ; ; ; ; ; ; ; ; ; ; ; ;12;567,679001673709
3361997;1;5;2;2;23; ;2; ; ;1;2; ; ;1; ;12;567,679001673709
3361998;1;1;2;2;27; ;2; ; ;1;2; ; ;1; ;12;1064,18826534762
3361998;1;2;1; ; ; ; ; ; ; ; ; ; ; ; ;12;1064,18826534762
3361998;1;3;1; ; ; ; ; ; ; ; ; ; ; ; ;12;1064,18826534762
3361998;1;4;1; ; ; ; ; ; ; ; ; ; ; ; ;12;1064,18826534762
3361998;1;5;1; ; ; ; ; ; ; ; ; ; ; ; ;12;1064,18826534762
3361999;1;1;2;2;05; ;2; ; ;1;2; ; ;1; ;12;1118,60626802888
3361999;1;2;2;2;05; ;2; ; ;1;2; ; ;1; ;12;1118,60626802888
3362000;1;1;2;2;17; ;3;05; ;1;2; ; ;1; ;12;1083,61548934888
3362000;1;2;2;2;05; ;3;05; ;1;2; ; ;1; ;12;1083,61548934888
3362000;1;3;2;2;05; ;3;05; ;1;3;19; ;1; ;12;1083,61548934888
3362000;1;4;2;2;05; ;3;05; ;1;2; ; ;1; ;12;1083,61548934888
3362000;1;5;2;2;05; ;3;05; ;1;2; ; ;1; ;12;1083,61548934888
3362000;1;6;2;2;05; ;3;05; ;1;2; ; ;1; ;12;1083,61548934888
3362001;1;1;2;2;05; ;2; ; ;1;2; ; ;1; ;12;1190,94690167434
3362001;1;2;1; ; ; ; ; ; ; ; ; ; ; ; ;12;1190,94690167434
3362001;1;3;1; ; ; ; ; ; ; ; ; ; ; ; ;12;1190,94690167434
3362003;1;1;2;2;05; ;2; ; ;1;2; ; ;1; ;12;866,041960676413
3362003;1;2;1; ; ; ; ; ; ; ; ; ; ; ; ;12;866,041960676413
3362003;1;3;2;2;05; ;2; ; ;1;2; ; ;1; ;12;866,041960676413
3362004;1;1;2;2;05; ;2; ; ;1;2; ; ;1; ;12;1264,48386796725
3362004;1;2;2;2;05; ;2; ; ;1;2; ; ;1; ;12;1264,48386796725
3362004;1;3;1; ; ; ; ; ; ; ; ; ; ; ; ;12;1264,48386796725
3362005;1;1;2;2;05; ;2; ; ;1;2; ; ;1; ;12;1336,82450161272
3362005;1;2;2;2;05; ;3;05; ;1;2; ; ;1; ;12;1336,82450161272
3362005;1;3;1; ; ; ; ; ; ; ; ; ; ; ; ;12;1336,82450161272
3362005;1;4;1; ; ; ; ; ; ; ; ; ; ; ; ;12;1336,82450161272
3362006;1;1;2;2;05; ;3;05; ;1;2; ; ;1; ;12;976,840021812641
3362006;1;2;2;2;05; ;3;05; ;1;2; ; ;1; ;12;976,840021812641
3362007;1;1;2;2;05; ;3;05; ;2;2; ; ;1; ;12;1268,8594893038
3362007;1;2;2;2;05; ;2; ; ;1;2; ; ;1; ;12;1268,8594893038
3362007;1;3;1; ; ; ; ; ; ; ; ; ; ; ; ;12;1268,8594893038
3362008;1;1;1; ; ; ; ; ; ; ; ; ; ; ; ;12;1159,83623097927
3362008;1;2;1; ; ; ; ; ; ; ; ; ; ; ; ;12;1159,83623097927
3362008;1;3;1; ; ; ; ; ; ; ; ; ; ; ; ;12;1159,83623097927
3362008;1;4;2;2;05; ;2; ; ;1;2; ; ;1; ;12;1159,83623097927
3362009;1;1;1; ; ; ; ; ; ; ; ; ; ; ; ;12;1169,79283723819
3362009;1;2;1; ; ; ; ; ; ; ; ; ; ; ; ;12;1169,79283723819
3362009;1;3;1; ; ; ; ; ; ; ; ; ; ; ; ;12;1169,79283723819
3362010;1;1;1; ; ; ; ; ; ; ; ; ; ; ; ;12;1321,39246165104
3362010;1;2;1; ; ; ; ; ; ; ; ; ; ; ; ;12;1321,39246165104
3362010;1;3;1; ; ; ; ; ; ; ; ; ; ; ; ;12;1321,39246165104
3362011;1;1;2;2;05; ;2; ; ;1;2; ; ;1; ;12;1203,32301565633
3362012;1;1;2;2;05; ;2; ; ;1;2; ; ;1; ;12;1348,11848007119
3362012;1;2;1; ; ; ; ; ; ; ; ; ; ; ; ;12;1348,11848007119
3362013;1;1;2;2;05; ;2; ; ;1;2; ; ;1; ;12;1051,72339124348
3362014;1;1;2;2;27; ;3;27; ;1;2; ; ;1; ;12;1189,86476615083
3362014;1;2;2;2;17; ;3;05; ;1;2; ; ;1; ;12;1189,86476615083
3362014;1;3;2;2;73; ;3;76; ;1;2; ; ;1; ;12;1189,86476615083
3362016;1;1;2;2;05; ;2; ; ;1;2; ; ;1; ;12;1321,39246165104
3362016;1;2;2;2;05; ;2; ; ;1;2; ; ;1; ;12;1321,39246165104
3362016;1;3;1; ; ; ; ; ; ; ; ; ; ; ; ;12;1321,39246165104
3362017;1;1;2;2;05; ;2; ; ;1;2; ; ;1; ;12;1258,91191398326
3362017;1;2;2;2;05; ;2; ; ;1;2; ; ;1; ;12;1258,91191398326
3362017;1;3;2;2;05; ;2; ; ;1;2; ; ;1; ;12;1258,91191398326
3362017;1;4;1; ; ; ; ; ; ; ; ; ; ; ; ;12;1258,91191398326
3362018;1;1;2;2;05; ;2; ; ;1;2; ; ;1; ;12;1326,02331966363
3362018;1;2;2;2;05; ;2; ; ;1;2; ; ;1; ;12;1326,02331966363
3362019;1;1;2;2;05; ;2; ; ;1;2; ; ;1; ;12;1259,14044287823
3362020;1;1;2;2;05; ;2; ; ;1;2; ; ;1; ;12;1380,26581485263
3362020;1;2;2;2;05; ;2; ; ;1;2; ; ;1; ;12;1380,26581485263
3362020;1;3;2;2;05; ;2; ; ;1;2; ; ;1; ;12;1380,26581485263
3362020;1;4;2;2;05; ;2; ; ;1;2; ; ;1; ;12;1380,26581485263
3362020;1;5;2;2;05; ;1; ; ; ;2; ; ;1; ;12;1380,26581485263
3362020;1;6;2;2;05; ;2; ; ;1;2; ; ;1; ;12;1380,26581485263
3362021;1;1;2;2;05; ;3;05; ;1;2; ; ;1; ;12;989,569163531192
3362021;1;2;2;2;05; ;3;05; ;1;3;05; ;1; ;12;989,569163531192
3362021;1;3;2;2;05; ;3;05; ;1;2; ; ;1; ;12;989,569163531192
3362021;1;4;2;2;05; ;3;05; ;1;2; ; ;1; ;12;989,569163531192
3362021;1;5;1; ; ; ; ; ; ; ; ; ; ; ; ;12;989,569163531192
3362022;1;1;2;2;05; ;2; ; ;1;2; ; ;1; ;12;1270,20589244173
3362022;1;2;2;2;05; ;3;05; ;1;3;05; ;1; ;12;1270,20589244173
3362023;1;1;2;2;05; ;2; ; ;1;2; ; ;1; ;12;1175,50583077429
3362023;1;2;2;2;05; ;2; ; ;1;2; ; ;1; ;12;1175,50583077429
3362024;1;1;2;2;23; ;3;05; ;1;2; ; ;1; ;12;1253,42744934213
3362024;1;2;1; ; ; ; ; ; ; ; ; ; ; ; ;12;1253,42744934213
3362025;1;1;2;2;63; ;3;05; ;1;2; ; ;1; ;12;1118,60626802888
3362025;1;2;2;2;66; ;3;05; ;1;2; ; ;1; ;12;1118,60626802888
3362026;1;1;2;2;05; ;2; ; ;1;2; ; ;1; ;12;1242,38870755969
3362026;1;2;2;2;05; ;2; ; ;1;2; ; ;1; ;12;1242,38870755969
3362026;1;3;1; ; ; ; ; ; ; ; ; ; ; ; ;12;1242,38870755969
3362027;1;1;1; ; ; ; ; ; ; ; ; ; ; ; ;12;849,255757417728
3362027;1;2;1; ; ; ; ; ; ; ; ; ; ; ; ;12;849,255757417728
3362027;1;3;1; ; ; ; ; ; ; ; ; ; ; ; ;12;849,255757417728
3362027;1;4;2;1; ; ;2; ; ;1;2; ; ;1; ;12;849,255757417728
3362027;1;5;2;1; ; ;2; ; ;1;2; ; ;1; ;12;849,255757417728
3362027;1;6;1; ; ; ; ; ; ; ; ; ; ; ; ;12;849,255757417728
3362027;1;7;1; ; ; ; ; ; ; ; ; ; ; ; ;12;849,255757417728
3362027;1;8;1; ; ; ; ; ; ; ; ; ; ; ; ;12;849,255757417728
3362027;1;9;1; ; ; ; ; ; ; ; ; ; ; ; ;12;849,255757417728
3362027;1;10;2;1; ; ;2; ; ;1;2; ; ;1; ;12;849,255757417728
3362027;1;11;1; ; ; ; ; ; ; ; ; ; ; ; ;12;849,255757417728
3362027;1;12;2;1; ; ;3;05; ;1;2; ; ;1; ;12;849,255757417728
3362028;1;1;2;2;05; ;2; ; ;1;2; ; ;1; ;12;1491,03572214484
3362028;1;2;2;2;05; ;2; ; ;1;2; ; ;1; ;12;1491,03572214484
3362028;1;3;2;1; ; ;3;05; ;1;2; ; ;1; ;12;1491,03572214484
3362028;1;4;2;2;05; ;2; ; ;1;2; ; ;1; ;12;1491,03572214484
3362028;1;5;2;2;05; ;2; ; ;1;2; ; ;1; ;12;1491,03572214484
3362029;1;1;2;2;05; ;2; ; ;1;2; ; ;1; ;12;1259,14044287823
3362030;1;1;2;2;17; ;2; ; ;1;2; ; ;1; ;12;1561,96109231849
3362030;1;2;2;2;85; ;2; ; ;1;2; ; ;1; ;12;1561,96109231849
3362030;1;3;1; ; ; ; ; ; ; ; ; ; ; ; ;12;1561,96109231849
3362030;1;4;1; ; ; ; ; ; ; ; ; ; ; ; ;12;1561,96109231849
3362031;1;1;2;2;05; ;2; ; ;1;2; ; ;1; ;12;1259,14044287823
3362032;1;1;2;2;05; ;2; ; ;1;2; ; ;1; ;12;1372,57903086035
3362032;1;2;1; ; ; ; ; ; ; ; ; ; ; ; ;12;1372,57903086035
3362032;1;3;1; ; ; ; ; ; ; ; ; ; ; ; ;12;1372,57903086035
3362032;1;4;1; ; ; ; ; ; ; ; ; ; ; ; ;12;1372,57903086035
3362033;1;1;2;1; ; ;3;11; ;1;2; ; ;1; ;12;1073,45901231117
3362033;1;2;2;2;05; ;2; ; ;1;2; ; ;1; ;12;1073,45901231117
3362033;1;3;2;1; ; ;2; ; ;1;2; ; ;1; ;12;1073,45901231117
3362034;1;1;1; ; ; ; ; ; ; ; ; ; ; ; ;12;1270,20589244173
3362034;1;2;1; ; ; ; ; ; ; ; ; ; ; ; ;12;1270,20589244173
3362035;1;1;2;1; ; ;2; ; ;1;2; ; ;1; ;12;1151,14307104566
3362035;1;2;1; ; ; ; ; ; ; ; ; ; ; ; ;12;1151,14307104566
3362035;1;3;1; ; ; ; ; ; ; ; ; ; ; ; ;12;1151,14307104566
3362035;1;4;1; ; ; ; ; ; ; ; ; ; ; ; ;12;1151,14307104566
3362035;2;1;1; ; ; ; ; ; ; ; ; ; ; ; ;12;1151,14307104566
3362035;2;2;1; ; ; ; ; ; ; ; ; ; ; ; ;12;1151,14307104566
3362036;1;1;2;2;05; ;2; ; ;1;2; ; ;1; ;12;1406,13591705956
3362036;1;2;2;2;05; ;2; ; ;1;2; ; ;1; ;12;1406,13591705956
3362036;1;3;1; ; ; ; ; ; ; ; ; ; ; ; ;12;1406,13591705956
3362036;1;4;1; ; ; ; ; ; ; ; ; ; ; ; ;12;1406,13591705956
3362037;1;1;1; ; ; ; ; ; ; ; ; ; ; ; ;12;854,721274436877
3362037;1;2;1; ; ; ; ; ; ; ; ; ; ; ; ;12;854,721274436877
3362037;1;3;1; ; ; ; ; ; ; ; ; ; ; ; ;12;854,721274436877
3362038;1;1;2;2;05; ;2; ; ;1;2; ; ;1; ;12;1403,70737839812
3362038;1;2;1; ; ; ; ; ; ; ; ; ; ; ; ;12;1403,70737839812
3362038;1;3;1; ; ; ; ; ; ; ; ; ; ; ; ;12;1403,70737839812
3362038;1;4;1; ; ; ; ; ; ; ; ; ; ; ; ;12;1403,70737839812
3362038;1;5;1; ; ; ; ; ; ; ; ; ; ; ; ;12;1403,70737839812
3362040;1;1;1; ; ; ; ; ; ; ; ; ; ; ; ;12;1203,32301565633
3362041;1;1;2;2;05; ;2; ; ;1;2; ; ;1; ;12;1091,87121867036
3362041;1;2;1; ; ; ; ; ; ; ; ; ; ; ; ;12;1091,87121867036
3362041;1;3;2;2;05; ;2; ; ;1;2; ; ;1; ;12;1091,87121867036
3362042;1;1;1; ; ; ; ; ; ; ; ; ; ; ; ;12;1375,89922445445
3362042;1;2;1; ; ; ; ; ; ; ; ; ; ; ; ;12;1375,89922445445
3362042;1;3;1; ; ; ; ; ; ; ; ; ; ; ; ;12;1375,89922445445
3362042;1;4;2;2;05; ;2; ; ;1;2; ; ;1; ;12;1375,89922445445
3362042;1;5;1; ; ; ; ; ; ; ; ; ; ; ; ;12;1375,89922445445
3362042;1;6;1; ; ; ; ; ; ; ; ; ; ; ; ;12;1375,89922445445
3362043;1;1;1; ; ; ; ; ; ; ; ; ; ; ; ;12;871,499717536482
3362043;1;2;1; ; ; ; ; ; ; ; ; ; ; ; ;12;871,499717536482
3362043;1;3;1; ; ; ; ; ; ; ; ; ; ; ; ;12;871,499717536482
3362044;1;1;1; ; ; ; ; ; ; ; ; ; ; ; ;12;1242,13347088365
3362044;1;2;1; ; ; ; ; ; ; ; ; ; ; ; ;12;1242,13347088365
3362044;1;3;1; ; ; ; ; ; ; ; ; ; ; ; ;12;1242,13347088365
3362044;1;4;1; ; ; ; ; ; ; ; ; ; ; ; ;12;1242,13347088365
3362045;1;1;1; ; ; ; ; ; ; ; ; ; ; ; ;12;1202,24088013282
3362046;1;1;1; ; ; ; ; ; ; ; ; ; ; ; ;12;685,818286969418
3362046;1;2;2;2;05; ;2; ; ;1;2; ; ;1; ;12;685,818286969418
3362046;1;3;1; ; ; ; ; ; ; ; ; ; ; ; ;12;685,818286969418
3362046;1;4;1; ; ; ; ; ; ; ; ; ; ; ; ;12;685,818286969418
3362046;1;5;1; ; ; ; ; ; ; ; ; ; ; ; ;12;685,818286969418
3362047;1;1;1; ; ; ; ; ; ; ; ; ; ; ; ;12;1203,32301565633
3362050;1;1;1; ; ; ; ; ; ; ; ; ; ; ; ;12;1029,34161268702
3362050;1;2;2;2;76; ;2; ; ;1;2; ; ;1; ;12;1029,34161268702
3362050;1;3;1; ; ; ; ; ; ; ; ; ; ; ; ;12;1029,34161268702
3362050;1;4;1; ; ; ; ; ; ; ; ; ; ; ; ;12;1029,34161268702
3362050;1;5;1; ; ; ; ; ; ; ; ; ; ; ; ;12;1029,34161268702
3362050;1;6;1; ; ; ; ; ; ; ; ; ; ; ; ;12;1029,34161268702
3362050;1;7;1; ; ; ; ; ; ; ; ; ; ; ; ;12;1029,34161268702
3362050;1;8;1; ; ; ; ; ; ; ; ; ; ; ; ;12;1029,34161268702
3362050;1;9;1; ; ; ; ; ; ; ; ; ; ; ; ;12;1029,34161268702
3362050;1;10;1; ; ; ; ; ; ; ; ; ; ; ; ;12;1029,34161268702
3362051;1;1;2;2;76; ;2; ; ;1;2; ; ;1; ;12;1091,87121867036
3362051;1;2;2;2;05; ;2; ; ;1;2; ; ;1; ;12;1091,87121867036
3362051;1;3;2;2;76; ;2; ; ;1;2; ; ;1; ;12;1091,87121867036
3362052;1;1;2;2;05; ;2; ; ;1;2; ; ;1; ;12;820,666176063732
3362052;1;2;2;2;05; ;2; ; ;1;2; ; ;1; ;12;820,666176063732
3362052;1;3;1; ; ; ; ; ; ; ; ; ; ; ; ;12;820,666176063732
3362052;1;4;1; ; ; ; ; ; ; ; ; ; ; ; ;12;820,666176063732
3362052;1;5;1; ; ; ; ; ; ; ; ; ; ; ; ;12;820,666176063732
3362052;1;6;1; ; ; ; ; ; ; ; ; ; ; ; ;12;820,666176063732
3362052;1;7;1; ; ; ; ; ; ; ; ; ; ; ; ;12;820,666176063732
3362053;1;1;2;2;05; ;2; ; ;1;2; ; ;1; ;12;1379,40086770104
3362053;1;2;2;2;05; ;2; ; ;1;2; ; ;1; ;12;1379,40086770104
3362053;1;3;1; ; ; ; ; ; ; ; ; ; ; ; ;12;1379,40086770104
3362053;1;4;1; ; ; ; ; ; ; ; ; ; ; ; ;12;1379,40086770104
3362053;1;5;1; ; ; ; ; ; ; ; ; ; ; ; ;12;1379,40086770104
3362054;1;1;1; ; ; ; ; ; ; ; ; ; ; ; ;12;1321,39246165104
3362054;1;2;2;2;05; ;2; ; ;1;2; ; ;1; ;12;1321,39246165104
3362054;1;3;1; ; ; ; ; ; ; ; ; ; ; ; ;12;1321,39246165104
3362055;1;1;2;2;05; ;2; ; ;1;2; ; ;1; ;12;1118,60626802888
3362055;1;2;1; ; ; ; ; ; ; ; ; ; ; ; ;12;1118,60626802888
3362056;1;1;2;2;05; ;2; ; ;1;2; ; ;1; ;12;1073,45901231117
3362056;1;2;2;2;05; ;2; ; ;1;2; ; ;1; ;12;1073,45901231117
3362056;1;3;2;2;05; ;2; ; ;1;2; ; ;1; ;12;1073,45901231117
3362057;1;1;2;2;05; ;2; ; ;1;2; ; ;1; ;12;1122,98188936543
3362057;1;2;1; ; ; ; ; ; ; ; ; ; ; ; ;12;1122,98188936543
3362058;1;1;2;2;05; ;2; ; ;1;2; ; ;1; ;12;1202,24088013282
3362059;1;1;1; ; ; ; ; ; ; ; ; ; ; ; ;12;949,412305165943
3362059;1;2;1; ; ; ; ; ; ; ; ; ; ; ; ;12;949,412305165943
3362059;1;3;1; ; ; ; ; ; ; ; ; ; ; ; ;12;949,412305165943
3362060;1;1;2;2;76; ;2; ; ;1;2; ; ;1; ;12;799,159083891015
3362060;1;2;2;1; ; ;3;17; ;1;2; ; ;1; ;12;799,159083891015
3362061;1;1;2;1; ; ;2; ; ;1;2; ; ;1; ;12;1268,8594893038
3362061;1;2;2;1; ; ;2; ; ;1;2; ; ;1; ;12;1268,8594893038
3362061;1;3;1; ; ; ; ; ; ; ; ; ; ; ; ;12;1268,8594893038
3362062;1;1;2;2;17; ;2; ; ;1;2; ; ;1; ;12;573,456527322832
3362063;1;1;1; ; ; ; ; ; ; ; ; ; ; ; ;12;580,342219439004
3362064;1;1;1; ; ; ; ; ; ; ; ; ; ; ; ;12;2408,51741475589
3362064;1;2;1; ; ; ; ; ; ; ; ; ; ; ; ;12;2408,51741475589
3362064;1;3;1; ; ; ; ; ; ; ; ; ; ; ; ;12;2408,51741475589
3362064;1;4;1; ; ; ; ; ; ; ; ; ; ; ; ;12;2408,51741475589
3362064;1;5;1; ; ; ; ; ; ; ; ; ; ; ; ;12;2408,51741475589
3362065;1;1;2;2;66; ;2; ; ;2;2; ; ;2; ;12;6151,8313456569
3362065;1;2;1; ; ; ; ; ; ; ; ; ; ; ; ;12;6151,8313456569
3362065;1;3;2;2;25; ;2; ; ;2;2; ; ;2; ;12;6151,8313456569
3362065;1;4;1; ; ; ; ; ; ; ; ; ; ; ; ;12;6151,8313456569
3362067;1;1;2;2;17; ;2; ; ;2;2; ; ;2; ;12;4740,68257170814
3362067;1;2;2;2;73; ;2; ; ;2;2; ; ;2; ;12;4740,68257170814
3362067;1;3;1; ; ; ; ; ; ; ; ; ; ; ; ;12;4740,68257170814
3362068;1;1;1; ; ; ; ; ; ; ; ; ; ; ; ;12;4020,89352416191
3362068;1;2;1; ; ; ; ; ; ; ; ; ; ; ; ;12;4020,89352416191
3362068;1;3;1; ; ; ; ; ; ; ; ; ; ; ; ;12;4020,89352416191
3362069;1;1;1; ; ; ; ; ; ; ; ; ; ; ; ;12;4412,42515378779
3362069;1;2;1; ; ; ; ; ; ; ; ; ; ; ; ;12;4412,42515378779
3362070;1;1;2;2;73; ;2; ; ;1;2; ; ;1; ;12;573,456527322832
3362071;1;1;2;1; ; ;3;11; ;1;3;73; ;1; ;12;573,456527322832
3362071;1;2;2;1; ; ;3;11; ;1;3;73; ;1; ;12;573,456527322832
3362071;1;3;2;1; ; ;3;11; ;1;3;73; ;1; ;12;573,456527322832
3362071;1;4;1; ; ; ; ; ; ; ; ; ; ; ; ;12;573,456527322832
3362072;1;1;2;2;08; ;3;05; ;1;3;17; ;1; ;12;580,342219439004
3362073;1;1;2;2;73; ;3;73; ;1;2; ; ;1; ;12;2408,51741475589
3362073;1;2;2;2;73; ;3;73; ;1;2; ; ;1; ;12;2408,51741475589
3362073;1;3;2;2;73; ;2; ; ;1;2; ; ;1; ;12;2408,51741475589
3362076;1;1;1; ; ; ; ; ; ; ; ; ; ; ; ;12;573,456527322832
3362076;1;2;1; ; ; ; ; ; ; ; ; ; ; ; ;12;573,456527322832
3362077;1;1;2;2;17; ;2; ; ;1;2; ; ;1; ;12;573,456527322832
3362077;1;2;1; ; ; ; ; ; ; ; ; ; ; ; ;12;573,456527322832
3362077;1;3;2;2;17; ;2; ; ;1;2; ; ;1; ;12;573,456527322832
3362077;1;4;2;1; ; ;3;25; ;1;2; ; ;1; ;12;573,456527322832
3362078;1;1;1; ; ; ; ; ; ; ; ; ; ; ; ;12;910,608498296438
3362078;1;2;1; ; ; ; ; ; ; ; ; ; ; ; ;12;910,608498296438
3362078;1;3;1; ; ; ; ; ; ; ; ; ; ; ; ;12;910,608498296438
3362078;1;4;1; ; ; ; ; ; ; ; ; ; ; ; ;12;910,608498296438
3362079;1;1;1; ; ; ; ; ; ; ; ; ; ; ; ;12;573,456527322832
3362079;1;2;2;1; ; ;2; ; ;1;2; ; ;1; ;12;573,456527322832
3362080;1;1;1; ; ; ; ; ; ; ; ; ; ; ; ;12;573,456527322832
3362080;1;2;2;2;76; ;3;66; ;1;2; ; ;1; ;12;573,456527322832
3362082;1;1;2;2;05; ;3;25; ;1;3;63; ;1; ;12;573,456527322832
3362082;1;2;2;2;18; ;3;73; ;1;3;76; ;1; ;12;573,456527322832
3362082;1;3;2;2;18; ;1; ; ; ;3;73; ;1; ;12;573,456527322832
3362083;1;1;1; ; ; ; ; ; ; ; ; ; ; ; ;12;573,456527322832
3362083;1;2;2;2;73; ;2; ; ;1;2; ; ;1; ;12;573,456527322832
3362084;1;1;2;2;73; ;2; ; ;1;2; ; ;1; ;12;1217,19613501636
3362084;1;2;2;2;73; ;2; ; ;1;2; ; ;1; ;12;1217,19613501636
3362084;1;3;2;2;73; ;2; ; ;1;2; ; ;1; ;12;1217,19613501636
3362084;1;4;2;2;73; ;2; ; ;1;2; ; ;1; ;12;1217,19613501636
3362085;1;1;1; ; ; ; ; ; ; ; ; ; ; ; ;12;573,456527322832
3362085;1;2;1; ; ; ; ; ; ; ; ; ; ; ; ;12;573,456527322832
3362086;1;1;2;2;25; ;3;25; ;1;2; ; ;1; ;12;2408,51741475589
3362086;1;2;2;2;11; ;3;11; ;1;2; ; ;1; ;12;2408,51741475589
3362087;1;1;1; ; ; ; ; ; ; ; ; ; ; ; ;12;573,456527322832
3362088;1;1;2;1; ; ;3;11; ;1;3;11; ;1; ;12;2346,93629005733
3362088;1;2;2;2;11; ;1; ; ; ;3;11; ;1; ;12;2346,93629005733
3362089;1;1;1; ; ; ; ; ; ; ; ; ; ; ; ;12;573,456527322832
3362089;1;2;1; ; ; ; ; ; ; ; ; ; ; ; ;12;573,456527322832
3362090;1;1;1; ; ; ; ; ; ; ; ; ; ; ; ;12;573,456527322832
3362090;1;2;2;1; ; ;2; ; ;1;2; ; ;1; ;12;573,456527322832
3362091;1;1;2;1; ; ;2; ; ;1;2; ; ;1; ;12;573,456527322832
3362091;1;2;1; ; ; ; ; ; ; ; ; ; ; ; ;12;573,456527322832
3362091;1;3;1; ; ; ; ; ; ; ; ; ; ; ; ;12;573,456527322832
3362091;1;4;1; ; ; ; ; ; ; ; ; ; ; ; ;12;573,456527322832
3362092;1;1;1; ; ; ; ; ; ; ; ; ; ; ; ;12;5669,08079354222
3362093;1;1;2;2;76; ;3;76; ;1;2; ; ;2; ;12;5362,49943396351
3362094;1;1;1; ; ; ; ; ; ; ; ; ; ; ; ;12;4020,89352416191
3362094;1;2;1; ; ; ; ; ; ; ; ; ; ; ; ;12;4020,89352416191
3362094;1;3;1; ; ; ; ; ; ; ; ; ; ; ; ;12;4020,89352416191
3362096;1;1;1; ; ; ; ; ; ; ; ; ; ; ; ;12;3878,13186480975
3362097;1;1;2;2;73; ;2; ; ;1;2; ; ;1; ;12;573,456527322832
3362097;1;2;2;1; ; ;2; ; ;1;2; ; ;1; ;12;573,456527322832
3362099;1;1;2;2;73; ;2; ; ;1;2; ; ;1; ;12;573,456527322832
3362099;1;2;1; ; ; ; ; ; ; ; ; ; ; ; ;12;573,456527322832
3362099;1;3;2;2;73; ;2; ; ;1;2; ; ;1; ;12;573,456527322832
3362101;1;1;1; ; ; ; ; ; ; ; ; ; ; ; ;12;911,248441417153
3362101;1;2;1; ; ; ; ; ; ; ; ; ; ; ; ;12;911,248441417153
3362101;1;3;2;2;11; ;3;11; ;1;3;11; ;1; ;12;911,248441417153
3362102;1;1;1; ; ; ; ; ; ; ; ; ; ; ; ;12;580,342219439004
3362103;1;1;2;2;11; ;2; ; ;1;2; ; ;1; ;12;573,456527322832
3362103;1;2;1; ; ; ; ; ; ; ; ; ; ; ; ;12;573,456527322832
3362104;1;1;2;2;25; ;2; ; ;1;2; ; ;1; ;12;2408,51741475589
3362104;1;2;1; ; ; ; ; ; ; ; ; ; ; ; ;12;2408,51741475589
3362104;1;3;1; ; ; ; ; ; ; ; ; ; ; ; ;12;2408,51741475589
3362104;1;4;1; ; ; ; ; ; ; ; ; ; ; ; ;12;2408,51741475589
3362104;1;5;1; ; ; ; ; ; ; ; ; ; ; ; ;12;2408,51741475589
3362105;1;1;2;2;73; ;2; ; ;1;2; ; ;1; ;12;573,456527322832
3362107;1;1;2;2;25; ;2; ; ;2;2; ; ;2; ;12;4588,27182917978
3362107;1;2;2;2;25; ;2; ; ;2;2; ; ;2; ;12;4588,27182917978
3362107;1;3;2;2;25; ;2; ; ;2;2; ; ;2; ;12;4588,27182917978
3362109;1;1;2;2;25; ;2; ; ;2;2; ; ;2; ;12;6684,4203108551
3362109;1;2;2;2;73; ;2; ; ;2;2; ; ;2; ;12;6684,4203108551
3362109;1;3;1; ; ; ; ; ; ; ; ; ; ; ; ;12;6684,4203108551
3362109;1;4;1; ; ; ; ; ; ; ; ; ; ; ; ;12;6684,4203108551
3362110;1;1;2;2;73; ;2; ; ;2;2; ; ;2; ;12;3878,13186480975
3362111;1;1;1; ; ; ; ; ; ; ; ; ; ; ; ;12;8508,45425562741
3362111;1;2;1; ; ; ; ; ; ; ; ; ; ; ; ;12;8508,45425562741
3362111;1;3;1; ; ; ; ; ; ; ; ; ; ; ; ;12;8508,45425562741
3362113;1;1;2;2;25; ;2; ; ;1;2; ; ;1; ;12;573,456527322832
3362113;1;2;1; ; ; ; ; ; ; ; ; ; ; ; ;12;573,456527322832
3362115;1;1;1; ; ; ; ; ; ; ; ; ; ; ; ;12;573,456527322832
3362115;1;2;2;2;25; ;2; ; ;1;2; ; ;1; ;12;573,456527322832
3362116;1;1;1; ; ; ; ; ; ; ; ; ; ; ; ;12;1781,35768914849
3362116;1;2;1; ; ; ; ; ; ; ; ; ; ; ; ;12;1781,35768914849
3362116;1;3;1; ; ; ; ; ; ; ; ; ; ; ; ;12;1781,35768914849
3362116;1;4;1; ; ; ; ; ; ; ; ; ; ; ; ;12;1781,35768914849
3362117;1;1;2;2;73; ;2; ; ;1;2; ; ;1; ;12;573,456527322832
3362118;1;1;2;2;11; ;2; ; ;1;2; ; ;1; ;12;2408,51741475589
3362118;1;2;1; ; ; ; ; ; ; ; ; ; ; ; ;12;2408,51741475589
3362118;1;3;1; ; ; ; ; ; ; ; ; ; ; ; ;12;2408,51741475589
3362118;1;4;2;2;17; ;2; ; ;1;2; ; ;1; ;12;2408,51741475589
3362118;1;5;1; ; ; ; ; ; ; ; ; ; ; ; ;12;2408,51741475589
3362118;1;6;2;2;68; ;2; ; ;1;2; ; ;1; ;12;2408,51741475589
3362119;1;1;1; ; ; ; ; ; ; ; ; ; ; ; ;12;573,456527322832
3362119;1;2;2;2;11; ;2; ; ;1;2; ; ;1; ;12;573,456527322832
3362119;1;3;2;2;73; ;2; ; ;1;2; ; ;1; ;12;573,456527322832
3362119;1;4;1; ; ; ; ; ; ; ; ; ; ; ; ;12;573,456527322832
3362120;1;1;2;2;73; ;2; ; ;1;2; ; ;1; ;12;573,456527322832
3362120;1;2;1; ; ; ; ; ; ; ; ; ; ; ; ;12;573,456527322832
3362120;1;3;1; ; ; ; ; ; ; ; ; ; ; ; ;12;573,456527322832
3362120;1;4;1; ; ; ; ; ; ; ; ; ; ; ; ;12;573,456527322832
3362120;2;1;1; ; ; ; ; ; ; ; ; ; ; ; ;12;573,456527322832
3362120;2;2;1; ; ; ; ; ; ; ; ; ; ; ; ;12;573,456527322832
3362122;1;1;2;2;25; ;2; ; ;1;2; ; ;1; ;12;573,456527322832
3362122;1;2;2;2;73; ;2; ; ;1;2; ; ;1; ;12;573,456527322832
3362122;1;3;1; ; ; ; ; ; ; ; ; ; ; ; ;12;573,456527322832
3362123;1;1;2;2;73; ;2; ; ;1;2; ; ;1; ;12;608,715540618414
3362123;1;2;1; ; ; ; ; ; ; ; ; ; ; ; ;12;608,715540618414
3362124;1;1;2;2;73; ;2; ; ;1;2; ; ;1; ;12;2408,51741475589
3362124;1;2;1; ; ; ; ; ; ; ; ; ; ; ; ;12;2408,51741475589
3362124;1;3;1; ; ; ; ; ; ; ; ; ; ; ; ;12;2408,51741475589
3362124;1;4;1; ; ; ; ; ; ; ; ; ; ; ; ;12;2408,51741475589
3362125;1;1;2;2;73; ;2; ; ;1;2; ; ;1; ;12;573,456527322832
3362125;1;2;2;2;73; ;2; ; ;1;2; ; ;1; ;12;573,456527322832
3362126;1;1;2;2;73; ;3;11; ;1;2; ; ;1; ;12;573,456527322832
3362126;1;2;2;2;73; ;2; ; ;1;2; ; ;1; ;12;573,456527322832
3362127;1;1;2;2;17; ;2; ; ;1;2; ; ;1; ;12;573,456527322832
3362127;1;2;1; ; ; ; ; ; ; ; ; ; ; ; ;12;573,456527322832
3362127;1;3;1; ; ; ; ; ; ; ; ; ; ; ; ;12;573,456527322832
3362130;1;1;1; ; ; ; ; ; ; ; ; ; ; ; ;12;1451,09141029105
3362131;1;1;1; ; ; ; ; ; ; ; ; ; ; ; ;12;2392,24756462097
3362131;1;2;1; ; ; ; ; ; ; ; ; ; ; ; ;12;2392,24756462097
3362131;1;3;1; ; ; ; ; ; ; ; ; ; ; ; ;12;2392,24756462097
3362131;1;4;1; ; ; ; ; ; ; ; ; ; ; ; ;12;2392,24756462097
3362131;1;5;1; ; ; ; ; ; ; ; ; ; ; ; ;12;2392,24756462097
3362132;1;1;1; ; ; ; ; ; ; ; ; ; ; ; ;12;2408,51741475589
3362132;1;2;1; ; ; ; ; ; ; ; ; ; ; ; ;12;2408,51741475589
3362132;1;3;1; ; ; ; ; ; ; ; ; ; ; ; ;12;2408,51741475589
3362132;1;4;1; ; ; ; ; ; ; ; ; ; ; ; ;12;2408,51741475589
3362133;1;1;2;2;17; ;3;20; ;2;2; ; ;2; ;12;4412,42515378779
3362133;1;2;2;2;17; ;3;20; ;2;2; ; ;2; ;12;4412,42515378779
3362134;1;1;1; ; ; ; ; ; ; ; ; ; ; ; ;12;4985,74959410332
3362134;1;2;1; ; ; ; ; ; ; ; ; ; ; ; ;12;4985,74959410332
3362134;1;3;2;2;11; ;2; ; ;2;2; ; ;2; ;12;4985,74959410332
3362134;1;4;2;2;11; ;2; ; ;2;2; ; ;2; ;12;4985,74959410332
3362134;1;5;1; ; ; ; ; ; ; ; ; ; ; ; ;12;4985,74959410332
3362135;1;1;2;2;11; ;2; ; ;1;2; ; ;1; ;12;573,456527322832
3362136;1;1;2;2;05; ;2; ; ;2;2; ; ;1;1;12;3966,45496692441
3362136;1;2;2;2;73; ;2; ; ;2;2; ; ;1;1;12;3966,45496692441
3362136;1;3;1; ; ; ; ; ; ; ; ; ; ; ; ;12;3966,45496692441
3362136;1;4;1; ; ; ; ; ; ; ; ; ; ; ; ;12;3966,45496692441
3362136;1;5;2;2;17; ;2; ; ;2;2; ; ;1;3;12;3966,45496692441
3362138;1;1;1; ; ; ; ; ; ; ; ; ; ; ; ;12;573,456527322832
3362138;1;2;2;2;25; ;2; ; ;1;2; ; ;1; ;12;573,456527322832
3362138;1;3;1; ; ; ; ; ; ; ; ; ; ; ; ;12;573,456527322832
3362139;1;1;2;2;73; ;2; ; ;1;2; ; ;1; ;12;2408,51741475589
3362139;1;2;1; ; ; ; ; ; ; ; ; ; ; ; ;12;2408,51741475589
3362139;1;3;1; ; ; ; ; ; ; ; ; ; ; ; ;12;2408,51741475589
3362140;1;1;1; ; ; ; ; ; ; ; ; ; ; ; ;12;580,342219439004
3362141;1;1;1; ; ; ; ; ; ; ; ; ; ; ; ;12;573,456527322832
3362141;1;2;1; ; ; ; ; ; ; ; ; ; ; ; ;12;573,456527322832
3362142;1;1;1; ; ; ; ; ; ; ; ; ; ; ; ;12;1215,72246786771
3362142;1;2;1; ; ; ; ; ; ; ; ; ; ; ; ;12;1215,72246786771
3362142;1;3;1; ; ; ; ; ; ; ; ; ; ; ; ;12;1215,72246786771
3362143;1;1;1; ; ; ; ; ; ; ; ; ; ; ; ;12;573,456527322832
3362144;1;1;2;2;20; ;2; ; ;1;2; ; ;1; ;12;250,847542846025
3362144;1;2;1; ; ; ; ; ; ; ; ; ; ; ; ;12;250,847542846025
3362145;1;1;2;2;47; ;2; ; ;1;2; ; ;1; ;12;169,311735989203
3362145;1;2;1; ; ; ; ; ; ; ; ; ; ; ; ;12;169,311735989203
3362145;1;3;1; ; ; ; ; ; ; ; ; ; ; ; ;12;169,311735989203
3362146;1;1;2;2;47; ;2; ; ;1;2; ; ;1; ;12;180,969392355348
3362146;1;2;1; ; ; ; ; ; ; ; ; ; ; ; ;12;180,969392355348
3362147;1;1;1; ; ; ; ; ; ; ; ; ; ; ; ;12;205,60779204789
3362147;1;2;1; ; ; ; ; ; ; ; ; ; ; ; ;12;205,60779204789
3362147;1;3;1; ; ; ; ; ; ; ; ; ; ; ; ;12;205,60779204789
3362147;1;4;1; ; ; ; ; ; ; ; ; ; ; ; ;12;205,60779204789
3362148;1;1;2;2;20; ;2; ; ;1;2; ; ;1; ;12;196,908504871135
3362148;1;2;2;1; ; ;3;50; ;1;2; ; ;1; ;12;196,908504871135
3362148;1;3;2;1; ; ;3;50; ;1;2; ; ;1; ;12;196,908504871135
3362148;1;4;2;2;50; ;3;50; ;1;2; ; ;1; ;12;196,908504871135
3362148;1;5;2;2;20; ;2; ; ;1;2; ; ;1; ;12;196,908504871135
3362149;1;1;2;2;68; ;2; ; ;1;2; ; ;1; ;12;185,222792574515
3362149;1;2;2;2;68; ;2; ; ;1;2; ; ;1; ;12;185,222792574515
3362149;1;3;1; ; ; ; ; ; ; ; ; ; ; ; ;12;185,222792574515
3362149;1;4;2;2;47; ;3;47; ;1;3;47; ;1; ;12;185,222792574515
3362150;1;1;1; ; ; ; ; ; ; ; ; ; ; ; ;12;96,5672045565043
3362150;1;2;1; ; ; ; ; ; ; ; ; ; ; ; ;12;96,5672045565043
3362150;1;3;1; ; ; ; ; ; ; ; ; ; ; ; ;12;96,5672045565043
3362150;1;4;1; ; ; ; ; ; ; ; ; ; ; ; ;12;96,5672045565043
3362151;1;1;1; ; ; ; ; ; ; ; ; ; ; ; ;12;171,001124978334
3362151;1;2;1; ; ; ; ; ; ; ; ; ; ; ; ;12;171,001124978334
3362152;1;1;1; ; ; ; ; ; ; ; ; ; ; ; ;12;174,109038996643
3362152;1;2;1; ; ; ; ; ; ; ; ; ; ; ; ;12;174,109038996643
3362152;1;3;1; ; ; ; ; ; ; ; ; ; ; ; ;12;174,109038996643
3362153;1;1;2;2;73; ;2; ; ;1;2; ; ;1; ;12;171,471356861394
3362154;1;1;1; ; ; ; ; ; ; ; ; ; ; ; ;12;209,776367085823
3362155;1;1;2;2;15; ;2; ; ;1;2; ; ;1; ;12;149,808304609778
3362155;1;2;2;2;15; ;2; ; ;1;2; ; ;1; ;12;149,808304609778
3362156;1;1;1; ; ; ; ; ; ; ; ; ; ; ; ;12;171,471356861394
3362157;1;1;2;2;76; ;2; ; ;1;2; ; ;1; ;12;157,72933067628
3362157;1;2;1; ; ; ; ; ; ; ; ; ; ; ; ;12;157,72933067628
3362158;1;1;2;2;25; ;3;11; ;1;3;66; ;1; ;12;171,001124978334
3362158;1;2;2;1; ; ;3;11; ;1;3;66; ;1; ;12;171,001124978334
3362159;1;1;1; ; ; ; ; ; ; ; ; ; ; ; ;12;219,465533973242
3362159;1;2;1; ; ; ; ; ; ; ; ; ; ; ; ;12;219,465533973242
3362160;1;1;1; ; ; ; ; ; ; ; ; ; ; ; ;12;174,579270879703
3362160;1;2;1; ; ; ; ; ; ; ; ; ; ; ; ;12;174,579270879703
3362161;1;1;1; ; ; ; ; ; ; ; ; ; ; ; ;12;278,609844440979
3362161;1;2;1; ; ; ; ; ; ; ; ; ; ; ; ;12;278,609844440979
3362161;1;3;1; ; ; ; ; ; ; ; ; ; ; ; ;12;278,609844440979
3362161;1;4;1; ; ; ; ; ; ; ; ; ; ; ; ;12;278,609844440979
3362162;1;1;1; ; ; ; ; ; ; ; ; ; ; ; ;12;264,867818255866
3362162;1;2;1; ; ; ; ; ; ; ; ; ; ; ; ;12;264,867818255866
3362162;1;3;1; ; ; ; ; ; ; ; ; ; ; ; ;12;264,867818255866
3362162;1;4;1; ; ; ; ; ; ; ; ; ; ; ; ;12;264,867818255866
3362162;1;5;1; ; ; ; ; ; ; ; ; ; ; ; ;12;264,867818255866
3362163;1;1;1; ; ; ; ; ; ; ; ; ; ; ; ;12;174,109038996643
3362163;1;2;1; ; ; ; ; ; ; ; ; ; ; ; ;12;174,109038996643
3362163;1;3;1; ; ; ; ; ; ; ; ; ; ; ; ;12;174,109038996643
3362164;1;1;2;2;17; ;2; ; ;1;2; ; ;1; ;12;188,113314834208
3362164;1;2;2;2;73; ;2; ; ;1;2; ; ;1; ;12;188,113314834208
3362165;1;1;1; ; ; ; ; ; ; ; ; ; ; ; ;12;184,621588366381
3362166;1;1;1; ; ; ; ; ; ; ; ; ; ; ; ;12;178,763645041113
3362166;1;2;1; ; ; ; ; ; ; ; ; ; ; ; ;12;178,763645041113
3362166;1;3;1; ; ; ; ; ; ; ; ; ; ; ; ;12;178,763645041113
3362168;1;1;1; ; ; ; ; ; ; ; ; ; ; ; ;12;188,113314834208
3362168;1;2;1; ; ; ; ; ; ; ; ; ; ; ; ;12;188,113314834208
3362169;1;1;1; ; ; ; ; ; ; ; ; ; ; ; ;12;200,049916338293
3362170;1;1;2;2;76; ;2; ; ;1;2; ; ;1; ;12;171,471356861394
3362171;1;1;2;1; ; ;2; ; ;1;2; ; ;1; ;12;163,474926829839
3362171;1;2;2;2;76; ;2; ; ;1;2; ; ;1; ;12;163,474926829839
3362171;1;3;1; ; ; ; ; ; ; ; ; ; ; ; ;12;163,474926829839
3362171;1;4;1; ; ; ; ; ; ; ; ; ; ; ; ;12;163,474926829839
3362171;1;5;2;2;73; ;3;11; ;1;2; ; ;1; ;12;163,474926829839
3362172;1;1;2;1; ; ;2; ; ;1;2; ; ;1; ;12;164,462903779231
3362172;1;2;1; ; ; ; ; ; ; ; ; ; ; ; ;12;164,462903779231
3362172;1;3;1; ; ; ; ; ; ; ; ; ; ; ; ;12;164,462903779231
3362175;1;1;2;2;17; ;2; ; ;1;2; ; ;1; ;12;158,247075742613
3362176;1;1;2;2;73; ;2; ; ;1;2; ; ;1; ;12;188,113314834208
3362176;1;2;1; ; ; ; ; ; ; ; ; ; ; ; ;12;188,113314834208
3362177;1;1;1; ; ; ; ; ; ; ; ; ; ; ; ;12;171,001124978334
3362177;1;2;1; ; ; ; ; ; ; ; ; ; ; ; ;12;171,001124978334
3362178;1;1;2;2;15; ;3;17; ;1;2; ; ;1; ;12;244,59446910178
3362178;1;2;1; ; ; ; ; ; ; ; ; ; ; ; ;12;244,59446910178
3362178;1;3;2;2;17; ;3;17; ;1;3;17; ;1; ;12;244,59446910178
3362178;1;4;1; ; ; ; ; ; ; ; ; ; ; ; ;12;244,59446910178
3362179;1;1;1; ; ; ; ; ; ; ; ; ; ; ; ;12;157,259098793221
3362179;1;2;1; ; ; ; ; ; ; ; ; ; ; ; ;12;157,259098793221
3362179;1;3;1; ; ; ; ; ; ; ; ; ; ; ; ;12;157,259098793221
3362182;1;1;2;2;13; ;2; ; ;1;2; ; ;1; ;12;185,251092993936
3362182;1;2;2;1; ; ;2; ; ;1;2; ; ;1; ;12;185,251092993936
3362182;1;3;2;2;41; ;2; ; ;1;2; ; ;1; ;12;185,251092993936
3362182;1;4;1; ; ; ; ; ; ; ; ; ; ; ; ;12;185,251092993936
3362183;1;1;2;2;41; ;2; ; ;1;2; ; ;1; ;12;140,004367077148
3362184;1;1;2;2;15; ;3;19; ;1;2; ; ;1; ;12;77,7811959744953
3362184;1;2;2;2;19; ;3;19; ;1;2; ; ;1; ;12;77,7811959744953
3362184;1;3;2;1; ; ;3;19; ;1;2; ; ;1; ;12;77,7811959744953
3362184;1;4;2;2;19; ;3;19; ;1;2; ; ;1; ;12;77,7811959744953
3362185;1;1;2;2;18; ;2; ; ;1;2; ; ;1; ;12;152,570481391184
3362185;1;2;2;2;41; ;2; ; ;1;2; ; ;1; ;12;152,570481391184
3362185;1;3;1; ; ; ; ; ; ; ; ; ; ; ; ;12;152,570481391184
3362185;2;1;2;2;50; ;2; ; ;1;2; ; ;1; ;12;152,570481391184
3362185;2;2;1; ; ; ; ; ; ; ; ; ; ; ; ;12;152,570481391184
3362185;2;3;1; ; ; ; ; ; ; ; ; ; ; ; ;12;152,570481391184
3362185;2;4;1; ; ; ; ; ; ; ; ; ; ; ; ;12;152,570481391184
3362186;1;1;1; ; ; ; ; ; ; ; ; ; ; ; ;12;163,089298750404
3362186;1;2;1; ; ; ; ; ; ; ; ; ; ; ; ;12;163,089298750404
3362186;1;3;1; ; ; ; ; ; ; ; ; ; ; ; ;12;163,089298750404
3362188;1;1;1; ; ; ; ; ; ; ; ; ; ; ; ;12;649,931275238745
3362188;1;2;2;2;15; ;2; ; ;1;2; ; ;1; ;12;649,931275238745
3362188;1;3;2;2;05; ;2; ; ;1;2; ; ;1; ;12;649,931275238745
3362188;1;4;2;2;11; ;2; ; ;1;2; ; ;1; ;12;649,931275238745
3362188;1;5;2;2;11; ;2; ; ;1;2; ; ;1; ;12;649,931275238745
3362189;1;1;2;2;50; ;2; ; ;1;2; ; ;1; ;12;730,457810693714
3362190;1;1;2;2;73; ;2; ; ;1;2; ; ;1; ;12;708,119349500357
3362190;1;2;2;2;50; ;2; ; ;1;2; ; ;1; ;12;708,119349500357
3362190;1;3;2;2;50; ;2; ; ;1;2; ; ;1; ;12;708,119349500357
3362190;1;4;1; ; ; ; ; ; ; ; ; ; ; ; ;12;708,119349500357
3362190;1;5;1; ; ; ; ; ; ; ; ; ; ; ; ;12;708,119349500357
3362191;1;1;1; ; ; ; ; ; ; ; ; ; ; ; ;12;184,391491450122
3362191;1;2;2;2;17; ;3;11; ;1;2; ; ;1; ;12;184,391491450122
3362191;1;3;1; ; ; ; ; ; ; ; ; ; ; ; ;12;184,391491450122
3362191;1;4;1; ; ; ; ; ; ; ; ; ; ; ; ;12;184,391491450122
3362191;1;5;1; ; ; ; ; ; ; ; ; ; ; ; ;12;184,391491450122
3362191;1;6;1; ; ; ; ; ; ; ; ; ; ; ; ;12;184,391491450122
3362192;1;1;2;2;50; ;2; ; ;1;2; ; ;1; ;12;147,460667364688
3362193;1;1;2;2;68; ;2; ; ;1;2; ; ;1; ;12;221,382803877237
3362193;1;2;1; ; ; ; ; ; ; ; ; ; ; ; ;12;221,382803877237
3362193;1;3;1; ; ; ; ; ; ; ; ; ; ; ; ;12;221,382803877237
3362194;1;1;2;2;50; ;3;50; ;1;3;50; ;1; ;12;689,312897665395
3362194;1;2;2;1; ; ;3;50; ;1;3;50; ;1; ;12;689,312897665395
3362194;1;3;2;1; ; ;3;50; ;1;3;50; ;1; ;12;689,312897665395
3362195;1;1;2;2;25; ;3;95; ;1;2; ; ;1; ;12;846,239197257069
3362195;1;2;2;2;95; ;3;95; ;1;2; ; ;1; ;12;846,239197257069
3362195;1;3;2;2;95; ;3;95; ;1;2; ; ;1; ;12;846,239197257069
3362195;1;4;2;2;95; ;3;95; ;1;2; ; ;1; ;12;846,239197257069
3362195;1;5;2;2;95; ;1; ; ; ;2; ; ;1; ;12;846,239197257069
3362196;1;1;2;2;23; ;2; ; ;1;2; ; ;1; ;12;645,416025665365
3362196;1;2;1; ; ; ; ; ; ; ; ; ; ; ; ;12;645,416025665365
3362196;1;3;1; ; ; ; ; ; ; ; ; ; ; ; ;12;645,416025665365
3362196;1;4;1; ; ; ; ; ; ; ; ; ; ; ; ;12;645,416025665365
3362197;1;1;1; ; ; ; ; ; ; ; ; ; ; ; ;12;229,13318529336
3362197;1;2;2;2;50; ;2; ; ;1;2; ; ;1; ;12;229,13318529336
3362197;1;3;1; ; ; ; ; ; ; ; ; ; ; ; ;12;229,13318529336
3362198;1;1;2;2;73; ;2; ; ;1;2; ; ;1; ;12;231,733994554848
3362198;1;2;2;2;25; ;2; ; ;1;2; ; ;1; ;12;231,733994554848
3362198;1;3;1; ; ; ; ; ; ; ; ; ; ; ; ;12;231,733994554848
3362198;1;4;2;2;25; ;3;50; ;2;3;50; ;2;4;12;231,733994554848
3362199;1;1;2;2;50; ;2; ; ;1;2; ; ;1; ;12;177,192100061371
3362199;1;2;2;2;50; ;2; ; ;1;2; ; ;1; ;12;177,192100061371
3362199;1;3;2;2;50; ;2; ; ;1;2; ; ;1; ;12;177,192100061371
3362200;1;1;2;2;68; ;2; ; ;1;2; ; ;1; ;12;237,567835931706
3362200;1;2;1; ; ; ; ; ; ; ; ; ; ; ; ;12;237,567835931706
3362200;1;3;1; ; ; ; ; ; ; ; ; ; ; ; ;12;237,567835931706
3362203;1;1;2;2;50; ;2; ; ;1;2; ; ;1; ;12;188,166318061378
3362203;1;2;2;2;81; ;2; ; ;1;2; ; ;1; ;12;188,166318061378
3362204;1;1;2;2;50; ;2; ; ;1;2; ; ;1; ;12;185,89158008784
3362204;1;2;2;2;25; ;2; ; ;1;2; ; ;1; ;12;185,89158008784
3362204;1;3;1; ; ; ; ; ; ; ; ; ; ; ; ;12;185,89158008784
3362204;1;4;1; ; ; ; ; ; ; ; ; ; ; ; ;12;185,89158008784
3362204;1;5;1; ; ; ; ; ; ; ; ; ; ; ; ;12;185,89158008784
3362204;1;6;1; ; ; ; ; ; ; ; ; ; ; ; ;12;185,89158008784
3362204;1;7;1; ; ; ; ; ; ; ; ; ; ; ; ;12;185,89158008784
3362204;1;8;1; ; ; ; ; ; ; ; ; ; ; ; ;12;185,89158008784
3362205;1;1;2;2;63; ;2; ; ;1;2; ; ;1; ;12;189,976106748461
3362205;1;2;1; ; ; ; ; ; ; ; ; ; ; ; ;12;189,976106748461
3362206;1;1;2;2;52; ;2; ; ;1;2; ; ;1; ;12;247,158803948851
3362206;1;2;1; ; ; ; ; ; ; ; ; ; ; ; ;12;247,158803948851
3362207;1;1;2;2;25; ;2; ; ;1;2; ; ;1; ;12;184,410986907318
3362207;1;2;2;2;11; ;2; ; ;1;2; ; ;1; ;12;184,410986907318
3362208;1;1;2;2;11; ;2; ; ;1;2; ; ;1; ;12;163,089298750404
3362208;1;2;2;2;11; ;2; ; ;1;2; ; ;1; ;12;163,089298750404
3362208;1;3;1; ; ; ; ; ; ; ; ; ; ; ; ;12;163,089298750404
3362209;1;1;2;2;25; ;2; ; ;1;2; ; ;1; ;12;241,965179427083
3362209;1;2;2;2;25; ;2; ; ;1;2; ; ;1; ;12;241,965179427083
3362209;1;3;2;2;25; ;2; ; ;1;2; ; ;1; ;12;241,965179427083
3362209;1;4;1; ; ; ; ; ; ; ; ; ; ; ; ;12;241,965179427083
3362209;1;5;1; ; ; ; ; ; ; ; ; ; ; ; ;12;241,965179427083
3362210;1;1;2;2;76; ;2; ; ;1;2; ; ;1; ;12;182,911451639784
3362210;1;2;1; ; ; ; ; ; ; ; ; ; ; ; ;12;182,911451639784
3362210;1;3;1; ; ; ; ; ; ; ; ; ; ; ; ;12;182,911451639784
3362211;1;1;1; ; ; ; ; ; ; ; ; ; ; ; ;12;238,372110959305
3362211;1;2;1; ; ; ; ; ; ; ; ; ; ; ; ;12;238,372110959305
3362211;1;3;1; ; ; ; ; ; ; ; ; ; ; ; ;12;238,372110959305
3362212;1;1;2;2;68; ;2; ; ;1;2; ; ;1; ;12;246,429025274272
3362212;1;2;1; ; ; ; ; ; ; ; ; ; ; ; ;12;246,429025274272
3362212;1;3;1; ; ; ; ; ; ; ; ; ; ; ; ;12;246,429025274272
3362213;1;1;1; ; ; ; ; ; ; ; ; ; ; ; ;12;161,308582384916
3362213;1;2;1; ; ; ; ; ; ; ; ; ; ; ; ;12;161,308582384916
3362213;1;3;1; ; ; ; ; ; ; ; ; ; ; ; ;12;161,308582384916
3362213;1;4;1; ; ; ; ; ; ; ; ; ; ; ; ;12;161,308582384916
3362213;1;5;1; ; ; ; ; ; ; ; ; ; ; ; ;12;161,308582384916
3362213;1;6;1; ; ; ; ; ; ; ; ; ; ; ; ;12;161,308582384916
3362213;1;7;1; ; ; ; ; ; ; ; ; ; ; ; ;12;161,308582384916
3362213;1;8;1; ; ; ; ; ; ; ; ; ; ; ; ;12;161,308582384916
3362214;1;1;2;2;17; ;2; ; ;1;2; ; ;1; ;12;242,8227023533
3362214;1;2;1; ; ; ; ; ; ; ; ; ; ; ; ;12;242,8227023533
3362215;1;1;1; ; ; ; ; ; ; ; ; ; ; ; ;12;188,166318061378
3362215;1;2;1; ; ; ; ; ; ; ; ; ; ; ; ;12;188,166318061378
3362216;1;1;2;2;17; ;2; ; ;1;2; ; ;1; ;12;219,658502560886
3362216;1;2;1; ; ; ; ; ; ; ; ; ; ; ; ;12;219,658502560886
3362216;1;3;2;2;05; ;3;05; ;1;2; ; ;1; ;12;219,658502560886
3362217;1;1;2;2;63; ;2; ; ;1;2; ; ;1; ;12;120,164187968436
3362217;1;2;2;2;50; ;2; ; ;1;2; ; ;1; ;12;120,164187968436
3362217;1;3;2;1; ; ;2; ; ;1;2; ; ;1; ;12;120,164187968436
3362217;1;4;2;2;95; ;2; ; ;1;2; ; ;1; ;12;120,164187968436
3362217;1;5;1; ; ; ; ; ; ; ; ; ; ; ; ;12;120,164187968436
3362217;1;6;2;2;17; ;3;66; ;1;3;66; ;1; ;12;120,164187968436
3362218;1;1;2;2;25; ;3;25; ;1;2; ; ;1; ;12;163,150540650231
3362218;1;2;2;2;25; ;3;25; ;1;2; ; ;1; ;12;163,150540650231
3362218;1;3;2;2;25; ;3;25; ;1;2; ; ;1; ;12;163,150540650231
3362218;2;1;2;2;25; ;3;25; ;1;2; ; ;1; ;12;163,150540650231
3362218;2;2;2;2;25; ;3;25; ;1;2; ; ;1; ;12;163,150540650231
3362219;1;1;2;2;50; ;2; ; ;1;2; ; ;1; ;12;162,853541683875
3362219;1;2;1; ; ; ; ; ; ; ; ; ; ; ; ;12;162,853541683875
3362219;1;3;1; ; ; ; ; ; ; ; ; ; ; ; ;12;162,853541683875
3362220;1;1;2;2;08; ;2; ; ;1;2; ; ;1; ;12;202,320873648323
3362220;1;2;2;2;18; ;3;50; ;1;2; ; ;1; ;12;202,320873648323
3362220;1;3;1; ; ; ; ; ; ; ; ; ; ; ; ;12;202,320873648323
3362220;1;4;1; ; ; ; ; ; ; ; ; ; ; ; ;12;202,320873648323
3362220;1;5;1; ; ; ; ; ; ; ; ; ; ; ; ;12;202,320873648323
3362221;1;1;2;2;19; ;2; ; ;1;2; ; ;1; ;12;279,752262442313
3362221;1;2;1; ; ; ; ; ; ; ; ; ; ; ; ;12;279,752262442313
3362221;1;3;1; ; ; ; ; ; ; ; ; ; ; ; ;12;279,752262442313
3362221;1;4;1; ; ; ; ; ; ; ; ; ; ; ; ;12;279,752262442313
3362221;1;5;1; ; ; ; ; ; ; ; ; ; ; ; ;12;279,752262442313
3362222;1;1;2;2;11; ;3;11; ;1;2; ; ;1; ;12;230,929719527249
3362222;1;2;2;2;25; ;3;11; ;1;2; ; ;1; ;12;230,929719527249
3362222;1;3;2;2;11; ;3;11; ;1;2; ; ;1; ;12;230,929719527249
3362222;1;4;2;2;11; ;3;11; ;1;2; ; ;1; ;12;230,929719527249
3362223;1;1;1; ; ; ; ; ; ; ; ; ; ; ; ;12;176,600210268205
3362223;1;2;2;2;47; ;2; ; ;1;2; ; ;1; ;12;176,600210268205
3362223;1;3;1; ; ; ; ; ; ; ; ; ; ; ; ;12;176,600210268205
3362223;1;4;1; ; ; ; ; ; ; ; ; ; ; ; ;12;176,600210268205
3362223;1;5;1; ; ; ; ; ; ; ; ; ; ; ; ;12;176,600210268205
3362223;1;6;1; ; ; ; ; ; ; ; ; ; ; ; ;12;176,600210268205
3362223;1;7;1; ; ; ; ; ; ; ; ; ; ; ; ;12;176,600210268205
3362224;1;1;1; ; ; ; ; ; ; ; ; ; ; ; ;12;161,874743507511
3362224;1;2;1; ; ; ; ; ; ; ; ; ; ; ; ;12;161,874743507511
3362224;1;3;1; ; ; ; ; ; ; ; ; ; ; ; ;12;161,874743507511
3362224;1;4;1; ; ; ; ; ; ; ; ; ; ; ; ;12;161,874743507511
3362224;1;5;1; ; ; ; ; ; ; ; ; ; ; ; ;12;161,874743507511
3362225;1;1;1; ; ; ; ; ; ; ; ; ; ; ; ;12;127,373356177723
3362226;1;1;1; ; ; ; ; ; ; ; ; ; ; ; ;12;161,365325534426
3362226;1;2;1; ; ; ; ; ; ; ; ; ; ; ; ;12;161,365325534426
3362227;1;1;2;2;44; ;2; ; ;1;2; ; ;1; ;12;161,874743507511
3362227;1;2;2;2;23; ;2; ; ;1;2; ; ;1; ;12;161,874743507511
3362227;1;3;1; ; ; ; ; ; ; ; ; ; ; ; ;12;161,874743507511
3362227;1;4;1; ; ; ; ; ; ; ; ; ; ; ; ;12;161,874743507511
3362227;1;5;1; ; ; ; ; ; ; ; ; ; ; ; ;12;161,874743507511
3362228;1;1;2;2;44; ;3;20; ;2;3;20; ;2;1;12;130,503332012709
3362228;1;2;2;1; ; ;3;20; ;2;3;20; ;2;1;12;130,503332012709
3362228;1;3;2;1; ; ;3;20; ;2;3;20; ;1; ;12;130,503332012709
3362228;1;4;2;1; ; ;3;20; ;2;3;20; ;2;2;12;130,503332012709
3362228;1;5;2;1; ; ;3;20; ;2;3;20; ;2;2;12;130,503332012709
3362228;1;6;1; ; ; ; ; ; ; ; ; ; ; ; ;12;130,503332012709
3362229;1;1;2;2;68; ;2; ; ;1;2; ; ;1; ;12;165,08547854539
3362229;1;2;2;1; ; ;3;08; ;1;3;08; ;1; ;12;165,08547854539
3362229;1;3;1; ; ; ; ; ; ; ; ; ; ; ; ;12;165,08547854539
3362230;1;1;2;2;20; ;2; ; ;1;2; ; ;1; ;12;168,491502682366
3362230;1;2;2;2;13; ;2; ; ;1;2; ; ;1; ;12;168,491502682366
3362230;1;3;1; ; ; ; ; ; ; ; ; ; ; ; ;12;168,491502682366
3362230;1;4;2;2;08; ;2; ; ;1;2; ; ;1; ;12;168,491502682366
3362231;1;1;2;2;20; ;3;20; ;1;2; ; ;1; ;12;156,71516327551
3362231;1;2;1; ; ; ; ; ; ; ; ; ; ; ; ;12;156,71516327551
3362232;1;1;1; ; ; ; ; ; ; ; ; ; ; ; ;12;111,975645507698
3362232;1;2;1; ; ; ; ; ; ; ; ; ; ; ; ;12;111,975645507698
3362232;1;3;1; ; ; ; ; ; ; ; ; ; ; ; ;12;111,975645507698
3362233;1;1;2;2;47; ;2; ; ;1;2; ; ;1; ;12;99,4604900098448
3362233;1;2;2;2;13; ;2; ; ;1;2; ; ;1; ;12;99,4604900098448
3362233;1;3;2;2;44; ;2; ; ;2;2; ; ;1; ;12;99,4604900098448
3362233;1;4;2;2;13; ;2; ; ;1;2; ; ;1; ;12;99,4604900098448
3362233;1;5;2;2;13; ;3;13; ;1;2; ; ;1; ;12;99,4604900098448
3362234;1;1;1; ; ; ; ; ; ; ; ; ; ; ; ;12;123,225197907236
3362234;1;2;2;2;44; ;2; ; ;1;2; ; ;1; ;12;123,225197907236
3362234;1;3;1; ; ; ; ; ; ; ; ; ; ; ; ;12;123,225197907236
3362234;1;4;1; ; ; ; ; ; ; ; ; ; ; ; ;12;123,225197907236
3362235;1;1;2;2;47; ;2; ; ;1;2; ; ;1; ;12;105,833495687693
3362235;1;2;1; ; ; ; ; ; ; ; ; ; ; ; ;12;105,833495687693
3362235;1;3;1; ; ; ; ; ; ; ; ; ; ; ; ;12;105,833495687693
3362235;1;4;1; ; ; ; ; ; ; ; ; ; ; ; ;12;105,833495687693
3362235;1;5;1; ; ; ; ; ; ; ; ; ; ; ; ;12;105,833495687693
3362236;1;1;2;2;44; ;2; ; ;1;2; ; ;1; ;12;146,661336312691
3362236;1;2;2;2;20; ;2; ; ;1;2; ; ;1; ;12;146,661336312691
3362236;1;3;1; ; ; ; ; ; ; ; ; ; ; ; ;12;146,661336312691
3362236;1;4;1; ; ; ; ; ; ; ; ; ; ; ; ;12;146,661336312691
3362236;1;5;1; ; ; ; ; ; ; ; ; ; ; ; ;12;146,661336312691
3362237;1;1;2;2;20; ;2; ; ;1;2; ; ;1; ;12;122,472026437145
3362237;1;2;1; ; ; ; ; ; ; ; ; ; ; ; ;12;122,472026437145
3362238;1;1;2;2;18; ;3;18; ;2;3;18; ;2;4;12;134,163556863696
3362238;1;2;2;2;18; ;3;18; ;2;3;18; ;2;4;12;134,163556863696
3362238;1;3;2;2;18; ;3;18; ;2;3;18; ;2;2;12;134,163556863696
3362238;1;4;2;2;18; ;3;18; ;2;3;18; ;2;2;12;134,163556863696
3362239;1;1;2;2;66; ;2; ; ;1;2; ; ;1; ;12;292,76040355551
3362239;1;2;2;2;66; ;2; ; ;1;2; ; ;1; ;12;292,76040355551
3362239;1;3;2;2;66; ;2; ; ;1;2; ; ;1; ;12;292,76040355551
3362239;1;4;2;2;66; ;2; ; ;1;2; ; ;1; ;12;292,76040355551
3362240;1;1;1; ; ; ; ; ; ; ; ; ; ; ; ;12;266,464497380807
3362240;1;2;1; ; ; ; ; ; ; ; ; ; ; ; ;12;266,464497380807
3362240;1;3;1; ; ; ; ; ; ; ; ; ; ; ; ;12;266,464497380807
3362240;1;4;2;2;66; ;2; ; ;1;2; ; ;1; ;12;266,464497380807
3362241;1;1;1; ; ; ; ; ; ; ; ; ; ; ; ;12;259,259745778543
3362241;1;2;2;2;63; ;2; ; ;1;2; ; ;1; ;12;259,259745778543
3362241;1;3;2;2;66; ;2; ; ;1;2; ; ;1; ;12;259,259745778543
3362242;1;1;2;2;66; ;3;66; ;1;1; ; ; ; ;12;246,0860300879
3362242;1;2;2;2;76; ;3;66; ;1;2; ; ;1; ;12;246,0860300879
3362243;1;1;2;2;66; ;2; ; ;1;2; ; ;1; ;12;389,810321235706
3362243;1;2;2;2;17; ;4; ;2; ;2; ; ;1; ;12;389,810321235706
3362243;1;3;2;2;66; ;2; ; ;1;2; ; ;1; ;12;389,810321235706
3362243;1;4;1; ; ; ; ; ; ; ; ; ; ; ; ;12;389,810321235706
3362243;1;5;2;2;63; ;2; ; ;1;2; ; ;1; ;12;389,810321235706
3362243;1;6;2;2;66; ;3;66; ;1;2; ; ;1; ;12;389,810321235706
3362243;1;7;2;2;66; ;2; ; ;1;2; ; ;1; ;12;389,810321235706
3362243;1;8;1; ; ; ; ; ; ; ; ; ; ; ; ;12;389,810321235706
3362243;1;9;2;2;66; ;2; ; ;1;2; ; ;1; ;12;389,810321235706
3362244;1;1;1; ; ; ; ; ; ; ; ; ; ; ; ;12;75,2255820513274
3362244;1;2;1; ; ; ; ; ; ; ; ; ; ; ; ;12;75,2255820513274
3362244;1;3;1; ; ; ; ; ; ; ; ; ; ; ; ;12;75,2255820513274
3362244;1;4;2;2;86; ;2; ; ;1;2; ; ;1; ;12;75,2255820513274
3362245;1;1;2;2;76; ;2; ; ;1;2; ; ;1; ;12;150,257339286644
3362245;1;2;1; ; ; ; ; ; ; ; ; ; ; ; ;12;150,257339286644
3362246;1;1;2;2;66; ;2; ; ;1;2; ; ;1; ;12;225,053580858168
3362246;1;2;2;2;66; ;2; ; ;1;2; ; ;1; ;12;225,053580858168
3362247;1;1;2;2;17; ;2; ; ;1;2; ; ;1; ;12;347,910068392603
3362247;1;2;1; ; ; ; ; ; ; ; ; ; ; ; ;12;347,910068392603
3362247;1;3;1; ; ; ; ; ; ; ; ; ; ; ; ;12;347,910068392603
3362247;1;4;1; ; ; ; ; ; ; ; ; ; ; ; ;12;347,910068392603
3362247;1;5;1; ; ; ; ; ; ; ; ; ; ; ; ;12;347,910068392603
3362247;1;6;2;3; ;4;1; ; ; ;2; ; ;1; ;12;347,910068392603
3362248;1;1;2;2;05; ;2; ; ;1;2; ; ;1; ;12;392,744725742344
3362248;1;2;2;2;17; ;2; ; ;1;2; ; ;1; ;12;392,744725742344
3362248;1;3;2;2;17; ;2; ; ;1;2; ; ;1; ;12;392,744725742344
3362248;1;4;2;2;63; ;2; ; ;1;2; ; ;1; ;12;392,744725742344
3362248;1;5;2;2;66; ;1; ; ; ;2; ; ;1; ;12;392,744725742344
3362248;1;6;2;2;66; ;2; ; ;1;2; ; ;1; ;12;392,744725742344
3362248;1;7;2;2;05; ;2; ; ;1;2; ; ;1; ;12;392,744725742344
3362248;1;8;2;2;05; ;2; ; ;1;2; ; ;1; ;12;392,744725742344
3362248;1;9;2;2;05; ;2; ; ;1;2; ; ;1; ;12;392,744725742344
3362248;1;10;2;2;63; ;3;76; ;1;2; ; ;1; ;12;392,744725742344
3362249;1;1;2;2;17; ;3;17; ;1;3;17; ;1; ;12;345,40546669554
3362249;1;2;2;2;66; ;3;17; ;1;2; ; ;1; ;12;345,40546669554
3362249;1;3;2;2;17; ;1; ; ; ;3;17; ;1; ;12;345,40546669554
3362250;1;1;2;2;76; ;2; ; ;1;2; ; ;1; ;12;267,042783014284
3362250;1;2;2;2;17; ;2; ; ;1;2; ; ;1; ;12;267,042783014284
3362250;1;3;2;2;66; ;2; ; ;1;2; ; ;1; ;12;267,042783014284
3362250;1;4;1; ; ; ; ; ; ; ; ; ; ; ; ;12;267,042783014284
3362251;1;1;2;2;66; ;2; ; ;1;2; ; ;1; ;12;198,416821186903
3362251;1;2;2;2;17; ;2; ; ;1;2; ; ;1; ;12;198,416821186903
3362251;1;3;2;2;66; ;2; ; ;1;2; ; ;1; ;12;198,416821186903
3362252;1;1;1; ; ; ; ; ; ; ; ; ; ; ; ;12;229,412877266807
3362253;1;1;1; ; ; ; ; ; ; ; ; ; ; ; ;12;292,76040355551
3362253;1;2;2;2;66; ;2; ; ;1;2; ; ;1; ;12;292,76040355551
3362253;1;3;1; ; ; ; ; ; ; ; ; ; ; ; ;12;292,76040355551
3362253;1;4;1; ; ; ; ; ; ; ; ; ; ; ; ;12;292,76040355551
3362254;1;1;2;2;66; ;2; ; ;1;2; ; ;1; ;12;299,07022114045
3362254;1;2;1; ; ; ; ; ; ; ; ; ; ; ; ;12;299,07022114045
3362254;1;3;1; ; ; ; ; ; ; ; ; ; ; ; ;12;299,07022114045
3362255;1;1;2;2;66; ;2; ; ;1;2; ; ;1; ;12;279,586687864867
3362255;1;2;2;2;17; ;2; ; ;1;2; ; ;1; ;12;279,586687864867
3362255;1;3;1; ; ; ; ; ; ; ; ; ; ; ; ;12;279,586687864867
3362256;1;1;2;2;66; ;2; ; ;1;2; ; ;1; ;12;329,760498462927
3362256;1;2;1; ; ; ; ; ; ; ; ; ; ; ; ;12;329,760498462927
3362256;1;3;2;2;66; ;2; ; ;1;2; ; ;1; ;12;329,760498462927
3362256;1;4;1; ; ; ; ; ; ; ; ; ; ; ; ;12;329,760498462927
3362256;1;5;1; ; ; ; ; ; ; ; ; ; ; ; ;12;329,760498462927
3362257;1;1;1; ; ; ; ; ; ; ; ; ; ; ; ;12;323,039054119902
3362257;1;2;1; ; ; ; ; ; ; ; ; ; ; ; ;12;323,039054119902
3362257;1;3;1; ; ; ; ; ; ; ; ; ; ; ; ;12;323,039054119902
3362257;1;4;1; ; ; ; ; ; ; ; ; ; ; ; ;12;323,039054119902
3362258;1;1;1; ; ; ; ; ; ; ; ; ; ; ; ;12;306,92895467954
3362258;1;2;2;2;11; ;3;66; ;1;2; ; ;1; ;12;306,92895467954
3362259;1;1;2;2;11; ;2; ; ;1;2; ; ;1; ;12;246,0860300879
3362259;1;2;2;2;05; ;2; ; ;1;2; ; ;1; ;12;246,0860300879
3362260;1;1;2;2;66; ;2; ; ;1;2; ; ;1; ;12;306,365901298809
3362260;1;2;1; ; ; ; ; ; ; ; ; ; ; ; ;12;306,365901298809
3362260;1;3;1; ; ; ; ; ; ; ; ; ; ; ; ;12;306,365901298809
3362261;1;1;1; ; ; ; ; ; ; ; ; ; ; ; ;12;30,0405602016262
3362261;1;2;2;2;18; ;2; ; ;1;2; ; ;1; ;12;30,0405602016262
3362261;1;3;1; ; ; ; ; ; ; ; ; ; ; ; ;12;30,0405602016262
3362261;1;4;1; ; ; ; ; ; ; ; ; ; ; ; ;12;30,0405602016262
3362262;1;1;2;2;73; ;2; ; ;1;2; ; ;1; ;12;259,600599275105
3362262;1;2;1; ; ; ; ; ; ; ; ; ; ; ; ;12;259,600599275105
3362263;1;1;2;2;11; ;2; ; ;1;2; ; ;1; ;12;229,412877266807
3362264;1;1;1; ; ; ; ; ; ; ; ; ; ; ; ;12;293,755238988897
3362266;1;1;2;1; ; ;2; ; ;1;2; ; ;1; ;12;27,779572367756
3362266;1;2;2;2;11; ;2; ; ;1;2; ; ;1; ;12;27,779572367756
3362266;1;3;1; ; ; ; ; ; ; ; ; ; ; ; ;12;27,779572367756
3362266;1;4;1; ; ; ; ; ; ; ; ; ; ; ; ;12;27,779572367756
3362266;1;5;1; ; ; ; ; ; ; ; ; ; ; ; ;12;27,779572367756
3362267;1;1;1; ; ; ; ; ; ; ; ; ; ; ; ;12;38,8661395979361
3362267;1;2;1; ; ; ; ; ; ; ; ; ; ; ; ;12;38,8661395979361
3362267;1;3;1; ; ; ; ; ; ; ; ; ; ; ; ;12;38,8661395979361
3362267;1;4;1; ; ; ; ; ; ; ; ; ; ; ; ;12;38,8661395979361
3362267;1;5;1; ; ; ; ; ; ; ; ; ; ; ; ;12;38,8661395979361
3362267;1;6;1; ; ; ; ; ; ; ; ; ; ; ; ;12;38,8661395979361
3362267;1;7;1; ; ; ; ; ; ; ; ; ; ; ; ;12;38,8661395979361
3362268;1;1;1; ; ; ; ; ; ; ; ; ; ; ; ;12;58,393614523702
3362268;1;2;1; ; ; ; ; ; ; ; ; ; ; ; ;12;58,393614523702
3362268;1;3;1; ; ; ; ; ; ; ; ; ; ; ; ;12;58,393614523702
3362269;1;1;1; ; ; ; ; ; ; ; ; ; ; ; ;12;272,722789759166
3362270;1;1;2;2;17; ;3;17; ;1;2; ; ;1; ;12;293,755238988897
3362271;1;1;2;2;66; ;3;11; ;1;3;11; ;1; ;12;272,722789759166
3362272;1;1;1; ; ; ; ; ; ; ; ; ; ; ; ;12;292,76040355551
3362272;1;2;1; ; ; ; ; ; ; ; ; ; ; ; ;12;292,76040355551
3362272;1;3;1; ; ; ; ; ; ; ; ; ; ; ; ;12;292,76040355551
3362272;1;4;1; ; ; ; ; ; ; ; ; ; ; ; ;12;292,76040355551
3362273;1;1;2;2;18; ;2; ; ;1;2; ; ;1; ;12;47,948648356435
3362273;1;2;1; ; ; ; ; ; ; ; ; ; ; ; ;12;47,948648356435
3362273;1;3;1; ; ; ; ; ; ; ; ; ; ; ; ;12;47,948648356435
3362274;1;1;2;1; ; ;2; ; ;1;2; ; ;1; ;12;76,2121119591339
3362274;1;2;1; ; ; ; ; ; ; ; ; ; ; ; ;12;76,2121119591339
3362274;1;3;1; ; ; ; ; ; ; ; ; ; ; ; ;12;76,2121119591339
3362274;1;4;1; ; ; ; ; ; ; ; ; ; ; ; ;12;76,2121119591339
3362274;1;5;1; ; ; ; ; ; ; ; ; ; ; ; ;12;76,2121119591339
3362275;1;1;1; ; ; ; ; ; ; ; ; ; ; ; ;12;272,722789759166
3362276;1;1;2;2;15; ;3;66; ;1;2; ; ;1; ;12;246,478408791044
3362276;1;2;1; ; ; ; ; ; ; ; ; ; ; ; ;12;246,478408791044
3362276;1;3;1; ; ; ; ; ; ; ; ; ; ; ; ;12;246,478408791044
3362278;1;1;2;2;68; ;2; ; ;1;2; ; ;1; ;12;231,856761254228
3362278;1;2;2;1; ; ;2; ; ;1;2; ; ;1; ;12;231,856761254228
3362278;1;3;2;2;50; ;2; ; ;1;2; ; ;1; ;12;231,856761254228
3362278;1;4;1; ; ; ; ; ; ; ; ; ; ; ; ;12;231,856761254228
3362279;1;1;2;2;66; ;2; ; ;1;2; ; ;1; ;12;272,774314965747
3362279;1;2;2;2;17; ;2; ; ;1;2; ; ;1; ;12;272,774314965747
3362279;1;3;2;2;17; ;2; ; ;1;2; ; ;1; ;12;272,774314965747
3362280;1;1;2;2;52; ;2; ; ;1;2; ; ;1; ;12;306,92895467954
3362280;1;2;1; ; ; ; ; ; ; ; ; ; ; ; ;12;306,92895467954
3362281;1;1;1; ; ; ; ; ; ; ; ; ; ; ; ;12;297,736257794543
3362281;1;2;2;2;17; ;2; ; ;1;2; ; ;1; ;12;297,736257794543
3362281;1;3;1; ; ; ; ; ; ; ; ; ; ; ; ;12;297,736257794543
3362281;1;4;1; ; ; ; ; ; ; ; ; ; ; ; ;12;297,736257794543
3362282;1;1;1; ; ; ; ; ; ; ; ; ; ; ; ;12;113,761636212504
3362282;1;2;2;1; ; ;2; ; ;1;2; ; ;1; ;12;113,761636212504
3362282;1;3;1; ; ; ; ; ; ; ; ; ; ; ; ;12;113,761636212504
3362283;1;1;2;2;15; ;2; ; ;1;2; ; ;1; ;12;74,6333225656565
3362283;1;2;2;2;15; ;2; ; ;1;2; ; ;1; ;12;74,6333225656565
3362284;1;1;2;2;47; ;2; ; ;1;2; ; ;1; ;12;95,7835732674342
3362284;1;2;1; ; ; ; ; ; ; ; ; ; ; ; ;12;95,7835732674342
3362285;1;1;2;1; ; ;3;15; ;1;2; ; ;1; ;12;116,901100493286
3362285;1;2;2;2;15; ;3;15; ;1;2; ; ;1; ;12;116,901100493286
3362285;1;3;1; ; ; ; ; ; ; ; ; ; ; ; ;12;116,901100493286
3362286;1;1;2;2;50; ;3;50; ;1;2; ; ;1; ;12;107,976768562829
3362286;1;2;2;2;41; ;3;50; ;1;2; ; ;1; ;12;107,976768562829
3362286;1;3;2;2;50; ;1; ; ; ;2; ; ;1; ;12;107,976768562829
3362287;1;1;2;2;11; ;3;11; ;1;2; ; ;1; ;12;117,004976567411
3362287;1;2;2;2;11; ;3;11; ;1;2; ; ;1; ;12;117,004976567411
3362288;1;1;1; ; ; ; ; ; ; ; ; ; ; ; ;12;74,0321007719999
3362288;1;2;1; ; ; ; ; ; ; ; ; ; ; ; ;12;74,0321007719999
3362289;1;1;2;2;15; ;2; ; ;1;2; ; ;1; ;12;95,1823514737776
3362289;1;2;1; ; ; ; ; ; ; ; ; ; ; ; ;12;95,1823514737776
3362290;1;1;1; ; ; ; ; ; ; ; ; ; ; ; ;12;113,761636212504
3362290;1;2;1; ; ; ; ; ; ; ; ; ; ; ; ;12;113,761636212504
3362290;1;3;1; ; ; ; ; ; ; ; ; ; ; ; ;12;113,761636212504
3362291;1;1;1; ; ; ; ; ; ; ; ; ; ; ; ;12;128,356304502081
3362291;1;2;1; ; ; ; ; ; ; ; ; ; ; ; ;12;128,356304502081
3362291;1;3;1; ; ; ; ; ; ; ; ; ; ; ; ;12;128,356304502081
3362291;1;4;1; ; ; ; ; ; ; ; ; ; ; ; ;12;128,356304502081
3362291;1;5;1; ; ; ; ; ; ; ; ; ; ; ; ;12;128,356304502081
3362291;1;6;1; ; ; ; ; ; ; ; ; ; ; ; ;12;128,356304502081
3362291;1;7;2;2;15; ;3;15; ;1;3;15; ;1; ;12;128,356304502081
3362292;1;1;1; ; ; ; ; ; ; ; ; ; ; ; ;12;117,004976567411
3362292;1;2;1; ; ; ; ; ; ; ; ; ; ; ; ;12;117,004976567411
3362293;1;1;2;2;08; ;3;08; ;1;2; ; ;1; ;12;145,958885992698
3362293;1;2;2;2;08; ;3;08; ;1;2; ; ;1; ;12;145,958885992698
3362293;1;3;2;2;08; ;3;08; ;1;2; ; ;1; ;12;145,958885992698
3362293;1;4;2;2;08; ;3;08; ;1;2; ; ;1; ;12;145,958885992698
3362293;1;5;2;2;08; ;1; ; ; ;2; ; ;1; ;12;145,958885992698
3362293;1;6;1; ; ; ; ; ; ; ; ; ; ; ; ;12;145,958885992698
3362294;1;1;2;2;15; ;2; ; ;1;2; ; ;1; ;12;96,0380563373106
3362295;1;1;1; ; ; ; ; ; ; ; ; ; ; ; ;12;135,913748346665
3362295;1;2;1; ; ; ; ; ; ; ; ; ; ; ; ;12;135,913748346665
3362295;1;3;1; ; ; ; ; ; ; ; ; ; ; ; ;12;135,913748346665
3362295;1;4;1; ; ; ; ; ; ; ; ; ; ; ; ;12;135,913748346665
3362296;1;1;1; ; ; ; ; ; ; ; ; ; ; ; ;12;113,657760138379
3362296;1;2;1; ; ; ; ; ; ; ; ; ; ; ; ;12;113,657760138379
3362296;1;3;1; ; ; ; ; ; ; ; ; ; ; ; ;12;113,657760138379
3362296;1;4;1; ; ; ; ; ; ; ; ; ; ; ; ;12;113,657760138379
3362297;1;1;2;2;25; ;3;15; ;1;2; ; ;1; ;12;92,4290507154153
3362297;1;2;2;2;15; ;2; ; ;1;2; ; ;1; ;12;92,4290507154153
3362298;1;1;2;2;25; ;2; ; ;1;2; ; ;1; ;12;96,0380563373106
3362299;1;1;1; ; ; ; ; ; ; ; ; ; ; ; ;12;111,220108917736
3362299;1;2;1; ; ; ; ; ; ; ; ; ; ; ; ;12;111,220108917736
3362300;1;1;1; ; ; ; ; ; ; ; ; ; ; ; ;12;73,7776177021235
3362300;1;2;2;2;15; ;2; ; ;1;2; ; ;1; ;12;73,7776177021235
3362300;1;3;1; ; ; ; ; ; ; ; ; ; ; ; ;12;73,7776177021235
3362301;1;1;2;2;15; ;2; ; ;1;2; ; ;1; ;12;96,0380563373106
3362302;1;1;2;2;15; ;2; ; ;1;2; ; ;1; ;12;71,3899822107495
3362302;1;2;1; ; ; ; ; ; ; ; ; ; ; ; ;12;71,3899822107495
3362302;1;3;1; ; ; ; ; ; ; ; ; ; ; ; ;12;71,3899822107495
3362303;1;1;1; ; ; ; ; ; ; ; ; ; ; ; ;12;95,1823514737776
3362303;1;2;1; ; ; ; ; ; ; ; ; ; ; ; ;12;95,1823514737776
3362304;1;1;2;1; ; ;2; ; ;1;2; ; ;1; ;12;210,271376648221
3362304;1;2;1; ; ; ; ; ; ; ; ; ; ; ; ;12;210,271376648221
3362305;1;1;2;2;73; ;2; ; ;1;2; ; ;1; ;12;148,160625781282
3362305;1;2;1; ; ; ; ; ; ; ; ; ; ; ; ;12;148,160625781282
3362306;1;1;1; ; ; ; ; ; ; ; ; ; ; ; ;12;218,591972891064
3362306;1;2;1; ; ; ; ; ; ; ; ; ; ; ; ;12;218,591972891064
3362306;1;3;1; ; ; ; ; ; ; ; ; ; ; ; ;12;218,591972891064
3362307;1;1;1; ; ; ; ; ; ; ; ; ; ; ; ;12;148,160625781282
3362307;1;2;1; ; ; ; ; ; ; ; ; ; ; ; ;12;148,160625781282
3362308;1;1;2;2;73; ;2; ; ;1;2; ; ;1; ;12;309,531846804779
3362308;1;2;2;2;73; ;3;11; ;1;3;50; ;1; ;12;309,531846804779
3362308;1;3;2;2;11; ;2; ; ;1;2; ; ;1; ;12;309,531846804779
3362308;1;4;2;2;11; ;2; ; ;1;2; ; ;1; ;12;309,531846804779
3362309;1;1;2;2;17; ;2; ; ;1;2; ; ;1; ;12;297,298950377946
3362309;1;2;2;2;17; ;2; ; ;1;2; ; ;1; ;12;297,298950377946
3362310;1;1;1; ; ; ; ; ; ; ; ; ; ; ; ;12;236,907407455501
3362310;1;2;2;2;73; ;2; ; ;1;2; ; ;1; ;12;236,907407455501
3362310;1;3;1; ; ; ; ; ; ; ; ; ; ; ; ;12;236,907407455501
3362310;1;4;1; ; ; ; ; ; ; ; ; ; ; ; ;12;236,907407455501
3362310;1;5;1; ; ; ; ; ; ; ; ; ; ; ; ;12;236,907407455501
3362310;1;6;2;2;25; ;2; ; ;1;2; ; ;1; ;12;236,907407455501
3362311;1;1;2;2;73; ;2; ; ;1;2; ; ;1; ;12;190,380274341761
3362312;1;1;2;2;73; ;2; ; ;1;2; ; ;1; ;12;205,744880182321
3362312;1;2;2;2;73; ;2; ; ;1;2; ; ;1; ;12;205,744880182321
3362312;1;3;1; ; ; ; ; ; ; ; ; ; ; ; ;12;205,744880182321
3362312;1;4;1; ; ; ; ; ; ; ; ; ; ; ; ;12;205,744880182321
3362312;1;5;2;2;17; ;2; ; ;1;2; ; ;1; ;12;205,744880182321
3362312;1;6;2;2;17; ;2; ; ;1;2; ; ;1; ;12;205,744880182321
3362313;1;1;2;2;73; ;2; ; ;1;2; ; ;1; ;12;301,143430410311
3362313;1;2;2;1; ; ;4; ;11; ;4; ;11; ;4;12;301,143430410311
3362313;1;3;2;1; ; ;2; ; ;1;3;11; ;1; ;12;301,143430410311
3362314;1;1;2;2;73; ;2; ; ;1;2; ; ;1; ;12;204,783408722208
3362314;1;2;2;2;73; ;2; ; ;1;2; ; ;1; ;12;204,783408722208
3362314;1;3;1; ; ; ; ; ; ; ; ; ; ; ; ;12;204,783408722208
3362315;1;1;2;2;73; ;2; ; ;1;2; ; ;1; ;12;219,7337057393
3362315;1;2;1; ; ; ; ; ; ; ; ; ; ; ; ;12;219,7337057393
3362315;1;3;2;1; ; ;2; ; ;1;2; ; ;1; ;12;219,7337057393
3362315;1;4;1; ; ; ; ; ; ; ; ; ; ; ; ;12;219,7337057393
3362316;1;1;1; ; ; ; ; ; ; ; ; ; ; ; ;12;256,240159119899
3362316;1;2;1; ; ; ; ; ; ; ; ; ; ; ; ;12;256,240159119899
3362316;1;3;1; ; ; ; ; ; ; ; ; ; ; ; ;12;256,240159119899
3362317;1;1;2;2;73; ;2; ; ;1;2; ; ;1; ;12;198,700870584604
3362317;1;2;2;2;73; ;2; ; ;1;2; ; ;1; ;12;198,700870584604
3362318;1;1;2;2;73; ;3;11; ;1;2; ; ;1; ;12;261,953354299779
3362318;1;2;2;2;73; ;3;73; ;1;2; ; ;1; ;12;261,953354299779
3362318;1;3;1; ; ; ; ; ; ; ; ; ; ; ; ;12;261,953354299779
3362319;1;1;2;2;73; ;2; ; ;1;2; ; ;1; ;12;198,700870584604
3362319;1;2;1; ; ; ; ; ; ; ; ; ; ; ; ;12;198,700870584604
3362320;1;1;2;2;76; ;2; ; ;1;2; ; ;1; ;12;277,407848071486
3362321;1;1;2;2;05; ;3;18; ;1;2; ; ;1; ;12;250,157620982296
3362321;1;2;2;1; ; ;2; ; ;1;2; ; ;1; ;12;250,157620982296
3362324;1;1;2;2;19; ;2; ; ;1;2; ; ;1; ;12;207,021466827447
3362324;1;2;2;2;05; ;2; ; ;1;2; ; ;1; ;12;207,021466827447
3362324;1;3;2;2;63; ;2; ; ;1;2; ; ;1; ;12;207,021466827447
3362325;1;1;2;2;73; ;2; ; ;1;2; ; ;1; ;12;288,978354135103
3362326;1;1;2;2;73; ;2; ; ;1;2; ; ;1; ;12;134,543625914321
3362326;1;2;2;2;73; ;2; ; ;1;2; ; ;1; ;12;134,543625914321
3362326;1;3;1; ; ; ; ; ; ; ; ; ; ; ; ;12;134,543625914321
3362327;1;1;2;2;20; ;3;11; ;1;3;11; ;1; ;12;333,301207003931
3362327;1;2;2;2;52; ;3;11; ;1;3;11; ;1; ;12;333,301207003931
3362327;1;3;2;2;20; ;3;11; ;1;3;11; ;1; ;12;333,301207003931
3362327;1;4;2;2;68; ;1; ; ; ;3;11; ;1; ;12;333,301207003931
3362328;1;1;2;2;73; ;2; ; ;1;2; ; ;1; ;12;247,9645287428
3362328;1;2;1; ; ; ; ; ; ; ; ; ; ; ; ;12;247,9645287428
3362328;1;3;1; ; ; ; ; ; ; ; ; ; ; ; ;12;247,9645287428
3362328;1;4;2;2;11; ;2; ; ;1;2; ; ;1; ;12;247,9645287428
3362328;1;5;1; ; ; ; ; ; ; ; ; ; ; ; ;12;247,9645287428
3362329;1;1;1; ; ; ; ; ; ; ; ; ; ; ; ;12;331,044024444496
3362329;1;2;1; ; ; ; ; ; ; ; ; ; ; ; ;12;331,044024444496
3362329;1;3;1; ; ; ; ; ; ; ; ; ; ; ; ;12;331,044024444496
3362329;1;4;1; ; ; ; ; ; ; ; ; ; ; ; ;12;331,044024444496
3362329;1;5;2;1; ; ;2; ; ;1;2; ; ;1; ;12;331,044024444496
3362330;1;1;1; ; ; ; ; ; ; ; ; ; ; ; ;12;284,227814327306
3362330;1;2;1; ; ; ; ; ; ; ; ; ; ; ; ;12;284,227814327306
3362330;1;3;2;1; ; ;2; ; ;1;3;73; ;1; ;12;284,227814327306
3362330;1;4;2;1; ; ;2; ; ;1;4; ;1; ;2;12;284,227814327306
3362331;1;1;1; ; ; ; ; ; ; ; ; ; ; ; ;12;290,120086983339
3362331;1;2;1; ; ; ; ; ; ; ; ; ; ; ; ;12;290,120086983339
3362332;1;1;2;2;41; ;3;73; ;1;2; ; ;1; ;12;276,922775771067
3362332;1;2;2;2;25; ;2; ; ;1;2; ; ;1; ;12;276,922775771067
3362332;1;3;2;2;73; ;2; ; ;1;2; ; ;1; ;12;276,922775771067
3362333;1;1;2;2;68; ;2; ; ;1;2; ; ;1; ;12;218,591972891064
3362333;1;2;2;2;73; ;2; ; ;1;2; ; ;1; ;12;218,591972891064
3362333;1;3;2;1; ; ;3;05; ;1;3;85; ;1; ;12;218,591972891064
3362334;1;1;1; ; ; ; ; ; ; ; ; ; ; ; ;12;943,961842884527
3362334;1;2;1; ; ; ; ; ; ; ; ; ; ; ; ;12;943,961842884527
3362334;1;3;1; ; ; ; ; ; ; ; ; ; ; ; ;12;943,961842884527
3362335;1;1;1; ; ; ; ; ; ; ; ; ; ; ; ;12;1284,84834560559
3362335;1;2;2;2;19; ;2; ; ;1;2; ; ;1; ;12;1284,84834560559
3362335;1;3;1; ; ; ; ; ; ; ; ; ; ; ; ;12;1284,84834560559
3362335;1;4;1; ; ; ; ; ; ; ; ; ; ; ; ;12;1284,84834560559
3362336;1;1;1; ; ; ; ; ; ; ; ; ; ; ; ;12;1202,32256885715
3362336;1;2;2;2;19; ;2; ; ;1;2; ; ;1; ;12;1202,32256885715
3362337;1;1;2;2;76; ;2; ; ;1;2; ; ;1; ;12;816,844336092258
3362337;1;2;2;2;52; ;2; ; ;1;2; ; ;1; ;12;816,844336092258
3362337;1;3;2;2;76; ;2; ; ;1;2; ; ;1; ;12;816,844336092258
3362338;1;1;2;2;52; ;2; ; ;1;2; ; ;1; ;12;1220,45339111053
3362338;1;2;2;2;76; ;2; ; ;1;2; ; ;1; ;12;1220,45339111053
3362338;1;3;2;2;76; ;3;76; ;1;2; ; ;1; ;12;1220,45339111053
3362339;1;1;2;2;19; ;2; ; ;1;2; ; ;1; ;12;737,91739997989
3362340;1;1;2;2;05; ;3;86; ;2;2; ; ;1; ;12;1141,52645499817
3362341;1;1;2;2;76; ;2; ; ;1;2; ; ;1; ;12;1141,52645499817
3362342;1;1;2;2;05; ;2; ; ;1;2; ; ;1; ;12;781,281611723676
3362342;1;2;2;2;52; ;2; ; ;1;2; ; ;1; ;12;781,281611723676
3362342;1;3;1; ; ; ; ; ; ; ; ; ; ; ; ;12;781,281611723676
3362342;1;4;1; ; ; ; ; ; ; ; ; ; ; ; ;12;781,281611723676
3362342;1;5;2;2;05; ;2; ; ;1;2; ; ;1; ;12;781,281611723676
3362343;1;1;2;2;25; ;2; ; ;1;2; ; ;1; ;12;1175,48611270334
3362343;1;2;2;2;76; ;2; ; ;1;2; ; ;1; ;12;1175,48611270334
3362343;1;3;1; ; ; ; ; ; ; ; ; ; ; ; ;12;1175,48611270334
3362344;1;1;1; ; ; ; ; ; ; ; ; ; ; ; ;12;1505,56122102688
3362344;1;2;1; ; ; ; ; ; ; ; ; ; ; ; ;12;1505,56122102688
3362344;1;3;1; ; ; ; ; ; ; ; ; ; ; ; ;12;1505,56122102688
3362344;1;4;1; ; ; ; ; ; ; ; ; ; ; ; ;12;1505,56122102688
3362345;1;1;2;2;19; ;2; ; ;1;2; ; ;1; ;12;879,122804573819
3362345;1;2;2;2;19; ;2; ; ;1;2; ; ;1; ;12;879,122804573819
3362345;1;3;1; ; ; ; ; ; ; ; ; ; ; ; ;12;879,122804573819
3362345;1;4;2;2;76; ;2; ; ;1;2; ; ;1; ;12;879,122804573819
3362345;1;5;1; ; ; ; ; ; ; ; ; ; ; ; ;12;879,122804573819
3362345;1;6;1; ; ; ; ; ; ; ; ; ; ; ; ;12;879,122804573819
3362346;1;1;2;2;73; ;2; ; ;1;2; ; ;1; ;12;718,336617477564
3362346;1;2;1; ; ; ; ; ; ; ; ; ; ; ; ;12;718,336617477564
3362347;1;1;2;2;52; ;3;76; ;1;2; ; ;1; ;12;816,844336092258
3362347;1;2;2;2;52; ;3;76; ;1;2; ; ;1; ;12;816,844336092258
3362347;1;3;2;2;76; ;3;76; ;1;2; ; ;1; ;12;816,844336092258
3362348;1;1;1; ; ; ; ; ; ; ; ; ; ; ; ;12;1003,33935632531
3362348;1;2;1; ; ; ; ; ; ; ; ; ; ; ; ;12;1003,33935632531
3362348;1;3;1; ; ; ; ; ; ; ; ; ; ; ; ;12;1003,33935632531
3362349;1;1;2;2;66; ;2; ; ;1;2; ; ;1; ;12;718,336617477564
3362349;1;2;2;2;66; ;2; ; ;1;2; ; ;1; ;12;718,336617477564
3362350;1;1;2;2;73; ;3;19; ;2;3;19; ;2;4;12;816,844336092258
3362350;1;2;2;2;76; ;3;19; ;2;3;19; ;2;4;12;816,844336092258
3362350;1;3;2;2;76; ;3;19; ;2;3;19; ;2;3;12;816,844336092258
3362351;1;1;2;2;41; ;2; ; ;1;2; ; ;1; ;12;942,543242466333
3362351;1;2;1; ; ; ; ; ; ; ; ; ; ; ; ;12;942,543242466333
3362352;1;1;2;2;76; ;2; ; ;1;2; ; ;1; ;12;1370,71737818463
3362352;1;2;1; ; ; ; ; ; ; ; ; ; ; ; ;12;1370,71737818463
3362352;1;3;1; ; ; ; ; ; ; ; ; ; ; ; ;12;1370,71737818463
3362352;1;4;1; ; ; ; ; ; ; ; ; ; ; ; ;12;1370,71737818463
3362353;1;1;2;2;76; ;2; ; ;1;2; ; ;1; ;12;1578,58732970157
3362353;1;2;1; ; ; ; ; ; ; ; ; ; ; ; ;12;1578,58732970157
3362353;1;3;1; ; ; ; ; ; ; ; ; ; ; ; ;12;1578,58732970157
3362353;1;4;1; ; ; ; ; ; ; ; ; ; ; ; ;12;1578,58732970157
3362353;1;5;1; ; ; ; ; ; ; ; ; ; ; ; ;12;1578,58732970157
3362353;1;6;1; ; ; ; ; ; ; ; ; ; ; ; ;12;1578,58732970157
3362354;1;1;2;2;19; ;3;76; ;1;2; ; ;1; ;12;737,91739997989
3362355;1;1;2;1; ; ;2; ; ;1;2; ; ;1; ;12;1236,28222656232
3362355;1;2;2;2;52; ;3;52; ;1;2; ; ;1; ;12;1236,28222656232
3362355;1;3;1; ; ; ; ; ; ; ; ; ; ; ; ;12;1236,28222656232
3362355;1;4;2;2;52; ;3;52; ;1;2; ; ;1; ;12;1236,28222656232
3362356;1;1;1; ; ; ; ; ; ; ; ; ; ; ; ;12;1064,13547018429
3362356;1;2;1; ; ; ; ; ; ; ; ; ; ; ; ;12;1064,13547018429
3362356;1;3;1; ; ; ; ; ; ; ; ; ; ; ; ;12;1064,13547018429
3362356;1;4;1; ; ; ; ; ; ; ; ; ; ; ; ;12;1064,13547018429
3362357;1;1;2;2;76; ;2; ; ;1;2; ; ;1; ;12;521,509368191736
3362357;1;2;1; ; ; ; ; ; ; ; ; ; ; ; ;12;521,509368191736
3362358;1;1;1; ; ; ; ; ; ; ; ; ; ; ; ;12;922,962459964006
3362358;1;2;2;1; ; ;2; ; ;1;2; ; ;1; ;12;922,962459964006
3362358;1;3;1; ; ; ; ; ; ; ; ; ; ; ; ;12;922,962459964006
3362359;1;1;1; ; ; ; ; ; ; ; ; ; ; ; ;12;1125,54451313191
3362359;1;2;1; ; ; ; ; ; ; ; ; ; ; ; ;12;1125,54451313191
3362360;1;1;2;2;66; ;2; ; ;1;2; ; ;1; ;12;824,454741349311
3362360;1;2;2;2;50; ;2; ; ;1;2; ; ;1; ;12;824,454741349311
3362361;1;1;2;2;11; ;2; ; ;1;2; ; ;1; ;12;796,59702782538
3362361;1;2;2;1; ; ;2; ; ;1;2; ; ;1; ;12;796,59702782538
3362361;1;3;2;2;11; ;2; ; ;1;2; ; ;1; ;12;796,59702782538
3362361;1;4;2;2;11; ;2; ; ;1;2; ; ;1; ;12;796,59702782538
3362362;1;1;2;2;52; ;2; ; ;1;2; ; ;1; ;12;212,446108617164
3362362;1;2;2;2;52; ;2; ; ;1;2; ; ;1; ;12;212,446108617164
3362362;1;3;2;2;52; ;2; ; ;1;2; ; ;1; ;12;212,446108617164
3362362;1;4;1; ; ; ; ; ; ; ; ; ; ; ; ;12;212,446108617164
3362362;1;5;2;2;52; ;2; ; ;1;2; ; ;1; ;12;212,446108617164
3362363;1;1;2;2;52; ;2; ; ;1;2; ; ;1; ;12;270,953401653879
3362363;1;2;2;2;52; ;2; ; ;1;2; ; ;1; ;12;270,953401653879
3362363;1;3;1; ; ; ; ; ; ; ; ; ; ; ; ;12;270,953401653879
3362363;1;4;1; ; ; ; ; ; ; ; ; ; ; ; ;12;270,953401653879
3362363;1;5;1; ; ; ; ; ; ; ; ; ; ; ; ;12;270,953401653879
3362363;1;6;1; ; ; ; ; ; ; ; ; ; ; ; ;12;270,953401653879
3362363;1;7;1; ; ; ; ; ; ; ; ; ; ; ; ;12;270,953401653879
3362363;1;8;1; ; ; ; ; ; ; ; ; ; ; ; ;12;270,953401653879
3362363;1;9;1; ; ; ; ; ; ; ; ; ; ; ; ;12;270,953401653879
3362363;1;10;1; ; ; ; ; ; ; ; ; ; ; ; ;12;270,953401653879
3362363;1;11;1; ; ; ; ; ; ; ; ; ; ; ; ;12;270,953401653879
3362363;1;12;2;2;52; ;2; ; ;1;2; ; ;1; ;12;270,953401653879
3362363;1;13;1; ; ; ; ; ; ; ; ; ; ; ; ;12;270,953401653879
3362363;1;14;1; ; ; ; ; ; ; ; ; ; ; ; ;12;270,953401653879
3362363;1;15;2;2;52; ;2; ; ;1;2; ; ;1; ;12;270,953401653879
3362364;1;1;1; ; ; ; ; ; ; ; ; ; ; ; ;12;220,481385510445
3362364;1;2;2;2;52; ;2; ; ;1;2; ; ;1; ;12;220,481385510445
3362364;1;3;1; ; ; ; ; ; ; ; ; ; ; ; ;12;220,481385510445
3362364;1;4;1; ; ; ; ; ; ; ; ; ; ; ; ;12;220,481385510445
3362364;1;5;1; ; ; ; ; ; ; ; ; ; ; ; ;12;220,481385510445
3362365;1;1;1; ; ; ; ; ; ; ; ; ; ; ; ;12;261,682677083442
3362365;1;2;1; ; ; ; ; ; ; ; ; ; ; ; ;12;261,682677083442
3362365;1;3;1; ; ; ; ; ; ; ; ; ; ; ; ;12;261,682677083442
3362365;1;4;1; ; ; ; ; ; ; ; ; ; ; ; ;12;261,682677083442
3362365;1;5;1; ; ; ; ; ; ; ; ; ; ; ; ;12;261,682677083442
3362366;1;1;2;2;52; ;2; ; ;1;2; ; ;1; ;12;148,174154588492
3362369;1;1;2;2;52; ;2; ; ;1;2; ; ;1; ;12;268,182242158782
3362369;1;2;2;2;52; ;2; ; ;1;2; ; ;1; ;12;268,182242158782
3362369;1;3;1; ; ; ; ; ; ; ; ; ; ; ; ;12;268,182242158782
3362369;1;4;1; ; ; ; ; ; ; ; ; ; ; ; ;12;268,182242158782
3362370;1;1;2;2;52; ;2; ; ;1;2; ; ;1; ;12;208,694430681594
3362370;1;2;1; ; ; ; ; ; ; ; ; ; ; ; ;12;208,694430681594
3362370;1;3;1; ; ; ; ; ; ; ; ; ; ; ; ;12;208,694430681594
3362370;1;4;1; ; ; ; ; ; ; ; ; ; ; ; ;12;208,694430681594
3362370;1;5;1; ; ; ; ; ; ; ; ; ; ; ; ;12;208,694430681594
3362371;1;1;2;2;52; ;2; ; ;1;2; ; ;1; ;12;204,844592981345
3362371;1;2;1; ; ; ; ; ; ; ; ; ; ; ; ;12;204,844592981345
3362371;1;3;1; ; ; ; ; ; ; ; ; ; ; ; ;12;204,844592981345
3362372;1;1;1; ; ; ; ; ; ; ; ; ; ; ; ;12;196,013939854117
3362372;1;2;1; ; ; ; ; ; ; ; ; ; ; ; ;12;196,013939854117
3362372;1;3;1; ; ; ; ; ; ; ; ; ; ; ; ;12;196,013939854117
3362375;1;1;1; ; ; ; ; ; ; ; ; ; ; ; ;12;156,564552862351
3362375;1;2;1; ; ; ; ; ; ; ; ; ; ; ; ;12;156,564552862351
3362376;1;1;1; ; ; ; ; ; ; ; ; ; ; ; ;12;228,939955087514
3362376;1;2;1; ; ; ; ; ; ; ; ; ; ; ; ;12;228,939955087514
3362376;1;3;1; ; ; ; ; ; ; ; ; ; ; ; ;12;228,939955087514
3362376;1;4;1; ; ; ; ; ; ; ; ; ; ; ; ;12;228,939955087514
3362378;1;1;1; ; ; ; ; ; ; ; ; ; ; ; ;12;200,612190261929
3362378;1;2;1; ; ; ; ; ; ; ; ; ; ; ; ;12;200,612190261929
3362379;1;1;1; ; ; ; ; ; ; ; ; ; ; ; ;12;156,749802873599
3362379;1;2;2;2;52; ;2; ; ;1;2; ; ;1; ;12;156,749802873599
3362379;1;3;1; ; ; ; ; ; ; ; ; ; ; ; ;12;156,749802873599
3362379;1;4;2;2;52; ;2; ; ;1;2; ; ;1; ;12;156,749802873599
3362379;1;5;1; ; ; ; ; ; ; ; ; ; ; ; ;12;156,749802873599
3362380;1;1;1; ; ; ; ; ; ; ; ; ; ; ; ;12;191,660212819417
3362380;1;2;2;2;52; ;2; ; ;1;2; ; ;1; ;12;191,660212819417
3362381;1;1;2;2;52; ;2; ; ;1;2; ; ;1; ;12;162,22891390569
3362381;1;2;2;2;52; ;2; ; ;1;2; ; ;1; ;12;162,22891390569
3362383;1;1;2;2;52; ;2; ; ;1;2; ; ;1; ;12;170,057733010896
3362383;1;2;2;2;52; ;2; ; ;1;2; ; ;1; ;12;170,057733010896
3362383;1;3;2;2;52; ;2; ; ;1;2; ; ;1; ;12;170,057733010896
3362383;1;4;1; ; ; ; ; ; ; ; ; ; ; ; ;12;170,057733010896
3362384;1;1;1; ; ; ; ; ; ; ; ; ; ; ; ;12;141,1130103445
3362384;1;2;2;1; ; ;2; ; ;1;2; ; ;1; ;12;141,1130103445
3362384;1;3;1; ; ; ; ; ; ; ; ; ; ; ; ;12;141,1130103445
3362387;1;1;2;2;76; ;2; ; ;1;2; ; ;1; ;12;235,707850218995
3362387;1;2;2;2;52; ;2; ; ;1;2; ; ;1; ;12;235,707850218995
3362388;1;1;1; ; ; ; ; ; ; ; ; ; ; ; ;12;220,296135499196
3362388;1;2;1; ; ; ; ; ; ; ; ; ; ; ; ;12;220,296135499196
3362390;1;1;2;2;52; ;2; ; ;1;2; ; ;1; ;12;192,22179198807
3362391;1;1;2;1; ; ;2; ; ;1;2; ; ;1; ;12;226,006817936496
3362391;1;2;2;2;70; ;2; ; ;1;2; ; ;1; ;12;226,006817936496
3362395;1;1;2;2;19; ;2; ; ;1;2; ; ;1; ;12;218,945673692504
3362395;1;2;2;2;19; ;2; ; ;1;2; ; ;1; ;12;218,945673692504
3362395;1;3;2;1; ; ;2; ; ;1;2; ; ;1; ;12;218,945673692504
3362395;1;4;2;1; ; ;2; ; ;1;2; ; ;1; ;12;218,945673692504
3362396;1;1;1; ; ; ; ; ; ; ; ; ; ; ; ;12;191,660212819417
3362396;1;2;1; ; ; ; ; ; ; ; ; ; ; ; ;12;191,660212819417
3362397;1;1;2;2;52; ;2; ; ;1;2; ; ;1; ;12;183,803692341477
3362397;1;2;2;2;52; ;2; ; ;1;2; ; ;1; ;12;183,803692341477
3362397;1;3;2;2;52; ;2; ; ;1;2; ; ;1; ;12;183,803692341477
3362397;1;4;2;2;52; ;3;52; ;2;2; ; ;1; ;12;183,803692341477
3362398;1;1;2;2;52; ;2; ; ;1;2; ; ;1; ;12;148,174154588492
3362399;1;1;2;2;52; ;3;52; ;1;2; ; ;1; ;12;205,406172149998
3362399;1;2;2;2;52; ;3;52; ;1;2; ; ;1; ;12;205,406172149998
3362402;1;1;2;2;52; ;2; ; ;1;2; ; ;1; ;12;162,22891390569
3362402;1;2;2;2;52; ;2; ; ;1;2; ; ;1; ;12;162,22891390569
3362403;1;1;1; ; ; ; ; ; ; ; ; ; ; ; ;12;235,707850218995
3362403;1;2;1; ; ; ; ; ; ; ; ; ; ; ; ;12;235,707850218995
3362404;1;1;1; ; ; ; ; ; ; ; ; ; ; ; ;12;175,413294067618
3362404;1;2;1; ; ; ; ; ; ; ; ; ; ; ; ;12;175,413294067618
3362404;1;3;1; ; ; ; ; ; ; ; ; ; ; ; ;12;175,413294067618
3362405;1;1;2;2;52; ;2; ; ;1;2; ; ;1; ;12;883,165729025546
3362405;1;2;2;2;11; ;2; ; ;1;2; ; ;1; ;12;883,165729025546
3362406;1;1;1; ; ; ; ; ; ; ; ; ; ; ; ;12;1175,48611270334
3362406;1;2;2;2;66; ;2; ; ;1;2; ; ;1; ;12;1175,48611270334
3362406;1;3;1; ; ; ; ; ; ; ; ; ; ; ; ;12;1175,48611270334
3362407;1;1;1; ; ; ; ; ; ; ; ; ; ; ; ;12;638,860506480946
3362407;1;2;2;2;63; ;2; ; ;1;2; ; ;1; ;12;638,860506480946
3362407;1;3;1; ; ; ; ; ; ; ; ; ; ; ; ;12;638,860506480946
3362407;1;4;1; ; ; ; ; ; ; ; ; ; ; ; ;12;638,860506480946
3362408;1;1;1; ; ; ; ; ; ; ; ; ; ; ; ;12;1041,05096108103
3362408;1;2;1; ; ; ; ; ; ; ; ; ; ; ; ;12;1041,05096108103
3362408;1;3;1; ; ; ; ; ; ; ; ; ; ; ; ;12;1041,05096108103
3362409;1;1;1; ; ; ; ; ; ; ; ; ; ; ; ;12;1566,35733488586
3362409;1;2;1; ; ; ; ; ; ; ; ; ; ; ; ;12;1566,35733488586
3362409;1;3;1; ; ; ; ; ; ; ; ; ; ; ; ;12;1566,35733488586
3362409;1;4;1; ; ; ; ; ; ; ; ; ; ; ; ;12;1566,35733488586
3362409;1;5;1; ; ; ; ; ; ; ; ; ; ; ; ;12;1566,35733488586
3362410;1;1;1; ; ; ; ; ; ; ; ; ; ; ; ;12;824,454741349311
3362410;1;2;2;2;19; ;2; ; ;1;2; ; ;1; ;12;824,454741349311
3362411;1;1;2;2;73; ;2; ; ;1;2; ; ;1; ;12;1094,60137832199
3362411;1;2;2;2;19; ;2; ; ;1;2; ; ;1; ;12;1094,60137832199
3362411;1;3;1; ; ; ; ; ; ; ; ; ; ; ; ;12;1094,60137832199
3362411;1;4;1; ; ; ; ; ; ; ; ; ; ; ; ;12;1094,60137832199
3362411;1;5;1; ; ; ; ; ; ; ; ; ; ; ; ;12;1094,60137832199
3362411;1;6;1; ; ; ; ; ; ; ; ; ; ; ; ;12;1094,60137832199
3362412;1;1;2;2;54; ;2; ; ;1;2; ; ;1; ;12;1142,45785171067
3362412;1;2;2;2;23; ;2; ; ;1;2; ; ;1; ;12;1142,45785171067
3362412;1;3;1; ; ; ; ; ; ; ; ; ; ; ; ;12;1142,45785171067
3362412;1;4;1; ; ; ; ; ; ; ; ; ; ; ; ;12;1142,45785171067
3362412;1;5;1; ; ; ; ; ; ; ; ; ; ; ; ;12;1142,45785171067
3362412;2;1;1; ; ; ; ; ; ; ; ; ; ; ; ;12;1142,45785171067
3362413;1;1;1; ; ; ; ; ; ; ; ; ; ; ; ;12;1081,59976667313
3362413;1;2;2;2;52; ;3;86; ;1;2; ; ;1; ;12;1081,59976667313
3362413;1;3;1; ; ; ; ; ; ; ; ; ; ; ; ;12;1081,59976667313
3362413;1;4;1; ; ; ; ; ; ; ; ; ; ; ; ;12;1081,59976667313
3362413;1;5;1; ; ; ; ; ; ; ; ; ; ; ; ;12;1081,59976667313
3362414;1;1;1; ; ; ; ; ; ; ; ; ; ; ; ;12;1216,70144405999
3362414;1;2;2;1; ; ;2; ; ;1;2; ; ;1; ;12;1216,70144405999
3362414;1;3;1; ; ; ; ; ; ; ; ; ; ; ; ;12;1216,70144405999
3362414;1;4;1; ; ; ; ; ; ; ; ; ; ; ; ;12;1216,70144405999
3362414;1;5;1; ; ; ; ; ; ; ; ; ; ; ; ;12;1216,70144405999
3362415;1;1;2;2;76; ;2; ; ;1;2; ; ;1; ;12;718,336617477564
3362415;1;2;2;2;76; ;2; ; ;1;2; ; ;1; ;12;718,336617477564
3362416;1;1;1; ; ; ; ; ; ; ; ; ; ; ; ;12;1057,39761158631
3362416;1;2;1; ; ; ; ; ; ; ; ; ; ; ; ;12;1057,39761158631
3362416;1;3;1; ; ; ; ; ; ; ; ; ; ; ; ;12;1057,39761158631
3362417;1;1;1; ; ; ; ; ; ; ; ; ; ; ; ;12;1338,90660086659
3362417;1;2;1; ; ; ; ; ; ; ; ; ; ; ; ;12;1338,90660086659
3362417;1;3;1; ; ; ; ; ; ; ; ; ; ; ; ;12;1338,90660086659
3362417;1;4;1; ; ; ; ; ; ; ; ; ; ; ; ;12;1338,90660086659
3362418;1;1;1; ; ; ; ; ; ; ; ; ; ; ; ;12;1076,97839408864
3362418;1;2;1; ; ; ; ; ; ; ; ; ; ; ; ;12;1076,97839408864
3362419;1;1;1; ; ; ; ; ; ; ; ; ; ; ; ;12;1456,99510198361
3362419;1;2;2;2;76; ;2; ; ;1;2; ; ;1; ;12;1456,99510198361
3362419;1;3;1; ; ; ; ; ; ; ; ; ; ; ; ;12;1456,99510198361
3362419;1;4;1; ; ; ; ; ; ; ; ; ; ; ; ;12;1456,99510198361
3362420;1;1;2;2;76; ;2; ; ;1;2; ; ;1; ;12;538,934187448057
3362420;1;2;2;2;76; ;2; ; ;1;2; ; ;1; ;12;538,934187448057
3362421;1;1;2;1; ; ;2; ; ;1;2; ; ;1; ;12;79,6008704641169
3362421;1;2;1; ; ; ; ; ; ; ; ; ; ; ; ;12;79,6008704641169
3362422;1;1;2;2;63; ;2; ; ;1;2; ; ;1; ;12;123,826571263913
3362422;1;2;2;2;63; ;2; ; ;1;2; ; ;1; ;12;123,826571263913
3362423;1;1;1; ; ; ; ; ; ; ; ; ; ; ; ;12;147,976865700967
3362423;1;2;1; ; ; ; ; ; ; ; ; ; ; ; ;12;147,976865700967
3362423;1;3;1; ; ; ; ; ; ; ; ; ; ; ; ;12;147,976865700967
3362423;1;4;1; ; ; ; ; ; ; ; ; ; ; ; ;12;147,976865700967
3362425;1;1;2;2;18; ;2; ; ;1;2; ; ;1; ;12;94,4881565533586
3362425;1;2;2;2;18; ;2; ; ;1;2; ; ;1; ;12;94,4881565533586
3362426;1;1;2;2;17; ;2; ; ;1;2; ; ;1; ;12;154,878245850266
3362426;1;2;2;2;17; ;2; ; ;1;2; ; ;1; ;12;154,878245850266
3362426;1;3;1; ; ; ; ; ; ; ; ; ; ; ; ;12;154,878245850266
3362427;1;1;2;2;66; ;2; ; ;1;2; ; ;1; ;12;125,276693283829
3362427;1;2;2;2;25; ;3;63; ;1;2; ; ;1; ;12;125,276693283829
3362427;1;3;2;1; ; ;3;63; ;1;2; ; ;1; ;12;125,276693283829
3362427;1;4;2;2;63; ;2; ; ;1;2; ; ;1; ;12;125,276693283829
3362427;1;5;1; ; ; ; ; ; ; ; ; ; ; ; ;12;125,276693283829
3362427;1;6;2;2;63; ;3;63; ;1;3;27; ;1; ;12;125,276693283829
3362428;1;1;1; ; ; ; ; ; ; ; ; ; ; ; ;12;123,826571263913
3362428;1;2;1; ; ; ; ; ; ; ; ; ; ; ; ;12;123,826571263913
3362429;1;1;1; ; ; ; ; ; ; ; ; ; ; ; ;12;126,027212275068
3362429;1;2;2;2;76; ;2; ; ;1;2; ; ;1; ;12;126,027212275068
3362429;1;3;1; ; ; ; ; ; ; ; ; ; ; ; ;12;126,027212275068
3362430;1;1;2;2;25; ;3;11; ;1;2; ; ;1; ;12;135,271875871941
3362430;1;2;2;2;76; ;3;11; ;1;2; ; ;1; ;12;135,271875871941
3362430;1;3;2;2;11; ;3;11; ;1;2; ; ;1; ;12;135,271875871941
3362431;1;1;2;2;76; ;2; ; ;1;2; ; ;1; ;12;92,2875155422036
3362432;1;1;1; ; ; ; ; ; ; ; ; ; ; ; ;12;175,912952754104
3362432;1;2;2;2;76; ;2; ; ;1;2; ; ;1; ;12;175,912952754104
3362432;1;3;1; ; ; ; ; ; ; ; ; ; ; ; ;12;175,912952754104
3362432;1;4;2;2;17; ;2; ; ;1;2; ; ;1; ;12;175,912952754104
3362433;1;1;2;2;76; ;2; ; ;1;2; ; ;1; ;12;118,364243105217
3362434;1;1;2;2;76; ;2; ; ;1;2; ; ;1; ;12;79,1062146071348
3362434;1;2;1; ; ; ; ; ; ; ; ; ; ; ; ;12;79,1062146071348
3362434;1;3;1; ; ; ; ; ; ; ; ; ; ; ; ;12;79,1062146071348
3362434;1;4;2;2;76; ;2; ; ;1;2; ; ;1; ;12;79,1062146071348
3362434;1;5;1; ; ; ; ; ; ; ; ; ; ; ; ;12;79,1062146071348
3362434;1;6;1; ; ; ; ; ; ; ; ; ; ; ; ;12;79,1062146071348
3362436;1;1;1; ; ; ; ; ; ; ; ; ; ; ; ;12;76,2615675229911
3362436;1;2;1; ; ; ; ; ; ; ; ; ; ; ; ;12;76,2615675229911
3362436;1;3;2;2;41; ;2; ; ;1;2; ; ;1; ;12;76,2615675229911
3362437;1;1;1; ; ; ; ; ; ; ; ; ; ; ; ;12;71,0930308368775
3362437;1;2;1; ; ; ; ; ; ; ; ; ; ; ; ;12;71,0930308368775
3362437;1;3;1; ; ; ; ; ; ; ; ; ; ; ; ;12;71,0930308368775
3362437;1;4;1; ; ; ; ; ; ; ; ; ; ; ; ;12;71,0930308368775
3362437;1;5;1; ; ; ; ; ; ; ; ; ; ; ; ;12;71,0930308368775
3362437;1;6;1; ; ; ; ; ; ; ; ; ; ; ; ;12;71,0930308368775
3362438;1;1;1; ; ; ; ; ; ; ; ; ; ; ; ;12;75,1286696433218
3362438;1;2;2;2;76; ;2; ; ;1;2; ; ;1; ;12;75,1286696433218
3362439;1;1;2;2;73; ;3;11; ;1;2; ; ;1; ;12;77,2709639134748
3362439;1;2;1; ; ; ; ; ; ; ; ; ; ; ; ;12;77,2709639134748
3362439;1;3;2;2;11; ;2; ; ;1;2; ; ;1; ;12;77,2709639134748
3362439;1;4;1; ; ; ; ; ; ; ; ; ; ; ; ;12;77,2709639134748
3362439;1;5;1; ; ; ; ; ; ; ; ; ; ; ; ;12;77,2709639134748
3362440;1;1;2;2;47; ;2; ; ;1;2; ; ;1; ;12;180,94558529907
3362440;1;2;2;2;47; ;2; ; ;1;2; ; ;1; ;12;180,94558529907
3362441;1;1;1; ; ; ; ; ; ; ; ; ; ; ; ;12;157,643736913565
3362441;1;2;1; ; ; ; ; ; ; ; ; ; ; ; ;12;157,643736913565
3362442;1;1;2;2;23; ;3;44; ;1;2; ; ;1; ;12;180,955900595855
3362443;1;1;1; ; ; ; ; ; ; ; ; ; ; ; ;12;191,12405707052
3362444;1;1;1; ; ; ; ; ; ; ; ; ; ; ; ;12;192,728850409236
3362444;1;2;2;2;44; ;2; ; ;1;2; ; ;1; ;12;192,728850409236
3362444;1;3;1; ; ; ; ; ; ; ; ; ; ; ; ;12;192,728850409236
3362444;1;4;2;2;44; ;2; ; ;1;2; ; ;1; ;12;192,728850409236
3362445;1;1;2;2;47; ;2; ; ;1;2; ; ;1; ;12;188,575192009044
3362445;1;2;2;2;20; ;2; ; ;1;2; ; ;1; ;12;188,575192009044
3362445;1;3;2;2;47; ;2; ; ;1;2; ; ;1; ;12;188,575192009044
3362445;1;4;2;2;47; ;2; ; ;1;2; ; ;1; ;12;188,575192009044
3362445;1;5;2;2;47; ;2; ; ;1;2; ; ;1; ;12;188,575192009044
3362446;1;1;1; ; ; ; ; ; ; ; ; ; ; ; ;12;169,311735989203
3362446;1;2;2;2;44; ;2; ; ;1;2; ; ;1; ;12;169,311735989203
3362446;1;3;1; ; ; ; ; ; ; ; ; ; ; ; ;12;169,311735989203
3362447;1;1;1; ; ; ; ; ; ; ; ; ; ; ; ;12;122,826892862281
3362447;1;2;2;2;47; ;2; ; ;1;2; ; ;1; ;12;122,826892862281
3362447;1;3;1; ; ; ; ; ; ; ; ; ; ; ; ;12;122,826892862281
3362447;1;4;1; ; ; ; ; ; ; ; ; ; ; ; ;12;122,826892862281
3362448;1;1;1; ; ; ; ; ; ; ; ; ; ; ; ;12;205,597449338397
3362448;1;2;1; ; ; ; ; ; ; ; ; ; ; ; ;12;205,597449338397
3362449;1;1;1; ; ; ; ; ; ; ; ; ; ; ; ;12;169,311735989203
3362449;1;2;2;1; ; ;2; ; ;1;2; ; ;1; ;12;169,311735989203
3362449;1;3;1; ; ; ; ; ; ; ; ; ; ; ; ;12;169,311735989203
3362450;1;1;1; ; ; ; ; ; ; ; ; ; ; ; ;12;114,280350005265
3362450;1;2;1; ; ; ; ; ; ; ; ; ; ; ; ;12;114,280350005265
3362450;1;3;1; ; ; ; ; ; ; ; ; ; ; ; ;12;114,280350005265
3362450;1;4;1; ; ; ; ; ; ; ; ; ; ; ; ;12;114,280350005265
3362451;1;1;2;2;23; ;2; ; ;1;2; ; ;1; ;12;172,399042442054
3362451;1;2;1; ; ; ; ; ; ; ; ; ; ; ; ;12;172,399042442054
3362452;1;1;2;1; ; ;3;47; ;1;2; ; ;1; ;12;169,311735989203
3362452;1;2;2;2;44; ;3;47; ;1;2; ; ;1; ;12;169,311735989203
3362452;1;3;2;1; ; ;3;47; ;1;2; ; ;1; ;12;169,311735989203
3362453;1;1;1; ; ; ; ; ; ; ; ; ; ; ; ;12;197,030275887811
3362453;1;2;2;2;13; ;2; ; ;1;2; ; ;1; ;12;197,030275887811
3362453;1;3;1; ; ; ; ; ; ; ; ; ; ; ; ;12;197,030275887811
3362453;1;4;1; ; ; ; ; ; ; ; ; ; ; ; ;12;197,030275887811
3362454;1;1;2;2;11; ;2; ; ;1;2; ; ;1; ;12;162,33901316784
3362454;1;2;2;2;11; ;2; ; ;1;2; ; ;1; ;12;162,33901316784
3362454;1;3;2;2;11; ;3;11; ;1;3;11; ;1; ;12;162,33901316784
3362454;1;4;2;2;11; ;3;68; ;1;3;68; ;1; ;12;162,33901316784
3362454;1;5;2;2;68; ;2; ; ;1;2; ; ;1; ;12;162,33901316784
3362454;1;6;2;2;11; ;2; ; ;1;2; ; ;1; ;12;162,33901316784
3362457;1;1;1; ; ; ; ; ; ; ; ; ; ; ; ;12;191,12405707052
3362458;1;1;1; ; ; ; ; ; ; ; ; ; ; ; ;12;191,12405707052
3362459;1;1;1; ; ; ; ; ; ; ; ; ; ; ; ;12;170,780605287113
3362459;1;2;1; ; ; ; ; ; ; ; ; ; ; ; ;12;170,780605287113
3362459;1;3;1; ; ; ; ; ; ; ; ; ; ; ; ;12;170,780605287113
3362459;1;4;1; ; ; ; ; ; ; ; ; ; ; ; ;12;170,780605287113
3362460;1;1;1; ; ; ; ; ; ; ; ; ; ; ; ;12;135,970900069906
3362460;1;2;1; ; ; ; ; ; ; ; ; ; ; ; ;12;135,970900069906
3362460;1;3;1; ; ; ; ; ; ; ; ; ; ; ; ;12;135,970900069906
3362461;1;1;2;2;76; ;2; ; ;1;2; ; ;1; ;12;156,317528316021
3362461;1;2;1; ; ; ; ; ; ; ; ; ; ; ; ;12;156,317528316021
3362464;1;1;1; ; ; ; ; ; ; ; ; ; ; ; ;12;191,12405707052
3362465;1;1;1; ; ; ; ; ; ; ; ; ; ; ; ;12;221,678990877138
3362465;1;2;1; ; ; ; ; ; ; ; ; ; ; ; ;12;221,678990877138
3362465;1;3;1; ; ; ; ; ; ; ; ; ; ; ; ;12;221,678990877138
3362465;1;4;1; ; ; ; ; ; ; ; ; ; ; ; ;12;221,678990877138
3362465;1;5;1; ; ; ; ; ; ; ; ; ; ; ; ;12;221,678990877138
3362468;1;1;2;2;15; ;2; ; ;1;2; ; ;1; ;12;95,1823514737776
3362468;1;2;2;2;15; ;2; ; ;1;2; ; ;1; ;12;95,1823514737776
3362469;1;1;2;2;68; ;2; ; ;1;2; ; ;1; ;12;98,4002744757462
3362469;1;2;1; ; ; ; ; ; ; ; ; ; ; ; ;12;98,4002744757462
3362469;1;3;1; ; ; ; ; ; ; ; ; ; ; ; ;12;98,4002744757462
3362469;1;4;1; ; ; ; ; ; ; ; ; ; ; ; ;12;98,4002744757462
3362470;1;1;1; ; ; ; ; ; ; ; ; ; ; ; ;12;117,004976567411
3362470;1;2;1; ; ; ; ; ; ; ; ; ; ; ; ;12;117,004976567411
3362471;1;1;1; ; ; ; ; ; ; ; ; ; ; ; ;12;117,004976567411
3362471;1;2;1; ; ; ; ; ; ; ; ; ; ; ; ;12;117,004976567411
3362472;1;1;1; ; ; ; ; ; ; ; ; ; ; ; ;12;81,760585581966
3362472;1;2;1; ; ; ; ; ; ; ; ; ; ; ; ;12;81,760585581966
3362472;1;3;1; ; ; ; ; ; ; ; ; ; ; ; ;12;81,760585581966
3362472;1;4;1; ; ; ; ; ; ; ; ; ; ; ; ;12;81,760585581966
3362472;1;5;1; ; ; ; ; ; ; ; ; ; ; ; ;12;81,760585581966
3362473;1;1;2;2;15; ;2; ; ;1;2; ; ;1; ;12;73,7776177021235
3362473;1;2;2;2;15; ;2; ; ;1;2; ; ;1; ;12;73,7776177021235
3362473;1;3;1; ; ; ; ; ; ; ; ; ; ; ; ;12;73,7776177021235
3362474;1;1;1; ; ; ; ; ; ; ; ; ; ; ; ;12;136,769453210198
3362474;1;2;1; ; ; ; ; ; ; ; ; ; ; ; ;12;136,769453210198
3362474;1;3;1; ; ; ; ; ; ; ; ; ; ; ; ;12;136,769453210198
3362475;1;1;1; ; ; ; ; ; ; ; ; ; ; ; ;12;189,9980420042
3362475;1;2;1; ; ; ; ; ; ; ; ; ; ; ; ;12;189,9980420042
3362475;1;3;1; ; ; ; ; ; ; ; ; ; ; ; ;12;189,9980420042
3362476;1;1;2;2;15; ;2; ; ;1;2; ; ;1; ;12;193,070804113685
3362476;1;2;1; ; ; ; ; ; ; ; ; ; ; ; ;12;193,070804113685
3362478;1;1;1; ; ; ; ; ; ; ; ; ; ; ; ;12;107,976768562829
3362478;1;2;1; ; ; ; ; ; ; ; ; ; ; ; ;12;107,976768562829
3362478;1;3;1; ; ; ; ; ; ; ; ; ; ; ; ;12;107,976768562829
3362479;1;1;1; ; ; ; ; ; ; ; ; ; ; ; ;12;127,271703864503
3362479;1;2;1; ; ; ; ; ; ; ; ; ; ; ; ;12;127,271703864503
3362479;1;3;1; ; ; ; ; ; ; ; ; ; ; ; ;12;127,271703864503
3362479;1;4;1; ; ; ; ; ; ; ; ; ; ; ; ;12;127,271703864503
3362479;1;5;1; ; ; ; ; ; ; ; ; ; ; ; ;12;127,271703864503
3362480;1;1;1; ; ; ; ; ; ; ; ; ; ; ; ;12;263,171614708358
3362480;1;2;1; ; ; ; ; ; ; ; ; ; ; ; ;12;263,171614708358
3362480;1;3;1; ; ; ; ; ; ; ; ; ; ; ; ;12;263,171614708358
3362481;1;1;1; ; ; ; ; ; ; ; ; ; ; ; ;12;198,785157778659
3362482;1;1;2;2;68; ;3;68; ;1;2; ; ;1; ;12;142,779964421499
3362482;1;2;2;2;68; ;3;68; ;1;2; ; ;1; ;12;142,779964421499
3362482;1;3;2;2;68; ;3;68; ;1;2; ; ;1; ;12;142,779964421499
3362484;1;1;2;2;15; ;2; ; ;1;2; ; ;1; ;12;106,050300564526
3362484;1;2;2;2;15; ;2; ; ;1;2; ; ;1; ;12;106,050300564526
3362484;1;3;2;2;15; ;2; ; ;1;2; ; ;1; ;12;106,050300564526
3362484;1;4;1; ; ; ; ; ; ; ; ; ; ; ; ;12;106,050300564526
3362484;1;5;1; ; ; ; ; ; ; ; ; ; ; ; ;12;106,050300564526
3362485;1;1;2;2;15; ;2; ; ;1;2; ; ;1; ;12;133,056571514178
3362485;1;2;2;2;15; ;2; ; ;1;2; ; ;1; ;12;133,056571514178
3362485;1;3;1; ; ; ; ; ; ; ; ; ; ; ; ;12;133,056571514178
3362485;1;4;1; ; ; ; ; ; ; ; ; ; ; ; ;12;133,056571514178
3362485;1;5;1; ; ; ; ; ; ; ; ; ; ; ; ;12;133,056571514178
3362486;1;1;1; ; ; ; ; ; ; ; ; ; ; ; ;12;113,761636212504
3362486;1;2;1; ; ; ; ; ; ; ; ; ; ; ; ;12;113,761636212504
3362486;1;3;1; ; ; ; ; ; ; ; ; ; ; ; ;12;113,761636212504
3362487;1;1;2;1; ; ;2; ; ;1;2; ; ;1; ;12;93,2920617019356
3362487;1;2;1; ; ; ; ; ; ; ; ; ; ; ; ;12;93,2920617019356
3362487;1;3;1; ; ; ; ; ; ; ; ; ; ; ; ;12;93,2920617019356
3362488;1;1;2;2;15; ;2; ; ;1;2; ; ;1; ;12;128,238590925148
3362488;1;2;2;2;15; ;2; ; ;1;2; ; ;1; ;12;128,238590925148
3362488;1;3;1; ; ; ; ; ; ; ; ; ; ; ; ;12;128,238590925148
3362488;1;4;1; ; ; ; ; ; ; ; ; ; ; ; ;12;128,238590925148
3362488;1;5;1; ; ; ; ; ; ; ; ; ; ; ; ;12;128,238590925148
3362489;1;1;1; ; ; ; ; ; ; ; ; ; ; ; ;12;96,431525982718
3362489;1;2;1; ; ; ; ; ; ; ; ; ; ; ; ;12;96,431525982718
3362489;1;3;1; ; ; ; ; ; ; ; ; ; ; ; ;12;96,431525982718
3362490;1;1;1; ; ; ; ; ; ; ; ; ; ; ; ;12;59,0812599484331
3362490;1;2;1; ; ; ; ; ; ; ; ; ; ; ; ;12;59,0812599484331
3362490;1;3;1; ; ; ; ; ; ; ; ; ; ; ; ;12;59,0812599484331
3362490;1;4;1; ; ; ; ; ; ; ; ; ; ; ; ;12;59,0812599484331
3362490;1;5;1; ; ; ; ; ; ; ; ; ; ; ; ;12;59,0812599484331
3362490;1;6;1; ; ; ; ; ; ; ; ; ; ; ; ;12;59,0812599484331
3362490;1;7;1; ; ; ; ; ; ; ; ; ; ; ; ;12;59,0812599484331
3362490;1;8;1; ; ; ; ; ; ; ; ; ; ; ; ;12;59,0812599484331
3362491;1;1;1; ; ; ; ; ; ; ; ; ; ; ; ;12;199,411268765488
3362491;1;2;1; ; ; ; ; ; ; ; ; ; ; ; ;12;199,411268765488
3362491;1;3;1; ; ; ; ; ; ; ; ; ; ; ; ;12;199,411268765488
3362491;1;4;1; ; ; ; ; ; ; ; ; ; ; ; ;12;199,411268765488
3362492;1;1;1; ; ; ; ; ; ; ; ; ; ; ; ;12;100,393666337943
3362492;1;2;1; ; ; ; ; ; ; ; ; ; ; ; ;12;100,393666337943
3362493;1;1;1; ; ; ; ; ; ; ; ; ; ; ; ;12;132,995571415706
3362493;1;2;2;1; ; ;2; ; ;1;2; ; ;1; ;12;132,995571415706
3362493;1;3;1; ; ; ; ; ; ; ; ; ; ; ; ;12;132,995571415706
3362494;1;1;2;2;76; ;2; ; ;1;2; ; ;1; ;12;125,418887981071
3362494;1;2;1; ; ; ; ; ; ; ; ; ; ; ; ;12;125,418887981071
3362495;1;1;2;2;63; ;2; ; ;1;2; ; ;1; ;12;131,565731967907
3362495;1;2;2;2;76; ;2; ; ;1;2; ; ;1; ;12;131,565731967907
3362496;1;1;2;2;63; ;2; ; ;1;2; ; ;1; ;12;159,220480563407
3362496;1;2;2;2;63; ;2; ; ;1;2; ; ;1; ;12;159,220480563407
3362496;1;3;2;2;76; ;2; ; ;1;2; ; ;1; ;12;159,220480563407
3362496;1;4;2;2;76; ;2; ; ;1;2; ; ;1; ;12;159,220480563407
3362496;1;5;1; ; ; ; ; ; ; ; ; ; ; ; ;12;159,220480563407
3362496;1;6;1; ; ; ; ; ; ; ; ; ; ; ; ;12;159,220480563407
3362497;1;1;2;2;63; ;2; ; ;1;2; ; ;1; ;12;126,027212275068
3362497;1;2;1; ; ; ; ; ; ; ; ; ; ; ; ;12;126,027212275068
3362497;1;3;2;2;63; ;2; ; ;1;2; ; ;1; ;12;126,027212275068
3362498;1;1;2;2;68; ;3;85; ;1;3;15; ;1; ;12;183,55411999511
3362498;1;2;2;2;68; ;3;85; ;1;3;15; ;1; ;12;183,55411999511
3362498;1;3;2;2;68; ;3;85; ;1;3;15; ;1; ;12;183,55411999511
3362498;1;4;2;2;68; ;3;85; ;1;3;15; ;1; ;12;183,55411999511
3362498;1;5;1; ; ; ; ; ; ; ; ; ; ; ; ;12;183,55411999511
3362499;1;1;2;2;66; ;2; ; ;1;2; ; ;1; ;12;247,653142527825
3362499;1;2;1; ; ; ; ; ; ; ; ; ; ; ; ;12;247,653142527825
3362500;1;1;2;2;66; ;2; ; ;1;2; ; ;1; ;12;158,55586738805
3362500;1;2;2;2;63; ;4; ;11; ;2; ; ;1; ;12;158,55586738805
3362500;1;3;2;1; ; ;2; ; ;1;2; ; ;1; ;12;158,55586738805
3362501;1;1;2;2;17; ;3;63; ;1;2; ; ;1; ;12;299,806597653852
3362501;1;2;2;1; ; ;2; ; ;1;2; ; ;1; ;12;299,806597653852
3362502;1;1;1; ; ; ; ; ; ; ; ; ; ; ; ;12;295,953731401934
3362502;1;2;1; ; ; ; ; ; ; ; ; ; ; ; ;12;295,953731401934
3362502;1;3;1; ; ; ; ; ; ; ; ; ; ; ; ;12;295,953731401934
3362502;1;4;1; ; ; ; ; ; ; ; ; ; ; ; ;12;295,953731401934
3362503;1;1;1; ; ; ; ; ; ; ; ; ; ; ; ;12;127,372943520055
3362503;1;2;2;2;05; ;2; ; ;1;2; ; ;1; ;12;127,372943520055
3362503;1;3;1; ; ; ; ; ; ; ; ; ; ; ; ;12;127,372943520055
3362503;1;4;1; ; ; ; ; ; ; ; ; ; ; ; ;12;127,372943520055
3362504;1;1;2;2;18; ;2; ; ;1;2; ; ;1; ;12;101,823505785742
3362504;1;2;1; ; ; ; ; ; ; ; ; ; ; ; ;12;101,823505785742
3362504;1;3;1; ; ; ; ; ; ; ; ; ; ; ; ;12;101,823505785742
3362505;1;1;1; ; ; ; ; ; ; ; ; ; ; ; ;12;159,272255003609
3362505;1;2;1; ; ; ; ; ; ; ; ; ; ; ; ;12;159,272255003609
3362506;1;1;2;2;19; ;2; ; ;1;2; ; ;1; ;12;131,565731967907
3362506;1;2;2;2;63; ;2; ; ;1;2; ; ;1; ;12;131,565731967907
3362507;1;1;2;2;19; ;2; ; ;1;2; ; ;1; ;12;138,898448376538
3362509;1;1;2;2;15; ;2; ; ;1;2; ; ;1; ;12;89,1197419461862
3362509;1;2;2;1; ; ;2; ; ;1;3;73; ;1; ;12;89,1197419461862
3362509;1;3;1; ; ; ; ; ; ; ; ; ; ; ; ;12;89,1197419461862
3362509;1;4;1; ; ; ; ; ; ; ; ; ; ; ; ;12;89,1197419461862
3362509;1;5;2;2;15; ;2; ; ;1;2; ; ;1; ;12;89,1197419461862
3362510;1;1;1; ; ; ; ; ; ; ; ; ; ; ; ;12;104,755614625127
3362510;1;2;2;2;76; ;2; ; ;1;2; ; ;1; ;12;104,755614625127
3362510;1;3;1; ; ; ; ; ; ; ; ; ; ; ; ;12;104,755614625127
3362510;1;4;1; ; ; ; ; ; ; ; ; ; ; ; ;12;104,755614625127
3362511;1;1;1; ; ; ; ; ; ; ; ; ; ; ; ;12;92,2875155422036
3362512;1;1;1; ; ; ; ; ; ; ; ; ; ; ; ;12;187,266493574382
3362512;1;2;1; ; ; ; ; ; ; ; ; ; ; ; ;12;187,266493574382
3362513;1;1;2;2;66; ;2; ; ;1;2; ; ;1; ;12;252,054424550135
3362513;1;2;1; ; ; ; ; ; ; ; ; ; ; ; ;12;252,054424550135
3362513;1;3;1; ; ; ; ; ; ; ; ; ; ; ; ;12;252,054424550135
3362514;1;1;2;2;66; ;3;76; ;1;3;76; ;1; ;12;91,9645787721118
3362514;1;2;2;2;17; ;3;76; ;1;3;76; ;1; ;12;91,9645787721118
3362515;1;1;2;2;68; ;2; ; ;1;2; ; ;1; ;12;182,46514902353
3362515;1;2;2;2;25; ;2; ; ;1;2; ; ;1; ;12;182,46514902353
3362515;1;3;1; ; ; ; ; ; ; ; ; ; ; ; ;12;182,46514902353
3362515;1;4;2;1; ; ;2; ; ;1;2; ; ;1; ;12;182,46514902353
3362515;1;5;1; ; ; ; ; ; ; ; ; ; ; ; ;12;182,46514902353
3362516;1;1;2;2;76; ;2; ; ;1;2; ; ;1; ;12;149,580362056834
3362516;1;2;2;2;63; ;2; ; ;1;2; ; ;1; ;12;149,580362056834
3362516;1;3;2;2;11; ;2; ; ;1;2; ; ;1; ;12;149,580362056834
3362517;1;1;1; ; ; ; ; ; ; ; ; ; ; ; ;12;125,1723025089
3362517;1;2;2;2;66; ;2; ; ;1;2; ; ;1; ;12;125,1723025089
3362517;1;3;1; ; ; ; ; ; ; ; ; ; ; ; ;12;125,1723025089
3362518;1;1;1; ; ; ; ; ; ; ; ; ; ; ; ;12;118,041306335125
3362518;1;2;2;2;05; ;2; ; ;1;2; ; ;1; ;12;118,041306335125
3362519;1;1;2;2;63; ;2; ; ;1;2; ; ;1; ;12;155,170225362941
3362519;1;2;2;1; ; ;2; ; ;1;2; ; ;1; ;12;155,170225362941
3362519;1;3;1; ; ; ; ; ; ; ; ; ; ; ; ;12;155,170225362941
3362520;1;1;2;2;05; ;2; ; ;1;2; ; ;1; ;12;125,762008299293
3362521;1;1;2;2;05; ;2; ; ;1;2; ; ;1; ;12;182,865616348775
3362521;1;2;2;1; ; ;2; ; ;1;2; ; ;1; ;12;182,865616348775
3362521;1;3;1; ; ; ; ; ; ; ; ; ; ; ; ;12;182,865616348775
3362521;1;4;1; ; ; ; ; ; ; ; ; ; ; ; ;12;182,865616348775
3362522;1;1;2;2;66; ;2; ; ;1;2; ; ;1; ;12;160,663510779054
3362522;1;2;2;2;86; ;2; ; ;1;2; ; ;1; ;12;160,663510779054
3362522;1;3;1; ; ; ; ; ; ; ; ; ; ; ; ;12;160,663510779054
3362523;1;1;2;1; ; ;4; ;1; ;2; ; ;1; ;12;173,454546632069
3362523;1;2;2;2;05; ;4; ;1; ;2; ; ;1; ;12;173,454546632069
3362523;1;3;2;3; ;1;4; ;1; ;2; ; ;1; ;12;173,454546632069
3362523;1;4;2;1; ; ;4; ;1; ;2; ; ;1; ;12;173,454546632069
3362523;1;5;1; ; ; ; ; ; ; ; ; ; ; ; ;12;173,454546632069
3362525;1;1;2;2;63; ;2; ; ;1;2; ; ;1; ;12;211,355196054261
3362525;1;2;2;2;63; ;2; ; ;1;2; ; ;1; ;12;211,355196054261
3362526;1;1;2;2;66; ;3;17; ;1;2; ; ;1; ;12;236,728486210434
3362527;1;1;2;2;63; ;2; ; ;1;2; ; ;1; ;12;131,050888183304
3362527;1;2;2;2;05; ;2; ; ;1;2; ; ;1; ;12;131,050888183304
3362527;1;3;1; ; ; ; ; ; ; ; ; ; ; ; ;12;131,050888183304
3362527;1;4;1; ; ; ; ; ; ; ; ; ; ; ; ;12;131,050888183304
3362527;1;5;1; ; ; ; ; ; ; ; ; ; ; ; ;12;131,050888183304
3362527;1;6;1; ; ; ; ; ; ; ; ; ; ; ; ;12;131,050888183304
3362528;1;1;2;1; ; ;2; ; ;1;2; ; ;1; ;12;194,128999626722
3362528;1;2;1; ; ; ; ; ; ; ; ; ; ; ; ;12;194,128999626722
3362529;1;1;2;1; ; ;2; ; ;1;2; ; ;1; ;12;81,4785747051801
3362529;1;2;2;2;63; ;2; ; ;1;2; ; ;1; ;12;81,4785747051801
3362529;1;3;2;2;63; ;2; ; ;1;2; ; ;1; ;12;81,4785747051801
3362529;1;4;1; ; ; ; ; ; ; ; ; ; ; ; ;12;81,4785747051801
3362530;1;1;2;2;18; ;2; ; ;1;2; ; ;1; ;12;63,5814494175502
3362530;1;2;1; ; ; ; ; ; ; ; ; ; ; ; ;12;63,5814494175502
3362530;1;3;1; ; ; ; ; ; ; ; ; ; ; ; ;12;63,5814494175502
3362530;1;4;1; ; ; ; ; ; ; ; ; ; ; ; ;12;63,5814494175502
3362531;1;1;1; ; ; ; ; ; ; ; ; ; ; ; ;12;67,9107696239543
3362531;1;2;1; ; ; ; ; ; ; ; ; ; ; ; ;12;67,9107696239543
3362532;1;1;2;2;20; ;2; ; ;1;2; ; ;1; ;12;92,3215028292571
3362533;1;1;1; ; ; ; ; ; ; ; ; ; ; ; ;12;112,518916100585
3362533;1;2;2;2;23; ;3;23; ;2;2; ; ;1; ;12;112,518916100585
3362533;1;3;2;2;23; ;3;23; ;2;2; ; ;1; ;12;112,518916100585
3362533;1;4;1; ; ; ; ; ; ; ; ; ; ; ; ;12;112,518916100585
3362534;1;1;1; ; ; ; ; ; ; ; ; ; ; ; ;12;96,0142932648458
3362534;1;2;1; ; ; ; ; ; ; ; ; ; ; ; ;12;96,0142932648458
3362534;1;3;1; ; ; ; ; ; ; ; ; ; ; ; ;12;96,0142932648458
3362535;1;1;2;2;73; ;2; ; ;1;2; ; ;1; ;12;129,667575184748
3362535;1;2;2;2;23; ;2; ; ;1;2; ; ;1; ;12;129,667575184748
3362535;1;3;1; ; ; ; ; ; ; ; ; ; ; ; ;12;129,667575184748
3362535;1;4;1; ; ; ; ; ; ; ; ; ; ; ; ;12;129,667575184748
3362535;1;5;1; ; ; ; ; ; ; ; ; ; ; ; ;12;129,667575184748
3362535;1;6;1; ; ; ; ; ; ; ; ; ; ; ; ;12;129,667575184748
3362536;1;1;2;2;47; ;2; ; ;1;2; ; ;1; ;12;84,5630446097081
3362536;1;2;2;2;47; ;3;47; ;1;2; ; ;1; ;12;84,5630446097081
3362537;1;1;2;2;23; ;2; ; ;1;2; ; ;1; ;12;91,0055028323334
3362537;1;2;1; ; ; ; ; ; ; ; ; ; ; ; ;12;91,0055028323334
3362538;1;1;2;2;44; ;3;44; ;1;2; ; ;1; ;12;62,9019791914419
3362539;1;1;2;1; ; ;2; ; ;1;2; ; ;1; ;12;81,8887053693926
3362539;1;2;1; ; ; ; ; ; ; ; ; ; ; ; ;12;81,8887053693926
3362539;1;3;1; ; ; ; ; ; ; ; ; ; ; ; ;12;81,8887053693926
3362540;1;1;1; ; ; ; ; ; ; ; ; ; ; ; ;12;126,027212275068
3362540;1;2;1; ; ; ; ; ; ; ; ; ; ; ; ;12;126,027212275068
3362540;1;3;1; ; ; ; ; ; ; ; ; ; ; ; ;12;126,027212275068
3362541;1;1;2;2;76; ;2; ; ;1;2; ; ;1; ;12;91,9645787721118
3362541;1;2;2;2;76; ;2; ; ;1;2; ; ;1; ;12;91,9645787721118
3362543;1;1;2;2;63; ;2; ; ;1;2; ; ;1; ;12;86,4089298677997
3362543;1;2;2;2;63; ;2; ; ;1;2; ; ;1; ;12;86,4089298677997
3362543;1;3;1; ; ; ; ; ; ; ; ; ; ; ; ;12;86,4089298677997
3362543;1;4;2;2;63; ;3;63; ;2;2; ; ;1; ;12;86,4089298677997
3362544;1;1;2;2;63; ;2; ; ;1;2; ; ;1; ;12;160,663510779054
3362544;1;2;1; ; ; ; ; ; ; ; ; ; ; ; ;12;160,663510779054
3362544;1;3;1; ; ; ; ; ; ; ; ; ; ; ; ;12;160,663510779054
3362546;1;1;2;2;76; ;2; ; ;1;2; ; ;1; ;12;111,139926185826
3362546;1;2;2;2;05; ;2; ; ;1;2; ; ;1; ;12;111,139926185826
3362546;1;3;2;2;11; ;2; ; ;1;2; ; ;1; ;12;111,139926185826
3362547;1;1;2;2;63; ;2; ; ;1;2; ; ;1; ;12;130,470186302332
3362547;1;2;2;2;63; ;2; ; ;1;2; ; ;1; ;12;130,470186302332
3362547;1;3;1; ; ; ; ; ; ; ; ; ; ; ; ;12;130,470186302332
3362548;1;1;1; ; ; ; ; ; ; ; ; ; ; ; ;12;133,251529194459
3362549;1;1;1; ; ; ; ; ; ; ; ; ; ; ; ;12;126,518033753887
3362549;1;2;1; ; ; ; ; ; ; ; ; ; ; ; ;12;126,518033753887
3362549;1;3;1; ; ; ; ; ; ; ; ; ; ; ; ;12;126,518033753887
3362549;1;4;1; ; ; ; ; ; ; ; ; ; ; ; ;12;126,518033753887
3362550;1;1;2;2;76; ;3;63; ;2;2; ; ;1; ;12;91,9645787721118
3362550;1;2;2;2;63; ;2; ; ;1;2; ; ;1; ;12;91,9645787721118
3362551;1;1;2;2;63; ;2; ; ;1;2; ; ;1; ;12;220,840188984116
3362551;1;2;1; ; ; ; ; ; ; ; ; ; ; ; ;12;220,840188984116
3362551;1;3;1; ; ; ; ; ; ; ; ; ; ; ; ;12;220,840188984116
3362551;1;4;2;2;63; ;2; ; ;1;2; ; ;1; ;12;220,840188984116
3362551;1;5;2;1; ; ;2; ; ;1;2; ; ;1; ;12;220,840188984116
3362551;1;6;1; ; ; ; ; ; ; ; ; ; ; ; ;12;220,840188984116
3362551;1;7;1; ; ; ; ; ; ; ; ; ; ; ; ;12;220,840188984116
3362551;1;8;1; ; ; ; ; ; ; ; ; ; ; ; ;12;220,840188984116
3362551;1;9;1; ; ; ; ; ; ; ; ; ; ; ; ;12;220,840188984116
3362552;1;1;1; ; ; ; ; ; ; ; ; ; ; ; ;12;137,472516883096
3362552;1;2;1; ; ; ; ; ; ; ; ; ; ; ; ;12;137,472516883096
3362552;1;3;1; ; ; ; ; ; ; ; ; ; ; ; ;12;137,472516883096
3362552;1;4;1; ; ; ; ; ; ; ; ; ; ; ; ;12;137,472516883096
3362553;1;1;2;2;41; ;2; ; ;1;2; ; ;1; ;12;149,903298826926
3362553;1;2;2;2;41; ;2; ; ;1;2; ; ;1; ;12;149,903298826926
3362554;1;1;1; ; ; ; ; ; ; ; ; ; ; ; ;12;118,041306335125
3362554;1;2;2;2;66; ;2; ; ;1;2; ; ;1; ;12;118,041306335125
3362555;1;1;2;2;63; ;2; ; ;1;2; ; ;1; ;12;93,310310017099
3362555;1;2;1; ; ; ; ; ; ; ; ; ; ; ; ;12;93,310310017099
3362555;1;3;1; ; ; ; ; ; ; ; ; ; ; ; ;12;93,310310017099
3362556;1;1;2;2;11; ;2; ; ;1;2; ; ;1; ;12;93,6332467871909
3362556;1;2;2;2;19; ;2; ; ;1;2; ; ;1; ;12;93,6332467871909
3362557;1;1;1; ; ; ; ; ; ; ; ; ; ; ; ;12;94,4881565533586
3362557;1;2;1; ; ; ; ; ; ; ; ; ; ; ; ;12;94,4881565533586
3362558;1;1;2;2;76; ;2; ; ;1;2; ; ;1; ;12;151,781003067989
3362558;1;2;2;2;76; ;2; ; ;1;2; ; ;1; ;12;151,781003067989
3362558;1;3;2;2;76; ;3;76; ;1;2; ; ;1; ;12;151,781003067989
3362558;1;4;2;2;76; ;2; ; ;1;2; ; ;1; ;12;151,781003067989
3362559;1;1;2;2;63; ;2; ; ;1;2; ; ;1; ;12;119,387037580112
3362559;1;2;2;2;17; ;2; ; ;1;2; ; ;1; ;12;119,387037580112
3362559;1;3;2;2;11; ;3;11; ;1;2; ; ;1; ;12;119,387037580112
3362560;1;1;1; ; ; ; ; ; ; ; ; ; ; ; ;12;122,933409836255
3362560;1;2;1; ; ; ; ; ; ; ; ; ; ; ; ;12;122,933409836255
3362560;1;3;1; ; ; ; ; ; ; ; ; ; ; ; ;12;122,933409836255
3362560;1;4;1; ; ; ; ; ; ; ; ; ; ; ; ;12;122,933409836255
3362560;1;5;1; ; ; ; ; ; ; ; ; ; ; ; ;12;122,933409836255
3362561;1;1;2;2;63; ;2; ; ;1;2; ; ;1; ;12;92,2875155422036
3362562;1;1;1; ; ; ; ; ; ; ; ; ; ; ; ;12;170,0884687096
3362562;1;2;1; ; ; ; ; ; ; ; ; ; ; ; ;12;170,0884687096
3362564;1;1;2;2;63; ;2; ; ;1;2; ; ;1; ;12;151,781003067989
3362564;1;2;2;2;76; ;2; ; ;1;2; ; ;1; ;12;151,781003067989
3362564;1;3;2;2;63; ;2; ; ;1;2; ; ;1; ;12;151,781003067989
3362564;1;4;2;1; ; ;3;76; ;1;2; ; ;1; ;12;151,781003067989
3362565;1;1;2;2;76; ;2; ; ;1;2; ; ;1; ;12;108,624923651361
3362565;1;2;2;2;63; ;2; ; ;1;2; ; ;1; ;12;108,624923651361
3362565;1;3;1; ; ; ; ; ; ; ; ; ; ; ; ;12;108,624923651361
3362565;1;4;1; ; ; ; ; ; ; ; ; ; ; ; ;12;108,624923651361
3362565;1;5;2;2;11; ;1; ; ; ;1; ; ; ; ;12;108,624923651361
3362566;1;1;2;2;73; ;2; ; ;1;2; ; ;1; ;12;123,826571263913
3362566;1;2;2;2;17; ;2; ; ;1;2; ; ;1; ;12;123,826571263913
3362567;1;1;2;2;17; ;2; ; ;1;2; ; ;1; ;12;93,6332467871909
3362567;1;2;2;2;73; ;2; ; ;1;2; ; ;1; ;12;93,6332467871909
3362568;1;1;1; ; ; ; ; ; ; ; ; ; ; ; ;12;65,5254440916518
3362568;1;2;2;2;63; ;2; ; ;1;2; ; ;1; ;12;65,5254440916518
3362568;1;3;1; ; ; ; ; ; ; ; ; ; ; ; ;12;65,5254440916518
3362568;1;4;1; ; ; ; ; ; ; ; ; ; ; ; ;12;65,5254440916518
3362568;1;5;1; ; ; ; ; ; ; ; ; ; ; ; ;12;65,5254440916518
3362568;1;6;1; ; ; ; ; ; ; ; ; ; ; ; ;12;65,5254440916518
3362569;1;1;2;2;63; ;2; ; ;1;2; ; ;1; ;12;118,364243105217
3362570;1;1;2;2;63; ;2; ; ;1;2; ; ;1; ;12;94,4881565533586
3362570;1;2;2;2;73; ;2; ; ;1;2; ; ;1; ;12;94,4881565533586
3362571;1;1;1; ; ; ; ; ; ; ; ; ; ; ; ;12;105,67759802713
3362571;1;2;1; ; ; ; ; ; ; ; ; ; ; ; ;12;105,67759802713
3362572;1;1;2;2;76; ;2; ; ;1;2; ; ;1; ;12;118,041306335125
3362572;1;2;2;2;41; ;2; ; ;1;2; ; ;1; ;12;118,041306335125
3362573;1;1;2;2;73; ;2; ; ;1;2; ; ;1; ;12;95,8338877983458
3362573;1;2;1; ; ; ; ; ; ; ; ; ; ; ; ;12;95,8338877983458
3362573;1;3;1; ; ; ; ; ; ; ; ; ; ; ; ;12;95,8338877983458
3362574;1;1;2;2;76; ;2; ; ;1;2; ; ;1; ;12;129,124455057345
3362574;1;2;1; ; ; ; ; ; ; ; ; ; ; ; ;12;129,124455057345
3362575;1;1;1; ; ; ; ; ; ; ; ; ; ; ; ;12;105,078551395219
3362575;1;2;1; ; ; ; ; ; ; ; ; ; ; ; ;12;105,078551395219
3362575;1;3;1; ; ; ; ; ; ; ; ; ; ; ; ;12;105,078551395219
3362576;1;1;2;2;76; ;2; ; ;1;2; ; ;1; ;12;160,085379392007
3362576;1;2;2;1; ; ;2; ; ;1;2; ; ;1; ;12;160,085379392007
3362576;1;3;2;2;76; ;2; ; ;1;2; ; ;1; ;12;160,085379392007
3362576;1;4;2;2;76; ;2; ; ;1;2; ; ;1; ;12;160,085379392007
3362576;1;5;2;2;76; ;2; ; ;1;2; ; ;1; ;12;160,085379392007
3362577;1;1;2;2;73; ;3;50; ;1;2; ; ;1; ;12;135,430631049103
3362577;1;2;2;2;50; ;3;50; ;1;2; ; ;1; ;12;135,430631049103
3362577;1;3;1; ; ; ; ; ; ; ; ; ; ; ; ;12;135,430631049103
3362578;1;1;2;2;41; ;2; ; ;1;2; ; ;1; ;12;177,122664761118
3362578;1;2;2;2;41; ;2; ; ;1;2; ; ;1; ;12;177,122664761118
3362578;1;3;1; ; ; ; ; ; ; ; ; ; ; ; ;12;177,122664761118
3362578;1;4;1; ; ; ; ; ; ; ; ; ; ; ; ;12;177,122664761118
3362578;1;5;1; ; ; ; ; ; ; ; ; ; ; ; ;12;177,122664761118
3362579;1;1;1; ; ; ; ; ; ; ; ; ; ; ; ;12;185,251092993936
3362579;1;2;2;2;63; ;2; ; ;1;2; ; ;1; ;12;185,251092993936
3362579;1;3;1; ; ; ; ; ; ; ; ; ; ; ; ;12;185,251092993936
3362579;1;4;1; ; ; ; ; ; ; ; ; ; ; ; ;12;185,251092993936
3362580;1;1;2;2;41; ;3;41; ;2;2; ; ;1; ;12;175,64340426385
3362580;1;2;1; ; ; ; ; ; ; ; ; ; ; ; ;12;175,64340426385
3362580;1;3;1; ; ; ; ; ; ; ; ; ; ; ; ;12;175,64340426385
3362580;1;4;1; ; ; ; ; ; ; ; ; ; ; ; ;12;175,64340426385
3362581;1;1;2;2;11; ;3;11; ;1;2; ; ;1; ;12;141,261746014705
3362581;1;2;2;1; ; ;3;11; ;1;2; ; ;1; ;12;141,261746014705
3362581;1;3;2;2;11; ;3;11; ;1;2; ; ;1; ;12;141,261746014705
3362582;1;1;2;2;73; ;2; ; ;1;2; ; ;1; ;12;145,766630493143
3362583;1;1;1; ; ; ; ; ; ; ; ; ; ; ; ;12;56,7424412485416
3362583;1;2;2;2;11; ;2; ; ;1;2; ; ;1; ;12;56,7424412485416
3362583;1;3;1; ; ; ; ; ; ; ; ; ; ; ; ;12;56,7424412485416
3362583;1;4;1; ; ; ; ; ; ; ; ; ; ; ; ;12;56,7424412485416
3362584;1;1;2;2;18; ;2; ; ;1;2; ; ;1; ;12;73,5558970787207
3362584;1;2;2;2;41; ;2; ; ;1;2; ; ;1; ;12;73,5558970787207
3362584;1;3;1; ; ; ; ; ; ; ; ; ; ; ; ;12;73,5558970787207
3362584;1;4;1; ; ; ; ; ; ; ; ; ; ; ; ;12;73,5558970787207
3362585;1;1;2;2;18; ;2; ; ;1;2; ; ;1; ;12;56,7424412485416
3362585;1;2;1; ; ; ; ; ; ; ; ; ; ; ; ;12;56,7424412485416
3362585;1;3;1; ; ; ; ; ; ; ; ; ; ; ; ;12;56,7424412485416
3362585;1;4;1; ; ; ; ; ; ; ; ; ; ; ; ;12;56,7424412485416
3362586;1;1;2;2;18; ;3;18; ;1;2; ; ;1; ;12;123,969189023036
3362587;1;1;2;2;41; ;2; ; ;1;2; ; ;1; ;12;151,222748215211
3362587;1;2;2;2;18; ;2; ; ;1;2; ; ;1; ;12;151,222748215211
3362588;1;1;2;2;18; ;2; ; ;1;2; ; ;1; ;12;141,774992480241
3362588;1;2;2;2;18; ;2; ; ;1;2; ; ;1; ;12;141,774992480241
3362588;1;3;1; ; ; ; ; ; ; ; ; ; ; ; ;12;141,774992480241
3362589;1;1;2;2;15; ;2; ; ;1;2; ; ;1; ;12;148,956952455873
3362590;1;1;2;2;17; ;2; ; ;1;2; ; ;1; ;12;104,020293700695
3362591;1;1;2;2;18; ;2; ; ;1;2; ; ;1; ;12;47,1422571116197
3362591;1;2;2;2;18; ;3;18; ;1;3;18; ;1; ;12;47,1422571116197
3362591;1;3;1; ; ; ; ; ; ; ; ; ; ; ; ;12;47,1422571116197
3362591;1;4;1; ; ; ; ; ; ; ; ; ; ; ; ;12;47,1422571116197
3362591;1;5;1; ; ; ; ; ; ; ; ; ; ; ; ;12;47,1422571116197
3362591;1;6;1; ; ; ; ; ; ; ; ; ; ; ; ;12;47,1422571116197
3362591;1;7;2;2;18; ;2; ; ;1;2; ; ;1; ;12;47,1422571116197
3362591;1;8;1; ; ; ; ; ; ; ; ; ; ; ; ;12;47,1422571116197
3362591;1;9;1; ; ; ; ; ; ; ; ; ; ; ; ;12;47,1422571116197
3362591;1;10;1; ; ; ; ; ; ; ; ; ; ; ; ;12;47,1422571116197
3362591;1;11;2;2;41; ;3;41; ;1;3;18; ;1; ;12;47,1422571116197
3362592;1;1;2;2;41; ;2; ; ;1;2; ; ;1; ;12;60,8526086133209
3362592;1;2;1; ; ; ; ; ; ; ; ; ; ; ; ;12;60,8526086133209
3362592;2;1;2;2;76; ;2; ; ;1;2; ; ;1; ;12;60,8526086133209
3362592;2;2;1; ; ; ; ; ; ; ; ; ; ; ; ;12;60,8526086133209
3362592;2;3;1; ; ; ; ; ; ; ; ; ; ; ; ;12;60,8526086133209
3362592;2;4;1; ; ; ; ; ; ; ; ; ; ; ; ;12;60,8526086133209
3362593;1;1;2;2;18; ;2; ; ;1;2; ; ;1; ;12;60,4425300728533
3362593;1;2;2;2;11; ;2; ; ;1;2; ; ;1; ;12;60,4425300728533
3362593;1;3;1; ; ; ; ; ; ; ; ; ; ; ; ;12;60,4425300728533
3362594;1;1;2;2;73; ;2; ; ;1;2; ; ;1; ;12;143,822570566588
3362594;1;2;1; ; ; ; ; ; ; ; ; ; ; ; ;12;143,822570566588
3362594;1;3;1; ; ; ; ; ; ; ; ; ; ; ; ;12;143,822570566588
3362595;1;1;2;2;76; ;2; ; ;1;2; ; ;1; ;12;392,659281275753
3362595;1;2;2;2;76; ;2; ; ;1;2; ; ;1; ;12;392,659281275753
3362595;1;3;2;2;11; ;2; ; ;1;2; ; ;1; ;12;392,659281275753
3362596;1;1;1; ; ; ; ; ; ; ; ; ; ; ; ;12;348,618912796474
3362596;1;2;2;2;63; ;2; ; ;1;2; ; ;1; ;12;348,618912796474
3362596;1;3;1; ; ; ; ; ; ; ; ; ; ; ; ;12;348,618912796474
3362596;1;4;1; ; ; ; ; ; ; ; ; ; ; ; ;12;348,618912796474
3362596;1;5;1; ; ; ; ; ; ; ; ; ; ; ; ;12;348,618912796474
3362597;1;1;1; ; ; ; ; ; ; ; ; ; ; ; ;12;281,139519330746
3362597;1;2;1; ; ; ; ; ; ; ; ; ; ; ; ;12;281,139519330746
3362597;1;3;1; ; ; ; ; ; ; ; ; ; ; ; ;12;281,139519330746
3362598;1;1;1; ; ; ; ; ; ; ; ; ; ; ; ;12;236,728486210434
3362599;1;1;2;2;66; ;2; ; ;1;2; ; ;1; ;12;189,312082524173
3362599;1;2;2;2;63; ;2; ; ;1;2; ; ;1; ;12;189,312082524173
3362599;1;3;2;2;63; ;2; ; ;1;3;19; ;1; ;12;189,312082524173
3362599;1;4;1; ; ; ; ; ; ; ; ; ; ; ; ;12;189,312082524173
3362600;1;1;1; ; ; ; ; ; ; ; ; ; ; ; ;12;122,585230793854
3362600;1;2;2;2;76; ;2; ; ;1;2; ; ;1; ;12;122,585230793854
3362600;1;3;1; ; ; ; ; ; ; ; ; ; ; ; ;12;122,585230793854
3362600;1;4;2;2;05; ;2; ; ;1;2; ; ;1; ;12;122,585230793854
3362601;1;1;2;2;17; ;2; ; ;1;3;76; ;1; ;12;149,903298826926
3362601;1;2;1; ; ; ; ; ; ; ; ; ; ; ; ;12;149,903298826926
3362602;1;1;2;2;66; ;2; ; ;1;2; ; ;1; ;12;223,851385742404
3362602;1;2;2;2;66; ;3;63; ;1;3;63; ;1; ;12;223,851385742404
3362602;1;3;2;2;66; ;2; ; ;1;3;15; ;1; ;12;223,851385742404
3362602;1;4;2;2;63; ;2; ; ;1;2; ; ;1; ;12;223,851385742404
3362602;1;5;2;2;63; ;2; ; ;1;3;15; ;1; ;12;223,851385742404
3362602;1;6;1; ; ; ; ; ; ; ; ; ; ; ; ;12;223,851385742404
3362602;1;7;2;2;15; ;1; ; ; ;3;15; ;1; ;12;223,851385742404
3362603;1;1;2;2;63; ;3;63; ;1;2; ; ;1; ;12;183,55411999511
3362603;1;2;1; ; ; ; ; ; ; ; ; ; ; ; ;12;183,55411999511
3362603;1;3;1; ; ; ; ; ; ; ; ; ; ; ; ;12;183,55411999511
3362603;1;4;1; ; ; ; ; ; ; ; ; ; ; ; ;12;183,55411999511
3362603;1;5;1; ; ; ; ; ; ; ; ; ; ; ; ;12;183,55411999511
3362604;1;1;1; ; ; ; ; ; ; ; ; ; ; ; ;12;136,617607116928
3362604;1;2;1; ; ; ; ; ; ; ; ; ; ; ; ;12;136,617607116928
3362604;1;3;1; ; ; ; ; ; ; ; ; ; ; ; ;12;136,617607116928
3362604;1;4;1; ; ; ; ; ; ; ; ; ; ; ; ;12;136,617607116928
3362605;1;1;1; ; ; ; ; ; ; ; ; ; ; ; ;12;266,323297584613
3362605;1;2;2;2;66; ;2; ; ;1;2; ; ;1; ;12;266,323297584613
3362605;1;3;1; ; ; ; ; ; ; ; ; ; ; ; ;12;266,323297584613
3362605;1;4;1; ; ; ; ; ; ; ; ; ; ; ; ;12;266,323297584613
3362605;1;5;1; ; ; ; ; ; ; ; ; ; ; ; ;12;266,323297584613
3362606;1;1;1; ; ; ; ; ; ; ; ; ; ; ; ;12;211,866922322774
3362606;1;2;1; ; ; ; ; ; ; ; ; ; ; ; ;12;211,866922322774
3362606;1;3;1; ; ; ; ; ; ; ; ; ; ; ; ;12;211,866922322774
3362607;1;1;2;1; ; ;3;76; ;1;2; ; ;1; ;12;344,217630774164
3362607;1;2;2;1; ; ;3;63; ;1;2; ; ;1; ;12;344,217630774164
3362607;1;3;2;2;63; ;3;63; ;1;2; ; ;1; ;12;344,217630774164
3362607;1;4;1; ; ; ; ; ; ; ; ; ; ; ; ;12;344,217630774164
3362608;1;1;2;2;27; ;3;76; ;1;3;76; ;1; ;12;360,112939331068
3362608;1;2;2;2;27; ;3;76; ;1;3;76; ;1; ;12;360,112939331068
3362608;1;3;2;2;76; ;3;76; ;1;3;76; ;1; ;12;360,112939331068
3362608;1;4;2;2;76; ;3;76; ;1;3;76; ;1; ;12;360,112939331068
3362608;1;5;2;2;76; ;3;76; ;1;3;76; ;1; ;12;360,112939331068
3362608;1;6;2;2;76; ;1; ; ; ;3;76; ;1; ;12;360,112939331068
3362608;1;7;2;2;76; ;3;76; ;1;3;76; ;1; ;12;360,112939331068
3362608;1;8;2;2;76; ;1; ; ; ;3;76; ;1; ;12;360,112939331068
3362609;1;1;1; ; ; ; ; ; ; ; ; ; ; ; ;12;118,364243105217
3362610;1;1;2;2;73; ;2; ; ;1;2; ; ;1; ;12;106,424282640207
3362610;1;2;2;2;11; ;2; ; ;1;2; ; ;1; ;12;106,424282640207
3362610;1;3;1; ; ; ; ; ; ; ; ; ; ; ; ;12;106,424282640207
3362610;1;4;1; ; ; ; ; ; ; ; ; ; ; ; ;12;106,424282640207
3362611;1;1;2;2;76; ;2; ; ;1;2; ; ;1; ;12;160,663510779054
3362611;1;2;2;2;17; ;2; ; ;1;2; ; ;1; ;12;160,663510779054
3362611;1;3;1; ; ; ; ; ; ; ; ; ; ; ; ;12;160,663510779054
3362612;1;1;1; ; ; ; ; ; ; ; ; ; ; ; ;12;135,271875871941
3362612;1;2;1; ; ; ; ; ; ; ; ; ; ; ; ;12;135,271875871941
3362612;1;3;1; ; ; ; ; ; ; ; ; ; ; ; ;12;135,271875871941
3362613;1;1;2;2;18; ;2; ; ;1;2; ; ;1; ;12;965,627751569599
3362613;1;2;2;2;76; ;2; ; ;1;2; ; ;1; ;12;965,627751569599
3362613;1;3;2;2;76; ;2; ; ;1;2; ; ;1; ;12;965,627751569599
3362614;1;1;2;2;19; ;2; ; ;1;2; ; ;1; ;12;1175,48611270334
3362614;1;2;2;2;19; ;2; ; ;1;2; ; ;1; ;12;1175,48611270334
3362614;1;3;1; ; ; ; ; ; ; ; ; ; ; ; ;12;1175,48611270334
3362615;1;1;1; ; ; ; ; ; ; ; ; ; ; ; ;12;881,23929058731
3362615;1;2;1; ; ; ; ; ; ; ; ; ; ; ; ;12;881,23929058731
3362615;1;3;1; ; ; ; ; ; ; ; ; ; ; ; ;12;881,23929058731
3362615;1;4;1; ; ; ; ; ; ; ; ; ; ; ; ;12;881,23929058731
3362616;1;1;2;2;76; ;2; ; ;1;2; ; ;1; ;12;521,509368191736
3362616;1;2;1; ; ; ; ; ; ; ; ; ; ; ; ;12;521,509368191736
3362616;1;3;1; ; ; ; ; ; ; ; ; ; ; ; ;12;521,509368191736
3362617;1;1;1; ; ; ; ; ; ; ; ; ; ; ; ;12;1456,99510198361
3362617;1;2;2;2;76; ;2; ; ;1;2; ; ;1; ;12;1456,99510198361
3362617;1;3;1; ; ; ; ; ; ; ; ; ; ; ; ;12;1456,99510198361
3362617;1;4;1; ; ; ; ; ; ; ; ; ; ; ; ;12;1456,99510198361
3362618;1;1;2;2;19; ;2; ; ;1;2; ; ;1; ;12;718,336617477564
3362618;1;2;1; ; ; ; ; ; ; ; ; ; ; ; ;12;718,336617477564
3362619;1;1;1; ; ; ; ; ; ; ; ; ; ; ; ;12;1020,80365281415
3362619;1;2;1; ; ; ; ; ; ; ; ; ; ; ; ;12;1020,80365281415
3362619;1;3;1; ; ; ; ; ; ; ; ; ; ; ; ;12;1020,80365281415
3362619;1;4;1; ; ; ; ; ; ; ; ; ; ; ; ;12;1020,80365281415
3362620;1;1;2;1; ; ;2; ; ;1;2; ; ;1; ;12;942,543242466333
3362620;1;2;1; ; ; ; ; ; ; ; ; ; ; ; ;12;942,543242466333
3362621;1;1;1; ; ; ; ; ; ; ; ; ; ; ; ;12;236,387580430942
3362621;1;2;1; ; ; ; ; ; ; ; ; ; ; ; ;12;236,387580430942
3362621;1;3;1; ; ; ; ; ; ; ; ; ; ; ; ;12;236,387580430942
3362621;1;4;2;1; ; ;4; ;2; ;4; ;2; ;1;12;236,387580430942
3362621;1;5;2;1; ; ;4; ;2; ;4; ;2; ;2;12;236,387580430942
3362622;1;1;2;2;73; ;2; ; ;1;2; ; ;1; ;12;287,369725100608
3362622;1;2;2;2;11; ;2; ; ;1;2; ; ;1; ;12;287,369725100608
3362622;1;3;1; ; ; ; ; ; ; ; ; ; ; ; ;12;287,369725100608
3362622;1;4;1; ; ; ; ; ; ; ; ; ; ; ; ;12;287,369725100608
3362623;1;1;2;2;66; ;2; ; ;1;2; ; ;1; ;12;181,74366836581
3362623;1;2;2;2;17; ;2; ; ;1;2; ; ;1; ;12;181,74366836581
3362624;1;1;2;2;19; ;3;41; ;1;3;11; ;1; ;12;306,92895467954
3362624;1;2;2;2;41; ;3;41; ;1;3;11; ;1; ;12;306,92895467954
3362625;1;1;1; ; ; ; ; ; ; ; ; ; ; ; ;12;336,515351110188
3362625;1;2;1; ; ; ; ; ; ; ; ; ; ; ; ;12;336,515351110188
3362625;1;3;1; ; ; ; ; ; ; ; ; ; ; ; ;12;336,515351110188
3362626;1;1;1; ; ; ; ; ; ; ; ; ; ; ; ;12;293,755238988897
3362627;1;1;2;2;76; ;2; ; ;1;2; ; ;1; ;12;242,58659295745
3362627;1;2;1; ; ; ; ; ; ; ; ; ; ; ; ;12;242,58659295745
3362628;1;1;2;2;17; ;2; ; ;1;2; ; ;1; ;12;259,600599275105
3362628;1;2;1; ; ; ; ; ; ; ; ; ; ; ; ;12;259,600599275105
3362629;1;1;1; ; ; ; ; ; ; ; ; ; ; ; ;12;259,600599275105
3362629;1;2;1; ; ; ; ; ; ; ; ; ; ; ; ;12;259,600599275105
3362630;1;1;1; ; ; ; ; ; ; ; ; ; ; ; ;12;340,429612456507
3362630;1;2;1; ; ; ; ; ; ; ; ; ; ; ; ;12;340,429612456507
3362630;1;3;1; ; ; ; ; ; ; ; ; ; ; ; ;12;340,429612456507
3362631;1;1;2;2;25; ;2; ; ;1;2; ; ;1; ;12;180,529449773262
3362631;1;2;1; ; ; ; ; ; ; ; ; ; ; ; ;12;180,529449773262
3362631;1;3;1; ; ; ; ; ; ; ; ; ; ; ; ;12;180,529449773262
3362631;1;4;2;1; ; ;2; ; ;1;2; ; ;1; ;12;180,529449773262
3362632;1;1;2;2;20; ;2; ; ;1;2; ; ;1; ;12;156,463995793848
3362632;1;2;2;2;20; ;2; ; ;1;2; ; ;1; ;12;156,463995793848
3362632;1;3;1; ; ; ; ; ; ; ; ; ; ; ; ;12;156,463995793848
3362633;1;1;2;2;68; ;2; ; ;1;2; ; ;1; ;12;260,589706899317
3362633;1;2;1; ; ; ; ; ; ; ; ; ; ; ; ;12;260,589706899317
3362633;1;3;1; ; ; ; ; ; ; ; ; ; ; ; ;12;260,589706899317
3362633;1;4;1; ; ; ; ; ; ; ; ; ; ; ; ;12;260,589706899317
3362633;1;5;1; ; ; ; ; ; ; ; ; ; ; ; ;12;260,589706899317
3362634;1;1;2;2;73; ;2; ; ;1;2; ; ;1; ;12;302,354404946193
3362634;1;2;2;2;05; ;2; ; ;1;2; ; ;1; ;12;302,354404946193
3362634;1;3;1; ; ; ; ; ; ; ; ; ; ; ; ;12;302,354404946193
3362634;1;4;1; ; ; ; ; ; ; ; ; ; ; ; ;12;302,354404946193
3362635;1;1;1; ; ; ; ; ; ; ; ; ; ; ; ;12;178,749490611376
3362635;1;2;1; ; ; ; ; ; ; ; ; ; ; ; ;12;178,749490611376
3362635;1;3;1; ; ; ; ; ; ; ; ; ; ; ; ;12;178,749490611376
3362635;1;4;1; ; ; ; ; ; ; ; ; ; ; ; ;12;178,749490611376
3362636;1;1;1; ; ; ; ; ; ; ; ; ; ; ; ;12;139,149695584579
3362636;1;2;2;2;47; ;2; ; ;1;2; ; ;1; ;12;139,149695584579
3362636;1;3;1; ; ; ; ; ; ; ; ; ; ; ; ;12;139,149695584579
3362637;1;1;1; ; ; ; ; ; ; ; ; ; ; ; ;12;156,463995793848
3362637;1;2;1; ; ; ; ; ; ; ; ; ; ; ; ;12;156,463995793848
3362637;1;3;1; ; ; ; ; ; ; ; ; ; ; ; ;12;156,463995793848
3362638;1;1;1; ; ; ; ; ; ; ; ; ; ; ; ;12;116,491704996114
3362638;1;2;1; ; ; ; ; ; ; ; ; ; ; ; ;12;116,491704996114
3362639;1;1;1; ; ; ; ; ; ; ; ; ; ; ; ;12;139,149695584579
3362639;1;2;2;2;54; ;2; ; ;1;2; ; ;1; ;12;139,149695584579
3362639;1;3;1; ; ; ; ; ; ; ; ; ; ; ; ;12;139,149695584579
3362640;1;1;1; ; ; ; ; ; ; ; ; ; ; ; ;12;187,509370732866
3362640;1;2;1; ; ; ; ; ; ; ; ; ; ; ; ;12;187,509370732866
3362640;1;3;1; ; ; ; ; ; ; ; ; ; ; ; ;12;187,509370732866
3362641;1;1;1; ; ; ; ; ; ; ; ; ; ; ; ;12;122,734872957275
3362641;1;2;1; ; ; ; ; ; ; ; ; ; ; ; ;12;122,734872957275
3362641;1;3;1; ; ; ; ; ; ; ; ; ; ; ; ;12;122,734872957275
3362641;1;4;2;2;44; ;2; ; ;1;2; ; ;1; ;12;122,734872957275
3362642;1;1;2;2;44; ;2; ; ;1;2; ; ;1; ;12;181,907851029348
3362642;1;2;2;2;44; ;2; ; ;1;2; ; ;1; ;12;181,907851029348
3362642;1;3;2;2;44; ;2; ; ;1;2; ; ;1; ;12;181,907851029348
3362642;1;4;2;2;44; ;2; ; ;1;2; ; ;1; ;12;181,907851029348
3362643;1;1;2;2;08; ;2; ; ;1;2; ; ;1; ;12;91,5707011894353
3362643;1;2;2;2;08; ;2; ; ;1;2; ; ;1; ;12;91,5707011894353
3362645;1;1;2;2;47; ;2; ; ;1;2; ; ;1; ;12;206,319371169443
3362645;1;2;2;2;47; ;2; ; ;1;2; ; ;1; ;12;206,319371169443
3362645;1;3;1; ; ; ; ; ; ; ; ; ; ; ; ;12;206,319371169443
3362645;1;4;1; ; ; ; ; ; ; ; ; ; ; ; ;12;206,319371169443
3362646;1;1;1; ; ; ; ; ; ; ; ; ; ; ; ;12;148,124164328529
3362646;1;2;1; ; ; ; ; ; ; ; ; ; ; ; ;12;148,124164328529
3362646;1;3;1; ; ; ; ; ; ; ; ; ; ; ; ;12;148,124164328529
3362648;1;1;1; ; ; ; ; ; ; ; ; ; ; ; ;12;148,661405753777
3362648;1;2;1; ; ; ; ; ; ; ; ; ; ; ; ;12;148,661405753777
3362649;1;1;1; ; ; ; ; ; ; ; ; ; ; ; ;12;113,786331139283
3362650;1;1;2;2;05; ;3;05; ;1;2; ; ;1; ;12;246,145107379691
3362650;1;2;2;2;05; ;3;05; ;1;2; ; ;1; ;12;246,145107379691
3362650;1;3;2;2;05; ;3;05; ;1;2; ; ;1; ;12;246,145107379691
3362650;1;4;2;2;05; ;3;05; ;1;2; ; ;1; ;12;246,145107379691
3362651;1;1;1; ; ; ; ; ; ; ; ; ; ; ; ;12;151,813833534932
3362651;1;2;1; ; ; ; ; ; ; ; ; ; ; ; ;12;151,813833534932
3362651;1;3;1; ; ; ; ; ; ; ; ; ; ; ; ;12;151,813833534932
3362652;1;1;1; ; ; ; ; ; ; ; ; ; ; ; ;12;74,7944930637854
3362652;1;2;1; ; ; ; ; ; ; ; ; ; ; ; ;12;74,7944930637854
3362652;1;3;1; ; ; ; ; ; ; ; ; ; ; ; ;12;74,7944930637854
3362653;1;1;1; ; ; ; ; ; ; ; ; ; ; ; ;12;114,295749112367
3362653;1;2;1; ; ; ; ; ; ; ; ; ; ; ; ;12;114,295749112367
3362653;1;3;1; ; ; ; ; ; ; ; ; ; ; ; ;12;114,295749112367
3362653;1;4;1; ; ; ; ; ; ; ; ; ; ; ; ;12;114,295749112367
3362654;1;1;1; ; ; ; ; ; ; ; ; ; ; ; ;12;183,580955484274
3362655;1;1;1; ; ; ; ; ; ; ; ; ; ; ; ;12;91,5707011894353
3362655;1;2;1; ; ; ; ; ; ; ; ; ; ; ; ;12;91,5707011894353
3362656;1;1;1; ; ; ; ; ; ; ; ; ; ; ; ;12;147,778300495986
3362656;1;2;1; ; ; ; ; ; ; ; ; ; ; ; ;12;147,778300495986
3362657;1;1;1; ; ; ; ; ; ; ; ; ; ; ; ;12;166,552489759581
3362657;1;2;1; ; ; ; ; ; ; ; ; ; ; ; ;12;166,552489759581
3362657;1;3;1; ; ; ; ; ; ; ; ; ; ; ; ;12;166,552489759581
3362658;1;1;1; ; ; ; ; ; ; ; ; ; ; ; ;12;91,5707011894353
3362658;1;2;1; ; ; ; ; ; ; ; ; ; ; ; ;12;91,5707011894353
3362659;1;1;1; ; ; ; ; ; ; ; ; ; ; ; ;12;96,0308362065357
3362659;1;2;1; ; ; ; ; ; ; ; ; ; ; ; ;12;96,0308362065357
3362659;1;3;1; ; ; ; ; ; ; ; ; ; ; ; ;12;96,0308362065357
3362659;1;4;1; ; ; ; ; ; ; ; ; ; ; ; ;12;96,0308362065357
3362659;1;5;1; ; ; ; ; ; ; ; ; ; ; ; ;12;96,0308362065357
3362659;1;6;1; ; ; ; ; ; ; ; ; ; ; ; ;12;96,0308362065357
3362659;1;7;1; ; ; ; ; ; ; ; ; ; ; ; ;12;96,0308362065357
3362660;1;1;1; ; ; ; ; ; ; ; ; ; ; ; ;12;159,169369650679
3362660;1;2;1; ; ; ; ; ; ; ; ; ; ; ; ;12;159,169369650679
3362660;1;3;1; ; ; ; ; ; ; ; ; ; ; ; ;12;159,169369650679
3362660;1;4;1; ; ; ; ; ; ; ; ; ; ; ; ;12;159,169369650679
3362661;1;1;1; ; ; ; ; ; ; ; ; ; ; ; ;12;173,442604351316
3362661;1;2;2;2;23; ;2; ; ;1;2; ; ;1; ;12;173,442604351316
3362661;1;3;1; ; ; ; ; ; ; ; ; ; ; ; ;12;173,442604351316
3362661;1;4;1; ; ; ; ; ; ; ; ; ; ; ; ;12;173,442604351316
3362661;1;5;1; ; ; ; ; ; ; ; ; ; ; ; ;12;173,442604351316
3362661;1;6;1; ; ; ; ; ; ; ; ; ; ; ; ;12;173,442604351316
3362662;1;1;2;2;20; ;2; ; ;1;2; ; ;1; ;12;143,860998083342
3362662;1;2;1; ; ; ; ; ; ; ; ; ; ; ; ;12;143,860998083342
3362662;1;3;1; ; ; ; ; ; ; ; ; ; ; ; ;12;143,860998083342
3362662;1;4;1; ; ; ; ; ; ; ; ; ; ; ; ;12;143,860998083342
3362662;1;5;1; ; ; ; ; ; ; ; ; ; ; ; ;12;143,860998083342
3362662;1;6;1; ; ; ; ; ; ; ; ; ; ; ; ;12;143,860998083342
3362662;1;7;1; ; ; ; ; ; ; ; ; ; ; ; ;12;143,860998083342
3362663;1;1;2;2;47; ;2; ; ;1;2; ; ;1; ;12;127,373356177723
3362664;1;1;1; ; ; ; ; ; ; ; ; ; ; ; ;12;161,365325534426
3362664;1;2;2;2;20; ;2; ; ;1;2; ; ;1; ;12;161,365325534426
3362665;1;1;2;2;44; ;2; ; ;1;2; ; ;1; ;12;119,440832349953
3362665;1;2;2;2;44; ;2; ; ;1;2; ; ;1; ;12;119,440832349953
3362666;1;1;1; ; ; ; ; ; ; ; ; ; ; ; ;12;153,432801706656
3362666;1;2;1; ; ; ; ; ; ; ; ; ; ; ; ;12;153,432801706656
3362666;1;3;1; ; ; ; ; ; ; ; ; ; ; ; ;12;153,432801706656
3362667;1;1;1; ; ; ; ; ; ; ; ; ; ; ; ;12;135,008951298747
3362667;1;2;1; ; ; ; ; ; ; ; ; ; ; ; ;12;135,008951298747
3362667;1;3;1; ; ; ; ; ; ; ; ; ; ; ; ;12;135,008951298747
3362667;1;4;1; ; ; ; ; ; ; ; ; ; ; ; ;12;135,008951298747
3362667;1;5;1; ; ; ; ; ; ; ; ; ; ; ; ;12;135,008951298747
3362667;1;6;1; ; ; ; ; ; ; ; ; ; ; ; ;12;135,008951298747
3362668;1;1;2;1; ; ;2; ; ;1;2; ; ;1; ;12;163,600613144166
3362668;1;2;1; ; ; ; ; ; ; ; ; ; ; ; ;12;163,600613144166
3362668;1;3;1; ; ; ; ; ; ; ; ; ; ; ; ;12;163,600613144166
3362668;1;4;1; ; ; ; ; ; ; ; ; ; ; ; ;12;163,600613144166
3362669;1;1;1; ; ; ; ; ; ; ; ; ; ; ; ;12;194,112625186589
3362669;1;2;1; ; ; ; ; ; ; ; ; ; ; ; ;12;194,112625186589
3362669;1;3;1; ; ; ; ; ; ; ; ; ; ; ; ;12;194,112625186589
3362670;1;1;1; ; ; ; ; ; ; ; ; ; ; ; ;12;232,732102953561
3362670;1;2;1; ; ; ; ; ; ; ; ; ; ; ; ;12;232,732102953561
3362670;1;3;1; ; ; ; ; ; ; ; ; ; ; ; ;12;232,732102953561
3362670;1;4;1; ; ; ; ; ; ; ; ; ; ; ; ;12;232,732102953561
3362670;1;5;2;1; ; ;2; ; ;1;2; ; ;1; ;12;232,732102953561
3362670;1;6;1; ; ; ; ; ; ; ; ; ; ; ; ;12;232,732102953561
3362671;1;1;2;2;76; ;3;76; ;1;2; ; ;1; ;12;267,51896292401
3362671;1;2;2;2;73; ;3;76; ;1;2; ; ;1; ;12;267,51896292401
3362671;1;3;2;2;76; ;3;76; ;1;2; ; ;1; ;12;267,51896292401
3362671;1;4;2;2;76; ;1; ; ; ;2; ; ;1; ;12;267,51896292401
3362671;1;5;2;2;76; ;3;76; ;1;2; ; ;1; ;12;267,51896292401
3362672;1;1;2;2;52; ;3;52; ;2;2; ; ;1; ;12;183,871863644688
3362672;1;2;1; ; ; ; ; ; ; ; ; ; ; ; ;12;183,871863644688
3362673;1;1;2;2;52; ;2; ; ;1;2; ; ;1; ;12;191,660212819417
3362673;1;2;2;2;52; ;2; ; ;1;2; ; ;1; ;12;191,660212819417
3362674;1;1;2;2;52; ;2; ; ;1;2; ; ;1; ;12;228,939955087514
3362674;1;2;1; ; ; ; ; ; ; ; ; ; ; ; ;12;228,939955087514
3362674;1;3;1; ; ; ; ; ; ; ; ; ; ; ; ;12;228,939955087514
3362674;1;4;1; ; ; ; ; ; ; ; ; ; ; ; ;12;228,939955087514
3362675;1;1;2;2;52; ;2; ; ;1;2; ; ;1; ;12;287,07730475801
3362675;1;2;1; ; ; ; ; ; ; ; ; ; ; ; ;12;287,07730475801
3362675;1;3;1; ; ; ; ; ; ; ; ; ; ; ; ;12;287,07730475801
3362675;1;4;2;2;86; ;2; ; ;1;2; ; ;1; ;12;287,07730475801
3362675;1;5;1; ; ; ; ; ; ; ; ; ; ; ; ;12;287,07730475801
3362676;1;1;2;1; ; ;3;47; ;1;2; ; ;1; ;12;256,293587263812
3362676;1;2;2;2;76; ;3;47; ;1;2; ; ;1; ;12;256,293587263812
3362676;1;3;2;2;47; ;3;47; ;1;2; ; ;1; ;12;256,293587263812
3362676;1;4;2;2;47; ;1; ; ; ;2; ; ;1; ;12;256,293587263812
3362677;1;1;1; ; ; ; ; ; ; ; ; ; ; ; ;12;249,540600874013
3362677;1;2;2;2;76; ;2; ; ;1;2; ; ;1; ;12;249,540600874013
3362677;1;3;1; ; ; ; ; ; ; ; ; ; ; ; ;12;249,540600874013
3362677;1;4;1; ; ; ; ; ; ; ; ; ; ; ; ;12;249,540600874013
3362678;1;1;1; ; ; ; ; ; ; ; ; ; ; ; ;12;247,581596372283
3362678;1;2;2;2;52; ;2; ; ;1;2; ; ;1; ;12;247,581596372283
3362678;1;3;1; ; ; ; ; ; ; ; ; ; ; ; ;12;247,581596372283
3362678;1;4;1; ; ; ; ; ; ; ; ; ; ; ; ;12;247,581596372283
3362679;1;1;1; ; ; ; ; ; ; ; ; ; ; ; ;12;166,995194421025
3362679;1;2;1; ; ; ; ; ; ; ; ; ; ; ; ;12;166,995194421025
3362679;1;3;1; ; ; ; ; ; ; ; ; ; ; ; ;12;166,995194421025
3362679;1;4;1; ; ; ; ; ; ; ; ; ; ; ; ;12;166,995194421025
3362679;1;5;1; ; ; ; ; ; ; ; ; ; ; ; ;12;166,995194421025
3362679;1;6;1; ; ; ; ; ; ; ; ; ; ; ; ;12;166,995194421025
3362680;1;1;2;2;52; ;2; ; ;1;2; ; ;1; ;12;200,865611576388
3362680;1;2;1; ; ; ; ; ; ; ; ; ; ; ; ;12;200,865611576388
3362680;1;3;1; ; ; ; ; ; ; ; ; ; ; ; ;12;200,865611576388
3362681;1;1;2;2;86; ;2; ; ;1;2; ; ;1; ;12;165,459482603084
3362681;1;2;1; ; ; ; ; ; ; ; ; ; ; ; ;12;165,459482603084
3362681;1;3;1; ; ; ; ; ; ; ; ; ; ; ; ;12;165,459482603084
3362681;1;4;1; ; ; ; ; ; ; ; ; ; ; ; ;12;165,459482603084
3362681;1;5;1; ; ; ; ; ; ; ; ; ; ; ; ;12;165,459482603084
3362682;1;1;2;2;52; ;2; ; ;1;2; ; ;1; ;12;261,682677083442
3362682;1;2;2;2;52; ;2; ; ;1;2; ; ;1; ;12;261,682677083442
3362682;1;3;2;2;52; ;2; ; ;1;2; ; ;1; ;12;261,682677083442
3362682;1;4;1; ; ; ; ; ; ; ; ; ; ; ; ;12;261,682677083442
3362682;1;5;1; ; ; ; ; ; ; ; ; ; ; ; ;12;261,682677083442
3362683;1;1;2;1; ; ;3;19; ;2;2; ; ;1; ;12;215,697885091384
3362683;1;2;1; ; ; ; ; ; ; ; ; ; ; ; ;12;215,697885091384
3362683;1;3;1; ; ; ; ; ; ; ; ; ; ; ; ;12;215,697885091384
3362684;1;1;2;2;52; ;2; ; ;1;2; ; ;1; ;12;204,404338127975
3362684;1;2;2;2;52; ;2; ; ;1;2; ; ;1; ;12;204,404338127975
3362684;1;3;1; ; ; ; ; ; ; ; ; ; ; ; ;12;204,404338127975
3362684;1;4;1; ; ; ; ; ; ; ; ; ; ; ; ;12;204,404338127975
3362685;1;1;2;2;52; ;3;52; ;1;2; ; ;1; ;12;165,208372450669
3362685;1;2;2;2;52; ;3;52; ;1;2; ; ;1; ;12;165,208372450669
3362685;1;3;2;1; ; ;3;52; ;1;2; ; ;1; ;12;165,208372450669
3362685;1;4;2;2;52; ;3;52; ;1;2; ; ;1; ;12;165,208372450669
3362686;1;1;2;1; ; ;2; ; ;1;2; ; ;1; ;12;183,803692341477
3362686;1;2;2;2;52; ;2; ; ;1;2; ; ;1; ;12;183,803692341477
3362686;1;3;1; ; ; ; ; ; ; ; ; ; ; ; ;12;183,803692341477
3362686;1;4;1; ; ; ; ; ; ; ; ; ; ; ; ;12;183,803692341477
3362687;1;1;1; ; ; ; ; ; ; ; ; ; ; ; ;12;183,803692341477
3362687;1;2;2;1; ; ;2; ; ;1;2; ; ;1; ;12;183,803692341477
3362687;1;3;1; ; ; ; ; ; ; ; ; ; ; ; ;12;183,803692341477
3362687;1;4;1; ; ; ; ; ; ; ; ; ; ; ; ;12;183,803692341477
3362688;1;1;2;2;52; ;2; ; ;1;2; ; ;1; ;12;154,85896967508
3362688;1;2;1; ; ; ; ; ; ; ; ; ; ; ; ;12;154,85896967508
3362688;1;3;1; ; ; ; ; ; ; ; ; ; ; ; ;12;154,85896967508
3362689;1;1;2;1; ; ;2; ; ;1;2; ; ;1; ;12;140,626434097169
3362689;1;2;2;2;19; ;2; ; ;1;2; ; ;1; ;12;140,626434097169
3362689;1;3;1; ; ; ; ; ; ; ; ; ; ; ; ;12;140,626434097169
3362689;1;4;1; ; ; ; ; ; ; ; ; ; ; ; ;12;140,626434097169
3362691;1;1;2;2;52; ;2; ; ;1;2; ; ;1; ;12;177,372298569348
3362691;1;2;1; ; ; ; ; ; ; ; ; ; ; ; ;12;177,372298569348
3362691;1;3;1; ; ; ; ; ; ; ; ; ; ; ; ;12;177,372298569348
3362692;1;1;1; ; ; ; ; ; ; ; ; ; ; ; ;12;150,064987787011
3362692;1;2;2;2;52; ;3;52; ;1;3;52; ;2;4;12;150,064987787011
3362692;1;3;1; ; ; ; ; ; ; ; ; ; ; ; ;12;150,064987787011
3362693;1;1;1; ; ; ; ; ; ; ; ; ; ; ; ;12;141,674589513152
3362693;1;2;2;2;86; ;2; ; ;1;2; ; ;1; ;12;141,674589513152
3362694;1;1;1; ; ; ; ; ; ; ; ; ; ; ; ;12;219,547722791633
3362694;1;2;1; ; ; ; ; ; ; ; ; ; ; ; ;12;219,547722791633
3362694;1;3;1; ; ; ; ; ; ; ; ; ; ; ; ;12;219,547722791633
3362694;1;4;1; ; ; ; ; ; ; ; ; ; ; ; ;12;219,547722791633
3362694;1;5;1; ; ; ; ; ; ; ; ; ; ; ; ;12;219,547722791633
3362695;1;1;2;2;52; ;2; ; ;1;2; ; ;1; ;12;200,612190261929
3362695;1;2;2;2;19; ;2; ; ;1;2; ; ;1; ;12;200,612190261929
3362696;1;1;1; ; ; ; ; ; ; ; ; ; ; ; ;12;249,540600874013
3362696;1;2;2;3; ;4;2; ; ;1;2; ; ;1; ;12;249,540600874013
3362696;1;3;1; ; ; ; ; ; ; ; ; ; ; ; ;12;249,540600874013
3362696;1;4;1; ; ; ; ; ; ; ; ; ; ; ; ;12;249,540600874013
3362698;1;1;1; ; ; ; ; ; ; ; ; ; ; ; ;12;242,392665305583
3362698;1;2;1; ; ; ; ; ; ; ; ; ; ; ; ;12;242,392665305583
3362698;1;3;1; ; ; ; ; ; ; ; ; ; ; ; ;12;242,392665305583
3362698;1;4;1; ; ; ; ; ; ; ; ; ; ; ; ;12;242,392665305583
3362699;1;1;2;1; ; ;2; ; ;1;3;66; ;1; ;12;211,905737225338
3362700;1;1;2;2;76; ;2; ; ;1;2; ; ;1; ;12;228,939955087514
3362700;1;2;1; ; ; ; ; ; ; ; ; ; ; ; ;12;228,939955087514
3362700;1;3;1; ; ; ; ; ; ; ; ; ; ; ; ;12;228,939955087514
3362700;1;4;1; ; ; ; ; ; ; ; ; ; ; ; ;12;228,939955087514
3362701;1;1;1; ; ; ; ; ; ; ; ; ; ; ; ;12;217,392986809646
3362701;1;2;2;2;52; ;2; ; ;1;2; ; ;1; ;12;217,392986809646
3362701;1;3;1; ; ; ; ; ; ; ; ; ; ; ; ;12;217,392986809646
3362701;1;4;1; ; ; ; ; ; ; ; ; ; ; ; ;12;217,392986809646
3362702;1;1;1; ; ; ; ; ; ; ; ; ; ; ; ;12;184,707985873674
3362702;1;2;1; ; ; ; ; ; ; ; ; ; ; ; ;12;184,707985873674
3362702;1;3;1; ; ; ; ; ; ; ; ; ; ; ; ;12;184,707985873674
3362702;1;4;1; ; ; ; ; ; ; ; ; ; ; ; ;12;184,707985873674
3362703;1;1;1; ; ; ; ; ; ; ; ; ; ; ; ;12;187,943366845455
3362703;1;2;1; ; ; ; ; ; ; ; ; ; ; ; ;12;187,943366845455
3362703;1;3;2;2;11; ;2; ; ;1;2; ; ;1; ;12;187,943366845455
3362703;1;4;1; ; ; ; ; ; ; ; ; ; ; ; ;12;187,943366845455
3362703;1;5;1; ; ; ; ; ; ; ; ; ; ; ; ;12;187,943366845455
3362704;1;1;2;2;41; ;2; ; ;1;2; ; ;1; ;12;159,450252881015
3362704;1;2;2;2;41; ;2; ; ;1;2; ; ;1; ;12;159,450252881015
3362705;1;1;2;2;17; ;2; ; ;1;2; ; ;1; ;12;227,006902182725
3362705;1;2;2;2;73; ;2; ; ;1;2; ; ;1; ;12;227,006902182725
3362705;1;3;1; ; ; ; ; ; ; ; ; ; ; ; ;12;227,006902182725
3362705;1;4;1; ; ; ; ; ; ; ; ; ; ; ; ;12;227,006902182725
3362705;1;5;1; ; ; ; ; ; ; ; ; ; ; ; ;12;227,006902182725
3362706;1;1;1; ; ; ; ; ; ; ; ; ; ; ; ;12;247,158803948851
3362706;1;2;1; ; ; ; ; ; ; ; ; ; ; ; ;12;247,158803948851
3362707;1;1;2;2;50; ;3;50; ;1;2; ; ;1; ;12;122,626937251073
3362707;1;2;1; ; ; ; ; ; ; ; ; ; ; ; ;12;122,626937251073
3362707;1;3;2;2;50; ;3;50; ;1;2; ; ;1; ;12;122,626937251073
3362707;1;4;2;2;50; ;2; ; ;1;3;50; ;1; ;12;122,626937251073
3362708;1;1;2;2;50; ;3;50; ;1;2; ; ;1; ;12;638,474856329113
3362708;1;2;1; ; ; ; ; ; ; ; ; ; ; ; ;12;638,474856329113
3362708;1;3;1; ; ; ; ; ; ; ; ; ; ; ; ;12;638,474856329113
3362708;1;4;1; ; ; ; ; ; ; ; ; ; ; ; ;12;638,474856329113
3362708;1;5;1; ; ; ; ; ; ; ; ; ; ; ; ;12;638,474856329113
3362709;1;1;2;2;95; ;3;95; ;2;3;95; ;2;1;12;707,115263241375
3362709;1;2;2;2;95; ;1; ; ; ;3;95; ;2;4;12;707,115263241375
3362710;1;1;1; ; ; ; ; ; ; ; ; ; ; ; ;12;200,194590537688
3362710;1;2;1; ; ; ; ; ; ; ; ; ; ; ; ;12;200,194590537688
3362710;1;3;1; ; ; ; ; ; ; ; ; ; ; ; ;12;200,194590537688
3362710;1;4;1; ; ; ; ; ; ; ; ; ; ; ; ;12;200,194590537688
3362710;1;5;1; ; ; ; ; ; ; ; ; ; ; ; ;12;200,194590537688
3362710;1;6;1; ; ; ; ; ; ; ; ; ; ; ; ;12;200,194590537688
3362710;1;7;1; ; ; ; ; ; ; ; ; ; ; ; ;12;200,194590537688
3362711;1;1;1; ; ; ; ; ; ; ; ; ; ; ; ;12;182,614452673428
3362712;1;1;1; ; ; ; ; ; ; ; ; ; ; ; ;12;136,960839505071
3362713;1;1;1; ; ; ; ; ; ; ; ; ; ; ; ;12;190,34769026498
3362714;1;1;1; ; ; ; ; ; ; ; ; ; ; ; ;12;147,460667364688
3362715;1;1;1; ; ; ; ; ; ; ; ; ; ; ; ;12;125,108930217035
3362715;1;2;1; ; ; ; ; ; ; ; ; ; ; ; ;12;125,108930217035
3362715;1;3;1; ; ; ; ; ; ; ; ; ; ; ; ;12;125,108930217035
3362716;1;1;2;2;68; ;2; ; ;1;2; ; ;1; ;12;157,028790700216
3362716;1;2;2;2;68; ;2; ; ;1;2; ; ;1; ;12;157,028790700216
3362717;1;1;1; ; ; ; ; ; ; ; ; ; ; ; ;12;168,936987280655
3362717;1;2;2;2;11; ;2; ; ;1;2; ; ;1; ;12;168,936987280655
3362717;1;3;1; ; ; ; ; ; ; ; ; ; ; ; ;12;168,936987280655
3362717;1;4;1; ; ; ; ; ; ; ; ; ; ; ; ;12;168,936987280655
3362718;1;1;1; ; ; ; ; ; ; ; ; ; ; ; ;12;196,614223152917
3362719;1;1;2;2;86; ;2; ; ;1;2; ; ;1; ;12;216,010390708262
3362719;1;2;2;2;68; ;3;68; ;1;2; ; ;1; ;12;216,010390708262
3362719;1;3;2;2;86; ;3;86; ;1;2; ; ;1; ;12;216,010390708262
3362719;1;4;1; ; ; ; ; ; ; ; ; ; ; ; ;12;216,010390708262
3362720;1;1;1; ; ; ; ; ; ; ; ; ; ; ; ;12;342,655894084305
3362720;1;2;2;2;76; ;2; ; ;1;2; ; ;1; ;12;342,655894084305
3362720;1;3;1; ; ; ; ; ; ; ; ; ; ; ; ;12;342,655894084305
3362720;1;4;1; ; ; ; ; ; ; ; ; ; ; ; ;12;342,655894084305
3362720;1;5;1; ; ; ; ; ; ; ; ; ; ; ; ;12;342,655894084305
3362720;1;6;1; ; ; ; ; ; ; ; ; ; ; ; ;12;342,655894084305
3362720;1;7;1; ; ; ; ; ; ; ; ; ; ; ; ;12;342,655894084305
3362720;1;8;1; ; ; ; ; ; ; ; ; ; ; ; ;12;342,655894084305
3362720;1;9;1; ; ; ; ; ; ; ; ; ; ; ; ;12;342,655894084305
3362721;1;1;2;2;73; ;2; ; ;1;2; ; ;1; ;12;227,006902182725
3362721;1;2;2;2;17; ;2; ; ;1;2; ; ;1; ;12;227,006902182725
3362721;1;3;1; ; ; ; ; ; ; ; ; ; ; ; ;12;227,006902182725
3362721;1;4;1; ; ; ; ; ; ; ; ; ; ; ; ;12;227,006902182725
3362721;1;5;1; ; ; ; ; ; ; ; ; ; ; ; ;12;227,006902182725
3362722;1;1;1; ; ; ; ; ; ; ; ; ; ; ; ;12;240,168645193194
3362722;1;2;2;2;95; ;3;95; ;1;2; ; ;1; ;12;240,168645193194
3362722;1;3;2;2;95; ;3;95; ;1;2; ; ;1; ;12;240,168645193194
3362722;1;4;2;2;95; ;3;95; ;1;2; ; ;1; ;12;240,168645193194
3362723;1;1;2;2;19; ;2; ; ;1;2; ; ;1; ;12;196,614223152917
3362724;1;1;2;2;73; ;2; ; ;1;2; ; ;1; ;12;476,744221918609
3362724;1;2;2;2;11; ;2; ; ;1;2; ; ;1; ;12;476,744221918609
3362724;1;3;1; ; ; ; ; ; ; ; ; ; ; ; ;12;476,744221918609
3362725;1;1;2;2;68; ;2; ; ;1;2; ; ;1; ;12;494,317607897702
3362725;1;2;2;2;13; ;2; ; ;1;2; ; ;1; ;12;494,317607897702
3362726;1;1;2;3; ;2;4; ;2; ;2; ; ;1; ;12;494,317607897702
3362726;1;2;2;2;25; ;3;25; ;1;3;25; ;1; ;12;494,317607897702
3362727;1;1;1; ; ; ; ; ; ; ; ; ; ; ; ;12;494,317607897702
3362727;1;2;2;2;25; ;3;25; ;1;3;25; ;1; ;12;494,317607897702
3362728;1;1;2;2;25; ;2; ; ;1;2; ; ;1; ;12;476,744221918609
3362728;1;2;2;2;11; ;2; ; ;1;2; ; ;1; ;12;476,744221918609
3362728;1;3;1; ; ; ; ; ; ; ; ; ; ; ; ;12;476,744221918609
3362729;1;1;2;2;17; ;2; ; ;1;2; ; ;1; ;12;379,952213496922
3362729;1;2;2;2;17; ;2; ; ;1;2; ; ;1; ;12;379,952213496922
3362731;1;1;2;2;68; ;3;68; ;1;2; ; ;1; ;12;344,778932632351
3362731;1;2;2;2;68; ;3;68; ;1;2; ; ;1; ;12;344,778932632351
3362731;1;3;2;2;68; ;3;68; ;1;2; ; ;1; ;12;344,778932632351
3362731;1;4;2;2;68; ;3;68; ;1;2; ; ;1; ;12;344,778932632351
3362731;1;5;2;2;68; ;3;68; ;1;2; ; ;1; ;12;344,778932632351
3362732;1;1;1; ; ; ; ; ; ; ; ; ; ; ; ;12;494,317607897702
3362732;1;2;1; ; ; ; ; ; ; ; ; ; ; ; ;12;494,317607897702
3362733;1;1;2;2;05; ;2; ; ;1;2; ; ;1; ;12;324,951610720992
3362733;1;2;2;2;25; ;2; ; ;1;2; ; ;1; ;12;324,951610720992
3362733;1;3;1; ; ; ; ; ; ; ; ; ; ; ; ;12;324,951610720992
3362734;1;1;1; ; ; ; ; ; ; ; ; ; ; ; ;12;458,26637058672
3362734;1;2;1; ; ; ; ; ; ; ; ; ; ; ; ;12;458,26637058672
3362734;1;3;1; ; ; ; ; ; ; ; ; ; ; ; ;12;458,26637058672
3362735;1;1;2;2;73; ;2; ; ;1;2; ; ;1; ;12;475,962240365465
3362735;1;2;1; ; ; ; ; ; ; ; ; ; ; ; ;12;475,962240365465
3362735;1;3;1; ; ; ; ; ; ; ; ; ; ; ; ;12;475,962240365465
3362735;1;4;1; ; ; ; ; ; ; ; ; ; ; ; ;12;475,962240365465
3362736;1;1;1; ; ; ; ; ; ; ; ; ; ; ; ;12;415,150373399463
3362737;1;1;1; ; ; ; ; ; ; ; ; ; ; ; ;12;159,004772089783
3362737;1;2;1; ; ; ; ; ; ; ; ; ; ; ; ;12;159,004772089783
3362737;1;3;1; ; ; ; ; ; ; ; ; ; ; ; ;12;159,004772089783
3362737;1;4;1; ; ; ; ; ; ; ; ; ; ; ; ;12;159,004772089783
3362737;1;5;1; ; ; ; ; ; ; ; ; ; ; ; ;12;159,004772089783
3362737;2;1;2;2;73; ;2; ; ;1;2; ; ;1; ;12;159,004772089783
3362737;3;1;2;2;50; ;3;50; ;1;2; ; ;1; ;12;159,004772089783
3362737;3;2;1; ; ; ; ; ; ; ; ; ; ; ; ;12;159,004772089783
3362737;3;3;1; ; ; ; ; ; ; ; ; ; ; ; ;12;159,004772089783
3362738;1;1;2;2;25; ;2; ; ;1;2; ; ;1; ;12;253,796920353307
3362739;1;1;2;2;15; ;2; ; ;1;2; ; ;1; ;12;179,001888748454
3362739;1;2;2;2;11; ;2; ; ;1;2; ; ;1; ;12;179,001888748454
3362739;1;3;1; ; ; ; ; ; ; ; ; ; ; ; ;12;179,001888748454
3362742;1;1;2;2;15; ;2; ; ;1;2; ; ;1; ;12;182,985947992804
3362742;1;2;2;2;50; ;2; ; ;1;2; ; ;1; ;12;182,985947992804
3362742;1;3;1; ; ; ; ; ; ; ; ; ; ; ; ;12;182,985947992804
3362742;1;4;1; ; ; ; ; ; ; ; ; ; ; ; ;12;182,985947992804
3362743;1;1;2;2;95; ;2; ; ;1;2; ; ;1; ;12;170,140699405887
3362743;1;2;1; ; ; ; ; ; ; ; ; ; ; ; ;12;170,140699405887
3362743;1;3;1; ; ; ; ; ; ; ; ; ; ; ; ;12;170,140699405887
3362744;1;1;1; ; ; ; ; ; ; ; ; ; ; ; ;12;179,379625071832
3362744;1;2;1; ; ; ; ; ; ; ; ; ; ; ; ;12;179,379625071832
3362744;1;3;1; ; ; ; ; ; ; ; ; ; ; ; ;12;179,379625071832
3362745;1;1;1; ; ; ; ; ; ; ; ; ; ; ; ;12;189,962852295268
3362745;1;2;1; ; ; ; ; ; ; ; ; ; ; ; ;12;189,962852295268
3362745;1;3;1; ; ; ; ; ; ; ; ; ; ; ; ;12;189,962852295268
3362746;1;1;1; ; ; ; ; ; ; ; ; ; ; ; ;12;355,665050637127
3362746;1;2;1; ; ; ; ; ; ; ; ; ; ; ; ;12;355,665050637127
3362746;1;3;1; ; ; ; ; ; ; ; ; ; ; ; ;12;355,665050637127
3362746;1;4;1; ; ; ; ; ; ; ; ; ; ; ; ;12;355,665050637127
3362747;1;1;1; ; ; ; ; ; ; ; ; ; ; ; ;12;385,502377587995
3362747;1;2;1; ; ; ; ; ; ; ; ; ; ; ; ;12;385,502377587995
3362747;1;3;1; ; ; ; ; ; ; ; ; ; ; ; ;12;385,502377587995
3362747;1;4;1; ; ; ; ; ; ; ; ; ; ; ; ;12;385,502377587995
3362748;1;1;2;1; ; ;2; ; ;1;2; ; ;1; ;12;455,410227986821
3362748;1;2;2;3; ;1;2; ; ;1;2; ; ;1; ;12;455,410227986821
3362748;1;3;2;3; ;11;2; ; ;1;2; ; ;1; ;12;455,410227986821
3362749;1;1;2;2;05; ;2; ; ;1;2; ; ;1; ;12;338,55630180815
3362749;1;2;2;2;05; ;2; ; ;1;2; ; ;1; ;12;338,55630180815
3362749;1;3;2;2;05; ;3;05; ;1;2; ; ;1; ;12;338,55630180815
3362749;1;4;2;2;05; ;3;05; ;1;2; ; ;1; ;12;338,55630180815
3362749;1;5;2;2;05; ;3;05; ;1;2; ; ;1; ;12;338,55630180815
3362749;1;6;2;2;23; ;2; ; ;1;2; ; ;1; ;12;338,55630180815
3362749;1;7;1; ; ; ; ; ; ; ; ; ; ; ; ;12;338,55630180815
3362750;1;1;2;2;13; ;2; ; ;1;2; ; ;1; ;12;355,665050637127
3362750;1;2;2;2;05; ;2; ; ;1;2; ; ;1; ;12;355,665050637127
3362750;1;3;1; ; ; ; ; ; ; ; ; ; ; ; ;12;355,665050637127
3362750;1;4;1; ; ; ; ; ; ; ; ; ; ; ; ;12;355,665050637127
3362751;1;1;2;2;13; ;2; ; ;1;2; ; ;1; ;12;370,879898334611
3362751;1;2;1; ; ; ; ; ; ; ; ; ; ; ; ;12;370,879898334611
3362751;1;3;1; ; ; ; ; ; ; ; ; ; ; ; ;12;370,879898334611
3362753;1;1;2;2;23; ;2; ; ;1;2; ; ;1; ;12;401,683669747276
3362753;1;2;2;2;23; ;2; ; ;1;2; ; ;1; ;12;401,683669747276
3362753;1;3;2;2;23; ;2; ; ;1;2; ; ;1; ;12;401,683669747276
3362753;1;4;1; ; ; ; ; ; ; ; ; ; ; ; ;12;401,683669747276
3362754;1;1;2;2;13; ;2; ; ;1;2; ; ;1; ;12;505,366331077146
3362755;1;1;2;2;20; ;2; ; ;1;2; ; ;1; ;12;385,502377587995
3362755;1;2;2;2;70; ;2; ; ;1;2; ; ;1; ;12;385,502377587995
3362755;1;3;1; ; ; ; ; ; ; ; ; ; ; ; ;12;385,502377587995
3362755;1;4;1; ; ; ; ; ; ; ; ; ; ; ; ;12;385,502377587995
3362756;1;1;1; ; ; ; ; ; ; ; ; ; ; ; ;12;275,293557748576
3362756;1;2;1; ; ; ; ; ; ; ; ; ; ; ; ;12;275,293557748576
3362756;1;3;1; ; ; ; ; ; ; ; ; ; ; ; ;12;275,293557748576
3362756;1;4;1; ; ; ; ; ; ; ; ; ; ; ; ;12;275,293557748576
3362756;1;5;1; ; ; ; ; ; ; ; ; ; ; ; ;12;275,293557748576
3362757;1;1;1; ; ; ; ; ; ; ; ; ; ; ; ;12;330,914017119615
3362757;1;2;1; ; ; ; ; ; ; ; ; ; ; ; ;12;330,914017119615
3362758;1;1;2;2;47; ;2; ; ;1;2; ; ;1; ;12;327,371892204422
3362758;1;2;1; ; ; ; ; ; ; ; ; ; ; ; ;12;327,371892204422
3362758;1;3;2;2;47; ;2; ; ;1;2; ; ;1; ;12;327,371892204422
3362758;1;4;2;2;47; ;2; ; ;1;2; ; ;1; ;12;327,371892204422
3362759;1;1;1; ; ; ; ; ; ; ; ; ; ; ; ;12;450,791574026453
3362759;1;2;1; ; ; ; ; ; ; ; ; ; ; ; ;12;450,791574026453
3362759;1;3;1; ; ; ; ; ; ; ; ; ; ; ; ;12;450,791574026453
3362760;1;1;2;2;47; ;2; ; ;1;2; ; ;1; ;12;416,964542209078
3362760;1;2;1; ; ; ; ; ; ; ; ; ; ; ; ;12;416,964542209078
3362760;1;3;1; ; ; ; ; ; ; ; ; ; ; ; ;12;416,964542209078
3362761;1;1;2;2;13; ;2; ; ;1;2; ; ;1; ;12;328,496728576693
3362761;1;2;1; ; ; ; ; ; ; ; ; ; ; ; ;12;328,496728576693
3362761;1;3;2;2;13; ;2; ; ;1;2; ; ;1; ;12;328,496728576693
3362761;1;4;1; ; ; ; ; ; ; ; ; ; ; ; ;12;328,496728576693
3362761;1;5;1; ; ; ; ; ; ; ; ; ; ; ; ;12;328,496728576693
3362762;1;1;2;2;13; ;2; ; ;1;2; ; ;1; ;12;263,426781855521
3362762;1;2;1; ; ; ; ; ; ; ; ; ; ; ; ;12;263,426781855521
3362762;1;3;1; ; ; ; ; ; ; ; ; ; ; ; ;12;263,426781855521
3362762;1;4;1; ; ; ; ; ; ; ; ; ; ; ; ;12;263,426781855521
3362762;1;5;1; ; ; ; ; ; ; ; ; ; ; ; ;12;263,426781855521
3362763;1;1;1; ; ; ; ; ; ; ; ; ; ; ; ;12;459,743667681282
3362763;1;2;1; ; ; ; ; ; ; ; ; ; ; ; ;12;459,743667681282
3362763;1;3;1; ; ; ; ; ; ; ; ; ; ; ; ;12;459,743667681282
3362763;1;4;1; ; ; ; ; ; ; ; ; ; ; ; ;12;459,743667681282
3362764;1;1;2;2;20; ;2; ; ;1;2; ; ;1; ;12;341,835022256449
3362765;1;1;2;2;05; ;2; ; ;1;2; ; ;1; ;12;434,301621272084
3362765;1;2;1; ; ; ; ; ; ; ; ; ; ; ; ;12;434,301621272084
3362765;1;3;1; ; ; ; ; ; ; ; ; ; ; ; ;12;434,301621272084
3362766;1;1;2;2;23; ;2; ; ;1;2; ; ;1; ;12;400,6071407021
3362766;1;2;1; ; ; ; ; ; ; ; ; ; ; ; ;12;400,6071407021
3362767;1;1;1; ; ; ; ; ; ; ; ; ; ; ; ;12;360,482280609205
3362767;1;2;1; ; ; ; ; ; ; ; ; ; ; ; ;12;360,482280609205
3362767;1;3;1; ; ; ; ; ; ; ; ; ; ; ; ;12;360,482280609205
3362769;1;1;2;2;13; ;2; ; ;1;2; ; ;1; ;12;377,525374997321
3362769;1;2;1; ; ; ; ; ; ; ; ; ; ; ; ;12;377,525374997321
3362769;1;3;1; ; ; ; ; ; ; ; ; ; ; ; ;12;377,525374997321
3362769;1;4;1; ; ; ; ; ; ; ; ; ; ; ; ;12;377,525374997321
3362769;1;5;1; ; ; ; ; ; ; ; ; ; ; ; ;12;377,525374997321
3362769;1;6;1; ; ; ; ; ; ; ; ; ; ; ; ;12;377,525374997321
3362770;1;1;1; ; ; ; ; ; ; ; ; ; ; ; ;12;370,879898334611
3362770;1;2;1; ; ; ; ; ; ; ; ; ; ; ; ;12;370,879898334611
3362770;1;3;1; ; ; ; ; ; ; ; ; ; ; ; ;12;370,879898334611
3362771;1;1;2;2;13; ;2; ; ;1;2; ; ;1; ;12;332,284901163137
3362771;1;2;1; ; ; ; ; ; ; ; ; ; ; ; ;12;332,284901163137
3362771;1;3;1; ; ; ; ; ; ; ; ; ; ; ; ;12;332,284901163137
3362771;1;4;1; ; ; ; ; ; ; ; ; ; ; ; ;12;332,284901163137
3362771;1;5;1; ; ; ; ; ; ; ; ; ; ; ; ;12;332,284901163137
3362771;1;6;1; ; ; ; ; ; ; ; ; ; ; ; ;12;332,284901163137
3362771;1;7;1; ; ; ; ; ; ; ; ; ; ; ; ;12;332,284901163137
3362772;1;1;2;2;13; ;2; ; ;1;2; ; ;1; ;12;329,020115988121
3362772;1;2;2;2;13; ;2; ; ;1;2; ; ;1; ;12;329,020115988121
3362772;1;3;1; ; ; ; ; ; ; ; ; ; ; ; ;12;329,020115988121
3362772;1;4;1; ; ; ; ; ; ; ; ; ; ; ; ;12;329,020115988121
3362774;1;1;2;2;54; ;2; ; ;1;2; ; ;1; ;12;221,933741149323
3362774;1;2;1; ; ; ; ; ; ; ; ; ; ; ; ;12;221,933741149323
3362774;1;3;1; ; ; ; ; ; ; ; ; ; ; ; ;12;221,933741149323
3362774;1;4;1; ; ; ; ; ; ; ; ; ; ; ; ;12;221,933741149323
3362774;1;5;1; ; ; ; ; ; ; ; ; ; ; ; ;12;221,933741149323
3362775;1;1;1; ; ; ; ; ; ; ; ; ; ; ; ;12;205,60779204789
3362775;1;2;2;2;47; ;3;47; ;1;2; ; ;1; ;12;205,60779204789
3362775;1;3;2;2;47; ;3;47; ;1;2; ; ;1; ;12;205,60779204789
3362775;1;4;2;2;20; ;1; ; ; ;2; ; ;1; ;12;205,60779204789
3362776;1;1;1; ; ; ; ; ; ; ; ; ; ; ; ;12;169,311735989203
3362776;1;2;1; ; ; ; ; ; ; ; ; ; ; ; ;12;169,311735989203
3362776;1;3;1; ; ; ; ; ; ; ; ; ; ; ; ;12;169,311735989203
3362777;1;1;2;2;13; ;2; ; ;1;2; ; ;1; ;12;146,139056544571
3362777;1;2;2;2;23; ;2; ; ;1;2; ; ;1; ;12;146,139056544571
3362777;1;3;2;2;23; ;2; ; ;1;2; ; ;1; ;12;146,139056544571
3362778;1;1;1; ; ; ; ; ; ; ; ; ; ; ; ;12;189,775819275275
3362778;1;2;2;2;47; ;2; ; ;1;2; ; ;1; ;12;189,775819275275
3362778;1;3;2;2;47; ;2; ; ;1;2; ; ;1; ;12;189,775819275275
3362778;1;4;1; ; ; ; ; ; ; ; ; ; ; ; ;12;189,775819275275
3362778;1;5;1; ; ; ; ; ; ; ; ; ; ; ; ;12;189,775819275275
3362779;1;1;2;2;54; ;2; ; ;1;2; ; ;1; ;12;191,12405707052
3362780;1;1;2;1; ; ;2; ; ;1;2; ; ;1; ;12;157,657228673058
3362780;1;2;1; ; ; ; ; ; ; ; ; ; ; ; ;12;157,657228673058
3362780;1;3;1; ; ; ; ; ; ; ; ; ; ; ; ;12;157,657228673058
3362781;1;1;2;2;47; ;2; ; ;1;2; ; ;1; ;12;173,714935742813
3362781;1;2;2;2;47; ;2; ; ;1;2; ; ;1; ;12;173,714935742813
3362781;1;3;2;2;20; ;2; ; ;1;2; ; ;1; ;12;173,714935742813
3362782;1;1;2;2;47; ;2; ; ;1;2; ; ;1; ;12;156,327843612806
3362783;1;1;2;3; ;1;4; ;1; ;3;68; ;1; ;12;156,317528316021
3362783;1;2;2;2;20; ;2; ; ;1;2; ; ;1; ;12;156,317528316021
3362784;1;1;2;2;25; ;2; ; ;1;2; ; ;1; ;12;180,955900595855
3362785;1;1;1; ; ; ; ; ; ; ; ; ; ; ; ;12;262,391738448928
3362785;1;2;1; ; ; ; ; ; ; ; ; ; ; ; ;12;262,391738448928
3362785;1;3;1; ; ; ; ; ; ; ; ; ; ; ; ;12;262,391738448928
3362785;1;4;1; ; ; ; ; ; ; ; ; ; ; ; ;12;262,391738448928
3362785;1;5;1; ; ; ; ; ; ; ; ; ; ; ; ;12;262,391738448928
3362785;1;6;1; ; ; ; ; ; ; ; ; ; ; ; ;12;262,391738448928
3362785;1;7;1; ; ; ; ; ; ; ; ; ; ; ; ;12;262,391738448928
3362786;1;1;2;2;68; ;2; ; ;1;2; ; ;1; ;12;195,921107599829
3362786;1;2;2;2;68; ;2; ; ;1;2; ; ;1; ;12;195,921107599829
3362786;1;3;2;2;68; ;2; ; ;1;2; ; ;1; ;12;195,921107599829
3362786;1;4;2;2;68; ;2; ; ;1;2; ; ;1; ;12;195,921107599829
3362786;1;5;2;2;68; ;2; ; ;1;2; ; ;1; ;12;195,921107599829
3362787;1;1;1; ; ; ; ; ; ; ; ; ; ; ; ;12;229,024906467923
3362787;1;2;1; ; ; ; ; ; ; ; ; ; ; ; ;12;229,024906467923
3362787;1;3;1; ; ; ; ; ; ; ; ; ; ; ; ;12;229,024906467923
3362787;1;4;1; ; ; ; ; ; ; ; ; ; ; ; ;12;229,024906467923
3362787;1;5;1; ; ; ; ; ; ; ; ; ; ; ; ;12;229,024906467923
3362788;1;1;2;2;54; ;2; ; ;1;2; ; ;1; ;12;179,734642736054
3362788;1;2;2;2;54; ;2; ; ;1;2; ; ;1; ;12;179,734642736054
3362788;1;3;2;2;54; ;2; ; ;1;2; ; ;1; ;12;179,734642736054
3362789;1;1;2;2;76; ;2; ; ;1;2; ; ;1; ;12;180,955900595855
3362790;1;1;1; ; ; ; ; ; ; ; ; ; ; ; ;12;156,317528316021
3362790;1;2;2;2;54; ;2; ; ;1;2; ; ;1; ;12;156,317528316021
3362791;1;1;1; ; ; ; ; ; ; ; ; ; ; ; ;12;216,041014091526
3362791;1;2;1; ; ; ; ; ; ; ; ; ; ; ; ;12;216,041014091526
3362791;1;3;1; ; ; ; ; ; ; ; ; ; ; ; ;12;216,041014091526
3362792;1;1;1; ; ; ; ; ; ; ; ; ; ; ; ;12;159,238214955496
3362792;1;2;1; ; ; ; ; ; ; ; ; ; ; ; ;12;159,238214955496
3362792;1;3;1; ; ; ; ; ; ; ; ; ; ; ; ;12;159,238214955496
3362792;1;4;1; ; ; ; ; ; ; ; ; ; ; ; ;12;159,238214955496
3362792;1;5;1; ; ; ; ; ; ; ; ; ; ; ; ;12;159,238214955496
3362792;1;6;1; ; ; ; ; ; ; ; ; ; ; ; ;12;159,238214955496
3362793;1;1;2;2;44; ;2; ; ;1;2; ; ;1; ;12;134,331573231275
3362793;1;2;1; ; ; ; ; ; ; ; ; ; ; ; ;12;134,331573231275
3362793;1;3;1; ; ; ; ; ; ; ; ; ; ; ; ;12;134,331573231275
3362794;1;1;2;2;47; ;2; ; ;1;2; ; ;1; ;12;156,432794350549
3362794;1;2;2;2;44; ;2; ; ;1;2; ; ;1; ;12;156,432794350549
3362794;1;3;1; ; ; ; ; ; ; ; ; ; ; ; ;12;156,432794350549
3362795;1;1;1; ; ; ; ; ; ; ; ; ; ; ; ;12;180,94558529907
3362795;1;2;2;2;20; ;2; ; ;1;2; ; ;1; ;12;180,94558529907
3362796;1;1;1; ; ; ; ; ; ; ; ; ; ; ; ;12;200,867364069929
3362796;1;2;1; ; ; ; ; ; ; ; ; ; ; ; ;12;200,867364069929
3362796;1;3;1; ; ; ; ; ; ; ; ; ; ; ; ;12;200,867364069929
3362797;1;1;1; ; ; ; ; ; ; ; ; ; ; ; ;12;227,33707065359
3362797;1;2;1; ; ; ; ; ; ; ; ; ; ; ; ;12;227,33707065359
3362797;1;3;1; ; ; ; ; ; ; ; ; ; ; ; ;12;227,33707065359
3362797;1;4;1; ; ; ; ; ; ; ; ; ; ; ; ;12;227,33707065359
3362799;1;1;1; ; ; ; ; ; ; ; ; ; ; ; ;12;171,001124978334
3362799;1;2;1; ; ; ; ; ; ; ; ; ; ; ; ;12;171,001124978334
3362800;1;1;2;2;66; ;3;66; ;1;2; ; ;1; ;12;308,6836252492
3362800;1;2;1; ; ; ; ; ; ; ; ; ; ; ; ;12;308,6836252492
3362800;1;3;1; ; ; ; ; ; ; ; ; ; ; ; ;12;308,6836252492
3362800;1;4;1; ; ; ; ; ; ; ; ; ; ; ; ;12;308,6836252492
3362801;1;1;2;2;17; ;3;17; ;1;3;17; ;1; ;12;158,247075742613
3362802;1;1;1; ; ; ; ; ; ; ; ; ; ; ; ;12;187,333320115424
3362802;1;2;1; ; ; ; ; ; ; ; ; ; ; ; ;12;187,333320115424
3362802;1;3;1; ; ; ; ; ; ; ; ; ; ; ; ;12;187,333320115424
3362803;1;1;2;3; ;11;2; ; ;1;2; ; ;1; ;12;184,225406097115
3362803;1;2;1; ; ; ; ; ; ; ; ; ; ; ; ;12;184,225406097115
3362804;1;1;2;2;17; ;3;17; ;1;2; ; ;1; ;12;196,242323131318
3362805;1;1;1; ; ; ; ; ; ; ; ; ; ; ; ;12;202,458151167936
3362805;1;2;1; ; ; ; ; ; ; ; ; ; ; ; ;12;202,458151167936
3362805;1;3;1; ; ; ; ; ; ; ; ; ; ; ; ;12;202,458151167936
3362806;1;1;2;2;25; ;2; ; ;1;2; ; ;1; ;12;229,98048488547
3362806;1;2;2;2;73; ;3;17; ;1;2; ; ;1; ;12;229,98048488547
3362806;1;3;1; ; ; ; ; ; ; ; ; ; ; ; ;12;229,98048488547
3362806;1;4;1; ; ; ; ; ; ; ; ; ; ; ; ;12;229,98048488547
3362806;1;5;2;2;73; ;3;17; ;1;2; ; ;1; ;12;229,98048488547
3362806;1;6;2;2;73; ;2; ; ;1;2; ; ;1; ;12;229,98048488547
3362807;1;1;2;2;17; ;2; ; ;1;2; ; ;1; ;12;212,676298873524
3362807;1;2;1; ; ; ; ; ; ; ; ; ; ; ; ;12;212,676298873524
3362807;1;3;2;1; ; ;2; ; ;1;3;50; ;1; ;12;212,676298873524
3362808;1;1;1; ; ; ; ; ; ; ; ; ; ; ; ;12;171,471356861394
3362809;1;1;2;2;05; ;3;05; ;1;3;05; ;1; ;12;184,225406097115
3362809;1;2;2;2;05; ;3;05; ;1;3;05; ;1; ;12;184,225406097115
3362811;1;1;2;2;17; ;2; ; ;1;2; ; ;1; ;12;265,855795205258
3362811;1;2;1; ; ; ; ; ; ; ; ; ; ; ; ;12;265,855795205258
3362811;1;3;1; ; ; ; ; ; ; ; ; ; ; ; ;12;265,855795205258
3362812;1;1;2;2;17; ;2; ; ;1;2; ; ;1; ;12;177,216953014952
3362812;1;2;2;2;17; ;2; ; ;1;2; ; ;1; ;12;177,216953014952
3362812;1;3;2;2;17; ;2; ; ;1;2; ; ;1; ;12;177,216953014952
3362812;1;4;2;2;17; ;2; ; ;1;2; ; ;1; ;12;177,216953014952
3362813;1;1;2;2;17; ;2; ; ;1;2; ; ;1; ;12;229,269721521125
3362813;1;2;2;2;17; ;2; ; ;1;2; ; ;1; ;12;229,269721521125
3362813;1;3;1; ; ; ; ; ; ; ; ; ; ; ; ;12;229,269721521125
3362814;1;1;2;2;17; ;2; ; ;1;2; ; ;1; ;12;196,979455332836
3362814;1;2;2;2;17; ;2; ; ;1;2; ; ;1; ;12;196,979455332836
3362814;1;3;2;2;17; ;2; ; ;1;2; ; ;1; ;12;196,979455332836
3362815;1;1;2;2;17; ;2; ; ;1;2; ; ;1; ;12;173,121062047251
3362815;1;2;2;2;17; ;2; ; ;1;2; ; ;1; ;12;173,121062047251
3362815;1;3;2;2;17; ;3;11; ;1;3;11; ;1; ;12;173,121062047251
3362815;1;4;2;2;18; ;3;11; ;1;3;11; ;1; ;12;173,121062047251
3362815;1;5;2;2;17; ;3;11; ;1;2; ; ;1; ;12;173,121062047251
3362816;1;1;1; ; ; ; ; ; ; ; ; ; ; ; ;12;171,001124978334
3362816;1;2;1; ; ; ; ; ; ; ; ; ; ; ; ;12;171,001124978334
3362817;1;1;2;2;17; ;2; ; ;1;2; ; ;1; ;12;122,841997305884
3362817;1;2;2;1; ; ;3;11; ;1;2; ; ;1; ;12;122,841997305884
3362817;1;3;1; ; ; ; ; ; ; ; ; ; ; ; ;12;122,841997305884
3362818;1;1;1; ; ; ; ; ; ; ; ; ; ; ; ;12;464,755271078869
3362818;1;2;2;2;76; ;2; ; ;1;2; ; ;1; ;12;464,755271078869
3362818;1;3;1; ; ; ; ; ; ; ; ; ; ; ; ;12;464,755271078869
3362818;1;4;1; ; ; ; ; ; ; ; ; ; ; ; ;12;464,755271078869
3362819;1;1;2;2;17; ;2; ; ;1;2; ; ;1; ;12;273,168046981995
3362819;1;2;2;2;17; ;2; ; ;1;2; ; ;1; ;12;273,168046981995
3362820;1;1;2;2;17; ;2; ; ;1;2; ; ;1; ;12;413,198443426149
3362820;1;2;1; ; ; ; ; ; ; ; ; ; ; ; ;12;413,198443426149
3362820;1;3;1; ; ; ; ; ; ; ; ; ; ; ; ;12;413,198443426149
3362820;1;4;1; ; ; ; ; ; ; ; ; ; ; ; ;12;413,198443426149
3362821;1;1;2;2;11; ;4; ;2; ;2; ; ;1; ;12;539,362741636083
3362821;1;2;2;1; ; ;4; ;2; ;2; ; ;1; ;12;539,362741636083
3362821;1;3;2;3; ;2;4; ;2; ;2; ; ;1; ;12;539,362741636083
3362821;1;4;2;3; ;2;4; ;2; ;2; ; ;1; ;12;539,362741636083
3362822;1;1;2;2;25; ;2; ; ;1;2; ; ;1; ;12;174,889033715427
3362822;1;2;1; ; ; ; ; ; ; ; ; ; ; ; ;12;174,889033715427
3362823;1;1;1; ; ; ; ; ; ; ; ; ; ; ; ;12;157,259098793221
3362823;1;2;1; ; ; ; ; ; ; ; ; ; ; ; ;12;157,259098793221
3362823;1;3;1; ; ; ; ; ; ; ; ; ; ; ; ;12;157,259098793221
3362824;1;1;1; ; ; ; ; ; ; ; ; ; ; ; ;12;342,002249956667
3362824;1;2;1; ; ; ; ; ; ; ; ; ; ; ; ;12;342,002249956667
3362825;1;1;1; ; ; ; ; ; ; ; ; ; ; ; ;12;342,942713722787
3362826;1;1;2;2;17; ;2; ; ;1;2; ; ;1; ;12;355,374369796024
3362826;1;2;1; ; ; ; ; ; ; ; ; ; ; ; ;12;355,374369796024
3362826;1;3;1; ; ; ; ; ; ; ; ; ; ; ; ;12;355,374369796024
3362827;1;1;2;2;11; ;2; ; ;1;2; ; ;1; ;12;273,168046981995
3362827;1;2;2;2;11; ;2; ; ;1;2; ; ;1; ;12;273,168046981995
3362828;1;1;1; ; ; ; ; ; ; ; ; ; ; ; ;12;143,846746564858
3362828;1;2;1; ; ; ; ; ; ; ; ; ; ; ; ;12;143,846746564858
3362828;1;3;1; ; ; ; ; ; ; ; ; ; ; ; ;12;143,846746564858
3362828;1;4;1; ; ; ; ; ; ; ; ; ; ; ; ;12;143,846746564858
3362828;1;5;1; ; ; ; ; ; ; ; ; ; ; ; ;12;143,846746564858
3362828;1;6;1; ; ; ; ; ; ; ; ; ; ; ; ;12;143,846746564858
3362829;1;1;1; ; ; ; ; ; ; ; ; ; ; ; ;12;153,225981463812
3362829;1;2;1; ; ; ; ; ; ; ; ; ; ; ; ;12;153,225981463812
3362829;1;3;1; ; ; ; ; ; ; ; ; ; ; ; ;12;153,225981463812
3362830;1;1;2;1; ; ;2; ; ;1;2; ; ;1; ;12;193,858910987766
3362830;1;2;2;2;25; ;3;17; ;1;2; ; ;1; ;12;193,858910987766
3362830;1;3;2;2;17; ;3;17; ;1;2; ; ;1; ;12;193,858910987766
3362830;1;4;2;1; ; ;3;17; ;1;2; ; ;1; ;12;193,858910987766
3362830;1;5;2;2;17; ;3;17; ;1;2; ; ;1; ;12;193,858910987766
3362831;1;1;2;2;17; ;3;76; ;1;2; ; ;1; ;12;287,538318063917
3362831;1;2;2;2;17; ;3;76; ;1;2; ; ;1; ;12;287,538318063917
3362831;1;3;2;2;76; ;3;76; ;1;2; ; ;1; ;12;287,538318063917
3362831;1;4;1; ; ; ; ; ; ; ; ; ; ; ; ;12;287,538318063917
3362832;1;1;1; ; ; ; ; ; ; ; ; ; ; ; ;12;171,471356861394
3362833;1;1;1; ; ; ; ; ; ; ; ; ; ; ; ;12;196,979455332836
3362833;1;2;1; ; ; ; ; ; ; ; ; ; ; ; ;12;196,979455332836
3362833;1;3;1; ; ; ; ; ; ; ; ; ; ; ; ;12;196,979455332836
3362834;1;1;2;1; ; ;2; ; ;1;2; ; ;1; ;12;184,936169461459
3362834;1;2;1; ; ; ; ; ; ; ; ; ; ; ; ;12;184,936169461459
3362834;1;3;1; ; ; ; ; ; ; ; ; ; ; ; ;12;184,936169461459
3362834;1;4;1; ; ; ; ; ; ; ; ; ; ; ; ;12;184,936169461459
3362834;1;5;2;2;66; ;2; ; ;1;2; ; ;1; ;12;184,936169461459
3362835;1;1;2;2;17; ;2; ; ;1;2; ; ;1; ;12;188,113314834208
3362835;1;2;1; ; ; ; ; ; ; ; ; ; ; ; ;12;188,113314834208
3362836;1;1;1; ; ; ; ; ; ; ; ; ; ; ; ;12;219,623586303713
3362836;1;2;1; ; ; ; ; ; ; ; ; ; ; ; ;12;219,623586303713
3362836;1;3;1; ; ; ; ; ; ; ; ; ; ; ; ;12;219,623586303713
3362837;1;1;1; ; ; ; ; ; ; ; ; ; ; ; ;12;187,094848280118
3362837;1;2;1; ; ; ; ; ; ; ; ; ; ; ; ;12;187,094848280118
3362837;1;3;1; ; ; ; ; ; ; ; ; ; ; ; ;12;187,094848280118
3362837;1;4;1; ; ; ; ; ; ; ; ; ; ; ; ;12;187,094848280118
3362838;1;1;2;2;66; ;2; ; ;1;2; ; ;1; ;12;205,88845834873
3362839;1;1;1; ; ; ; ; ; ; ; ; ; ; ; ;12;157,259098793221
3362839;1;2;1; ; ; ; ; ; ; ; ; ; ; ; ;12;157,259098793221
3362839;1;3;2;2;17; ;3;05; ;1;2; ; ;1; ;12;157,259098793221
3362840;1;1;1; ; ; ; ; ; ; ; ; ; ; ; ;12;206,599221713074
3362840;1;2;1; ; ; ; ; ; ; ; ; ; ; ; ;12;206,599221713074
3362840;1;3;1; ; ; ; ; ; ; ; ; ; ; ; ;12;206,599221713074
3362840;1;4;1; ; ; ; ; ; ; ; ; ; ; ; ;12;206,599221713074
3362841;1;1;1; ; ; ; ; ; ; ; ; ; ; ; ;12;112,661738649255
3362841;1;2;1; ; ; ; ; ; ; ; ; ; ; ; ;12;112,661738649255
3362841;1;3;1; ; ; ; ; ; ; ; ; ; ; ; ;12;112,661738649255
3362841;1;4;1; ; ; ; ; ; ; ; ; ; ; ; ;12;112,661738649255
3362841;1;5;2;2;11; ;2; ; ;1;2; ; ;1; ;12;112,661738649255
3362842;1;1;2;2;47; ;2; ; ;1;2; ; ;1; ;12;220,341247898188
3362842;1;2;1; ; ; ; ; ; ; ; ; ; ; ; ;12;220,341247898188
3362842;1;3;1; ; ; ; ; ; ; ; ; ; ; ; ;12;220,341247898188
3362843;1;1;1; ; ; ; ; ; ; ; ; ; ; ; ;12;159,447541597061
3362843;1;2;1; ; ; ; ; ; ; ; ; ; ; ; ;12;159,447541597061
3362843;1;3;1; ; ; ; ; ; ; ; ; ; ; ; ;12;159,447541597061
3362843;1;4;2;2;73; ;2; ; ;1;2; ; ;1; ;12;159,447541597061
3362843;1;5;1; ; ; ; ; ; ; ; ; ; ; ; ;12;159,447541597061
3362844;1;1;1; ; ; ; ; ; ; ; ; ; ; ; ;12;205,88845834873
3362845;1;1;2;2;17; ;2; ; ;1;2; ; ;1; ;12;218,642507584451
3362845;1;2;1; ; ; ; ; ; ; ; ; ; ; ; ;12;218,642507584451
3362846;1;1;1; ; ; ; ; ; ; ; ; ; ; ; ;12;201,785669150899
3362846;1;2;1; ; ; ; ; ; ; ; ; ; ; ; ;12;201,785669150899
3362846;1;3;1; ; ; ; ; ; ; ; ; ; ; ; ;12;201,785669150899
3362846;1;4;1; ; ; ; ; ; ; ; ; ; ; ; ;12;201,785669150899
3362846;1;5;1; ; ; ; ; ; ; ; ; ; ; ; ;12;201,785669150899
3362847;1;1;2;2;17; ;2; ; ;1;2; ; ;1; ;12;171,471356861394
3362849;1;1;1; ; ; ; ; ; ; ; ; ; ; ; ;12;177,008970784344
3362849;1;2;1; ; ; ; ; ; ; ; ; ; ; ; ;12;177,008970784344
3362849;1;3;1; ; ; ; ; ; ; ; ; ; ; ; ;12;177,008970784344
3362849;1;4;1; ; ; ; ; ; ; ; ; ; ; ; ;12;177,008970784344
3362849;1;5;1; ; ; ; ; ; ; ; ; ; ; ; ;12;177,008970784344
3362850;1;1;2;1; ; ;2; ; ;1;3;11; ;1; ;12;120,458585162333
3362850;1;2;1; ; ; ; ; ; ; ; ; ; ; ; ;12;120,458585162333
3362850;1;3;1; ; ; ; ; ; ; ; ; ; ; ; ;12;120,458585162333
3362850;1;4;2;2;17; ;2; ; ;1;2; ; ;1; ;12;120,458585162333
3362850;1;5;1; ; ; ; ; ; ; ; ; ; ; ; ;12;120,458585162333
3362850;1;6;1; ; ; ; ; ; ; ; ; ; ; ; ;12;120,458585162333
3362850;2;1;1; ; ; ; ; ; ; ; ; ; ; ; ;12;120,458585162333
3362851;1;1;1; ; ; ; ; ; ; ; ; ; ; ; ;12;211,494578006603
3362851;1;2;1; ; ; ; ; ; ; ; ; ; ; ; ;12;211,494578006603
3362851;1;3;2;1; ; ;2; ; ;1;2; ; ;1; ;12;211,494578006603
3362851;1;4;1; ; ; ; ; ; ; ; ; ; ; ; ;12;211,494578006603
3362852;1;1;2;2;17; ;2; ; ;1;2; ; ;1; ;12;209,707135731384
3362852;1;2;2;2;17; ;2; ; ;1;2; ; ;1; ;12;209,707135731384
3362852;1;3;2;1; ; ;2; ; ;1;2; ; ;1; ;12;209,707135731384
3362852;1;4;2;2;17; ;2; ; ;1;2; ; ;1; ;12;209,707135731384
3362852;1;5;1; ; ; ; ; ; ; ; ; ; ; ; ;12;209,707135731384
3362853;1;1;2;2;17; ;2; ; ;1;2; ; ;1; ;12;149,808304609778
3362853;1;2;2;2;17; ;2; ; ;1;2; ; ;1; ;12;149,808304609778
3362854;1;1;2;2;17; ;2; ; ;1;2; ; ;1; ;12;171,471356861394
3362855;1;1;2;2;17; ;3;17; ;1;2; ; ;1; ;12;179,392382927896
3362857;1;1;2;2;52; ;3;52; ;1;2; ; ;1; ;12;174,371288649094
3362857;1;2;2;2;52; ;3;52; ;1;3;52; ;1; ;12;174,371288649094
3362857;1;3;2;2;52; ;2; ; ;1;2; ; ;1; ;12;174,371288649094
3362858;1;1;2;2;66; ;2; ; ;1;2; ; ;1; ;12;158,247075742613
3362859;1;1;1; ; ; ; ; ; ; ; ; ; ; ; ;12;188,113314834208
3362859;1;2;2;2;05; ;2; ; ;1;2; ; ;1; ;12;188,113314834208
3362860;1;1;1; ; ; ; ; ; ; ; ; ; ; ; ;12;157,259098793221
3362860;1;2;2;2;73; ;2; ; ;1;2; ; ;1; ;12;157,259098793221
3362860;1;3;1; ; ; ; ; ; ; ; ; ; ; ; ;12;157,259098793221
3362861;1;1;1; ; ; ; ; ; ; ; ; ; ; ; ;12;151,431640958462
3362861;1;2;1; ; ; ; ; ; ; ; ; ; ; ; ;12;151,431640958462
3362861;1;3;1; ; ; ; ; ; ; ; ; ; ; ; ;12;151,431640958462
3362861;2;1;1; ; ; ; ; ; ; ; ; ; ; ; ;12;151,431640958462
3362861;2;2;1; ; ; ; ; ; ; ; ; ; ; ; ;12;151,431640958462
3362861;2;3;1; ; ; ; ; ; ; ; ; ; ; ; ;12;151,431640958462
3362861;2;4;1; ; ; ; ; ; ; ; ; ; ; ; ;12;151,431640958462
3362862;1;1;1; ; ; ; ; ; ; ; ; ; ; ; ;12;174,109038996643
3362862;1;2;1; ; ; ; ; ; ; ; ; ; ; ; ;12;174,109038996643
3362862;1;3;1; ; ; ; ; ; ; ; ; ; ; ; ;12;174,109038996643
3362863;1;1;1; ; ; ; ; ; ; ; ; ; ; ; ;12;195,965109546271
3362863;1;2;1; ; ; ; ; ; ; ; ; ; ; ; ;12;195,965109546271
3362863;1;3;1; ; ; ; ; ; ; ; ; ; ; ; ;12;195,965109546271
3362863;1;4;1; ; ; ; ; ; ; ; ; ; ; ; ;12;195,965109546271
3362863;1;5;1; ; ; ; ; ; ; ; ; ; ; ; ;12;195,965109546271
3362863;1;6;1; ; ; ; ; ; ; ; ; ; ; ; ;12;195,965109546271
3362864;1;1;1; ; ; ; ; ; ; ; ; ; ; ; ;12;188,113314834208
3362864;1;2;2;2;17; ;2; ; ;1;2; ; ;1; ;12;188,113314834208
3362865;1;1;1; ; ; ; ; ; ; ; ; ; ; ; ;12;205,88845834873
3362866;1;1;2;2;17; ;2; ; ;1;2; ; ;1; ;12;171,471356861394
3362867;1;1;1; ; ; ; ; ; ; ; ; ; ; ; ;12;209,707135731384
3362867;1;2;1; ; ; ; ; ; ; ; ; ; ; ; ;12;209,707135731384
3362867;1;3;1; ; ; ; ; ; ; ; ; ; ; ; ;12;209,707135731384
3362867;1;4;1; ; ; ; ; ; ; ; ; ; ; ; ;12;209,707135731384
3362867;1;5;1; ; ; ; ; ; ; ; ; ; ; ; ;12;209,707135731384
3362869;1;1;2;2;17; ;2; ; ;1;2; ; ;1; ;12;174,889033715427
3362869;1;2;2;2;63; ;2; ; ;1;2; ; ;1; ;12;174,889033715427
3362870;1;1;2;2;17; ;2; ; ;1;2; ; ;1; ;12;191,66974256441
3362870;1;2;1; ; ; ; ; ; ; ; ; ; ; ; ;12;191,66974256441
3362870;1;3;1; ; ; ; ; ; ; ; ; ; ; ; ;12;191,66974256441
3362870;1;4;1; ; ; ; ; ; ; ; ; ; ; ; ;12;191,66974256441
3362870;1;5;1; ; ; ; ; ; ; ; ; ; ; ; ;12;191,66974256441
3362870;1;6;1; ; ; ; ; ; ; ; ; ; ; ; ;12;191,66974256441
3362871;1;1;2;2;73; ;2; ; ;1;2; ; ;1; ;12;118,364243105217
3362872;1;1;2;2;76; ;2; ; ;1;2; ; ;1; ;12;942,543242466333
3362872;1;2;2;2;76; ;2; ; ;1;2; ; ;1; ;12;942,543242466333
3362873;1;1;2;2;73; ;2; ; ;1;2; ; ;1; ;12;682,256078055477
3362873;1;2;1; ; ; ; ; ; ; ; ; ; ; ; ;12;682,256078055477
3362873;1;3;1; ; ; ; ; ; ; ; ; ; ; ; ;12;682,256078055477
3362873;1;4;1; ; ; ; ; ; ; ; ; ; ; ; ;12;682,256078055477
3362873;1;5;1; ; ; ; ; ; ; ; ; ; ; ; ;12;682,256078055477
3362875;1;1;2;2;63; ;2; ; ;1;2; ; ;1; ;12;735,918264846701
3362875;1;2;1; ; ; ; ; ; ; ; ; ; ; ; ;12;735,918264846701
3362875;1;3;1; ; ; ; ; ; ; ; ; ; ; ; ;12;735,918264846701
3362875;1;4;2;2;17; ;2; ; ;1;2; ; ;1; ;12;735,918264846701
3362875;1;5;2;2;11; ;4; ;4; ;4; ;4; ;1;12;735,918264846701
3362875;1;6;1; ; ; ; ; ; ; ; ; ; ; ; ;12;735,918264846701
3362875;1;7;2;2;17; ;2; ; ;1;2; ; ;1; ;12;735,918264846701
3362876;1;1;2;2;63; ;2; ; ;1;2; ; ;1; ;12;125,1723025089
3362876;1;2;2;2;11; ;3;52; ;1;3;52; ;1; ;12;125,1723025089
3362876;1;3;2;2;76; ;2; ; ;1;2; ; ;1; ;12;125,1723025089
3362877;1;1;2;2;63; ;2; ; ;1;2; ; ;1; ;12;93,310310017099
3362877;1;2;1; ; ; ; ; ; ; ; ; ; ; ; ;12;93,310310017099
3362877;1;3;2;1; ; ;3;63; ;1;2; ; ;1; ;12;93,310310017099
3362878;1;1;2;2;63; ;3;05; ;1;2; ; ;1; ;12;164,790584916168
3362878;1;2;2;2;11; ;2; ; ;1;2; ; ;1; ;12;164,790584916168
3362879;1;1;2;2;50; ;2; ; ;1;2; ; ;1; ;12;124,849365738808
3362879;1;2;1; ; ; ; ; ; ; ; ; ; ; ; ;12;124,849365738808
3362879;1;3;1; ; ; ; ; ; ; ; ; ; ; ; ;12;124,849365738808
3362879;1;4;1; ; ; ; ; ; ; ; ; ; ; ; ;12;124,849365738808
3362880;1;1;1; ; ; ; ; ; ; ; ; ; ; ; ;12;137,472516883096
3362880;1;2;2;2;63; ;2; ; ;1;2; ; ;1; ;12;137,472516883096
3362880;1;3;1; ; ; ; ; ; ; ; ; ; ; ; ;12;137,472516883096
3362880;1;4;1; ; ; ; ; ; ; ; ; ; ; ; ;12;137,472516883096
3362881;1;1;2;2;63; ;2; ; ;1;2; ; ;1; ;12;121,587678591267
3362881;1;2;1; ; ; ; ; ; ; ; ; ; ; ; ;12;121,587678591267
3362881;1;3;1; ; ; ; ; ; ; ; ; ; ; ; ;12;121,587678591267
3362881;1;4;2;2;05; ;3;63; ;1;2; ; ;1; ;12;121,587678591267
3362882;1;1;2;2;66; ;2; ; ;1;2; ; ;1; ;12;96,6887975645135
3362882;1;2;1; ; ; ; ; ; ; ; ; ; ; ; ;12;96,6887975645135
3362882;1;3;2;2;63; ;2; ; ;1;2; ; ;1; ;12;96,6887975645135
3362883;1;1;2;2;63; ;2; ; ;1;2; ; ;1; ;12;160,663510779054
3362883;1;2;2;2;63; ;2; ; ;1;2; ; ;1; ;12;160,663510779054
3362883;1;3;1; ; ; ; ; ; ; ; ; ; ; ; ;12;160,663510779054
3362884;1;1;2;2;19; ;2; ; ;1;2; ; ;1; ;12;1141,52645499817
3362885;1;1;2;2;63; ;2; ; ;1;2; ; ;1; ;12;1435,26543909415
3362885;1;2;2;2;11; ;2; ; ;1;2; ; ;1; ;12;1435,26543909415
3362885;1;3;2;2;11; ;2; ; ;1;2; ; ;1; ;12;1435,26543909415
3362886;1;1;1; ; ; ; ; ; ; ; ; ; ; ; ;12;1082,14894155738
3362887;1;1;2;2;76; ;2; ; ;1;2; ; ;1; ;12;578,064392621966
3362887;1;2;2;2;05; ;2; ; ;1;2; ; ;1; ;12;578,064392621966
3362887;1;3;1; ; ; ; ; ; ; ; ; ; ; ; ;12;578,064392621966
3362888;1;1;1; ; ; ; ; ; ; ; ; ; ; ; ;12;1195,03553537492
3362888;1;2;1; ; ; ; ; ; ; ; ; ; ; ; ;12;1195,03553537492
3362888;1;3;1; ; ; ; ; ; ; ; ; ; ; ; ;12;1195,03553537492
3362888;1;4;1; ; ; ; ; ; ; ; ; ; ; ; ;12;1195,03553537492
3362888;1;5;1; ; ; ; ; ; ; ; ; ; ; ; ;12;1195,03553537492
3362889;1;1;2;2;63; ;2; ; ;1;2; ; ;1; ;12;752,296275182734
3362889;1;2;2;2;73; ;2; ; ;1;2; ; ;1; ;12;752,296275182734
3362889;1;3;1; ; ; ; ; ; ; ; ; ; ; ; ;12;752,296275182734
3362889;1;4;1; ; ; ; ; ; ; ; ; ; ; ; ;12;752,296275182734
3362890;1;1;1; ; ; ; ; ; ; ; ; ; ; ; ;12;743,5600299345
3362890;1;2;1; ; ; ; ; ; ; ; ; ; ; ; ;12;743,5600299345
3362890;1;3;2;2;76; ;2; ; ;1;2; ; ;1; ;12;743,5600299345
3362891;1;1;2;2;76; ;2; ; ;1;2; ; ;1; ;12;1224,05223174661
3362891;1;2;2;2;05; ;2; ; ;1;2; ; ;1; ;12;1224,05223174661
3362891;1;3;1; ; ; ; ; ; ; ; ; ; ; ; ;12;1224,05223174661
3362892;1;1;2;1; ; ;2; ; ;1;2; ; ;1; ;12;737,91739997989
3362893;1;1;1; ; ; ; ; ; ; ; ; ; ; ; ;12;1141,52645499817
3362894;1;1;2;2;76; ;2; ; ;1;2; ; ;1; ;12;1023,43795388114
3362895;1;1;1; ; ; ; ; ; ; ; ; ; ; ; ;12;1716,77442837442
3362895;1;2;2;1; ; ;3;11; ;1;2; ; ;1; ;12;1716,77442837442
3362895;1;3;2;2;11; ;3;11; ;1;2; ; ;1; ;12;1716,77442837442
3362895;1;4;2;2;11; ;1; ; ; ;2; ; ;1; ;12;1716,77442837442
3362896;1;1;1; ; ; ; ; ; ; ; ; ; ; ; ;12;1850,66040511248
3362896;1;2;1; ; ; ; ; ; ; ; ; ; ; ; ;12;1850,66040511248
3362896;1;3;1; ; ; ; ; ; ; ; ; ; ; ; ;12;1850,66040511248
3362896;1;4;1; ; ; ; ; ; ; ; ; ; ; ; ;12;1850,66040511248
3362896;1;5;1; ; ; ; ; ; ; ; ; ; ; ; ;12;1850,66040511248
3362896;1;6;1; ; ; ; ; ; ; ; ; ; ; ; ;12;1850,66040511248
3362896;1;7;1; ; ; ; ; ; ; ; ; ; ; ; ;12;1850,66040511248
3362896;1;8;1; ; ; ; ; ; ; ; ; ; ; ; ;12;1850,66040511248
3362897;1;1;1; ; ; ; ; ; ; ; ; ; ; ; ;12;558,483610119639
3362897;1;2;2;2;54; ;2; ; ;1;2; ; ;1; ;12;558,483610119639
3362897;1;3;2;2;23; ;2; ; ;1;2; ; ;1; ;12;558,483610119639
3362897;1;4;1; ; ; ; ; ; ; ; ; ; ; ; ;12;558,483610119639
3362898;1;1;1; ; ; ; ; ; ; ; ; ; ; ; ;12;963,511265556108
3362898;1;2;1; ; ; ; ; ; ; ; ; ; ; ; ;12;963,511265556108
3362898;1;3;1; ; ; ; ; ; ; ; ; ; ; ; ;12;963,511265556108
3362898;1;4;2;2;19; ;2; ; ;1;2; ; ;1; ;12;963,511265556108
3362898;1;5;1; ; ; ; ; ; ; ; ; ; ; ; ;12;963,511265556108
3362899;1;1;1; ; ; ; ; ; ; ; ; ; ; ; ;12;1082,37138350628
3362899;1;2;1; ; ; ; ; ; ; ; ; ; ; ; ;12;1082,37138350628
3362899;1;3;1; ; ; ; ; ; ; ; ; ; ; ; ;12;1082,37138350628
3362899;1;4;1; ; ; ; ; ; ; ; ; ; ; ; ;12;1082,37138350628
3362899;1;5;1; ; ; ; ; ; ; ; ; ; ; ; ;12;1082,37138350628
3362900;1;1;1; ; ; ; ; ; ; ; ; ; ; ; ;12;938,500318014606
3362900;1;2;2;2;19; ;2; ; ;1;2; ; ;1; ;12;938,500318014606
3362900;1;3;1; ; ; ; ; ; ; ; ; ; ; ; ;12;938,500318014606
3362900;1;4;1; ; ; ; ; ; ; ; ; ; ; ; ;12;938,500318014606
3362900;1;5;1; ; ; ; ; ; ; ; ; ; ; ; ;12;938,500318014606
3362900;1;6;1; ; ; ; ; ; ; ; ; ; ; ; ;12;938,500318014606
3362901;1;1;1; ; ; ; ; ; ; ; ; ; ; ; ;12;1449,64431429699
3362901;1;2;1; ; ; ; ; ; ; ; ; ; ; ; ;12;1449,64431429699
3362901;1;3;1; ; ; ; ; ; ; ; ; ; ; ; ;12;1449,64431429699
3362901;1;4;1; ; ; ; ; ; ; ; ; ; ; ; ;12;1449,64431429699
3362901;1;5;1; ; ; ; ; ; ; ; ; ; ; ; ;12;1449,64431429699
3362901;1;6;2;2;05; ;2; ; ;1;2; ; ;1; ;12;1449,64431429699
3362902;1;1;2;2;18; ;2; ; ;1;2; ; ;1; ;12;684,182516493713
3362902;1;2;1; ; ; ; ; ; ; ; ; ; ; ; ;12;684,182516493713
3362902;1;3;1; ; ; ; ; ; ; ; ; ; ; ; ;12;684,182516493713
3362903;1;1;2;2;76; ;4; ;2; ;2; ; ;1; ;12;779,132731336544
3362903;1;2;2;1; ; ;4; ;2; ;2; ; ;1; ;12;779,132731336544
3362903;1;3;2;2;76; ;2; ; ;1;2; ; ;1; ;12;779,132731336544
3362904;1;1;2;2;76; ;2; ; ;1;2; ; ;1; ;12;1116,10859926255
3362904;1;2;2;2;76; ;2; ; ;1;2; ; ;1; ;12;1116,10859926255
3362904;1;3;2;2;76; ;2; ; ;1;2; ; ;1; ;12;1116,10859926255
3362905;1;1;2;2;73; ;2; ; ;1;2; ; ;1; ;12;922,962459964006
3362905;1;2;1; ; ; ; ; ; ; ; ; ; ; ; ;12;922,962459964006
3362905;1;3;2;1; ; ;2; ; ;1;2; ; ;1; ;12;922,962459964006
3362906;1;1;1; ; ; ; ; ; ; ; ; ; ; ; ;12;942,543242466333
3362906;1;2;1; ; ; ; ; ; ; ; ; ; ; ; ;12;942,543242466333
3362907;1;1;2;2;76; ;2; ; ;1;2; ; ;1; ;12;1023,43795388114
3362908;1;1;2;2;76; ;2; ; ;1;2; ; ;1; ;12;1023,43795388114
3362909;1;1;2;2;76; ;2; ; ;1;2; ; ;1; ;12;718,336617477564
3362909;1;2;2;2;76; ;2; ; ;1;2; ; ;1; ;12;718,336617477564
3362910;1;1;1; ; ; ; ; ; ; ; ; ; ; ; ;12;1202,32256885715
3362910;1;2;1; ; ; ; ; ; ; ; ; ; ; ; ;12;1202,32256885715
3362911;1;1;1; ; ; ; ; ; ; ; ; ; ; ; ;12;1161,07587766975
3362911;1;2;1; ; ; ; ; ; ; ; ; ; ; ; ;12;1161,07587766975
3362911;1;3;1; ; ; ; ; ; ; ; ; ; ; ; ;12;1161,07587766975
3362912;1;1;1; ; ; ; ; ; ; ; ; ; ; ; ;12;96,5354020568426
3362912;1;2;1; ; ; ; ; ; ; ; ; ; ; ; ;12;96,5354020568426
3362913;1;1;1; ; ; ; ; ; ; ; ; ; ; ; ;12;127,769688197532
3362913;1;2;1; ; ; ; ; ; ; ; ; ; ; ; ;12;127,769688197532
3362913;1;3;1; ; ; ; ; ; ; ; ; ; ; ; ;12;127,769688197532
3362913;1;4;1; ; ; ; ; ; ; ; ; ; ; ; ;12;127,769688197532
3362914;1;1;2;2;15; ;2; ; ;1;2; ; ;1; ;12;116,797224419162
3362914;1;2;1; ; ; ; ; ; ; ; ; ; ; ; ;12;116,797224419162
3362914;1;3;1; ; ; ; ; ; ; ; ; ; ; ; ;12;116,797224419162
3362914;1;4;1; ; ; ; ; ; ; ; ; ; ; ; ;12;116,797224419162
3362915;1;1;1; ; ; ; ; ; ; ; ; ; ; ; ;12;96,0380563373106
3362916;1;1;2;2;15; ;2; ; ;1;2; ; ;1; ;12;112,20083348119
3362916;1;2;1; ; ; ; ; ; ; ; ; ; ; ; ;12;112,20083348119
3362916;1;3;1; ; ; ; ; ; ; ; ; ; ; ; ;12;112,20083348119
3362916;1;4;1; ; ; ; ; ; ; ; ; ; ; ; ;12;112,20083348119
3362916;1;5;1; ; ; ; ; ; ; ; ; ; ; ; ;12;112,20083348119
3362917;1;1;1; ; ; ; ; ; ; ; ; ; ; ; ;12;95,1823514737776
3362917;1;2;1; ; ; ; ; ; ; ; ; ; ; ; ;12;95,1823514737776
3362918;1;1;2;2;15; ;2; ; ;1;2; ; ;1; ;12;94,0394400644424
3362918;1;2;1; ; ; ; ; ; ; ; ; ; ; ; ;12;94,0394400644424
3362918;1;3;1; ; ; ; ; ; ; ; ; ; ; ; ;12;94,0394400644424
3362918;1;4;1; ; ; ; ; ; ; ; ; ; ; ; ;12;94,0394400644424
3362918;1;5;2;2;15; ;2; ; ;1;2; ; ;1; ;12;94,0394400644424
3362919;1;1;1; ; ; ; ; ; ; ; ; ; ; ; ;12;146,166638140948
3362919;1;2;1; ; ; ; ; ; ; ; ; ; ; ; ;12;146,166638140948
3362919;1;3;1; ; ; ; ; ; ; ; ; ; ; ; ;12;146,166638140948
3362919;1;4;1; ; ; ; ; ; ; ; ; ; ; ; ;12;146,166638140948
3362920;1;1;1; ; ; ; ; ; ; ; ; ; ; ; ;12;135,730417874987
3362920;1;2;1; ; ; ; ; ; ; ; ; ; ; ; ;12;135,730417874987
3362920;1;3;1; ; ; ; ; ; ; ; ; ; ; ; ;12;135,730417874987
3362920;1;4;1; ; ; ; ; ; ; ; ; ; ; ; ;12;135,730417874987
3362920;1;5;1; ; ; ; ; ; ; ; ; ; ; ; ;12;135,730417874987
3362921;1;1;2;2;15; ;2; ; ;1;2; ; ;1; ;12;117,004976567411
3362921;1;2;1; ; ; ; ; ; ; ; ; ; ; ; ;12;117,004976567411
3362922;1;1;1; ; ; ; ; ; ; ; ; ; ; ; ;12;99,3925788893295
3362923;1;1;2;1; ; ;3;15; ;1;2; ; ;1; ;12;99,3925788893295
3362924;1;1;2;2;15; ;3;15; ;1;2; ; ;1; ;12;194,009886795911
3362925;1;1;1; ; ; ; ; ; ; ; ; ; ; ; ;12;106,154176638651
3362925;1;2;1; ; ; ; ; ; ; ; ; ; ; ; ;12;106,154176638651
3362925;1;3;1; ; ; ; ; ; ; ; ; ; ; ; ;12;106,154176638651
3362925;1;4;1; ; ; ; ; ; ; ; ; ; ; ; ;12;106,154176638651
3362926;1;1;1; ; ; ; ; ; ; ; ; ; ; ; ;12;95,7835732674342
3362926;1;2;1; ; ; ; ; ; ; ; ; ; ; ; ;12;95,7835732674342
3362927;1;1;1; ; ; ; ; ; ; ; ; ; ; ; ;12;71,3899822107495
3362927;1;2;1; ; ; ; ; ; ; ; ; ; ; ; ;12;71,3899822107495
3362927;1;3;1; ; ; ; ; ; ; ; ; ; ; ; ;12;71,3899822107495
3362928;1;1;2;2;15; ;2; ; ;1;2; ; ;1; ;12;96,0380563373106
3362929;1;1;1; ; ; ; ; ; ; ; ; ; ; ; ;12;113,657760138379
3362929;1;2;1; ; ; ; ; ; ; ; ; ; ; ; ;12;113,657760138379
3362929;1;3;1; ; ; ; ; ; ; ; ; ; ; ; ;12;113,657760138379
3362929;1;4;1; ; ; ; ; ; ; ; ; ; ; ; ;12;113,657760138379
3362930;1;1;2;2;11; ;2; ; ;1;2; ; ;1; ;12;110,414419783472
3362930;1;2;2;2;17; ;2; ; ;1;2; ; ;1; ;12;110,414419783472
3362930;1;3;1; ; ; ; ; ; ; ; ; ; ; ; ;12;110,414419783472
3362930;1;4;1; ; ; ; ; ; ; ; ; ; ; ; ;12;110,414419783472
3362930;1;5;1; ; ; ; ; ; ; ; ; ; ; ; ;12;110,414419783472
3362931;1;1;2;2;15; ;2; ; ;1;2; ; ;1; ;12;131,748117408651
3362931;1;2;2;2;15; ;2; ; ;1;2; ; ;1; ;12;131,748117408651
3362931;1;3;2;2;15; ;2; ; ;1;2; ; ;1; ;12;131,748117408651
3362931;1;4;1; ; ; ; ; ; ; ; ; ; ; ; ;12;131,748117408651
3362931;1;5;1; ; ; ; ; ; ; ; ; ; ; ; ;12;131,748117408651
3362931;1;6;1; ; ; ; ; ; ; ; ; ; ; ; ;12;131,748117408651
3362931;1;7;1; ; ; ; ; ; ; ; ; ; ; ; ;12;131,748117408651
3362931;1;8;1; ; ; ; ; ; ; ; ; ; ; ; ;12;131,748117408651
3362931;1;9;1; ; ; ; ; ; ; ; ; ; ; ; ;12;131,748117408651
3362931;1;10;2;2;15; ;2; ; ;1;2; ; ;1; ;12;131,748117408651
3362931;1;11;1; ; ; ; ; ; ; ; ; ; ; ; ;12;131,748117408651
3362931;1;12;1; ; ; ; ; ; ; ; ; ; ; ; ;12;131,748117408651
3362932;1;1;1; ; ; ; ; ; ; ; ; ; ; ; ;12;96,6392781309672
3362933;1;1;2;2;11; ;2; ; ;1;2; ; ;1; ;12;107,27495550269
3362933;1;2;2;1; ; ;2; ; ;1;2; ; ;1; ;12;107,27495550269
3362933;1;3;2;2;11; ;2; ; ;1;2; ; ;1; ;12;107,27495550269
3362933;1;4;2;2;11; ;2; ; ;1;2; ; ;1; ;12;107,27495550269
3362933;1;5;2;2;11; ;2; ; ;1;2; ; ;1; ;12;107,27495550269
3362934;1;1;2;2;15; ;2; ; ;1;3;68; ;1; ;12;98,5041505498708
3362934;1;2;2;2;15; ;2; ; ;1;3;68; ;1; ;12;98,5041505498708
3362934;1;3;2;2;68; ;1; ; ; ;1; ; ; ; ;12;98,5041505498708
3362935;1;1;1; ; ; ; ; ; ; ; ; ; ; ; ;12;104,263886866809
3362935;1;2;1; ; ; ; ; ; ; ; ; ; ; ; ;12;104,263886866809
3362935;1;3;1; ; ; ; ; ; ; ; ; ; ; ; ;12;104,263886866809
3362935;1;4;1; ; ; ; ; ; ; ; ; ; ; ; ;12;104,263886866809
3362935;1;5;1; ; ; ; ; ; ; ; ; ; ; ; ;12;104,263886866809
3362936;1;1;1; ; ; ; ; ; ; ; ; ; ; ; ;12;112,436390007858
3362936;1;2;1; ; ; ; ; ; ; ; ; ; ; ; ;12;112,436390007858
3362936;1;3;1; ; ; ; ; ; ; ; ; ; ; ; ;12;112,436390007858
3362936;1;4;1; ; ; ; ; ; ; ; ; ; ; ; ;12;112,436390007858
3362936;1;5;1; ; ; ; ; ; ; ; ; ; ; ; ;12;112,436390007858
3362937;1;1;1; ; ; ; ; ; ; ; ; ; ; ; ;12;124,733461377377
3362937;1;2;1; ; ; ; ; ; ; ; ; ; ; ; ;12;124,733461377377
3362937;1;3;1; ; ; ; ; ; ; ; ; ; ; ; ;12;124,733461377377
3362937;1;4;1; ; ; ; ; ; ; ; ; ; ; ; ;12;124,733461377377
3362937;1;5;1; ; ; ; ; ; ; ; ; ; ; ; ;12;124,733461377377
3362938;1;1;1; ; ; ; ; ; ; ; ; ; ; ; ;12;95,1823514737776
3362938;1;2;1; ; ; ; ; ; ; ; ; ; ; ; ;12;95,1823514737776
3362939;1;1;1; ; ; ; ; ; ; ; ; ; ; ; ;12;97,0049433979555
3362940;1;1;2;2;11; ;2; ; ;1;2; ; ;1; ;12;96,0380563373106
3362941;1;1;1; ; ; ; ; ; ; ; ; ; ; ; ;12;69,7497250818823
3362941;1;2;1; ; ; ; ; ; ; ; ; ; ; ; ;12;69,7497250818823
3362941;1;3;1; ; ; ; ; ; ; ; ; ; ; ; ;12;69,7497250818823
3362941;1;4;1; ; ; ; ; ; ; ; ; ; ; ; ;12;69,7497250818823
3362941;1;5;1; ; ; ; ; ; ; ; ; ; ; ; ;12;69,7497250818823
3362942;1;1;1; ; ; ; ; ; ; ; ; ; ; ; ;12;92,5402329125271
3362942;1;2;1; ; ; ; ; ; ; ; ; ; ; ; ;12;92,5402329125271
3362942;1;3;1; ; ; ; ; ; ; ; ; ; ; ; ;12;92,5402329125271
3362943;1;1;1; ; ; ; ; ; ; ; ; ; ; ; ;12;69,7497250818823
3362943;1;2;1; ; ; ; ; ; ; ; ; ; ; ; ;12;69,7497250818823
3362943;1;3;1; ; ; ; ; ; ; ; ; ; ; ; ;12;69,7497250818823
3362943;1;4;1; ; ; ; ; ; ; ; ; ; ; ; ;12;69,7497250818823
3362943;1;5;1; ; ; ; ; ; ; ; ; ; ; ; ;12;69,7497250818823
3362944;1;1;1; ; ; ; ; ; ; ; ; ; ; ; ;12;113,657760138379
3362944;1;2;1; ; ; ; ; ; ; ; ; ; ; ; ;12;113,657760138379
3362944;1;3;1; ; ; ; ; ; ; ; ; ; ; ; ;12;113,657760138379
3362944;1;4;1; ; ; ; ; ; ; ; ; ; ; ; ;12;113,657760138379
3362945;1;1;1; ; ; ; ; ; ; ; ; ; ; ; ;12;67,1797547951976
3362945;1;2;1; ; ; ; ; ; ; ; ; ; ; ; ;12;67,1797547951976
3362945;1;3;1; ; ; ; ; ; ; ; ; ; ; ; ;12;67,1797547951976
3362945;1;4;1; ; ; ; ; ; ; ; ; ; ; ; ;12;67,1797547951976
3362946;1;1;1; ; ; ; ; ; ; ; ; ; ; ; ;12;110,518295857597
3362946;1;2;1; ; ; ; ; ; ; ; ; ; ; ; ;12;110,518295857597
3362946;1;3;1; ; ; ; ; ; ; ; ; ; ; ; ;12;110,518295857597
3362946;1;4;1; ; ; ; ; ; ; ; ; ; ; ; ;12;110,518295857597
3362948;1;1;1; ; ; ; ; ; ; ; ; ; ; ; ;12;202,285683208646
3362948;1;2;2;2;41; ;2; ; ;1;2; ; ;1; ;12;202,285683208646
3362948;1;3;1; ; ; ; ; ; ; ; ; ; ; ; ;12;202,285683208646
3362948;1;4;1; ; ; ; ; ; ; ; ; ; ; ; ;12;202,285683208646
3362948;1;5;1; ; ; ; ; ; ; ; ; ; ; ; ;12;202,285683208646
3362949;1;1;1; ; ; ; ; ; ; ; ; ; ; ; ;12;195,909889560655
3362949;1;2;1; ; ; ; ; ; ; ; ; ; ; ; ;12;195,909889560655
3362949;1;3;1; ; ; ; ; ; ; ; ; ; ; ; ;12;195,909889560655
3362949;1;4;1; ; ; ; ; ; ; ; ; ; ; ; ;12;195,909889560655
3362950;1;1;2;1; ; ;2; ; ;1;2; ; ;1; ;12;164,368382310735
3362950;1;2;2;2;50; ;2; ; ;1;2; ; ;1; ;12;164,368382310735
3362950;1;3;1; ; ; ; ; ; ; ; ; ; ; ; ;12;164,368382310735
3362950;1;4;1; ; ; ; ; ; ; ; ; ; ; ; ;12;164,368382310735
3362951;1;1;1; ; ; ; ; ; ; ; ; ; ; ; ;12;145,03831977919
3362951;1;2;1; ; ; ; ; ; ; ; ; ; ; ; ;12;145,03831977919
3362951;1;3;1; ; ; ; ; ; ; ; ; ; ; ; ;12;145,03831977919
3362952;1;1;2;2;76; ;2; ; ;1;2; ; ;1; ;12;150,926093301821
3362952;1;2;2;2;63; ;3;63; ;1;3;63; ;1; ;12;150,926093301821
3362952;1;3;2;1; ; ;2; ; ;1;2; ; ;1; ;12;150,926093301821
3362952;1;4;2;2;63; ;2; ; ;1;2; ; ;1; ;12;150,926093301821
3362953;1;1;1; ; ; ; ; ; ; ; ; ; ; ; ;12;123,826571263913
3362953;1;2;2;3; ;3;2; ; ;1;2; ; ;1; ;12;123,826571263913
3362954;1;1;1; ; ; ; ; ; ; ; ; ; ; ; ;12;149,580362056834
3362954;1;2;2;2;17; ;2; ; ;1;2; ; ;1; ;12;149,580362056834
3362954;1;3;2;1; ; ;3;66; ;1;2; ; ;1; ;12;149,580362056834
3362955;1;1;1; ; ; ; ; ; ; ; ; ; ; ; ;12;116,114873209166
3362955;1;2;1; ; ; ; ; ; ; ; ; ; ; ; ;12;116,114873209166
3362955;1;3;1; ; ; ; ; ; ; ; ; ; ; ; ;12;116,114873209166
3362955;2;1;1; ; ; ; ; ; ; ; ; ; ; ; ;12;116,114873209166
3362956;1;1;1; ; ; ; ; ; ; ; ; ; ; ; ;12;174,309456398237
3362956;1;2;1; ; ; ; ; ; ; ; ; ; ; ; ;12;174,309456398237
3362956;1;3;1; ; ; ; ; ; ; ; ; ; ; ; ;12;174,309456398237
3362956;1;4;1; ; ; ; ; ; ; ; ; ; ; ; ;12;174,309456398237
3362956;1;5;1; ; ; ; ; ; ; ; ; ; ; ; ;12;174,309456398237
3362957;1;1;1; ; ; ; ; ; ; ; ; ; ; ; ;12;225,087353467459
3362957;1;2;1; ; ; ; ; ; ; ; ; ; ; ; ;12;225,087353467459
3362957;1;3;1; ; ; ; ; ; ; ; ; ; ; ; ;12;225,087353467459
3362957;1;4;1; ; ; ; ; ; ; ; ; ; ; ; ;12;225,087353467459
3362957;1;5;1; ; ; ; ; ; ; ; ; ; ; ; ;12;225,087353467459
3362957;1;6;2;1; ; ;4; ;3; ;2; ; ;1; ;12;225,087353467459
3362958;1;1;1; ; ; ; ; ; ; ; ; ; ; ; ;12;125,1723025089
3362958;1;2;1; ; ; ; ; ; ; ; ; ; ; ; ;12;125,1723025089
3362958;1;3;1; ; ; ; ; ; ; ; ; ; ; ; ;12;125,1723025089
3362959;1;1;1; ; ; ; ; ; ; ; ; ; ; ; ;12;80,9466017091042
3362959;1;2;1; ; ; ; ; ; ; ; ; ; ; ; ;12;80,9466017091042
3362959;1;3;1; ; ; ; ; ; ; ; ; ; ; ; ;12;80,9466017091042
3362960;1;1;2;2;76; ;2; ; ;1;2; ; ;1; ;12;121,343890323796
3362960;1;2;2;2;76; ;4; ;1; ;2; ; ;1; ;12;121,343890323796
3362960;1;3;2;3; ;1;1; ; ; ;2; ; ;1; ;12;121,343890323796
3362960;2;1;1; ; ; ; ; ; ; ; ; ; ; ; ;12;121,343890323796
3362960;2;2;1; ; ; ; ; ; ; ; ; ; ; ; ;12;121,343890323796
3362960;2;3;1; ; ; ; ; ; ; ; ; ; ; ; ;12;121,343890323796
3362961;1;1;1; ; ; ; ; ; ; ; ; ; ; ; ;12;131,155278958233
3362961;1;2;1; ; ; ; ; ; ; ; ; ; ; ; ;12;131,155278958233
3362961;1;3;1; ; ; ; ; ; ; ; ; ; ; ; ;12;131,155278958233
3362963;1;1;2;2;19; ;2; ; ;1;2; ; ;1; ;12;182,865616348775
3362963;1;2;2;2;52; ;2; ; ;1;2; ; ;1; ;12;182,865616348775
3362963;1;3;1; ; ; ; ; ; ; ; ; ; ; ; ;12;182,865616348775
3362963;1;4;1; ; ; ; ; ; ; ; ; ; ; ; ;12;182,865616348775
3362964;1;1;2;2;05; ;3;17; ;1;2; ; ;1; ;12;69,6207843473801
3362964;1;2;2;2;25; ;3;17; ;1;2; ; ;1; ;12;69,6207843473801
3362964;1;3;2;2;17; ;3;17; ;1;2; ; ;1; ;12;69,6207843473801
3362964;1;4;2;2;99; ;3;17; ;1;2; ; ;1; ;12;69,6207843473801
3362964;1;5;2;2;73; ;2; ; ;1;3;99; ;2;1;12;69,6207843473801
3362964;1;6;2;2;73; ;2; ; ;1;2; ; ;1; ;12;69,6207843473801
3362965;1;1;2;2;05; ;2; ; ;1;2; ; ;1; ;12;93,6332467871909
3362965;1;2;2;2;05; ;2; ; ;1;2; ; ;1; ;12;93,6332467871909
3362966;1;1;2;2;63; ;2; ; ;1;2; ; ;1; ;12;79,6008704641169
3362966;1;2;1; ; ; ; ; ; ; ; ; ; ; ; ;12;79,6008704641169
3362967;1;1;2;2;11; ;2; ; ;1;2; ; ;1; ;12;143,535430040543
3362967;1;2;1; ; ; ; ; ; ; ; ; ; ; ; ;12;143,535430040543
3362967;1;3;1; ; ; ; ; ; ; ; ; ; ; ; ;12;143,535430040543
3362967;1;4;2;2;11; ;3;11; ;1;2; ; ;1; ;12;143,535430040543
3362967;1;5;2;1; ; ;3;11; ;1;2; ; ;1; ;12;143,535430040543
3362967;1;6;1; ; ; ; ; ; ; ; ; ; ; ; ;12;143,535430040543
3362967;1;7;1; ; ; ; ; ; ; ; ; ; ; ; ;12;143,535430040543
3362967;1;8;1; ; ; ; ; ; ; ; ; ; ; ; ;12;143,535430040543
3362968;1;1;1; ; ; ; ; ; ; ; ; ; ; ; ;12;167,307125817473
3362968;1;2;1; ; ; ; ; ; ; ; ; ; ; ; ;12;167,307125817473
3362968;1;3;1; ; ; ; ; ; ; ; ; ; ; ; ;12;167,307125817473
3362968;1;4;1; ; ; ; ; ; ; ; ; ; ; ; ;12;167,307125817473
3362969;1;1;2;2;73; ;2; ; ;1;2; ; ;1; ;12;75,1286696433218
3362969;1;2;2;2;73; ;2; ; ;1;2; ; ;1; ;12;75,1286696433218
3362970;1;1;1; ; ; ; ; ; ; ; ; ; ; ; ;12;59,8813605932385
3362970;1;2;1; ; ; ; ; ; ; ; ; ; ; ; ;12;59,8813605932385
3362970;1;3;1; ; ; ; ; ; ; ; ; ; ; ; ;12;59,8813605932385
3362970;1;4;1; ; ; ; ; ; ; ; ; ; ; ; ;12;59,8813605932385
3362970;1;5;1; ; ; ; ; ; ; ; ; ; ; ; ;12;59,8813605932385
3362971;1;1;2;2;15; ;2; ; ;1;2; ; ;1; ;12;60,4425300728533
3362971;1;2;2;2;18; ;2; ; ;1;2; ; ;1; ;12;60,4425300728533
3362971;1;3;1; ; ; ; ; ; ; ; ; ; ; ; ;12;60,4425300728533
3362972;1;1;2;2;05; ;3;18; ;1;2; ; ;1; ;12;73,9957717636526
3362973;1;1;1; ; ; ; ; ; ; ; ; ; ; ; ;12;70,5260865705195
3362973;1;2;2;2;18; ;2; ; ;1;2; ; ;1; ;12;70,5260865705195
3362973;1;3;1; ; ; ; ; ; ; ; ; ; ; ; ;12;70,5260865705195
3362973;1;4;1; ; ; ; ; ; ; ; ; ; ; ; ;12;70,5260865705195
3362974;1;1;2;2;18; ;2; ; ;1;2; ; ;1; ;12;36,9586533741607
3362974;1;2;1; ; ; ; ; ; ; ; ; ; ; ; ;12;36,9586533741607
3362974;1;3;1; ; ; ; ; ; ; ; ; ; ; ; ;12;36,9586533741607
3362975;1;1;2;2;11; ;3;76; ;1;3;76; ;1; ;12;60,4425300728533
3362975;1;2;2;2;25; ;3;76; ;1;3;76; ;1; ;12;60,4425300728533
3362975;1;3;2;2;25; ;3;76; ;1;3;76; ;1; ;12;60,4425300728533
3362976;1;1;2;2;73; ;2; ; ;1;2; ; ;1; ;12;84,0793282613188
3362976;1;2;1; ; ; ; ; ; ; ; ; ; ; ; ;12;84,0793282613188
3362977;1;1;2;1; ; ;2; ; ;1;2; ; ;1; ;12;92,716255427535
3362977;1;2;2;2;05; ;2; ; ;1;2; ; ;1; ;12;92,716255427535
3362977;1;3;1; ; ; ; ; ; ; ; ; ; ; ; ;12;92,716255427535
3362977;1;4;1; ; ; ; ; ; ; ; ; ; ; ; ;12;92,716255427535
3362978;1;1;1; ; ; ; ; ; ; ; ; ; ; ; ;12;71,4285808190101
3362978;1;2;2;2;25; ;2; ; ;1;2; ; ;1; ;12;71,4285808190101
3362978;1;3;1; ; ; ; ; ; ; ; ; ; ; ; ;12;71,4285808190101
3362979;1;1;2;2;18; ;2; ; ;1;2; ; ;1; ;12;73,1038364356016
3362979;1;2;2;2;18; ;2; ; ;1;2; ; ;1; ;12;73,1038364356016
3362979;1;3;1; ; ; ; ; ; ; ; ; ; ; ; ;12;73,1038364356016
3362979;1;4;1; ; ; ; ; ; ; ; ; ; ; ; ;12;73,1038364356016
3362979;1;5;2;1; ; ;3;41; ;1;3;41; ;1; ;12;73,1038364356016
3362979;1;6;2;2;41; ;3;41; ;1;3;41; ;1; ;12;73,1038364356016
3362979;1;7;2;2;41; ;1; ; ; ;3;41; ;1; ;12;73,1038364356016
3362980;1;1;2;2;18; ;2; ; ;1;2; ; ;1; ;12;36,3683259896288
3362980;1;2;1; ; ; ; ; ; ; ; ; ; ; ; ;12;36,3683259896288
3362980;1;3;1; ; ; ; ; ; ; ; ; ; ; ; ;12;36,3683259896288
3362980;1;4;2;2;18; ;2; ; ;1;3;18; ;1; ;12;36,3683259896288
3362981;1;1;2;2;11; ;2; ; ;1;2; ; ;1; ;12;60,2427702628393
3362981;1;2;2;2;41; ;2; ; ;1;2; ; ;1; ;12;60,2427702628393
3362981;1;3;2;2;41; ;3;73; ;1;2; ; ;1; ;12;60,2427702628393
3362981;1;4;2;2;41; ;3;73; ;1;2; ; ;1; ;12;60,2427702628393
3362982;1;1;2;2;25; ;3;11; ;1;2; ; ;1; ;12;69,6867565703314
3362982;1;2;2;2;25; ;3;11; ;1;2; ; ;1; ;12;69,6867565703314
3362982;1;3;2;2;11; ;3;11; ;1;2; ; ;1; ;12;69,6867565703314
3362982;1;4;2;2;41; ;3;11; ;1;2; ; ;1; ;12;69,6867565703314
3362982;1;5;2;2;25; ;3;11; ;1;2; ; ;1; ;12;69,6867565703314
3362982;1;6;2;2;11; ;1; ; ; ;2; ; ;1; ;12;69,6867565703314
3362983;1;1;2;2;11; ;3;50; ;1;2; ; ;1; ;12;61,984594511518
3362984;1;1;1; ; ; ; ; ; ; ; ; ; ; ; ;12;72,0681510091843
3362984;1;2;2;2;73; ;2; ; ;1;2; ; ;1; ;12;72,0681510091843
3362985;1;1;2;2;86; ;2; ; ;1;2; ; ;1; ;12;70,8874962401203
3362985;1;2;2;2;18; ;3;19; ;2;3;19; ;1; ;12;70,8874962401203
3362985;1;3;1; ; ; ; ; ; ; ; ; ; ; ; ;12;70,8874962401203
3362986;1;1;2;2;41; ;3;18; ;2;2; ; ;1; ;12;71,549875613693
3362986;1;2;2;2;18; ;3;18; ;2;3;18; ;2;4;12;71,549875613693
3362986;1;3;1; ; ; ; ; ; ; ; ; ; ; ; ;12;71,549875613693
3362986;1;4;2;2;18; ;3;18; ;2;2; ; ;1; ;12;71,549875613693
3362987;1;1;1; ; ; ; ; ; ; ; ; ; ; ; ;12;57,1038509181424
3362987;1;2;2;2;18; ;2; ; ;1;2; ; ;1; ;12;57,1038509181424
3362987;1;3;2;2;18; ;2; ; ;1;2; ; ;1; ;12;57,1038509181424
3362988;1;1;2;2;73; ;2; ; ;1;2; ; ;1; ;12;197,295324915541
3362988;1;2;1; ; ; ; ; ; ; ; ; ; ; ; ;12;197,295324915541
3362988;1;3;1; ; ; ; ; ; ; ; ; ; ; ; ;12;197,295324915541
3362988;1;4;1; ; ; ; ; ; ; ; ; ; ; ; ;12;197,295324915541
3362988;1;5;1; ; ; ; ; ; ; ; ; ; ; ; ;12;197,295324915541
3362988;1;6;2;2;18; ;2; ; ;1;2; ; ;1; ;12;197,295324915541
3362988;1;7;1; ; ; ; ; ; ; ; ; ; ; ; ;12;197,295324915541
3362988;1;8;1; ; ; ; ; ; ; ; ; ; ; ; ;12;197,295324915541
3362988;1;9;2;2;73; ;2; ; ;1;2; ; ;1; ;12;197,295324915541
3362989;1;1;2;2;18; ;3;50; ;1;3;05; ;1; ;12;89,2268981085182
3362989;1;2;2;2;11; ;3;50; ;1;3;05; ;1; ;12;89,2268981085182
3362989;1;3;2;2;05; ;1; ; ; ;3;05; ;1; ;12;89,2268981085182
3362989;1;4;2;2;73; ;3;50; ;1;3;05; ;1; ;12;89,2268981085182
3362990;1;1;1; ; ; ; ; ; ; ; ; ; ; ; ;12;146,773690789286
3362990;1;2;1; ; ; ; ; ; ; ; ; ; ; ; ;12;146,773690789286
3362990;1;3;1; ; ; ; ; ; ; ; ; ; ; ; ;12;146,773690789286
3362990;1;4;1; ; ; ; ; ; ; ; ; ; ; ; ;12;146,773690789286
3362990;1;5;1; ; ; ; ; ; ; ; ; ; ; ; ;12;146,773690789286
3362991;1;1;2;2;41; ;2; ; ;1;2; ; ;1; ;12;80,7050781754004
3362991;1;2;2;2;18; ;2; ; ;1;2; ; ;1; ;12;80,7050781754004
3362991;1;3;2;2;17; ;3;11; ;1;3;11; ;1; ;12;80,7050781754004
3362991;1;4;2;2;41; ;3;41; ;1;2; ; ;1; ;12;80,7050781754004
3362992;1;1;1; ; ; ; ; ; ; ; ; ; ; ; ;12;60,2427702628393
3362992;1;2;2;2;18; ;2; ; ;1;2; ; ;1; ;12;60,2427702628393
3362992;1;3;2;2;18; ;2; ; ;1;2; ; ;1; ;12;60,2427702628393
3362992;1;4;1; ; ; ; ; ; ; ; ; ; ; ; ;12;60,2427702628393
3362993;1;1;2;2;18; ;3;41; ;2;2; ; ;1; ;12;66,7203687622471
3362993;1;2;2;2;18; ;3;41; ;1;2; ; ;1; ;12;66,7203687622471
3362993;1;3;2;1; ; ;3;41; ;1;2; ; ;1; ;12;66,7203687622471
3362993;1;4;2;2;41; ;1; ; ; ;2; ; ;1; ;12;66,7203687622471
3362993;1;5;2;2;41; ;1; ; ; ;2; ; ;1; ;12;66,7203687622471
3362995;1;1;2;2;18; ;2; ; ;1;2; ; ;1; ;12;86,0647568055814
3362995;1;2;2;2;18; ;2; ; ;1;2; ; ;1; ;12;86,0647568055814
3362995;1;3;2;2;18; ;2; ; ;1;2; ; ;1; ;12;86,0647568055814
3362995;1;4;2;2;18; ;2; ; ;1;2; ; ;1; ;12;86,0647568055814
3362995;1;5;2;2;18; ;2; ; ;1;2; ; ;1; ;12;86,0647568055814
3362995;1;6;2;2;18; ;2; ; ;1;2; ; ;1; ;12;86,0647568055814
3362996;1;1;2;1; ; ;3;86; ;2;2; ; ;1; ;12;47,4965877133159
3362996;1;2;1; ; ; ; ; ; ; ; ; ; ; ; ;12;47,4965877133159
3362996;1;3;2;2;66; ;2; ; ;1;2; ; ;1; ;12;47,4965877133159
3362996;1;4;1; ; ; ; ; ; ; ; ; ; ; ; ;12;47,4965877133159
3362996;1;5;2;2;73; ;3;05; ;1;3;73; ;1; ;12;47,4965877133159
3362996;1;6;2;2;73; ;1; ; ; ;3;73; ;1; ;12;47,4965877133159
3362997;1;1;2;2;05; ;3;41; ;1;2; ; ;1; ;12;63,5814494175502
3362997;1;2;2;2;05; ;3;41; ;1;2; ; ;1; ;12;63,5814494175502
3362997;1;3;2;2;05; ;3;41; ;1;2; ; ;1; ;12;63,5814494175502
3362997;1;4;2;2;73; ;3;41; ;1;2; ; ;1; ;12;63,5814494175502
3362998;1;1;1; ; ; ; ; ; ; ; ; ; ; ; ;12;133,635162430998
3362999;1;1;2;2;41; ;2; ; ;1;2; ; ;1; ;12;180,925591869347
3362999;1;2;1; ; ; ; ; ; ; ; ; ; ; ; ;12;180,925591869347
3362999;1;3;1; ; ; ; ; ; ; ; ; ; ; ; ;12;180,925591869347
3362999;1;4;2;2;86; ;3;86; ;2;3;86; ;2;4;12;180,925591869347
3363000;1;1;1; ; ; ; ; ; ; ; ; ; ; ; ;12;594,055776653048
3363000;1;2;2;2;18; ;3;18; ;2;2; ; ;2; ;12;594,055776653048
3363000;1;3;2;2;18; ;1; ; ; ;2; ; ;2; ;12;594,055776653048
3363000;1;4;2;2;18; ;1; ; ; ;2; ; ;2; ;12;594,055776653048
3363001;1;1;2;2;63; ;2; ; ;2;2; ; ;2; ;12;223,524643972208
3363001;1;2;2;2;18; ;2; ; ;2;2; ; ;2; ;12;223,524643972208
3363002;1;1;1; ; ; ; ; ; ; ; ; ; ; ; ;12;414,622315661402
3363002;1;2;2;2;86; ;2; ; ;2;2; ; ;2; ;12;414,622315661402
3363002;1;3;2;2;18; ;3;18; ;2;2; ; ;2; ;12;414,622315661402
3363002;1;4;2;2;18; ;1; ; ; ;2; ; ;2; ;12;414,622315661402
3363003;1;1;2;2;18; ;2; ; ;2;2; ; ;2; ;12;502,571036609823
3363003;1;2;1; ; ; ; ; ; ; ; ; ; ; ; ;12;502,571036609823
3363003;1;3;1; ; ; ; ; ; ; ; ; ; ; ; ;12;502,571036609823
3363003;1;4;1; ; ; ; ; ; ; ; ; ; ; ; ;12;502,571036609823
3363003;1;5;1; ; ; ; ; ; ; ; ; ; ; ; ;12;502,571036609823
3363003;1;6;1; ; ; ; ; ; ; ; ; ; ; ; ;12;502,571036609823
3363004;1;1;2;2;41; ;2; ; ;2;2; ; ;2; ;12;529,846426040289
3363004;1;2;1; ; ; ; ; ; ; ; ; ; ; ; ;12;529,846426040289
3363004;1;3;1; ; ; ; ; ; ; ; ; ; ; ; ;12;529,846426040289
3363005;1;1;2;2;52; ;2; ; ;2;2; ; ;2; ;12;498,198391612497
3363005;1;2;2;2;66; ;2; ; ;2;2; ; ;2; ;12;498,198391612497
3363005;1;3;2;2;66; ;2; ; ;2;2; ; ;2; ;12;498,198391612497
3363005;1;4;1; ; ; ; ; ; ; ; ; ; ; ; ;12;498,198391612497
3363005;1;5;1; ; ; ; ; ; ; ; ; ; ; ; ;12;498,198391612497
3363006;1;1;2;2;19; ;3;27; ;2;2; ; ;2; ;12;253,999592813291
3363006;1;2;2;2;76; ;3;18; ;2;2; ; ;2; ;12;253,999592813291
3363006;1;3;2;2;18; ;3;18; ;2;2; ; ;2; ;12;253,999592813291
3363007;1;1;2;2;11; ;2; ; ;2;2; ; ;2; ;12;429,923756831106
3363007;1;2;1; ; ; ; ; ; ; ; ; ; ; ; ;12;429,923756831106
3363007;1;3;1; ; ; ; ; ; ; ; ; ; ; ; ;12;429,923756831106
3363007;1;4;1; ; ; ; ; ; ; ; ; ; ; ; ;12;429,923756831106
3363007;1;5;1; ; ; ; ; ; ; ; ; ; ; ; ;12;429,923756831106
3363007;1;6;1; ; ; ; ; ; ; ; ; ; ; ; ;12;429,923756831106
3363007;1;7;1; ; ; ; ; ; ; ; ; ; ; ; ;12;429,923756831106
3363008;1;1;2;2;41; ;2; ; ;2;2; ; ;2; ;12;329,943570836467
3363008;1;2;2;2;41; ;2; ; ;2;2; ; ;2; ;12;329,943570836467
3363008;1;3;1; ; ; ; ; ; ; ; ; ; ; ; ;12;329,943570836467
3363008;1;4;1; ; ; ; ; ; ; ; ; ; ; ; ;12;329,943570836467
3363009;1;1;1; ; ; ; ; ; ; ; ; ; ; ; ;12;344,311247269807
3363009;1;2;2;2;18; ;2; ; ;2;2; ; ;2; ;12;344,311247269807
3363009;1;3;1; ; ; ; ; ; ; ; ; ; ; ; ;12;344,311247269807
3363009;1;4;1; ; ; ; ; ; ; ; ; ; ; ; ;12;344,311247269807
3363010;1;1;2;2;18; ;2; ; ;2;2; ; ;2; ;12;422,254413589321
3363010;1;2;2;2;66; ;2; ; ;2;2; ; ;2; ;12;422,254413589321
3363010;1;3;2;2;18; ;2; ; ;2;2; ; ;2; ;12;422,254413589321
3363010;1;4;1; ; ; ; ; ; ; ; ; ; ; ; ;12;422,254413589321
3363011;1;1;2;2;18; ;3;18; ;1;2; ; ;2; ;12;521,675103252247
3363011;1;2;2;2;18; ;3;18; ;1;2; ; ;2; ;12;521,675103252247
3363011;1;3;1; ; ; ; ; ; ; ; ; ; ; ; ;12;521,675103252247
3363011;1;4;1; ; ; ; ; ; ; ; ; ; ; ; ;12;521,675103252247
3363011;1;5;2;2;18; ;1; ; ; ;2; ; ;2; ;12;521,675103252247
3363011;1;6;2;2;18; ;3;18; ;1;2; ; ;2; ;12;521,675103252247
3363011;1;7;2;2;18; ;1; ; ; ;1; ; ; ; ;12;521,675103252247
3363012;1;1;1; ; ; ; ; ; ; ; ; ; ; ; ;12;549,142734665755
3363012;1;2;1; ; ; ; ; ; ; ; ; ; ; ; ;12;549,142734665755
3363012;1;3;1; ; ; ; ; ; ; ; ; ; ; ; ;12;549,142734665755
3363012;1;4;1; ; ; ; ; ; ; ; ; ; ; ; ;12;549,142734665755
3363012;1;5;1; ; ; ; ; ; ; ; ; ; ; ; ;12;549,142734665755
3363013;1;1;2;2;18; ;2; ; ;2;2; ; ;2; ;12;223,524643972208
3363013;1;2;1; ; ; ; ; ; ; ; ; ; ; ; ;12;223,524643972208
3363014;1;1;2;2;18; ;2; ; ;2;2; ; ;2; ;12;223,524643972208
3363014;1;2;2;2;18; ;2; ; ;2;2; ; ;2; ;12;223,524643972208
3363015;1;1;2;2;76; ;2; ; ;2;2; ; ;2; ;12;579,688100219708
3363015;1;2;1; ; ; ; ; ; ; ; ; ; ; ; ;12;579,688100219708
3363015;1;3;1; ; ; ; ; ; ; ; ; ; ; ; ;12;579,688100219708
3363015;1;4;1; ; ; ; ; ; ; ; ; ; ; ; ;12;579,688100219708
3363016;1;1;2;2;19; ;2; ; ;2;2; ; ;2; ;12;223,524643972208
3363016;1;2;2;2;27; ;2; ; ;2;2; ; ;2; ;12;223,524643972208
3363017;1;1;2;2;18; ;2; ; ;2;2; ; ;2; ;12;289,84084490804
3363017;1;2;2;2;18; ;2; ; ;2;2; ; ;2; ;12;289,84084490804
3363017;1;3;1; ; ; ; ; ; ; ; ; ; ; ; ;12;289,84084490804
3363018;1;1;2;2;41; ;2; ; ;2;2; ; ;2; ;12;471,199568346242
3363018;1;2;2;2;18; ;2; ; ;2;2; ; ;2; ;12;471,199568346242
3363018;1;3;2;2;18; ;2; ; ;2;2; ; ;2; ;12;471,199568346242
3363018;1;4;2;2;18; ;2; ; ;2;2; ; ;2; ;12;471,199568346242
3363018;1;5;1; ; ; ; ; ; ; ; ; ; ; ; ;12;471,199568346242
3363019;1;1;2;2;66; ;2; ; ;2;2; ; ;2; ;12;358,115479689432
3363020;1;1;2;2;15; ;2; ; ;2;2; ; ;2; ;12;399,698652033261
3363020;1;2;1; ; ; ; ; ; ; ; ; ; ; ; ;12;399,698652033261
3363020;1;3;1; ; ; ; ; ; ; ; ; ; ; ; ;12;399,698652033261
3363021;1;1;1; ; ; ; ; ; ; ; ; ; ; ; ;12;278,732621405294
3363021;1;2;1; ; ; ; ; ; ; ; ; ; ; ; ;12;278,732621405294
3363022;1;1;2;2;76; ;2; ; ;2;2; ; ;2; ;12;413,253040409647
3363022;1;2;2;2;76; ;2; ; ;2;2; ; ;2; ;12;413,253040409647
3363022;1;3;2;2;76; ;2; ; ;2;2; ; ;2; ;12;413,253040409647
3363023;1;1;2;2;41; ;2; ; ;2;2; ; ;2; ;12;259,365896066958
3363023;1;2;2;2;25; ;2; ; ;2;2; ; ;2; ;12;259,365896066958
3363024;1;1;2;2;76; ;2; ; ;2;2; ; ;2; ;12;278,732621405294
3363024;1;2;2;2;41; ;2; ; ;2;2; ; ;2; ;12;278,732621405294
3363025;1;1;2;2;76; ;2; ; ;2;2; ; ;2; ;12;335,309874090134
3363025;1;2;2;2;66; ;2; ; ;2;2; ; ;2; ;12;335,309874090134
3363025;1;3;1; ; ; ; ; ; ; ; ; ; ; ; ;12;335,309874090134
3363026;1;1;2;2;41; ;2; ; ;2;2; ; ;2; ;12;624,530725494131
3363026;1;2;2;2;18; ;3;18; ;1;2; ; ;2; ;12;624,530725494131
3363026;1;3;1; ; ; ; ; ; ; ; ; ; ; ; ;12;624,530725494131
3363026;1;4;1; ; ; ; ; ; ; ; ; ; ; ; ;12;624,530725494131
3363026;1;5;1; ; ; ; ; ; ; ; ; ; ; ; ;12;624,530725494131
3363027;1;1;2;2;41; ;2; ; ;2;2; ; ;2; ;12;394,169793375249
3363027;1;2;2;2;76; ;2; ; ;2;2; ; ;2; ;12;394,169793375249
3363027;1;3;1; ; ; ; ; ; ; ; ; ; ; ; ;12;394,169793375249
3363027;1;4;1; ; ; ; ; ; ; ; ; ; ; ; ;12;394,169793375249
3363027;1;5;1; ; ; ; ; ; ; ; ; ; ; ; ;12;394,169793375249
3363027;1;6;2;2;17; ;2; ; ;2;2; ; ;2; ;12;394,169793375249
3363028;1;1;2;2;63; ;2; ; ;2;2; ; ;2; ;12;438,995546723649
3363028;1;2;1; ; ; ; ; ; ; ; ; ; ; ; ;12;438,995546723649
3363028;1;3;2;2;18; ;2; ; ;2;2; ; ;2; ;12;438,995546723649
3363028;1;4;1; ; ; ; ; ; ; ; ; ; ; ; ;12;438,995546723649
3363028;1;5;1; ; ; ; ; ; ; ; ; ; ; ; ;12;438,995546723649
3363028;1;6;1; ; ; ; ; ; ; ; ; ; ; ; ;12;438,995546723649
3363029;1;1;1; ; ; ; ; ; ; ; ; ; ; ; ;12;492,565481980915
3363029;1;2;2;2;11; ;2; ; ;2;2; ; ;2; ;12;492,565481980915
3363029;1;3;1; ; ; ; ; ; ; ; ; ; ; ; ;12;492,565481980915
3363029;1;4;1; ; ; ; ; ; ; ; ; ; ; ; ;12;492,565481980915
3363030;1;1;2;2;73; ;2; ; ;2;2; ; ;2; ;12;200,71903837291
3363030;1;2;2;2;63; ;2; ; ;2;2; ; ;2; ;12;200,71903837291
3363030;1;3;1; ; ; ; ; ; ; ; ; ; ; ; ;12;200,71903837291
3363030;1;4;2;2;73; ;2; ; ;2;2; ; ;2; ;12;200,71903837291
3363031;1;1;2;2;18; ;2; ; ;2;2; ; ;2; ;12;679,017553561738
3363031;1;2;1; ; ; ; ; ; ; ; ; ; ; ; ;12;679,017553561738
3363031;1;3;1; ; ; ; ; ; ; ; ; ; ; ; ;12;679,017553561738
3363031;1;4;1; ; ; ; ; ; ; ; ; ; ; ; ;12;679,017553561738
3363031;1;5;1; ; ; ; ; ; ; ; ; ; ; ; ;12;679,017553561738
3363032;1;1;2;2;18; ;2; ; ;1;2; ; ;2; ;12;223,524643972208
3363032;1;2;2;2;19; ;2; ; ;2;2; ; ;2; ;12;223,524643972208
3363033;1;1;1; ; ; ; ; ; ; ; ; ; ; ; ;12;720,410916172965
3363033;1;2;2;1; ; ;3;76; ;1;2; ; ;2; ;12;720,410916172965
3363033;1;3;2;2;76; ;3;76; ;1;2; ; ;2; ;12;720,410916172965
3363033;1;4;2;2;76; ;3;76; ;1;2; ; ;2; ;12;720,410916172965
3363033;1;5;2;2;76; ;1; ; ; ;2; ; ;2; ;12;720,410916172965
3363034;1;1;2;2;18; ;2; ; ;2;2; ; ;2; ;12;452,729362430404
3363034;1;2;2;2;50; ;2; ; ;2;2; ; ;2; ;12;452,729362430404
3363034;1;3;2;2;18; ;2; ; ;2;2; ; ;2; ;12;452,729362430404
3363034;1;4;2;2;18; ;2; ; ;2;2; ; ;2; ;12;452,729362430404
3363034;1;5;1; ; ; ; ; ; ; ; ; ; ; ; ;12;452,729362430404
3363035;1;1;2;2;73; ;2; ; ;2;2; ; ;2; ;12;336,658775954045
3363035;1;2;2;2;18; ;2; ; ;2;2; ; ;2; ;12;336,658775954045
3363036;1;1;1; ; ; ; ; ; ; ; ; ; ; ; ;12;278,732621405294
3363036;1;2;2;2;76; ;2; ; ;2;2; ; ;2; ;12;278,732621405294
3363037;1;1;2;2;19; ;2; ; ;2;2; ; ;2; ;12;572,599072917662
3363037;1;2;2;2;18; ;3;18; ;1;2; ; ;2; ;12;572,599072917662
3363037;1;3;2;2;18; ;1; ; ; ;2; ; ;2; ;12;572,599072917662
3363037;1;4;2;2;18; ;1; ; ; ;1; ; ; ; ;12;572,599072917662
3363037;1;5;2;2;19; ;2; ; ;2;2; ; ;2; ;12;572,599072917662
3363038;1;1;1; ; ; ; ; ; ; ; ; ; ; ; ;12;486,46376420208
3363038;1;2;1; ; ; ; ; ; ; ; ; ; ; ; ;12;486,46376420208
3363038;1;3;1; ; ; ; ; ; ; ; ; ; ; ; ;12;486,46376420208
3363038;1;4;1; ; ; ; ; ; ; ; ; ; ; ; ;12;486,46376420208
3363038;1;5;1; ; ; ; ; ; ; ; ; ; ; ; ;12;486,46376420208
3363039;1;1;2;2;18; ;2; ; ;2;2; ; ;2; ;12;400,888499954647
3363039;1;2;2;2;18; ;2; ; ;2;2; ; ;2; ;12;400,888499954647
3363039;1;3;2;2;18; ;2; ; ;2;2; ; ;2; ;12;400,888499954647
3363039;1;4;1; ; ; ; ; ; ; ; ; ; ; ; ;12;400,888499954647
3363039;1;5;1; ; ; ; ; ; ; ; ; ; ; ; ;12;400,888499954647
3363040;1;1;1; ; ; ; ; ; ; ; ; ; ; ; ;12;581,778078616759
3363040;1;2;2;2;18; ;2; ; ;2;2; ; ;2; ;12;581,778078616759
3363040;1;3;1; ; ; ; ; ; ; ; ; ; ; ; ;12;581,778078616759
3363041;1;1;2;2;18; ;2; ; ;2;2; ; ;2; ;12;358,045062976562
3363041;1;2;1; ; ; ; ; ; ; ; ; ; ; ; ;12;358,045062976562
3363041;1;3;1; ; ; ; ; ; ; ; ; ; ; ; ;12;358,045062976562
3363042;1;1;1; ; ; ; ; ; ; ; ; ; ; ; ;12;581,778078616759
3363042;1;2;2;2;19; ;2; ; ;2;2; ; ;2; ;12;581,778078616759
3363042;1;3;1; ; ; ; ; ; ; ; ; ; ; ; ;12;581,778078616759
3363043;1;1;2;2;25; ;2; ; ;2;2; ; ;2; ;12;579,617683506838
3363043;1;2;2;2;18; ;2; ; ;2;2; ; ;2; ;12;579,617683506838
3363043;1;3;1; ; ; ; ; ; ; ; ; ; ; ; ;12;579,617683506838
3363043;1;4;1; ; ; ; ; ; ; ; ; ; ; ; ;12;579,617683506838
3363043;1;5;1; ; ; ; ; ; ; ; ; ; ; ; ;12;579,617683506838
3363043;1;6;1; ; ; ; ; ; ; ; ; ; ; ; ;12;579,617683506838
3363044;1;1;2;2;86; ;3;86; ;1;2; ; ;2; ;12;658,265127265808
3363044;1;2;2;3; ;4;3;86; ;1;2; ; ;2; ;12;658,265127265808
3363044;1;3;1; ; ; ; ; ; ; ; ; ; ; ; ;12;658,265127265808
3363044;1;4;1; ; ; ; ; ; ; ; ; ; ; ; ;12;658,265127265808
3363044;1;5;1; ; ; ; ; ; ; ; ; ; ; ; ;12;658,265127265808
3363045;1;1;2;2;05; ;2; ; ;2;2; ; ;2; ;12;358,115479689432
3363046;1;1;1; ; ; ; ; ; ; ; ; ; ; ; ;12;1634,26097734124
3363046;1;2;1; ; ; ; ; ; ; ; ; ; ; ; ;12;1634,26097734124
3363046;1;3;1; ; ; ; ; ; ; ; ; ; ; ; ;12;1634,26097734124
3363047;1;1;2;2;41; ;2; ; ;1;2; ; ;2; ;12;1180,52795313746
3363047;1;2;1; ; ; ; ; ; ; ; ; ; ; ; ;12;1180,52795313746
3363047;1;3;1; ; ; ; ; ; ; ; ; ; ; ; ;12;1180,52795313746
3363047;1;4;1; ; ; ; ; ; ; ; ; ; ; ; ;12;1180,52795313746
3363048;1;1;2;2;18; ;2; ; ;2;2; ; ;2; ;12;1759,82401242279
3363048;1;2;2;2;18; ;2; ; ;2;2; ; ;2; ;12;1759,82401242279
3363048;1;3;2;2;18; ;2; ; ;2;2; ; ;2; ;12;1759,82401242279
3363048;1;4;2;2;18; ;2; ; ;2;2; ; ;2; ;12;1759,82401242279
3363048;1;5;2;2;18; ;2; ; ;2;2; ; ;2; ;12;1759,82401242279
3363048;1;6;1; ; ; ; ; ; ; ; ; ; ; ; ;12;1759,82401242279
3363049;1;1;1; ; ; ; ; ; ; ; ; ; ; ; ;12;1318,23312232338
3363049;1;2;2;2;73; ;2; ; ;2;2; ; ;2; ;12;1318,23312232338
3363049;1;3;1; ; ; ; ; ; ; ; ; ; ; ; ;12;1318,23312232338
3363049;1;4;1; ; ; ; ; ; ; ; ; ; ; ; ;12;1318,23312232338
3363050;1;1;2;2;18; ;2; ; ;1;2; ; ;2; ;12;883,899648446025
3363050;1;2;2;2;25; ;2; ; ;1;2; ; ;2; ;12;883,899648446025
3363050;1;3;1; ; ; ; ; ; ; ; ; ; ; ; ;12;883,899648446025
3363050;1;4;2;2;25; ;2; ; ;1;2; ; ;2; ;12;883,899648446025
3363051;1;1;2;2;18; ;2; ; ;2;2; ; ;2; ;12;549,142734665755
3363051;1;2;2;2;18; ;2; ; ;2;2; ; ;2; ;12;549,142734665755
3363051;1;3;1; ; ; ; ; ; ; ; ; ; ; ; ;12;549,142734665755
3363051;1;4;1; ; ; ; ; ; ; ; ; ; ; ; ;12;549,142734665755
3363051;1;5;1; ; ; ; ; ; ; ; ; ; ; ; ;12;549,142734665755
3363052;1;1;2;2;86; ;2; ; ;2;2; ; ;2; ;12;720,410916172965
3363052;1;2;2;2;18; ;2; ; ;2;2; ; ;2; ;12;720,410916172965
3363052;1;3;1; ; ; ; ; ; ; ; ; ; ; ; ;12;720,410916172965
3363052;1;4;1; ; ; ; ; ; ; ; ; ; ; ; ;12;720,410916172965
3363052;1;5;1; ; ; ; ; ; ; ; ; ; ; ; ;12;720,410916172965
3363052;1;6;1; ; ; ; ; ; ; ; ; ; ; ; ;12;720,410916172965
3363053;1;1;2;2;11; ;2; ; ;2;2; ; ;2; ;12;476,74168787711
3363053;1;2;2;2;18; ;2; ; ;2;2; ; ;2; ;12;476,74168787711
3363053;1;3;1; ; ; ; ; ; ; ; ; ; ; ; ;12;476,74168787711
3363053;1;4;1; ; ; ; ; ; ; ; ; ; ; ; ;12;476,74168787711
3363053;1;5;2;2;41; ;1; ; ; ;2; ; ;2; ;12;476,74168787711
3363053;1;6;2;2;18; ;2; ; ;2;2; ; ;2; ;12;476,74168787711
3363054;1;1;2;2;18; ;2; ; ;2;2; ; ;2; ;12;568,870365619632
3363054;1;2;2;2;18; ;2; ; ;2;2; ; ;2; ;12;568,870365619632
3363054;1;3;1; ; ; ; ; ; ; ; ; ; ; ; ;12;568,870365619632
3363054;1;4;1; ; ; ; ; ; ; ; ; ; ; ; ;12;568,870365619632
3363054;1;5;1; ; ; ; ; ; ; ; ; ; ; ; ;12;568,870365619632
3363054;1;6;1; ; ; ; ; ; ; ; ; ; ; ; ;12;568,870365619632
3363055;1;1;2;2;18; ;2; ; ;2;2; ; ;2; ;12;414,622315661402
3363055;1;2;1; ; ; ; ; ; ; ; ; ; ; ; ;12;414,622315661402
3363055;1;3;1; ; ; ; ; ; ; ; ; ; ; ; ;12;414,622315661402
3363055;1;4;1; ; ; ; ; ; ; ; ; ; ; ; ;12;414,622315661402
3363056;1;1;2;2;18; ;2; ; ;2;2; ; ;2; ;12;716,298497621112
3363056;1;2;1; ; ; ; ; ; ; ; ; ; ; ; ;12;716,298497621112
3363056;1;3;1; ; ; ; ; ; ; ; ; ; ; ; ;12;716,298497621112
3363056;1;4;1; ; ; ; ; ; ; ; ; ; ; ; ;12;716,298497621112
3363057;1;1;1; ; ; ; ; ; ; ; ; ; ; ; ;12;278,732621405294
3363057;1;2;1; ; ; ; ; ; ; ; ; ; ; ; ;12;278,732621405294
3363058;1;1;2;2;41; ;2; ; ;2;2; ; ;2; ;12;338,748754351096
3363059;1;1;2;2;18; ;2; ; ;2;2; ; ;2; ;12;280,101896657048
3363059;1;2;2;2;18; ;2; ; ;2;2; ; ;2; ;12;280,101896657048
3363059;1;3;1; ; ; ; ; ; ; ; ; ; ; ; ;12;280,101896657048
3363060;1;1;2;2;18; ;2; ; ;2;2; ; ;2; ;12;405,261144951973
3363060;1;2;2;2;18; ;2; ; ;2;2; ; ;2; ;12;405,261144951973
3363060;1;3;2;2;18; ;2; ; ;2;2; ; ;2; ;12;405,261144951973
3363060;1;4;2;2;18; ;2; ; ;2;2; ; ;2; ;12;405,261144951973
3363060;1;5;2;2;18; ;2; ; ;2;2; ; ;2; ;12;405,261144951973
3363060;1;6;1; ; ; ; ; ; ; ; ; ; ; ; ;12;405,261144951973
3363061;1;1;2;2;18; ;3;18; ;2;2; ; ;2; ;12;287,733994584967
3363061;1;2;2;2;18; ;3;18; ;2;2; ; ;2; ;12;287,733994584967
3363061;1;3;2;2;41; ;2; ; ;2;2; ; ;2; ;12;287,733994584967
3363062;1;1;2;2;17; ;2; ; ;2;2; ; ;2; ;12;351,943345197727
3363062;1;2;1; ; ; ; ; ; ; ; ; ; ; ; ;12;351,943345197727
3363062;1;3;1; ; ; ; ; ; ; ; ; ; ; ; ;12;351,943345197727
3363062;1;4;1; ; ; ; ; ; ; ; ; ; ; ; ;12;351,943345197727
3363063;1;1;2;2;76; ;2; ; ;2;2; ; ;2; ;12;318,20894342605
3363063;1;2;2;2;18; ;2; ; ;2;2; ; ;2; ;12;318,20894342605
3363063;1;3;1; ; ; ; ; ; ; ; ; ; ; ; ;12;318,20894342605
3363063;1;4;1; ; ; ; ; ; ; ; ; ; ; ; ;12;318,20894342605
3363064;1;1;1; ; ; ; ; ; ; ; ; ; ; ; ;12;374,78619611089
3363064;1;2;2;2;66; ;2; ; ;2;2; ; ;2; ;12;374,78619611089
3363064;1;3;1; ; ; ; ; ; ; ; ; ; ; ; ;12;374,78619611089
3363064;1;4;1; ; ; ; ; ; ; ; ; ; ; ; ;12;374,78619611089
3363064;1;5;1; ; ; ; ; ; ; ; ; ; ; ; ;12;374,78619611089
3363065;1;1;1; ; ; ; ; ; ; ; ; ; ; ; ;12;388,520011817644
3363065;1;2;2;2;18; ;2; ; ;2;2; ; ;2; ;12;388,520011817644
3363065;1;3;2;2;18; ;2; ; ;2;2; ; ;2; ;12;388,520011817644
3363065;1;4;2;2;18; ;2; ; ;2;2; ; ;2; ;12;388,520011817644
3363066;1;1;2;2;19; ;2; ; ;2;2; ; ;2; ;12;253,999592813291
3363066;1;2;2;2;18; ;2; ; ;2;2; ; ;2; ;12;253,999592813291
3363066;1;3;1; ; ; ; ; ; ; ; ; ; ; ; ;12;253,999592813291
3363067;1;1;2;2;18; ;3;11; ;2;2; ; ;2; ;12;310,576845498131
3363067;1;2;2;2;18; ;3;11; ;2;2; ; ;2; ;12;310,576845498131
3363067;1;3;2;2;11; ;3;11; ;2;2; ; ;2; ;12;310,576845498131
3363067;1;4;2;2;18; ;3;11; ;2;2; ; ;2; ;12;310,576845498131
3363068;1;1;2;2;66; ;2; ; ;2;2; ; ;2; ;12;310,576845498131
3363068;1;2;2;2;19; ;2; ; ;2;2; ; ;2; ;12;310,576845498131
3363068;1;3;1; ; ; ; ; ; ; ; ; ; ; ; ;12;310,576845498131
3363068;1;4;2;2;18; ;2; ; ;2;2; ; ;2; ;12;310,576845498131
3363069;1;1;2;2;76; ;3;18; ;2;2; ; ;2; ;12;367,154098182971
3363069;1;2;2;2;41; ;3;18; ;2;2; ; ;2; ;12;367,154098182971
3363069;1;3;2;2;18; ;3;18; ;2;2; ; ;2; ;12;367,154098182971
3363069;1;4;2;2;18; ;3;18; ;2;2; ; ;2; ;12;367,154098182971
3363069;1;5;2;2;18; ;3;18; ;2;2; ; ;2; ;12;367,154098182971
3363070;1;1;2;2;18; ;2; ; ;2;2; ; ;2; ;12;344,311247269807
3363070;1;2;1; ; ; ; ; ; ; ; ; ; ; ; ;12;344,311247269807
3363070;1;3;1; ; ; ; ; ; ; ; ; ; ; ; ;12;344,311247269807
3363070;1;4;1; ; ; ; ; ; ; ; ; ; ; ; ;12;344,311247269807
3363071;1;1;2;2;41; ;2; ; ;2;2; ; ;2; ;12;310,576845498131
3363071;1;2;2;2;41; ;2; ; ;2;2; ; ;2; ;12;310,576845498131
3363071;1;3;1; ; ; ; ; ; ; ; ; ; ; ; ;12;310,576845498131
3363071;1;4;1; ; ; ; ; ; ; ; ; ; ; ; ;12;310,576845498131
3363072;1;1;1; ; ; ; ; ; ; ; ; ; ; ; ;12;435,736093793056
3363072;1;2;2;2;18; ;2; ; ;2;2; ; ;2; ;12;435,736093793056
3363072;1;3;1; ; ; ; ; ; ; ; ; ; ; ; ;12;435,736093793056
3363072;1;4;1; ; ; ; ; ; ; ; ; ; ; ; ;12;435,736093793056
3363072;1;5;1; ; ; ; ; ; ; ; ; ; ; ; ;12;435,736093793056
3363072;1;6;1; ; ; ; ; ; ; ; ; ; ; ; ;12;435,736093793056
3363072;1;7;1; ; ; ; ; ; ; ; ; ; ; ; ;12;435,736093793056
3363073;1;1;1; ; ; ; ; ; ; ; ; ; ; ; ;12;720,410916172965
3363073;1;2;1; ; ; ; ; ; ; ; ; ; ; ; ;12;720,410916172965
3363073;1;3;1; ; ; ; ; ; ; ; ; ; ; ; ;12;720,410916172965
3363073;1;4;1; ; ; ; ; ; ; ; ; ; ; ; ;12;720,410916172965
3363073;1;5;1; ; ; ; ; ; ; ; ; ; ; ; ;12;720,410916172965
3363074;1;1;2;2;63; ;2; ; ;2;2; ; ;2; ;12;664,366845044643
3363074;1;2;2;2;18; ;2; ; ;2;2; ; ;2; ;12;664,366845044643
3363074;1;3;2;2;18; ;2; ; ;2;2; ; ;2; ;12;664,366845044643
3363074;1;4;2;2;18; ;2; ; ;2;2; ; ;2; ;12;664,366845044643
3363075;1;1;2;2;25; ;2; ; ;2;2; ; ;2; ;12;280,101896657048
3363075;1;2;2;2;63; ;2; ; ;2;2; ; ;2; ;12;280,101896657048
3363075;1;3;2;2;18; ;2; ; ;2;2; ; ;2; ;12;280,101896657048
3363076;1;1;1; ; ; ; ; ; ; ; ; ; ; ; ;12;594,055776653048
3363076;1;2;2;2;18; ;2; ; ;2;2; ; ;2; ;12;594,055776653048
3363076;1;3;2;2;18; ;2; ; ;2;2; ; ;2; ;12;594,055776653048
3363076;1;4;1; ; ; ; ; ; ; ; ; ; ; ; ;12;594,055776653048
3363077;1;1;2;2;18; ;2; ; ;2;2; ; ;2; ;12;459,535357648695
3363077;1;2;1; ; ; ; ; ; ; ; ; ; ; ; ;12;459,535357648695
3363077;1;3;1; ; ; ; ; ; ; ; ; ; ; ; ;12;459,535357648695
3363078;1;1;2;2;41; ;2; ; ;2;2; ; ;2; ;12;259,365896066958
3363078;1;2;2;2;41; ;2; ; ;2;2; ; ;2; ;12;259,365896066958
3363079;1;1;1; ; ; ; ; ; ; ; ; ; ; ; ;12;414,622315661402
3363079;1;2;2;2;18; ;3;18; ;2;2; ; ;2; ;12;414,622315661402
3363079;1;3;2;2;18; ;3;18; ;2;2; ; ;2; ;12;414,622315661402
3363079;1;4;2;2;18; ;3;18; ;2;2; ; ;2; ;12;414,622315661402
3363080;1;1;2;2;76; ;2; ; ;2;2; ; ;2; ;12;416,152695810486
3363080;1;2;1; ; ; ; ; ; ; ; ; ; ; ; ;12;416,152695810486
3363080;1;3;1; ; ; ; ; ; ; ; ; ; ; ; ;12;416,152695810486
3363080;1;4;1; ; ; ; ; ; ; ; ; ; ; ; ;12;416,152695810486
3363080;1;5;1; ; ; ; ; ; ; ; ; ; ; ; ;12;416,152695810486
3363081;1;1;2;2;18; ;2; ; ;2;2; ; ;2; ;12;341,051794339214
3363081;1;2;2;2;18; ;2; ; ;2;2; ; ;2; ;12;341,051794339214
3363081;1;3;1; ; ; ; ; ; ; ; ; ; ; ; ;12;341,051794339214
3363081;1;4;1; ; ; ; ; ; ; ; ; ; ; ; ;12;341,051794339214
3363081;1;5;1; ; ; ; ; ; ; ; ; ; ; ; ;12;341,051794339214
3363082;1;1;1; ; ; ; ; ; ; ; ; ; ; ; ;12;523,040430821998
3363082;1;2;2;2;18; ;2; ; ;2;2; ; ;2; ;12;523,040430821998
3363082;1;3;2;2;18; ;2; ; ;2;2; ; ;2; ;12;523,040430821998
3363082;1;4;2;2;18; ;2; ; ;2;2; ; ;2; ;12;523,040430821998
3363082;1;5;2;2;18; ;2; ; ;2;2; ; ;2; ;12;523,040430821998
3363083;1;1;2;2;18; ;2; ; ;2;2; ; ;2; ;12;379,501766711948
3363083;1;2;2;2;18; ;2; ; ;2;2; ; ;2; ;12;379,501766711948
3363084;1;1;2;2;76; ;2; ; ;2;2; ; ;2; ;12;358,045062976562
3363084;1;2;1; ; ; ; ; ; ; ; ; ; ; ; ;12;358,045062976562
3363084;1;3;2;2;11; ;2; ; ;2;2; ; ;2; ;12;358,045062976562
3363085;1;1;2;2;19; ;2; ; ;2;2; ; ;2; ;12;232,542889077904
3363085;1;2;2;2;73; ;2; ; ;2;2; ; ;2; ;12;232,542889077904
3363085;1;3;2;2;19; ;2; ; ;2;2; ; ;2; ;12;232,542889077904
3363085;1;4;2;2;18; ;2; ; ;2;2; ; ;2; ;12;232,542889077904
3363086;1;1;2;2;18; ;3;18; ;2;2; ; ;2; ;12;223,524643972208
3363086;1;2;1; ; ; ; ; ; ; ; ; ; ; ; ;12;223,524643972208
3363087;1;1;1; ; ; ; ; ; ; ; ; ; ; ; ;12;509,306615115244
3363087;1;2;2;2;18; ;2; ; ;2;2; ; ;2; ;12;509,306615115244
3363087;1;3;1; ; ; ; ; ; ; ; ; ; ; ; ;12;509,306615115244
3363087;1;4;1; ; ; ; ; ; ; ; ; ; ; ; ;12;509,306615115244
3363087;1;5;1; ; ; ; ; ; ; ; ; ; ; ; ;12;509,306615115244
3363087;1;6;1; ; ; ; ; ; ; ; ; ; ; ; ;12;509,306615115244
3363088;1;1;2;2;52; ;2; ; ;2;2; ; ;2; ;12;414,622315661402
3363088;1;2;2;2;18; ;2; ; ;2;2; ; ;2; ;12;414,622315661402
3363088;1;3;1; ; ; ; ; ; ; ; ; ; ; ; ;12;414,622315661402
3363088;1;4;2;2;18; ;2; ; ;2;2; ; ;2; ;12;414,622315661402
3363089;1;1;1; ; ; ; ; ; ; ; ; ; ; ; ;12;409,976715553031
3363089;1;2;1; ; ; ; ; ; ; ; ; ; ; ; ;12;409,976715553031
3363089;1;3;1; ; ; ; ; ; ; ; ; ; ; ; ;12;409,976715553031
3363090;1;1;2;2;19; ;2; ; ;2;2; ; ;2; ;12;683,663153670109
3363090;1;2;1; ; ; ; ; ; ; ; ; ; ; ; ;12;683,663153670109
3363090;1;3;1; ; ; ; ; ; ; ; ; ; ; ; ;12;683,663153670109
3363090;1;4;1; ; ; ; ; ; ; ; ; ; ; ; ;12;683,663153670109
3363090;1;5;2;2;18; ;2; ; ;2;2; ; ;2; ;12;683,663153670109
3363090;1;6;2;2;18; ;2; ; ;2;2; ; ;2; ;12;683,663153670109
3363091;1;1;2;2;19; ;2; ; ;2;2; ; ;2; ;12;483,204311271486
3363091;1;2;2;2;73; ;2; ; ;2;2; ; ;2; ;12;483,204311271486
3363091;1;3;1; ; ; ; ; ; ; ; ; ; ; ; ;12;483,204311271486
3363091;1;4;1; ; ; ; ; ; ; ; ; ; ; ; ;12;483,204311271486
3363091;1;5;1; ; ; ; ; ; ; ; ; ; ; ; ;12;483,204311271486
3363091;1;6;2;2;73; ;2; ; ;2;2; ; ;2; ;12;483,204311271486
3363092;1;1;1; ; ; ; ; ; ; ; ; ; ; ; ;12;287,733994584967
3363092;1;2;2;2;76; ;2; ; ;2;2; ; ;2; ;12;287,733994584967
3363092;1;3;2;2;18; ;2; ; ;2;2; ; ;2; ;12;287,733994584967
3363093;1;1;1; ; ; ; ; ; ; ; ; ; ; ; ;12;511,467010225164
3363093;1;2;1; ; ; ; ; ; ; ; ; ; ; ; ;12;511,467010225164
3363093;1;3;2;2;19; ;2; ; ;2;2; ; ;2; ;12;511,467010225164
3363094;1;1;1; ; ; ; ; ; ; ; ; ; ; ; ;12;310,576845498131
3363094;1;2;1; ; ; ; ; ; ; ; ; ; ; ; ;12;310,576845498131
3363094;1;3;1; ; ; ; ; ; ; ; ; ; ; ; ;12;310,576845498131
3363094;1;4;1; ; ; ; ; ; ; ; ; ; ; ; ;12;310,576845498131
3363095;1;1;2;2;41; ;2; ; ;2;2; ; ;2; ;12;423,731350867811
3363095;1;2;2;2;18; ;2; ; ;2;2; ; ;2; ;12;423,731350867811
3363095;1;3;1; ; ; ; ; ; ; ; ; ; ; ; ;12;423,731350867811
3363095;1;4;1; ; ; ; ; ; ; ; ; ; ; ; ;12;423,731350867811
3363095;1;5;1; ; ; ; ; ; ; ; ; ; ; ; ;12;423,731350867811
3363095;1;6;1; ; ; ; ; ; ; ; ; ; ; ; ;12;423,731350867811
3363096;1;1;1; ; ; ; ; ; ; ; ; ; ; ; ;12;720,410916172965
3363096;1;2;2;2;41; ;2; ; ;2;2; ; ;2; ;12;720,410916172965
3363096;1;3;1; ; ; ; ; ; ; ; ; ; ; ; ;12;720,410916172965
3363096;1;4;1; ; ; ; ; ; ; ; ; ; ; ; ;12;720,410916172965
3363096;1;5;1; ; ; ; ; ; ; ; ; ; ; ; ;12;720,410916172965
3363097;1;1;1; ; ; ; ; ; ; ; ; ; ; ; ;12;486,46376420208
3363097;1;2;1; ; ; ; ; ; ; ; ; ; ; ; ;12;486,46376420208
3363097;1;3;1; ; ; ; ; ; ; ; ; ; ; ; ;12;486,46376420208
3363097;1;4;1; ; ; ; ; ; ; ; ; ; ; ; ;12;486,46376420208
3363097;1;5;1; ; ; ; ; ; ; ; ; ; ; ; ;12;486,46376420208
3363098;1;1;2;2;18; ;3;18; ;2;2; ; ;2; ;12;720,410916172965
3363098;1;2;2;2;18; ;3;18; ;2;2; ; ;2; ;12;720,410916172965
3363098;1;3;2;2;18; ;3;18; ;2;2; ; ;2; ;12;720,410916172965
3363098;1;4;2;2;18; ;3;18; ;2;2; ; ;2; ;12;720,410916172965
3363098;1;5;1; ; ; ; ; ; ; ; ; ; ; ; ;12;720,410916172965
3363099;1;1;1; ; ; ; ; ; ; ; ; ; ; ; ;12;523,744708261454
3363099;1;2;1; ; ; ; ; ; ; ; ; ; ; ; ;12;523,744708261454
3363099;1;3;2;2;18; ;2; ; ;2;2; ; ;2; ;12;523,744708261454
3363099;1;4;1; ; ; ; ; ; ; ; ; ; ; ; ;12;523,744708261454
3363100;1;1;2;2;17; ;2; ; ;2;2; ; ;2; ;12;379,501766711948
3363100;1;2;1; ; ; ; ; ; ; ; ; ; ; ; ;12;379,501766711948
3363101;1;1;2;2;15; ;2; ; ;2;2; ; ;2; ;12;1138,35373416203
3363101;1;2;1; ; ; ; ; ; ; ; ; ; ; ; ;12;1138,35373416203
3363101;1;3;2;2;18; ;2; ; ;2;2; ; ;2; ;12;1138,35373416203
3363102;1;1;2;2;18; ;2; ; ;2;2; ; ;2; ;12;904,446647229674
3363102;1;2;2;2;18; ;2; ; ;2;2; ; ;2; ;12;904,446647229674
3363102;1;3;2;2;18; ;2; ; ;2;2; ; ;2; ;12;904,446647229674
3363102;1;4;2;2;18; ;2; ; ;2;2; ; ;2; ;12;904,446647229674
3363103;1;1;2;2;18; ;2; ; ;2;2; ; ;2; ;12;1138,35373416203
3363103;1;2;2;2;18; ;2; ; ;2;2; ; ;2; ;12;1138,35373416203
3363103;1;3;2;2;18; ;2; ; ;2;2; ; ;2; ;12;1138,35373416203
3363104;1;1;1; ; ; ; ; ; ; ; ; ; ; ; ;12;1566,04241675859
3363104;1;2;2;2;18; ;2; ; ;2;2; ; ;2; ;12;1566,04241675859
3363104;1;3;2;2;18; ;2; ; ;2;2; ; ;2; ;12;1566,04241675859
3363104;1;4;1; ; ; ; ; ; ; ; ; ; ; ; ;12;1566,04241675859
3363105;1;1;2;2;70; ;2; ; ;2;2; ; ;2; ;12;1235,24453199413
3363105;1;2;1; ; ; ; ; ; ; ; ; ; ; ; ;12;1235,24453199413
3363105;1;3;2;2;11; ;2; ; ;2;2; ; ;2; ;12;1235,24453199413
3363105;1;4;1; ; ; ; ; ; ; ; ; ; ; ; ;12;1235,24453199413
3363106;1;1;2;2;18; ;3;11; ;1;2; ; ;2; ;12;223,524643972208
3363106;1;2;2;2;17; ;3;11; ;1;2; ; ;2; ;12;223,524643972208
3363107;1;1;2;2;86; ;2; ; ;2;2; ; ;2; ;12;358,045062976562
3363107;1;2;1; ; ; ; ; ; ; ; ; ; ; ; ;12;358,045062976562
3363107;1;3;1; ; ; ; ; ; ; ; ; ; ; ; ;12;358,045062976562
3363108;1;1;1; ; ; ; ; ; ; ; ; ; ; ; ;12;511,467010225164
3363108;1;2;1; ; ; ; ; ; ; ; ; ; ; ; ;12;511,467010225164
3363108;1;3;1; ; ; ; ; ; ; ; ; ; ; ; ;12;511,467010225164
3363109;1;1;1; ; ; ; ; ; ; ; ; ; ; ; ;12;348,683892267133
3363109;1;2;2;2;18; ;2; ; ;2;2; ; ;2; ;12;348,683892267133
3363109;1;3;2;2;18; ;2; ; ;2;2; ; ;2; ;12;348,683892267133
3363109;1;4;1; ; ; ; ; ; ; ; ; ; ; ; ;12;348,683892267133
3363109;1;5;1; ; ; ; ; ; ; ; ; ; ; ; ;12;348,683892267133
3363110;1;1;1; ; ; ; ; ; ; ; ; ; ; ; ;12;450,463567756151
3363110;1;2;1; ; ; ; ; ; ; ; ; ; ; ; ;12;450,463567756151
3363110;1;3;1; ; ; ; ; ; ; ; ; ; ; ; ;12;450,463567756151
3363110;1;4;1; ; ; ; ; ; ; ; ; ; ; ; ;12;450,463567756151
3363111;1;1;2;2;66; ;3;18; ;1;2; ; ;1; ;12;299,160724113668
3363111;1;2;2;2;63; ;3;18; ;1;2; ; ;1; ;12;299,160724113668
3363111;1;3;2;2;63; ;3;18; ;1;2; ; ;1; ;12;299,160724113668
3363112;1;1;2;2;76; ;2; ; ;1;2; ; ;1; ;12;394,217293690601
3363112;1;2;2;2;76; ;2; ; ;1;2; ; ;1; ;12;394,217293690601
3363112;1;3;2;2;76; ;2; ; ;1;2; ; ;1; ;12;394,217293690601
3363112;1;4;1; ; ; ; ; ; ; ; ; ; ; ; ;12;394,217293690601
3363112;1;5;1; ; ; ; ; ; ; ; ; ; ; ; ;12;394,217293690601
3363112;1;6;1; ; ; ; ; ; ; ; ; ; ; ; ;12;394,217293690601
3363112;1;7;2;2;76; ;2; ; ;1;2; ; ;1; ;12;394,217293690601
3363113;1;1;2;2;66; ;2; ; ;1;2; ; ;1; ;12;280,859224022968
3363113;1;2;2;2;66; ;3;66; ;1;2; ; ;1; ;12;280,859224022968
3363113;1;3;2;2;66; ;2; ; ;1;2; ; ;1; ;12;280,859224022968
3363113;1;4;2;2;76; ;2; ; ;1;2; ; ;1; ;12;280,859224022968
3363113;1;5;1; ; ; ; ; ; ; ; ; ; ; ; ;12;280,859224022968
3363113;2;1;1; ; ; ; ; ; ; ; ; ; ; ; ;12;280,859224022968
3363113;2;2;2;2;66; ;2; ; ;1;2; ; ;1; ;12;280,859224022968
3363114;1;1;2;2;76; ;2; ; ;1;2; ; ;1; ;12;473,456935238818
3363114;1;2;2;2;63; ;2; ; ;1;2; ; ;1; ;12;473,456935238818
3363114;1;3;2;1; ; ;2; ; ;1;3;15; ;1; ;12;473,456935238818
3363114;1;4;1; ; ; ; ; ; ; ; ; ; ; ; ;12;473,456935238818
3363114;1;5;1; ; ; ; ; ; ; ; ; ; ; ; ;12;473,456935238818
3363114;1;6;1; ; ; ; ; ; ; ; ; ; ; ; ;12;473,456935238818
3363114;1;7;1; ; ; ; ; ; ; ; ; ; ; ; ;12;473,456935238818
3363114;1;8;1; ; ; ; ; ; ; ; ; ; ; ; ;12;473,456935238818
3363114;1;9;1; ; ; ; ; ; ; ; ; ; ; ; ;12;473,456935238818
3363114;1;10;1; ; ; ; ; ; ; ; ; ; ; ; ;12;473,456935238818
3363115;1;1;2;2;73; ;3;73; ;2;3;73; ;2;1;12;171,434199954587
3363115;1;2;2;2;73; ;3;73; ;1;3;73; ;1; ;12;171,434199954587
3363115;1;3;2;2;73; ;1; ; ; ;3;73; ;1; ;12;171,434199954587
3363116;1;1;2;2;17; ;2; ; ;1;2; ; ;1; ;12;92,2875155422036
3363117;1;1;2;2;17; ;2; ; ;1;2; ; ;1; ;12;126,027212275068
3363117;1;2;1; ; ; ; ; ; ; ; ; ; ; ; ;12;126,027212275068
3363117;1;3;1; ; ; ; ; ; ; ; ; ; ; ; ;12;126,027212275068
3363118;1;1;1; ; ; ; ; ; ; ; ; ; ; ; ;12;135,271875871941
3363118;1;2;1; ; ; ; ; ; ; ; ; ; ; ; ;12;135,271875871941
3363118;1;3;1; ; ; ; ; ; ; ; ; ; ; ; ;12;135,271875871941
3363119;1;1;2;2;17; ;2; ; ;1;2; ; ;1; ;12;65,5254440916518
3363119;1;2;2;2;76; ;2; ; ;1;2; ; ;1; ;12;65,5254440916518
3363119;1;3;1; ; ; ; ; ; ; ; ; ; ; ; ;12;65,5254440916518
3363119;1;4;1; ; ; ; ; ; ; ; ; ; ; ; ;12;65,5254440916518
3363120;1;1;1; ; ; ; ; ; ; ; ; ; ; ; ;12;247,653142527825
3363120;1;2;1; ; ; ; ; ; ; ; ; ; ; ; ;12;247,653142527825
3363121;1;1;1; ; ; ; ; ; ; ; ; ; ; ; ;12;436,741425665538
3363121;1;2;1; ; ; ; ; ; ; ; ; ; ; ; ;12;436,741425665538
3363121;1;3;1; ; ; ; ; ; ; ; ; ; ; ; ;12;436,741425665538
3363121;1;4;1; ; ; ; ; ; ; ; ; ; ; ; ;12;436,741425665538
3363122;1;1;2;2;08; ;2; ; ;1;2; ; ;1; ;12;86,4089298677997
3363122;1;2;2;2;76; ;2; ; ;1;2; ; ;1; ;12;86,4089298677997
3363122;1;3;2;2;76; ;3;76; ;1;3;76; ;1; ;12;86,4089298677997
3363122;1;4;2;2;63; ;2; ; ;1;2; ; ;1; ;12;86,4089298677997
3363123;1;1;2;2;73; ;2; ; ;1;2; ; ;1; ;12;197,200065614294
3363123;1;2;1; ; ; ; ; ; ; ; ; ; ; ; ;12;197,200065614294
3363123;1;3;1; ; ; ; ; ; ; ; ; ; ; ; ;12;197,200065614294
3363123;1;4;1; ; ; ; ; ; ; ; ; ; ; ; ;12;197,200065614294
3363123;1;5;1; ; ; ; ; ; ; ; ; ; ; ; ;12;197,200065614294
3363123;1;6;1; ; ; ; ; ; ; ; ; ; ; ; ;12;197,200065614294
3363123;1;7;1; ; ; ; ; ; ; ; ; ; ; ; ;12;197,200065614294
3363124;1;1;2;2;73; ;2; ; ;1;2; ; ;1; ;12;155,365626985621
3363124;1;2;1; ; ; ; ; ; ; ; ; ; ; ; ;12;155,365626985621
3363124;1;3;1; ; ; ; ; ; ; ; ; ; ; ; ;12;155,365626985621
3363125;1;1;2;2;76; ;2; ; ;1;2; ; ;1; ;12;81,9693961839996
3363125;1;2;2;2;18; ;2; ; ;1;2; ; ;1; ;12;81,9693961839996
3363125;1;3;1; ; ; ; ; ; ; ; ; ; ; ; ;12;81,9693961839996
3363125;1;4;1; ; ; ; ; ; ; ; ; ; ; ; ;12;81,9693961839996
3363125;1;5;2;2;18; ;2; ; ;1;2; ; ;1; ;12;81,9693961839996
3363126;1;1;1; ; ; ; ; ; ; ; ; ; ; ; ;12;118,041306335125
3363126;1;2;1; ; ; ; ; ; ; ; ; ; ; ; ;12;118,041306335125
3363127;1;1;2;2;76; ;2; ; ;1;2; ; ;1; ;12;96,5085032308409
3363127;1;2;2;2;05; ;2; ; ;1;2; ; ;1; ;12;96,5085032308409
3363127;1;3;2;2;05; ;2; ; ;1;2; ; ;1; ;12;96,5085032308409
3363127;1;4;1; ; ; ; ; ; ; ; ; ; ; ; ;12;96,5085032308409
3363128;1;1;1; ; ; ; ; ; ; ; ; ; ; ; ;12;149,580362056834
3363128;1;2;2;2;11; ;2; ; ;1;2; ; ;1; ;12;149,580362056834
3363128;1;3;1; ; ; ; ; ; ; ; ; ; ; ; ;12;149,580362056834
3363129;1;1;2;2;76; ;3;76; ;1;2; ; ;1; ;12;352,471779048392
3363129;1;2;1; ; ; ; ; ; ; ; ; ; ; ; ;12;352,471779048392
3363129;1;3;1; ; ; ; ; ; ; ; ; ; ; ; ;12;352,471779048392
3363130;1;1;2;1; ; ;3;18; ;1;2; ; ;1; ;12;1505,56122102688
3363130;1;2;2;2;05; ;3;18; ;1;2; ; ;1; ;12;1505,56122102688
3363130;1;3;2;2;18; ;3;18; ;1;2; ; ;1; ;12;1505,56122102688
3363130;1;4;2;2;18; ;1; ; ; ;2; ; ;1; ;12;1505,56122102688
3363131;1;1;2;2;76; ;2; ; ;1;2; ; ;1; ;12;1247,13674084987
3363131;1;2;1; ; ; ; ; ; ; ; ; ; ; ; ;12;1247,13674084987
3363131;1;3;1; ; ; ; ; ; ; ; ; ; ; ; ;12;1247,13674084987
3363131;1;4;1; ; ; ; ; ; ; ; ; ; ; ; ;12;1247,13674084987
3363132;1;1;2;2;19; ;2; ; ;1;2; ; ;1; ;12;942,543242466333
3363132;1;2;2;2;19; ;2; ; ;1;2; ; ;1; ;12;942,543242466333
3363133;1;1;2;2;52; ;2; ; ;1;2; ; ;1; ;12;844,035523851638
3363134;1;1;2;2;76; ;2; ; ;1;2; ; ;1; ;12;821,820440282316
3363134;1;2;2;2;17; ;2; ; ;1;2; ; ;1; ;12;821,820440282316
3363134;1;3;1; ; ; ; ; ; ; ; ; ; ; ; ;12;821,820440282316
3363134;1;4;1; ; ; ; ; ; ; ; ; ; ; ; ;12;821,820440282316
3363134;1;5;2;2;17; ;2; ; ;1;2; ; ;1; ;12;821,820440282316
3363135;1;1;2;2;11; ;2; ; ;1;2; ; ;1; ;12;1175,48611270334
3363135;1;2;1; ; ; ; ; ; ; ; ; ; ; ; ;12;1175,48611270334
3363135;1;3;1; ; ; ; ; ; ; ; ; ; ; ; ;12;1175,48611270334
3363136;1;1;2;2;19; ;2; ; ;1;2; ; ;1; ;12;1101,84707494001
3363136;1;2;1; ; ; ; ; ; ; ; ; ; ; ; ;12;1101,84707494001
3363136;1;3;1; ; ; ; ; ; ; ; ; ; ; ; ;12;1101,84707494001
3363136;1;4;1; ; ; ; ; ; ; ; ; ; ; ; ;12;1101,84707494001
3363137;1;1;2;2;11; ;2; ; ;1;2; ; ;1; ;12;737,91739997989
3363138;1;1;1; ; ; ; ; ; ; ; ; ; ; ; ;12;1003,33935632531
3363138;1;2;2;2;73; ;2; ; ;1;2; ; ;1; ;12;1003,33935632531
3363138;1;3;1; ; ; ; ; ; ; ; ; ; ; ; ;12;1003,33935632531
3363139;1;1;1; ; ; ; ; ; ; ; ; ; ; ; ;12;1162,70694300338
3363139;1;2;2;2;19; ;2; ; ;1;2; ; ;1; ;12;1162,70694300338
3363139;1;3;1; ; ; ; ; ; ; ; ; ; ; ; ;12;1162,70694300338
3363139;2;1;2;2;73; ;2; ; ;1;4; ;4; ;1;12;1162,70694300338
3363139;2;2;1; ; ; ; ; ; ; ; ; ; ; ; ;12;1162,70694300338
3363139;2;3;1; ; ; ; ; ; ; ; ; ; ; ; ;12;1162,70694300338
3363140;1;1;1; ; ; ; ; ; ; ; ; ; ; ; ;12;104,002591716808
3363140;1;2;1; ; ; ; ; ; ; ; ; ; ; ; ;12;104,002591716808
3363141;1;1;2;2;70; ;2; ; ;1;2; ; ;1; ;12;83,28376492135
3363142;1;1;1; ; ; ; ; ; ; ; ; ; ; ; ;12;96,4278791202782
3363142;1;2;1; ; ; ; ; ; ; ; ; ; ; ; ;12;96,4278791202782
3363142;1;3;1; ; ; ; ; ; ; ; ; ; ; ; ;12;96,4278791202782
3363142;1;4;1; ; ; ; ; ; ; ; ; ; ; ; ;12;96,4278791202782
3363143;1;1;1; ; ; ; ; ; ; ; ; ; ; ; ;12;79,7148446032403
3363143;1;2;1; ; ; ; ; ; ; ; ; ; ; ; ;12;79,7148446032403
3363143;1;3;1; ; ; ; ; ; ; ; ; ; ; ; ;12;79,7148446032403
3363144;1;1;1; ; ; ; ; ; ; ; ; ; ; ; ;12;108,486152622148
3363144;1;2;2;2;13; ;2; ; ;1;2; ; ;1; ;12;108,486152622148
3363144;1;3;2;2;13; ;2; ; ;1;2; ; ;1; ;12;108,486152622148
3363144;1;4;1; ; ; ; ; ; ; ; ; ; ; ; ;12;108,486152622148
3363145;1;1;1; ; ; ; ; ; ; ; ; ; ; ; ;12;89,9486163598702
3363145;1;2;1; ; ; ; ; ; ; ; ; ; ; ; ;12;89,9486163598702
3363146;1;1;2;2;13; ;2; ; ;1;2; ; ;1; ;12;120,946629608733
3363146;1;2;2;2;13; ;2; ; ;1;2; ; ;1; ;12;120,946629608733
3363146;1;3;1; ; ; ; ; ; ; ; ; ; ; ; ;12;120,946629608733
3363147;1;1;2;2;13; ;2; ; ;1;2; ; ;1; ;12;86,8459626960457
3363147;1;2;2;2;23; ;2; ; ;1;2; ; ;1; ;12;86,8459626960457
3363147;1;3;2;2;23; ;2; ; ;1;2; ; ;1; ;12;86,8459626960457
3363147;1;4;1; ; ; ; ; ; ; ; ; ; ; ; ;12;86,8459626960457
3363147;1;5;2;2;23; ;2; ; ;1;2; ; ;1; ;12;86,8459626960457
3363147;1;6;1; ; ; ; ; ; ; ; ; ; ; ; ;12;86,8459626960457
3363148;1;1;2;2;70; ;2; ; ;1;2; ; ;1; ;12;89,1236625340346
3363148;1;2;1; ; ; ; ; ; ; ; ; ; ; ; ;12;89,1236625340346
3363148;1;3;1; ; ; ; ; ; ; ; ; ; ; ; ;12;89,1236625340346
3363148;1;4;1; ; ; ; ; ; ; ; ; ; ; ; ;12;89,1236625340346
3363149;1;1;1; ; ; ; ; ; ; ; ; ; ; ; ;12;85,6820732106485
3363149;1;2;1; ; ; ; ; ; ; ; ; ; ; ; ;12;85,6820732106485
3363149;1;3;1; ; ; ; ; ; ; ; ; ; ; ; ;12;85,6820732106485
3363149;1;4;1; ; ; ; ; ; ; ; ; ; ; ; ;12;85,6820732106485
3363150;1;1;2;2;70; ;2; ; ;1;2; ; ;1; ;12;74,391201621142
3363150;1;2;1; ; ; ; ; ; ; ; ; ; ; ; ;12;74,391201621142
3363150;1;3;1; ; ; ; ; ; ; ; ; ; ; ; ;12;74,391201621142
3363150;1;4;1; ; ; ; ; ; ; ; ; ; ; ; ;12;74,391201621142
3363150;1;5;1; ; ; ; ; ; ; ; ; ; ; ; ;12;74,391201621142
3363150;1;6;1; ; ; ; ; ; ; ; ; ; ; ; ;12;74,391201621142
3363150;1;7;1; ; ; ; ; ; ; ; ; ; ; ; ;12;74,391201621142
3363150;1;8;1; ; ; ; ; ; ; ; ; ; ; ; ;12;74,391201621142
3363150;1;9;1; ; ; ; ; ; ; ; ; ; ; ; ;12;74,391201621142
3363150;2;1;1; ; ; ; ; ; ; ; ; ; ; ; ;12;74,391201621142
3363150;2;2;1; ; ; ; ; ; ; ; ; ; ; ; ;12;74,391201621142
3363151;1;1;2;2;63; ;2; ; ;1;2; ; ;1; ;12;343,120715515351
3363151;1;2;2;2;66; ;2; ; ;1;2; ; ;1; ;12;343,120715515351
3363151;1;3;1; ; ; ; ; ; ; ; ; ; ; ; ;12;343,120715515351
3363151;1;4;2;2;66; ;2; ; ;1;2; ; ;1; ;12;343,120715515351
3363151;1;5;2;2;17; ;2; ; ;1;2; ; ;1; ;12;343,120715515351
3363151;1;6;2;2;17; ;2; ; ;1;2; ; ;1; ;12;343,120715515351
3363152;1;1;2;2;17; ;2; ; ;1;2; ; ;1; ;12;261,652104559382
3363152;1;2;2;2;66; ;2; ; ;1;2; ; ;1; ;12;261,652104559382
3363152;1;3;1; ; ; ; ; ; ; ; ; ; ; ; ;12;261,652104559382
3363152;1;4;2;2;66; ;2; ; ;1;2; ; ;1; ;12;261,652104559382
3363153;1;1;2;2;66; ;2; ; ;1;2; ; ;1; ;12;192,92943877372
3363153;1;2;2;2;17; ;2; ; ;1;2; ; ;1; ;12;192,92943877372
3363153;1;3;1; ; ; ; ; ; ; ; ; ; ; ; ;12;192,92943877372
3363153;1;4;1; ; ; ; ; ; ; ; ; ; ; ; ;12;192,92943877372
3363153;1;5;2;2;66; ;2; ; ;1;2; ; ;1; ;12;192,92943877372
3363153;1;6;2;2;66; ;2; ; ;1;2; ; ;1; ;12;192,92943877372
3363154;1;1;2;2;76; ;2; ; ;1;2; ; ;1; ;12;297,736257794543
3363154;1;2;2;2;66; ;2; ; ;1;2; ; ;1; ;12;297,736257794543
3363154;1;3;2;2;66; ;2; ; ;1;2; ; ;1; ;12;297,736257794543
3363154;1;4;2;2;66; ;2; ; ;1;2; ; ;1; ;12;297,736257794543
3363155;1;1;1; ; ; ; ; ; ; ; ; ; ; ; ;12;244,978951738289
3363155;1;2;1; ; ; ; ; ; ; ; ; ; ; ; ;12;244,978951738289
3363155;1;3;1; ; ; ; ; ; ; ; ; ; ; ; ;12;244,978951738289
3363156;1;1;2;2;17; ;2; ; ;1;2; ; ;1; ;12;248,590631784963
3363156;1;2;1; ; ; ; ; ; ; ; ; ; ; ; ;12;248,590631784963
3363156;1;3;1; ; ; ; ; ; ; ; ; ; ; ; ;12;248,590631784963
3363156;1;4;2;2;76; ;2; ; ;1;2; ; ;1; ;12;248,590631784963
3363156;1;5;1; ; ; ; ; ; ; ; ; ; ; ; ;12;248,590631784963
3363157;1;1;1; ; ; ; ; ; ; ; ; ; ; ; ;12;283,754208032294
3363157;1;2;1; ; ; ; ; ; ; ; ; ; ; ; ;12;283,754208032294
3363157;1;3;1; ; ; ; ; ; ; ; ; ; ; ; ;12;283,754208032294
3363157;1;4;1; ; ; ; ; ; ; ; ; ; ; ; ;12;283,754208032294
3363157;1;5;1; ; ; ; ; ; ; ; ; ; ; ; ;12;283,754208032294
3363157;1;6;1; ; ; ; ; ; ; ; ; ; ; ; ;12;283,754208032294
3363158;1;1;2;2;66; ;2; ; ;1;2; ; ;1; ;12;259,600599275105
3363158;1;2;2;2;66; ;2; ; ;1;2; ; ;1; ;12;259,600599275105
3363159;1;1;2;2;66; ;2; ; ;1;2; ; ;1; ;12;155,031212391197
3363159;1;2;1; ; ; ; ; ; ; ; ; ; ; ; ;12;155,031212391197
3363159;1;3;1; ; ; ; ; ; ; ; ; ; ; ; ;12;155,031212391197
3363159;1;4;1; ; ; ; ; ; ; ; ; ; ; ; ;12;155,031212391197
3363159;1;5;1; ; ; ; ; ; ; ; ; ; ; ; ;12;155,031212391197
3363160;1;1;1; ; ; ; ; ; ; ; ; ; ; ; ;12;229,464402473389
3363160;1;2;1; ; ; ; ; ; ; ; ; ; ; ; ;12;229,464402473389
3363160;1;3;1; ; ; ; ; ; ; ; ; ; ; ; ;12;229,464402473389
3363161;1;1;1; ; ; ; ; ; ; ; ; ; ; ; ;12;283,715935835376
3363161;1;2;2;2;63; ;2; ; ;1;2; ; ;1; ;12;283,715935835376
3363161;1;3;2;2;63; ;2; ; ;1;2; ; ;1; ;12;283,715935835376
3363161;1;4;1; ; ; ; ; ; ; ; ; ; ; ; ;12;283,715935835376
3363161;1;5;1; ; ; ; ; ; ; ; ; ; ; ; ;12;283,715935835376
3363162;1;1;2;2;76; ;2; ; ;1;2; ; ;1; ;12;245,068749141789
3363162;1;2;2;2;17; ;4; ;1; ;2; ; ;1; ;12;245,068749141789
3363162;1;3;2;2;17; ;2; ; ;1;2; ; ;1; ;12;245,068749141789
3363162;1;4;1; ; ; ; ; ; ; ; ; ; ; ; ;12;245,068749141789
3363162;1;5;1; ; ; ; ; ; ; ; ; ; ; ; ;12;245,068749141789
3363162;1;6;2;2;66; ;4; ;1; ;2; ; ;1; ;12;245,068749141789
3363163;1;1;1; ; ; ; ; ; ; ; ; ; ; ; ;12;245,432048151075
3363163;1;2;1; ; ; ; ; ; ; ; ; ; ; ; ;12;245,432048151075
3363163;1;3;1; ; ; ; ; ; ; ; ; ; ; ; ;12;245,432048151075
3363163;1;4;1; ; ; ; ; ; ; ; ; ; ; ; ;12;245,432048151075
3363164;1;1;2;2;76; ;2; ; ;1;2; ; ;1; ;12;259,600599275105
3363164;1;2;2;2;76; ;2; ; ;1;2; ; ;1; ;12;259,600599275105
3363165;1;1;2;2;54; ;2; ; ;1;2; ; ;1; ;12;313,087345641834
3363165;1;2;1; ; ; ; ; ; ; ; ; ; ; ; ;12;313,087345641834
3363165;1;3;1; ; ; ; ; ; ; ; ; ; ; ; ;12;313,087345641834
3363165;1;4;1; ; ; ; ; ; ; ; ; ; ; ; ;12;313,087345641834
3363166;1;1;1; ; ; ; ; ; ; ; ; ; ; ; ;12;318,063199880868
3363166;1;2;1; ; ; ; ; ; ; ; ; ; ; ; ;12;318,063199880868
3363166;1;3;1; ; ; ; ; ; ; ; ; ; ; ; ;12;318,063199880868
3363166;1;4;1; ; ; ; ; ; ; ; ; ; ; ; ;12;318,063199880868
3363168;1;1;1; ; ; ; ; ; ; ; ; ; ; ; ;12;261,652104559382
3363168;1;2;1; ; ; ; ; ; ; ; ; ; ; ; ;12;261,652104559382
3363168;1;3;1; ; ; ; ; ; ; ; ; ; ; ; ;12;261,652104559382
3363168;1;4;1; ; ; ; ; ; ; ; ; ; ; ; ;12;261,652104559382
3363169;1;1;2;2;17; ;2; ; ;1;2; ; ;1; ;12;198,809199890047
3363169;1;2;2;2;17; ;2; ; ;1;2; ; ;1; ;12;198,809199890047
3363169;1;3;2;2;17; ;2; ; ;1;2; ; ;1; ;12;198,809199890047
3363169;1;4;2;2;17; ;2; ; ;1;2; ; ;1; ;12;198,809199890047
3363170;1;1;1; ; ; ; ; ; ; ; ; ; ; ; ;12;306,069095401351
3363170;1;2;1; ; ; ; ; ; ; ; ; ; ; ; ;12;306,069095401351
3363170;1;3;1; ; ; ; ; ; ; ; ; ; ; ; ;12;306,069095401351
3363171;1;1;1; ; ; ; ; ; ; ; ; ; ; ; ;12;263,959895683744
3363172;1;1;1; ; ; ; ; ; ; ; ; ; ; ; ;12;327,872454596259
3363172;1;2;1; ; ; ; ; ; ; ; ; ; ; ; ;12;327,872454596259
3363172;1;3;1; ; ; ; ; ; ; ; ; ; ; ; ;12;327,872454596259
3363173;1;1;1; ; ; ; ; ; ; ; ; ; ; ; ;12;289,395942580258
3363173;1;2;1; ; ; ; ; ; ; ; ; ; ; ; ;12;289,395942580258
3363174;1;1;1; ; ; ; ; ; ; ; ; ; ; ; ;12;345,40546669554
3363174;1;2;1; ; ; ; ; ; ; ; ; ; ; ; ;12;345,40546669554
3363174;1;3;1; ; ; ; ; ; ; ; ; ; ; ; ;12;345,40546669554
3363175;1;1;2;2;19; ;2; ; ;1;2; ; ;1; ;12;287,369725100608
3363175;1;2;1; ; ; ; ; ; ; ; ; ; ; ; ;12;287,369725100608
3363175;1;3;1; ; ; ; ; ; ; ; ; ; ; ; ;12;287,369725100608
3363175;1;4;1; ; ; ; ; ; ; ; ; ; ; ; ;12;287,369725100608
3363176;1;1;2;2;76; ;2; ; ;1;2; ; ;1; ;12;319,242811091994
3363176;1;2;2;2;66; ;2; ; ;1;2; ; ;1; ;12;319,242811091994
3363176;1;3;2;2;66; ;4; ;2; ;2; ; ;1; ;12;319,242811091994
3363176;1;4;2;2;63; ;3;63; ;1;3;63; ;1; ;12;319,242811091994
3363177;1;1;2;2;76; ;2; ; ;1;2; ; ;1; ;12;228,003217617552
3363177;1;2;1; ; ; ; ; ; ; ; ; ; ; ; ;12;228,003217617552
3363177;1;3;1; ; ; ; ; ; ; ; ; ; ; ; ;12;228,003217617552
3363177;1;4;1; ; ; ; ; ; ; ; ; ; ; ; ;12;228,003217617552
3363178;1;1;2;2;17; ;2; ; ;1;2; ; ;1; ;12;289,395942580258
3363178;1;2;2;2;17; ;2; ; ;1;2; ; ;1; ;12;289,395942580258
3363179;1;1;1; ; ; ; ; ; ; ; ; ; ; ; ;12;150,466111990574
3363179;1;2;2;2;23; ;2; ; ;1;2; ; ;1; ;12;150,466111990574
3363179;1;3;1; ; ; ; ; ; ; ; ; ; ; ; ;12;150,466111990574
3363179;1;4;1; ; ; ; ; ; ; ; ; ; ; ; ;12;150,466111990574
3363179;1;5;1; ; ; ; ; ; ; ; ; ; ; ; ;12;150,466111990574
3363180;1;1;2;2;20; ;3;91; ;1;2; ; ;1; ;12;137,215347384873
3363180;1;2;2;1; ; ;3;91; ;1;2; ; ;1; ;12;137,215347384873
3363180;1;3;2;2;91; ;3;91; ;1;2; ; ;1; ;12;137,215347384873
3363181;1;1;2;2;20; ;2; ; ;1;2; ; ;1; ;12;166,305987000997
3363181;1;2;2;2;08; ;2; ; ;1;2; ; ;1; ;12;166,305987000997
3363181;1;3;2;2;20; ;2; ; ;1;2; ; ;1; ;12;166,305987000997
3363181;1;4;2;1; ; ;3;08; ;1;2; ; ;1; ;12;166,305987000997
3363181;1;5;1; ; ; ; ; ; ; ; ; ; ; ; ;12;166,305987000997
3363182;1;1;1; ; ; ; ; ; ; ; ; ; ; ; ;12;180,529449773262
3363182;1;2;1; ; ; ; ; ; ; ; ; ; ; ; ;12;180,529449773262
3363182;1;3;2;2;76; ;2; ; ;1;2; ; ;1; ;12;180,529449773262
3363182;1;4;1; ; ; ; ; ; ; ; ; ; ; ; ;12;180,529449773262
3363183;1;1;2;1; ; ;3;20; ;1;2; ; ;1; ;12;173,392832422944
3363183;1;2;2;2;20; ;3;20; ;1;2; ; ;1; ;12;173,392832422944
3363183;1;3;1; ; ; ; ; ; ; ; ; ; ; ; ;12;173,392832422944
3363184;1;1;2;2;13; ;2; ; ;1;2; ; ;1; ;12;185,816243094013
3363184;1;2;1; ; ; ; ; ; ; ; ; ; ; ; ;12;185,816243094013
3363184;1;3;1; ; ; ; ; ; ; ; ; ; ; ; ;12;185,816243094013
3363185;1;1;1; ; ; ; ; ; ; ; ; ; ; ; ;12;221,469650856542
3363185;1;2;1; ; ; ; ; ; ; ; ; ; ; ; ;12;221,469650856542
3363185;1;3;1; ; ; ; ; ; ; ; ; ; ; ; ;12;221,469650856542
3363185;1;4;1; ; ; ; ; ; ; ; ; ; ; ; ;12;221,469650856542
3363186;1;1;1; ; ; ; ; ; ; ; ; ; ; ; ;12;243,352239919385
3363186;1;2;2;2;44; ;2; ; ;1;2; ; ;1; ;12;243,352239919385
3363186;1;3;1; ; ; ; ; ; ; ; ; ; ; ; ;12;243,352239919385
3363186;1;4;1; ; ; ; ; ; ; ; ; ; ; ; ;12;243,352239919385
3363187;1;1;2;2;20; ;2; ; ;1;2; ; ;1; ;12;159,169369650679
3363187;1;2;1; ; ; ; ; ; ; ; ; ; ; ; ;12;159,169369650679
3363187;1;3;1; ; ; ; ; ; ; ; ; ; ; ; ;12;159,169369650679
3363187;1;4;1; ; ; ; ; ; ; ; ; ; ; ; ;12;159,169369650679
3363188;1;1;1; ; ; ; ; ; ; ; ; ; ; ; ;12;183,141402378871
3363188;1;2;1; ; ; ; ; ; ; ; ; ; ; ; ;12;183,141402378871
3363189;1;1;2;2;05; ;3;44; ;1;2; ; ;1; ;12;180,529449773262
3363189;1;2;1; ; ; ; ; ; ; ; ; ; ; ; ;12;180,529449773262
3363189;1;3;2;2;44; ;1; ; ; ;2; ; ;1; ;12;180,529449773262
3363189;1;4;2;2;44; ;1; ; ; ;2; ; ;1; ;12;180,529449773262
3363190;1;1;1; ; ; ; ; ; ; ; ; ; ; ; ;12;146,537480416559
3363190;1;2;1; ; ; ; ; ; ; ; ; ; ; ; ;12;146,537480416559
3363190;1;3;1; ; ; ; ; ; ; ; ; ; ; ; ;12;146,537480416559
3363191;1;1;2;2;68; ;2; ; ;1;2; ; ;1; ;12;151,517280281112
3363191;1;2;2;2;20; ;2; ; ;1;2; ; ;1; ;12;151,517280281112
3363191;1;3;1; ; ; ; ; ; ; ; ; ; ; ; ;12;151,517280281112
3363191;1;4;1; ; ; ; ; ; ; ; ; ; ; ; ;12;151,517280281112
3363191;1;5;1; ; ; ; ; ; ; ; ; ; ; ; ;12;151,517280281112
3363191;1;6;1; ; ; ; ; ; ; ; ; ; ; ; ;12;151,517280281112
3363191;1;7;2;2;20; ;2; ; ;1;2; ; ;1; ;12;151,517280281112
3363191;1;8;1; ; ; ; ; ; ; ; ; ; ; ; ;12;151,517280281112
3363191;1;9;1; ; ; ; ; ; ; ; ; ; ; ; ;12;151,517280281112
3363191;1;10;1; ; ; ; ; ; ; ; ; ; ; ; ;12;151,517280281112
3363192;1;1;1; ; ; ; ; ; ; ; ; ; ; ; ;12;111,958083145454
3363192;1;2;2;2;20; ;2; ; ;1;2; ; ;1; ;12;111,958083145454
3363192;1;3;1; ; ; ; ; ; ; ; ; ; ; ; ;12;111,958083145454
3363192;1;4;1; ; ; ; ; ; ; ; ; ; ; ; ;12;111,958083145454
3363192;1;5;1; ; ; ; ; ; ; ; ; ; ; ; ;12;111,958083145454
3363193;1;1;2;1; ; ;3;20; ;2;2; ; ;1; ;12;144,766126510967
3363193;1;2;2;2;20; ;3;20; ;1;2; ; ;1; ;12;144,766126510967
3363193;1;3;2;2;20; ;3;20; ;2;2; ; ;1; ;12;144,766126510967
3363193;1;4;2;2;20; ;3;20; ;2;2; ; ;1; ;12;144,766126510967
3363193;1;5;2;2;20; ;3;20; ;2;2; ; ;1; ;12;144,766126510967
3363193;1;6;2;2;20; ;3;20; ;2;2; ; ;1; ;12;144,766126510967
3363193;1;7;2;2;20; ;3;20; ;2;2; ; ;1; ;12;144,766126510967
3363193;1;8;2;2;20; ;3;20; ;2;3;20; ;1; ;12;144,766126510967
3363193;1;9;2;2;20; ;3;20; ;1;3;20; ;2;4;12;144,766126510967
3363194;1;1;2;2;08; ;2; ; ;1;2; ; ;1; ;12;173,902250396028
3363194;1;2;1; ; ; ; ; ; ; ; ; ; ; ; ;12;173,902250396028
3363194;1;3;1; ; ; ; ; ; ; ; ; ; ; ; ;12;173,902250396028
3363194;1;4;1; ; ; ; ; ; ; ; ; ; ; ; ;12;173,902250396028
3363194;1;5;1; ; ; ; ; ; ; ; ; ; ; ; ;12;173,902250396028
3363194;1;6;1; ; ; ; ; ; ; ; ; ; ; ; ;12;173,902250396028
3363195;1;1;1; ; ; ; ; ; ; ; ; ; ; ; ;12;159,169369650679
3363195;1;2;1; ; ; ; ; ; ; ; ; ; ; ; ;12;159,169369650679
3363195;1;3;1; ; ; ; ; ; ; ; ; ; ; ; ;12;159,169369650679
3363195;1;4;1; ; ; ; ; ; ; ; ; ; ; ; ;12;159,169369650679
3363196;1;1;1; ; ; ; ; ; ; ; ; ; ; ; ;12;130,078730034555
3363196;1;2;1; ; ; ; ; ; ; ; ; ; ; ; ;12;130,078730034555
3363197;1;1;2;2;47; ;2; ; ;1;2; ; ;1; ;12;132,699287896456
3363197;1;2;1; ; ; ; ; ; ; ; ; ; ; ; ;12;132,699287896456
3363197;1;3;1; ; ; ; ; ; ; ; ; ; ; ; ;12;132,699287896456
3363197;1;4;1; ; ; ; ; ; ; ; ; ; ; ; ;12;132,699287896456
3363198;1;1;1; ; ; ; ; ; ; ; ; ; ; ; ;12;124,851580063615
3363198;1;2;1; ; ; ; ; ; ; ; ; ; ; ; ;12;124,851580063615
3363198;1;3;1; ; ; ; ; ; ; ; ; ; ; ; ;12;124,851580063615
3363198;1;4;1; ; ; ; ; ; ; ; ; ; ; ; ;12;124,851580063615
3363199;1;1;2;1; ; ;3;20; ;2;2; ; ;1; ;12;197,44784619998
3363199;1;2;2;1; ; ;3;20; ;2;2; ; ;1; ;12;197,44784619998
3363199;1;3;2;1; ; ;3;20; ;2;2; ; ;1; ;12;197,44784619998
3363199;1;4;2;1; ; ;3;20; ;2;2; ; ;1; ;12;197,44784619998
3363199;1;5;1; ; ; ; ; ; ; ; ; ; ; ; ;12;197,44784619998
3363200;1;1;1; ; ; ; ; ; ; ; ; ; ; ; ;12;130,078730034555
3363200;1;2;1; ; ; ; ; ; ; ; ; ; ; ; ;12;130,078730034555
3363201;1;1;2;2;20; ;2; ; ;1;2; ; ;1; ;12;163,600613144166
3363201;1;2;2;1; ; ;2; ; ;1;2; ; ;1; ;12;163,600613144166
3363201;1;3;1; ; ; ; ; ; ; ; ; ; ; ; ;12;163,600613144166
3363201;1;4;2;2;20; ;2; ; ;1;2; ; ;1; ;12;163,600613144166
3363202;1;1;2;2;47; ;2; ; ;1;2; ; ;1; ;12;169,48144710492
3363202;1;2;2;2;20; ;2; ; ;1;2; ; ;1; ;12;169,48144710492
3363202;1;3;1; ; ; ; ; ; ; ; ; ; ; ; ;12;169,48144710492
3363202;1;4;1; ; ; ; ; ; ; ; ; ; ; ; ;12;169,48144710492
3363202;1;5;1; ; ; ; ; ; ; ; ; ; ; ; ;12;169,48144710492
3363203;1;1;2;2;13; ;2; ; ;1;2; ; ;1; ;12;122,146206206784
3363203;1;2;1; ; ; ; ; ; ; ; ; ; ; ; ;12;122,146206206784
3363203;1;3;1; ; ; ; ; ; ; ; ; ; ; ; ;12;122,146206206784
3363204;1;1;2;2;44; ;2; ; ;1;2; ; ;1; ;12;125,177400293976
3363204;1;2;1; ; ; ; ; ; ; ; ; ; ; ; ;12;125,177400293976
3363204;1;3;1; ; ; ; ; ; ; ; ; ; ; ; ;12;125,177400293976
3363205;1;1;2;2;44; ;2; ; ;1;2; ; ;1; ;12;161,874743507511
3363205;1;2;2;2;20; ;2; ; ;1;2; ; ;1; ;12;161,874743507511
3363205;1;3;1; ; ; ; ; ; ; ; ; ; ; ; ;12;161,874743507511
3363205;1;4;1; ; ; ; ; ; ; ; ; ; ; ; ;12;161,874743507511
3363205;1;5;1; ; ; ; ; ; ; ; ; ; ; ; ;12;161,874743507511
3363206;1;1;2;2;47; ;2; ; ;1;2; ; ;1; ;12;153,189048209648
3363206;1;2;1; ; ; ; ; ; ; ; ; ; ; ; ;12;153,189048209648
3363206;1;3;1; ; ; ; ; ; ; ; ; ; ; ; ;12;153,189048209648
3363206;1;4;2;1; ; ;4; ;2; ;4; ;2; ;1;12;153,189048209648
3363207;1;1;2;2;20; ;2; ; ;1;2; ; ;1; ;12;94,2760750462666
3363207;1;2;1; ; ; ; ; ; ; ; ; ; ; ; ;12;94,2760750462666
3363207;1;3;2;2;44; ;2; ; ;1;2; ; ;1; ;12;94,2760750462666
3363208;1;1;2;1; ; ;2; ; ;1;2; ; ;1; ;12;130,078730034555
3363208;1;2;2;2;47; ;2; ; ;1;2; ; ;1; ;12;130,078730034555
3363209;1;1;2;2;44; ;2; ; ;1;2; ; ;1; ;12;116,491704996114
3363209;1;2;1; ; ; ; ; ; ; ; ; ; ; ; ;12;116,491704996114
3363210;1;1;2;2;13; ;2; ; ;1;2; ; ;1; ;12;173,392832422944
3363210;1;2;2;2;05; ;2; ; ;1;2; ; ;1; ;12;173,392832422944
3363210;1;3;1; ; ; ; ; ; ; ; ; ; ; ; ;12;173,392832422944
3363211;1;1;2;2;15; ;2; ; ;1;2; ; ;1; ;12;133,027857388393
3363211;1;2;2;2;44; ;2; ; ;1;2; ; ;1; ;12;133,027857388393
3363212;1;1;2;2;20; ;2; ; ;1;2; ; ;1; ;12;159,169369650679
3363212;1;2;2;2;20; ;2; ; ;1;2; ; ;1; ;12;159,169369650679
3363212;1;3;1; ; ; ; ; ; ; ; ; ; ; ; ;12;159,169369650679
3363212;1;4;1; ; ; ; ; ; ; ; ; ; ; ; ;12;159,169369650679
3363213;1;1;2;2;54; ;2; ; ;1;2; ; ;1; ;12;166,776073248089
3363213;1;2;2;2;54; ;2; ; ;1;2; ; ;1; ;12;166,776073248089
3363213;1;3;1; ; ; ; ; ; ; ; ; ; ; ; ;12;166,776073248089
3363213;1;4;1; ; ; ; ; ; ; ; ; ; ; ; ;12;166,776073248089
3363214;1;1;2;2;13; ;2; ; ;1;2; ; ;1; ;12;168,491502682366
3363214;1;2;2;2;20; ;2; ; ;1;2; ; ;1; ;12;168,491502682366
3363214;1;3;1; ; ; ; ; ; ; ; ; ; ; ; ;12;168,491502682366
3363214;1;4;1; ; ; ; ; ; ; ; ; ; ; ; ;12;168,491502682366
3363215;1;1;2;2;41; ;2; ; ;1;2; ; ;1; ;12;154,391994303012
3363215;1;2;1; ; ; ; ; ; ; ; ; ; ; ; ;12;154,391994303012
3363215;1;3;1; ; ; ; ; ; ; ; ; ; ; ; ;12;154,391994303012
3363215;1;4;1; ; ; ; ; ; ; ; ; ; ; ; ;12;154,391994303012
3363215;1;5;1; ; ; ; ; ; ; ; ; ; ; ; ;12;154,391994303012
3363215;1;6;1; ; ; ; ; ; ; ; ; ; ; ; ;12;154,391994303012
3363215;1;7;1; ; ; ; ; ; ; ; ; ; ; ; ;12;154,391994303012
3363215;1;8;1; ; ; ; ; ; ; ; ; ; ; ; ;12;154,391994303012
3363216;1;1;1; ; ; ; ; ; ; ; ; ; ; ; ;12;161,365325534426
3363216;1;2;1; ; ; ; ; ; ; ; ; ; ; ; ;12;161,365325534426
3363217;1;1;2;2;76; ;2; ; ;1;2; ; ;1; ;12;573,456527322832
3363217;1;2;2;2;25; ;2; ; ;1;2; ; ;1; ;12;573,456527322832
3363217;1;3;2;2;17; ;2; ; ;1;2; ; ;1; ;12;573,456527322832
3363217;1;4;2;2;17; ;2; ; ;1;2; ; ;1; ;12;573,456527322832
3363219;1;1;2;2;05; ;2; ; ;1;2; ; ;1; ;12;1467,67181393161
3363219;1;2;2;2;68; ;2; ; ;1;2; ; ;1; ;12;1467,67181393161
3363219;1;3;1; ; ; ; ; ; ; ; ; ; ; ; ;12;1467,67181393161
3363220;1;1;2;2;73; ;2; ; ;1;2; ; ;1; ;12;1451,09141029105
3363221;1;1;1; ; ; ; ; ; ; ; ; ; ; ; ;12;2408,51741475589
3363221;1;2;1; ; ; ; ; ; ; ; ; ; ; ; ;12;2408,51741475589
3363221;1;3;1; ; ; ; ; ; ; ; ; ; ; ; ;12;2408,51741475589
3363221;1;4;2;2;25; ;2; ; ;1;2; ; ;1; ;12;2408,51741475589
3363221;1;5;1; ; ; ; ; ; ; ; ; ; ; ; ;12;2408,51741475589
3363221;1;6;1; ; ; ; ; ; ; ; ; ; ; ; ;12;2408,51741475589
3363222;1;1;2;2;73; ;2; ; ;1;2; ; ;1; ;12;1476,06321609811
3363222;1;2;1; ; ; ; ; ; ; ; ; ; ; ; ;12;1476,06321609811
3363223;1;1;1; ; ; ; ; ; ; ; ; ; ; ; ;12;573,456527322832
3363223;1;2;2;2;73; ;2; ; ;1;2; ; ;1; ;12;573,456527322832
3363224;1;1;2;2;73; ;3;25; ;2;2; ; ;2; ;12;3538,46548919121
3363224;1;2;1; ; ; ; ; ; ; ; ; ; ; ; ;12;3538,46548919121
3363225;1;1;2;2;50; ;2; ; ;2;2; ; ;2; ;12;4916,52924710013
3363225;1;2;2;2;17; ;2; ; ;2;2; ; ;2; ;12;4916,52924710013
3363225;1;3;2;2;11; ;2; ; ;2;2; ; ;2; ;12;4916,52924710013
3363225;1;4;2;2;73; ;2; ; ;2;2; ; ;2; ;12;4916,52924710013
3363226;1;1;2;2;17; ;3;17; ;2;2; ; ;2; ;12;5519,77579518042
3363226;1;2;2;2;17; ;3;17; ;2;2; ; ;2; ;12;5519,77579518042
3363226;1;3;2;2;11; ;3;17; ;2;2; ; ;2; ;12;5519,77579518042
3363226;1;4;2;2;11; ;3;17; ;2;2; ; ;2; ;12;5519,77579518042
3363226;1;5;1; ; ; ; ; ; ; ; ; ; ; ; ;12;5519,77579518042
3363228;1;1;1; ; ; ; ; ; ; ; ; ; ; ; ;12;573,456527322832
3363228;1;2;1; ; ; ; ; ; ; ; ; ; ; ; ;12;573,456527322832
3363229;1;1;2;2;73; ;2; ; ;1;2; ; ;1; ;12;573,456527322832
3363229;1;2;1; ; ; ; ; ; ; ; ; ; ; ; ;12;573,456527322832
3363230;1;1;2;2;73; ;2; ; ;1;2; ; ;1; ;12;580,342219439004
3363231;1;1;2;2;73; ;2; ; ;1;2; ; ;1; ;12;885,636692489377
3363231;1;2;1; ; ; ; ; ; ; ; ; ; ; ; ;12;885,636692489377
3363231;1;3;2;2;73; ;2; ; ;1;2; ; ;1; ;12;885,636692489377
3363232;1;1;1; ; ; ; ; ; ; ; ; ; ; ; ;12;573,456527322832
3363232;1;2;2;2;25; ;2; ; ;1;2; ; ;1; ;12;573,456527322832
3363233;1;1;1; ; ; ; ; ; ; ; ; ; ; ; ;12;890,544439726826
3363233;1;2;2;1; ; ;2; ; ;2;2; ; ;2; ;12;890,544439726826
3363233;1;3;1; ; ; ; ; ; ; ; ; ; ; ; ;12;890,544439726826
3363234;1;1;2;1; ; ;3;76; ;1;2; ; ;2; ;12;1138,5776141602
3363235;1;1;1; ; ; ; ; ; ; ; ; ; ; ; ;12;807,555849397574
3363235;1;2;2;2;41; ;2; ; ;2;2; ; ;2; ;12;807,555849397574
3363235;1;3;1; ; ; ; ; ; ; ; ; ; ; ; ;12;807,555849397574
3363236;1;1;2;2;73; ;2; ; ;2;2; ; ;2; ;12;1055,65379814158
3363236;1;2;1; ; ; ; ; ; ; ; ; ; ; ; ;12;1055,65379814158
3363236;1;3;2;1; ; ;2; ; ;2;2; ; ;2; ;12;1055,65379814158
3363237;1;1;2;2;05; ;2; ; ;2;2; ; ;2; ;12;1008,7852842757
3363237;1;2;2;2;05; ;2; ; ;2;2; ; ;2; ;12;1008,7852842757
3363239;1;1;1; ; ; ; ; ; ; ; ; ; ; ; ;12;885,636692489377
3363239;1;2;1; ; ; ; ; ; ; ; ; ; ; ; ;12;885,636692489377
3363239;1;3;1; ; ; ; ; ; ; ; ; ; ; ; ;12;885,636692489377
3363240;1;1;2;2;17; ;3;76; ;1;3;76; ;1; ;12;2408,51741475589
3363240;1;2;2;1; ; ;3;76; ;1;3;76; ;1; ;12;2408,51741475589
3363240;1;3;2;2;76; ;1; ; ; ;1; ; ; ; ;12;2408,51741475589
3363241;1;1;2;2;73; ;2; ; ;1;2; ; ;1; ;12;573,456527322832
3363242;1;1;1; ; ; ; ; ; ; ; ; ; ; ; ;12;2408,51741475589
3363242;1;2;2;2;17; ;2; ; ;1;2; ; ;1; ;12;2408,51741475589
3363242;1;3;1; ; ; ; ; ; ; ; ; ; ; ; ;12;2408,51741475589
3363242;1;4;2;1; ; ;2; ; ;1;2; ; ;1; ;12;2408,51741475589
3363242;1;5;1; ; ; ; ; ; ; ; ; ; ; ; ;12;2408,51741475589
3363242;1;6;1; ; ; ; ; ; ; ; ; ; ; ; ;12;2408,51741475589
3363242;1;7;1; ; ; ; ; ; ; ; ; ; ; ; ;12;2408,51741475589
3363242;1;8;2;2;68; ;3;50; ;2;3;68; ;1; ;12;2408,51741475589
3363242;1;9;2;2;68; ;1; ; ; ;3;68; ;1; ;12;2408,51741475589
3363244;1;1;2;2;17; ;2; ; ;1;2; ; ;1; ;12;580,342219439004
3363245;1;1;1; ; ; ; ; ; ; ; ; ; ; ; ;12;573,456527322832
3363245;1;2;1; ; ; ; ; ; ; ; ; ; ; ; ;12;573,456527322832
3363245;1;3;1; ; ; ; ; ; ; ; ; ; ; ; ;12;573,456527322832
3363246;1;1;2;2;73; ;3;25; ;2;2; ; ;1; ;12;573,456527322832
3363246;1;2;2;2;25; ;3;25; ;2;2; ; ;1; ;12;573,456527322832
3363246;1;3;2;1; ; ;3;25; ;2;2; ; ;1; ;12;573,456527322832
3363247;1;1;1; ; ; ; ; ; ; ; ; ; ; ; ;12;573,456527322832
3363247;1;2;2;2;73; ;2; ; ;1;2; ; ;1; ;12;573,456527322832
3363247;1;3;1; ; ; ; ; ; ; ; ; ; ; ; ;12;573,456527322832
3363248;1;1;1; ; ; ; ; ; ; ; ; ; ; ; ;12;624,179826853988
3363248;1;2;1; ; ; ; ; ; ; ; ; ; ; ; ;12;624,179826853988
3363248;1;3;1; ; ; ; ; ; ; ; ; ; ; ; ;12;624,179826853988
3363249;1;1;2;2;73; ;2; ; ;1;2; ; ;1; ;12;2154,46934112309
3363249;1;2;2;2;17; ;2; ; ;1;2; ; ;1; ;12;2154,46934112309
3363249;1;3;1; ; ; ; ; ; ; ; ; ; ; ; ;12;2154,46934112309
3363249;1;4;1; ; ; ; ; ; ; ; ; ; ; ; ;12;2154,46934112309
3363249;1;5;1; ; ; ; ; ; ; ; ; ; ; ; ;12;2154,46934112309
3363249;1;6;1; ; ; ; ; ; ; ; ; ; ; ; ;12;2154,46934112309
3363249;1;7;1; ; ; ; ; ; ; ; ; ; ; ; ;12;2154,46934112309
3363249;1;8;2;2;17; ;2; ; ;1;2; ; ;1; ;12;2154,46934112309
3363250;1;1;2;2;73; ;2; ; ;1;2; ; ;1; ;12;573,456527322832
3363250;1;2;1; ; ; ; ; ; ; ; ; ; ; ; ;12;573,456527322832
3363252;1;1;2;2;68; ;3;50; ;1;2; ; ;1; ;12;573,456527322832
3363252;1;2;2;2;68; ;3;50; ;1;2; ; ;1; ;12;573,456527322832
3363253;1;1;2;2;25; ;2; ; ;1;2; ; ;1; ;12;573,456527322832
3363254;1;1;1; ; ; ; ; ; ; ; ; ; ; ; ;12;1190,75066206065
3363254;1;2;2;1; ; ;3;11; ;1;3;11; ;1; ;12;1190,75066206065
3363255;1;1;2;2;25; ;2; ; ;2;3;25; ;2; ;12;3538,46548919121
3363255;1;2;2;2;73; ;2; ; ;2;3;25; ;2; ;12;3538,46548919121
3363256;1;1;2;2;73; ;3;25; ;1;2; ; ;2; ;12;6150,39410977801
3363256;1;2;2;2;73; ;3;25; ;1;2; ; ;2; ;12;6150,39410977801
3363256;1;3;2;2;73; ;3;25; ;1;2; ; ;2; ;12;6150,39410977801
3363256;1;4;2;2;25; ;2; ; ;1;2; ; ;2; ;12;6150,39410977801
3363258;1;1;2;2;11; ;2; ; ;1;2; ; ;1; ;12;2085,65992790105
3363258;1;2;2;2;76; ;2; ; ;1;2; ; ;1; ;12;2085,65992790105
3363258;1;3;2;2;11; ;2; ; ;1;2; ; ;1; ;12;2085,65992790105
3363258;1;4;1; ; ; ; ; ; ; ; ; ; ; ; ;12;2085,65992790105
3363258;1;5;1; ; ; ; ; ; ; ; ; ; ; ; ;12;2085,65992790105
3363259;1;1;2;2;73; ;3;11; ;1;2; ; ;1; ;12;2408,51741475589
3363260;1;1;2;2;73; ;3;13; ;1;2; ; ;1; ;12;1452,20752769604
3363260;1;2;1; ; ; ; ; ; ; ; ; ; ; ; ;12;1452,20752769604
3363262;1;1;2;2;11; ;2; ; ;1;2; ; ;1; ;12;580,342219439004
3363263;1;1;2;2;25; ;2; ; ;1;2; ; ;1; ;12;573,456527322832
3363263;1;2;2;2;17; ;2; ; ;1;2; ; ;1; ;12;573,456527322832
3363264;1;1;2;2;73; ;2; ; ;1;2; ; ;1;1;12;1235,24453199413
3363264;1;2;2;1; ; ;2; ; ;1;2; ; ;1;1;12;1235,24453199413
3363264;1;3;2;2;41; ;3;41; ;2;2; ; ;1;4;12;1235,24453199413
3363264;1;4;1; ; ; ; ; ; ; ; ; ; ; ; ;12;1235,24453199413
3363265;1;1;1; ; ; ; ; ; ; ; ; ; ; ; ;12;1138,5776141602
3363266;1;1;1; ; ; ; ; ; ; ; ; ; ; ; ;12;1536,2798959613
3363266;1;2;1; ; ; ; ; ; ; ; ; ; ; ; ;12;1536,2798959613
3363266;1;3;1; ; ; ; ; ; ; ; ; ; ; ; ;12;1536,2798959613
3363266;1;4;1; ; ; ; ; ; ; ; ; ; ; ; ;12;1536,2798959613
3363266;1;5;1; ; ; ; ; ; ; ; ; ; ; ; ;12;1536,2798959613
3363266;1;6;1; ; ; ; ; ; ; ; ; ; ; ; ;12;1536,2798959613
3363267;1;1;1; ; ; ; ; ; ; ; ; ; ; ; ;12;1138,5776141602
3363268;1;1;1; ; ; ; ; ; ; ; ; ; ; ; ;12;1077,00384485835
3363269;1;1;2;2;05; ;2; ; ;1;2; ; ;1; ;12;573,456527322832
3363269;1;2;2;2;73; ;2; ; ;1;2; ; ;1; ;12;573,456527322832
3363269;1;3;2;2;66; ;2; ; ;1;2; ; ;1; ;12;573,456527322832
3363270;1;1;1; ; ; ; ; ; ; ; ; ; ; ; ;12;573,456527322832
3363270;1;2;2;2;25; ;2; ; ;1;2; ; ;1; ;12;573,456527322832
3363272;1;1;2;2;73; ;2; ; ;1;2; ; ;1; ;12;573,456527322832
3363272;1;2;2;1; ; ;2; ; ;1;2; ; ;1; ;12;573,456527322832
3363272;1;3;2;1; ; ;2; ; ;1;2; ; ;1; ;12;573,456527322832
3363273;1;1;2;2;17; ;2; ; ;1;2; ; ;1; ;12;573,456527322832
3363273;1;2;2;2;25; ;3;11; ;1;3;17; ;1; ;12;573,456527322832
3363273;1;3;2;2;11; ;3;73; ;1;2; ; ;1; ;12;573,456527322832
3363274;1;1;1; ; ; ; ; ; ; ; ; ; ; ; ;12;1496,04513511102
3363274;1;2;1; ; ; ; ; ; ; ; ; ; ; ; ;12;1496,04513511102
3363274;1;3;1; ; ; ; ; ; ; ; ; ; ; ; ;12;1496,04513511102
3363274;1;4;1; ; ; ; ; ; ; ; ; ; ; ; ;12;1496,04513511102
3363275;1;1;2;1; ; ;2; ; ;1;2; ; ;1; ;12;573,456527322832
3363276;1;1;2;2;17; ;2; ; ;1;2; ; ;1; ;12;910,608498296438
3363276;1;2;2;2;20; ;2; ; ;1;2; ; ;1; ;12;910,608498296438
3363276;1;3;2;2;17; ;3;17; ;2;2; ; ;1; ;12;910,608498296438
3363276;1;4;2;2;63; ;3;17; ;2;2; ; ;1; ;12;910,608498296438
3363277;1;1;2;1; ; ;3;11; ;1;2; ; ;1; ;12;573,456527322832
3363278;1;1;2;2;11; ;2; ; ;1;2; ; ;1; ;12;573,456527322832
3363278;1;2;2;2;25; ;2; ; ;1;2; ; ;1; ;12;573,456527322832
3363279;1;1;2;2;73; ;2; ; ;1;2; ; ;1; ;12;573,456527322832
3363281;1;1;2;2;73; ;2; ; ;1;2; ; ;1; ;12;573,456527322832
3363281;1;2;2;1; ; ;2; ; ;1;2; ; ;1; ;12;573,456527322832
3363281;1;3;1; ; ; ; ; ; ; ; ; ; ; ; ;12;573,456527322832
3363281;1;4;2;2;73; ;1; ; ; ;2; ; ;1; ;12;573,456527322832
3363283;1;1;2;2;17; ;2; ; ;2;2; ; ;2; ;12;4105,84379420907
3363283;1;2;2;2;17; ;2; ; ;2;2; ; ;2; ;12;4105,84379420907
3363284;1;1;1; ; ; ; ; ; ; ; ; ; ; ; ;12;4445,51016982762
3363285;1;1;2;2;76; ;2; ; ;1;2; ; ;2; ;12;5362,49943396351
3363287;1;1;2;2;11; ;3;25; ;1;2; ; ;1; ;12;1216,54291446753
3363287;1;2;2;1; ; ;3;25; ;1;2; ; ;1; ;12;1216,54291446753
3363287;1;3;2;2;25; ;3;25; ;1;2; ; ;1; ;12;1216,54291446753
3363287;1;4;2;2;25; ;3;25; ;1;2; ; ;1; ;12;1216,54291446753
3363287;1;5;2;2;25; ;3;25; ;1;2; ; ;1; ;12;1216,54291446753
3363288;1;1;2;2;05; ;3;25; ;1;2; ; ;1; ;12;1295,1694924139
3363288;1;2;1; ; ; ; ; ; ; ; ; ; ; ; ;12;1295,1694924139
3363288;1;3;2;2;25; ;3;25; ;1;2; ; ;1; ;12;1295,1694924139
3363288;1;4;2;2;17; ;1; ; ; ;2; ; ;1; ;12;1295,1694924139
3363288;2;1;2;2;05; ;3;05; ;1;3;05; ;1; ;12;1295,1694924139
3363288;2;2;2;1; ; ;3;05; ;1;3;05; ;1; ;12;1295,1694924139
3363288;2;3;2;1; ; ;3;05; ;1;3;05; ;1; ;12;1295,1694924139
3363288;2;4;2;2;17; ;3;05; ;1;3;05; ;1; ;12;1295,1694924139
3363288;2;5;2;2;05; ;1; ; ; ;3;05; ;1; ;12;1295,1694924139
3363290;1;1;2;2;73; ;2; ; ;1;2; ; ;1; ;12;573,456527322832
3363290;1;2;1; ; ; ; ; ; ; ; ; ; ; ; ;12;573,456527322832
3363291;1;1;2;2;73; ;2; ; ;1;2; ; ;1; ;12;573,456527322832
3363291;1;2;2;2;73; ;2; ; ;1;2; ; ;1; ;12;573,456527322832
3363291;1;3;1; ; ; ; ; ; ; ; ; ; ; ; ;12;573,456527322832
3363292;1;1;1; ; ; ; ; ; ; ; ; ; ; ; ;12;573,456527322832
3363292;1;2;2;1; ; ;2; ; ;1;2; ; ;1; ;12;573,456527322832
3363293;1;1;2;2;11; ;2; ; ;2;2; ; ;2; ;12;989,726611471053
3363293;1;2;1; ; ; ; ; ; ; ; ; ; ; ; ;12;989,726611471053
3363294;1;1;2;2;20; ;3;47; ;1;2; ; ;2; ;12;1421,99259143445
3363294;1;2;1; ; ; ; ; ; ; ; ; ; ; ; ;12;1421,99259143445
3363295;1;1;2;2;73; ;3;50; ;1;2; ; ;2; ;12;892,835813638953
3363296;1;1;2;2;63; ;2; ; ;2;2; ; ;2; ;12;710,665051565475
3363296;1;2;1; ; ; ; ; ; ; ; ; ; ; ; ;12;710,665051565475
3363297;1;1;2;2;68; ;2; ; ;2;2; ; ;2; ;12;987,435237558926
3363297;1;2;2;2;68; ;2; ; ;2;2; ; ;2; ;12;987,435237558926
3363297;1;3;2;2;68; ;2; ; ;2;2; ; ;2; ;12;987,435237558926
3363297;1;4;1; ; ; ; ; ; ; ; ; ; ; ; ;12;987,435237558926
3363298;1;1;2;2;23; ;2; ; ;1;2; ; ;1; ;12;573,456527322832
3363299;1;1;2;2;73; ;2; ; ;2;2; ; ;2; ;12;886,191022358152
3363299;1;2;2;2;73; ;2; ; ;2;2; ; ;2; ;12;886,191022358152
3363300;1;1;2;2;73; ;2; ; ;1;2; ; ;1; ;12;573,456527322832
3363301;1;1;1; ; ; ; ; ; ; ; ; ; ; ; ;12;649,848196153698
3363301;1;2;2;2;73; ;2; ; ;1;2; ; ;1; ;12;649,848196153698
3363301;1;3;2;2;11; ;2; ; ;1;2; ; ;1; ;12;649,848196153698
3363301;1;4;2;2;73; ;2; ; ;1;2; ; ;1; ;12;649,848196153698
3363301;1;5;2;2;25; ;3;11; ;1;2; ; ;1; ;12;649,848196153698
3363301;1;6;2;2;73; ;3;05; ;2;2; ; ;1; ;12;649,848196153698
3363302;1;1;2;2;05; ;3;11; ;1;2; ; ;1; ;12;573,456527322832
3363302;1;2;2;2;27; ;3;05; ;1;3;05; ;1; ;12;573,456527322832
3363303;1;1;1; ; ; ; ; ; ; ; ; ; ; ; ;12;910,608498296438
3363303;1;2;2;1; ; ;2; ; ;1;2; ; ;1; ;12;910,608498296438
3363303;1;3;2;2;73; ;2; ; ;1;2; ; ;1; ;12;910,608498296438
3363303;1;4;1; ; ; ; ; ; ; ; ; ; ; ; ;12;910,608498296438
3363304;1;1;1; ; ; ; ; ; ; ; ; ; ; ; ;12;911,248441417153
3363304;1;2;1; ; ; ; ; ; ; ; ; ; ; ; ;12;911,248441417153
3363304;1;3;1; ; ; ; ; ; ; ; ; ; ; ; ;12;911,248441417153
3363305;1;1;1; ; ; ; ; ; ; ; ; ; ; ; ;12;1808,56698833209
3363305;1;2;2;1; ; ;3;11; ;1;2; ; ;1; ;12;1808,56698833209
3363305;1;3;2;2;11; ;3;11; ;1;2; ; ;1; ;12;1808,56698833209
3363305;1;4;2;2;11; ;1; ; ; ;2; ; ;1; ;12;1808,56698833209
3363305;1;5;2;2;11; ;1; ; ; ;2; ; ;1; ;12;1808,56698833209
3363306;1;1;2;1; ; ;2; ; ;1;2; ; ;1; ;12;573,456527322832
3363306;1;2;2;2;17; ;2; ; ;1;2; ; ;1; ;12;573,456527322832
3363306;1;3;1; ; ; ; ; ; ; ; ; ; ; ; ;12;573,456527322832
3363307;1;1;2;1; ; ;3;08; ;1;2; ; ;1; ;12;47,7557019368754
3363307;1;2;2;2;44; ;3;08; ;1;2; ; ;1; ;12;47,7557019368754
3363307;1;3;2;2;44; ;2; ; ;1;2; ; ;1; ;12;47,7557019368754
3363307;1;4;1; ; ; ; ; ; ; ; ; ; ; ; ;12;47,7557019368754
3363308;1;1;2;2;44; ;2; ; ;1;2; ; ;1; ;12;83,3549438024903
3363308;1;2;2;2;44; ;2; ; ;1;2; ; ;1; ;12;83,3549438024903
3363308;1;3;1; ; ; ; ; ; ; ; ; ; ; ; ;12;83,3549438024903
3363309;1;1;2;2;13; ;2; ; ;1;2; ; ;1; ;12;109,992229010284
3363309;1;2;2;2;23; ;2; ; ;1;2; ; ;1; ;12;109,992229010284
3363309;1;3;1; ; ; ; ; ; ; ; ; ; ; ; ;12;109,992229010284
3363309;1;4;1; ; ; ; ; ; ; ; ; ; ; ; ;12;109,992229010284
3363310;1;1;2;2;13; ;2; ; ;1;2; ; ;1; ;12;60,1523114044053
3363310;1;2;2;2;13; ;2; ; ;1;2; ; ;1; ;12;60,1523114044053
3363310;1;3;1; ; ; ; ; ; ; ; ; ; ; ; ;12;60,1523114044053
3363311;1;1;2;1; ; ;2; ; ;1;2; ; ;1; ;12;66,3717889302947
3363311;1;2;2;2;23; ;2; ; ;1;2; ; ;1; ;12;66,3717889302947
3363311;1;3;1; ; ; ; ; ; ; ; ; ; ; ; ;12;66,3717889302947
3363311;1;4;1; ; ; ; ; ; ; ; ; ; ; ; ;12;66,3717889302947
3363311;1;5;2;2;44; ;3;44; ;1;2; ; ;1; ;12;66,3717889302947
3363312;1;1;2;2;23; ;2; ; ;1;2; ; ;1; ;12;92,3215028292571
3363313;1;1;1; ; ; ; ; ; ; ; ; ; ; ; ;12;123,624019093487
3363313;1;2;1; ; ; ; ; ; ; ; ; ; ; ; ;12;123,624019093487
3363313;1;3;1; ; ; ; ; ; ; ; ; ; ; ; ;12;123,624019093487
3363313;1;4;1; ; ; ; ; ; ; ; ; ; ; ; ;12;123,624019093487
3363314;1;1;2;1; ; ;2; ; ;1;2; ; ;1; ;12;98,5409803551465
3363314;1;2;1; ; ; ; ; ; ; ; ; ; ; ; ;12;98,5409803551465
3363314;1;3;1; ; ; ; ; ; ; ; ; ; ; ; ;12;98,5409803551465
3363315;1;1;2;2;44; ;2; ; ;1;2; ; ;1; ;12;44,3772286537733
3363315;1;2;2;2;44; ;2; ; ;1;2; ; ;1; ;12;44,3772286537733
3363315;1;3;1; ; ; ; ; ; ; ; ; ; ; ; ;12;44,3772286537733
3363316;1;1;2;2;44; ;3;44; ;1;2; ; ;1; ;12;57,1318265018541
3363316;1;2;2;2;44; ;3;44; ;1;2; ; ;1; ;12;57,1318265018541
3363316;1;3;2;2;44; ;3;44; ;1;2; ; ;1; ;12;57,1318265018541
3363317;1;1;1; ; ; ; ; ; ; ; ; ; ; ; ;12;58,2249477401725
3363317;1;2;1; ; ; ; ; ; ; ; ; ; ; ; ;12;58,2249477401725
3363317;1;3;1; ; ; ; ; ; ; ; ; ; ; ; ;12;58,2249477401725
3363317;1;4;1; ; ; ; ; ; ; ; ; ; ; ; ;12;58,2249477401725
3363317;1;5;1; ; ; ; ; ; ; ; ; ; ; ; ;12;58,2249477401725
3363318;1;1;2;1; ; ;2; ; ;1;2; ; ;1; ;12;56,5852658826949
3363318;1;2;1; ; ; ; ; ; ; ; ; ; ; ; ;12;56,5852658826949
3363321;1;1;2;2;23; ;2; ; ;1;2; ; ;1; ;12;66,4690247131523
3363321;1;2;2;2;23; ;2; ; ;1;2; ; ;1; ;12;66,4690247131523
3363322;1;1;1; ; ; ; ; ; ; ; ; ; ; ; ;12;110,287539648095
3363322;1;2;1; ; ; ; ; ; ; ; ; ; ; ; ;12;110,287539648095
3363322;1;3;2;2;47; ;2; ; ;1;2; ; ;1; ;12;110,287539648095
3363322;1;4;1; ; ; ; ; ; ; ; ; ; ; ; ;12;110,287539648095
3363322;1;5;2;2;20; ;2; ; ;1;2; ; ;1; ;12;110,287539648095
3363322;1;6;1; ; ; ; ; ; ; ; ; ; ; ; ;12;110,287539648095
3363323;1;1;2;2;70; ;2; ; ;1;2; ; ;1; ;12;63,4485398106011
3363323;1;2;1; ; ; ; ; ; ; ; ; ; ; ; ;12;63,4485398106011
3363324;1;1;2;2;23; ;2; ; ;1;2; ; ;1; ;12;95,866641114831
3363324;1;2;2;2;23; ;2; ; ;1;2; ; ;1; ;12;95,866641114831
3363324;1;3;1; ; ; ; ; ; ; ; ; ; ; ; ;12;95,866641114831
3363324;1;4;1; ; ; ; ; ; ; ; ; ; ; ; ;12;95,866641114831
3363325;1;1;2;2;08; ;2; ; ;1;2; ; ;1; ;12;68,4573302431135
3363325;1;2;2;2;13; ;2; ; ;1;2; ; ;1; ;12;68,4573302431135
3363325;1;3;1; ; ; ; ; ; ; ; ; ; ; ; ;12;68,4573302431135
3363326;1;1;2;2;20; ;2; ; ;1;2; ; ;1; ;12;44,3772286537733
3363326;1;2;1; ; ; ; ; ; ; ; ; ; ; ; ;12;44,3772286537733
3363326;1;3;1; ; ; ; ; ; ; ; ; ; ; ; ;12;44,3772286537733
3363326;1;4;1; ; ; ; ; ; ; ; ; ; ; ; ;12;44,3772286537733
3363326;1;5;1; ; ; ; ; ; ; ; ; ; ; ; ;12;44,3772286537733
3363326;1;6;2;2;44; ;2; ; ;1;2; ; ;1; ;12;44,3772286537733
3363326;1;7;1; ; ; ; ; ; ; ; ; ; ; ; ;12;44,3772286537733
3363327;1;1;2;2;44; ;2; ; ;1;2; ; ;1; ;12;44,3772286537733
3363327;1;2;1; ; ; ; ; ; ; ; ; ; ; ; ;12;44,3772286537733
3363327;1;3;1; ; ; ; ; ; ; ; ; ; ; ; ;12;44,3772286537733
3363328;1;1;2;2;47; ;2; ; ;1;2; ; ;1; ;12;73,6031157565731
3363328;1;2;1; ; ; ; ; ; ; ; ; ; ; ; ;12;73,6031157565731
3363328;1;3;1; ; ; ; ; ; ; ; ; ; ; ; ;12;73,6031157565731
3363328;1;4;1; ; ; ; ; ; ; ; ; ; ; ; ;12;73,6031157565731
3363329;1;1;2;2;44; ;2; ; ;1;2; ; ;1; ;12;96,4132017339902
3363329;1;2;1; ; ; ; ; ; ; ; ; ; ; ; ;12;96,4132017339902
3363329;1;3;1; ; ; ; ; ; ; ; ; ; ; ; ;12;96,4132017339902
3363329;1;4;1; ; ; ; ; ; ; ; ; ; ; ; ;12;96,4132017339902
3363329;1;5;1; ; ; ; ; ; ; ; ; ; ; ; ;12;96,4132017339902
3363330;1;1;2;2;20; ;2; ; ;1;2; ; ;1; ;12;62,9019791914419
3363331;1;1;2;2;47; ;2; ; ;1;2; ; ;1; ;12;124,117816905737
3363331;1;2;2;2;08; ;2; ; ;1;2; ; ;1; ;12;124,117816905737
3363331;1;3;1; ; ; ; ; ; ; ; ; ; ; ; ;12;124,117816905737
3363331;1;4;1; ; ; ; ; ; ; ; ; ; ; ; ;12;124,117816905737
3363334;1;1;2;2;66; ;4; ;1; ;2; ; ;1; ;12;293,338741002888
3363334;1;2;2;2;18; ;2; ; ;1;2; ; ;1; ;12;293,338741002888
3363334;1;3;1; ; ; ; ; ; ; ; ; ; ; ; ;12;293,338741002888
3363334;1;4;1; ; ; ; ; ; ; ; ; ; ; ; ;12;293,338741002888
3363335;1;1;2;2;73; ;2; ; ;1;2; ; ;1; ;12;198,700870584604
3363335;1;2;1; ; ; ; ; ; ; ; ; ; ; ; ;12;198,700870584604
3363336;1;1;1; ; ; ; ; ; ; ; ; ; ; ; ;12;252,841243712228
3363336;1;2;2;2;73; ;2; ; ;1;2; ; ;1; ;12;252,841243712228
3363336;1;3;1; ; ; ; ; ; ; ; ; ; ; ; ;12;252,841243712228
3363338;1;1;1; ; ; ; ; ; ; ; ; ; ; ; ;12;233,561394362353
3363338;1;2;1; ; ; ; ; ; ; ; ; ; ; ; ;12;233,561394362353
3363338;1;3;2;2;76; ;2; ; ;1;2; ; ;1; ;12;233,561394362353
3363339;1;1;2;2;73; ;2; ; ;1;2; ; ;1; ;12;198,700870584604
3363339;1;2;2;2;73; ;2; ; ;1;2; ; ;1; ;12;198,700870584604
3363341;1;1;1; ; ; ; ; ; ; ; ; ; ; ; ;12;200,899421014118
3363341;1;2;1; ; ; ; ; ; ; ; ; ; ; ; ;12;200,899421014118
3363341;1;3;2;2;73; ;2; ; ;1;2; ; ;1; ;12;200,899421014118
3363341;1;4;2;2;73; ;2; ; ;1;2; ; ;1; ;12;200,899421014118
3363341;1;5;1; ; ; ; ; ; ; ; ; ; ; ; ;12;200,899421014118
3363343;1;1;2;2;11; ;2; ; ;1;2; ; ;1; ;12;373,263673004974
3363343;1;2;1; ; ; ; ; ; ; ; ; ; ; ; ;12;373,263673004974
3363343;1;3;1; ; ; ; ; ; ; ; ; ; ; ; ;12;373,263673004974
3363343;1;4;1; ; ; ; ; ; ; ; ; ; ; ; ;12;373,263673004974
3363344;1;1;1; ; ; ; ; ; ; ; ; ; ; ; ;12;309,531846804779
3363344;1;2;1; ; ; ; ; ; ; ; ; ; ; ; ;12;309,531846804779
3363344;1;3;1; ; ; ; ; ; ; ; ; ; ; ; ;12;309,531846804779
3363344;1;4;1; ; ; ; ; ; ; ; ; ; ; ; ;12;309,531846804779
3363345;1;1;2;2;73; ;2; ; ;1;2; ; ;1; ;12;284,227814327306
3363345;1;2;1; ; ; ; ; ; ; ; ; ; ; ; ;12;284,227814327306
3363345;1;3;1; ; ; ; ; ; ; ; ; ; ; ; ;12;284,227814327306
3363345;1;4;1; ; ; ; ; ; ; ; ; ; ; ; ;12;284,227814327306
3363346;1;1;1; ; ; ; ; ; ; ; ; ; ; ; ;12;301,435293903833
3363346;1;2;1; ; ; ; ; ; ; ; ; ; ; ; ;12;301,435293903833
3363346;1;3;1; ; ; ; ; ; ; ; ; ; ; ; ;12;301,435293903833
3363346;1;4;1; ; ; ; ; ; ; ; ; ; ; ; ;12;301,435293903833
3363347;1;1;1; ; ; ; ; ; ; ; ; ; ; ; ;12;171,450643495414
3363347;1;2;1; ; ; ; ; ; ; ; ; ; ; ; ;12;171,450643495414
3363347;1;3;1; ; ; ; ; ; ; ; ; ; ; ; ;12;171,450643495414
3363348;1;1;2;2;73; ;2; ; ;1;2; ; ;1; ;12;230,311484541578
3363348;1;2;2;2;73; ;2; ; ;1;2; ; ;1; ;12;230,311484541578
3363348;1;3;1; ; ; ; ; ; ; ; ; ; ; ; ;12;230,311484541578
3363348;1;4;1; ; ; ; ; ; ; ; ; ; ; ; ;12;230,311484541578
3363349;1;1;1; ; ; ; ; ; ; ; ; ; ; ; ;12;226,867603268164
3363350;1;1;1; ; ; ; ; ; ; ; ; ; ; ; ;12;226,867603268164
3363351;1;1;1; ; ; ; ; ; ; ; ; ; ; ; ;12;288,978354135103
3363352;1;1;2;2;73; ;2; ; ;1;2; ; ;1; ;12;210,271376648221
3363352;1;2;1; ; ; ; ; ; ; ; ; ; ; ; ;12;210,271376648221
3363353;1;1;2;2;73; ;2; ; ;1;2; ; ;1; ;12;277,407848071486
3363354;1;1;2;2;11; ;2; ; ;1;2; ; ;1; ;12;274,895366368927
3363354;1;2;1; ; ; ; ; ; ; ; ; ; ; ; ;12;274,895366368927
3363354;1;3;1; ; ; ; ; ; ; ; ; ; ; ; ;12;274,895366368927
3363354;1;4;1; ; ; ; ; ; ; ; ; ; ; ; ;12;274,895366368927
3363355;1;1;2;2;08; ;3;68; ;1;2; ; ;1; ;12;421,565859703057
3363355;1;2;2;2;73; ;2; ; ;1;2; ; ;1; ;12;421,565859703057
3363355;1;3;1; ; ; ; ; ; ; ; ; ; ; ; ;12;421,565859703057
3363355;1;4;1; ; ; ; ; ; ; ; ; ; ; ; ;12;421,565859703057
3363357;1;1;2;1; ; ;2; ; ;1;2; ; ;1; ;12;180,753019564535
3363357;1;2;2;1; ; ;2; ; ;1;2; ; ;1; ;12;180,753019564535
3363357;1;3;1; ; ; ; ; ; ; ; ; ; ; ; ;12;180,753019564535
3363357;2;1;2;2;18; ;2; ; ;1;2; ; ;1; ;12;180,753019564535
3363357;2;2;1; ; ; ; ; ; ; ; ; ; ; ; ;12;180,753019564535
3363357;2;3;1; ; ; ; ; ; ; ; ; ; ; ; ;12;180,753019564535
3363358;1;1;1; ; ; ; ; ; ; ; ; ; ; ; ;12;196,462812479365
3363358;1;2;1; ; ; ; ; ; ; ; ; ; ; ; ;12;196,462812479365
3363359;1;1;2;2;73; ;2; ; ;1;2; ; ;1; ;12;224,674511028668
3363359;1;2;2;2;73; ;2; ; ;1;2; ; ;1; ;12;224,674511028668
3363359;1;3;2;2;73; ;2; ; ;1;2; ; ;1; ;12;224,674511028668
3363359;1;4;2;2;73; ;2; ; ;1;2; ; ;1; ;12;224,674511028668
3363360;1;1;2;2;73; ;2; ; ;1;2; ; ;1; ;12;252,841243712228
3363360;1;2;2;1; ; ;2; ; ;1;2; ; ;1; ;12;252,841243712228
3363360;1;3;2;2;17; ;2; ; ;1;2; ; ;1; ;12;252,841243712228
3363361;1;1;1; ; ; ; ; ; ; ; ; ; ; ; ;12;326,447462887784
3363361;1;2;1; ; ; ; ; ; ; ; ; ; ; ; ;12;326,447462887784
3363361;1;3;1; ; ; ; ; ; ; ; ; ; ; ; ;12;326,447462887784
3363362;1;1;2;1; ; ;2; ; ;1;2; ; ;1; ;12;190,380274341761
3363363;1;1;1; ; ; ; ; ; ; ; ; ; ; ; ;12;277,407848071486
3363364;1;1;2;2;76; ;2; ; ;1;2; ; ;1; ;12;134,543625914321
3363364;1;2;2;2;73; ;2; ; ;1;2; ; ;1; ;12;134,543625914321
3363364;1;3;2;2;73; ;2; ; ;1;2; ; ;1; ;12;134,543625914321
3363364;1;4;2;2;73; ;2; ; ;1;2; ; ;1; ;12;134,543625914321
3363364;1;5;2;2;73; ;2; ; ;1;2; ; ;1; ;12;134,543625914321
3363364;1;6;2;2;73; ;2; ; ;1;2; ; ;1; ;12;134,543625914321
3363365;1;1;1; ; ; ; ; ; ; ; ; ; ; ; ;12;204,783408722208
3363365;1;2;1; ; ; ; ; ; ; ; ; ; ; ; ;12;204,783408722208
3363365;1;3;1; ; ; ; ; ; ; ; ; ; ; ; ;12;204,783408722208
3363366;1;1;2;2;73; ;2; ; ;1;2; ; ;1; ;12;235,188199511007
3363366;1;2;2;2;73; ;2; ; ;1;2; ; ;1; ;12;235,188199511007
3363367;1;1;1; ; ; ; ; ; ; ; ; ; ; ; ;12;335,909791978863
3363367;1;2;2;1; ; ;2; ; ;1;2; ; ;1; ;12;335,909791978863
3363367;1;3;1; ; ; ; ; ; ; ; ; ; ; ; ;12;335,909791978863
3363367;1;4;1; ; ; ; ; ; ; ; ; ; ; ; ;12;335,909791978863
3363367;1;5;1; ; ; ; ; ; ; ; ; ; ; ; ;12;335,909791978863
3363368;1;1;2;2;73; ;2; ; ;1;2; ; ;1; ;12;218,591972891064
3363368;1;2;1; ; ; ; ; ; ; ; ; ; ; ; ;12;218,591972891064
3363368;1;3;2;2;41; ;2; ; ;1;2; ; ;1; ;12;218,591972891064
3363369;1;1;1; ; ; ; ; ; ; ; ; ; ; ; ;12;272,732346018689
3363369;1;2;1; ; ; ; ; ; ; ; ; ; ; ; ;12;272,732346018689
3363369;1;3;1; ; ; ; ; ; ; ; ; ; ; ; ;12;272,732346018689
3363369;1;4;1; ; ; ; ; ; ; ; ; ; ; ; ;12;272,732346018689
3363370;1;1;2;2;50; ;3;11; ;1;2; ; ;1; ;12;373,263673004974
3363370;1;2;2;1; ; ;3;11; ;1;2; ; ;1; ;12;373,263673004974
3363370;1;3;2;2;11; ;3;11; ;1;2; ; ;1; ;12;373,263673004974
3363370;1;4;2;2;11; ;1; ; ; ;2; ; ;1; ;12;373,263673004974
3363371;1;1;2;2;76; ;2; ; ;1;2; ; ;1; ;12;258,923781849832
3363371;1;2;2;2;76; ;2; ; ;1;2; ; ;1; ;12;258,923781849832
3363371;1;3;2;2;11; ;2; ; ;1;2; ; ;1; ;12;258,923781849832
3363371;1;4;2;2;11; ;2; ; ;1;2; ; ;1; ;12;258,923781849832
3363372;1;1;2;2;41; ;2; ; ;1;2; ; ;1; ;12;297,961340741162
3363372;1;2;2;2;73; ;2; ; ;1;2; ; ;1; ;12;297,961340741162
3363372;1;3;1; ; ; ; ; ; ; ; ; ; ; ; ;12;297,961340741162
3363372;1;4;1; ; ; ; ; ; ; ; ; ; ; ; ;12;297,961340741162
3363373;1;1;2;2;11; ;2; ; ;1;2; ; ;1; ;12;232,950141405768
3363373;1;2;1; ; ; ; ; ; ; ; ; ; ; ; ;12;232,950141405768
3363374;1;1;2;2;73; ;2; ; ;1;2; ; ;1; ;12;210,271376648221
3363374;1;2;1; ; ; ; ; ; ; ; ; ; ; ; ;12;210,271376648221
3363375;1;1;1; ; ; ; ; ; ; ; ; ; ; ; ;12;226,867603268164
3363376;1;1;2;1; ; ;3;11; ;1;2; ; ;1; ;12;333,301207003931
3363376;1;2;2;1; ; ;3;11; ;1;2; ; ;1; ;12;333,301207003931
3363376;1;3;1; ; ; ; ; ; ; ; ; ; ; ; ;12;333,301207003931
3363376;1;4;2;1; ; ;3;76; ;1;2; ; ;1; ;12;333,301207003931
3363377;1;1;1; ; ; ; ; ; ; ; ; ; ; ; ;12;314,951994579167
3363377;1;2;1; ; ; ; ; ; ; ; ; ; ; ; ;12;314,951994579167
3363377;1;3;2;2;11; ;2; ; ;1;3;11; ;1; ;12;314,951994579167
3363382;1;1;2;2;68; ;2; ; ;1;2; ; ;1; ;12;196,614223152917
3363383;1;1;2;2;73; ;2; ; ;1;2; ; ;1; ;12;253,796920353307
3363384;1;1;2;2;18; ;2; ; ;1;2; ; ;1; ;12;192,150377305729
3363384;1;2;2;2;18; ;2; ; ;1;2; ; ;1; ;12;192,150377305729
3363384;1;3;1; ; ; ; ; ; ; ; ; ; ; ; ;12;192,150377305729
3363385;1;1;2;2;11; ;2; ; ;1;2; ; ;1; ;12;189,976106748461
3363385;1;2;1; ; ; ; ; ; ; ; ; ; ; ; ;12;189,976106748461
3363386;1;1;2;2;95; ;3;50; ;1;2; ; ;1; ;12;191,407897548142
3363386;1;2;2;2;95; ;3;50; ;1;2; ; ;1; ;12;191,407897548142
3363386;1;3;2;1; ; ;3;50; ;1;2; ; ;1; ;12;191,407897548142
3363386;1;4;1; ; ; ; ; ; ; ; ; ; ; ; ;12;191,407897548142
3363386;1;5;1; ; ; ; ; ; ; ; ; ; ; ; ;12;191,407897548142
3363386;2;1;2;2;47; ;2; ; ;1;2; ; ;1; ;12;191,407897548142
3363386;2;2;2;2;85; ;3;85; ;1;2; ; ;1; ;12;191,407897548142
3363386;2;3;2;2;85; ;3;85; ;1;2; ; ;1; ;12;191,407897548142
3363387;1;1;1; ; ; ; ; ; ; ; ; ; ; ; ;12;343,195339723781
3363387;1;2;1; ; ; ; ; ; ; ; ; ; ; ; ;12;343,195339723781
3363387;1;3;1; ; ; ; ; ; ; ; ; ; ; ; ;12;343,195339723781
3363387;1;4;1; ; ; ; ; ; ; ; ; ; ; ; ;12;343,195339723781
3363388;1;1;2;2;15; ;3;15; ;1;2; ; ;1; ;12;207,575186699732
3363389;1;1;2;1; ; ;3;11; ;1;2; ; ;1; ;12;222,495068888904
3363389;1;2;2;2;11; ;3;11; ;1;2; ; ;1; ;12;222,495068888904
3363389;1;3;2;2;11; ;3;11; ;1;2; ; ;1; ;12;222,495068888904
3363389;1;4;2;2;50; ;3;11; ;1;2; ; ;1; ;12;222,495068888904
3363392;1;1;1; ; ; ; ; ; ; ; ; ; ; ; ;12;184,410986907318
3363392;1;2;1; ; ; ; ; ; ; ; ; ; ; ; ;12;184,410986907318
3363393;1;1;1; ; ; ; ; ; ; ; ; ; ; ; ;12;197,1822925114
3363393;1;2;1; ; ; ; ; ; ; ; ; ; ; ; ;12;197,1822925114
3363393;1;3;1; ; ; ; ; ; ; ; ; ; ; ; ;12;197,1822925114
3363393;1;4;1; ; ; ; ; ; ; ; ; ; ; ; ;12;197,1822925114
3363393;1;5;1; ; ; ; ; ; ; ; ; ; ; ; ;12;197,1822925114
3363394;1;1;1; ; ; ; ; ; ; ; ; ; ; ; ;12;192,846190915849
3363394;1;2;1; ; ; ; ; ; ; ; ; ; ; ; ;12;192,846190915849
3363394;1;3;1; ; ; ; ; ; ; ; ; ; ; ; ;12;192,846190915849
3363394;1;4;1; ; ; ; ; ; ; ; ; ; ; ; ;12;192,846190915849
3363394;1;5;1; ; ; ; ; ; ; ; ; ; ; ; ;12;192,846190915849
3363395;1;1;1; ; ; ; ; ; ; ; ; ; ; ; ;12;236,184585948843
3363395;1;2;1; ; ; ; ; ; ; ; ; ; ; ; ;12;236,184585948843
3363395;1;3;1; ; ; ; ; ; ; ; ; ; ; ; ;12;236,184585948843
3363396;1;1;1; ; ; ; ; ; ; ; ; ; ; ; ;12;229,585417969758
3363396;1;2;1; ; ; ; ; ; ; ; ; ; ; ; ;12;229,585417969758
3363396;1;3;1; ; ; ; ; ; ; ; ; ; ; ; ;12;229,585417969758
3363396;1;4;1; ; ; ; ; ; ; ; ; ; ; ; ;12;229,585417969758
3363397;1;1;1; ; ; ; ; ; ; ; ; ; ; ; ;12;215,207911166891
3363397;1;2;1; ; ; ; ; ; ; ; ; ; ; ; ;12;215,207911166891
3363397;1;3;1; ; ; ; ; ; ; ; ; ; ; ; ;12;215,207911166891
3363397;1;4;1; ; ; ; ; ; ; ; ; ; ; ; ;12;215,207911166891
3363398;1;1;1; ; ; ; ; ; ; ; ; ; ; ; ;12;220,346492303814
3363398;1;2;1; ; ; ; ; ; ; ; ; ; ; ; ;12;220,346492303814
3363398;1;3;1; ; ; ; ; ; ; ; ; ; ; ; ;12;220,346492303814
3363398;1;4;1; ; ; ; ; ; ; ; ; ; ; ; ;12;220,346492303814
3363399;1;1;1; ; ; ; ; ; ; ; ; ; ; ; ;12;225,210367948836
3363399;1;2;1; ; ; ; ; ; ; ; ; ; ; ; ;12;225,210367948836
3363399;1;3;1; ; ; ; ; ; ; ; ; ; ; ; ;12;225,210367948836
3363399;1;4;1; ; ; ; ; ; ; ; ; ; ; ; ;12;225,210367948836
3363400;1;1;1; ; ; ; ; ; ; ; ; ; ; ; ;12;229,194427193186
3363400;1;2;1; ; ; ; ; ; ; ; ; ; ; ; ;12;229,194427193186
3363400;1;3;1; ; ; ; ; ; ; ; ; ; ; ; ;12;229,194427193186
3363400;1;4;1; ; ; ; ; ; ; ; ; ; ; ; ;12;229,194427193186
3363400;1;5;1; ; ; ; ; ; ; ; ; ; ; ; ;12;229,194427193186
3363401;1;1;1; ; ; ; ; ; ; ; ; ; ; ; ;12;180,798422982343
3363401;1;2;1; ; ; ; ; ; ; ; ; ; ; ; ;12;180,798422982343
3363401;1;3;1; ; ; ; ; ; ; ; ; ; ; ; ;12;180,798422982343
3363401;1;4;1; ; ; ; ; ; ; ; ; ; ; ; ;12;180,798422982343
3363402;1;1;1; ; ; ; ; ; ; ; ; ; ; ; ;12;182,911451639784
3363402;1;2;1; ; ; ; ; ; ; ; ; ; ; ; ;12;182,911451639784
3363402;1;3;1; ; ; ; ; ; ; ; ; ; ; ; ;12;182,911451639784
3363403;1;1;1; ; ; ; ; ; ; ; ; ; ; ; ;12;193,56917521624
3363403;1;2;1; ; ; ; ; ; ; ; ; ; ; ; ;12;193,56917521624
3363403;1;3;1; ; ; ; ; ; ; ; ; ; ; ; ;12;193,56917521624
3363403;1;4;1; ; ; ; ; ; ; ; ; ; ; ; ;12;193,56917521624
3363404;1;1;1; ; ; ; ; ; ; ; ; ; ; ; ;12;230,929719527249
3363404;1;2;1; ; ; ; ; ; ; ; ; ; ; ; ;12;230,929719527249
3363404;1;3;1; ; ; ; ; ; ; ; ; ; ; ; ;12;230,929719527249
3363404;1;4;1; ; ; ; ; ; ; ; ; ; ; ; ;12;230,929719527249
3363405;1;1;2;2;25; ;2; ; ;1;2; ; ;1; ;12;165,725655939541
3363405;1;2;2;2;50; ;2; ; ;1;2; ; ;1; ;12;165,725655939541
3363405;1;3;1; ; ; ; ; ; ; ; ; ; ; ; ;12;165,725655939541
3363405;1;4;1; ; ; ; ; ; ; ; ; ; ; ; ;12;165,725655939541
3363405;1;5;1; ; ; ; ; ; ; ; ; ; ; ; ;12;165,725655939541
3363406;1;1;1; ; ; ; ; ; ; ; ; ; ; ; ;12;344,262095283091
3363406;1;2;1; ; ; ; ; ; ; ; ; ; ; ; ;12;344,262095283091
3363406;1;3;1; ; ; ; ; ; ; ; ; ; ; ; ;12;344,262095283091
3363406;1;4;1; ; ; ; ; ; ; ; ; ; ; ; ;12;344,262095283091
3363406;1;5;1; ; ; ; ; ; ; ; ; ; ; ; ;12;344,262095283091
3363406;1;6;1; ; ; ; ; ; ; ; ; ; ; ; ;12;344,262095283091
3363407;1;1;2;2;11; ;2; ; ;1;2; ; ;1; ;12;182,614452673428
3363408;1;1;2;2;17; ;3;95; ;1;3;95; ;1; ;12;221,765290214324
3363408;1;2;2;2;50; ;2; ; ;1;2; ; ;1; ;12;221,765290214324
3363408;1;3;1; ; ; ; ; ; ; ; ; ; ; ; ;12;221,765290214324
3363408;1;4;1; ; ; ; ; ; ; ; ; ; ; ; ;12;221,765290214324
3363408;1;5;1; ; ; ; ; ; ; ; ; ; ; ; ;12;221,765290214324
3363409;1;1;2;2;25; ;2; ; ;1;2; ; ;1; ;12;223,994604156437
3363409;1;2;2;2;68; ;2; ; ;1;2; ; ;1; ;12;223,994604156437
3363409;1;3;2;2;25; ;3;25; ;1;3;50; ;1; ;12;223,994604156437
3363410;1;1;2;2;25; ;3;25; ;1;2; ; ;1; ;12;220,346492303814
3363410;1;2;2;2;73; ;3;25; ;1;2; ; ;1; ;12;220,346492303814
3363410;1;3;2;2;11; ;3;25; ;1;2; ; ;1; ;12;220,346492303814
3363410;1;4;1; ; ; ; ; ; ; ; ; ; ; ; ;12;220,346492303814
3363411;1;1;2;2;50; ;2; ; ;1;2; ; ;1; ;12;200,937070295275
3363411;1;2;1; ; ; ; ; ; ; ; ; ; ; ; ;12;200,937070295275
3363412;1;1;1; ; ; ; ; ; ; ; ; ; ; ; ;12;225,210367948836
3363412;1;2;1; ; ; ; ; ; ; ; ; ; ; ; ;12;225,210367948836
3363412;1;3;1; ; ; ; ; ; ; ; ; ; ; ; ;12;225,210367948836
3363412;1;4;1; ; ; ; ; ; ; ; ; ; ; ; ;12;225,210367948836
3363413;1;1;2;2;50; ;2; ; ;1;2; ; ;1; ;12;182,614452673428
3363414;1;1;2;2;41; ;2; ; ;1;2; ; ;1; ;12;177,772870502862
3363414;2;1;2;2;11; ;3;11; ;1;4; ;11; ;2;12;177,772870502862
3363414;3;1;2;2;17; ;3;17; ;1;3;11; ;1; ;12;177,772870502862
3363415;1;1;2;2;15; ;2; ; ;1;2; ; ;1; ;12;195,365709450129
3363415;1;2;2;2;76; ;2; ; ;1;2; ; ;1; ;12;195,365709450129
3363415;1;3;1; ; ; ; ; ; ; ; ; ; ; ; ;12;195,365709450129
3363415;1;4;1; ; ; ; ; ; ; ; ; ; ; ; ;12;195,365709450129
3363415;1;5;1; ; ; ; ; ; ; ; ; ; ; ; ;12;195,365709450129
3363416;1;1;1; ; ; ; ; ; ; ; ; ; ; ; ;12;220,346492303814
3363416;1;2;1; ; ; ; ; ; ; ; ; ; ; ; ;12;220,346492303814
3363416;1;3;1; ; ; ; ; ; ; ; ; ; ; ; ;12;220,346492303814
3363416;1;4;1; ; ; ; ; ; ; ; ; ; ; ; ;12;220,346492303814
3363417;1;1;2;2;11; ;2; ; ;1;2; ; ;1; ;12;229,13318529336
3363417;1;2;2;2;50; ;2; ; ;1;2; ; ;1; ;12;229,13318529336
3363417;1;3;1; ; ; ; ; ; ; ; ; ; ; ; ;12;229,13318529336
3363420;1;1;2;2;11; ;2; ; ;1;2; ; ;1; ;12;191,77264098235
3363420;1;2;2;2;11; ;2; ; ;1;2; ; ;1; ;12;191,77264098235
3363420;1;3;2;2;11; ;2; ; ;1;2; ; ;1; ;12;191,77264098235
3363421;1;1;2;2;15; ;2; ; ;1;2; ; ;1; ;12;211,107566637869
3363421;1;2;2;2;73; ;2; ; ;1;2; ; ;1; ;12;211,107566637869
3363421;1;3;1; ; ; ; ; ; ; ; ; ; ; ; ;12;211,107566637869
3363421;1;4;1; ; ; ; ; ; ; ; ; ; ; ; ;12;211,107566637869
3363427;1;1;2;2;73; ;2; ; ;1;2; ; ;1; ;12;208,192058439056
3363427;1;2;2;2;50; ;2; ; ;1;2; ; ;1; ;12;208,192058439056
3363427;1;3;2;2;50; ;3;11; ;1;3;11; ;1; ;12;208,192058439056
3363427;1;4;2;2;73; ;3;50; ;1;2; ; ;1; ;12;208,192058439056
3363427;1;5;2;2;50; ;3;50; ;1;2; ; ;1; ;12;208,192058439056
3363428;1;1;2;2;15; ;2; ; ;1;2; ; ;1; ;12;189,962852295268
3363428;1;2;2;2;11; ;2; ; ;1;2; ; ;1; ;12;189,962852295268
3363428;1;3;2;2;11; ;2; ; ;1;2; ; ;1; ;12;189,962852295268
3363429;1;1;2;2;50; ;2; ; ;1;2; ; ;1; ;12;187,943366845455
3363429;1;2;2;2;15; ;2; ; ;1;2; ; ;1; ;12;187,943366845455
3363429;1;3;2;2;11; ;2; ; ;1;2; ; ;1; ;12;187,943366845455
3363429;1;4;1; ; ; ; ; ; ; ; ; ; ; ; ;12;187,943366845455
3363429;1;5;2;2;25; ;2; ; ;1;2; ; ;1; ;12;187,943366845455
3363430;1;1;1; ; ; ; ; ; ; ; ; ; ; ; ;12;218,158967293352
3363430;1;2;1; ; ; ; ; ; ; ; ; ; ; ; ;12;218,158967293352
3363430;1;3;1; ; ; ; ; ; ; ; ; ; ; ; ;12;218,158967293352
3363430;1;4;1; ; ; ; ; ; ; ; ; ; ; ; ;12;218,158967293352
3363431;1;1;2;2;25; ;2; ; ;1;2; ; ;1; ;12;188,166318061378
3363431;1;2;2;1; ; ;3;11; ;1;3;11; ;1; ;12;188,166318061378
3363433;1;1;2;2;15; ;3;99; ;2;2; ; ;1; ;12;227,397892959297
3363433;1;2;2;2;99; ;3;99; ;2;2; ; ;1; ;12;227,397892959297
3363433;1;3;2;2;99; ;3;99; ;2;2; ; ;1; ;12;227,397892959297
3363433;1;4;1; ; ; ; ; ; ; ; ; ; ; ; ;12;227,397892959297
3363434;1;1;1; ; ; ; ; ; ; ; ; ; ; ; ;12;226,98460870827
3363434;1;2;1; ; ; ; ; ; ; ; ; ; ; ; ;12;226,98460870827
3363434;1;3;1; ; ; ; ; ; ; ; ; ; ; ; ;12;226,98460870827
3363435;1;1;2;2;68; ;2; ; ;1;2; ; ;1; ;12;179,156673855909
3363435;1;2;2;2;50; ;2; ; ;1;2; ; ;1; ;12;179,156673855909
3363435;1;3;1; ; ; ; ; ; ; ; ; ; ; ; ;12;179,156673855909
3363435;1;4;1; ; ; ; ; ; ; ; ; ; ; ; ;12;179,156673855909
3363435;1;5;1; ; ; ; ; ; ; ; ; ; ; ; ;12;179,156673855909
3363435;1;6;2;2;68; ;2; ; ;1;2; ; ;1; ;12;179,156673855909
3363436;1;1;2;2;11; ;3;11; ;1;3;11; ;1; ;12;229,13318529336
3363436;1;2;1; ; ; ; ; ; ; ; ; ; ; ; ;12;229,13318529336
3363436;1;3;1; ; ; ; ; ; ; ; ; ; ; ; ;12;229,13318529336
3363437;1;1;1; ; ; ; ; ; ; ; ; ; ; ; ;12;229,13318529336
3363437;1;2;1; ; ; ; ; ; ; ; ; ; ; ; ;12;229,13318529336
3363437;1;3;1; ; ; ; ; ; ; ; ; ; ; ; ;12;229,13318529336
3363438;1;1;2;2;19; ;2; ; ;1;2; ; ;1; ;12;136,312535033015
3363438;1;2;2;2;76; ;2; ; ;1;2; ; ;1; ;12;136,312535033015
3363438;1;3;1; ; ; ; ; ; ; ; ; ; ; ; ;12;136,312535033015
3363438;1;4;1; ; ; ; ; ; ; ; ; ; ; ; ;12;136,312535033015
3363438;1;5;1; ; ; ; ; ; ; ; ; ; ; ; ;12;136,312535033015
3363438;1;6;1; ; ; ; ; ; ; ; ; ; ; ; ;12;136,312535033015
3363439;1;1;2;2;41; ;2; ; ;1;2; ; ;1; ;12;301,815188240772
3363439;1;2;2;1; ; ;2; ; ;1;2; ; ;1; ;12;301,815188240772
3363440;1;1;2;2;76; ;2; ; ;1;2; ; ;1; ;12;247,158803948851
3363440;1;2;2;2;17; ;2; ; ;1;2; ; ;1; ;12;247,158803948851
3363443;1;1;2;2;11; ;3;11; ;1;2; ; ;1; ;12;216,423674959289
3363443;1;2;2;2;11; ;3;11; ;1;2; ; ;1; ;12;216,423674959289
3363443;1;3;2;2;11; ;3;11; ;1;2; ; ;1; ;12;216,423674959289
3363443;1;4;2;2;11; ;3;11; ;1;2; ; ;1; ;12;216,423674959289
3363443;1;5;2;2;11; ;1; ; ; ;2; ; ;1; ;12;216,423674959289
3363444;1;1;1; ; ; ; ; ; ; ; ; ; ; ; ;12;247,158803948851
3363444;1;2;1; ; ; ; ; ; ; ; ; ; ; ; ;12;247,158803948851
3363445;1;1;1; ; ; ; ; ; ; ; ; ; ; ; ;12;187,814275710178
3363445;1;2;1; ; ; ; ; ; ; ; ; ; ; ; ;12;187,814275710178
3363445;1;3;1; ; ; ; ; ; ; ; ; ; ; ; ;12;187,814275710178
3363446;1;1;2;2;50; ;2; ; ;1;2; ; ;1; ;12;200,937070295275
3363446;1;2;1; ; ; ; ; ; ; ; ; ; ; ; ;12;200,937070295275
3363449;1;1;2;2;50; ;2; ; ;1;2; ; ;1; ;12;175,246557594393
3363449;1;2;2;2;50; ;2; ; ;1;2; ; ;1; ;12;175,246557594393
3363449;1;3;1; ; ; ; ; ; ; ; ; ; ; ; ;12;175,246557594393
3363450;1;1;2;2;11; ;2; ; ;1;2; ; ;1; ;12;210,494073247961
3363450;1;2;2;2;25; ;2; ; ;1;2; ; ;1; ;12;210,494073247961
3363450;1;3;2;2;11; ;2; ; ;1;2; ; ;1; ;12;210,494073247961
3363450;1;4;2;2;11; ;2; ; ;1;2; ; ;1; ;12;210,494073247961
3363451;1;1;1; ; ; ; ; ; ; ; ; ; ; ; ;12;205,968985500946
3363451;1;2;1; ; ; ; ; ; ; ; ; ; ; ; ;12;205,968985500946
3363451;1;3;1; ; ; ; ; ; ; ; ; ; ; ; ;12;205,968985500946
3363451;1;4;1; ; ; ; ; ; ; ; ; ; ; ; ;12;205,968985500946
3363452;1;1;1; ; ; ; ; ; ; ; ; ; ; ; ;12;399,409892015169
3363452;1;2;1; ; ; ; ; ; ; ; ; ; ; ; ;12;399,409892015169
3363452;1;3;2;2;68; ;2; ; ;1;2; ; ;1; ;12;399,409892015169
3363453;1;1;2;2;54; ;2; ; ;1;2; ; ;1; ;12;624,591947371663
3363453;1;2;2;2;54; ;2; ; ;1;2; ; ;1; ;12;624,591947371663
3363453;1;3;2;2;54; ;2; ; ;1;2; ; ;1; ;12;624,591947371663
3363453;1;4;1; ; ; ; ; ; ; ; ; ; ; ; ;12;624,591947371663
3363454;1;1;2;2;68; ;2; ; ;1;2; ; ;1; ;12;559,803568024838
3363454;1;2;2;2;54; ;2; ; ;1;2; ; ;1; ;12;559,803568024838
3363454;1;3;2;2;54; ;2; ; ;1;2; ; ;1; ;12;559,803568024838
3363454;1;4;1; ; ; ; ; ; ; ; ; ; ; ; ;12;559,803568024838
3363455;1;1;2;2;68; ;2; ; ;1;2; ; ;1; ;12;540,768443567794
3363455;1;2;2;2;41; ;2; ; ;1;2; ; ;1; ;12;540,768443567794
3363455;1;3;2;2;76; ;2; ; ;1;2; ; ;1; ;12;540,768443567794
3363455;1;4;1; ; ; ; ; ; ; ; ; ; ; ; ;12;540,768443567794
3363456;1;1;2;2;68; ;2; ; ;1;2; ; ;1; ;12;589,533966470674
3363456;1;2;2;1; ; ;3;68; ;1;2; ; ;1; ;12;589,533966470674
3363456;2;1;2;2;68; ;2; ; ;1;2; ; ;1; ;12;589,533966470674
3363457;1;1;2;2;05; ;2; ; ;1;2; ; ;1; ;12;513,717529565122
3363457;1;2;2;2;11; ;2; ; ;1;2; ; ;1; ;12;513,717529565122
3363457;1;3;2;2;11; ;2; ; ;1;2; ; ;1; ;12;513,717529565122
3363457;1;4;2;2;68; ;2; ; ;1;2; ; ;1; ;12;513,717529565122
3363458;1;1;2;2;15; ;3;11; ;1;2; ; ;1; ;12;481,766835014027
3363458;1;2;2;2;15; ;3;11; ;1;2; ; ;1; ;12;481,766835014027
3363458;1;3;2;2;11; ;3;11; ;1;2; ; ;1; ;12;481,766835014027
3363458;1;4;1; ; ; ; ; ; ; ; ; ; ; ; ;12;481,766835014027
3363459;1;1;2;2;68; ;2; ; ;1;2; ; ;1; ;12;416,219587063115
3363459;1;2;1; ; ; ; ; ; ; ; ; ; ; ; ;12;416,219587063115
3363460;1;1;2;2;68; ;2; ; ;1;2; ; ;1; ;12;543,980157332121
3363460;1;2;1; ; ; ; ; ; ; ; ; ; ; ; ;12;543,980157332121
3363460;1;3;2;1; ; ;2; ; ;1;2; ; ;1; ;12;543,980157332121
3363460;1;4;1; ; ; ; ; ; ; ; ; ; ; ; ;12;543,980157332121
3363460;1;5;1; ; ; ; ; ; ; ; ; ; ; ; ;12;543,980157332121
3363461;1;1;2;2;50; ;2; ; ;1;2; ; ;1; ;12;447,545748668693
3363461;1;2;1; ; ; ; ; ; ; ; ; ; ; ; ;12;447,545748668693
3363461;1;3;2;1; ; ;2; ; ;1;2; ; ;1; ;12;447,545748668693
3363462;1;1;2;2;68; ;2; ; ;1;2; ; ;1; ;12;738,550241021958
3363462;1;2;2;2;68; ;2; ; ;1;2; ; ;1; ;12;738,550241021958
3363462;1;3;1; ; ; ; ; ; ; ; ; ; ; ; ;12;738,550241021958
3363462;1;4;1; ; ; ; ; ; ; ; ; ; ; ; ;12;738,550241021958
3363462;1;5;1; ; ; ; ; ; ; ; ; ; ; ; ;12;738,550241021958
3363462;1;6;2;2;68; ;2; ; ;1;2; ; ;1; ;12;738,550241021958
3363463;1;1;1; ; ; ; ; ; ; ; ; ; ; ; ;12;489,828122021733
3363463;1;2;2;2;68; ;3;68; ;1;2; ; ;1; ;12;489,828122021733
3363463;1;3;2;2;68; ;3;68; ;1;2; ; ;1; ;12;489,828122021733
3363463;1;4;1; ; ; ; ; ; ; ; ; ; ; ; ;12;489,828122021733
3363464;1;1;2;2;68; ;3;68; ;1;3;68; ;1; ;12;524,394560848406
3363464;1;2;2;2;68; ;3;68; ;1;3;68; ;1; ;12;524,394560848406
3363464;1;3;2;2;68; ;3;68; ;1;3;68; ;1; ;12;524,394560848406
3363464;1;4;2;2;68; ;3;68; ;1;3;68; ;1; ;12;524,394560848406
3363464;1;5;2;2;68; ;3;68; ;1;3;68; ;1; ;12;524,394560848406
3363464;1;6;2;2;68; ;3;68; ;1;3;68; ;1; ;12;524,394560848406
3363464;1;7;2;2;68; ;3;68; ;1;3;68; ;1; ;12;524,394560848406
3363464;1;8;2;2;68; ;3;68; ;1;3;68; ;1; ;12;524,394560848406
3363465;1;1;2;2;11; ;2; ; ;1;2; ; ;1; ;12;534,357951296437
3363465;1;2;2;2;52; ;2; ; ;1;2; ; ;1; ;12;534,357951296437
3363465;1;3;2;2;11; ;2; ; ;1;2; ; ;1; ;12;534,357951296437
3363465;1;4;1; ; ; ; ; ; ; ; ; ; ; ; ;12;534,357951296437
3363466;1;1;2;2;54; ;2; ; ;1;2; ; ;1; ;12;482,262058164016
3363466;1;2;2;2;68; ;2; ; ;1;2; ; ;1; ;12;482,262058164016
3363467;1;1;2;2;68; ;2; ; ;1;2; ; ;1; ;12;490,529491987282
3363468;1;1;2;2;68; ;2; ; ;1;2; ; ;1; ;12;317,550400177868
3363469;1;1;2;2;68; ;2; ; ;1;2; ; ;1; ;12;437,11128520157
3363469;1;2;2;2;68; ;2; ; ;1;2; ; ;1; ;12;437,11128520157
3363470;1;1;2;2;68; ;2; ; ;1;2; ; ;1; ;12;522,481502077861
3363470;1;2;2;2;68; ;2; ; ;1;2; ; ;1; ;12;522,481502077861
3363470;1;3;2;2;68; ;2; ; ;1;2; ; ;1; ;12;522,481502077861
3363471;1;1;2;2;68; ;2; ; ;1;2; ; ;1; ;12;407,272267298798
3363471;1;2;2;2;68; ;4; ;3; ;2; ; ;1; ;12;407,272267298798
3363471;1;3;2;2;68; ;2; ; ;1;2; ; ;1; ;12;407,272267298798
3363472;1;1;2;2;20; ;2; ; ;1;2; ; ;1; ;12;504,283435807124
3363472;1;2;2;2;08; ;2; ; ;1;2; ; ;1; ;12;504,283435807124
3363472;1;3;2;2;08; ;2; ; ;1;2; ; ;1; ;12;504,283435807124
3363472;1;4;1; ; ; ; ; ; ; ; ; ; ; ; ;12;504,283435807124
3363472;1;5;1; ; ; ; ; ; ; ; ; ; ; ; ;12;504,283435807124
3363473;1;1;2;2;18; ;2; ; ;1;2; ; ;1; ;12;488,68427449682
3363473;1;2;2;2;18; ;2; ; ;1;2; ; ;1; ;12;488,68427449682
3363473;1;3;1; ; ; ; ; ; ; ; ; ; ; ; ;12;488,68427449682
3363473;1;4;2;2;18; ;3;18; ;1;2; ; ;1; ;12;488,68427449682
3363473;2;1;2;2;54; ;3;68; ;1;3;68; ;1; ;12;488,68427449682
3363473;2;2;2;2;54; ;2; ; ;1;2; ; ;1; ;12;488,68427449682
3363473;2;3;1; ; ; ; ; ; ; ; ; ; ; ; ;12;488,68427449682
3363474;1;1;2;2;68; ;2; ; ;1;2; ; ;1; ;12;452,796454142106
3363475;1;1;2;2;68; ;2; ; ;1;2; ; ;1; ;12;524,805416008805
3363475;1;2;2;2;68; ;2; ; ;1;2; ; ;1; ;12;524,805416008805
3363475;1;3;1; ; ; ; ; ; ; ; ; ; ; ; ;12;524,805416008805
3363476;1;1;2;1; ; ;2; ; ;1;2; ; ;1; ;12;509,083005860658
3363476;1;2;2;2;13; ;2; ; ;1;2; ; ;1; ;12;509,083005860658
3363476;1;3;1; ; ; ; ; ; ; ; ; ; ; ; ;12;509,083005860658
3363476;1;4;1; ; ; ; ; ; ; ; ; ; ; ; ;12;509,083005860658
3363477;1;1;2;2;68; ;2; ; ;1;2; ; ;1; ;12;514,78182896572
3363477;1;2;2;2;68; ;2; ; ;1;2; ; ;1; ;12;514,78182896572
3363477;1;3;2;2;68; ;2; ; ;1;2; ; ;1; ;12;514,78182896572
3363477;1;4;2;2;68; ;2; ; ;1;2; ; ;1; ;12;514,78182896572
3363478;1;1;2;2;81; ;3;08; ;1;2; ; ;1; ;12;475,372808236343
3363478;1;2;2;2;54; ;3;54; ;2;2; ; ;1; ;12;475,372808236343
3363478;1;3;1; ; ; ; ; ; ; ; ; ; ; ; ;12;475,372808236343
3363479;1;1;2;1; ; ;2; ; ;1;2; ; ;1; ;12;467,472558758371
3363479;1;2;2;1; ; ;3;68; ;1;3;05; ;1; ;12;467,472558758371
3363479;1;3;2;1; ; ;2; ; ;1;3;05; ;1; ;12;467,472558758371
3363479;1;4;2;1; ; ;2; ; ;1;3;05; ;1; ;12;467,472558758371
3363479;2;1;2;2;20; ;3;13; ;1;2; ; ;1; ;12;467,472558758371
3363480;1;1;2;2;68; ;2; ; ;1;2; ; ;1; ;12;444,9057069674
3363480;1;2;1; ; ; ; ; ; ; ; ; ; ; ; ;12;444,9057069674
3363480;1;3;1; ; ; ; ; ; ; ; ; ; ; ; ;12;444,9057069674
3363480;1;4;1; ; ; ; ; ; ; ; ; ; ; ; ;12;444,9057069674
3363481;1;1;1; ; ; ; ; ; ; ; ; ; ; ; ;12;421,675066931754
3363481;1;2;2;2;15; ;2; ; ;1;2; ; ;1; ;12;421,675066931754
3363481;1;3;1; ; ; ; ; ; ; ; ; ; ; ; ;12;421,675066931754
3363481;1;4;1; ; ; ; ; ; ; ; ; ; ; ; ;12;421,675066931754
3363481;1;5;1; ; ; ; ; ; ; ; ; ; ; ; ;12;421,675066931754
3363482;1;1;2;2;68; ;3;68; ;1;2; ; ;1; ;12;443,173382734372
3363482;1;2;1; ; ; ; ; ; ; ; ; ; ; ; ;12;443,173382734372
3363483;1;1;1; ; ; ; ; ; ; ; ; ; ; ; ;12;441,619598762858
3363483;1;2;2;2;68; ;2; ; ;1;2; ; ;1; ;12;441,619598762858
3363483;1;3;1; ; ; ; ; ; ; ; ; ; ; ; ;12;441,619598762858
3363483;1;4;1; ; ; ; ; ; ; ; ; ; ; ; ;12;441,619598762858
3363484;1;1;1; ; ; ; ; ; ; ; ; ; ; ; ;12;447,27541001875
3363484;1;2;1; ; ; ; ; ; ; ; ; ; ; ; ;12;447,27541001875
3363484;1;3;1; ; ; ; ; ; ; ; ; ; ; ; ;12;447,27541001875
3363484;2;1;1; ; ; ; ; ; ; ; ; ; ; ; ;12;447,27541001875
3363484;2;2;1; ; ; ; ; ; ; ; ; ; ; ; ;12;447,27541001875
3363484;2;3;1; ; ; ; ; ; ; ; ; ; ; ; ;12;447,27541001875
3363485;1;1;2;2;68; ;2; ; ;1;2; ; ;1; ;12;489,828122021733
3363485;1;2;2;2;68; ;2; ; ;1;2; ; ;1; ;12;489,828122021733
3363485;1;3;1; ; ; ; ; ; ; ; ; ; ; ; ;12;489,828122021733
3363485;1;4;1; ; ; ; ; ; ; ; ; ; ; ; ;12;489,828122021733
3363486;1;1;2;1; ; ;3;68; ;1;2; ; ;1; ;12;544,836059082837
3363486;1;2;2;1; ; ;2; ; ;1;2; ; ;1; ;12;544,836059082837
3363486;1;3;1; ; ; ; ; ; ; ; ; ; ; ; ;12;544,836059082837
3363487;1;1;1; ; ; ; ; ; ; ; ; ; ; ; ;12;429,96438391904
3363487;1;2;2;2;54; ;2; ; ;1;2; ; ;1; ;12;429,96438391904
3363487;1;3;1; ; ; ; ; ; ; ; ; ; ; ; ;12;429,96438391904
3363487;1;4;1; ; ; ; ; ; ; ; ; ; ; ; ;12;429,96438391904
3363487;2;1;2;1; ; ;3;68; ;1;2; ; ;1; ;12;429,96438391904
3363487;2;2;1; ; ; ; ; ; ; ; ; ; ; ; ;12;429,96438391904
3363487;2;3;1; ; ; ; ; ; ; ; ; ; ; ; ;12;429,96438391904
3363487;2;4;1; ; ; ; ; ; ; ; ; ; ; ; ;12;429,96438391904
3363487;2;5;1; ; ; ; ; ; ; ; ; ; ; ; ;12;429,96438391904
3363487;2;6;1; ; ; ; ; ; ; ; ; ; ; ; ;12;429,96438391904
3363488;1;1;1; ; ; ; ; ; ; ; ; ; ; ; ;12;400,663682580558
3363488;1;2;1; ; ; ; ; ; ; ; ; ; ; ; ;12;400,663682580558
3363489;1;1;2;2;68; ;2; ; ;1;2; ; ;1; ;12;457,850248630446
3363489;1;2;1; ; ; ; ; ; ; ; ; ; ; ; ;12;457,850248630446
3363489;1;3;2;2;54; ;2; ; ;1;2; ; ;1; ;12;457,850248630446
3363489;1;4;2;2;68; ;3;68; ;2;2; ; ;1; ;12;457,850248630446
3363489;1;5;2;2;68; ;3;68; ;2;2; ; ;1; ;12;457,850248630446
3363490;1;1;1; ; ; ; ; ; ; ; ; ; ; ; ;12;379,408954992939
3363490;2;1;1; ; ; ; ; ; ; ; ; ; ; ; ;12;379,408954992939
3363491;1;1;1; ; ; ; ; ; ; ; ; ; ; ; ;12;570,699527640002
3363491;1;2;2;2;68; ;2; ; ;1;2; ; ;1; ;12;570,699527640002
3363491;1;3;1; ; ; ; ; ; ; ; ; ; ; ; ;12;570,699527640002
3363491;1;4;1; ; ; ; ; ; ; ; ; ; ; ; ;12;570,699527640002
3363492;1;1;1; ; ; ; ; ; ; ; ; ; ; ; ;12;251,676247207212
3363492;1;2;2;2;68; ;2; ; ;1;2; ; ;1; ;12;251,676247207212
3363492;1;3;1; ; ; ; ; ; ; ; ; ; ; ; ;12;251,676247207212
3363492;1;4;1; ; ; ; ; ; ; ; ; ; ; ; ;12;251,676247207212
3363493;1;1;2;2;73; ;3;68; ;1;2; ; ;1; ;12;238,176704971656
3363494;1;1;2;2;68; ;2; ; ;1;2; ; ;1; ;12;185,087368685327
3363494;1;2;2;2;81; ;2; ; ;1;2; ; ;1; ;12;185,087368685327
3363494;1;3;2;2;81; ;3;81; ;1;2; ; ;1; ;12;185,087368685327
3363494;1;4;1; ; ; ; ; ; ; ; ; ; ; ; ;12;185,087368685327
3363495;1;1;2;2;68; ;2; ; ;1;2; ; ;1; ;12;290,878517497343
3363495;1;2;1; ; ; ; ; ; ; ; ; ; ; ; ;12;290,878517497343
3363495;1;3;1; ; ; ; ; ; ; ; ; ; ; ; ;12;290,878517497343
3363496;1;1;2;2;68; ;2; ; ;1;2; ; ;1; ;12;277,323840352219
3363496;1;2;2;2;68; ;2; ; ;1;2; ; ;1; ;12;277,323840352219
3363496;1;3;2;2;68; ;2; ; ;1;2; ; ;1; ;12;277,323840352219
3363496;1;4;2;2;68; ;2; ; ;1;2; ; ;1; ;12;277,323840352219
3363496;1;5;2;2;68; ;2; ; ;1;2; ; ;1; ;12;277,323840352219
3363496;1;6;2;2;68; ;2; ; ;1;2; ; ;1; ;12;277,323840352219
3363497;1;1;2;2;11; ;2; ; ;1;2; ; ;1; ;12;264,072109103985
3363497;1;2;1; ; ; ; ; ; ; ; ; ; ; ; ;12;264,072109103985
3363497;1;3;1; ; ; ; ; ; ; ; ; ; ; ; ;12;264,072109103985
3363497;1;4;1; ; ; ; ; ; ; ; ; ; ; ; ;12;264,072109103985
3363497;1;5;1; ; ; ; ; ; ; ; ; ; ; ; ;12;264,072109103985
3363498;1;1;2;2;68; ;2; ; ;1;2; ; ;1; ;12;510,593777983002
3363498;1;2;1; ; ; ; ; ; ; ; ; ; ; ; ;12;510,593777983002
3363498;1;3;1; ; ; ; ; ; ; ; ; ; ; ; ;12;510,593777983002
3363498;1;4;1; ; ; ; ; ; ; ; ; ; ; ; ;12;510,593777983002
3363499;1;1;1; ; ; ; ; ; ; ; ; ; ; ; ;12;547,712230840778
3363499;1;2;2;2;08; ;3;08; ;1;2; ; ;1; ;12;547,712230840778
3363500;1;1;2;2;68; ;2; ; ;1;2; ; ;1; ;12;270,404134776276
3363500;1;2;2;2;13; ;2; ; ;1;2; ; ;1; ;12;270,404134776276
3363500;1;3;1; ; ; ; ; ; ; ; ; ; ; ; ;12;270,404134776276
3363500;1;4;1; ; ; ; ; ; ; ; ; ; ; ; ;12;270,404134776276
3363500;1;5;2;2;68; ;2; ; ;1;2; ; ;1; ;12;270,404134776276
3363501;1;1;2;2;20; ;3;68; ;1;2; ; ;1; ;12;238,176704971656
3363502;1;1;2;2;52; ;3;52; ;2;2; ; ;1; ;12;99,3606785317048
3363502;1;2;2;2;52; ;2; ; ;1;2; ; ;1; ;12;99,3606785317048
3363502;1;3;2;2;52; ;3;52; ;2;2; ; ;1; ;12;99,3606785317048
3363502;1;4;2;2;52; ;3;52; ;2;2; ; ;1; ;12;99,3606785317048
3363502;1;5;1; ; ; ; ; ; ; ; ; ; ; ; ;12;99,3606785317048
3363503;1;1;2;2;52; ;2; ; ;1;2; ; ;1; ;12;177,372298569348
3363503;1;2;1; ; ; ; ; ; ; ; ; ; ; ; ;12;177,372298569348
3363503;1;3;1; ; ; ; ; ; ; ; ; ; ; ; ;12;177,372298569348
3363504;1;1;2;2;52; ;3;76; ;1;2; ; ;1; ;12;229,208285143655
3363504;1;2;2;1; ; ;3;76; ;1;2; ; ;1; ;12;229,208285143655
3363504;1;3;2;1; ; ;3;76; ;1;2; ; ;1; ;12;229,208285143655
3363505;1;1;1; ; ; ; ; ; ; ; ; ; ; ; ;12;253,33274874006
3363505;1;2;1; ; ; ; ; ; ; ; ; ; ; ; ;12;253,33274874006
3363505;1;3;1; ; ; ; ; ; ; ; ; ; ; ; ;12;253,33274874006
3363505;1;4;1; ; ; ; ; ; ; ; ; ; ; ; ;12;253,33274874006
3363505;1;5;1; ; ; ; ; ; ; ; ; ; ; ; ;12;253,33274874006
3363505;1;6;1; ; ; ; ; ; ; ; ; ; ; ; ;12;253,33274874006
3363506;1;1;2;2;52; ;2; ; ;1;2; ; ;1; ;12;119,201730549361
3363506;1;2;1; ; ; ; ; ; ; ; ; ; ; ; ;12;119,201730549361
3363506;1;3;1; ; ; ; ; ; ; ; ; ; ; ; ;12;119,201730549361
3363506;1;4;1; ; ; ; ; ; ; ; ; ; ; ; ;12;119,201730549361
3363507;1;1;2;2;52; ;2; ; ;1;2; ; ;1; ;12;183,803692341477
3363507;1;2;1; ; ; ; ; ; ; ; ; ; ; ; ;12;183,803692341477
3363507;1;3;1; ; ; ; ; ; ; ; ; ; ; ; ;12;183,803692341477
3363507;1;4;1; ; ; ; ; ; ; ; ; ; ; ; ;12;183,803692341477
3363508;1;1;1; ; ; ; ; ; ; ; ; ; ; ; ;12;251,37374423833
3363508;1;2;1; ; ; ; ; ; ; ; ; ; ; ; ;12;251,37374423833
3363508;1;3;1; ; ; ; ; ; ; ; ; ; ; ; ;12;251,37374423833
3363508;1;4;1; ; ; ; ; ; ; ; ; ; ; ; ;12;251,37374423833
3363508;1;5;1; ; ; ; ; ; ; ; ; ; ; ; ;12;251,37374423833
3363508;1;6;1; ; ; ; ; ; ; ; ; ; ; ; ;12;251,37374423833
3363509;1;1;2;2;52; ;2; ; ;1;2; ; ;1; ;12;234,397216210355
3363509;1;2;2;2;52; ;2; ; ;1;2; ; ;1; ;12;234,397216210355
3363509;1;3;1; ; ; ; ; ; ; ; ; ; ; ; ;12;234,397216210355
3363510;1;1;2;2;52; ;2; ; ;1;2; ; ;1; ;12;207,111755337268
3363511;1;1;2;2;86; ;3;54; ;1;3;86; ;1; ;12;200,612190261929
3363511;1;2;2;1; ; ;3;19; ;1;2; ; ;1; ;12;200,612190261929
3363512;1;1;2;2;52; ;2; ; ;1;2; ; ;1; ;12;133,256489866559
3363512;1;2;2;2;52; ;2; ; ;1;2; ; ;1; ;12;133,256489866559
3363512;1;3;1; ; ; ; ; ; ; ; ; ; ; ; ;12;133,256489866559
3363512;1;4;1; ; ; ; ; ; ; ; ; ; ; ; ;12;133,256489866559
3363512;1;5;2;2;52; ;2; ; ;1;2; ; ;1; ;12;133,256489866559
3363513;1;1;2;2;52; ;3;66; ;1;2; ; ;1; ;12;215,755574925586
3363513;1;2;2;2;19; ;3;41; ;1;2; ; ;1; ;12;215,755574925586
3363513;1;3;1; ; ; ; ; ; ; ; ; ; ; ; ;12;215,755574925586
3363514;1;1;2;2;52; ;2; ; ;1;2; ; ;1; ;12;217,338250269912
3363514;1;2;2;2;52; ;2; ; ;1;2; ; ;1; ;12;217,338250269912
3363514;1;3;1; ; ; ; ; ; ; ; ; ; ; ; ;12;217,338250269912
3363514;1;4;2;2;52; ;3;86; ;2;2; ; ;1; ;12;217,338250269912
3363514;1;5;2;2;52; ;3;86; ;2;2; ; ;1; ;12;217,338250269912
3363514;1;6;2;1; ; ;3;86; ;2;2; ; ;1; ;12;217,338250269912
3363514;1;7;1; ; ; ; ; ; ; ; ; ; ; ; ;12;217,338250269912
3363515;1;1;1; ; ; ; ; ; ; ; ; ; ; ; ;12;99,3606785317048
3363515;1;2;2;2;52; ;2; ; ;1;2; ; ;1; ;12;99,3606785317048
3363515;1;3;1; ; ; ; ; ; ; ; ; ; ; ; ;12;99,3606785317048
3363515;1;4;1; ; ; ; ; ; ; ; ; ; ; ; ;12;99,3606785317048
3363516;1;1;2;2;13; ;3;52; ;1;2; ; ;1; ;12;200,612190261929
3363516;1;2;2;2;52; ;3;52; ;1;2; ; ;1; ;12;200,612190261929
3363517;1;1;2;2;52; ;2; ; ;1;2; ; ;1; ;12;249,540600874013
3363517;1;2;1; ; ; ; ; ; ; ; ; ; ; ; ;12;249,540600874013
3363517;1;3;1; ; ; ; ; ; ; ; ; ; ; ; ;12;249,540600874013
3363517;1;4;1; ; ; ; ; ; ; ; ; ; ; ; ;12;249,540600874013
3363518;1;1;2;2;52; ;2; ; ;1;2; ; ;1; ;12;191,660212819417
3363518;1;2;2;2;52; ;2; ; ;1;2; ; ;1; ;12;191,660212819417
3363519;1;1;2;2;52; ;3;52; ;1;3;52; ;2;1;12;138,73560089865
3363519;1;2;2;2;52; ;2; ; ;1;2; ; ;1; ;12;138,73560089865
3363520;1;1;1; ; ; ; ; ; ; ; ; ; ; ; ;12;247,890396358901
3363520;1;2;1; ; ; ; ; ; ; ; ; ; ; ; ;12;247,890396358901
3363520;1;3;1; ; ; ; ; ; ; ; ; ; ; ; ;12;247,890396358901
3363520;1;4;1; ; ; ; ; ; ; ; ; ; ; ; ;12;247,890396358901
3363520;1;5;2;2;52; ;2; ; ;1;2; ; ;1; ;12;247,890396358901
3363521;1;1;2;2;52; ;2; ; ;1;2; ; ;1; ;12;154,85896967508
3363521;1;2;1; ; ; ; ; ; ; ; ; ; ; ; ;12;154,85896967508
3363521;1;3;2;2;52; ;2; ; ;1;2; ; ;1; ;12;154,85896967508
3363522;1;1;2;2;86; ;2; ; ;1;2; ; ;1; ;12;235,692941477313
3363522;1;2;1; ; ; ; ; ; ; ; ; ; ; ; ;12;235,692941477313
3363522;1;3;1; ; ; ; ; ; ; ; ; ; ; ; ;12;235,692941477313
3363522;1;4;1; ; ; ; ; ; ; ; ; ; ; ; ;12;235,692941477313
3363523;1;1;1; ; ; ; ; ; ; ; ; ; ; ; ;12;119,763951850438
3363523;1;2;2;2;52; ;2; ; ;1;2; ; ;1; ;12;119,763951850438
3363523;1;3;1; ; ; ; ; ; ; ; ; ; ; ; ;12;119,763951850438
3363523;1;4;1; ; ; ; ; ; ; ; ; ; ; ; ;12;119,763951850438
3363523;1;5;1; ; ; ; ; ; ; ; ; ; ; ; ;12;119,763951850438
3363523;1;6;1; ; ; ; ; ; ; ; ; ; ; ; ;12;119,763951850438
3363524;1;1;2;2;52; ;2; ; ;1;2; ; ;1; ;12;177,118877254889
3363524;1;2;2;2;52; ;2; ; ;1;2; ; ;1; ;12;177,118877254889
3363525;1;1;1; ; ; ; ; ; ; ; ; ; ; ; ;12;120,072109704631
3363525;1;2;1; ; ; ; ; ; ; ; ; ; ; ; ;12;120,072109704631
3363525;1;3;2;1; ; ;2; ; ;1;2; ; ;1; ;12;120,072109704631
3363525;1;4;2;2;11; ;2; ; ;1;2; ; ;1; ;12;120,072109704631
3363526;1;1;2;2;52; ;2; ; ;1;2; ; ;1; ;12;207,111755337268
3363528;1;1;1; ; ; ; ; ; ; ; ; ; ; ; ;12;215,697885091384
3363528;1;2;1; ; ; ; ; ; ; ; ; ; ; ; ;12;215,697885091384
3363528;1;3;1; ; ; ; ; ; ; ; ; ; ; ; ;12;215,697885091384
3363529;1;1;2;2;52; ;2; ; ;1;2; ; ;1; ;12;162,22891390569
3363529;1;2;1; ; ; ; ; ; ; ; ; ; ; ; ;12;162,22891390569
3363530;1;1;2;2;52; ;2; ; ;1;2; ; ;1; ;12;170,619312179549
3363530;1;2;2;2;52; ;2; ; ;1;2; ; ;1; ;12;170,619312179549
3363530;1;3;1; ; ; ; ; ; ; ; ; ; ; ; ;12;170,619312179549
3363531;1;1;2;1; ; ;2; ; ;1;2; ; ;1; ;12;200,612190261929
3363531;1;2;1; ; ; ; ; ; ; ; ; ; ; ; ;12;200,612190261929
3363532;1;1;2;2;52; ;2; ; ;1;2; ; ;1; ;12;220,296135499196
3363532;1;2;2;2;52; ;2; ; ;1;2; ; ;1; ;12;220,296135499196
3363533;1;1;2;2;52; ;2; ; ;1;2; ; ;1; ;12;200,050611093276
3363533;1;2;2;2;52; ;2; ; ;1;2; ; ;1; ;12;200,050611093276
3363533;1;3;2;2;52; ;2; ; ;1;2; ; ;1; ;12;200,050611093276
3363534;1;1;2;2;52; ;2; ; ;1;2; ; ;1; ;12;148,668204586358
3363534;1;2;2;2;52; ;2; ; ;1;2; ; ;1; ;12;148,668204586358
3363534;1;3;2;2;52; ;2; ; ;1;2; ; ;1; ;12;148,668204586358
3363534;1;4;1; ; ; ; ; ; ; ; ; ; ; ; ;12;148,668204586358
3363534;1;5;1; ; ; ; ; ; ; ; ; ; ; ; ;12;148,668204586358
3363535;1;1;2;2;76; ;3;76; ;1;2; ; ;1; ;12;177,118877254889
3363535;1;2;2;2;52; ;4; ;4; ;3;76; ;1; ;12;177,118877254889
3363536;1;1;2;2;52; ;2; ; ;1;2; ; ;1; ;12;123,817936176718
3363536;1;2;2;2;52; ;2; ; ;1;2; ; ;1; ;12;123,817936176718
3363536;1;3;2;1; ; ;3;52; ;1;2; ; ;1; ;12;123,817936176718
3363536;1;4;1; ; ; ; ; ; ; ; ; ; ; ; ;12;123,817936176718
3363536;1;5;1; ; ; ; ; ; ; ; ; ; ; ; ;12;123,817936176718
3363536;1;6;2;2;19; ;3;52; ;1;2; ; ;1; ;12;123,817936176718
3363537;1;1;1; ; ; ; ; ; ; ; ; ; ; ; ;12;247,581596372283
3363537;1;2;1; ; ; ; ; ; ; ; ; ; ; ; ;12;247,581596372283
3363537;1;3;1; ; ; ; ; ; ; ; ; ; ; ; ;12;247,581596372283
3363537;1;4;1; ; ; ; ; ; ; ; ; ; ; ; ;12;247,581596372283
3363538;1;1;2;1; ; ;2; ; ;1;2; ; ;1; ;12;230,841269755042
3363538;1;2;2;2;76; ;2; ; ;1;2; ; ;1; ;12;230,841269755042
3363538;1;3;1; ; ; ; ; ; ; ; ; ; ; ; ;12;230,841269755042
3363538;1;4;1; ; ; ; ; ; ; ; ; ; ; ; ;12;230,841269755042
3363539;1;1;2;2;52; ;3;52; ;2;2; ; ;1; ;12;141,674589513152
3363539;1;2;2;1; ; ;3;52; ;1;2; ; ;1; ;12;141,674589513152
3363540;1;1;2;1; ; ;2; ; ;1;2; ; ;1; ;12;225,809887326857
3363540;1;2;1; ; ; ; ; ; ; ; ; ; ; ; ;12;225,809887326857
3363540;1;3;1; ; ; ; ; ; ; ; ; ; ; ; ;12;225,809887326857
3363540;1;4;2;1; ; ;3;52; ;2;2; ; ;1; ;12;225,809887326857
3363540;1;5;2;2;52; ;3;52; ;1;2; ; ;1; ;12;225,809887326857
3363540;1;6;2;1; ; ;3;52; ;1;2; ; ;1; ;12;225,809887326857
3363540;1;7;1; ; ; ; ; ; ; ; ; ; ; ; ;12;225,809887326857
3363540;1;8;1; ; ; ; ; ; ; ; ; ; ; ; ;12;225,809887326857
3363540;1;9;1; ; ; ; ; ; ; ; ; ; ; ; ;12;225,809887326857
3363540;1;10;1; ; ; ; ; ; ; ; ; ; ; ; ;12;225,809887326857
3363540;1;11;1; ; ; ; ; ; ; ; ; ; ; ; ;12;225,809887326857
3363541;1;1;2;2;52; ;2; ; ;1;2; ; ;1; ;12;242,207415294335
3363542;1;1;1; ; ; ; ; ; ; ; ; ; ; ; ;12;200,612190261929
3363542;1;2;1; ; ; ; ; ; ; ; ; ; ; ; ;12;200,612190261929
3363543;1;1;2;2;52; ;2; ; ;1;2; ; ;1; ;12;207,365176651727
3363543;1;2;1; ; ; ; ; ; ; ; ; ; ; ; ;12;207,365176651727
3363544;1;1;2;2;52; ;2; ; ;1;2; ; ;1; ;12;207,111755337268
3363545;1;1;2;2;52; ;2; ; ;1;2; ; ;1; ;12;255,223581938579
3363545;1;2;1; ; ; ; ; ; ; ; ; ; ; ; ;12;255,223581938579
3363545;1;3;1; ; ; ; ; ; ; ; ; ; ; ; ;12;255,223581938579
3363545;1;4;1; ; ; ; ; ; ; ; ; ; ; ; ;12;255,223581938579
3363545;1;5;2;2;52; ;2; ; ;1;2; ; ;1; ;12;255,223581938579
3363545;1;6;2;1; ; ;2; ; ;1;2; ; ;1; ;12;255,223581938579
3363545;1;7;1; ; ; ; ; ; ; ; ; ; ; ; ;12;255,223581938579
3363545;1;8;1; ; ; ; ; ; ; ; ; ; ; ; ;12;255,223581938579
3363546;1;1;2;1; ; ;2; ; ;1;2; ; ;1; ;12;192,515683233005
3363546;1;2;2;1; ; ;3;52; ;2;2; ; ;1; ;12;192,515683233005
3363546;1;3;2;1; ; ;3;52; ;2;2; ; ;1; ;12;192,515683233005
3363546;1;4;2;2;52; ;3;52; ;2;2; ; ;1; ;12;192,515683233005
3363547;1;1;2;2;52; ;2; ; ;1;2; ; ;1; ;12;170,619312179549
3363547;1;2;2;2;52; ;2; ; ;1;2; ; ;1; ;12;170,619312179549
3363547;1;3;2;2;52; ;2; ; ;1;2; ; ;1; ;12;170,619312179549
3363548;1;1;1; ; ; ; ; ; ; ; ; ; ; ; ;12;146,509041331698
3363548;1;2;1; ; ; ; ; ; ; ; ; ; ; ; ;12;146,509041331698
3363548;1;3;1; ; ; ; ; ; ; ; ; ; ; ; ;12;146,509041331698
3363548;1;4;1; ; ; ; ; ; ; ; ; ; ; ; ;12;146,509041331698
3363549;1;1;2;2;52; ;2; ; ;1;2; ; ;1; ;12;244,688929151742
3363549;1;2;1; ; ; ; ; ; ; ; ; ; ; ; ;12;244,688929151742
3363549;1;3;2;1; ; ;2; ; ;1;2; ; ;1; ;12;244,688929151742
3363549;1;4;1; ; ; ; ; ; ; ; ; ; ; ; ;12;244,688929151742
3363550;1;1;2;2;52; ;2; ; ;1;2; ; ;1; ;12;142,209109441495
3363550;1;2;2;2;52; ;2; ; ;1;2; ; ;1; ;12;142,209109441495
3363550;1;3;2;2;52; ;2; ; ;1;2; ; ;1; ;12;142,209109441495
3363550;2;1;1; ; ; ; ; ; ; ; ; ; ; ; ;12;142,209109441495
3363550;2;2;1; ; ; ; ; ; ; ; ; ; ; ; ;12;142,209109441495
3363550;2;3;1; ; ; ; ; ; ; ; ; ; ; ; ;12;142,209109441495
3363550;2;4;1; ; ; ; ; ; ; ; ; ; ; ; ;12;142,209109441495
3363550;2;5;1; ; ; ; ; ; ; ; ; ; ; ; ;12;142,209109441495
3363551;1;1;2;2;76; ;2; ; ;1;2; ; ;1; ;12;175,413294067618
3363551;1;2;2;2;76; ;2; ; ;1;2; ; ;1; ;12;175,413294067618
3363551;1;3;2;2;76; ;2; ; ;1;2; ; ;1; ;12;175,413294067618
3363552;1;1;1; ; ; ; ; ; ; ; ; ; ; ; ;12;226,006817936496
3363552;1;2;1; ; ; ; ; ; ; ; ; ; ; ; ;12;226,006817936496
3363553;1;1;1; ; ; ; ; ; ; ; ; ; ; ; ;12;196,013939854117
3363553;1;2;1; ; ; ; ; ; ; ; ; ; ; ; ;12;196,013939854117
3363553;1;3;1; ; ; ; ; ; ; ; ; ; ; ; ;12;196,013939854117
3363554;1;1;2;2;52; ;3;52; ;2;3;52; ;2;4;12;235,692941477313
3363554;1;2;2;2;52; ;3;52; ;2;3;52; ;2;4;12;235,692941477313
3363554;1;3;2;2;52; ;3;52; ;2;3;52; ;2;4;12;235,692941477313
3363554;1;4;2;2;52; ;3;52; ;2;3;52; ;2;4;12;235,692941477313
3363555;1;1;2;2;52; ;2; ; ;1;2; ; ;1; ;12;164,95495113621
3363555;1;2;2;1; ; ;3;17; ;1;2; ; ;1; ;12;164,95495113621
3363555;1;3;1; ; ; ; ; ; ; ; ; ; ; ; ;12;164,95495113621
3363556;1;1;1; ; ; ; ; ; ; ; ; ; ; ; ;12;222,508561315385
3363556;1;2;1; ; ; ; ; ; ; ; ; ; ; ; ;12;222,508561315385
3363556;1;3;1; ; ; ; ; ; ; ; ; ; ; ; ;12;222,508561315385
3363557;1;1;1; ; ; ; ; ; ; ; ; ; ; ; ;12;111,681711430772
3363557;1;2;1; ; ; ; ; ; ; ; ; ; ; ; ;12;111,681711430772
3363557;1;3;1; ; ; ; ; ; ; ; ; ; ; ; ;12;111,681711430772
3363558;1;1;1; ; ; ; ; ; ; ; ; ; ; ; ;12;148,174154588492
3363559;1;1;1; ; ; ; ; ; ; ; ; ; ; ; ;12;192,22179198807
3363560;1;1;2;2;19; ;2; ; ;1;2; ; ;1; ;12;169,000520316716
3363560;1;2;2;2;86; ;2; ; ;1;2; ; ;1; ;12;169,000520316716
3363560;1;3;2;2;86; ;2; ; ;1;2; ; ;1; ;12;169,000520316716
3363560;1;4;1; ; ; ; ; ; ; ; ; ; ; ; ;12;169,000520316716
3363560;1;5;1; ; ; ; ; ; ; ; ; ; ; ; ;12;169,000520316716
3363560;1;6;2;2;86; ;2; ; ;1;2; ; ;1; ;12;169,000520316716
3363561;1;1;2;2;52; ;2; ; ;1;2; ; ;1; ;12;163,249367948939
3363561;1;2;1; ; ; ; ; ; ; ; ; ; ; ; ;12;163,249367948939
3363561;1;3;1; ; ; ; ; ; ; ; ; ; ; ; ;12;163,249367948939
3363561;1;4;2;2;52; ;3;52; ;1;2; ; ;1; ;12;163,249367948939
3363562;1;1;2;1; ; ;2; ; ;1;2; ; ;1; ;12;198,947077005135
3363562;1;2;2;2;52; ;2; ; ;1;2; ; ;1; ;12;198,947077005135
3363562;1;3;2;1; ; ;3;54; ;1;2; ; ;1; ;12;198,947077005135
3363562;1;4;1; ; ; ; ; ; ; ; ; ; ; ; ;12;198,947077005135
3363562;1;5;1; ; ; ; ; ; ; ; ; ; ; ; ;12;198,947077005135
3363563;1;1;1; ; ; ; ; ; ; ; ; ; ; ; ;12;255,436275588417
3363563;1;2;1; ; ; ; ; ; ; ; ; ; ; ; ;12;255,436275588417
3363563;1;3;1; ; ; ; ; ; ; ; ; ; ; ; ;12;255,436275588417
3363563;1;4;1; ; ; ; ; ; ; ; ; ; ; ; ;12;255,436275588417
3363563;1;5;1; ; ; ; ; ; ; ; ; ; ; ; ;12;255,436275588417
3363563;1;6;1; ; ; ; ; ; ; ; ; ; ; ; ;12;255,436275588417
3363563;1;7;1; ; ; ; ; ; ; ; ; ; ; ; ;12;255,436275588417
3363563;1;8;1; ; ; ; ; ; ; ; ; ; ; ; ;12;255,436275588417
3363563;1;9;1; ; ; ; ; ; ; ; ; ; ; ; ;12;255,436275588417
3363564;1;1;1; ; ; ; ; ; ; ; ; ; ; ; ;12;213,796570423857
3363564;1;2;1; ; ; ; ; ; ; ; ; ; ; ; ;12;213,796570423857
3363564;1;3;1; ; ; ; ; ; ; ; ; ; ; ; ;12;213,796570423857
3363565;1;1;1; ; ; ; ; ; ; ; ; ; ; ; ;12;170,619312179549
3363565;1;2;1; ; ; ; ; ; ; ; ; ; ; ; ;12;170,619312179549
3363565;1;3;2;1; ; ;2; ; ;1;3;11; ;1; ;12;170,619312179549
3363566;1;1;1; ; ; ; ; ; ; ; ; ; ; ; ;12;401,226307100166
3363566;1;2;2;2;13; ;3;13; ;2;2; ; ;1; ;12;401,226307100166
3363566;1;3;1; ; ; ; ; ; ; ; ; ; ; ; ;12;401,226307100166
3363566;1;4;1; ; ; ; ; ; ; ; ; ; ; ; ;12;401,226307100166
3363566;1;5;1; ; ; ; ; ; ; ; ; ; ; ; ;12;401,226307100166
3363567;1;1;1; ; ; ; ; ; ; ; ; ; ; ; ;12;287,585076605476
3363567;1;2;1; ; ; ; ; ; ; ; ; ; ; ; ;12;287,585076605476
3363567;1;3;1; ; ; ; ; ; ; ; ; ; ; ; ;12;287,585076605476
3363568;1;1;1; ; ; ; ; ; ; ; ; ; ; ; ;12;480,359837516043
3363568;1;2;2;2;23; ;2; ; ;1;2; ; ;1; ;12;480,359837516043
3363568;1;3;2;2;11; ;2; ; ;1;2; ; ;1; ;12;480,359837516043
3363568;1;4;1; ; ; ; ; ; ; ; ; ; ; ; ;12;480,359837516043
3363569;1;1;1; ; ; ; ; ; ; ; ; ; ; ; ;12;381,098450443967
3363569;1;2;1; ; ; ; ; ; ; ; ; ; ; ; ;12;381,098450443967
3363569;1;3;1; ; ; ; ; ; ; ; ; ; ; ; ;12;381,098450443967
3363570;1;1;1; ; ; ; ; ; ; ; ; ; ; ; ;12;324,202886016044
3363570;1;2;1; ; ; ; ; ; ; ; ; ; ; ; ;12;324,202886016044
3363570;1;3;1; ; ; ; ; ; ; ; ; ; ; ; ;12;324,202886016044
3363570;1;4;1; ; ; ; ; ; ; ; ; ; ; ; ;12;324,202886016044
3363570;1;5;1; ; ; ; ; ; ; ; ; ; ; ; ;12;324,202886016044
3363571;1;1;1; ; ; ; ; ; ; ; ; ; ; ; ;12;449,930142121075
3363571;1;2;2;2;27; ;2; ; ;1;2; ; ;1; ;12;449,930142121075
3363571;1;3;1; ; ; ; ; ; ; ; ; ; ; ; ;12;449,930142121075
3363571;1;4;1; ; ; ; ; ; ; ; ; ; ; ; ;12;449,930142121075
3363571;1;5;1; ; ; ; ; ; ; ; ; ; ; ; ;12;449,930142121075
3363571;1;6;1; ; ; ; ; ; ; ; ; ; ; ; ;12;449,930142121075
3363572;1;1;1; ; ; ; ; ; ; ; ; ; ; ; ;12;402,316069239571
3363572;1;2;1; ; ; ; ; ; ; ; ; ; ; ; ;12;402,316069239571
3363572;1;3;1; ; ; ; ; ; ; ; ; ; ; ; ;12;402,316069239571
3363572;1;4;1; ; ; ; ; ; ; ; ; ; ; ; ;12;402,316069239571
3363572;1;5;1; ; ; ; ; ; ; ; ; ; ; ; ;12;402,316069239571
3363573;1;1;1; ; ; ; ; ; ; ; ; ; ; ; ;12;487,370156626667
3363573;1;2;1; ; ; ; ; ; ; ; ; ; ; ; ;12;487,370156626667
3363573;1;3;1; ; ; ; ; ; ; ; ; ; ; ; ;12;487,370156626667
3363573;1;4;1; ; ; ; ; ; ; ; ; ; ; ; ;12;487,370156626667
3363573;1;5;2;2;05; ;2; ; ;1;2; ; ;1; ;12;487,370156626667
3363573;2;1;1; ; ; ; ; ; ; ; ; ; ; ; ;12;487,370156626667
3363573;2;2;1; ; ; ; ; ; ; ; ; ; ; ; ;12;487,370156626667
3363573;2;3;1; ; ; ; ; ; ; ; ; ; ; ; ;12;487,370156626667
3363573;2;4;1; ; ; ; ; ; ; ; ; ; ; ; ;12;487,370156626667
3363573;2;5;1; ; ; ; ; ; ; ; ; ; ; ; ;12;487,370156626667
3363575;1;1;2;2;70; ;2; ; ;1;2; ; ;1; ;12;346,128864817099
3363576;1;1;2;2;13; ;2; ; ;1;2; ; ;1; ;12;384,455602765138
3363576;1;2;1; ; ; ; ; ; ; ; ; ; ; ; ;12;384,455602765138
3363576;1;3;1; ; ; ; ; ; ; ; ; ; ; ; ;12;384,455602765138
3363576;1;4;1; ; ; ; ; ; ; ; ; ; ; ; ;12;384,455602765138
3363576;1;5;1; ; ; ; ; ; ; ; ; ; ; ; ;12;384,455602765138
3363576;1;6;1; ; ; ; ; ; ; ; ; ; ; ; ;12;384,455602765138
3363577;1;1;1; ; ; ; ; ; ; ; ; ; ; ; ;12;384,978990176566
3363577;1;2;2;2;23; ;2; ; ;1;2; ; ;1; ;12;384,978990176566
3363577;1;3;1; ; ; ; ; ; ; ; ; ; ; ; ;12;384,978990176566
3363577;1;4;2;2;23; ;2; ; ;1;2; ; ;1; ;12;384,978990176566
3363577;1;5;1; ; ; ; ; ; ; ; ; ; ; ; ;12;384,978990176566
3363578;1;1;1; ; ; ; ; ; ; ; ; ; ; ; ;12;330,914017119615
3363578;1;2;1; ; ; ; ; ; ; ; ; ; ; ; ;12;330,914017119615
3363579;1;1;1; ; ; ; ; ; ; ; ; ; ; ; ;12;346,128864817099
3363580;1;1;1; ; ; ; ; ; ; ; ; ; ; ; ;12;562,886551776839
3363580;1;2;1; ; ; ; ; ; ; ; ; ; ; ; ;12;562,886551776839
3363580;1;3;1; ; ; ; ; ; ; ; ; ; ; ; ;12;562,886551776839
3363580;1;4;1; ; ; ; ; ; ; ; ; ; ; ; ;12;562,886551776839
3363580;1;5;1; ; ; ; ; ; ; ; ; ; ; ; ;12;562,886551776839
3363580;1;6;1; ; ; ; ; ; ; ; ; ; ; ; ;12;562,886551776839
3363580;1;7;1; ; ; ; ; ; ; ; ; ; ; ; ;12;562,886551776839
3363580;1;8;1; ; ; ; ; ; ; ; ; ; ; ; ;12;562,886551776839
3363580;1;9;1; ; ; ; ; ; ; ; ; ; ; ; ;12;562,886551776839
3363580;1;10;1; ; ; ; ; ; ; ; ; ; ; ; ;12;562,886551776839
3363580;1;11;1; ; ; ; ; ; ; ; ; ; ; ; ;12;562,886551776839
3363581;1;1;1; ; ; ; ; ; ; ; ; ; ; ; ;12;425,129843985585
3363582;1;1;2;2;13; ;2; ; ;1;2; ; ;1; ;12;257,155381210508
3363582;1;2;1; ; ; ; ; ; ; ; ; ; ; ; ;12;257,155381210508
3363582;1;3;1; ; ; ; ; ; ; ; ; ; ; ; ;12;257,155381210508
3363582;1;4;1; ; ; ; ; ; ; ; ; ; ; ; ;12;257,155381210508
3363582;1;5;1; ; ; ; ; ; ; ; ; ; ; ; ;12;257,155381210508
3363583;1;1;1; ; ; ; ; ; ; ; ; ; ; ; ;12;401,358858347557
3363583;1;2;1; ; ; ; ; ; ; ; ; ; ; ; ;12;401,358858347557
3363583;1;3;1; ; ; ; ; ; ; ; ; ; ; ; ;12;401,358858347557
3363583;1;4;1; ; ; ; ; ; ; ; ; ; ; ; ;12;401,358858347557
3363584;1;1;1; ; ; ; ; ; ; ; ; ; ; ; ;12;413,619796996461
3363584;1;2;2;2;70; ;2; ; ;1;2; ; ;1; ;12;413,619796996461
3363584;1;3;1; ; ; ; ; ; ; ; ; ; ; ; ;12;413,619796996461
3363584;1;4;1; ; ; ; ; ; ; ; ; ; ; ; ;12;413,619796996461
3363584;1;5;1; ; ; ; ; ; ; ; ; ; ; ; ;12;413,619796996461
3363584;1;6;1; ; ; ; ; ; ; ; ; ; ; ; ;12;413,619796996461
3363584;1;7;1; ; ; ; ; ; ; ; ; ; ; ; ;12;413,619796996461
3363584;1;8;1; ; ; ; ; ; ; ; ; ; ; ; ;12;413,619796996461
3363584;1;9;1; ; ; ; ; ; ; ; ; ; ; ; ;12;413,619796996461
3363585;1;1;1; ; ; ; ; ; ; ; ; ; ; ; ;12;405,26539179628
3363585;1;2;1; ; ; ; ; ; ; ; ; ; ; ; ;12;405,26539179628
3363585;1;3;1; ; ; ; ; ; ; ; ; ; ; ; ;12;405,26539179628
3363586;1;1;1; ; ; ; ; ; ; ; ; ; ; ; ;12;356,940155694013
3363586;1;2;2;2;05; ;2; ; ;1;2; ; ;1; ;12;356,940155694013
3363586;1;3;1; ; ; ; ; ; ; ; ; ; ; ; ;12;356,940155694013
3363586;1;4;1; ; ; ; ; ; ; ; ; ; ; ; ;12;356,940155694013
3363586;1;5;1; ; ; ; ; ; ; ; ; ; ; ; ;12;356,940155694013
3363587;1;1;1; ; ; ; ; ; ; ; ; ; ; ; ;12;441,87455460449
3363587;1;2;1; ; ; ; ; ; ; ; ; ; ; ; ;12;441,87455460449
3363587;1;3;1; ; ; ; ; ; ; ; ; ; ; ; ;12;441,87455460449
3363588;1;1;2;2;44; ;2; ; ;1;2; ; ;1; ;12;355,665050637127
3363588;1;2;2;2;47; ;2; ; ;1;2; ; ;1; ;12;355,665050637127
3363588;1;3;1; ; ; ; ; ; ; ; ; ; ; ; ;12;355,665050637127
3363588;1;4;1; ; ; ; ; ; ; ; ; ; ; ; ;12;355,665050637127
3363589;1;1;2;2;23; ;2; ; ;1;2; ; ;1; ;12;316,450887067587
3363589;1;2;1; ; ; ; ; ; ; ; ; ; ; ; ;12;316,450887067587
3363589;1;3;1; ; ; ; ; ; ; ; ; ; ; ; ;12;316,450887067587
3363589;1;4;1; ; ; ; ; ; ; ; ; ; ; ; ;12;316,450887067587
3363589;1;5;2;2;13; ;2; ; ;1;2; ; ;1; ;12;316,450887067587
3363590;1;1;1; ; ; ; ; ; ; ; ; ; ; ; ;12;356,188438048556
3363590;1;2;1; ; ; ; ; ; ; ; ; ; ; ; ;12;356,188438048556
3363590;1;3;1; ; ; ; ; ; ; ; ; ; ; ; ;12;356,188438048556
3363591;1;1;2;2;23; ;2; ; ;1;2; ; ;1; ;12;371,40328574604
3363591;1;2;1; ; ; ; ; ; ; ; ; ; ; ; ;12;371,40328574604
3363592;1;1;1; ; ; ; ; ; ; ; ; ; ; ; ;12;370,879898334611
3363592;1;2;1; ; ; ; ; ; ; ; ; ; ; ; ;12;370,879898334611
3363592;1;3;1; ; ; ; ; ; ; ; ; ; ; ; ;12;370,879898334611
3363593;1;1;2;2;47; ;2; ; ;1;2; ; ;1; ;12;381,850168089424
3363593;1;2;1; ; ; ; ; ; ; ; ; ; ; ; ;12;381,850168089424
3363593;1;3;1; ; ; ; ; ; ; ; ; ; ; ; ;12;381,850168089424
3363593;1;4;1; ; ; ; ; ; ; ; ; ; ; ; ;12;381,850168089424
3363593;1;5;1; ; ; ; ; ; ; ; ; ; ; ; ;12;381,850168089424
3363594;1;1;2;2;23; ;2; ; ;1;2; ; ;1; ;12;377,929444255589
3363594;1;2;1; ; ; ; ; ; ; ; ; ; ; ; ;12;377,929444255589
3363594;1;3;1; ; ; ; ; ; ; ; ; ; ; ; ;12;377,929444255589
3363594;1;4;1; ; ; ; ; ; ; ; ; ; ; ; ;12;377,929444255589
3363595;1;1;1; ; ; ; ; ; ; ; ; ; ; ; ;12;432,179389906562
3363595;1;2;1; ; ; ; ; ; ; ; ; ; ; ; ;12;432,179389906562
3363596;1;1;1; ; ; ; ; ; ; ; ; ; ; ; ;12;377,929444255589
3363596;1;2;1; ; ; ; ; ; ; ; ; ; ; ; ;12;377,929444255589
3363596;1;3;1; ; ; ; ; ; ; ; ; ; ; ; ;12;377,929444255589
3363596;1;4;1; ; ; ; ; ; ; ; ; ; ; ; ;12;377,929444255589
3363597;1;1;1; ; ; ; ; ; ; ; ; ; ; ; ;12;448,65503706419
3363597;1;2;2;2;23; ;3;23; ;1;2; ; ;1; ;12;448,65503706419
3363597;1;3;1; ; ; ; ; ; ; ; ; ; ; ; ;12;448,65503706419
3363597;1;4;2;1; ; ;2; ; ;1;3;08; ;1; ;12;448,65503706419
3363597;1;5;2;2;08; ;1; ; ; ;3;08; ;1; ;12;448,65503706419
3363598;1;1;1; ; ; ; ; ; ; ; ; ; ; ; ;12;450,268186615024
3363598;1;2;1; ; ; ; ; ; ; ; ; ; ; ; ;12;450,268186615024
3363598;1;3;1; ; ; ; ; ; ; ; ; ; ; ; ;12;450,268186615024
3363598;1;4;1; ; ; ; ; ; ; ; ; ; ; ; ;12;450,268186615024
3363599;1;1;1; ; ; ; ; ; ; ; ; ; ; ; ;12;438,933878650139
3363599;1;2;2;2;13; ;2; ; ;1;2; ; ;1; ;12;438,933878650139
3363599;1;3;1; ; ; ; ; ; ; ; ; ; ; ; ;12;438,933878650139
3363599;1;4;1; ; ; ; ; ; ; ; ; ; ; ; ;12;438,933878650139
3363599;1;5;1; ; ; ; ; ; ; ; ; ; ; ; ;12;438,933878650139
3363599;1;6;1; ; ; ; ; ; ; ; ; ; ; ; ;12;438,933878650139
3363599;1;7;1; ; ; ; ; ; ; ; ; ; ; ; ;12;438,933878650139
3363600;1;1;1; ; ; ; ; ; ; ; ; ; ; ; ;12;377,40605684416
3363600;1;2;1; ; ; ; ; ; ; ; ; ; ; ; ;12;377,40605684416
3363600;1;3;1; ; ; ; ; ; ; ; ; ; ; ; ;12;377,40605684416
3363600;1;4;1; ; ; ; ; ; ; ; ; ; ; ; ;12;377,40605684416
3363600;1;5;1; ; ; ; ; ; ; ; ; ; ; ; ;12;377,40605684416
3363601;1;1;2;2;17; ;2; ; ;1;2; ; ;1; ;12;13337,2317256463
3363601;1;2;1; ; ; ; ; ; ; ; ; ; ; ; ;12;13337,2317256463
3363601;1;3;2;1; ; ;3;85; ;1;2; ; ;1; ;12;13337,2317256463
3363601;1;4;1; ; ; ; ; ; ; ; ; ; ; ; ;12;13337,2317256463
3363601;1;5;1; ; ; ; ; ; ; ; ; ; ; ; ;12;13337,2317256463
3363601;1;6;1; ; ; ; ; ; ; ; ; ; ; ; ;12;13337,2317256463
3363601;1;7;1; ; ; ; ; ; ; ; ; ; ; ; ;12;13337,2317256463
3363601;1;8;1; ; ; ; ; ; ; ; ; ; ; ; ;12;13337,2317256463
3363601;1;9;2;1; ; ;2; ; ;1;3;13; ;1; ;12;13337,2317256463
3363601;1;10;1; ; ; ; ; ; ; ; ; ; ; ; ;12;13337,2317256463
3363602;1;1;2;2;13; ;2; ; ;2;2; ; ;2; ;12;4747,33485206808
3363602;1;2;2;2;13; ;2; ; ;2;2; ; ;2; ;12;4747,33485206808
3363602;1;3;1; ; ; ; ; ; ; ; ; ; ; ; ;12;4747,33485206808
3363602;1;4;2;2;13; ;2; ; ;2;2; ; ;2; ;12;4747,33485206808
3363602;1;5;1; ; ; ; ; ; ; ; ; ; ; ; ;12;4747,33485206808
3363602;1;6;1; ; ; ; ; ; ; ; ; ; ; ; ;12;4747,33485206808
3363602;1;7;1; ; ; ; ; ; ; ; ; ; ; ; ;12;4747,33485206808
3363602;1;8;1; ; ; ; ; ; ; ; ; ; ; ; ;12;4747,33485206808
3363603;1;1;1; ; ; ; ; ; ; ; ; ; ; ; ;12;13337,2317256463
3363603;1;2;1; ; ; ; ; ; ; ; ; ; ; ; ;12;13337,2317256463
3363603;1;3;1; ; ; ; ; ; ; ; ; ; ; ; ;12;13337,2317256463
3363604;1;1;2;2;68; ;2; ; ;1;2; ; ;1; ;12;3351,94313814365
3363604;1;2;2;2;54; ;3;68; ;1;2; ; ;1; ;12;3351,94313814365
3363605;1;1;2;2;05; ;2; ; ;1;2; ; ;1; ;12;8035,45877458735
3363606;1;1;2;2;68; ;3;68; ;1;3;68; ;1;1;12;2979,2195095021
3363606;1;2;2;2;68; ;3;68; ;1;3;68; ;1;1;12;2979,2195095021
3363606;1;3;2;2;68; ;3;68; ;1;3;68; ;1;4;12;2979,2195095021
3363606;1;4;2;2;68; ;3;68; ;1;3;68; ;1;4;12;2979,2195095021
3363606;1;5;2;2;68; ;1; ; ; ;3;68; ;1;4;12;2979,2195095021
3363607;1;1;2;2;68; ;2; ; ;2;2; ; ;2; ;12;3675,95091644176
3363607;1;2;2;2;66; ;2; ; ;2;2; ; ;2; ;12;3675,95091644176
3363607;1;3;1; ; ; ; ; ; ; ; ; ; ; ; ;12;3675,95091644176
3363607;1;4;1; ; ; ; ; ; ; ; ; ; ; ; ;12;3675,95091644176
3363608;1;1;1; ; ; ; ; ; ; ; ; ; ; ; ;12;2257,91909488092
3363608;1;2;2;2;68; ;2; ; ;2;2; ; ;2; ;12;2257,91909488092
3363609;1;1;1; ; ; ; ; ; ; ; ; ; ; ; ;12;2948,9894099994
3363610;1;1;1; ; ; ; ; ; ; ; ; ; ; ; ;12;2770,17935055762
3363610;1;2;2;2;68; ;2; ; ;2;2; ; ;2; ;12;2770,17935055762
3363610;1;3;2;2;68; ;2; ; ;2;2; ; ;2; ;12;2770,17935055762
3363610;1;4;2;2;68; ;2; ; ;2;2; ; ;2; ;12;2770,17935055762
3363611;1;1;2;2;68; ;2; ; ;2;2; ; ;2; ;12;5317,31436791189
3363611;1;2;1; ; ; ; ; ; ; ; ; ; ; ; ;12;5317,31436791189
3363611;1;3;1; ; ; ; ; ; ; ; ; ; ; ; ;12;5317,31436791189
3363611;1;4;1; ; ; ; ; ; ; ; ; ; ; ; ;12;5317,31436791189
3363611;1;5;1; ; ; ; ; ; ; ; ; ; ; ; ;12;5317,31436791189
3363611;1;6;2;2;68; ;1; ; ; ;2; ; ;2; ;12;5317,31436791189
3363612;1;1;2;2;54; ;2; ; ;1;2; ; ;1; ;12;3175,53136324912
3363612;1;2;2;2;54; ;2; ; ;1;2; ; ;1; ;12;3175,53136324912
3363612;1;3;2;2;54; ;2; ; ;1;2; ; ;1; ;12;3175,53136324912
3363612;1;4;2;1; ; ;3;54; ;1;3;54; ;1; ;12;3175,53136324912
3363613;1;1;2;2;50; ;3;50; ;2;3;50; ;2;1;12;3213,66107357723
3363614;1;1;2;2;68; ;2; ; ;2;2; ; ;2; ;12;1696,33175422436
3363614;1;2;2;2;68; ;2; ; ;2;2; ; ;2; ;12;1696,33175422436
3363615;1;1;2;2;68; ;3;68; ;1;2; ; ;2; ;12;1685,46481614309
3363615;1;2;2;3; ;3;3;68; ;1;3;68; ;1;2;12;1685,46481614309
3363616;1;1;2;2;68; ;3;68; ;2;2; ; ;2; ;12;2157,10822157054
3363616;1;2;2;2;68; ;3;68; ;2;2; ; ;2; ;12;2157,10822157054
3363616;1;3;2;2;68; ;3;68; ;2;2; ; ;2; ;12;2157,10822157054
3363616;1;4;1; ; ; ; ; ; ; ; ; ; ; ; ;12;2157,10822157054
3363617;1;1;2;2;68; ;3;68; ;2;2; ; ;2; ;12;1236,29886106336
3363617;1;2;2;2;68; ;3;68; ;2;2; ; ;2; ;12;1236,29886106336
3363617;1;3;2;2;68; ;1; ; ; ;2; ; ;2; ;12;1236,29886106336
3363623;1;1;2;2;68; ;2; ; ;1;2; ; ;1; ;12;3175,53136324912
3363623;1;2;1; ; ; ; ; ; ; ; ; ; ; ; ;12;3175,53136324912
3363625;1;1;2;2;68; ;2; ; ;1;2; ; ;1; ;12;11411,1174078598
3363625;1;2;2;2;20; ;2; ; ;1;2; ; ;1; ;12;11411,1174078598
3363625;1;3;1; ; ; ; ; ; ; ; ; ; ; ; ;12;11411,1174078598
3363625;1;4;1; ; ; ; ; ; ; ; ; ; ; ; ;12;11411,1174078598
3363626;1;1;2;2;05; ;2; ; ;1;2; ; ;1; ;12;9726,03535364215
3363626;1;2;2;2;17; ;2; ; ;1;2; ; ;1; ;12;9726,03535364215
3363626;1;3;2;2;11; ;2; ; ;1;2; ; ;1; ;12;9726,03535364215
3363627;1;1;1; ; ; ; ; ; ; ; ; ; ; ; ;12;13337,2317256463
3363627;1;2;1; ; ; ; ; ; ; ; ; ; ; ; ;12;13337,2317256463
3363627;1;3;1; ; ; ; ; ; ; ; ; ; ; ; ;12;13337,2317256463
3363628;1;1;2;1; ; ;2; ; ;2;2; ; ;1; ;12;13337,2317256463
3363628;1;2;1; ; ; ; ; ; ; ; ; ; ; ; ;12;13337,2317256463
3363628;1;3;1; ; ; ; ; ; ; ; ; ; ; ; ;12;13337,2317256463
3363628;1;4;2;2;68; ;3;47; ;1;2; ; ;1; ;12;13337,2317256463
3363628;1;5;1; ; ; ; ; ; ; ; ; ; ; ; ;12;13337,2317256463
3363629;1;1;2;2;13; ;2; ; ;2;2; ; ;2; ;12;1567,89075631561
3363629;1;2;2;2;68; ;2; ; ;2;2; ; ;2; ;12;1567,89075631561
3363629;1;3;1; ; ; ; ; ; ; ; ; ; ; ; ;12;1567,89075631561
3363629;1;4;2;1; ; ;3;68; ;1;2; ; ;2; ;12;1567,89075631561
3363629;1;5;1; ; ; ; ; ; ; ; ; ; ; ; ;12;1567,89075631561
3363629;1;6;2;2;23; ;2; ; ;2;2; ; ;2; ;12;1567,89075631561
3363629;1;7;1; ; ; ; ; ; ; ; ; ; ; ; ;12;1567,89075631561
3363630;1;1;2;2;13; ;2; ; ;2;2; ; ;2; ;12;2239,72471311312
3363630;1;2;2;2;13; ;2; ; ;2;2; ; ;2; ;12;2239,72471311312
3363630;1;3;1; ; ; ; ; ; ; ; ; ; ; ; ;12;2239,72471311312
3363631;1;1;2;2;13; ;3;54; ;2;2; ; ;2; ;12;2211,2025497641
3363631;1;2;2;2;13; ;3;54; ;2;2; ; ;2; ;12;2211,2025497641
3363631;1;3;2;2;54; ;3;54; ;2;2; ; ;2; ;12;2211,2025497641
3363632;1;1;1; ; ; ; ; ; ; ; ; ; ; ; ;12;3175,53136324912
3363632;1;2;1; ; ; ; ; ; ; ; ; ; ; ; ;12;3175,53136324912
3363632;1;3;1; ; ; ; ; ; ; ; ; ; ; ; ;12;3175,53136324912
3363632;1;4;1; ; ; ; ; ; ; ; ; ; ; ; ;12;3175,53136324912
3363633;1;1;2;2;68; ;2; ; ;1;2; ; ;1; ;12;3213,66107357723
3363634;1;1;1; ; ; ; ; ; ; ; ; ; ; ; ;12;4433,32083769555
3363634;1;2;1; ; ; ; ; ; ; ; ; ; ; ; ;12;4433,32083769555
3363634;1;3;1; ; ; ; ; ; ; ; ; ; ; ; ;12;4433,32083769555
3363634;1;4;1; ; ; ; ; ; ; ; ; ; ; ; ;12;4433,32083769555
3363634;1;5;1; ; ; ; ; ; ; ; ; ; ; ; ;12;4433,32083769555
3363634;1;6;1; ; ; ; ; ; ; ; ; ; ; ; ;12;4433,32083769555
3363634;1;7;1; ; ; ; ; ; ; ; ; ; ; ; ;12;4433,32083769555
3363634;1;8;1; ; ; ; ; ; ; ; ; ; ; ; ;12;4433,32083769555
3363634;1;9;1; ; ; ; ; ; ; ; ; ; ; ; ;12;4433,32083769555
3363635;1;1;1; ; ; ; ; ; ; ; ; ; ; ; ;12;1927,707409696
3363635;1;2;1; ; ; ; ; ; ; ; ; ; ; ; ;12;1927,707409696
3363635;1;3;1; ; ; ; ; ; ; ; ; ; ; ; ;12;1927,707409696
3363636;1;1;1; ; ; ; ; ; ; ; ; ; ; ; ;12;3724,98841292744
3363636;1;2;1; ; ; ; ; ; ; ; ; ; ; ; ;12;3724,98841292744
3363636;1;3;1; ; ; ; ; ; ; ; ; ; ; ; ;12;3724,98841292744
3363636;1;4;1; ; ; ; ; ; ; ; ; ; ; ; ;12;3724,98841292744
3363636;1;5;1; ; ; ; ; ; ; ; ; ; ; ; ;12;3724,98841292744
3363637;1;1;1; ; ; ; ; ; ; ; ; ; ; ; ;12;5291,13405836828
3363637;1;2;1; ; ; ; ; ; ; ; ; ; ; ; ;12;5291,13405836828
3363637;1;3;1; ; ; ; ; ; ; ; ; ; ; ; ;12;5291,13405836828
3363638;1;1;2;2;68; ;3;68; ;1;2; ; ;1;1;12;3117,58713086342
3363639;1;1;1; ; ; ; ; ; ; ; ; ; ; ; ;12;3214,2901682997
3363639;1;2;2;2;15; ;2; ; ;1;2; ; ;2; ;12;3214,2901682997
3363640;1;1;2;2;68; ;3;68; ;2;2; ; ;2; ;12;1878,36502535847
3363640;1;2;2;2;68; ;3;68; ;2;2; ; ;2; ;12;1878,36502535847
3363640;1;3;2;2;68; ;3;68; ;2;2; ; ;2; ;12;1878,36502535847
3363640;1;4;2;2;68; ;3;68; ;2;2; ; ;2; ;12;1878,36502535847
3363641;1;1;1; ; ; ; ; ; ; ; ; ; ; ; ;12;3263,65209761597
3363641;1;2;1; ; ; ; ; ; ; ; ; ; ; ; ;12;3263,65209761597
3363641;1;3;1; ; ; ; ; ; ; ; ; ; ; ; ;12;3263,65209761597
3363641;1;4;1; ; ; ; ; ; ; ; ; ; ; ; ;12;3263,65209761597
3363641;1;5;1; ; ; ; ; ; ; ; ; ; ; ; ;12;3263,65209761597
3363641;1;6;1; ; ; ; ; ; ; ; ; ; ; ; ;12;3263,65209761597
3363641;1;7;1; ; ; ; ; ; ; ; ; ; ; ; ;12;3263,65209761597
3363642;1;1;1; ; ; ; ; ; ; ; ; ; ; ; ;12;1061,23593725586
3363642;1;2;1; ; ; ; ; ; ; ; ; ; ; ; ;12;1061,23593725586
3363643;1;1;1; ; ; ; ; ; ; ; ; ; ; ; ;12;3175,53136324912
3363643;1;2;1; ; ; ; ; ; ; ; ; ; ; ; ;12;3175,53136324912
3363643;1;3;1; ; ; ; ; ; ; ; ; ; ; ; ;12;3175,53136324912
3363643;1;4;1; ; ; ; ; ; ; ; ; ; ; ; ;12;3175,53136324912
3363643;1;5;1; ; ; ; ; ; ; ; ; ; ; ; ;12;3175,53136324912
3363646;1;1;1; ; ; ; ; ; ; ; ; ; ; ; ;12;3175,53136324912
3363646;1;2;1; ; ; ; ; ; ; ; ; ; ; ; ;12;3175,53136324912
3363647;1;1;1; ; ; ; ; ; ; ; ; ; ; ; ;12;3175,53136324912
3363647;1;2;1; ; ; ; ; ; ; ; ; ; ; ; ;12;3175,53136324912
3363647;1;3;1; ; ; ; ; ; ; ; ; ; ; ; ;12;3175,53136324912
3363648;1;1;1; ; ; ; ; ; ; ; ; ; ; ; ;12;3175,53136324912
3363648;1;2;1; ; ; ; ; ; ; ; ; ; ; ; ;12;3175,53136324912
3363648;1;3;1; ; ; ; ; ; ; ; ; ; ; ; ;12;3175,53136324912
3363649;1;1;2;2;13; ;2; ; ;2;2; ; ;2; ;12;2152,74309117319
3363649;1;2;2;2;68; ;3;68; ;2;2; ; ;2; ;12;2152,74309117319
3363649;1;3;2;2;68; ;3;68; ;2;2; ; ;2; ;12;2152,74309117319
3363649;1;4;2;2;68; ;3;68; ;2;2; ; ;2; ;12;2152,74309117319
3363649;1;5;2;2;68; ;3;68; ;2;2; ; ;2; ;12;2152,74309117319
3363650;1;1;1; ; ; ; ; ; ; ; ; ; ; ; ;12;3130,62113524523
3363650;1;2;1; ; ; ; ; ; ; ; ; ; ; ; ;12;3130,62113524523
3363650;1;3;1; ; ; ; ; ; ; ; ; ; ; ; ;12;3130,62113524523
3363650;1;4;1; ; ; ; ; ; ; ; ; ; ; ; ;12;3130,62113524523
3363650;1;5;1; ; ; ; ; ; ; ; ; ; ; ; ;12;3130,62113524523
3363650;1;6;1; ; ; ; ; ; ; ; ; ; ; ; ;12;3130,62113524523
3363650;1;7;2;2;13; ;3;13; ;2;2; ; ;2; ;12;3130,62113524523
3363651;1;1;2;2;68; ;3;68; ;2;2; ; ;2; ;12;2211,2025497641
3363651;1;2;2;2;68; ;3;68; ;2;2; ; ;2; ;12;2211,2025497641
3363651;1;3;2;2;68; ;3;68; ;2;2; ; ;2; ;12;2211,2025497641
3363652;1;1;1; ; ; ; ; ; ; ; ; ; ; ; ;12;3116,97411564824
3363652;1;2;1; ; ; ; ; ; ; ; ; ; ; ; ;12;3116,97411564824
3363652;1;3;1; ; ; ; ; ; ; ; ; ; ; ; ;12;3116,97411564824
3363653;1;1;1; ; ; ; ; ; ; ; ; ; ; ; ;12;3175,53136324912
3363653;1;2;2;2;05; ;2; ; ;1;2; ; ;1; ;12;3175,53136324912
3363653;1;3;1; ; ; ; ; ; ; ; ; ; ; ; ;12;3175,53136324912
3363653;1;4;2;2;05; ;3;05; ;1;3;05; ;1; ;12;3175,53136324912
3363653;1;5;2;2;05; ;3;05; ;1;2; ; ;1; ;12;3175,53136324912
3363653;1;6;2;2;05; ;3;05; ;1;2; ; ;1; ;12;3175,53136324912
3363654;1;1;1; ; ; ; ; ; ; ; ; ; ; ; ;12;3175,53136324912
3363654;1;2;1; ; ; ; ; ; ; ; ; ; ; ; ;12;3175,53136324912
3363654;1;3;1; ; ; ; ; ; ; ; ; ; ; ; ;12;3175,53136324912
3363655;1;1;2;2;68; ;2; ; ;1;2; ; ;1; ;12;3175,53136324912
3363655;1;2;2;2;68; ;3;68; ;1;2; ; ;1; ;12;3175,53136324912
3363656;1;1;1; ; ; ; ; ; ; ; ; ; ; ; ;12;3175,53136324912
3363656;1;2;1; ; ; ; ; ; ; ; ; ; ; ; ;12;3175,53136324912
3363657;1;1;2;2;73; ;3;73; ;1;3;73; ;1; ;12;3213,66107357723
3363658;1;1;2;2;68; ;2; ; ;2;2; ; ;2; ;12;3117,58713086342
3363659;1;1;2;2;68; ;2; ; ;2;2; ; ;2; ;12;3874,81017296111
3363659;1;2;2;2;68; ;2; ; ;2;2; ; ;2; ;12;3874,81017296111
3363659;1;3;2;2;68; ;2; ; ;1;2; ; ;2; ;12;3874,81017296111
3363659;1;4;1; ; ; ; ; ; ; ; ; ; ; ; ;12;3874,81017296111
3363659;1;5;1; ; ; ; ; ; ; ; ; ; ; ; ;12;3874,81017296111
3363660;1;1;1; ; ; ; ; ; ; ; ; ; ; ; ;12;3647,57563224884
3363660;1;2;2;1; ; ;2; ; ;2;2; ; ;2; ;12;3647,57563224884
3363660;1;3;2;2;68; ;2; ; ;2;2; ; ;2; ;12;3647,57563224884
3363660;1;4;1; ; ; ; ; ; ; ; ; ; ; ; ;12;3647,57563224884
3363660;1;5;1; ; ; ; ; ; ; ; ; ; ; ; ;12;3647,57563224884
3363661;1;1;1; ; ; ; ; ; ; ; ; ; ; ; ;12;2211,2025497641
3363661;1;2;2;1; ; ;2; ; ;1;2; ; ;1;1;12;2211,2025497641
3363661;1;3;1; ; ; ; ; ; ; ; ; ; ; ; ;12;2211,2025497641
3363662;1;1;2;2;13; ;2; ; ;2;2; ; ;2; ;12;2444,71119751274
3363663;1;1;1; ; ; ; ; ; ; ; ; ; ; ; ;12;3064,00227220694
3363663;1;2;1; ; ; ; ; ; ; ; ; ; ; ; ;12;3064,00227220694
3363663;1;3;1; ; ; ; ; ; ; ; ; ; ; ; ;12;3064,00227220694
3363663;1;4;1; ; ; ; ; ; ; ; ; ; ; ; ;12;3064,00227220694
3363663;1;5;1; ; ; ; ; ; ; ; ; ; ; ; ;12;3064,00227220694
3363664;1;1;1; ; ; ; ; ; ; ; ; ; ; ; ;12;4000,5015098055
3363664;1;2;1; ; ; ; ; ; ; ; ; ; ; ; ;12;4000,5015098055
3363664;1;3;1; ; ; ; ; ; ; ; ; ; ; ; ;12;4000,5015098055
3363665;1;1;1; ; ; ; ; ; ; ; ; ; ; ; ;12;13337,2317256463
3363665;1;2;1; ; ; ; ; ; ; ; ; ; ; ; ;12;13337,2317256463
3363665;1;3;1; ; ; ; ; ; ; ; ; ; ; ; ;12;13337,2317256463
3363665;1;4;1; ; ; ; ; ; ; ; ; ; ; ; ;12;13337,2317256463
3363665;1;5;1; ; ; ; ; ; ; ; ; ; ; ; ;12;13337,2317256463
3363665;1;6;2;2;13; ;3;13; ;2;2; ; ;1; ;12;13337,2317256463
3363665;1;7;1; ; ; ; ; ; ; ; ; ; ; ; ;12;13337,2317256463
3363665;1;8;1; ; ; ; ; ; ; ; ; ; ; ; ;12;13337,2317256463
3363666;1;1;1; ; ; ; ; ; ; ; ; ; ; ; ;12;3300,78086715822
3363666;1;2;1; ; ; ; ; ; ; ; ; ; ; ; ;12;3300,78086715822
3363666;1;3;1; ; ; ; ; ; ; ; ; ; ; ; ;12;3300,78086715822
3363666;1;4;1; ; ; ; ; ; ; ; ; ; ; ; ;12;3300,78086715822
3363666;1;5;1; ; ; ; ; ; ; ; ; ; ; ; ;12;3300,78086715822
3363666;1;6;1; ; ; ; ; ; ; ; ; ; ; ; ;12;3300,78086715822
3363667;1;1;2;2;68; ;2; ; ;2;2; ; ;2; ;12;2226,55942037793
3363667;1;2;2;2;68; ;2; ; ;2;2; ; ;2; ;12;2226,55942037793
3363667;1;3;1; ; ; ; ; ; ; ; ; ; ; ; ;12;2226,55942037793
3363667;1;4;1; ; ; ; ; ; ; ; ; ; ; ; ;12;2226,55942037793
3363668;1;1;2;2;68; ;2; ; ;2;2; ; ;2; ;12;1298,14930504044
3363668;1;2;1; ; ; ; ; ; ; ; ; ; ; ; ;12;1298,14930504044
3363668;1;3;1; ; ; ; ; ; ; ; ; ; ; ; ;12;1298,14930504044
3363669;1;1;2;2;15; ;2; ; ;2;2; ; ;2; ;12;815,913024403993
3363669;1;2;2;2;15; ;2; ; ;2;2; ; ;2; ;12;815,913024403993
3363669;1;3;2;2;15; ;2; ; ;2;2; ; ;2; ;12;815,913024403993
3363673;1;1;1; ; ; ; ; ; ; ; ; ; ; ; ;12;13337,2317256463
3363673;1;2;1; ; ; ; ; ; ; ; ; ; ; ; ;12;13337,2317256463
3363673;1;3;1; ; ; ; ; ; ; ; ; ; ; ; ;12;13337,2317256463
3363673;1;4;2;2;68; ;3;68; ;1;3;68; ;1; ;12;13337,2317256463
3363673;1;5;2;2;68; ;1; ; ; ;3;68; ;1; ;12;13337,2317256463
3363673;1;6;2;2;68; ;1; ; ; ;3;68; ;1; ;12;13337,2317256463
3363674;1;1;2;2;05; ;2; ; ;1;2; ; ;1; ;12;3175,53136324912
3363674;1;2;2;2;68; ;2; ; ;1;2; ; ;1; ;12;3175,53136324912
3363675;1;1;2;2;13; ;2; ; ;1;2; ; ;1; ;12;13229,2522748019
3363675;1;2;1; ; ; ; ; ; ; ; ; ; ; ; ;12;13229,2522748019
3363675;1;3;1; ; ; ; ; ; ; ; ; ; ; ; ;12;13229,2522748019
3363675;1;4;2;1; ; ;2; ; ;1;2; ; ;1; ;12;13229,2522748019
3363676;1;1;1; ; ; ; ; ; ; ; ; ; ; ; ;12;4169,27659192686
3363676;1;2;1; ; ; ; ; ; ; ; ; ; ; ; ;12;4169,27659192686
3363676;1;3;1; ; ; ; ; ; ; ; ; ; ; ; ;12;4169,27659192686
3363676;1;4;1; ; ; ; ; ; ; ; ; ; ; ; ;12;4169,27659192686
3363676;1;5;1; ; ; ; ; ; ; ; ; ; ; ; ;12;4169,27659192686
3363677;1;1;1; ; ; ; ; ; ; ; ; ; ; ; ;12;2379,80027062812
3363677;1;2;1; ; ; ; ; ; ; ; ; ; ; ; ;12;2379,80027062812
3363677;1;3;2;2;68; ;3;68; ;1;3;68; ;1;1;12;2379,80027062812
3363678;1;1;1; ; ; ; ; ; ; ; ; ; ; ; ;12;2890,52995140849
3363678;1;2;1; ; ; ; ; ; ; ; ; ; ; ; ;12;2890,52995140849
3363678;1;3;1; ; ; ; ; ; ; ; ; ; ; ; ;12;2890,52995140849
3363679;1;1;1; ; ; ; ; ; ; ; ; ; ; ; ;12;2504,87859225732
3363679;1;2;1; ; ; ; ; ; ; ; ; ; ; ; ;12;2504,87859225732
3363679;1;3;1; ; ; ; ; ; ; ; ; ; ; ; ;12;2504,87859225732
3363680;1;1;1; ; ; ; ; ; ; ; ; ; ; ; ;12;13337,2317256463
3363680;1;2;2;2;08; ;2; ; ;1;2; ; ;1; ;12;13337,2317256463
3363680;1;3;1; ; ; ; ; ; ; ; ; ; ; ; ;12;13337,2317256463
3363681;1;1;2;2;68; ;2; ; ;1;2; ; ;1; ;12;425,494809307721
3363681;1;2;2;2;68; ;2; ; ;1;2; ; ;1; ;12;425,494809307721
3363681;1;3;2;2;68; ;2; ; ;1;2; ; ;1; ;12;425,494809307721
3363682;1;1;2;1; ; ;2; ; ;1;2; ; ;1; ;12;495,483933277625
3363682;1;2;2;2;68; ;2; ; ;1;2; ; ;1; ;12;495,483933277625
3363682;1;3;1; ; ; ; ; ; ; ; ; ; ; ; ;12;495,483933277625
3363682;1;4;1; ; ; ; ; ; ; ; ; ; ; ; ;12;495,483933277625
3363682;1;5;2;2;68; ;3;68; ;1;2; ; ;1; ;12;495,483933277625
3363682;1;6;1; ; ; ; ; ; ; ; ; ; ; ; ;12;495,483933277625
3363683;1;1;2;2;68; ;2; ; ;1;2; ; ;1; ;12;481,071631341404
3363683;1;2;2;2;68; ;3;68; ;1;2; ; ;1; ;12;481,071631341404
3363683;1;3;2;2;68; ;2; ; ;1;2; ; ;1; ;12;481,071631341404
3363684;1;1;2;2;13; ;2; ; ;1;2; ; ;1; ;12;495,526945126795
3363684;1;2;2;2;68; ;2; ; ;1;2; ; ;1; ;12;495,526945126795
3363684;1;3;2;2;68; ;2; ; ;1;2; ; ;1; ;12;495,526945126795
3363684;1;4;2;2;13; ;3;13; ;1;3;13; ;1; ;12;495,526945126795
3363685;1;1;2;2;68; ;2; ; ;1;2; ; ;1; ;12;513,107706017796
3363685;1;2;1; ; ; ; ; ; ; ; ; ; ; ; ;12;513,107706017796
3363685;1;3;1; ; ; ; ; ; ; ; ; ; ; ; ;12;513,107706017796
3363685;1;4;2;2;68; ;2; ; ;1;2; ; ;1; ;12;513,107706017796
3363686;1;1;2;2;76; ;2; ; ;1;2; ; ;1; ;12;269,713865303319
3363686;1;2;2;2;44; ;2; ; ;1;2; ; ;1; ;12;269,713865303319
3363686;1;3;2;2;11; ;2; ; ;1;2; ; ;1; ;12;269,713865303319
3363686;1;4;2;2;11; ;2; ; ;1;2; ; ;1; ;12;269,713865303319
3363686;1;5;1; ; ; ; ; ; ; ; ; ; ; ; ;12;269,713865303319
3363686;1;6;2;2;08; ;3;08; ;1;2; ; ;1; ;12;269,713865303319
3363687;1;1;2;2;68; ;2; ; ;1;3;68; ;1; ;12;345,969803540269
3363687;1;2;2;2;68; ;3;68; ;1;2; ; ;1; ;12;345,969803540269
3363688;1;1;2;1; ; ;2; ; ;1;2; ; ;1; ;12;420,070654089634
3363688;1;2;2;2;68; ;2; ; ;1;2; ; ;1; ;12;420,070654089634
3363688;1;3;1; ; ; ; ; ; ; ; ; ; ; ; ;12;420,070654089634
3363688;1;4;1; ; ; ; ; ; ; ; ; ; ; ; ;12;420,070654089634
3363689;1;1;2;2;68; ;2; ; ;1;2; ; ;1; ;12;591,549127509973
3363689;1;2;2;2;68; ;2; ; ;1;2; ; ;1; ;12;591,549127509973
3363689;1;3;2;2;68; ;2; ; ;1;2; ; ;1; ;12;591,549127509973
3363689;1;4;2;2;68; ;2; ; ;1;2; ; ;1; ;12;591,549127509973
3363690;1;1;1; ; ; ; ; ; ; ; ; ; ; ; ;12;506,246305586592
3363694;1;1;2;2;68; ;2; ; ;1;2; ; ;1; ;12;597,504251826303
3363694;2;1;2;2;47; ;4; ;3; ;3;68; ;1; ;12;597,504251826303
3363695;1;1;2;2;68; ;2; ; ;1;2; ; ;1; ;12;306,950364369437
3363695;1;2;2;2;05; ;2; ; ;1;2; ; ;1; ;12;306,950364369437
3363695;1;3;2;2;68; ;2; ; ;1;2; ; ;1; ;12;306,950364369437
3363696;1;1;1; ; ; ; ; ; ; ; ; ; ; ; ;12;345,969803540269
3363696;1;2;2;2;68; ;2; ; ;1;2; ; ;1; ;12;345,969803540269
3363697;1;1;2;2;68; ;3;68; ;1;2; ; ;1; ;12;323,033259650951
3363697;1;2;2;2;68; ;3;68; ;1;2; ; ;1; ;12;323,033259650951
3363697;1;3;2;2;68; ;3;68; ;1;2; ; ;1; ;12;323,033259650951
3363698;1;1;2;2;68; ;2; ; ;1;2; ; ;1; ;12;514,73881711655
3363698;1;2;2;2;68; ;2; ; ;1;2; ; ;1; ;12;514,73881711655
3363698;1;3;2;2;68; ;2; ; ;1;2; ; ;1; ;12;514,73881711655
3363698;1;4;2;2;68; ;2; ; ;1;2; ; ;1; ;12;514,73881711655
3363698;1;5;2;2;68; ;2; ; ;1;2; ; ;1; ;12;514,73881711655
3363698;1;6;1; ; ; ; ; ; ; ; ; ; ; ; ;12;514,73881711655
3363699;1;1;2;2;11; ;2; ; ;1;2; ; ;1; ;12;655,227052529
3363699;1;2;2;2;68; ;2; ; ;1;2; ; ;1; ;12;655,227052529
3363699;1;3;1; ; ; ; ; ; ; ; ; ; ; ; ;12;655,227052529
3363699;1;4;1; ; ; ; ; ; ; ; ; ; ; ; ;12;655,227052529
3363700;1;1;2;2;68; ;2; ; ;1;2; ; ;1; ;12;551,50658968238
3363700;1;2;2;2;11; ;2; ; ;1;2; ; ;1; ;12;551,50658968238
3363700;1;3;1; ; ; ; ; ; ; ; ; ; ; ; ;12;551,50658968238
3363700;1;4;1; ; ; ; ; ; ; ; ; ; ; ; ;12;551,50658968238
3363701;1;1;2;2;68; ;2; ; ;1;2; ; ;1; ;12;608,129502296059
3363701;1;2;1; ; ; ; ; ; ; ; ; ; ; ; ;12;608,129502296059
3363701;1;3;2;2;68; ;2; ; ;1;2; ; ;1; ;12;608,129502296059
3363701;1;4;1; ; ; ; ; ; ; ; ; ; ; ; ;12;608,129502296059
3363704;1;1;2;2;25; ;2; ; ;1;2; ; ;1; ;12;567,21310911982
3363704;1;2;1; ; ; ; ; ; ; ; ; ; ; ; ;12;567,21310911982
3363704;2;1;2;2;68; ;2; ; ;1;2; ; ;1; ;12;567,21310911982
3363705;1;1;2;2;68; ;3;68; ;1;2; ; ;1; ;12;323,033259650951
3363705;1;2;2;2;68; ;3;68; ;1;2; ; ;1; ;12;323,033259650951
3363705;1;3;1; ; ; ; ; ; ; ; ; ; ; ; ;12;323,033259650951
3363706;1;1;2;2;68; ;2; ; ;1;2; ; ;1; ;12;415,118996365948
3363706;1;2;1; ; ; ; ; ; ; ; ; ; ; ; ;12;415,118996365948
3363706;1;3;1; ; ; ; ; ; ; ; ; ; ; ; ;12;415,118996365948
3363707;1;1;2;1; ; ;2; ; ;1;2; ; ;1; ;12;473,630665961245
3363707;1;2;2;2;73; ;2; ; ;1;2; ; ;1; ;12;473,630665961245
3363707;1;3;1; ; ; ; ; ; ; ; ; ; ; ; ;12;473,630665961245
3363710;1;1;2;2;08; ;2; ; ;1;2; ; ;1; ;12;576,018190047381
3363710;1;2;2;2;68; ;2; ; ;1;2; ; ;1; ;12;576,018190047381
3363710;1;3;2;2;68; ;2; ; ;1;2; ; ;1; ;12;576,018190047381
3363710;2;1;2;2;68; ;2; ; ;1;3;68; ;1; ;12;576,018190047381
3363710;2;2;2;1; ; ;2; ; ;1;3;68; ;1; ;12;576,018190047381
3363710;2;3;2;2;68; ;1; ; ; ;3;68; ;1; ;12;576,018190047381
3363710;2;4;1; ; ; ; ; ; ; ; ; ; ; ; ;12;576,018190047381
3363711;1;1;2;2;68; ;2; ; ;1;2; ; ;1; ;12;503,753166167247
3363711;1;2;2;2;68; ;2; ; ;1;2; ; ;1; ;12;503,753166167247
3363711;1;3;2;2;68; ;2; ; ;1;2; ; ;1; ;12;503,753166167247
3363711;1;4;1; ; ; ; ; ; ; ; ; ; ; ; ;12;503,753166167247
3363711;1;5;1; ; ; ; ; ; ; ; ; ; ; ; ;12;503,753166167247
3363712;1;1;1; ; ; ; ; ; ; ; ; ; ; ; ;12;359,011229887488
3363712;1;2;1; ; ; ; ; ; ; ; ; ; ; ; ;12;359,011229887488
3363712;1;3;1; ; ; ; ; ; ; ; ; ; ; ; ;12;359,011229887488
3363712;1;4;1; ; ; ; ; ; ; ; ; ; ; ; ;12;359,011229887488
3363713;1;1;2;2;68; ;2; ; ;1;2; ; ;1; ;12;449,094002928694
3363713;2;1;1; ; ; ; ; ; ; ; ; ; ; ; ;12;449,094002928694
3363713;3;1;1; ; ; ; ; ; ; ; ; ; ; ; ;12;449,094002928694
3363713;4;1;2;2;11; ;3;11; ;1;2; ; ;1; ;12;449,094002928694
3363714;1;1;2;1; ; ;2; ; ;1;2; ; ;1; ;12;538,036645280609
3363714;1;2;2;2;54; ;2; ; ;1;2; ; ;1; ;12;538,036645280609
3363714;1;3;2;2;54; ;2; ; ;1;2; ; ;1; ;12;538,036645280609
3363714;1;4;1; ; ; ; ; ; ; ; ; ; ; ; ;12;538,036645280609
3363715;1;1;1; ; ; ; ; ; ; ; ; ; ; ; ;12;528,137313333753
3363715;1;2;2;2;68; ;2; ; ;1;2; ; ;1; ;12;528,137313333753
3363715;1;3;1; ; ; ; ; ; ; ; ; ; ; ; ;12;528,137313333753
3363715;1;4;1; ; ; ; ; ; ; ; ; ; ; ; ;12;528,137313333753
3363715;1;5;2;2;68; ;3;68; ;1;3;68; ;1; ;12;528,137313333753
3363716;1;1;1; ; ; ; ; ; ; ; ; ; ; ; ;12;344,724192780538
3363716;1;2;1; ; ; ; ; ; ; ; ; ; ; ; ;12;344,724192780538
3363716;1;3;1; ; ; ; ; ; ; ; ; ; ; ; ;12;344,724192780538
3363716;1;4;1; ; ; ; ; ; ; ; ; ; ; ; ;12;344,724192780538
3363716;1;5;1; ; ; ; ; ; ; ; ; ; ; ; ;12;344,724192780538
3363716;1;6;1; ; ; ; ; ; ; ; ; ; ; ; ;12;344,724192780538
3363716;1;7;2;2;68; ;2; ; ;1;2; ; ;1; ;12;344,724192780538
3363717;1;1;2;2;68; ;2; ; ;1;2; ; ;1; ;12;561,80373782909
3363717;1;2;1; ; ; ; ; ; ; ; ; ; ; ; ;12;561,80373782909
3363717;1;3;1; ; ; ; ; ; ; ; ; ; ; ; ;12;561,80373782909
3363717;1;4;2;2;68; ;2; ; ;1;2; ; ;1; ;12;561,80373782909
3363717;2;1;2;2;47; ;3;47; ;1;2; ; ;1; ;12;561,80373782909
3363717;2;2;2;2;20; ;3;20; ;1;3;20; ;1; ;12;561,80373782909
3363717;2;3;2;2;20; ;3;20; ;1;3;20; ;1; ;12;561,80373782909
3363717;2;4;1; ; ; ; ; ; ; ; ; ; ; ; ;12;561,80373782909
3363717;3;1;1; ; ; ; ; ; ; ; ; ; ; ; ;12;561,80373782909
3363718;1;1;2;2;68; ;2; ; ;1;2; ; ;1; ;12;359,010223629101
3363718;1;2;2;2;68; ;2; ; ;1;2; ; ;1; ;12;359,010223629101
3363718;1;3;2;2;68; ;2; ; ;1;2; ; ;1; ;12;359,010223629101
3363718;1;4;1; ; ; ; ; ; ; ; ; ; ; ; ;12;359,010223629101
3363718;1;5;2;2;68; ;2; ; ;1;2; ; ;1; ;12;359,010223629101
3363719;1;1;2;2;68; ;2; ; ;1;2; ; ;1; ;12;475,372808236343
3363719;1;2;1; ; ; ; ; ; ; ; ; ; ; ; ;12;475,372808236343
3363719;1;3;1; ; ; ; ; ; ; ; ; ; ; ; ;12;475,372808236343
3363721;1;1;1; ; ; ; ; ; ; ; ; ; ; ; ;12;669,556317308704
3363721;1;2;2;2;68; ;2; ; ;1;2; ; ;1; ;12;669,556317308704
3363721;1;3;1; ; ; ; ; ; ; ; ; ; ; ; ;12;669,556317308704
3363721;1;4;1; ; ; ; ; ; ; ; ; ; ; ; ;12;669,556317308704
3363721;2;1;1; ; ; ; ; ; ; ; ; ; ; ; ;12;669,556317308704
3363721;2;2;1; ; ; ; ; ; ; ; ; ; ; ; ;12;669,556317308704
3363721;2;3;1; ; ; ; ; ; ; ; ; ; ; ; ;12;669,556317308704
3363721;2;4;1; ; ; ; ; ; ; ; ; ; ; ; ;12;669,556317308704
3363721;3;1;1; ; ; ; ; ; ; ; ; ; ; ; ;12;669,556317308704
3363721;3;2;1; ; ; ; ; ; ; ; ; ; ; ; ;12;669,556317308704
3363721;3;3;1; ; ; ; ; ; ; ; ; ; ; ; ;12;669,556317308704
3363721;3;4;1; ; ; ; ; ; ; ; ; ; ; ; ;12;669,556317308704
3363721;4;1;1; ; ; ; ; ; ; ; ; ; ; ; ;12;669,556317308704
3363721;4;2;1; ; ; ; ; ; ; ; ; ; ; ; ;12;669,556317308704
3363721;4;3;1; ; ; ; ; ; ; ; ; ; ; ; ;12;669,556317308704
3363722;1;1;1; ; ; ; ; ; ; ; ; ; ; ; ;12;392,764439360973
3363722;1;2;1; ; ; ; ; ; ; ; ; ; ; ; ;12;392,764439360973
3363722;1;3;1; ; ; ; ; ; ; ; ; ; ; ; ;12;392,764439360973
3363723;1;1;2;2;68; ;2; ; ;1;2; ; ;1; ;12;475,372808236343
3363723;1;2;1; ; ; ; ; ; ; ; ; ; ; ; ;12;475,372808236343
3363723;1;3;1; ; ; ; ; ; ; ; ; ; ; ; ;12;475,372808236343
3363724;1;1;1; ; ; ; ; ; ; ; ; ; ; ; ;12;628,120179601624
3363724;2;1;1; ; ; ; ; ; ; ; ; ; ; ; ;12;628,120179601624
3363724;3;1;1; ; ; ; ; ; ; ; ; ; ; ; ;12;628,120179601624
3363725;1;1;2;2;68; ;2; ; ;1;2; ; ;1; ;12;467,304282079931
3363726;1;1;2;2;20; ;2; ; ;1;2; ; ;1; ;12;441,619598762858
3363726;1;2;2;2;13; ;2; ; ;1;2; ; ;1; ;12;441,619598762858
3363726;1;3;1; ; ; ; ; ; ; ; ; ; ; ; ;12;441,619598762858
3363726;1;4;1; ; ; ; ; ; ; ; ; ; ; ; ;12;441,619598762858
3363727;1;1;1; ; ; ; ; ; ; ; ; ; ; ; ;12;511,737380529338
3363728;1;1;2;1; ; ;3;68; ;1;2; ; ;1; ;12;461,49671383438
3363728;1;2;2;1; ; ;3;68; ;1;2; ; ;1; ;12;461,49671383438
3363728;1;3;2;1; ; ;3;68; ;1;2; ; ;1; ;12;461,49671383438
3363728;2;1;2;2;20; ;2; ; ;1;2; ; ;1; ;12;461,49671383438
3363728;3;1;2;2;13; ;2; ; ;1;2; ; ;1; ;12;461,49671383438
3363728;4;1;2;2;13; ;3;68; ;1;4; ;3; ;2;12;461,49671383438
3363729;1;1;2;2;68; ;2; ; ;1;2; ; ;1; ;12;403,444328336895
3363729;1;2;2;2;54; ;2; ; ;1;2; ; ;1; ;12;403,444328336895
3363729;1;3;2;1; ; ;3;54; ;1;2; ; ;1; ;12;403,444328336895
3363729;1;4;1; ; ; ; ; ; ; ; ; ; ; ; ;12;403,444328336895
3363730;1;1;1; ; ; ; ; ; ; ; ; ; ; ; ;12;557,291529119534
3363730;1;2;2;2;68; ;3;68; ;2;2; ; ;1; ;12;557,291529119534
3363730;1;3;2;1; ; ;3;68; ;2;2; ; ;1; ;12;557,291529119534
3363730;1;4;2;1; ; ;3;68; ;2;2; ; ;1; ;12;557,291529119534
3363731;1;1;2;1; ; ;2; ; ;1;2; ; ;1; ;12;481,028619492235
3363731;1;2;2;2;13; ;2; ; ;1;2; ; ;1; ;12;481,028619492235
3363731;1;3;2;2;13; ;2; ; ;1;2; ; ;1; ;12;481,028619492235
3363731;1;4;2;2;13; ;2; ; ;1;2; ; ;1; ;12;481,028619492235
3363731;1;5;2;2;13; ;2; ; ;1;2; ; ;1; ;12;481,028619492235
3363732;1;1;2;2;68; ;3;68; ;1;2; ; ;1; ;12;400,663682580558
3363732;1;2;2;2;68; ;3;68; ;1;2; ; ;1; ;12;400,663682580558
3363733;1;1;2;2;68; ;2; ; ;1;2; ; ;1; ;12;381,365786892463
3363733;1;2;2;2;68; ;2; ; ;1;2; ; ;1; ;12;381,365786892463
3363733;1;3;1; ; ; ; ; ; ; ; ; ; ; ; ;12;381,365786892463
3363733;1;4;1; ; ; ; ; ; ; ; ; ; ; ; ;12;381,365786892463
3363734;1;1;2;2;05; ;2; ; ;1;2; ; ;1; ;12;482,539391614579
3363734;1;2;2;2;68; ;2; ; ;1;2; ; ;1; ;12;482,539391614579
3363734;1;3;1; ; ; ; ; ; ; ; ; ; ; ; ;12;482,539391614579
3363734;1;4;2;1; ; ;2; ; ;1;2; ; ;1; ;12;482,539391614579
3363734;1;5;2;1; ; ;2; ; ;1;2; ; ;1; ;12;482,539391614579
3363735;1;1;1; ; ; ; ; ; ; ; ; ; ; ; ;12;476,883580358687
3363735;1;2;1; ; ; ; ; ; ; ; ; ; ; ; ;12;476,883580358687
3363735;1;3;1; ; ; ; ; ; ; ; ; ; ; ; ;12;476,883580358687
3363736;1;1;2;2;68; ;2; ; ;1;2; ; ;1; ;12;428,718068948981
3363737;1;1;2;2;68; ;2; ; ;1;2; ; ;1; ;12;433,719349284887
3363737;1;2;2;2;68; ;2; ; ;1;2; ; ;1; ;12;433,719349284887
3363737;1;3;2;2;68; ;2; ; ;1;2; ; ;1; ;12;433,719349284887
3363737;1;4;2;2;68; ;2; ; ;1;2; ; ;1; ;12;433,719349284887
3363737;1;5;2;2;68; ;2; ; ;1;2; ; ;1; ;12;433,719349284887
3363737;1;6;1; ; ; ; ; ; ; ; ; ; ; ; ;12;433,719349284887
3363741;1;1;1; ; ; ; ; ; ; ; ; ; ; ; ;12;249,361341507608
3363741;1;2;1; ; ; ; ; ; ; ; ; ; ; ; ;12;249,361341507608
3363741;1;3;1; ; ; ; ; ; ; ; ; ; ; ; ;12;249,361341507608
3363741;1;4;2;3; ;3;4; ;3; ;2; ; ;1; ;12;249,361341507608
3363741;1;5;1; ; ; ; ; ; ; ; ; ; ; ; ;12;249,361341507608
3363741;1;6;1; ; ; ; ; ; ; ; ; ; ; ; ;12;249,361341507608
3363741;1;7;1; ; ; ; ; ; ; ; ; ; ; ; ;12;249,361341507608
3363742;1;1;1; ; ; ; ; ; ; ; ; ; ; ; ;12;403,487340186065
3363742;1;2;1; ; ; ; ; ; ; ; ; ; ; ; ;12;403,487340186065
3363743;1;1;1; ; ; ; ; ; ; ; ; ; ; ; ;12;368,686054167848
3363743;1;2;1; ; ; ; ; ; ; ; ; ; ; ; ;12;368,686054167848
3363743;1;3;1; ; ; ; ; ; ; ; ; ; ; ; ;12;368,686054167848
3363744;1;1;2;2;20; ;2; ; ;1;2; ; ;1; ;12;315,924531534207
3363744;1;2;2;2;68; ;2; ; ;1;2; ; ;1; ;12;315,924531534207
3363744;1;3;1; ; ; ; ; ; ; ; ; ; ; ; ;12;315,924531534207
3363744;1;4;1; ; ; ; ; ; ; ; ; ; ; ; ;12;315,924531534207
3363744;1;5;2;2;54; ;2; ; ;1;2; ; ;1; ;12;315,924531534207
3363745;1;1;1; ; ; ; ; ; ; ; ; ; ; ; ;12;309,79953520349
3363745;1;2;1; ; ; ; ; ; ; ; ; ; ; ; ;12;309,79953520349
3363745;1;3;1; ; ; ; ; ; ; ; ; ; ; ; ;12;309,79953520349
3363745;1;4;1; ; ; ; ; ; ; ; ; ; ; ; ;12;309,79953520349
3363745;1;5;1; ; ; ; ; ; ; ; ; ; ; ; ;12;309,79953520349
3363745;1;6;1; ; ; ; ; ; ; ; ; ; ; ; ;12;309,79953520349
3363746;1;1;1; ; ; ; ; ; ; ; ; ; ; ; ;12;309,702115931446
3363746;1;2;1; ; ; ; ; ; ; ; ; ; ; ; ;12;309,702115931446
3363746;1;3;2;2;68; ;2; ; ;1;2; ; ;1; ;12;309,702115931446
3363746;1;4;1; ; ; ; ; ; ; ; ; ; ; ; ;12;309,702115931446
3363746;1;5;2;2;68; ;2; ; ;1;2; ; ;1; ;12;309,702115931446
3363747;1;1;1; ; ; ; ; ; ; ; ; ; ; ; ;12;527,726370628766
3363747;1;2;2;2;11; ;3;68; ;1;2; ; ;1; ;12;527,726370628766
3363747;1;3;2;2;68; ;2; ; ;1;2; ; ;1; ;12;527,726370628766
3363747;1;4;2;2;68; ;2; ; ;1;2; ; ;1; ;12;527,726370628766
3363747;1;5;1; ; ; ; ; ; ; ; ; ; ; ; ;12;527,726370628766
3363748;1;1;1; ; ; ; ; ; ; ; ; ; ; ; ;12;221,344583676036
3363748;1;2;1; ; ; ; ; ; ; ; ; ; ; ; ;12;221,344583676036
3363748;1;3;1; ; ; ; ; ; ; ; ; ; ; ; ;12;221,344583676036
3363748;1;4;1; ; ; ; ; ; ; ; ; ; ; ; ;12;221,344583676036
3363748;1;5;2;2;20; ;2; ; ;1;2; ; ;1; ;12;221,344583676036
3363749;1;1;1; ; ; ; ; ; ; ; ; ; ; ; ;12;442,073553317015
3363749;1;2;2;2;63; ;2; ; ;1;2; ; ;1; ;12;442,073553317015
3363750;1;1;2;2;11; ;2; ; ;1;2; ; ;1; ;12;446,638276179005
3363750;1;2;1; ; ; ; ; ; ; ; ; ; ; ; ;12;446,638276179005
3363750;1;3;2;2;68; ;2; ; ;1;2; ; ;1; ;12;446,638276179005
3363750;1;4;2;2;68; ;2; ; ;1;2; ; ;1; ;12;446,638276179005
3363750;1;5;2;2;68; ;2; ; ;1;2; ; ;1; ;12;446,638276179005
3363750;1;6;1; ; ; ; ; ; ; ; ; ; ; ; ;12;446,638276179005
3363751;1;1;2;2;54; ;2; ; ;1;2; ; ;1; ;12;489,828122021733
3363751;1;2;2;2;68; ;2; ; ;1;2; ; ;1; ;12;489,828122021733
3363751;1;3;2;2;68; ;2; ; ;1;2; ; ;1; ;12;489,828122021733
3363751;1;4;2;2;68; ;2; ; ;1;2; ; ;1; ;12;489,828122021733
3363752;1;1;2;2;68; ;3;68; ;1;2; ; ;1; ;12;373,201072912758
3363752;1;2;2;2;68; ;2; ; ;1;2; ; ;1; ;12;373,201072912758
3363752;2;1;2;2;68; ;2; ; ;1;2; ; ;1; ;12;373,201072912758
3363753;1;1;2;2;68; ;2; ; ;1;2; ; ;1; ;12;313,74992550822
3363753;2;1;2;2;68; ;3;68; ;1;2; ; ;1; ;12;313,74992550822
3363754;1;1;2;2;68; ;2; ; ;1;2; ; ;1; ;12;398,882236904193
3363755;1;1;1; ; ; ; ; ; ; ; ; ; ; ; ;12;323,583746409272
3363755;1;2;1; ; ; ; ; ; ; ; ; ; ; ; ;12;323,583746409272
3363755;1;3;1; ; ; ; ; ; ; ; ; ; ; ; ;12;323,583746409272
3363755;1;4;1; ; ; ; ; ; ; ; ; ; ; ; ;12;323,583746409272
3363758;1;1;2;2;68; ;2; ; ;1;2; ; ;1; ;12;269,40394502089
3363758;1;2;2;2;68; ;2; ; ;1;2; ; ;1; ;12;269,40394502089
3363758;1;3;2;2;68; ;2; ; ;1;2; ; ;1; ;12;269,40394502089
3363758;1;4;1; ; ; ; ; ; ; ; ; ; ; ; ;12;269,40394502089
3363758;1;5;2;2;68; ;2; ; ;1;2; ; ;1; ;12;269,40394502089
3363759;1;1;1; ; ; ; ; ; ; ; ; ; ; ; ;12;288,332227976978
3363759;1;2;1; ; ; ; ; ; ; ; ; ; ; ; ;12;288,332227976978
3363759;1;3;1; ; ; ; ; ; ; ; ; ; ; ; ;12;288,332227976978
3363759;1;4;1; ; ; ; ; ; ; ; ; ; ; ; ;12;288,332227976978
3363759;2;1;1; ; ; ; ; ; ; ; ; ; ; ; ;12;288,332227976978
3363759;2;2;2;2;68; ;2; ; ;1;2; ; ;1; ;12;288,332227976978
3363759;2;3;1; ; ; ; ; ; ; ; ; ; ; ; ;12;288,332227976978
3363760;1;1;1; ; ; ; ; ; ; ; ; ; ; ; ;12;300,078799545134
3363760;1;2;1; ; ; ; ; ; ; ; ; ; ; ; ;12;300,078799545134
3363760;1;3;2;2;68; ;2; ; ;1;2; ; ;1; ;12;300,078799545134
3363760;1;4;2;2;68; ;2; ; ;1;2; ; ;1; ;12;300,078799545134
3363760;1;5;2;2;68; ;2; ; ;1;2; ; ;1; ;12;300,078799545134
3363760;1;6;2;2;68; ;2; ; ;1;2; ; ;1; ;12;300,078799545134
3363761;1;1;2;2;17; ;2; ; ;1;2; ; ;1; ;12;519,657844472354
3363761;1;2;1; ; ; ; ; ; ; ; ; ; ; ; ;12;519,657844472354
3363761;1;3;1; ; ; ; ; ; ; ; ; ; ; ; ;12;519,657844472354
3363762;1;1;2;2;68; ;2; ; ;1;2; ; ;1; ;12;426,063694280301
3363762;1;2;2;2;68; ;2; ; ;1;2; ; ;1; ;12;426,063694280301
3363762;1;3;1; ; ; ; ; ; ; ; ; ; ; ; ;12;426,063694280301
3363762;1;4;1; ; ; ; ; ; ; ; ; ; ; ; ;12;426,063694280301
3363763;1;1;1; ; ; ; ; ; ; ; ; ; ; ; ;12;417,99516812389
3363763;1;2;2;2;68; ;2; ; ;1;2; ; ;1; ;12;417,99516812389
3363764;1;1;2;2;68; ;2; ; ;1;2; ; ;1; ;12;470,984180887796
3363764;1;2;2;2;68; ;2; ; ;1;2; ; ;1; ;12;470,984180887796
3363764;1;3;2;2;11; ;3;68; ;1;2; ; ;1; ;12;470,984180887796
3363764;1;4;1; ; ; ; ; ; ; ; ; ; ; ; ;12;470,984180887796
3363765;1;1;1; ; ; ; ; ; ; ; ; ; ; ; ;12;326,123839861599
3363765;1;2;1; ; ; ; ; ; ; ; ; ; ; ; ;12;326,123839861599
3363765;2;1;1; ; ; ; ; ; ; ; ; ; ; ; ;12;326,123839861599
3363765;2;2;1; ; ; ; ; ; ; ; ; ; ; ; ;12;326,123839861599
3363766;1;1;1; ; ; ; ; ; ; ; ; ; ; ; ;12;325,60064469892
3363766;1;2;2;2;68; ;2; ; ;1;2; ; ;1; ;12;325,60064469892
3363766;1;3;1; ; ; ; ; ; ; ; ; ; ; ; ;12;325,60064469892
3363766;1;4;1; ; ; ; ; ; ; ; ; ; ; ; ;12;325,60064469892
3363767;1;1;1; ; ; ; ; ; ; ; ; ; ; ; ;12;365,059178292394
3363767;1;2;2;2;20; ;2; ; ;1;2; ; ;1; ;12;365,059178292394
3363767;1;3;1; ; ; ; ; ; ; ; ; ; ; ; ;12;365,059178292394
3363767;1;4;1; ; ; ; ; ; ; ; ; ; ; ; ;12;365,059178292394
3363768;1;1;1; ; ; ; ; ; ; ; ; ; ; ; ;12;330,624518821769
3363768;1;2;2;2;68; ;2; ; ;1;2; ; ;1; ;12;330,624518821769
3363768;1;3;1; ; ; ; ; ; ; ; ; ; ; ; ;12;330,624518821769
3363768;1;4;1; ; ; ; ; ; ; ; ; ; ; ; ;12;330,624518821769
3363769;1;1;2;2;20; ;2; ; ;1;2; ; ;1; ;12;363,661441221306
3363769;1;2;2;2;68; ;2; ; ;1;2; ; ;1; ;12;363,661441221306
3363770;1;1;1; ; ; ; ; ; ; ; ; ; ; ; ;12;357,987683130491
3363770;1;2;1; ; ; ; ; ; ; ; ; ; ; ; ;12;357,987683130491
3363770;1;3;1; ; ; ; ; ; ; ; ; ; ; ; ;12;357,987683130491
3363770;1;4;1; ; ; ; ; ; ; ; ; ; ; ; ;12;357,987683130491
3363770;1;5;1; ; ; ; ; ; ; ; ; ; ; ; ;12;357,987683130491
3363770;1;6;1; ; ; ; ; ; ; ; ; ; ; ; ;12;357,987683130491
3363771;1;1;1; ; ; ; ; ; ; ; ; ; ; ; ;12;977,573486846171
3363771;1;2;1; ; ; ; ; ; ; ; ; ; ; ; ;12;977,573486846171
3363771;1;3;2;2;76; ;1; ; ; ;2; ; ;1; ;12;977,573486846171
3363771;1;4;1; ; ; ; ; ; ; ; ; ; ; ; ;12;977,573486846171
3363771;1;5;1; ; ; ; ; ; ; ; ; ; ; ; ;12;977,573486846171
3363771;1;6;2;2;76; ;3;76; ;1;3;76; ;1; ;12;977,573486846171
3363771;1;7;2;1; ; ;2; ; ;1;3;76; ;1; ;12;977,573486846171
3363772;1;1;1; ; ; ; ; ; ; ; ; ; ; ; ;12;1258,91191398326
3363772;1;2;1; ; ; ; ; ; ; ; ; ; ; ; ;12;1258,91191398326
3363772;1;3;1; ; ; ; ; ; ; ; ; ; ; ; ;12;1258,91191398326
3363772;1;4;1; ; ; ; ; ; ; ; ; ; ; ; ;12;1258,91191398326
3363773;1;1;2;2;05; ;2; ; ;1;2; ; ;1; ;12;584,290772913044
3363774;1;1;2;2;68; ;3;05; ;1;2; ; ;1; ;12;521,323663512156
3363774;1;2;2;2;68; ;3;05; ;1;2; ; ;1; ;12;521,323663512156
3363774;1;3;2;2;05; ;3;05; ;1;2; ; ;1; ;12;521,323663512156
3363774;1;4;2;2;05; ;3;05; ;1;2; ; ;1; ;12;521,323663512156
3363775;1;1;2;2;05; ;2; ; ;1;2; ; ;1; ;12;549,775484062364
3363775;1;2;2;2;05; ;2; ; ;1;2; ; ;1; ;12;549,775484062364
3363775;1;3;2;2;05; ;2; ; ;1;2; ; ;1; ;12;549,775484062364
3363775;1;4;2;2;05; ;2; ; ;1;2; ; ;1; ;12;549,775484062364
3363775;1;5;2;2;05; ;2; ; ;1;2; ; ;1; ;12;549,775484062364
3363775;1;6;2;2;05; ;3;05; ;1;2; ; ;1; ;12;549,775484062364
3363775;1;7;2;2;05; ;3;05; ;1;2; ; ;1; ;12;549,775484062364
3363778;1;1;1; ; ; ; ; ; ; ; ; ; ; ; ;12;828,45445069948
3363778;1;2;2;2;05; ;2; ; ;1;2; ; ;1; ;12;828,45445069948
3363778;1;3;1; ; ; ; ; ; ; ; ; ; ; ; ;12;828,45445069948
3363778;1;4;2;2;05; ;2; ; ;1;2; ; ;1; ;12;828,45445069948
3363786;1;1;2;1; ; ;3;11; ;1;2; ; ;1; ;12;1304,61401855144
3363786;1;2;2;2;11; ;3;11; ;1;2; ; ;1; ;12;1304,61401855144
3363786;1;3;2;2;11; ;3;11; ;1;2; ; ;1; ;12;1304,61401855144
3363787;1;1;1; ; ; ; ; ; ; ; ; ; ; ; ;12;660,889165853565
3363787;1;2;1; ; ; ; ; ; ; ; ; ; ; ; ;12;660,889165853565
3363787;1;3;1; ; ; ; ; ; ; ; ; ; ; ; ;12;660,889165853565
3363787;1;4;1; ; ; ; ; ; ; ; ; ; ; ; ;12;660,889165853565
3363788;1;1;1; ; ; ; ; ; ; ; ; ; ; ; ;12;742,680278673734
3363788;1;2;2;2;05; ;2; ; ;1;2; ; ;1; ;12;742,680278673734
3363788;1;3;1; ; ; ; ; ; ; ; ; ; ; ; ;12;742,680278673734
3363788;1;4;1; ; ; ; ; ; ; ; ; ; ; ; ;12;742,680278673734
3363789;1;1;2;2;05; ;2; ; ;1;2; ; ;1; ;12;622,049113084664
3363789;1;2;1; ; ; ; ; ; ; ; ; ; ; ; ;12;622,049113084664
3363791;1;1;2;2;05; ;2; ; ;1;2; ; ;1; ;12;879,353377929444
3363791;1;2;2;2;05; ;2; ; ;1;2; ; ;1; ;12;879,353377929444
3363791;1;3;1; ; ; ; ; ; ; ; ; ; ; ; ;12;879,353377929444
3363791;1;4;2;1; ; ;3;17; ;1;2; ; ;1; ;12;879,353377929444
3363791;1;5;2;2;52; ;2; ; ;1;2; ; ;1; ;12;879,353377929444
3363799;1;1;2;2;27; ;2; ; ;1;2; ; ;1; ;12;1320,04605851312
3363799;1;2;1; ; ; ; ; ; ; ; ; ; ; ; ;12;1320,04605851312
3363799;1;3;1; ; ; ; ; ; ; ; ; ; ; ; ;12;1320,04605851312
3363799;1;4;2;2;27; ;3;23; ;1;2; ; ;1; ;12;1320,04605851312
3363801;1;1;2;2;05; ;2; ; ;1;2; ; ;1; ;12;1203,32301565633
3363802;1;1;1; ; ; ; ; ; ; ; ; ; ; ; ;12;1203,32301565633
3363803;1;1;1; ; ; ; ; ; ; ; ; ; ; ; ;12;1259,14044287823
3363804;1;1;1; ; ; ; ; ; ; ; ; ; ; ; ;12;425,042932076003
3363804;1;2;1; ; ; ; ; ; ; ; ; ; ; ; ;12;425,042932076003
3363804;1;3;1; ; ; ; ; ; ; ; ; ; ; ; ;12;425,042932076003
3363804;1;4;1; ; ; ; ; ; ; ; ; ; ; ; ;12;425,042932076003
3363805;1;1;1; ; ; ; ; ; ; ; ; ; ; ; ;12;584,290772913044
3363806;1;1;2;2;05; ;2; ; ;1;2; ; ;1; ;12;694,617428911493
3363806;1;2;1; ; ; ; ; ; ; ; ; ; ; ; ;12;694,617428911493
3363815;1;1;2;2;05; ;2; ; ;1;2; ; ;1; ;12;1091,87121867036
3363815;1;2;1; ; ; ; ; ; ; ; ; ; ; ; ;12;1091,87121867036
3363815;1;3;1; ; ; ; ; ; ; ; ; ; ; ; ;12;1091,87121867036
3363816;1;1;1; ; ; ; ; ; ; ; ; ; ; ; ;12;1203,32301565633
3363818;1;1;1; ; ; ; ; ; ; ; ; ; ; ; ;12;1175,27730187932
3363818;1;2;1; ; ; ; ; ; ; ; ; ; ; ; ;12;1175,27730187932
3363818;1;3;1; ; ; ; ; ; ; ; ; ; ; ; ;12;1175,27730187932
3363818;1;4;1; ; ; ; ; ; ; ; ; ; ; ; ;12;1175,27730187932
3363818;1;5;1; ; ; ; ; ; ; ; ; ; ; ; ;12;1175,27730187932
3363820;1;1;1; ; ; ; ; ; ; ; ; ; ; ; ;12;1270,20589244173
3363820;1;2;1; ; ; ; ; ; ; ; ; ; ; ; ;12;1270,20589244173
3363821;1;1;2;1; ; ;2; ; ;1;2; ; ;1; ;12;1202,24088013282
3363822;1;1;2;2;73; ;2; ; ;1;2; ; ;1; ;12;1243,47084308321
3363822;1;2;2;2;17; ;2; ; ;1;2; ; ;1; ;12;1243,47084308321
3363822;1;3;2;2;17; ;2; ; ;1;2; ; ;1; ;12;1243,47084308321
3363823;1;1;1; ; ; ; ; ; ; ; ; ; ; ; ;12;800,819554931661
3363823;1;2;1; ; ; ; ; ; ; ; ; ; ; ; ;12;800,819554931661
3363823;1;3;1; ; ; ; ; ; ; ; ; ; ; ; ;12;800,819554931661
3363823;1;4;1; ; ; ; ; ; ; ; ; ; ; ; ;12;800,819554931661
3363825;1;1;1; ; ; ; ; ; ; ; ; ; ; ; ;12;935,089108508848
3363825;1;2;2;2;05; ;2; ; ;1;2; ; ;1; ;12;935,089108508848
3363825;1;3;1; ; ; ; ; ; ; ; ; ; ; ; ;12;935,089108508848
3363825;1;4;1; ; ; ; ; ; ; ; ; ; ; ; ;12;935,089108508848
3363826;1;1;2;2;05; ;2; ; ;1;2; ; ;1; ;12;1122,98188936543
3363826;1;2;1; ; ; ; ; ; ; ; ; ; ; ; ;12;1122,98188936543
3363827;1;1;1; ; ; ; ; ; ; ; ; ; ; ; ;12;1034,97165592494
3363827;1;2;2;2;05; ;2; ; ;1;2; ; ;1; ;12;1034,97165592494
3363827;1;3;2;2;05; ;2; ; ;1;2; ; ;1; ;12;1034,97165592494
3363828;1;1;2;2;05; ;2; ; ;1;2; ; ;1; ;12;1309,00731673068
3363828;1;2;2;2;05; ;2; ; ;1;2; ; ;1; ;12;1309,00731673068
3363828;1;3;2;2;05; ;2; ; ;1;2; ; ;1; ;12;1309,00731673068
3363828;1;4;1; ; ; ; ; ; ; ; ; ; ; ; ;12;1309,00731673068
3363828;1;5;2;2;05; ;2; ; ;1;2; ; ;1; ;12;1309,00731673068
3363829;1;1;1; ; ; ; ; ; ; ; ; ; ; ; ;12;1376,9723290396
3363829;1;2;1; ; ; ; ; ; ; ; ; ; ; ; ;12;1376,9723290396
3363829;1;3;1; ; ; ; ; ; ; ; ; ; ; ; ;12;1376,9723290396
3363829;2;1;1; ; ; ; ; ; ; ; ; ; ; ; ;12;1376,9723290396
3363829;2;2;1; ; ; ; ; ; ; ; ; ; ; ; ;12;1376,9723290396
3363829;2;3;1; ; ; ; ; ; ; ; ; ; ; ; ;12;1376,9723290396
3363830;1;1;2;2;05; ;2; ; ;1;2; ; ;1; ;12;1326,02331966363
3363830;1;2;2;2;05; ;2; ; ;1;2; ; ;1; ;12;1326,02331966363
3363831;1;1;1; ; ; ; ; ; ; ; ; ; ; ; ;12;1246,76432889624
3363831;1;2;2;2;17; ;2; ; ;1;2; ; ;1; ;12;1246,76432889624
3363831;1;3;2;2;66; ;2; ; ;1;2; ; ;1; ;12;1246,76432889624
3363834;1;1;1; ; ; ; ; ; ; ; ; ; ; ; ;12;1039,34727726149
3363834;1;2;1; ; ; ; ; ; ; ; ; ; ; ; ;12;1039,34727726149
3363834;1;3;1; ; ; ; ; ; ; ; ; ; ; ; ;12;1039,34727726149
3363835;1;1;1; ; ; ; ; ; ; ; ; ; ; ; ;12;1478,32648021455
3363835;1;2;1; ; ; ; ; ; ; ; ; ; ; ; ;12;1478,32648021455
3363835;1;3;1; ; ; ; ; ; ; ; ; ; ; ; ;12;1478,32648021455
3363835;1;4;1; ; ; ; ; ; ; ; ; ; ; ; ;12;1478,32648021455
3363835;1;5;2;2;05; ;2; ; ;1;2; ; ;1; ;12;1478,32648021455
3363836;1;1;1; ; ; ; ; ; ; ; ; ; ; ; ;12;1416,08349238011
3363836;1;2;1; ; ; ; ; ; ; ; ; ; ; ; ;12;1416,08349238011
3363836;1;3;1; ; ; ; ; ; ; ; ; ; ; ; ;12;1416,08349238011
3363837;1;1;1; ; ; ; ; ; ; ; ; ; ; ; ;12;1058,87154803966
3363837;1;2;2;2;54; ;2; ; ;1;2; ; ;1; ;12;1058,87154803966
3363837;1;3;1; ; ; ; ; ; ; ; ; ; ; ; ;12;1058,87154803966
3363837;1;4;1; ; ; ; ; ; ; ; ; ; ; ; ;12;1058,87154803966
3363837;1;5;1; ; ; ; ; ; ; ; ; ; ; ; ;12;1058,87154803966
3363838;1;1;1; ; ; ; ; ; ; ; ; ; ; ; ;12;1258,91191398326
3363838;1;2;1; ; ; ; ; ; ; ; ; ; ; ; ;12;1258,91191398326
3363838;1;3;1; ; ; ; ; ; ; ; ; ; ; ; ;12;1258,91191398326
3363838;1;4;1; ; ; ; ; ; ; ; ; ; ; ; ;12;1258,91191398326
3363839;1;1;2;2;11; ;2; ; ;1;2; ; ;1; ;12;1379,71815671817
3363839;1;2;1; ; ; ; ; ; ; ; ; ; ; ; ;12;1379,71815671817
3363839;1;3;1; ; ; ; ; ; ; ; ; ; ; ; ;12;1379,71815671817
3363839;1;4;1; ; ; ; ; ; ; ; ; ; ; ; ;12;1379,71815671817
3363839;1;5;2;2;05; ;2; ; ;1;2; ; ;1; ;12;1379,71815671817
3363839;1;6;1; ; ; ; ; ; ; ; ; ; ; ; ;12;1379,71815671817
3363839;1;7;1; ; ; ; ; ; ; ; ; ; ; ; ;12;1379,71815671817
3363839;1;8;2;2;05; ;2; ; ;1;2; ; ;1; ;12;1379,71815671817
3363840;1;1;2;2;76; ;2; ; ;1;2; ; ;1; ;12;962,141446884494
3363840;1;2;1; ; ; ; ; ; ; ; ; ; ; ; ;12;962,141446884494
3363840;1;3;2;2;76; ;3;76; ;1;3;76; ;1; ;12;962,141446884494
3363840;1;4;2;2;76; ;3;76; ;1;3;76; ;1; ;12;962,141446884494
3363840;1;5;2;2;76; ;2; ; ;1;2; ; ;1; ;12;962,141446884494
3363840;1;6;2;2;76; ;2; ; ;1;2; ; ;1; ;12;962,141446884494
3363841;1;1;1; ; ; ; ; ; ; ; ; ; ; ; ;12;994,200021543781
3363841;1;2;1; ; ; ; ; ; ; ; ; ; ; ; ;12;994,200021543781
3363841;1;3;1; ; ; ; ; ; ; ; ; ; ; ; ;12;994,200021543781
3363841;1;4;1; ; ; ; ; ; ; ; ; ; ; ; ;12;994,200021543781
3363842;1;1;1; ; ; ; ; ; ; ; ; ; ; ; ;12;828,01293285942
3363842;1;2;2;2;05; ;2; ; ;1;2; ; ;1; ;12;828,01293285942
3363842;1;3;1; ; ; ; ; ; ; ; ; ; ; ; ;12;828,01293285942
3363842;2;1;1; ; ; ; ; ; ; ; ; ; ; ; ;12;828,01293285942
3363842;2;2;1; ; ; ; ; ; ; ; ; ; ; ; ;12;828,01293285942
3363842;2;3;1; ; ; ; ; ; ; ; ; ; ; ; ;12;828,01293285942
3363843;1;1;1; ; ; ; ; ; ; ; ; ; ; ; ;12;1017,64158508927
3363843;1;2;2;2;05; ;2; ; ;1;2; ; ;1; ;12;1017,64158508927
3363843;1;3;1; ; ; ; ; ; ; ; ; ; ; ; ;12;1017,64158508927
3363844;1;1;2;2;70; ;2; ; ;1;2; ; ;1; ;12;1118,60626802888
3363844;1;2;1; ; ; ; ; ; ; ; ; ; ; ; ;12;1118,60626802888
3363845;1;1;2;2;05; ;3;05; ;1;2; ; ;1; ;12;1264,48386796725
3363845;1;2;1; ; ; ; ; ; ; ; ; ; ; ; ;12;1264,48386796725
3363845;1;3;1; ; ; ; ; ; ; ; ; ; ; ; ;12;1264,48386796725
3363847;1;1;2;2;05; ;3;13; ;1;2; ; ;1; ;12;949,676572780353
3363847;1;2;2;2;13; ;3;13; ;1;3;13; ;1; ;12;949,676572780353
3363849;1;1;1; ; ; ; ; ; ; ; ; ; ; ; ;12;1124,06402488895
3363849;1;2;1; ; ; ; ; ; ; ; ; ; ; ; ;12;1124,06402488895
3363850;1;1;2;2;17; ;2; ; ;1;2; ; ;1; ;12;1185,22487719987
3363850;1;2;1; ; ; ; ; ; ; ; ; ; ; ; ;12;1185,22487719987
3363850;1;3;2;2;05; ;2; ; ;1;2; ; ;1; ;12;1185,22487719987
3363850;1;4;2;2;05; ;2; ; ;1;2; ; ;1; ;12;1185,22487719987
3363852;1;1;1; ; ; ; ; ; ; ; ; ; ; ; ;12;1337,08876922713
3363852;1;2;1; ; ; ; ; ; ; ; ; ; ; ; ;12;1337,08876922713
3363852;1;3;1; ; ; ; ; ; ; ; ; ; ; ; ;12;1337,08876922713
3363854;1;1;2;2;05; ;2; ; ;1;2; ; ;1; ;12;1259,14044287823
3363855;1;1;2;2;05; ;2; ; ;1;2; ; ;1; ;12;1119,68840355239
3363855;1;2;1; ; ; ; ; ; ; ; ; ; ; ; ;12;1119,68840355239
3363857;1;1;2;1; ; ;2; ; ;1;2; ; ;1; ;12;1175,50583077429
3363857;1;2;2;2;05; ;2; ; ;1;2; ; ;1; ;12;1175,50583077429
3363858;1;1;1; ; ; ; ; ; ; ; ; ; ; ; ;12;1203,32301565633
3363859;1;1;2;1; ; ;3;76; ;1;2; ; ;1; ;12;950,758708303871
3363859;1;2;2;2;76; ;4; ;1; ;4; ;1; ;4;12;950,758708303871
3363860;1;1;2;2;05; ;2; ; ;1;2; ; ;1; ;12;1175,50583077429
3363860;1;2;2;2;05; ;2; ; ;1;2; ; ;1; ;12;1175,50583077429
3363861;1;1;2;2;05; ;2; ; ;1;2; ; ;1; ;12;1372,57903086035
3363861;1;2;2;2;05; ;2; ; ;1;2; ; ;1; ;12;1372,57903086035
3363861;1;3;1; ; ; ; ; ; ; ; ; ; ; ; ;12;1372,57903086035
3363861;1;4;1; ; ; ; ; ; ; ; ; ; ; ; ;12;1372,57903086035
3363862;1;1;1; ; ; ; ; ; ; ; ; ; ; ; ;12;1321,39246165104
3363862;1;2;1; ; ; ; ; ; ; ; ; ; ; ; ;12;1321,39246165104
3363862;1;3;1; ; ; ; ; ; ; ; ; ; ; ; ;12;1321,39246165104
3363865;1;1;2;2;05; ;2; ; ;1;2; ; ;1; ;12;1378,31873217753
3363865;1;2;2;2;05; ;3;05; ;1;3;05; ;1; ;12;1378,31873217753
3363865;1;3;2;2;05; ;2; ; ;1;2; ; ;1; ;12;1378,31873217753
3363865;1;4;2;2;05; ;3;05; ;2;2; ; ;1; ;12;1378,31873217753
3363865;1;5;2;2;05; ;3;05; ;1;2; ; ;1; ;12;1378,31873217753
3363866;1;1;1; ; ; ; ; ; ; ; ; ; ; ; ;12;799,159083891015
3363866;1;2;1; ; ; ; ; ; ; ; ; ; ; ; ;12;799,159083891015
3363867;1;1;2;2;05; ;3;05; ;1;2; ; ;1; ;12;884,4541670356
3363867;1;2;2;2;05; ;2; ; ;1;2; ; ;1; ;12;884,4541670356
3363867;1;3;2;2;05; ;2; ; ;1;2; ; ;1; ;12;884,4541670356
3363868;1;1;2;2;73; ;2; ; ;1;2; ; ;1; ;12;1460,87120875795
3363868;1;2;1; ; ; ; ; ; ; ; ; ; ; ; ;12;1460,87120875795
3363868;1;3;1; ; ; ; ; ; ; ; ; ; ; ; ;12;1460,87120875795
3363868;1;4;1; ; ; ; ; ; ; ; ; ; ; ; ;12;1460,87120875795
3363869;1;1;2;2;05; ;2; ; ;1;2; ; ;1; ;12;1051,72339124348
3363870;1;1;1; ; ; ; ; ; ; ; ; ; ; ; ;12;1574,67033424878
3363870;2;1;2;2;05; ;2; ; ;1;2; ; ;1; ;12;1574,67033424878
3363870;3;1;1; ; ; ; ; ; ; ; ; ; ; ; ;12;1574,67033424878
3363870;4;1;1; ; ; ; ; ; ; ; ; ; ; ; ;12;1574,67033424878
3363873;1;1;2;2;05; ;2; ; ;1;2; ; ;1; ;12;1119,68840355239
3363873;1;2;2;2;05; ;2; ; ;1;2; ; ;1; ;12;1119,68840355239
3363874;1;1;2;2;05; ;3;05; ;1;3;05; ;1; ;12;1270,20589244173
3363874;1;2;1; ; ; ; ; ; ; ; ; ; ; ; ;12;1270,20589244173
3363875;1;1;1; ; ; ; ; ; ; ; ; ; ; ; ;12;803,534705227566
3363875;1;2;2;2;05; ;2; ; ;1;2; ; ;1; ;12;803,534705227566
3363876;1;1;1; ; ; ; ; ; ; ; ; ; ; ; ;12;1187,65341586131
3363876;1;2;1; ; ; ; ; ; ; ; ; ; ; ; ;12;1187,65341586131
3363876;1;3;1; ; ; ; ; ; ; ; ; ; ; ; ;12;1187,65341586131
3363877;1;1;2;2;05; ;3;05; ;1;2; ; ;1; ;12;1321,39246165104
3363877;1;2;1; ; ; ; ; ; ; ; ; ; ; ; ;12;1321,39246165104
3363877;1;3;1; ; ; ; ; ; ; ; ; ; ; ; ;12;1321,39246165104
3363878;1;1;2;2;05; ;3;05; ;1;3;66; ;1; ;12;949,676572780353
3363878;1;2;2;1; ; ;2; ; ;1;3;66; ;1; ;12;949,676572780353
3363879;1;1;2;2;05; ;3;05; ;1;2; ; ;1; ;12;1270,20589244173
3363879;1;2;2;2;05; ;3;05; ;1;2; ; ;1; ;12;1270,20589244173
3363880;1;1;2;2;05; ;2; ; ;1;2; ; ;1; ;12;1467,27006158942
3363880;1;2;2;2;05; ;2; ; ;1;2; ; ;1; ;12;1467,27006158942
3363880;1;3;2;2;05; ;2; ; ;1;2; ; ;1; ;12;1467,27006158942
3363880;1;4;2;2;05; ;1; ; ; ;2; ; ;1; ;12;1467,27006158942
3363882;1;1;1; ; ; ; ; ; ; ; ; ; ; ; ;12;968,088779139539
3363882;1;2;1; ; ; ; ; ; ; ; ; ; ; ; ;12;968,088779139539
3363883;1;1;2;2;05; ;2; ; ;1;2; ; ;1; ;12;1203,32301565633
3363884;1;1;2;2;05; ;3;05; ;1;3;05; ;1; ;12;882,793695994954
3363885;1;1;2;2;05; ;3;05; ;1;2; ; ;1; ;12;1056,09901258003
3363886;1;1;2;2;05; ;3;05; ;1;3;05; ;1; ;12;1056,09901258003
3363887;1;1;2;2;05; ;2; ; ;1;2; ; ;1; ;12;1314,72934120516
3363887;1;2;2;2;05; ;2; ; ;1;2; ; ;1; ;12;1314,72934120516
3363887;1;3;2;2;05; ;2; ; ;1;2; ; ;1; ;12;1314,72934120516
3363887;1;4;2;2;05; ;2; ; ;1;2; ; ;1; ;12;1314,72934120516
3363888;1;1;2;2;05; ;2; ; ;1;2; ; ;1; ;12;1375,89019351608
3363888;1;2;2;2;05; ;2; ; ;1;2; ; ;1; ;12;1375,89019351608
3363888;1;3;1; ; ; ; ; ; ; ; ; ; ; ; ;12;1375,89019351608
3363888;1;4;1; ; ; ; ; ; ; ; ; ; ; ; ;12;1375,89019351608
3363888;1;5;1; ; ; ; ; ; ; ; ; ; ; ; ;12;1375,89019351608
3363888;1;6;1; ; ; ; ; ; ; ; ; ; ; ; ;12;1375,89019351608
3363889;1;1;2;2;05; ;2; ; ;1;2; ; ;1; ;12;1237,7578495471
3363889;1;2;1; ; ; ; ; ; ; ; ; ; ; ; ;12;1237,7578495471
3363889;1;3;2;2;05; ;2; ; ;1;2; ; ;1; ;12;1237,7578495471
3363889;1;4;2;2;05; ;2; ; ;1;2; ; ;1; ;12;1237,7578495471
3363890;1;1;2;2;05; ;2; ; ;1;2; ; ;1; ;12;1146,12274479773
3363890;1;2;1; ; ; ; ; ; ; ; ; ; ; ; ;12;1146,12274479773
3363890;1;3;1; ; ; ; ; ; ; ; ; ; ; ; ;12;1146,12274479773
3363890;1;4;1; ; ; ; ; ; ; ; ; ; ; ; ;12;1146,12274479773
3363890;1;5;1; ; ; ; ; ; ; ; ; ; ; ; ;12;1146,12274479773
3363890;1;6;1; ; ; ; ; ; ; ; ; ; ; ; ;12;1146,12274479773
3363890;1;7;1; ; ; ; ; ; ; ; ; ; ; ; ;12;1146,12274479773
3363891;1;1;2;2;05; ;2; ; ;1;2; ; ;1; ;12;1400,41389258509
3363891;1;2;2;2;66; ;2; ; ;1;2; ; ;1; ;12;1400,41389258509
3363891;1;3;1; ; ; ; ; ; ; ; ; ; ; ; ;12;1400,41389258509
3363891;1;4;2;2;05; ;2; ; ;1;2; ; ;1; ;12;1400,41389258509
3363891;1;5;2;2;05; ;2; ; ;1;2; ; ;1; ;12;1400,41389258509
3363893;1;1;2;2;68; ;3;11; ;1;2; ; ;1; ;12;1051,72339124348
3363894;1;1;2;2;05; ;2; ; ;1;2; ; ;1; ;12;1186,57128033779
3363894;1;2;2;2;05; ;2; ; ;1;2; ; ;1; ;12;1186,57128033779
3363894;1;3;2;2;05; ;3;23; ;1;3;23; ;1; ;12;1186,57128033779
3363895;1;1;2;2;05; ;2; ; ;1;2; ; ;1; ;12;894,880267103138
3363895;1;2;2;2;05; ;2; ; ;1;2; ; ;1; ;12;894,880267103138
3363895;1;3;2;2;05; ;2; ; ;1;2; ; ;1; ;12;894,880267103138
3363895;1;4;2;2;05; ;2; ; ;1;2; ; ;1; ;12;894,880267103138
3363895;1;5;1; ; ; ; ; ; ; ; ; ; ; ; ;12;894,880267103138
3363895;1;6;1; ; ; ; ; ; ; ; ; ; ; ; ;12;894,880267103138
3363895;1;7;2;2;05; ;2; ; ;1;2; ; ;1; ;12;894,880267103138
3363895;1;8;2;2;05; ;2; ; ;1;2; ; ;1; ;12;894,880267103138
3363895;2;1;2;2;05; ;2; ; ;1;2; ; ;1; ;12;894,880267103138
3363895;2;2;1; ; ; ; ; ; ; ; ; ; ; ; ;12;894,880267103138
3363895;3;1;2;2;17; ;3;17; ;1;2; ; ;1; ;12;894,880267103138
3363895;3;2;2;2;17; ;3;17; ;1;2; ; ;1; ;12;894,880267103138
3363895;3;3;2;2;17; ;3;17; ;1;2; ; ;1; ;12;894,880267103138
3363895;3;4;2;2;17; ;2; ; ;1;2; ; ;1; ;12;894,880267103138
3363896;1;1;2;2;25; ;3;11; ;1;2; ; ;1; ;12;867,124096199931
3363896;1;2;2;1; ; ;2; ; ;1;2; ; ;1; ;12;867,124096199931
3363896;1;3;2;2;11; ;3;11; ;1;2; ; ;1; ;12;867,124096199931
3363897;1;1;2;2;05; ;2; ; ;1;2; ; ;1; ;12;1036,05379144846
3363897;1;2;2;2;05; ;2; ; ;1;2; ; ;1; ;12;1036,05379144846
3363897;1;3;1; ; ; ; ; ; ; ; ; ; ; ; ;12;1036,05379144846
3363899;1;1;2;2;05; ;2; ; ;1;2; ; ;1; ;12;685,818286969418
3363899;1;2;1; ; ; ; ; ; ; ; ; ; ; ; ;12;685,818286969418
3363899;1;3;2;2;76; ;2; ; ;1;2; ; ;1; ;12;685,818286969418
3363899;1;4;1; ; ; ; ; ; ; ; ; ; ; ; ;12;685,818286969418
3363899;1;5;1; ; ; ; ; ; ; ; ; ; ; ; ;12;685,818286969418
3363900;1;1;2;2;05; ;2; ; ;1;2; ; ;1; ;12;1118,60626802888
3363900;1;2;2;2;05; ;2; ; ;1;2; ; ;1; ;12;1118,60626802888
3363902;1;1;2;2;52; ;2; ; ;1;2; ; ;1; ;12;1163,51918502765
3363902;1;2;2;2;05; ;2; ; ;1;2; ; ;1; ;12;1163,51918502765
3363902;1;3;1; ; ; ; ; ; ; ; ; ; ; ; ;12;1163,51918502765
3363902;1;4;1; ; ; ; ; ; ; ; ; ; ; ; ;12;1163,51918502765
3363903;1;1;1; ; ; ; ; ; ; ; ; ; ; ; ;12;1096,63630824225
3363903;1;2;1; ; ; ; ; ; ; ; ; ; ; ; ;12;1096,63630824225
3363903;1;3;1; ; ; ; ; ; ; ; ; ; ; ; ;12;1096,63630824225
3363904;1;1;1; ; ; ; ; ; ; ; ; ; ; ; ;12;1348,11848007119
3363904;1;2;1; ; ; ; ; ; ; ; ; ; ; ; ;12;1348,11848007119
3363905;1;1;1; ; ; ; ; ; ; ; ; ; ; ; ;12;753,783299278334
3363905;1;2;1; ; ; ; ; ; ; ; ; ; ; ; ;12;753,783299278334
3363905;1;3;1; ; ; ; ; ; ; ; ; ; ; ; ;12;753,783299278334
3363905;1;4;1; ; ; ; ; ; ; ; ; ; ; ; ;12;753,783299278334
3363905;1;5;1; ; ; ; ; ; ; ; ; ; ; ; ;12;753,783299278334
3363905;1;6;1; ; ; ; ; ; ; ; ; ; ; ; ;12;753,783299278334
3363906;1;1;1; ; ; ; ; ; ; ; ; ; ; ; ;12;1175,50583077429
3363906;1;2;1; ; ; ; ; ; ; ; ; ; ; ; ;12;1175,50583077429
3363907;1;1;1; ; ; ; ; ; ; ; ; ; ; ; ;12;1051,72339124348
3363909;1;1;1; ; ; ; ; ; ; ; ; ; ; ; ;12;1264,48386796725
3363909;1;2;1; ; ; ; ; ; ; ; ; ; ; ; ;12;1264,48386796725
3363909;1;3;1; ; ; ; ; ; ; ; ; ; ; ; ;12;1264,48386796725
3363910;1;1;1; ; ; ; ; ; ; ; ; ; ; ; ;12;1119,68840355239
3363910;1;2;1; ; ; ; ; ; ; ; ; ; ; ; ;12;1119,68840355239
3363911;1;1;1; ; ; ; ; ; ; ; ; ; ; ; ;12;1051,72339124348
3363912;1;1;2;2;76; ;2; ; ;1;2; ; ;1; ;12;1202,24088013282
3363914;1;1;1; ; ; ; ; ; ; ; ; ; ; ; ;12;1096,63630824225
3363914;1;2;1; ; ; ; ; ; ; ; ; ; ; ; ;12;1096,63630824225
3363914;1;3;1; ; ; ; ; ; ; ; ; ; ; ; ;12;1096,63630824225
3363915;1;1;1; ; ; ; ; ; ; ; ; ; ; ; ;12;1271,28802796525
3363915;1;2;2;2;86; ;3;76; ;2;2; ; ;1; ;12;1271,28802796525
3363919;1;1;1; ; ; ; ; ; ; ; ; ; ; ; ;12;1202,24088013282
3363920;1;1;1; ; ; ; ; ; ; ; ; ; ; ; ;12;1017,64158508927
3363920;1;2;1; ; ; ; ; ; ; ; ; ; ; ; ;12;1017,64158508927
3363920;1;3;1; ; ; ; ; ; ; ; ; ; ; ; ;12;1017,64158508927
3363921;1;1;2;2;05; ;2; ; ;1;2; ; ;1; ;12;1051,72339124348
3363922;1;1;1; ; ; ; ; ; ; ; ; ; ; ; ;12;1321,1549018177
3363922;1;2;1; ; ; ; ; ; ; ; ; ; ; ; ;12;1321,1549018177
3363922;1;3;1; ; ; ; ; ; ; ; ; ; ; ; ;12;1321,1549018177
3363922;1;4;1; ; ; ; ; ; ; ; ; ; ; ; ;12;1321,1549018177
3363922;1;5;1; ; ; ; ; ; ; ; ; ; ; ; ;12;1321,1549018177
3363922;1;6;1; ; ; ; ; ; ; ; ; ; ; ; ;12;1321,1549018177
3363923;1;1;1; ; ; ; ; ; ; ; ; ; ; ; ;12;765,077277736806
3363923;1;2;2;2;05; ;2; ; ;1;2; ; ;1; ;12;765,077277736806
3363923;1;3;1; ; ; ; ; ; ; ; ; ; ; ; ;12;765,077277736806
3363923;1;4;1; ; ; ; ; ; ; ; ; ; ; ; ;12;765,077277736806
3363924;1;1;1; ; ; ; ; ; ; ; ; ; ; ; ;12;1392,90619644903
3363924;1;2;1; ; ; ; ; ; ; ; ; ; ; ; ;12;1392,90619644903
3363924;1;3;1; ; ; ; ; ; ; ; ; ; ; ; ;12;1392,90619644903
3363925;1;1;1; ; ; ; ; ; ; ; ; ; ; ; ;12;932,924837461812
3363925;1;2;1; ; ; ; ; ; ; ; ; ; ; ; ;12;932,924837461812
3363925;1;3;1; ; ; ; ; ; ; ; ; ; ; ; ;12;932,924837461812
3363925;1;4;1; ; ; ; ; ; ; ; ; ; ; ; ;12;932,924837461812
3363926;1;1;2;2;05; ;2; ; ;1;2; ; ;1; ;12;697,11226542789
3363926;1;2;1; ; ; ; ; ; ; ; ; ; ; ; ;12;697,11226542789
3363926;1;3;1; ; ; ; ; ; ; ; ; ; ; ; ;12;697,11226542789
3363927;1;1;2;2;05; ;3;05; ;1;2; ; ;1; ;12;867,124096199931
3363927;1;2;2;2;05; ;2; ; ;1;2; ; ;1; ;12;867,124096199931
3363927;1;3;2;2;05; ;3;05; ;1;2; ; ;1; ;12;867,124096199931
3363928;1;1;1; ; ; ; ; ; ; ; ; ; ; ; ;12;1051,72339124348
3363930;1;1;1; ; ; ; ; ; ; ; ; ; ; ; ;12;1122,98188936543
3363930;1;2;1; ; ; ; ; ; ; ; ; ; ; ; ;12;1122,98188936543
3363931;1;1;1; ; ; ; ; ; ; ; ; ; ; ; ;12;1321,39246165104
3363931;1;2;2;2;05; ;2; ; ;1;2; ; ;1; ;12;1321,39246165104
3363931;1;3;1; ; ; ; ; ; ; ; ; ; ; ; ;12;1321,39246165104
3363932;1;1;1; ; ; ; ; ; ; ; ; ; ; ; ;12;1416,08349238011
3363932;1;2;2;2;05; ;2; ; ;1;2; ; ;1; ;12;1416,08349238011
3363932;1;3;1; ; ; ; ; ; ; ; ; ; ; ; ;12;1416,08349238011
3363933;1;1;1; ; ; ; ; ; ; ; ; ; ; ; ;12;567,679001673709
3363933;1;2;1; ; ; ; ; ; ; ; ; ; ; ; ;12;567,679001673709
3363933;1;3;1; ; ; ; ; ; ; ; ; ; ; ; ;12;567,679001673709
3363933;1;4;1; ; ; ; ; ; ; ; ; ; ; ; ;12;567,679001673709
3363933;1;5;1; ; ; ; ; ; ; ; ; ; ; ; ;12;567,679001673709
3363934;1;1;1; ; ; ; ; ; ; ; ; ; ; ; ;12;1416,08349238011
3363934;1;2;2;1; ; ;2; ; ;1;2; ; ;1; ;12;1416,08349238011
3363934;1;3;1; ; ; ; ; ; ; ; ; ; ; ; ;12;1416,08349238011
3363935;1;1;2;2;17; ;2; ; ;1;2; ; ;1; ;12;1039,34727726149
3363935;1;2;2;2;17; ;2; ; ;1;2; ; ;1; ;12;1039,34727726149
3363935;1;3;1; ; ; ; ; ; ; ; ; ; ; ; ;12;1039,34727726149
3363937;1;1;2;2;05; ;2; ; ;1;2; ; ;1; ;12;1377,20988887294
3363937;1;2;1; ; ; ; ; ; ; ; ; ; ; ; ;12;1377,20988887294
3363937;1;3;1; ; ; ; ; ; ; ; ; ; ; ; ;12;1377,20988887294
3363938;1;1;1; ; ; ; ; ; ; ; ; ; ; ; ;12;1336,82450161272
3363938;1;2;1; ; ; ; ; ; ; ; ; ; ; ; ;12;1336,82450161272
3363938;1;3;1; ; ; ; ; ; ; ; ; ; ; ; ;12;1336,82450161272
3363938;1;4;1; ; ; ; ; ; ; ; ; ; ; ; ;12;1336,82450161272
3363942;1;1;2;2;13; ;2; ; ;1;2; ; ;1; ;12;816,263846946117
3363942;1;2;2;2;05; ;2; ; ;1;2; ; ;1; ;12;816,263846946117
3363942;1;3;1; ; ; ; ; ; ; ; ; ; ; ; ;12;816,263846946117
3363942;1;4;1; ; ; ; ; ; ; ; ; ; ; ; ;12;816,263846946117
3363942;1;5;1; ; ; ; ; ; ; ; ; ; ; ; ;12;816,263846946117
3363943;1;1;2;2;05; ;2; ; ;1;2; ; ;1; ;12;1017,64158508927
3363943;1;2;2;2;05; ;2; ; ;1;2; ; ;1; ;12;1017,64158508927
3363943;1;3;2;2;05; ;2; ; ;1;2; ; ;1; ;12;1017,64158508927
3363944;1;1;2;2;05; ;2; ; ;1;2; ; ;1; ;12;1343,83161885679
3363944;1;2;1; ; ; ; ; ; ; ; ; ; ; ; ;12;1343,83161885679
3363944;1;3;1; ; ; ; ; ; ; ; ; ; ; ; ;12;1343,83161885679
3363944;1;4;1; ; ; ; ; ; ; ; ; ; ; ; ;12;1343,83161885679
3363944;1;5;1; ; ; ; ; ; ; ; ; ; ; ; ;12;1343,83161885679
3363944;1;6;1; ; ; ; ; ; ; ; ; ; ; ; ;12;1343,83161885679
3363944;1;7;1; ; ; ; ; ; ; ; ; ; ; ; ;12;1343,83161885679
3363944;1;8;1; ; ; ; ; ; ; ; ; ; ; ; ;12;1343,83161885679
3363945;1;1;1; ; ; ; ; ; ; ; ; ; ; ; ;12;1327,10545518715
3363945;1;2;1; ; ; ; ; ; ; ; ; ; ; ; ;12;1327,10545518715
3363946;1;1;1; ; ; ; ; ; ; ; ; ; ; ; ;12;1162,87448011627
3363946;1;2;1; ; ; ; ; ; ; ; ; ; ; ; ;12;1162,87448011627
3363946;1;3;1; ; ; ; ; ; ; ; ; ; ; ; ;12;1162,87448011627
3363946;1;4;1; ; ; ; ; ; ; ; ; ; ; ; ;12;1162,87448011627
3363946;1;5;1; ; ; ; ; ; ; ; ; ; ; ; ;12;1162,87448011627
3363947;1;1;2;2;05; ;3;05; ;1;2; ; ;1; ;12;630,229388642491
3363947;1;2;2;2;05; ;3;05; ;1;3;05; ;1; ;12;630,229388642491
3363948;1;1;2;2;05; ;3;05; ;2;3;05; ;2;1;12;1321,39246165104
3363948;1;2;1; ; ; ; ; ; ; ; ; ; ; ; ;12;1321,39246165104
3363948;1;3;1; ; ; ; ; ; ; ; ; ; ; ; ;12;1321,39246165104
3363949;1;1;2;2;05; ;2; ; ;1;2; ; ;1; ;12;1286,21948903494
3363949;1;2;2;2;05; ;2; ; ;1;2; ; ;1; ;12;1286,21948903494
3363949;1;3;2;2;05; ;2; ; ;1;2; ; ;1; ;12;1286,21948903494
3363949;1;4;2;2;05; ;2; ; ;1;2; ; ;1; ;12;1286,21948903494
3363949;1;5;1; ; ; ; ; ; ; ; ; ; ; ; ;12;1286,21948903494
3363950;1;1;1; ; ; ; ; ; ; ; ; ; ; ; ;12;1119,68840355239
3363950;1;2;1; ; ; ; ; ; ; ; ; ; ; ; ;12;1119,68840355239
3363952;1;1;1; ; ; ; ; ; ; ; ; ; ; ; ;12;1492,16501169985
3363952;1;2;2;2;05; ;2; ; ;1;2; ; ;1; ;12;1492,16501169985
3363952;1;3;1; ; ; ; ; ; ; ; ; ; ; ; ;12;1492,16501169985
3363953;1;1;2;2;05; ;2; ; ;1;2; ; ;1; ;12;1442,68905615938
3363954;1;1;2;1; ; ;2; ; ;1;2; ; ;1; ;12;1403,75140468583
3363954;1;2;1; ; ; ; ; ; ; ; ; ; ; ; ;12;1403,75140468583
3363954;1;3;1; ; ; ; ; ; ; ; ; ; ; ; ;12;1403,75140468583
3363955;1;1;1; ; ; ; ; ; ; ; ; ; ; ; ;12;1163,1297167923
3363955;1;2;2;2;05; ;2; ; ;1;2; ; ;1; ;12;1163,1297167923
3363955;1;3;1; ; ; ; ; ; ; ; ; ; ; ; ;12;1163,1297167923
3363955;1;4;1; ; ; ; ; ; ; ; ; ; ; ; ;12;1163,1297167923
3363956;1;1;2;2;05; ;2; ; ;1;2; ; ;1; ;12;859,123603554493
3363956;1;2;2;2;05; ;2; ; ;1;2; ; ;1; ;12;859,123603554493
3363956;1;3;2;2;05; ;2; ; ;1;2; ; ;1; ;12;859,123603554493
3363956;1;4;2;2;05; ;2; ; ;1;2; ; ;1; ;12;859,123603554493
3363956;1;5;2;2;05; ;2; ; ;1;2; ; ;1; ;12;859,123603554493
3363957;1;1;2;2;05; ;3;05; ;1;2; ; ;1; ;12;1332,44888027617
3363957;1;2;2;2;05; ;2; ; ;1;2; ; ;1; ;12;1332,44888027617
3363957;1;3;1; ; ; ; ; ; ; ; ; ; ; ; ;12;1332,44888027617
3363957;1;4;2;2;05; ;2; ; ;1;2; ; ;1; ;12;1332,44888027617
3363958;1;1;2;2;05; ;2; ; ;1;2; ; ;1; ;12;1122,98188936543
3363958;1;2;1; ; ; ; ; ; ; ; ; ; ; ; ;12;1122,98188936543
3363959;1;1;2;2;05; ;2; ; ;1;2; ; ;1; ;12;1044,80503412156
3363959;1;2;2;2;23; ;3;23; ;1;2; ; ;1; ;12;1044,80503412156
3363959;1;3;2;2;13; ;3;05; ;1;2; ; ;1; ;12;1044,80503412156
3363960;1;1;2;2;05; ;3;05; ;1;2; ; ;1; ;12;1203,32301565633
3363961;1;1;2;2;05; ;3;68; ;1;2; ; ;1; ;12;950,758708303871
3363961;1;2;1; ; ; ; ; ; ; ; ; ; ; ; ;12;950,758708303871
3363962;1;1;2;2;05; ;2; ; ;1;2; ; ;1; ;12;1416,08349238011
3363962;1;2;1; ; ; ; ; ; ; ; ; ; ; ; ;12;1416,08349238011
3363962;1;3;1; ; ; ; ; ; ; ; ; ; ; ; ;12;1416,08349238011
3363963;1;1;1; ; ; ; ; ; ; ; ; ; ; ; ;12;1377,36179727494
3363963;1;2;2;2;70; ;2; ; ;1;2; ; ;1; ;12;1377,36179727494
3363963;1;3;1; ; ; ; ; ; ; ; ; ; ; ; ;12;1377,36179727494
3363963;1;4;2;2;05; ;2; ; ;1;2; ; ;1; ;12;1377,36179727494
3363963;1;5;2;2;05; ;2; ; ;1;2; ; ;1; ;12;1377,36179727494
3363963;1;6;1; ; ; ; ; ; ; ; ; ; ; ; ;12;1377,36179727494
3363964;1;1;2;2;11; ;2; ; ;1;2; ; ;1; ;12;1478,32648021455
3363964;1;2;2;2;05; ;2; ; ;1;2; ; ;1; ;12;1478,32648021455
3363964;1;3;2;2;11; ;2; ; ;1;2; ; ;1; ;12;1478,32648021455
3363964;1;4;2;2;11; ;2; ; ;1;2; ; ;1; ;12;1478,32648021455
3363964;1;5;2;2;15; ;3;11; ;1;2; ; ;1; ;12;1478,32648021455
3363965;1;1;2;2;05; ;3;08; ;1;2; ; ;1; ;12;1760,7240739073
3363965;1;2;2;2;08; ;3;08; ;1;2; ; ;1; ;12;1760,7240739073
3363965;1;3;1; ; ; ; ; ; ; ; ; ; ; ; ;12;1760,7240739073
3363965;1;4;1; ; ; ; ; ; ; ; ; ; ; ; ;12;1760,7240739073
3363966;1;1;2;2;05; ;2; ; ;1;2; ; ;1; ;12;1025,66552932425
3363966;1;2;1; ; ; ; ; ; ; ; ; ; ; ; ;12;1025,66552932425
3363966;1;3;1; ; ; ; ; ; ; ; ; ; ; ; ;12;1025,66552932425
3363967;1;1;2;2;05; ;2; ; ;1;2; ; ;1; ;12;992,784318685492
3363967;1;2;2;2;05; ;2; ; ;1;2; ; ;1; ;12;992,784318685492
3363967;1;3;2;2;05; ;2; ; ;1;2; ; ;1; ;12;992,784318685492
3363967;1;4;2;2;05; ;2; ; ;1;2; ; ;1; ;12;992,784318685492
3363967;1;5;2;2;05; ;1; ; ; ;2; ; ;1; ;12;992,784318685492
3363967;1;6;2;2;05; ;2; ; ;1;2; ; ;1; ;12;992,784318685492
3363968;1;1;2;2;76; ;2; ; ;1;2; ; ;1; ;12;1084,52446187467
3363968;1;2;2;2;05; ;2; ; ;1;2; ; ;1; ;12;1084,52446187467
3363968;1;3;2;2;05; ;2; ; ;1;2; ; ;1; ;12;1084,52446187467
3363968;1;4;2;2;05; ;2; ; ;1;2; ; ;1; ;12;1084,52446187467
3363969;1;1;2;2;05; ;2; ; ;1;2; ; ;1; ;12;837,969539118336
3363969;1;2;2;2;05; ;2; ; ;1;2; ; ;1; ;12;837,969539118336
3363969;1;3;2;2;05; ;2; ; ;1;2; ; ;1; ;12;837,969539118336
3363969;1;4;2;2;05; ;1; ; ; ;2; ; ;1; ;12;837,969539118336
3363969;1;5;2;2;05; ;2; ; ;1;2; ; ;1; ;12;837,969539118336
3363970;1;1;2;2;05; ;3;05; ;1;3;05; ;1; ;12;567,679001673709
3363970;1;2;2;2;05; ;3;05; ;1;3;05; ;1; ;12;567,679001673709
3363970;1;3;2;2;05; ;3;05; ;1;3;05; ;1; ;12;567,679001673709
3363970;1;4;2;2;05; ;2; ; ;1;3;05; ;1; ;12;567,679001673709
3363970;1;5;2;2;05; ;3;05; ;1;3;05; ;1; ;12;567,679001673709
3363970;1;6;2;2;05; ;3;05; ;1;3;05; ;1; ;12;567,679001673709
3363971;1;1;2;2;05; ;2; ; ;1;2; ; ;1; ;12;799,159083891015
3363971;1;2;2;2;05; ;2; ; ;1;2; ; ;1; ;12;799,159083891015
3363972;1;1;2;2;05; ;2; ; ;1;2; ; ;1; ;12;1163,51918502765
3363972;1;2;2;2;05; ;2; ; ;1;2; ; ;1; ;12;1163,51918502765
3363972;1;3;2;2;05; ;2; ; ;1;2; ; ;1; ;12;1163,51918502765
3363972;1;4;1; ; ; ; ; ; ; ; ; ; ; ; ;12;1163,51918502765
3363973;1;1;2;2;05; ;2; ; ;1;2; ; ;1; ;12;1243,79716303871
3363973;1;2;2;2;05; ;2; ; ;1;2; ; ;1; ;12;1243,79716303871
3363973;1;3;1; ; ; ; ; ; ; ; ; ; ; ; ;12;1243,79716303871
3363973;1;4;1; ; ; ; ; ; ; ; ; ; ; ; ;12;1243,79716303871
3363973;1;5;1; ; ; ; ; ; ; ; ; ; ; ; ;12;1243,79716303871
3363973;1;6;1; ; ; ; ; ; ; ; ; ; ; ; ;12;1243,79716303871
3363974;1;1;2;2;05; ;2; ; ;1;2; ; ;1; ;12;1320,07276629418
3363974;1;2;2;2;05; ;3;05; ;1;2; ; ;1; ;12;1320,07276629418
3363974;1;3;2;2;05; ;3;76; ;1;2; ; ;1; ;12;1320,07276629418
3363974;1;4;2;2;05; ;3;76; ;1;2; ; ;1; ;12;1320,07276629418
3363974;1;5;2;3; ;4;3;76; ;1;3;05; ;1; ;12;1320,07276629418
3363974;1;6;2;2;76; ;1; ; ; ;2; ; ;1; ;12;1320,07276629418
3363975;1;1;2;2;05; ;2; ; ;1;2; ; ;1; ;12;1235,66038914968
3363975;1;2;2;2;05; ;2; ; ;1;2; ; ;1; ;12;1235,66038914968
3363975;1;3;1; ; ; ; ; ; ; ; ; ; ; ; ;12;1235,66038914968
3363975;1;4;1; ; ; ; ; ; ; ; ; ; ; ; ;12;1235,66038914968
3363975;1;5;1; ; ; ; ; ; ; ; ; ; ; ; ;12;1235,66038914968
3363975;1;6;1; ; ; ; ; ; ; ; ; ; ; ; ;12;1235,66038914968
3363975;1;7;1; ; ; ; ; ; ; ; ; ; ; ; ;12;1235,66038914968
3363976;1;1;2;2;05; ;2; ; ;1;2; ; ;1; ;12;681,442665632867
3363976;1;2;1; ; ; ; ; ; ; ; ; ; ; ; ;12;681,442665632867
3363976;1;3;1; ; ; ; ; ; ; ; ; ; ; ; ;12;681,442665632867
3363976;1;4;1; ; ; ; ; ; ; ; ; ; ; ; ;12;681,442665632867
3363976;1;5;1; ; ; ; ; ; ; ; ; ; ; ; ;12;681,442665632867
3363977;1;1;2;2;05; ;2; ; ;1;2; ; ;1; ;12;816,263846946117
3363977;1;2;2;2;05; ;2; ; ;1;2; ; ;1; ;12;816,263846946117
3363977;1;3;1; ; ; ; ; ; ; ; ; ; ; ; ;12;816,263846946117
3363977;1;4;2;2;05; ;2; ; ;1;2; ; ;1; ;12;816,263846946117
3363977;1;5;1; ; ; ; ; ; ; ; ; ; ; ; ;12;816,263846946117
3363978;1;1;2;2;05; ;2; ; ;1;2; ; ;1; ;12;949,676572780353
3363978;1;2;1; ; ; ; ; ; ; ; ; ; ; ; ;12;949,676572780353
3363979;1;1;2;2;05; ;2; ; ;1;2; ; ;1; ;12;1327,10545518715
3363979;1;2;2;2;05; ;2; ; ;1;2; ; ;1; ;12;1327,10545518715
3363980;1;1;1; ; ; ; ; ; ; ; ; ; ; ; ;12;1186,57128033779
3363980;1;2;1; ; ; ; ; ; ; ; ; ; ; ; ;12;1186,57128033779
3363980;1;3;1; ; ; ; ; ; ; ; ; ; ; ; ;12;1186,57128033779
3363981;1;1;1; ; ; ; ; ; ; ; ; ; ; ; ;12;1163,1297167923
3363981;1;2;2;2;05; ;2; ; ;1;2; ; ;1; ;12;1163,1297167923
3363981;1;3;1; ; ; ; ; ; ; ; ; ; ; ; ;12;1163,1297167923
3363981;1;4;1; ; ; ; ; ; ; ; ; ; ; ; ;12;1163,1297167923
3363982;1;1;2;2;47; ;2; ; ;1;2; ; ;1; ;12;867,124096199931
3363982;1;2;2;2;08; ;2; ; ;1;2; ; ;1; ;12;867,124096199931
3363982;1;3;1; ; ; ; ; ; ; ; ; ; ; ; ;12;867,124096199931
3363983;1;1;2;2;17; ;2; ; ;1;2; ; ;1; ;12;1107,5298281062
3363983;1;2;2;2;17; ;2; ; ;1;2; ; ;1; ;12;1107,5298281062
3363983;1;3;1; ; ; ; ; ; ; ; ; ; ; ; ;12;1107,5298281062
3363984;1;1;2;2;27; ;2; ; ;1;2; ; ;1; ;12;1257,82977845974
3363984;1;2;2;2;05; ;2; ; ;1;2; ; ;1; ;12;1257,82977845974
3363984;1;3;1; ; ; ; ; ; ; ; ; ; ; ; ;12;1257,82977845974
3363984;1;4;1; ; ; ; ; ; ; ; ; ; ; ; ;12;1257,82977845974
3363985;1;1;1; ; ; ; ; ; ; ; ; ; ; ; ;12;1017,64158508927
3363985;1;2;1; ; ; ; ; ; ; ; ; ; ; ; ;12;1017,64158508927
3363985;1;3;1; ; ; ; ; ; ; ; ; ; ; ; ;12;1017,64158508927
3363986;1;1;2;2;05; ;2; ; ;1;2; ; ;1; ;12;1315,49620800829
3363986;1;2;2;2;05; ;2; ; ;1;2; ; ;1; ;12;1315,49620800829
3363986;1;3;1; ; ; ; ; ; ; ; ; ; ; ; ;12;1315,49620800829
3363987;1;1;2;2;05; ;2; ; ;1;2; ; ;1; ;12;1310,24546240443
3363987;1;2;2;2;05; ;2; ; ;1;2; ; ;1; ;12;1310,24546240443
3363987;1;3;2;2;05; ;2; ; ;1;2; ; ;1; ;12;1310,24546240443
3363988;1;1;1; ; ; ; ; ; ; ; ; ; ; ; ;12;1392,90619644903
3363988;1;2;2;2;05; ;2; ; ;1;2; ; ;1; ;12;1392,90619644903
3363988;1;3;1; ; ; ; ; ; ; ; ; ; ; ; ;12;1392,90619644903
3363990;1;1;2;2;05; ;3;05; ;1;3;05; ;1; ;12;1460,60694114354
3363990;1;2;2;2;05; ;2; ; ;1;3;05; ;1; ;12;1460,60694114354
3363990;1;3;2;2;05; ;3;05; ;1;3;05; ;1; ;12;1460,60694114354
3363990;1;4;1; ; ; ; ; ; ; ; ; ; ; ; ;12;1460,60694114354
3363990;1;5;1; ; ; ; ; ; ; ; ; ; ; ; ;12;1460,60694114354
3363991;1;1;2;2;05; ;3;27; ;1;2; ; ;1; ;12;776,106988580868
3363991;1;2;1; ; ; ; ; ; ; ; ; ; ; ; ;12;776,106988580868
3363991;1;3;2;2;05; ;3;27; ;1;2; ; ;1; ;12;776,106988580868
3363992;1;1;2;2;76; ;2; ; ;1;2; ; ;1; ;12;938,382594321881
3363992;1;2;2;2;05; ;2; ; ;1;2; ; ;1; ;12;938,382594321881
3363992;1;3;2;2;05; ;2; ; ;1;2; ; ;1; ;12;938,382594321881
3363992;1;4;2;2;05; ;2; ; ;1;2; ; ;1; ;12;938,382594321881
3363993;1;1;2;2;05; ;2; ; ;1;2; ; ;1; ;12;968,088779139539
3363993;1;2;2;2;05; ;2; ; ;1;2; ; ;1; ;12;968,088779139539
3363994;1;1;2;2;05; ;2; ; ;1;2; ; ;1; ;12;1320,07276629418
3363994;1;2;2;2;05; ;2; ; ;1;2; ; ;1; ;12;1320,07276629418
3363994;1;3;2;2;05; ;2; ; ;1;2; ; ;1; ;12;1320,07276629418
3363994;1;4;2;2;05; ;2; ; ;1;2; ; ;1; ;12;1320,07276629418
3363994;1;5;2;2;27; ;3;05; ;1;3;05; ;1; ;12;1320,07276629418
3363994;1;6;2;2;05; ;2; ; ;1;2; ; ;1; ;12;1320,07276629418
3363995;1;1;1; ; ; ; ; ; ; ; ; ; ; ; ;12;1068,82815429858
3363995;1;2;1; ; ; ; ; ; ; ; ; ; ; ; ;12;1068,82815429858
3363995;1;3;1; ; ; ; ; ; ; ; ; ; ; ; ;12;1068,82815429858
3363995;1;4;1; ; ; ; ; ; ; ; ; ; ; ; ;12;1068,82815429858
3363996;1;1;2;2;05; ;3;63; ;1;2; ; ;1; ;12;1388,01107082203
3363996;1;2;2;2;05; ;2; ; ;1;2; ; ;1; ;12;1388,01107082203
3363996;1;3;2;2;05; ;3;63; ;1;2; ; ;1; ;12;1388,01107082203
3363996;1;4;2;2;63; ;3;63; ;1;2; ; ;1; ;12;1388,01107082203
3363996;1;5;2;2;63; ;3;63; ;1;2; ; ;1; ;12;1388,01107082203
3363997;1;1;2;2;13; ;2; ; ;1;2; ; ;1; ;12;791,158591245576
3363997;1;2;1; ; ; ; ; ; ; ; ; ; ; ; ;12;791,158591245576
3363997;1;3;1; ; ; ; ; ; ; ; ; ; ; ; ;12;791,158591245576
3363997;1;4;1; ; ; ; ; ; ; ; ; ; ; ; ;12;791,158591245576
3364002;1;1;2;2;05; ;2; ; ;1;2; ; ;1; ;12;1203,32301565633
3364003;1;1;2;2;05; ;2; ; ;1;2; ; ;1; ;12;938,382594321881
3364003;1;2;1; ; ; ; ; ; ; ; ; ; ; ; ;12;938,382594321881
3364003;1;3;2;2;05; ;2; ; ;1;2; ; ;1; ;12;938,382594321881
3364003;1;4;1; ; ; ; ; ; ; ; ; ; ; ; ;12;938,382594321881
3364004;1;1;2;2;05; ;2; ; ;1;2; ; ;1; ;12;791,158591245576
3364004;1;2;1; ; ; ; ; ; ; ; ; ; ; ; ;12;791,158591245576
3364004;1;3;1; ; ; ; ; ; ; ; ; ; ; ; ;12;791,158591245576
3364004;1;4;2;2;76; ;3;76; ;1;2; ; ;1; ;12;791,158591245576
3364005;1;1;2;2;05; ;2; ; ;1;2; ; ;1; ;12;1187,65341586131
3364005;1;2;2;2;05; ;2; ; ;1;2; ; ;1; ;12;1187,65341586131
3364005;1;3;1; ; ; ; ; ; ; ; ; ; ; ; ;12;1187,65341586131
3364006;1;1;2;2;73; ;2; ; ;1;2; ; ;1; ;12;1164,21185231582
3364006;1;2;2;2;17; ;2; ; ;1;2; ; ;1; ;12;1164,21185231582
3364006;1;3;1; ; ; ; ; ; ; ; ; ; ; ; ;12;1164,21185231582
3364006;1;4;1; ; ; ; ; ; ; ; ; ; ; ; ;12;1164,21185231582
3364007;1;1;2;2;05; ;2; ; ;1;2; ; ;1; ;12;962,83411417267
3364007;1;2;2;2;05; ;2; ; ;1;2; ; ;1; ;12;962,83411417267
3364007;1;3;1; ; ; ; ; ; ; ; ; ; ; ; ;12;962,83411417267
3364007;1;4;1; ; ; ; ; ; ; ; ; ; ; ; ;12;962,83411417267
3364007;1;5;1; ; ; ; ; ; ; ; ; ; ; ; ;12;962,83411417267
3364007;1;6;1; ; ; ; ; ; ; ; ; ; ; ; ;12;962,83411417267
3364008;1;1;2;2;13; ;3;11; ;1;2; ; ;1; ;12;1467,27006158942
3364008;1;2;2;2;05; ;2; ; ;1;2; ; ;1; ;12;1467,27006158942
3364008;1;3;1; ; ; ; ; ; ; ; ; ; ; ; ;12;1467,27006158942
3364008;1;4;1; ; ; ; ; ; ; ; ; ; ; ; ;12;1467,27006158942
3364009;1;1;2;2;05; ;2; ; ;1;2; ; ;1; ;12;1253,42744934213
3364009;1;2;1; ; ; ; ; ; ; ; ; ; ; ; ;12;1253,42744934213
3364010;1;1;2;2;05; ;2; ; ;1;2; ; ;1; ;12;1518,45663079873
3364010;1;2;2;2;05; ;2; ; ;1;2; ; ;1; ;12;1518,45663079873
3364010;1;3;1; ; ; ; ; ; ; ; ; ; ; ; ;12;1518,45663079873
3364010;1;4;1; ; ; ; ; ; ; ; ; ; ; ; ;12;1518,45663079873
3364010;1;5;1; ; ; ; ; ; ; ; ; ; ; ; ;12;1518,45663079873
3364011;1;1;1; ; ; ; ; ; ; ; ; ; ; ; ;12;1416,08349238011
3364011;1;2;2;2;54; ;2; ; ;1;2; ; ;1; ;12;1416,08349238011
3364011;1;3;1; ; ; ; ; ; ; ; ; ; ; ; ;12;1416,08349238011
3364012;1;1;2;2;66; ;2; ; ;1;2; ; ;1; ;12;996,223253038703
3364012;1;2;1; ; ; ; ; ; ; ; ; ; ; ; ;12;996,223253038703
3364012;1;3;1; ; ; ; ; ; ; ; ; ; ; ; ;12;996,223253038703
3364012;1;4;1; ; ; ; ; ; ; ; ; ; ; ; ;12;996,223253038703
3364013;1;1;1; ; ; ; ; ; ; ; ; ; ; ; ;12;1203,32301565633
3364014;1;1;2;2;66; ;2; ; ;1;2; ; ;1; ;12;1051,72339124348
3364015;1;1;1; ; ; ; ; ; ; ; ; ; ; ; ;12;1493,99608000957
3364015;1;2;1; ; ; ; ; ; ; ; ; ; ; ; ;12;1493,99608000957
3364015;1;3;1; ; ; ; ; ; ; ; ; ; ; ; ;12;1493,99608000957
3364016;1;1;1; ; ; ; ; ; ; ; ; ; ; ; ;12;803,534705227566
3364016;1;2;1; ; ; ; ; ; ; ; ; ; ; ; ;12;803,534705227566
3364017;1;1;2;1; ; ;2; ; ;1;2; ; ;1; ;12;1271,28802796525
3364017;1;2;1; ; ; ; ; ; ; ; ; ; ; ; ;12;1271,28802796525
3364018;1;1;2;2;05; ;2; ; ;1;2; ; ;1; ;12;1416,08349238011
3364018;1;2;2;2;05; ;2; ; ;1;2; ; ;1; ;12;1416,08349238011
3364018;1;3;1; ; ; ; ; ; ; ; ; ; ; ; ;12;1416,08349238011
3364019;1;1;1; ; ; ; ; ; ; ; ; ; ; ; ;12;748,2988346372
3364019;1;2;1; ; ; ; ; ; ; ; ; ; ; ; ;12;748,2988346372
3364019;1;3;1; ; ; ; ; ; ; ; ; ; ; ; ;12;748,2988346372
3364019;1;4;1; ; ; ; ; ; ; ; ; ; ; ; ;12;748,2988346372
3364020;1;1;2;2;05; ;2; ; ;1;2; ; ;1; ;12;1321,39246165104
3364020;1;2;2;2;05; ;2; ; ;1;2; ; ;1; ;12;1321,39246165104
3364020;1;3;1; ; ; ; ; ; ; ; ; ; ; ; ;12;1321,39246165104
3364022;1;1;1; ; ; ; ; ; ; ; ; ; ; ; ;12;1336,00663370361
3364022;1;2;1; ; ; ; ; ; ; ; ; ; ; ; ;12;1336,00663370361
3364022;1;3;2;2;05; ;2; ; ;1;2; ; ;1; ;12;1336,00663370361
3364025;1;1;1; ; ; ; ; ; ; ; ; ; ; ; ;12;990,766766957925
3364025;1;2;1; ; ; ; ; ; ; ; ; ; ; ; ;12;990,766766957925
3364025;1;3;2;2;05; ;2; ; ;1;2; ; ;1; ;12;990,766766957925
3364025;1;4;1; ; ; ; ; ; ; ; ; ; ; ; ;12;990,766766957925
3364025;1;5;1; ; ; ; ; ; ; ; ; ; ; ; ;12;990,766766957925
3364025;1;6;1; ; ; ; ; ; ; ; ; ; ; ; ;12;990,766766957925
3364025;1;7;1; ; ; ; ; ; ; ; ; ; ; ; ;12;990,766766957925
3364025;1;8;1; ; ; ; ; ; ; ; ; ; ; ; ;12;990,766766957925
3364025;1;9;1; ; ; ; ; ; ; ; ; ; ; ; ;12;990,766766957925
3364025;1;10;1; ; ; ; ; ; ; ; ; ; ; ; ;12;990,766766957925
3364025;1;11;1; ; ; ; ; ; ; ; ; ; ; ; ;12;990,766766957925
3364025;1;12;2;3; ;3;4; ;3; ;2; ; ;1; ;12;990,766766957925
3364025;1;13;2;3; ;3;2; ; ;1;2; ; ;1; ;12;990,766766957925
3364026;1;1;1; ; ; ; ; ; ; ; ; ; ; ; ;12;1068,82815429858
3364026;1;2;2;2;05; ;2; ; ;1;2; ; ;1; ;12;1068,82815429858
3364026;1;3;1; ; ; ; ; ; ; ; ; ; ; ; ;12;1068,82815429858
3364026;1;4;1; ; ; ; ; ; ; ; ; ; ; ; ;12;1068,82815429858
3364027;1;1;1; ; ; ; ; ; ; ; ; ; ; ; ;12;1092,32273924678
3364027;1;2;2;1; ; ;2; ; ;1;2; ; ;1; ;12;1092,32273924678
3364027;1;3;1; ; ; ; ; ; ; ; ; ; ; ; ;12;1092,32273924678
3364027;1;4;1; ; ; ; ; ; ; ; ; ; ; ; ;12;1092,32273924678
3364027;1;5;1; ; ; ; ; ; ; ; ; ; ; ; ;12;1092,32273924678
3364027;1;6;1; ; ; ; ; ; ; ; ; ; ; ; ;12;1092,32273924678
3364027;1;7;1; ; ; ; ; ; ; ; ; ; ; ; ;12;1092,32273924678
3364028;1;1;2;2;05; ;2; ; ;1;2; ; ;1; ;12;941,424813060476
3364028;1;2;1; ; ; ; ; ; ; ; ; ; ; ; ;12;941,424813060476
3364028;1;3;1; ; ; ; ; ; ; ; ; ; ; ; ;12;941,424813060476
3364028;2;1;1; ; ; ; ; ; ; ; ; ; ; ; ;12;941,424813060476
3364028;2;2;1; ; ; ; ; ; ; ; ; ; ; ; ;12;941,424813060476
3364028;2;3;1; ; ; ; ; ; ; ; ; ; ; ; ;12;941,424813060476
3364028;2;4;1; ; ; ; ; ; ; ; ; ; ; ; ;12;941,424813060476
3364029;1;1;2;2;05; ;2; ; ;1;2; ; ;1; ;12;1011,91956061479
3364029;1;2;1; ; ; ; ; ; ; ; ; ; ; ; ;12;1011,91956061479
3364029;1;3;1; ; ; ; ; ; ; ; ; ; ; ; ;12;1011,91956061479
3364029;1;4;1; ; ; ; ; ; ; ; ; ; ; ; ;12;1011,91956061479
3364030;1;1;1; ; ; ; ; ; ; ; ; ; ; ; ;12;1000,86314198966
3364030;1;2;1; ; ; ; ; ; ; ; ; ; ; ; ;12;1000,86314198966
3364030;1;3;1; ; ; ; ; ; ; ; ; ; ; ; ;12;1000,86314198966
3364031;1;1;2;2;05; ;2; ; ;1;2; ; ;1; ;12;1058,87154803966
3364031;1;2;2;2;05; ;2; ; ;1;2; ; ;1; ;12;1058,87154803966
3364031;1;3;1; ; ; ; ; ; ; ; ; ; ; ; ;12;1058,87154803966
3364031;1;4;1; ; ; ; ; ; ; ; ; ; ; ; ;12;1058,87154803966
3364031;1;5;1; ; ; ; ; ; ; ; ; ; ; ; ;12;1058,87154803966
3364032;1;1;2;2;05; ;2; ; ;1;2; ; ;1; ;12;1111,68791090696
3364032;1;2;1; ; ; ; ; ; ; ; ; ; ; ; ;12;1111,68791090696
3364032;1;3;1; ; ; ; ; ; ; ; ; ; ; ; ;12;1111,68791090696
3364032;1;4;1; ; ; ; ; ; ; ; ; ; ; ; ;12;1111,68791090696
3364033;1;1;2;2;27; ;2; ; ;1;2; ; ;1; ;12;1549,5849783365
3364033;1;2;1; ; ; ; ; ; ; ; ; ; ; ; ;12;1549,5849783365
3364033;1;3;1; ; ; ; ; ; ; ; ; ; ; ; ;12;1549,5849783365
3364033;1;4;1; ; ; ; ; ; ; ; ; ; ; ; ;12;1549,5849783365
3364033;1;5;1; ; ; ; ; ; ; ; ; ; ; ; ;12;1549,5849783365
3364033;1;6;1; ; ; ; ; ; ; ; ; ; ; ; ;12;1549,5849783365
3364034;1;1;1; ; ; ; ; ; ; ; ; ; ; ; ;12;870,417582012964
3364034;1;2;1; ; ; ; ; ; ; ; ; ; ; ; ;12;870,417582012964
3364034;1;3;1; ; ; ; ; ; ; ; ; ; ; ; ;12;870,417582012964
3364035;1;1;2;2;05; ;2; ; ;1;2; ; ;1; ;12;1422,14951365278
3364035;1;2;1; ; ; ; ; ; ; ; ; ; ; ; ;12;1422,14951365278
3364035;1;3;1; ; ; ; ; ; ; ; ; ; ; ; ;12;1422,14951365278
3364035;1;4;1; ; ; ; ; ; ; ; ; ; ; ; ;12;1422,14951365278
3364035;1;5;2;2;23; ;2; ; ;1;2; ; ;1; ;12;1422,14951365278
3364035;1;6;1; ; ; ; ; ; ; ; ; ; ; ; ;12;1422,14951365278
3364035;1;7;1; ; ; ; ; ; ; ; ; ; ; ; ;12;1422,14951365278
3364036;1;1;2;2;05; ;2; ; ;1;2; ; ;1; ;12;736,995825240357
3364036;1;2;2;2;05; ;2; ; ;1;2; ; ;1; ;12;736,995825240357
3364036;1;3;1; ; ; ; ; ; ; ; ; ; ; ; ;12;736,995825240357
3364036;1;4;1; ; ; ; ; ; ; ; ; ; ; ; ;12;736,995825240357
3364036;1;5;1; ; ; ; ; ; ; ; ; ; ; ; ;12;736,995825240357
3364036;1;6;1; ; ; ; ; ; ; ; ; ; ; ; ;12;736,995825240357
3364037;1;1;2;2;05; ;2; ; ;1;2; ; ;1; ;12;1220,02927953772
3364037;1;2;2;2;05; ;2; ; ;1;2; ; ;1; ;12;1220,02927953772
3364037;1;3;1; ; ; ; ; ; ; ; ; ; ; ; ;12;1220,02927953772
3364037;1;4;2;2;05; ;2; ; ;2;2; ; ;1; ;12;1220,02927953772
3364038;1;1;2;2;23; ;2; ; ;1;2; ; ;1; ;12;1068,82815429858
3364038;1;2;2;2;27; ;2; ; ;1;2; ; ;1; ;12;1068,82815429858
3364038;1;3;1; ; ; ; ; ; ; ; ; ; ; ; ;12;1068,82815429858
3364038;1;4;2;2;23; ;3;23; ;2;3;23; ;2;2;12;1068,82815429858
3364039;1;1;2;2;05; ;2; ; ;1;2; ; ;1; ;12;1203,32301565633
3364040;1;1;1; ; ; ; ; ; ; ; ; ; ; ; ;12;1691,06024915726
3364040;1;2;1; ; ; ; ; ; ; ; ; ; ; ; ;12;1691,06024915726
3364040;1;3;1; ; ; ; ; ; ; ; ; ; ; ; ;12;1691,06024915726
3364040;1;4;1; ; ; ; ; ; ; ; ; ; ; ; ;12;1691,06024915726
3364040;1;5;1; ; ; ; ; ; ; ; ; ; ; ; ;12;1691,06024915726
3364042;1;1;2;2;05; ;2; ; ;1;2; ; ;1; ;12;1119,68840355239
3364042;1;2;1; ; ; ; ; ; ; ; ; ; ; ; ;12;1119,68840355239
3364043;1;1;1; ; ; ; ; ; ; ; ; ; ; ; ;12;870,417582012964
3364043;1;2;1; ; ; ; ; ; ; ; ; ; ; ; ;12;870,417582012964
3364043;1;3;1; ; ; ; ; ; ; ; ; ; ; ; ;12;870,417582012964
3364044;1;1;2;2;17; ;2; ; ;1;2; ; ;1; ;12;1203,32301565633
3364045;1;1;2;2;05; ;2; ; ;1;2; ; ;1; ;12;1259,14044287823
3364046;1;1;2;2;05; ;2; ; ;1;2; ; ;1; ;12;1242,13347088365
3364046;1;2;2;2;05; ;2; ; ;1;2; ; ;1; ;12;1242,13347088365
3364046;1;3;1; ; ; ; ; ; ; ; ; ; ; ; ;12;1242,13347088365
3364046;1;4;1; ; ; ; ; ; ; ; ; ; ; ; ;12;1242,13347088365
3364047;1;1;2;1; ; ;2; ; ;1;3;05; ;2;1;12;11389,3397935431
3364047;1;2;1; ; ; ; ; ; ; ; ; ; ; ; ;12;11389,3397935431
3364047;1;3;1; ; ; ; ; ; ; ; ; ; ; ; ;12;11389,3397935431
3364047;1;4;1; ; ; ; ; ; ; ; ; ; ; ; ;12;11389,3397935431
3364047;1;5;1; ; ; ; ; ; ; ; ; ; ; ; ;12;11389,3397935431
3364048;1;1;1; ; ; ; ; ; ; ; ; ; ; ; ;12;2926,4937789527
3364048;1;2;1; ; ; ; ; ; ; ; ; ; ; ; ;12;2926,4937789527
3364048;1;3;1; ; ; ; ; ; ; ; ; ; ; ; ;12;2926,4937789527
3364048;1;4;1; ; ; ; ; ; ; ; ; ; ; ; ;12;2926,4937789527
3364048;1;5;1; ; ; ; ; ; ; ; ; ; ; ; ;12;2926,4937789527
3364049;1;1;1; ; ; ; ; ; ; ; ; ; ; ; ;12;3134,74556738704
3364049;1;2;1; ; ; ; ; ; ; ; ; ; ; ; ;12;3134,74556738704
3364049;1;3;1; ; ; ; ; ; ; ; ; ; ; ; ;12;3134,74556738704
3364050;1;1;1; ; ; ; ; ; ; ; ; ; ; ; ;12;2442,90432473606
3364051;1;1;1; ; ; ; ; ; ; ; ; ; ; ; ;12;4172,21982035737
3364051;1;2;1; ; ; ; ; ; ; ; ; ; ; ; ;12;4172,21982035737
3364051;1;3;1; ; ; ; ; ; ; ; ; ; ; ; ;12;4172,21982035737
3364051;1;4;1; ; ; ; ; ; ; ; ; ; ; ; ;12;4172,21982035737
3364051;1;5;1; ; ; ; ; ; ; ; ; ; ; ; ;12;4172,21982035737
3364051;1;6;1; ; ; ; ; ; ; ; ; ; ; ; ;12;4172,21982035737
3364051;1;7;1; ; ; ; ; ; ; ; ; ; ; ; ;12;4172,21982035737
3364051;1;8;1; ; ; ; ; ; ; ; ; ; ; ; ;12;4172,21982035737
3364052;1;1;1; ; ; ; ; ; ; ; ; ; ; ; ;12;1755,0217389969
3364052;1;2;1; ; ; ; ; ; ; ; ; ; ; ; ;12;1755,0217389969
3364052;1;3;1; ; ; ; ; ; ; ; ; ; ; ; ;12;1755,0217389969
3364053;1;1;1; ; ; ; ; ; ; ; ; ; ; ; ;12;2156,42280381219
3364053;1;2;1; ; ; ; ; ; ; ; ; ; ; ; ;12;2156,42280381219
3364053;1;3;1; ; ; ; ; ; ; ; ; ; ; ; ;12;2156,42280381219
3364053;1;4;1; ; ; ; ; ; ; ; ; ; ; ; ;12;2156,42280381219
3364053;1;5;1; ; ; ; ; ; ; ; ; ; ; ; ;12;2156,42280381219
3364054;1;1;1; ; ; ; ; ; ; ; ; ; ; ; ;12;2696,73797152318
3364054;1;2;1; ; ; ; ; ; ; ; ; ; ; ; ;12;2696,73797152318
3364055;1;1;1; ; ; ; ; ; ; ; ; ; ; ; ;12;3584,13956084616
3364055;1;2;1; ; ; ; ; ; ; ; ; ; ; ; ;12;3584,13956084616
3364055;1;3;2;1; ; ;2; ; ;1;3;11; ;2; ;12;3584,13956084616
3364055;1;4;1; ; ; ; ; ; ; ; ; ; ; ; ;12;3584,13956084616
3364055;1;5;1; ; ; ; ; ; ; ; ; ; ; ; ;12;3584,13956084616
3364055;1;6;1; ; ; ; ; ; ; ; ; ; ; ; ;12;3584,13956084616
3364055;1;7;1; ; ; ; ; ; ; ; ; ; ; ; ;12;3584,13956084616
3364056;1;1;2;1; ; ;2; ; ;1;2; ; ;1; ;12;4216,46044229091
3364056;1;2;2;1; ; ;2; ; ;2;2; ; ;1; ;12;4216,46044229091
3364056;1;3;1; ; ; ; ; ; ; ; ; ; ; ; ;12;4216,46044229091
3364057;1;1;1; ; ; ; ; ; ; ; ; ; ; ; ;12;3036,25532558457
3364057;1;2;1; ; ; ; ; ; ; ; ; ; ; ; ;12;3036,25532558457
3364057;1;3;1; ; ; ; ; ; ; ; ; ; ; ; ;12;3036,25532558457
3364057;1;4;1; ; ; ; ; ; ; ; ; ; ; ; ;12;3036,25532558457
3364057;1;5;1; ; ; ; ; ; ; ; ; ; ; ; ;12;3036,25532558457
3364058;1;1;2;1; ; ;2; ; ;1;2; ; ;1; ;12;2730,1903628606
3364058;1;2;2;2;05; ;2; ; ;1;2; ; ;1; ;12;2730,1903628606
3364058;1;3;2;2;05; ;2; ; ;1;2; ; ;1; ;12;2730,1903628606
3364059;1;1;2;2;05; ;3;05; ;1;3;05; ;1;1;12;2018,05699360016
3364059;1;2;2;1; ; ;3;17; ;1;2; ; ;2; ;12;2018,05699360016
3364059;1;3;2;2;05; ;3;05; ;1;2; ; ;2; ;12;2018,05699360016
3364060;1;1;1; ; ; ; ; ; ; ; ; ; ; ; ;12;3036,87465522056
3364060;1;2;1; ; ; ; ; ; ; ; ; ; ; ; ;12;3036,87465522056
3364060;1;3;1; ; ; ; ; ; ; ; ; ; ; ; ;12;3036,87465522056
3364060;1;4;1; ; ; ; ; ; ; ; ; ; ; ; ;12;3036,87465522056
3364060;1;5;1; ; ; ; ; ; ; ; ; ; ; ; ;12;3036,87465522056
3364061;1;1;1; ; ; ; ; ; ; ; ; ; ; ; ;12;2123,53324832612
3364061;1;2;1; ; ; ; ; ; ; ; ; ; ; ; ;12;2123,53324832612
3364062;1;1;2;1; ; ;2; ; ;2;2; ; ;2; ;12;2170,67970571765
3364062;1;2;2;1; ; ;2; ; ;2;2; ; ;2; ;12;2170,67970571765
3364062;1;3;2;1; ; ;2; ; ;2;2; ; ;2; ;12;2170,67970571765
3364062;1;4;1; ; ; ; ; ; ; ; ; ; ; ; ;12;2170,67970571765
3364064;1;1;2;1; ; ;2; ; ;1;2; ; ;1; ;12;2762,97270879529
3364065;1;1;2;2;05; ;3;05; ;1;2; ; ;1; ;12;2730,1903628606
3364068;1;1;1; ; ; ; ; ; ; ; ; ; ; ; ;12;2730,1903628606
3364068;1;2;2;1; ; ;2; ; ;1;2; ; ;1; ;12;2730,1903628606
3364068;1;3;1; ; ; ; ; ; ; ; ; ; ; ; ;12;2730,1903628606
3364068;1;4;1; ; ; ; ; ; ; ; ; ; ; ; ;12;2730,1903628606
3364069;1;1;1; ; ; ; ; ; ; ; ; ; ; ; ;12;2730,1903628606
3364069;1;2;2;1; ; ;2; ; ;1;2; ; ;1; ;12;2730,1903628606
3364071;1;1;2;1; ; ;3;05; ;1;2; ; ;1; ;12;2730,1903628606
3364071;1;2;2;2;05; ;3;05; ;1;3;05; ;1; ;12;2730,1903628606
3364071;1;3;2;2;05; ;3;05; ;1;3;05; ;1; ;12;2730,1903628606
3364072;1;1;2;1; ; ;2; ; ;1;2; ; ;1; ;12;2730,1903628606
3364072;1;2;2;1; ; ;2; ; ;1;2; ; ;1; ;12;2730,1903628606
3364074;1;1;2;1; ; ;2; ; ;2;2; ; ;2; ;12;1732,67210985378
3364074;1;2;2;1; ; ;2; ; ;2;2; ; ;2; ;12;1732,67210985378
3364074;1;3;2;2;05; ;2; ; ;2;2; ; ;2; ;12;1732,67210985378
3364075;1;1;1; ; ; ; ; ; ; ; ; ; ; ; ;12;2442,90432473606
3364076;1;1;1; ; ; ; ; ; ; ; ; ; ; ; ;12;2730,1903628606
3364076;1;2;1; ; ; ; ; ; ; ; ; ; ; ; ;12;2730,1903628606
3364077;1;1;1; ; ; ; ; ; ; ; ; ; ; ; ;12;1816,4250982939
3364077;1;2;1; ; ; ; ; ; ; ; ; ; ; ; ;12;1816,4250982939
3364077;1;3;2;1; ; ;2; ; ;2;2; ; ;2; ;12;1816,4250982939
3364077;1;4;1; ; ; ; ; ; ; ; ; ; ; ; ;12;1816,4250982939
3364078;1;1;2;2;76; ;2; ; ;2;2; ; ;2; ;12;2880,43156914304
3364078;1;2;1; ; ; ; ; ; ; ; ; ; ; ; ;12;2880,43156914304
3364078;1;3;1; ; ; ; ; ; ; ; ; ; ; ; ;12;2880,43156914304
3364078;1;4;1; ; ; ; ; ; ; ; ; ; ; ; ;12;2880,43156914304
3364079;1;1;1; ; ; ; ; ; ; ; ; ; ; ; ;12;1901,38981667736
3364079;1;2;1; ; ; ; ; ; ; ; ; ; ; ; ;12;1901,38981667736
3364081;1;1;2;1; ; ;2; ; ;2;2; ; ;2; ;12;2732,8208428847
3364081;1;2;2;1; ; ;2; ; ;2;2; ; ;2; ;12;2732,8208428847
3364081;1;3;2;1; ; ;2; ; ;2;2; ; ;2; ;12;2732,8208428847
3364081;1;4;2;1; ; ;2; ; ;2;2; ; ;2; ;12;2732,8208428847
3364081;1;5;2;1; ; ;2; ; ;2;2; ; ;2; ;12;2732,8208428847
3364082;1;1;1; ; ; ; ; ; ; ; ; ; ; ; ;12;1901,38981667736
3364082;1;2;2;1; ; ;3;05; ;1;2; ; ;2; ;12;1901,38981667736
3364083;1;1;2;1; ; ;2; ; ;2;2; ; ;2; ;12;1608,65366131644
3364083;1;2;1; ; ; ; ; ; ; ; ; ; ; ; ;12;1608,65366131644
3364083;1;3;2;1; ; ;2; ; ;2;2; ; ;2; ;12;1608,65366131644
3364083;1;4;2;1; ; ;3;05; ;2;3;05; ;2; ;12;1608,65366131644
3364084;1;1;2;1; ; ;2; ; ;1;2; ; ;1; ;12;2762,97270879529
3364085;1;1;1; ; ; ; ; ; ; ; ; ; ; ; ;12;1359,87530861865
3364085;1;2;1; ; ; ; ; ; ; ; ; ; ; ; ;12;1359,87530861865
3364085;1;3;1; ; ; ; ; ; ; ; ; ; ; ; ;12;1359,87530861865
3364086;1;1;1; ; ; ; ; ; ; ; ; ; ; ; ;12;2033,02064099546
3364086;1;2;1; ; ; ; ; ; ; ; ; ; ; ; ;12;2033,02064099546
3364086;1;3;1; ; ; ; ; ; ; ; ; ; ; ; ;12;2033,02064099546
3364086;1;4;1; ; ; ; ; ; ; ; ; ; ; ; ;12;2033,02064099546
3364087;1;1;1; ; ; ; ; ; ; ; ; ; ; ; ;12;2730,1903628606
3364087;1;2;1; ; ; ; ; ; ; ; ; ; ; ; ;12;2730,1903628606
3364087;1;3;2;2;05; ;2; ; ;2;3;05; ;2;1;12;2730,1903628606
3364088;1;1;1; ; ; ; ; ; ; ; ; ; ; ; ;12;1901,38981667736
3364088;1;2;1; ; ; ; ; ; ; ; ; ; ; ; ;12;1901,38981667736
3364089;1;1;2;1; ; ;2; ; ;2;2; ; ;2; ;12;1901,38981667736
3364089;1;2;1; ; ; ; ; ; ; ; ; ; ; ; ;12;1901,38981667736
3364090;1;1;1; ; ; ; ; ; ; ; ; ; ; ; ;12;2974,73687352174
3364090;1;2;1; ; ; ; ; ; ; ; ; ; ; ; ;12;2974,73687352174
3364090;1;3;1; ; ; ; ; ; ; ; ; ; ; ; ;12;2974,73687352174
3364091;1;1;1; ; ; ; ; ; ; ; ; ; ; ; ;12;2762,97270879529
3364093;1;1;2;1; ; ;2; ; ;2;2; ; ;1; ;12;2881,86190145293
3364093;1;2;2;2;76; ;2; ; ;2;2; ; ;1; ;12;2881,86190145293
3364097;1;1;1; ; ; ; ; ; ; ; ; ; ; ; ;12;2730,1903628606
3364097;1;2;1; ; ; ; ; ; ; ; ; ; ; ; ;12;2730,1903628606
3364097;1;3;2;1; ; ;3;05; ;2;3;05; ;2;3;12;2730,1903628606
3364097;1;4;2;1; ; ;3;05; ;2;3;05; ;2;2;12;2730,1903628606
3364097;1;5;2;1; ; ;3;05; ;2;3;05; ;2;2;12;2730,1903628606
3364099;1;1;2;1; ; ;2; ; ;1;2; ; ;1; ;12;2730,1903628606
3364099;1;2;2;1; ; ;2; ; ;1;2; ; ;1; ;12;2730,1903628606
3364099;1;3;2;1; ; ;3;05; ;1;2; ; ;1; ;12;2730,1903628606
3364099;1;4;2;2;05; ;3;05; ;1;2; ; ;1; ;12;2730,1903628606
3364100;1;1;2;2;05; ;2; ; ;2;2; ; ;1; ;12;2730,1903628606
3364100;1;2;1; ; ; ; ; ; ; ; ; ; ; ; ;12;2730,1903628606
3364100;1;3;2;1; ; ;2; ; ;1;2; ; ;1; ;12;2730,1903628606
3364101;1;1;2;1; ; ;3;05; ;1;3;05; ;1; ;12;3016,94549428954
3364101;1;2;2;2;05; ;2; ; ;2;2; ; ;1; ;12;3016,94549428954
3364101;1;3;2;2;05; ;2; ; ;1;3;05; ;1; ;12;3016,94549428954
3364102;1;1;1; ; ; ; ; ; ; ; ; ; ; ; ;12;1962,79317597436
3364102;1;2;1; ; ; ; ; ; ; ; ; ; ; ; ;12;1962,79317597436
3364102;1;3;1; ; ; ; ; ; ; ; ; ; ; ; ;12;1962,79317597436
3364103;1;1;1; ; ; ; ; ; ; ; ; ; ; ; ;12;1901,38981667736
3364103;1;2;1; ; ; ; ; ; ; ; ; ; ; ; ;12;1901,38981667736
3364104;1;1;1; ; ; ; ; ; ; ; ; ; ; ; ;12;2310,79314896107
3364105;1;1;2;1; ; ;2; ; ;1;2; ; ;1; ;12;3016,94549428954
3364105;1;2;1; ; ; ; ; ; ; ; ; ; ; ; ;12;3016,94549428954
3364105;1;3;2;1; ; ;2; ; ;1;2; ; ;1; ;12;3016,94549428954
3364106;1;1;2;1; ; ;2; ; ;2;2; ; ;2; ;12;3746,00718900996
3364106;1;2;1; ; ; ; ; ; ; ; ; ; ; ; ;12;3746,00718900996
3364106;1;3;1; ; ; ; ; ; ; ; ; ; ; ; ;12;3746,00718900996
3364106;1;4;1; ; ; ; ; ; ; ; ; ; ; ; ;12;3746,00718900996
3364106;1;5;1; ; ; ; ; ; ; ; ; ; ; ; ;12;3746,00718900996
3364107;1;1;2;1; ; ;2; ; ;2;2; ; ;2; ;12;2442,90432473606
3364108;1;1;2;1; ; ;2; ; ;2;2; ; ;2; ;12;2696,73797152318
3364108;1;2;2;1; ; ;2; ; ;2;2; ; ;2; ;12;2696,73797152318
3364109;1;1;2;1; ; ;2; ; ;2;2; ; ;2; ;12;1369,21589461389
3364109;1;2;2;1; ; ;2; ; ;2;2; ; ;2; ;12;1369,21589461389
3364109;1;3;2;1; ; ;2; ; ;2;2; ; ;2; ;12;1369,21589461389
3364109;1;4;1; ; ; ; ; ; ; ; ; ; ; ; ;12;1369,21589461389
3364110;1;1;2;1; ; ;3;05; ;2;2; ; ;2; ;12;2310,79314896107
3364111;1;1;2;1; ; ;2; ; ;2;2; ; ;2; ;12;2442,42397327917
3364111;1;2;2;1; ; ;2; ; ;2;2; ; ;2; ;12;2442,42397327917
3364111;1;3;1; ; ; ; ; ; ; ; ; ; ; ; ;12;2442,42397327917
3364112;1;1;2;1; ; ;2; ; ;2;3;05; ;2; ;12;4052,38396055573
3364112;1;2;2;2;05; ;3;05; ;2;3;05; ;2; ;12;4052,38396055573
3364112;1;3;2;1; ; ;1; ; ; ;3;05; ;2; ;12;4052,38396055573
3364112;1;4;2;2;63; ;1; ; ; ;3;05; ;2; ;12;4052,38396055573
3364113;1;1;1; ; ; ; ; ; ; ; ; ; ; ; ;12;1476,54248554145
3364113;1;2;1; ; ; ; ; ; ; ; ; ; ; ; ;12;1476,54248554145
3364113;1;3;2;1; ; ;2; ; ;2;2; ; ;2; ;12;1476,54248554145
3364113;1;4;2;1; ; ;2; ; ;2;2; ; ;2; ;12;1476,54248554145
3364114;1;1;2;2;05; ;3;05; ;2;2; ; ;1; ;12;2730,1903628606
3364114;1;2;2;2;05; ;2; ; ;1;2; ; ;1; ;12;2730,1903628606
3364114;1;3;2;2;05; ;2; ; ;1;2; ; ;1; ;12;2730,1903628606
3364115;1;1;1; ; ; ; ; ; ; ; ; ; ; ; ;12;3968,63097211561
3364115;1;2;1; ; ; ; ; ; ; ; ; ; ; ; ;12;3968,63097211561
3364115;1;3;2;2;05; ;1; ; ; ;1; ; ; ; ;12;3968,63097211561
3364116;1;1;2;1; ; ;2; ; ;1;2; ; ;1; ;12;2730,1903628606
3364117;1;1;1; ; ; ; ; ; ; ; ; ; ; ; ;12;3254,83549813361
3364117;1;2;1; ; ; ; ; ; ; ; ; ; ; ; ;12;3254,83549813361
3364117;1;3;1; ; ; ; ; ; ; ; ; ; ; ; ;12;3254,83549813361
3364117;1;4;1; ; ; ; ; ; ; ; ; ; ; ; ;12;3254,83549813361
3364117;1;5;2;2;05; ;3;05; ;2;3;05; ;2; ;12;3254,83549813361
3364117;1;6;2;1; ; ;2; ; ;2;2; ; ;2; ;12;3254,83549813361
3364117;1;7;2;1; ; ;2; ; ;2;2; ; ;2; ;12;3254,83549813361
3364117;1;8;2;1; ; ;2; ; ;2;2; ; ;2; ;12;3254,83549813361
3364117;1;9;2;1; ; ;2; ; ;2;2; ; ;2; ;12;3254,83549813361
3364117;1;10;2;1; ; ;2; ; ;2;2; ; ;2; ;12;3254,83549813361
3364118;1;1;2;1; ; ;2; ; ;2;2; ; ;2; ;12;1755,0217389969
3364118;1;2;2;1; ; ;2; ; ;2;2; ; ;2; ;12;1755,0217389969
3364118;1;3;2;1; ; ;2; ; ;2;2; ; ;2; ;12;1755,0217389969
3364119;1;1;2;2;05; ;2; ; ;1;2; ; ;1; ;12;2898,0563016319
3364119;1;2;2;2;05; ;3;05; ;1;3;05; ;1; ;12;2898,0563016319
3364124;1;1;1; ; ; ; ; ; ; ; ; ; ; ; ;12;3016,12762389278
3364124;1;2;2;1; ; ;3;05; ;1;2; ; ;1; ;12;3016,12762389278
3364124;1;3;1; ; ; ; ; ; ; ; ; ; ; ; ;12;3016,12762389278
3364124;1;4;1; ; ; ; ; ; ; ; ; ; ; ; ;12;3016,12762389278
3364125;1;1;1; ; ; ; ; ; ; ; ; ; ; ; ;12;2730,1903628606
3364125;1;2;1; ; ; ; ; ; ; ; ; ; ; ; ;12;2730,1903628606
3364127;1;1;2;1; ; ;2; ; ;1;2; ; ;1; ;12;2730,1903628606
3364127;1;2;1; ; ; ; ; ; ; ; ; ; ; ; ;12;2730,1903628606
3364128;1;1;2;1; ; ;2; ; ;1;2; ; ;1; ;12;11466,7995240145
3364128;1;2;2;1; ; ;3;05; ;1;2; ; ;1; ;12;11466,7995240145
3364128;1;3;2;1; ; ;3;05; ;1;2; ; ;1; ;12;11466,7995240145
3364130;1;1;2;1; ; ;2; ; ;2;2; ; ;2; ;12;2287,33463923946
3364130;1;2;2;1; ; ;2; ; ;2;2; ; ;2; ;12;2287,33463923946
3364130;1;3;2;2;05; ;2; ; ;2;2; ; ;2; ;12;2287,33463923946
3364131;1;1;2;1; ; ;2; ; ;2;2; ; ;2; ;12;2682,6200477968
3364131;1;2;2;1; ; ;2; ; ;2;2; ; ;2; ;12;2682,6200477968
3364131;1;3;2;1; ; ;2; ; ;2;2; ; ;2; ;12;2682,6200477968
3364131;1;4;2;1; ; ;2; ; ;2;2; ; ;2; ;12;2682,6200477968
3364131;1;5;2;1; ; ;2; ; ;2;2; ; ;2; ;12;2682,6200477968
3364132;1;1;2;2;05; ;2; ; ;2;2; ; ;2; ;12;572,6112027205
3364132;1;2;2;2;05; ;2; ; ;2;2; ; ;2; ;12;572,6112027205
3364132;1;3;2;2;05; ;2; ; ;2;2; ; ;2; ;12;572,6112027205
3364132;1;4;2;2;05; ;2; ; ;2;2; ; ;2; ;12;572,6112027205
3364132;1;5;2;2;05; ;2; ; ;2;2; ; ;2; ;12;572,6112027205
3364132;1;6;2;2;05; ;3;05; ;1;2; ; ;2; ;12;572,6112027205
3364133;1;1;2;2;05; ;3;05; ;1;2; ; ;1; ;12;3175,53136324912
3364133;1;2;2;1; ; ;3;05; ;1;2; ; ;1; ;12;3175,53136324912
3364133;1;3;2;2;05; ;1; ; ; ;2; ; ;1; ;12;3175,53136324912
3364134;1;1;2;2;05; ;2; ; ;1;2; ; ;1; ;12;3175,53136324912
3364134;1;2;1; ; ; ; ; ; ; ; ; ; ; ; ;12;3175,53136324912
3364137;1;1;2;1; ; ;2; ; ;2;2; ; ;2; ;12;1567,89075631561
3364137;1;2;1; ; ; ; ; ; ; ; ; ; ; ; ;12;1567,89075631561
3364137;1;3;1; ; ; ; ; ; ; ; ; ; ; ; ;12;1567,89075631561
3364137;1;4;1; ; ; ; ; ; ; ; ; ; ; ; ;12;1567,89075631561
3364138;1;1;1; ; ; ; ; ; ; ; ; ; ; ; ;12;2247,70675630316
3364138;1;2;1; ; ; ; ; ; ; ; ; ; ; ; ;12;2247,70675630316
3364138;1;3;1; ; ; ; ; ; ; ; ; ; ; ; ;12;2247,70675630316
3364138;1;4;1; ; ; ; ; ; ; ; ; ; ; ; ;12;2247,70675630316
3364138;1;5;1; ; ; ; ; ; ; ; ; ; ; ; ;12;2247,70675630316
3364139;1;1;1; ; ; ; ; ; ; ; ; ; ; ; ;12;2211,2025497641
3364139;1;2;2;1; ; ;2; ; ;2;2; ; ;2; ;12;2211,2025497641
3364139;1;3;1; ; ; ; ; ; ; ; ; ; ; ; ;12;2211,2025497641
3364140;1;1;1; ; ; ; ; ; ; ; ; ; ; ; ;12;1622,14157457259
3364140;1;2;1; ; ; ; ; ; ; ; ; ; ; ; ;12;1622,14157457259
3364140;1;3;1; ; ; ; ; ; ; ; ; ; ; ; ;12;1622,14157457259
3364141;1;1;1; ; ; ; ; ; ; ; ; ; ; ; ;12;2948,9894099994
3364142;1;1;2;2;05; ;2; ; ;2;2; ; ;2; ;12;2288,14919438361
3364142;1;2;2;2;05; ;2; ; ;2;2; ; ;2; ;12;2288,14919438361
3364142;1;3;2;2;05; ;2; ; ;2;2; ; ;2; ;12;2288,14919438361
3364142;1;4;2;2;05; ;2; ; ;2;2; ; ;2; ;12;2288,14919438361
3364142;1;5;2;2;05; ;2; ; ;2;2; ; ;2; ;12;2288,14919438361
3364142;1;6;1; ; ; ; ; ; ; ; ; ; ; ; ;12;2288,14919438361
3364143;1;1;2;2;05; ;3;05; ;1;2; ; ;2; ;12;1595,00330831683
3364143;1;2;2;2;05; ;3;05; ;1;2; ; ;2; ;12;1595,00330831683
3364143;1;3;2;2;05; ;2; ; ;2;2; ; ;2; ;12;1595,00330831683
3364143;1;4;2;2;05; ;2; ; ;2;2; ; ;2; ;12;1595,00330831683
3364143;1;5;2;2;05; ;2; ; ;2;2; ; ;2; ;12;1595,00330831683
3364143;1;6;2;2;05; ;1; ; ; ;2; ; ;2; ;12;1595,00330831683
3364144;1;1;1; ; ; ; ; ; ; ; ; ; ; ; ;12;2251,64498784456
3364144;1;2;1; ; ; ; ; ; ; ; ; ; ; ; ;12;2251,64498784456
3364144;1;3;1; ; ; ; ; ; ; ; ; ; ; ; ;12;2251,64498784456
3364144;1;4;2;2;05; ;2; ; ;2;2; ; ;2; ;12;2251,64498784456
3364145;1;1;2;2;17; ;3;17; ;1;2; ; ;1; ;12;3175,53136324912
3364145;1;2;2;2;17; ;4; ;9; ;2; ; ;1; ;12;3175,53136324912
3364145;1;3;1; ; ; ; ; ; ; ; ; ; ; ; ;12;3175,53136324912
3364146;1;1;1; ; ; ; ; ; ; ; ; ; ; ; ;12;1945,9017914638
3364146;1;2;1; ; ; ; ; ; ; ; ; ; ; ; ;12;1945,9017914638
3364147;1;1;2;1; ; ;2; ; ;2;2; ; ;2; ;12;3675,95091644176
3364147;1;2;2;2;05; ;3;05; ;1;3;05; ;1;4;12;3675,95091644176
3364147;1;3;2;1; ; ;1; ; ; ;3;05; ;1;4;12;3675,95091644176
3364147;1;4;2;2;05; ;1; ; ; ;3;05; ;1;4;12;3675,95091644176
3364148;1;1;2;1; ; ;3;05; ;1;2; ; ;2; ;12;2691,67069488914
3364148;1;2;2;1; ; ;3;05; ;1;2; ; ;2; ;12;2691,67069488914
3364149;1;1;2;2;05; ;2; ; ;2;2; ; ;2; ;12;3767,13974121296
3364149;1;2;2;2;05; ;2; ; ;2;2; ; ;2; ;12;3767,13974121296
3364149;1;3;2;2;05; ;2; ; ;2;2; ; ;2; ;12;3767,13974121296
3364149;1;4;2;2;05; ;2; ; ;2;2; ; ;2; ;12;3767,13974121296
3364149;1;5;2;2;05; ;2; ; ;2;2; ; ;2; ;12;3767,13974121296
3364149;1;6;2;2;05; ;2; ; ;2;2; ; ;2; ;12;3767,13974121296
3364150;1;1;1; ; ; ; ; ; ; ; ; ; ; ; ;12;3213,66107357723
3364151;1;1;1; ; ; ; ; ; ; ; ; ; ; ; ;12;2239,72471311312
3364151;1;2;1; ; ; ; ; ; ; ; ; ; ; ; ;12;2239,72471311312
3364151;1;3;1; ; ; ; ; ; ; ; ; ; ; ; ;12;2239,72471311312
3364152;1;1;1; ; ; ; ; ; ; ; ; ; ; ; ;12;2426,51681574494
3364152;1;2;1; ; ; ; ; ; ; ; ; ; ; ; ;12;2426,51681574494
3364153;1;1;1; ; ; ; ; ; ; ; ; ; ; ; ;12;2426,51681574494
3364153;1;2;1; ; ; ; ; ; ; ; ; ; ; ; ;12;2426,51681574494
3364154;1;1;2;2;05; ;2; ; ;2;2; ; ;2; ;12;914,809617700544
3364154;1;2;2;2;05; ;2; ; ;2;2; ; ;2; ;12;914,809617700544
3364154;1;3;1; ; ; ; ; ; ; ; ; ; ; ; ;12;914,809617700544
3364155;1;1;2;2;05; ;3;05; ;1;2; ; ;2; ;12;1572,31758620017
3364155;1;2;2;2;05; ;3;05; ;1;2; ; ;2; ;12;1572,31758620017
3364155;1;3;2;2;05; ;3;05; ;1;2; ; ;2; ;12;1572,31758620017
3364155;1;4;2;1; ; ;3;05; ;1;2; ; ;2; ;12;1572,31758620017
3364156;1;1;1; ; ; ; ; ; ; ; ; ; ; ; ;12;2426,51681574494
3364156;1;2;1; ; ; ; ; ; ; ; ; ; ; ; ;12;2426,51681574494
3364157;1;1;2;2;05; ;2; ; ;1;2; ; ;2; ;12;2114,49951232782
3364157;1;2;1; ; ; ; ; ; ; ; ; ; ; ; ;12;2114,49951232782
3364158;1;1;1; ; ; ; ; ; ; ; ; ; ; ; ;12;3175,53136324912
3364158;1;2;1; ; ; ; ; ; ; ; ; ; ; ; ;12;3175,53136324912
3364158;1;3;1; ; ; ; ; ; ; ; ; ; ; ; ;12;3175,53136324912
3364158;1;4;1; ; ; ; ; ; ; ; ; ; ; ; ;12;3175,53136324912
3364159;1;1;2;2;05; ;3;05; ;1;2; ; ;2; ;12;778,883612148126
3364160;1;1;1; ; ; ; ; ; ; ; ; ; ; ; ;12;3175,53136324912
3364160;1;2;1; ; ; ; ; ; ; ; ; ; ; ; ;12;3175,53136324912
3364160;1;3;1; ; ; ; ; ; ; ; ; ; ; ; ;12;3175,53136324912
3364160;1;4;1; ; ; ; ; ; ; ; ; ; ; ; ;12;3175,53136324912
3364161;1;1;2;2;05; ;2; ; ;1;2; ; ;1; ;12;3175,53136324912
3364161;1;2;2;1; ; ;2; ; ;1;2; ; ;1; ;12;3175,53136324912
3364161;1;3;1; ; ; ; ; ; ; ; ; ; ; ; ;12;3175,53136324912
3364161;1;4;1; ; ; ; ; ; ; ; ; ; ; ; ;12;3175,53136324912
3364161;1;5;2;1; ; ;2; ; ;1;2; ; ;1; ;12;3175,53136324912
3364162;1;1;1; ; ; ; ; ; ; ; ; ; ; ; ;12;3175,53136324912
3364162;1;2;1; ; ; ; ; ; ; ; ; ; ; ; ;12;3175,53136324912
3364162;1;3;1; ; ; ; ; ; ; ; ; ; ; ; ;12;3175,53136324912
3364162;1;4;1; ; ; ; ; ; ; ; ; ; ; ; ;12;3175,53136324912
3364163;1;1;1; ; ; ; ; ; ; ; ; ; ; ; ;12;3175,53136324912
3364164;1;1;1; ; ; ; ; ; ; ; ; ; ; ; ;12;3213,66107357723
3364165;1;1;2;1; ; ;2; ; ;1;2; ; ;1; ;12;3175,53136324912
3364165;1;2;1; ; ; ; ; ; ; ; ; ; ; ; ;12;3175,53136324912
3364165;1;3;2;2;05; ;2; ; ;1;2; ; ;1; ;12;3175,53136324912
3364165;1;4;1; ; ; ; ; ; ; ; ; ; ; ; ;12;3175,53136324912
3364165;1;5;1; ; ; ; ; ; ; ; ; ; ; ; ;12;3175,53136324912
3364165;1;6;1; ; ; ; ; ; ; ; ; ; ; ; ;12;3175,53136324912
3364165;1;7;1; ; ; ; ; ; ; ; ; ; ; ; ;12;3175,53136324912
3364165;1;8;1; ; ; ; ; ; ; ; ; ; ; ; ;12;3175,53136324912
3364165;1;9;1; ; ; ; ; ; ; ; ; ; ; ; ;12;3175,53136324912
3364167;1;1;2;2;05; ;2; ; ;1;4; ;1; ;1;12;6878,53929036674
3364167;1;2;2;1; ; ;2; ; ;1;2; ; ;1; ;12;6878,53929036674
3364167;1;3;2;2;05; ;2; ; ;1;2; ; ;1; ;12;6878,53929036674
3364167;1;4;2;2;05; ;2; ; ;1;2; ; ;1; ;12;6878,53929036674
3364167;1;5;2;2;05; ;2; ; ;1;2; ; ;1; ;12;6878,53929036674
3364169;1;1;1; ; ; ; ; ; ; ; ; ; ; ; ;12;2149,63564791758
3364169;1;2;1; ; ; ; ; ; ; ; ; ; ; ; ;12;2149,63564791758
3364169;1;3;1; ; ; ; ; ; ; ; ; ; ; ; ;12;2149,63564791758
3364169;1;4;1; ; ; ; ; ; ; ; ; ; ; ; ;12;2149,63564791758
3364169;1;5;1; ; ; ; ; ; ; ; ; ; ; ; ;12;2149,63564791758
3364170;1;1;2;2;05; ;3;05; ;2;2; ; ;2; ;12;1945,9017914638
3364170;1;2;2;2;05; ;3;05; ;2;2; ; ;2; ;12;1945,9017914638
3364171;1;1;2;2;05; ;2; ; ;2;2; ; ;2; ;12;3117,58713086342
3364172;1;1;2;2;05; ;2; ; ;2;2; ; ;2; ;12;4140,11093126141
3364172;1;2;2;2;05; ;2; ; ;2;2; ; ;2; ;12;4140,11093126141
3364172;1;3;2;2;05; ;3;05; ;1;2; ; ;2; ;12;4140,11093126141
3364172;1;4;2;2;05; ;3;05; ;1;2; ; ;2; ;12;4140,11093126141
3364172;1;5;2;2;05; ;3;05; ;1;2; ; ;2; ;12;4140,11093126141
3364172;1;6;1; ; ; ; ; ; ; ; ; ; ; ; ;12;4140,11093126141
3364173;1;1;1; ; ; ; ; ; ; ; ; ; ; ; ;12;3705,71487988537
3364173;1;2;1; ; ; ; ; ; ; ; ; ; ; ; ;12;3705,71487988537
3364173;1;3;1; ; ; ; ; ; ; ; ; ; ; ; ;12;3705,71487988537
3364173;1;4;1; ; ; ; ; ; ; ; ; ; ; ; ;12;3705,71487988537
3364173;1;5;1; ; ; ; ; ; ; ; ; ; ; ; ;12;3705,71487988537
3364173;1;6;1; ; ; ; ; ; ; ; ; ; ; ; ;12;3705,71487988537
3364173;1;7;1; ; ; ; ; ; ; ; ; ; ; ; ;12;3705,71487988537
3364173;1;8;1; ; ; ; ; ; ; ; ; ; ; ; ;12;3705,71487988537
3364173;1;9;1; ; ; ; ; ; ; ; ; ; ; ; ;12;3705,71487988537
3364173;1;10;1; ; ; ; ; ; ; ; ; ; ; ; ;12;3705,71487988537
3364173;1;11;1; ; ; ; ; ; ; ; ; ; ; ; ;12;3705,71487988537
3364174;1;1;1; ; ; ; ; ; ; ; ; ; ; ; ;12;3116,97411564824
3364174;1;2;1; ; ; ; ; ; ; ; ; ; ; ; ;12;3116,97411564824
3364174;1;3;1; ; ; ; ; ; ; ; ; ; ; ; ;12;3116,97411564824
3364175;1;1;1; ; ; ; ; ; ; ; ; ; ; ; ;12;3175,53136324912
3364175;1;2;1; ; ; ; ; ; ; ; ; ; ; ; ;12;3175,53136324912
3364176;1;1;2;2;05; ;2; ; ;2;2; ; ;2; ;12;980,566566279957
3364176;1;2;2;2;05; ;2; ; ;1;2; ; ;2; ;12;980,566566279957
3364176;1;3;2;2;05; ;2; ; ;2;2; ; ;2; ;12;980,566566279957
3364176;1;4;2;2;05; ;2; ; ;2;2; ; ;2; ;12;980,566566279957
3364176;1;5;1; ; ; ; ; ; ; ; ; ; ; ; ;12;980,566566279957
3364176;1;6;2;2;05; ;3;05; ;1;2; ; ;2; ;12;980,566566279957
3364176;1;7;1; ; ; ; ; ; ; ; ; ; ; ; ;12;980,566566279957
3364177;1;1;2;2;05; ;4; ;11; ;4; ;11; ;4;12;2114,49951232782
3364177;1;2;2;2;05; ;4; ;11; ;4; ;11; ;4;12;2114,49951232782
3364178;1;1;1; ; ; ; ; ; ; ; ; ; ; ; ;12;3382,27487394854
3364178;1;2;1; ; ; ; ; ; ; ; ; ; ; ; ;12;3382,27487394854
3364178;1;3;1; ; ; ; ; ; ; ; ; ; ; ; ;12;3382,27487394854
3364178;1;4;1; ; ; ; ; ; ; ; ; ; ; ; ;12;3382,27487394854
3364179;1;1;1; ; ; ; ; ; ; ; ; ; ; ; ;12;3436,97346225539
3364179;1;2;1; ; ; ; ; ; ; ; ; ; ; ; ;12;3436,97346225539
3364179;1;3;1; ; ; ; ; ; ; ; ; ; ; ; ;12;3436,97346225539
3364179;1;4;1; ; ; ; ; ; ; ; ; ; ; ; ;12;3436,97346225539
3364179;1;5;1; ; ; ; ; ; ; ; ; ; ; ; ;12;3436,97346225539
3364180;1;1;2;1; ; ;2; ; ;2;2; ; ;2; ;12;2257,91909488092
3364180;1;2;1; ; ; ; ; ; ; ; ; ; ; ; ;12;2257,91909488092
3364181;1;1;1; ; ; ; ; ; ; ; ; ; ; ; ;12;2957,11833234553
3364181;1;2;1; ; ; ; ; ; ; ; ; ; ; ; ;12;2957,11833234553
3364181;1;3;1; ; ; ; ; ; ; ; ; ; ; ; ;12;2957,11833234553
3364181;1;4;1; ; ; ; ; ; ; ; ; ; ; ; ;12;2957,11833234553
3364182;1;1;1; ; ; ; ; ; ; ; ; ; ; ; ;12;1567,89075631561
3364182;1;2;1; ; ; ; ; ; ; ; ; ; ; ; ;12;1567,89075631561
3364182;1;3;1; ; ; ; ; ; ; ; ; ; ; ; ;12;1567,89075631561
3364182;1;4;1; ; ; ; ; ; ; ; ; ; ; ; ;12;1567,89075631561
3364182;1;5;1; ; ; ; ; ; ; ; ; ; ; ; ;12;1567,89075631561
3364183;1;1;1; ; ; ; ; ; ; ; ; ; ; ; ;12;3706,82546731227
3364183;1;2;1; ; ; ; ; ; ; ; ; ; ; ; ;12;3706,82546731227
3364183;1;3;1; ; ; ; ; ; ; ; ; ; ; ; ;12;3706,82546731227
3364184;1;1;1; ; ; ; ; ; ; ; ; ; ; ; ;12;3116,97411564824
3364184;1;2;1; ; ; ; ; ; ; ; ; ; ; ; ;12;3116,97411564824
3364184;1;3;1; ; ; ; ; ; ; ; ; ; ; ; ;12;3116,97411564824
3364185;1;1;1; ; ; ; ; ; ; ; ; ; ; ; ;12;2505,02547141342
3364185;1;2;1; ; ; ; ; ; ; ; ; ; ; ; ;12;2505,02547141342
3364185;1;3;1; ; ; ; ; ; ; ; ; ; ; ; ;12;2505,02547141342
3364185;1;4;1; ; ; ; ; ; ; ; ; ; ; ; ;12;2505,02547141342
3364186;1;1;2;2;05; ;3;05; ;1;2; ; ;2; ;12;3441,52470901198
3364186;1;2;1; ; ; ; ; ; ; ; ; ; ; ; ;12;3441,52470901198
3364188;1;1;2;3; ;2;4; ;2; ;2; ; ;1; ;12;8035,45877458735
3364190;1;1;2;2;66; ;2; ; ;2;2; ; ;2; ;12;1311,87698535138
3364190;1;2;2;2;05; ;2; ; ;2;2; ; ;2; ;12;1311,87698535138
3364190;1;3;2;2;05; ;2; ; ;2;2; ; ;2; ;12;1311,87698535138
3364190;1;4;2;2;05; ;2; ; ;2;2; ; ;2; ;12;1311,87698535138
3364190;1;5;2;2;05; ;4; ;2; ;4; ;2; ;4;12;1311,87698535138
3364191;1;1;2;2;05; ;2; ; ;2;2; ; ;2; ;12;1077,00384485835
3364192;1;1;2;2;05; ;2; ; ;2;2; ; ;2; ;12;890,544439726826
3364192;1;2;1; ; ; ; ; ; ; ; ; ; ; ; ;12;890,544439726826
3364192;1;3;1; ; ; ; ; ; ; ; ; ; ; ; ;12;890,544439726826
3364193;1;1;1; ; ; ; ; ; ; ; ; ; ; ; ;12;3175,53136324912
3364193;1;2;1; ; ; ; ; ; ; ; ; ; ; ; ;12;3175,53136324912
3364193;1;3;1; ; ; ; ; ; ; ; ; ; ; ; ;12;3175,53136324912
3364193;1;4;1; ; ; ; ; ; ; ; ; ; ; ; ;12;3175,53136324912
3364193;1;5;1; ; ; ; ; ; ; ; ; ; ; ; ;12;3175,53136324912
3364193;1;6;1; ; ; ; ; ; ; ; ; ; ; ; ;12;3175,53136324912
3364194;1;1;1; ; ; ; ; ; ; ; ; ; ; ; ;12;3509,06118805998
3364194;1;2;1; ; ; ; ; ; ; ; ; ; ; ; ;12;3509,06118805998
3364194;1;3;1; ; ; ; ; ; ; ; ; ; ; ; ;12;3509,06118805998
3364195;1;1;1; ; ; ; ; ; ; ; ; ; ; ; ;12;3175,53136324912
3364195;1;2;1; ; ; ; ; ; ; ; ; ; ; ; ;12;3175,53136324912
3364195;1;3;1; ; ; ; ; ; ; ; ; ; ; ; ;12;3175,53136324912
3364196;1;1;1; ; ; ; ; ; ; ; ; ; ; ; ;12;3175,53136324912
3364196;1;2;1; ; ; ; ; ; ; ; ; ; ; ; ;12;3175,53136324912
3364196;1;3;2;2;05; ;2; ; ;1;2; ; ;1; ;12;3175,53136324912
3364196;1;4;1; ; ; ; ; ; ; ; ; ; ; ; ;12;3175,53136324912
3364196;1;5;1; ; ; ; ; ; ; ; ; ; ; ; ;12;3175,53136324912
3364197;1;1;2;2;05; ;2; ; ;2;2; ; ;2; ;12;869,129618699425
3364197;1;2;2;2;05; ;2; ; ;2;2; ; ;2; ;12;869,129618699425
3364197;1;3;1; ; ; ; ; ; ; ; ; ; ; ; ;12;869,129618699425
3364198;1;1;2;2;05; ;2; ; ;2;2; ; ;2;4;12;3175,53136324912
3364198;1;2;1; ; ; ; ; ; ; ; ; ; ; ; ;12;3175,53136324912
3364200;1;1;1; ; ; ; ; ; ; ; ; ; ; ; ;12;1813,80827713884
3364200;1;2;1; ; ; ; ; ; ; ; ; ; ; ; ;12;1813,80827713884
3364200;1;3;1; ; ; ; ; ; ; ; ; ; ; ; ;12;1813,80827713884
3364200;1;4;1; ; ; ; ; ; ; ; ; ; ; ; ;12;1813,80827713884
3364201;1;1;1; ; ; ; ; ; ; ; ; ; ; ; ;12;3117,58713086342
3364202;1;1;1; ; ; ; ; ; ; ; ; ; ; ; ;12;3862,74301907358
3364202;1;2;1; ; ; ; ; ; ; ; ; ; ; ; ;12;3862,74301907358
3364202;1;3;1; ; ; ; ; ; ; ; ; ; ; ; ;12;3862,74301907358
3364203;1;1;2;2;05; ;2; ; ;1;2; ; ;1; ;12;3175,53136324912
3364204;1;1;2;2;05; ;2; ; ;1;2; ; ;1; ;12;3175,53136324912
3364204;1;2;2;2;05; ;2; ; ;1;2; ; ;1; ;12;3175,53136324912
3364204;1;3;2;2;05; ;2; ; ;1;2; ; ;1; ;12;3175,53136324912
3364204;1;4;2;2;05; ;2; ; ;1;2; ; ;1; ;12;3175,53136324912
3364205;1;1;2;2;05; ;3;05; ;1;2; ; ;2; ;12;1915,96449622191
3364205;1;2;2;2;05; ;3;05; ;1;2; ; ;2; ;12;1915,96449622191
3364205;1;3;2;2;05; ;3;05; ;1;2; ; ;2; ;12;1915,96449622191
3364205;1;4;2;2;05; ;3;05; ;1;2; ; ;2; ;12;1915,96449622191
3364206;1;1;2;2;11; ;3;05; ;1;2; ; ;2; ;12;2426,51681574494
3364206;1;2;2;2;05; ;3;05; ;1;2; ; ;2; ;12;2426,51681574494
3364207;1;1;1; ; ; ; ; ; ; ; ; ; ; ; ;12;2426,51681574494
3364207;1;2;1; ; ; ; ; ; ; ; ; ; ; ; ;12;2426,51681574494
3364208;1;1;2;2;05; ;3;05; ;2;2; ; ;2; ;12;824,617253056302
3364208;1;2;2;2;05; ;3;05; ;2;2; ; ;2; ;12;824,617253056302
3364209;1;1;2;2;05; ;3;05; ;2;2; ; ;2; ;12;2426,51681574494
3364209;1;2;2;2;05; ;3;05; ;2;2; ; ;2; ;12;2426,51681574494
3364210;1;1;2;2;05; ;3;05; ;2;2; ; ;2; ;12;5064,68989412853
3364210;1;2;1; ; ; ; ; ; ; ; ; ; ; ; ;12;5064,68989412853
3364210;1;3;1; ; ; ; ; ; ; ; ; ; ; ; ;12;5064,68989412853
3364211;1;1;2;2;05; ;3;05; ;1;2; ; ;2; ;12;2114,49951232782
3364211;1;2;2;2;05; ;3;05; ;1;2; ; ;2; ;12;2114,49951232782
3364212;1;1;2;2;05; ;3;05; ;2;3;05; ;2; ;12;3166,01161213392
3364212;1;2;2;2;05; ;3;05; ;2;3;05; ;2; ;12;3166,01161213392
3364212;1;3;2;2;05; ;3;05; ;2;3;05; ;2; ;12;3166,01161213392
3364212;1;4;2;2;05; ;1; ; ; ;3;05; ;2; ;12;3166,01161213392
3364213;1;1;1; ; ; ; ; ; ; ; ; ; ; ; ;12;2407,70941876196
3364213;1;2;1; ; ; ; ; ; ; ; ; ; ; ; ;12;2407,70941876196
3364213;1;3;1; ; ; ; ; ; ; ; ; ; ; ; ;12;2407,70941876196
3364213;1;4;2;2;05; ;2; ; ;2;2; ; ;2; ;12;2407,70941876196
3364213;1;5;1; ; ; ; ; ; ; ; ; ; ; ; ;12;2407,70941876196
3364214;1;1;1; ; ; ; ; ; ; ; ; ; ; ; ;12;2691,67069488914
3364214;1;2;1; ; ; ; ; ; ; ; ; ; ; ; ;12;2691,67069488914
3364215;1;1;1; ; ; ; ; ; ; ; ; ; ; ; ;12;1567,89075631561
3364215;1;2;1; ; ; ; ; ; ; ; ; ; ; ; ;12;1567,89075631561
3364215;1;3;1; ; ; ; ; ; ; ; ; ; ; ; ;12;1567,89075631561
3364215;1;4;1; ; ; ; ; ; ; ; ; ; ; ; ;12;1567,89075631561
3364215;1;5;1; ; ; ; ; ; ; ; ; ; ; ; ;12;1567,89075631561
3364215;1;6;1; ; ; ; ; ; ; ; ; ; ; ; ;12;1567,89075631561
3364216;1;1;2;2;05; ;2; ; ;2;2; ; ;2; ;12;3647,57563224884
3364216;1;2;2;2;05; ;2; ; ;2;2; ; ;2; ;12;3647,57563224884
3364216;1;3;2;2;25; ;2; ; ;2;2; ; ;2; ;12;3647,57563224884
3364216;1;4;2;2;25; ;2; ; ;2;2; ; ;2; ;12;3647,57563224884
3364216;1;5;1; ; ; ; ; ; ; ; ; ; ; ; ;12;3647,57563224884
3364217;1;1;1; ; ; ; ; ; ; ; ; ; ; ; ;12;2361,60588886032
3364217;1;2;1; ; ; ; ; ; ; ; ; ; ; ; ;12;2361,60588886032
3364217;1;3;1; ; ; ; ; ; ; ; ; ; ; ; ;12;2361,60588886032
3364217;1;4;1; ; ; ; ; ; ; ; ; ; ; ; ;12;2361,60588886032
3364218;1;1;2;2;05; ;2; ; ;2;2; ; ;2; ;12;2703,73784877667
3364218;1;2;1; ; ; ; ; ; ; ; ; ; ; ; ;12;2703,73784877667
3364218;1;3;1; ; ; ; ; ; ; ; ; ; ; ; ;12;2703,73784877667
3364218;1;4;1; ; ; ; ; ; ; ; ; ; ; ; ;12;2703,73784877667
3364219;1;1;2;2;05; ;2; ; ;2;2; ; ;2; ;12;1665,17236528984
3364219;1;2;2;2;05; ;2; ; ;2;2; ; ;2; ;12;1665,17236528984
3364219;1;3;1; ; ; ; ; ; ; ; ; ; ; ; ;12;1665,17236528984
3364219;1;4;1; ; ; ; ; ; ; ; ; ; ; ; ;12;1665,17236528984
3364220;1;1;1; ; ; ; ; ; ; ; ; ; ; ; ;12;1567,89075631561
3364220;1;2;1; ; ; ; ; ; ; ; ; ; ; ; ;12;1567,89075631561
3364220;1;3;1; ; ; ; ; ; ; ; ; ; ; ; ;12;1567,89075631561
3364220;1;4;1; ; ; ; ; ; ; ; ; ; ; ; ;12;1567,89075631561
3364221;1;1;2;2;76; ;2; ; ;2;2; ; ;2; ;12;1245,72591868269
3364221;1;2;2;2;76; ;2; ; ;2;2; ; ;2; ;12;1245,72591868269
3364221;1;3;2;2;63; ;2; ; ;2;2; ; ;2; ;12;1245,72591868269
3364221;1;4;1; ; ; ; ; ; ; ; ; ; ; ; ;12;1245,72591868269
3364221;1;5;2;2;63; ;2; ; ;2;2; ; ;2; ;12;1245,72591868269
3364221;1;6;2;2;05; ;2; ; ;2;2; ; ;2; ;12;1245,72591868269
3364222;1;1;2;2;05; ;2; ; ;2;2; ; ;2; ;12;1386,45168290604
3364222;1;2;2;2;05; ;2; ; ;2;2; ; ;2; ;12;1386,45168290604
3364222;1;3;1; ; ; ; ; ; ; ; ; ; ; ; ;12;1386,45168290604
3364223;1;1;1; ; ; ; ; ; ; ; ; ; ; ; ;12;3175,53136324912
3364223;1;2;1; ; ; ; ; ; ; ; ; ; ; ; ;12;3175,53136324912
3364223;1;3;2;2;05; ;2; ; ;1;3;05; ;1; ;12;3175,53136324912
3364223;1;4;1; ; ; ; ; ; ; ; ; ; ; ; ;12;3175,53136324912
3364224;1;1;1; ; ; ; ; ; ; ; ; ; ; ; ;12;3175,53136324912
3364224;1;2;1; ; ; ; ; ; ; ; ; ; ; ; ;12;3175,53136324912
3364224;1;3;1; ; ; ; ; ; ; ; ; ; ; ; ;12;3175,53136324912
3364224;1;4;1; ; ; ; ; ; ; ; ; ; ; ; ;12;3175,53136324912
3364224;1;5;1; ; ; ; ; ; ; ; ; ; ; ; ;12;3175,53136324912
3364225;1;1;1; ; ; ; ; ; ; ; ; ; ; ; ;12;13337,2317256463
3364225;1;2;1; ; ; ; ; ; ; ; ; ; ; ; ;12;13337,2317256463
3364225;1;3;1; ; ; ; ; ; ; ; ; ; ; ; ;12;13337,2317256463
3364225;1;4;1; ; ; ; ; ; ; ; ; ; ; ; ;12;13337,2317256463
3364226;1;1;2;2;05; ;2; ; ;1;2; ; ;1; ;12;3175,53136324912
3364226;1;2;1; ; ; ; ; ; ; ; ; ; ; ; ;12;3175,53136324912
3364226;1;3;1; ; ; ; ; ; ; ; ; ; ; ; ;12;3175,53136324912
3364227;1;1;1; ; ; ; ; ; ; ; ; ; ; ; ;12;9972,40454266439
3364227;1;2;1; ; ; ; ; ; ; ; ; ; ; ; ;12;9972,40454266439
3364227;1;3;1; ; ; ; ; ; ; ; ; ; ; ; ;12;9972,40454266439
3364227;1;4;1; ; ; ; ; ; ; ; ; ; ; ; ;12;9972,40454266439
3364289;1;1;2;2;73; ;2; ; ;1;2; ; ;1; ;12;99,4853247113903
3364289;1;2;1; ; ; ; ; ; ; ; ; ; ; ; ;12;99,4853247113903
3364290;1;1;1; ; ; ; ; ; ; ; ; ; ; ; ;12;252,054424550135
3364290;1;2;2;2;63; ;2; ; ;1;2; ; ;1; ;12;252,054424550135
3364290;1;3;2;2;63; ;3;63; ;2;2; ; ;1; ;12;252,054424550135
3364291;1;1;1; ; ; ; ; ; ; ; ; ; ; ; ;12;136,584023490997
3364291;1;2;1; ; ; ; ; ; ; ; ; ; ; ; ;12;136,584023490997
3364292;1;1;1; ; ; ; ; ; ; ; ; ; ; ; ;12;253,831979940926
3364292;1;2;2;2;66; ;3;05; ;1;2; ; ;1; ;12;253,831979940926
3364292;1;3;2;2;05; ;3;05; ;1;2; ; ;1; ;12;253,831979940926
3364292;1;4;2;2;05; ;3;05; ;1;2; ; ;1; ;12;253,831979940926
3364292;1;5;2;2;05; ;1; ; ; ;2; ; ;1; ;12;253,831979940926
3364292;1;6;1; ; ; ; ; ; ; ; ; ; ; ; ;12;253,831979940926
3364292;1;7;1; ; ; ; ; ; ; ; ; ; ; ; ;12;253,831979940926
3364293;1;1;1; ; ; ; ; ; ; ; ; ; ; ; ;12;160,36701281153
3364293;1;2;2;2;17; ;2; ; ;1;2; ; ;1; ;12;160,36701281153
3364293;1;3;1; ; ; ; ; ; ; ; ; ; ; ; ;12;160,36701281153
3364293;1;4;1; ; ; ; ; ; ; ; ; ; ; ; ;12;160,36701281153
3364294;1;1;1; ; ; ; ; ; ; ; ; ; ; ; ;12;161,354989760922
3364294;1;2;2;2;17; ;3;11; ;1;2; ; ;1; ;12;161,354989760922
3364295;1;1;2;2;05; ;3;17; ;1;2; ; ;1; ;12;171,001124978334
3364295;1;2;2;2;17; ;3;17; ;1;2; ; ;1; ;12;171,001124978334
3364296;1;1;2;1; ; ;2; ; ;1;3;11; ;1; ;12;206,599221713074
3364296;1;2;2;1; ; ;2; ; ;1;3;11; ;1; ;12;206,599221713074
3364296;1;3;2;1; ; ;2; ; ;1;3;11; ;1; ;12;206,599221713074
3364296;1;4;2;2;11; ;1; ; ; ;3;11; ;1; ;12;206,599221713074
3364297;1;1;2;2;17; ;3;17; ;1;3;17; ;1; ;12;215,527695336012
3364297;1;2;1; ; ; ; ; ; ; ; ; ; ; ; ;12;215,527695336012
3364297;1;3;2;2;17; ;3;17; ;1;3;17; ;1; ;12;215,527695336012
3364297;1;4;2;2;17; ;3;17; ;1;3;17; ;1; ;12;215,527695336012
3364298;1;1;1; ; ; ; ; ; ; ; ; ; ; ; ;12;205,88845834873
3364299;1;1;1; ; ; ; ; ; ; ; ; ; ; ; ;12;179,204311818314
3364299;1;2;1; ; ; ; ; ; ; ; ; ; ; ; ;12;179,204311818314
3364299;1;3;1; ; ; ; ; ; ; ; ; ; ; ; ;12;179,204311818314
3364299;1;4;1; ; ; ; ; ; ; ; ; ; ; ; ;12;179,204311818314
3364300;1;1;1; ; ; ; ; ; ; ; ; ; ; ; ;12;163,474926829839
3364300;1;2;1; ; ; ; ; ; ; ; ; ; ; ; ;12;163,474926829839
3364300;1;3;1; ; ; ; ; ; ; ; ; ; ; ; ;12;163,474926829839
3364300;1;4;1; ; ; ; ; ; ; ; ; ; ; ; ;12;163,474926829839
3364300;1;5;1; ; ; ; ; ; ; ; ; ; ; ; ;12;163,474926829839
3364301;1;1;1; ; ; ; ; ; ; ; ; ; ; ; ;12;200,867364069929
3364301;1;2;1; ; ; ; ; ; ; ; ; ; ; ; ;12;200,867364069929
3364301;1;3;2;2;17; ;3;11; ;1;2; ; ;1; ;12;200,867364069929
3364302;1;1;1; ; ; ; ; ; ; ; ; ; ; ; ;12;207,60666926951
3364302;1;2;2;2;17; ;2; ; ;1;2; ; ;1; ;12;207,60666926951
3364302;1;3;2;2;17; ;3;17; ;1;2; ; ;1; ;12;207,60666926951
3364302;1;4;2;2;17; ;3;17; ;1;2; ; ;1; ;12;207,60666926951
3364303;1;1;1; ; ; ; ; ; ; ; ; ; ; ; ;12;215,527695336012
3364303;1;2;1; ; ; ; ; ; ; ; ; ; ; ; ;12;215,527695336012
3364303;1;3;1; ; ; ; ; ; ; ; ; ; ; ; ;12;215,527695336012
3364303;1;4;1; ; ; ; ; ; ; ; ; ; ; ; ;12;215,527695336012
3364304;1;1;2;2;73; ;2; ; ;1;2; ; ;1; ;12;248,018318566426
3364304;1;2;1; ; ; ; ; ; ; ; ; ; ; ; ;12;248,018318566426
3364304;1;3;1; ; ; ; ; ; ; ; ; ; ; ; ;12;248,018318566426
3364304;1;4;1; ; ; ; ; ; ; ; ; ; ; ; ;12;248,018318566426
3364304;1;5;1; ; ; ; ; ; ; ; ; ; ; ; ;12;248,018318566426
3364305;1;1;1; ; ; ; ; ; ; ; ; ; ; ; ;12;278,609844440979
3364305;1;2;1; ; ; ; ; ; ; ; ; ; ; ; ;12;278,609844440979
3364305;1;3;1; ; ; ; ; ; ; ; ; ; ; ; ;12;278,609844440979
3364305;1;4;1; ; ; ; ; ; ; ; ; ; ; ; ;12;278,609844440979
3364306;1;1;2;2;76; ;2; ; ;1;2; ; ;1; ;12;197,75255182149
3364306;1;2;2;2;17; ;2; ; ;1;2; ; ;1; ;12;197,75255182149
3364306;1;3;2;2;17; ;2; ; ;1;2; ; ;1; ;12;197,75255182149
3364306;1;4;2;2;17; ;2; ; ;1;2; ; ;1; ;12;197,75255182149
3364306;1;5;2;2;17; ;2; ; ;1;2; ; ;1; ;12;197,75255182149
3364307;1;1;2;2;17; ;2; ; ;1;2; ; ;1; ;12;232,377635539435
3364307;1;2;1; ; ; ; ; ; ; ; ; ; ; ; ;12;232,377635539435
3364307;1;3;1; ; ; ; ; ; ; ; ; ; ; ; ;12;232,377635539435
3364307;1;4;1; ; ; ; ; ; ; ; ; ; ; ; ;12;232,377635539435
3364309;1;1;1; ; ; ; ; ; ; ; ; ; ; ; ;12;177,996947733736
3364309;1;2;1; ; ; ; ; ; ; ; ; ; ; ; ;12;177,996947733736
3364309;1;3;1; ; ; ; ; ; ; ; ; ; ; ; ;12;177,996947733736
3364310;1;1;2;2;17; ;2; ; ;1;2; ; ;1; ;12;174,109038996643
3364310;1;2;1; ; ; ; ; ; ; ; ; ; ; ; ;12;174,109038996643
3364310;1;3;2;2;17; ;2; ; ;1;2; ; ;1; ;12;174,109038996643
3364311;1;1;2;2;17; ;2; ; ;1;2; ; ;1; ;12;267,056986679222
3364311;1;2;2;2;17; ;3;17; ;1;2; ; ;1; ;12;267,056986679222
3364311;1;3;2;2;17; ;1; ; ; ;2; ; ;1; ;12;267,056986679222
3364311;1;4;2;2;17; ;3;17; ;1;2; ; ;1; ;12;267,056986679222
3364312;1;1;2;2;73; ;2; ; ;1;2; ; ;1; ;12;262,185394658273
3364312;1;2;2;2;73; ;2; ; ;1;2; ; ;1; ;12;262,185394658273
3364312;1;3;2;2;73; ;2; ; ;1;3;17; ;1; ;12;262,185394658273
3364312;1;4;2;2;73; ;2; ; ;1;2; ; ;1; ;12;262,185394658273
3364312;1;5;2;2;73; ;2; ; ;1;2; ; ;1; ;12;262,185394658273
3364313;1;1;2;2;66; ;2; ; ;1;2; ; ;1; ;12;205,8815601186
3364313;1;2;2;2;66; ;2; ; ;1;2; ; ;1; ;12;205,8815601186
3364313;1;3;1; ; ; ; ; ; ; ; ; ; ; ; ;12;205,8815601186
3364313;1;4;1; ; ; ; ; ; ; ; ; ; ; ; ;12;205,8815601186
3364314;1;1;2;2;76; ;2; ; ;1;2; ; ;1; ;12;378,954615407582
3364314;1;2;2;2;05; ;2; ; ;1;2; ; ;1; ;12;378,954615407582
3364314;1;3;1; ; ; ; ; ; ; ; ; ; ; ; ;12;378,954615407582
3364314;1;4;1; ; ; ; ; ; ; ; ; ; ; ; ;12;378,954615407582
3364314;1;5;2;1; ; ;3;11; ;1;2; ; ;1; ;12;378,954615407582
3364314;1;6;2;2;11; ;1; ; ; ;2; ; ;1; ;12;378,954615407582
3364314;1;7;2;1; ; ;3;11; ;1;2; ; ;1; ;12;378,954615407582
3364314;1;8;1; ; ; ; ; ; ; ; ; ; ; ; ;12;378,954615407582
3364314;1;9;1; ; ; ; ; ; ; ; ; ; ; ; ;12;378,954615407582
3364315;1;1;2;2;17; ;2; ; ;1;2; ; ;1; ;12;376,226629668415
3364315;1;2;2;2;17; ;2; ; ;1;2; ; ;1; ;12;376,226629668415
3364316;1;1;1; ; ; ; ; ; ; ; ; ; ; ; ;12;316,494151485225
3364317;1;1;1; ; ; ; ; ; ; ; ; ; ; ; ;12;563,435516918577
3364317;1;2;2;2;17; ;2; ; ;1;2; ; ;1; ;12;563,435516918577
3364317;1;3;2;2;41; ;2; ; ;1;2; ; ;1; ;12;563,435516918577
3364317;1;4;1; ; ; ; ; ; ; ; ; ; ; ; ;12;563,435516918577
3364317;1;5;2;2;17; ;2; ; ;1;2; ; ;1; ;12;563,435516918577
3364319;1;1;2;2;63; ;2; ; ;1;2; ; ;1; ;12;181,119417778543
3364319;1;2;2;2;25; ;2; ; ;1;2; ; ;1; ;12;181,119417778543
3364319;1;3;1; ; ; ; ; ; ; ; ; ; ; ; ;12;181,119417778543
3364319;1;4;1; ; ; ; ; ; ; ; ; ; ; ; ;12;181,119417778543
3364320;1;1;1; ; ; ; ; ; ; ; ; ; ; ; ;12;172,195858736151
3364320;1;2;1; ; ; ; ; ; ; ; ; ; ; ; ;12;172,195858736151
3364320;1;3;1; ; ; ; ; ; ; ; ; ; ; ; ;12;172,195858736151
3364320;1;4;2;1; ; ;3;76; ;1;2; ; ;1; ;12;172,195858736151
3364320;1;5;2;2;76; ;3;76; ;1;2; ; ;1; ;12;172,195858736151
3364320;1;6;1; ; ; ; ; ; ; ; ; ; ; ; ;12;172,195858736151
3364323;1;1;2;2;76; ;2; ; ;1;2; ; ;1; ;12;174,889033715427
3364323;1;2;2;1; ; ;2; ; ;1;2; ; ;1; ;12;174,889033715427
3364324;1;1;2;2;17; ;2; ; ;1;2; ; ;1; ;12;221,743523372631
3364324;1;2;1; ; ; ; ; ; ; ; ; ; ; ; ;12;221,743523372631
3364324;1;3;1; ; ; ; ; ; ; ; ; ; ; ; ;12;221,743523372631
3364324;1;4;1; ; ; ; ; ; ; ; ; ; ; ; ;12;221,743523372631
3364324;1;5;1; ; ; ; ; ; ; ; ; ; ; ; ;12;221,743523372631
3364324;1;6;1; ; ; ; ; ; ; ; ; ; ; ; ;12;221,743523372631
3364325;1;1;2;2;17; ;2; ; ;1;2; ; ;1; ;12;262,063209357134
3364325;1;2;2;2;17; ;2; ; ;1;2; ; ;1; ;12;262,063209357134
3364325;1;3;1; ; ; ; ; ; ; ; ; ; ; ; ;12;262,063209357134
3364325;1;4;1; ; ; ; ; ; ; ; ; ; ; ; ;12;262,063209357134
3364325;1;5;1; ; ; ; ; ; ; ; ; ; ; ; ;12;262,063209357134
3364325;1;6;1; ; ; ; ; ; ; ; ; ; ; ; ;12;262,063209357134
3364325;1;7;1; ; ; ; ; ; ; ; ; ; ; ; ;12;262,063209357134
3364326;1;1;1; ; ; ; ; ; ; ; ; ; ; ; ;12;205,88845834873
3364327;1;1;1; ; ; ; ; ; ; ; ; ; ; ; ;12;172,69986529207
3364327;1;2;1; ; ; ; ; ; ; ; ; ; ; ; ;12;172,69986529207
3364327;1;3;2;2;17; ;2; ; ;1;2; ; ;1; ;12;172,69986529207
3364328;1;1;2;2;17; ;2; ; ;1;2; ; ;1; ;12;229,269721521125
3364328;1;2;2;2;17; ;2; ; ;1;2; ; ;1; ;12;229,269721521125
3364328;1;3;1; ; ; ; ; ; ; ; ; ; ; ; ;12;229,269721521125
3364329;1;1;2;2;05; ;2; ; ;1;2; ; ;1; ;12;174,889033715427
3364329;1;2;2;2;17; ;2; ; ;1;2; ; ;1; ;12;174,889033715427
3364330;1;1;2;1; ; ;3;11; ;1;2; ; ;1; ;12;185,924146410851
3364330;1;2;2;1; ; ;3;11; ;1;2; ; ;1; ;12;185,924146410851
3364330;1;3;2;2;11; ;3;11; ;1;2; ; ;1; ;12;185,924146410851
3364331;1;1;1; ; ; ; ; ; ; ; ; ; ; ; ;12;241,486555083471
3364331;1;2;1; ; ; ; ; ; ; ; ; ; ; ; ;12;241,486555083471
3364331;1;3;1; ; ; ; ; ; ; ; ; ; ; ; ;12;241,486555083471
3364332;1;1;2;2;66; ;2; ; ;1;2; ; ;1; ;12;172,195858736151
3364332;1;2;2;2;17; ;2; ; ;1;2; ; ;1; ;12;172,195858736151
3364332;1;3;2;2;17; ;4; ;3; ;4; ;3; ;2;12;172,195858736151
3364332;1;4;2;1; ; ;4; ;3; ;4; ;3; ;2;12;172,195858736151
3364332;1;5;2;1; ; ;4; ;3; ;4; ;3; ;2;12;172,195858736151
3364332;1;6;2;2;17; ;2; ; ;1;2; ; ;1; ;12;172,195858736151
3364333;1;1;2;2;66; ;2; ; ;1;2; ; ;1; ;12;144,505049557499
3364333;1;2;1; ; ; ; ; ; ; ; ; ; ; ; ;12;144,505049557499
3364334;1;1;2;2;27; ;2; ; ;1;2; ; ;1; ;12;223,449161916497
3364334;1;2;2;2;73; ;2; ; ;1;2; ; ;1; ;12;223,449161916497
3364334;1;3;1; ; ; ; ; ; ; ; ; ; ; ; ;12;223,449161916497
3364334;1;4;1; ; ; ; ; ; ; ; ; ; ; ; ;12;223,449161916497
3364335;1;1;1; ; ; ; ; ; ; ; ; ; ; ; ;12;216,515672285404
3364335;1;2;1; ; ; ; ; ; ; ; ; ; ; ; ;12;216,515672285404
3364336;1;1;1; ; ; ; ; ; ; ; ; ; ; ; ;12;123,359742372216
3364336;1;2;1; ; ; ; ; ; ; ; ; ; ; ; ;12;123,359742372216
3364338;1;1;2;2;66; ;2; ; ;1;2; ; ;1; ;12;174,109038996643
3364338;1;2;2;2;17; ;2; ; ;1;2; ; ;1; ;12;174,109038996643
3364338;1;3;1; ; ; ; ; ; ; ; ; ; ; ; ;12;174,109038996643
3364339;1;1;1; ; ; ; ; ; ; ; ; ; ; ; ;12;215,527695336012
3364339;1;2;1; ; ; ; ; ; ; ; ; ; ; ; ;12;215,527695336012
3364339;1;3;1; ; ; ; ; ; ; ; ; ; ; ; ;12;215,527695336012
3364339;1;4;1; ; ; ; ; ; ; ; ; ; ; ; ;12;215,527695336012
3364340;1;1;1; ; ; ; ; ; ; ; ; ; ; ; ;12;188,113314834208
3364340;1;2;2;2;17; ;2; ; ;1;2; ; ;1; ;12;188,113314834208
3364341;1;1;2;2;17; ;2; ; ;1;2; ; ;1; ;12;215,527695336012
3364341;1;2;1; ; ; ; ; ; ; ; ; ; ; ; ;12;215,527695336012
3364341;1;3;1; ; ; ; ; ; ; ; ; ; ; ; ;12;215,527695336012
3364341;1;4;1; ; ; ; ; ; ; ; ; ; ; ; ;12;215,527695336012
3364342;1;1;2;2;17; ;2; ; ;1;2; ; ;1; ;12;123,359742372216
3364342;1;2;2;2;17; ;2; ; ;1;2; ; ;1; ;12;123,359742372216
3364343;1;1;2;2;05; ;2; ; ;1;2; ; ;1; ;12;220,341247898188
3364343;1;2;1; ; ; ; ; ; ; ; ; ; ; ; ;12;220,341247898188
3364343;1;3;1; ; ; ; ; ; ; ; ; ; ; ; ;12;220,341247898188
3364344;1;1;1; ; ; ; ; ; ; ; ; ; ; ; ;12;202,773646100291
3364344;1;2;1; ; ; ; ; ; ; ; ; ; ; ; ;12;202,773646100291
3364344;1;3;1; ; ; ; ; ; ; ; ; ; ; ; ;12;202,773646100291
3364346;1;1;2;2;05; ;2; ; ;1;2; ; ;1; ;12;136,113791607938
3364346;1;2;2;2;05; ;2; ; ;1;2; ; ;1; ;12;136,113791607938
3364346;1;3;2;1; ; ;2; ; ;1;2; ; ;1; ;12;136,113791607938
3364347;1;1;1; ; ; ; ; ; ; ; ; ; ; ; ;12;202,566104383665
3364347;1;2;1; ; ; ; ; ; ; ; ; ; ; ; ;12;202,566104383665
3364347;1;3;1; ; ; ; ; ; ; ; ; ; ; ; ;12;202,566104383665
3364347;1;4;1; ; ; ; ; ; ; ; ; ; ; ; ;12;202,566104383665
3364348;1;1;1; ; ; ; ; ; ; ; ; ; ; ; ;12;203,975278088238
3364348;1;2;1; ; ; ; ; ; ; ; ; ; ; ; ;12;203,975278088238
3364348;1;3;1; ; ; ; ; ; ; ; ; ; ; ; ;12;203,975278088238
3364348;1;4;1; ; ; ; ; ; ; ; ; ; ; ; ;12;203,975278088238
3364349;1;1;1; ; ; ; ; ; ; ; ; ; ; ; ;12;287,538318063917
3364349;1;2;1; ; ; ; ; ; ; ; ; ; ; ; ;12;287,538318063917
3364349;1;3;1; ; ; ; ; ; ; ; ; ; ; ; ;12;287,538318063917
3364349;1;4;1; ; ; ; ; ; ; ; ; ; ; ; ;12;287,538318063917
3364350;1;1;1; ; ; ; ; ; ; ; ; ; ; ; ;12;232,377635539435
3364350;1;2;1; ; ; ; ; ; ; ; ; ; ; ; ;12;232,377635539435
3364350;1;3;1; ; ; ; ; ; ; ; ; ; ; ; ;12;232,377635539435
3364350;1;4;1; ; ; ; ; ; ; ; ; ; ; ; ;12;232,377635539435
3364351;1;1;2;2;17; ;2; ; ;1;2; ; ;1; ;12;196,979455332836
3364351;1;2;2;2;17; ;2; ; ;1;2; ; ;1; ;12;196,979455332836
3364351;1;3;2;2;17; ;2; ; ;1;2; ; ;1; ;12;196,979455332836
3364352;1;1;1; ; ; ; ; ; ; ; ; ; ; ; ;12;154,565923813945
3364352;1;2;1; ; ; ; ; ; ; ; ; ; ; ; ;12;154,565923813945
3364352;1;3;2;1; ; ;2; ; ;1;2; ; ;1; ;12;154,565923813945
3364352;1;4;2;2;18; ;2; ; ;1;2; ; ;1; ;12;154,565923813945
3364352;1;5;1; ; ; ; ; ; ; ; ; ; ; ; ;12;154,565923813945
3364352;1;6;1; ; ; ; ; ; ; ; ; ; ; ; ;12;154,565923813945
3364352;1;7;1; ; ; ; ; ; ; ; ; ; ; ; ;12;154,565923813945
3364353;1;1;1; ; ; ; ; ; ; ; ; ; ; ; ;12;245,911679493939
3364353;1;2;1; ; ; ; ; ; ; ; ; ; ; ; ;12;245,911679493939
3364353;1;3;1; ; ; ; ; ; ; ; ; ; ; ; ;12;245,911679493939
3364353;1;4;2;2;17; ;2; ; ;1;2; ; ;1; ;12;245,911679493939
3364354;1;1;1; ; ; ; ; ; ; ; ; ; ; ; ;12;206,599221713074
3364354;1;2;1; ; ; ; ; ; ; ; ; ; ; ; ;12;206,599221713074
3364354;1;3;1; ; ; ; ; ; ; ; ; ; ; ; ;12;206,599221713074
3364354;1;4;1; ; ; ; ; ; ; ; ; ; ; ; ;12;206,599221713074
3364355;1;1;1; ; ; ; ; ; ; ; ; ; ; ; ;12;177,996947733736
3364355;1;2;1; ; ; ; ; ; ; ; ; ; ; ; ;12;177,996947733736
3364355;1;3;1; ; ; ; ; ; ; ; ; ; ; ; ;12;177,996947733736
3364356;1;1;2;2;73; ;2; ; ;1;2; ; ;1; ;12;133,575225100313
3364356;1;2;2;2;73; ;2; ; ;1;2; ; ;1; ;12;133,575225100313
3364356;1;3;2;2;73; ;2; ; ;1;2; ; ;1; ;12;133,575225100313
3364356;1;4;1; ; ; ; ; ; ; ; ; ; ; ; ;12;133,575225100313
3364357;1;1;2;2;68; ;2; ; ;1;2; ; ;1; ;12;131,875938844329
3364357;2;1;2;2;41; ;2; ; ;1;2; ; ;1; ;12;131,875938844329
3364358;1;1;2;2;41; ;2; ; ;1;2; ; ;1; ;12;101,048972799959
3364358;1;2;2;1; ; ;2; ; ;1;2; ; ;1; ;12;101,048972799959
3364359;1;1;2;2;41; ;2; ; ;1;2; ; ;1; ;12;227,451396810575
3364359;1;2;2;2;47; ;3;11; ;1;2; ; ;1; ;12;227,451396810575
3364359;1;3;2;2;11; ;3;11; ;1;2; ; ;1; ;12;227,451396810575
3364359;1;4;2;2;11; ;1; ; ; ;2; ; ;1; ;12;227,451396810575
3364360;1;1;2;2;41; ;2; ; ;1;2; ; ;1; ;12;190,400445939025
3364360;1;2;1; ; ; ; ; ; ; ; ; ; ; ; ;12;190,400445939025
3364360;1;3;1; ; ; ; ; ; ; ; ; ; ; ; ;12;190,400445939025
3364360;1;4;1; ; ; ; ; ; ; ; ; ; ; ; ;12;190,400445939025
3364360;1;5;2;1; ; ;2; ; ;1;2; ; ;1; ;12;190,400445939025
3364361;1;1;1; ; ; ; ; ; ; ; ; ; ; ; ;12;223,121242073088
3364361;1;2;2;2;41; ;2; ; ;1;2; ; ;1; ;12;223,121242073088
3364361;1;3;1; ; ; ; ; ; ; ; ; ; ; ; ;12;223,121242073088
3364362;1;1;2;2;44; ;3;11; ;1;3;11; ;1; ;12;200,809117865779
3364362;1;2;2;2;54; ;3;11; ;1;3;11; ;1; ;12;200,809117865779
3364362;1;3;2;1; ; ;2; ; ;1;2; ; ;1; ;12;200,809117865779
3364363;1;1;2;2;41; ;3;25; ;1;2; ; ;1; ;12;127,710738276414
3364364;1;1;2;1; ; ;2; ; ;1;2; ; ;1; ;12;166,972138299024
3364364;1;2;1; ; ; ; ; ; ; ; ; ; ; ; ;12;166,972138299024
3364364;1;3;1; ; ; ; ; ; ; ; ; ; ; ; ;12;166,972138299024
3364365;1;1;2;2;41; ;2; ; ;1;2; ; ;1; ;12;77,7811959744953
3364365;1;2;1; ; ; ; ; ; ; ; ; ; ; ; ;12;77,7811959744953
3364365;1;3;1; ; ; ; ; ; ; ; ; ; ; ; ;12;77,7811959744953
3364365;1;4;1; ; ; ; ; ; ; ; ; ; ; ; ;12;77,7811959744953
3364368;1;1;2;1; ; ;2; ; ;1;2; ; ;1; ;12;125,634869593256
3364368;1;2;2;2;41; ;3;41; ;1;2; ; ;1; ;12;125,634869593256
3364368;1;3;2;1; ; ;3;41; ;1;2; ; ;1; ;12;125,634869593256
3364368;1;4;2;2;41; ;3;41; ;1;2; ; ;1; ;12;125,634869593256
3364369;1;1;1; ; ; ; ; ; ; ; ; ; ; ; ;12;145,356676207672
3364369;1;2;2;2;76; ;2; ; ;1;2; ; ;1; ;12;145,356676207672
3364369;1;3;2;1; ; ;3;11; ;1;2; ; ;1; ;12;145,356676207672
3364370;1;1;2;1; ; ;2; ; ;1;2; ; ;1; ;12;160,085379392007
3364370;1;2;1; ; ; ; ; ; ; ; ; ; ; ; ;12;160,085379392007
3364370;1;3;2;1; ; ;2; ; ;1;2; ; ;1; ;12;160,085379392007
3364370;1;4;1; ; ; ; ; ; ; ; ; ; ; ; ;12;160,085379392007
3364370;1;5;1; ; ; ; ; ; ; ; ; ; ; ; ;12;160,085379392007
3364371;1;1;1; ; ; ; ; ; ; ; ; ; ; ; ;12;221,075603162584
3364371;1;2;1; ; ; ; ; ; ; ; ; ; ; ; ;12;221,075603162584
3364371;1;3;1; ; ; ; ; ; ; ; ; ; ; ; ;12;221,075603162584
3364372;1;1;2;1; ; ;2; ; ;1;2; ; ;1; ;12;145,356676207672
3364372;1;2;2;2;41; ;2; ; ;1;2; ; ;1; ;12;145,356676207672
3364372;1;3;1; ; ; ; ; ; ; ; ; ; ; ; ;12;145,356676207672
3364373;1;1;1; ; ; ; ; ; ; ; ; ; ; ; ;12;149,133249972156
3364373;1;2;2;1; ; ;2; ; ;1;2; ; ;1; ;12;149,133249972156
3364373;1;3;1; ; ; ; ; ; ; ; ; ; ; ; ;12;149,133249972156
3364374;1;1;2;2;76; ;2; ; ;1;2; ; ;1; ;12;175,64340426385
3364374;1;2;2;2;76; ;2; ; ;1;2; ; ;1; ;12;175,64340426385
3364374;1;3;2;2;76; ;2; ; ;1;2; ; ;1; ;12;175,64340426385
3364374;1;4;1; ; ; ; ; ; ; ; ; ; ; ; ;12;175,64340426385
3364375;1;1;1; ; ; ; ; ; ; ; ; ; ; ; ;12;148,738120888476
3364375;1;2;1; ; ; ; ; ; ; ; ; ; ; ; ;12;148,738120888476
3364376;1;1;2;2;68; ;2; ; ;1;2; ; ;1; ;12;114,939664448773
3364377;1;1;2;2;41; ;2; ; ;1;2; ; ;1; ;12;114,939664448773
3364378;1;1;1; ; ; ; ; ; ; ; ; ; ; ; ;12;238,555343905103
3364378;1;2;2;1; ; ;2; ; ;1;2; ; ;1; ;12;238,555343905103
3364379;1;1;2;2;41; ;2; ; ;1;2; ; ;1; ;12;135,242558323342
3364379;1;2;1; ; ; ; ; ; ; ; ; ; ; ; ;12;135,242558323342
3364379;1;3;1; ; ; ; ; ; ; ; ; ; ; ; ;12;135,242558323342
3364379;1;4;1; ; ; ; ; ; ; ; ; ; ; ; ;12;135,242558323342
3364380;1;1;1; ; ; ; ; ; ; ; ; ; ; ; ;12;157,41300033353
3364382;1;1;1; ; ; ; ; ; ; ; ; ; ; ; ;12;151,414113427181
3364382;1;2;1; ; ; ; ; ; ; ; ; ; ; ; ;12;151,414113427181
3364382;1;3;1; ; ; ; ; ; ; ; ; ; ; ; ;12;151,414113427181
3364382;1;4;1; ; ; ; ; ; ; ; ; ; ; ; ;12;151,414113427181
3364383;1;1;2;2;68; ;3;68; ;1;2; ; ;1; ;12;173,976071040821
3364383;1;2;2;2;68; ;3;68; ;1;2; ; ;1; ;12;173,976071040821
3364383;1;3;2;2;68; ;3;68; ;1;2; ; ;1; ;12;173,976071040821
3364383;1;4;2;2;68; ;3;68; ;1;2; ; ;1; ;12;173,976071040821
3364384;1;1;1; ; ; ; ; ; ; ; ; ; ; ; ;12;99,3816395769298
3364384;1;2;1; ; ; ; ; ; ; ; ; ; ; ; ;12;99,3816395769298
3364385;1;1;1; ; ; ; ; ; ; ; ; ; ; ; ;12;174,487036299847
3364386;1;1;2;1; ; ;2; ; ;1;2; ; ;1; ;12;145,766630493143
3364387;1;1;2;2;05; ;2; ; ;1;2; ; ;1; ;12;124,068547343781
3364387;1;2;2;2;05; ;2; ; ;1;2; ; ;1; ;12;124,068547343781
3364387;1;3;1; ; ; ; ; ; ; ; ; ; ; ; ;12;124,068547343781
3364388;1;1;2;2;73; ;3;11; ;1;2; ; ;1; ;12;214,699809514593
3364388;1;2;2;2;41; ;2; ; ;1;2; ; ;1; ;12;214,699809514593
3364389;1;1;1; ; ; ; ; ; ; ; ; ; ; ; ;12;100,947961826404
3364389;1;2;2;2;41; ;2; ; ;2;2; ; ;1; ;12;100,947961826404
3364389;1;3;1; ; ; ; ; ; ; ; ; ; ; ; ;12;100,947961826404
3364390;1;1;1; ; ; ; ; ; ; ; ; ; ; ; ;12;105,143902992926
3364390;1;2;1; ; ; ; ; ; ; ; ; ; ; ; ;12;105,143902992926
3364391;1;1;2;2;50; ;2; ; ;1;2; ; ;1; ;12;146,705653002219
3364391;1;2;2;2;54; ;2; ; ;1;2; ; ;1; ;12;146,705653002219
3364391;1;3;2;2;54; ;2; ; ;1;2; ; ;1; ;12;146,705653002219
3364392;1;1;2;2;11; ;3;41; ;1;2; ; ;1; ;12;136,261506736027
3364392;1;2;2;2;41; ;3;41; ;1;2; ; ;1; ;12;136,261506736027
3364392;1;3;2;2;41; ;2; ; ;1;2; ; ;1; ;12;136,261506736027
3364392;1;4;2;2;41; ;3;41; ;1;2; ; ;1; ;12;136,261506736027
3364392;1;5;1; ; ; ; ; ; ; ; ; ; ; ; ;12;136,261506736027
3364393;1;1;2;2;41; ;2; ; ;1;2; ; ;1; ;12;185,251092993936
3364393;1;2;1; ; ; ; ; ; ; ; ; ; ; ; ;12;185,251092993936
3364393;1;3;2;1; ; ;2; ; ;1;2; ; ;1; ;12;185,251092993936
3364393;1;4;1; ; ; ; ; ; ; ; ; ; ; ; ;12;185,251092993936
3364394;1;1;2;1; ; ;3;11; ;1;2; ; ;1; ;12;211,893371938732
3364394;1;2;2;1; ; ;2; ; ;1;2; ; ;1; ;12;211,893371938732
3364394;1;3;2;1; ; ;3;11; ;1;2; ; ;1; ;12;211,893371938732
3364394;1;4;1; ; ; ; ; ; ; ; ; ; ; ; ;12;211,893371938732
3364394;1;5;1; ; ; ; ; ; ; ; ; ; ; ; ;12;211,893371938732
3364395;1;1;2;2;41; ;2; ; ;1;2; ; ;1; ;12;158,769089690092
3364395;1;2;2;2;41; ;2; ; ;1;2; ; ;1; ;12;158,769089690092
3364395;1;3;1; ; ; ; ; ; ; ; ; ; ; ; ;12;158,769089690092
3364395;1;4;1; ; ; ; ; ; ; ; ; ; ; ; ;12;158,769089690092
3364395;1;5;1; ; ; ; ; ; ; ; ; ; ; ; ;12;158,769089690092
3364396;1;1;2;2;41; ;2; ; ;1;2; ; ;1; ;12;137,495172011685
3364396;1;2;2;2;41; ;2; ; ;1;2; ; ;1; ;12;137,495172011685
3364396;1;3;1; ; ; ; ; ; ; ; ; ; ; ; ;12;137,495172011685
3364396;1;4;1; ; ; ; ; ; ; ; ; ; ; ; ;12;137,495172011685
3364396;1;5;1; ; ; ; ; ; ; ; ; ; ; ; ;12;137,495172011685
3364397;1;1;1; ; ; ; ; ; ; ; ; ; ; ; ;12;184,351660397343
3364397;1;2;2;2;41; ;2; ; ;1;2; ; ;1; ;12;184,351660397343
3364397;1;3;1; ; ; ; ; ; ; ; ; ; ; ; ;12;184,351660397343
3364397;1;4;2;2;41; ;3;41; ;1;2; ; ;1; ;12;184,351660397343
3364397;1;5;2;2;41; ;3;41; ;1;2; ; ;1; ;12;184,351660397343
3364398;1;1;2;2;41; ;2; ; ;1;2; ; ;1; ;12;189,534095912664
3364398;1;2;1; ; ; ; ; ; ; ; ; ; ; ; ;12;189,534095912664
3364398;1;3;1; ; ; ; ; ; ; ; ; ; ; ; ;12;189,534095912664
3364400;1;1;2;2;41; ;2; ; ;1;2; ; ;1; ;12;185,251092993936
3364400;1;2;2;1; ; ;2; ; ;1;2; ; ;1; ;12;185,251092993936
3364400;1;3;1; ; ; ; ; ; ; ; ; ; ; ; ;12;185,251092993936
3364400;1;4;1; ; ; ; ; ; ; ; ; ; ; ; ;12;185,251092993936
3364401;1;1;2;2;41; ;2; ; ;1;2; ; ;1; ;12;202,217671012446
3364401;1;2;1; ; ; ; ; ; ; ; ; ; ; ; ;12;202,217671012446
3364401;1;3;2;2;73; ;2; ; ;1;2; ; ;1; ;12;202,217671012446
3364401;1;4;2;2;41; ;2; ; ;1;2; ; ;1; ;12;202,217671012446
3364401;1;5;2;2;41; ;2; ; ;1;2; ; ;1; ;12;202,217671012446
3364401;1;6;1; ; ; ; ; ; ; ; ; ; ; ; ;12;202,217671012446
3364402;1;1;2;2;73; ;2; ; ;1;2; ; ;1; ;12;142,993191694637
3364402;1;2;1; ; ; ; ; ; ; ; ; ; ; ; ;12;142,993191694637
3364402;1;3;1; ; ; ; ; ; ; ; ; ; ; ; ;12;142,993191694637
3364402;1;4;1; ; ; ; ; ; ; ; ; ; ; ; ;12;142,993191694637
3364403;1;1;1; ; ; ; ; ; ; ; ; ; ; ; ;12;105,143902992926
3364403;1;2;1; ; ; ; ; ; ; ; ; ; ; ; ;12;105,143902992926
3364404;1;1;2;1; ; ;2; ; ;1;2; ; ;1; ;12;146,705653002219
3364404;1;2;1; ; ; ; ; ; ; ; ; ; ; ; ;12;146,705653002219
3364404;1;3;1; ; ; ; ; ; ; ; ; ; ; ; ;12;146,705653002219
3364405;1;1;2;2;18; ;2; ; ;1;2; ; ;1; ;12;155,152437663519
3364405;1;2;1; ; ; ; ; ; ; ; ; ; ; ; ;12;155,152437663519
3364406;1;1;2;2;41; ;3;41; ;2;2; ; ;1; ;12;105,143902992926
3364406;1;2;2;2;41; ;3;41; ;2;2; ; ;1; ;12;105,143902992926
3364407;1;1;2;2;41; ;2; ; ;1;2; ; ;1; ;12;118,834512797983
3364407;1;2;1; ; ; ; ; ; ; ; ; ; ; ; ;12;118,834512797983
3364407;1;3;1; ; ; ; ; ; ; ; ; ; ; ; ;12;118,834512797983
3364407;1;4;1; ; ; ; ; ; ; ; ; ; ; ; ;12;118,834512797983
3364407;1;5;1; ; ; ; ; ; ; ; ; ; ; ; ;12;118,834512797983
3364407;1;6;1; ; ; ; ; ; ; ; ; ; ; ; ;12;118,834512797983
3364408;1;1;2;2;41; ;2; ; ;1;2; ; ;1; ;12;150,800583195185
3364408;1;2;2;2;41; ;2; ; ;1;2; ; ;1; ;12;150,800583195185
3364408;1;3;1; ; ; ; ; ; ; ; ; ; ; ; ;12;150,800583195185
3364409;1;1;1; ; ; ; ; ; ; ; ; ; ; ; ;12;154,355275399959
3364409;1;2;1; ; ; ; ; ; ; ; ; ; ; ; ;12;154,355275399959
3364409;1;3;1; ; ; ; ; ; ; ; ; ; ; ; ;12;154,355275399959
3364409;1;4;1; ; ; ; ; ; ; ; ; ; ; ; ;12;154,355275399959
3364410;1;1;1; ; ; ; ; ; ; ; ; ; ; ; ;12;120,325687002661
3364410;1;2;1; ; ; ; ; ; ; ; ; ; ; ; ;12;120,325687002661
3364410;1;3;1; ; ; ; ; ; ; ; ; ; ; ; ;12;120,325687002661
3364410;1;4;1; ; ; ; ; ; ; ; ; ; ; ; ;12;120,325687002661
3364410;1;5;1; ; ; ; ; ; ; ; ; ; ; ; ;12;120,325687002661
3364410;1;6;1; ; ; ; ; ; ; ; ; ; ; ; ;12;120,325687002661
3364410;1;7;1; ; ; ; ; ; ; ; ; ; ; ; ;12;120,325687002661
3364411;1;1;2;2;41; ;2; ; ;1;2; ; ;1; ;12;189,534095912664
3364411;1;2;2;2;52; ;2; ; ;1;2; ; ;1; ;12;189,534095912664
3364411;1;3;2;2;52; ;2; ; ;1;2; ; ;1; ;12;189,534095912664
3364412;1;1;2;2;41; ;3;41; ;2;2; ; ;1; ;12;110,264917447174
3364412;1;2;2;2;18; ;3;18; ;2;2; ; ;1; ;12;110,264917447174
3364412;1;3;2;2;18; ;3;18; ;2;3;18; ;2;4;12;110,264917447174
3364412;1;4;2;2;18; ;3;18; ;2;2; ; ;1; ;12;110,264917447174
3364416;1;1;1; ; ; ; ; ; ; ; ; ; ; ; ;12;114,939664448773
3364417;1;1;1; ; ; ; ; ; ; ; ; ; ; ; ;12;195,775165163737
3364418;1;1;1; ; ; ; ; ; ; ; ; ; ; ; ;12;258,751387595305
3364418;1;2;1; ; ; ; ; ; ; ; ; ; ; ; ;12;258,751387595305
3364418;1;3;1; ; ; ; ; ; ; ; ; ; ; ; ;12;258,751387595305
3364418;1;4;2;2;11; ;2; ; ;1;2; ; ;1; ;12;258,751387595305
3364418;1;5;1; ; ; ; ; ; ; ; ; ; ; ; ;12;258,751387595305
3364418;1;6;1; ; ; ; ; ; ; ; ; ; ; ; ;12;258,751387595305
3364418;1;7;1; ; ; ; ; ; ; ; ; ; ; ; ;12;258,751387595305
3364418;1;8;1; ; ; ; ; ; ; ; ; ; ; ; ;12;258,751387595305
3364418;1;9;1; ; ; ; ; ; ; ; ; ; ; ; ;12;258,751387595305
3364418;1;10;2;2;41; ;2; ; ;1;2; ; ;1; ;12;258,751387595305
3364418;1;11;1; ; ; ; ; ; ; ; ; ; ; ; ;12;258,751387595305
3364418;1;12;1; ; ; ; ; ; ; ; ; ; ; ; ;12;258,751387595305
3364418;1;13;1; ; ; ; ; ; ; ; ; ; ; ; ;12;258,751387595305
3364419;1;1;2;2;41; ;2; ; ;1;2; ; ;1; ;12;145,03831977919
3364419;1;2;1; ; ; ; ; ; ; ; ; ; ; ; ;12;145,03831977919
3364419;1;3;1; ; ; ; ; ; ; ; ; ; ; ; ;12;145,03831977919
3364420;1;1;2;2;41; ;2; ; ;1;2; ; ;1; ;12;105,143902992926
3364420;1;2;2;2;41; ;2; ; ;1;2; ; ;1; ;12;105,143902992926
3364421;1;1;2;2;41; ;2; ; ;1;2; ; ;1; ;12;77,7811959744953
3364421;1;2;2;2;41; ;2; ; ;1;2; ; ;1; ;12;77,7811959744953
3364421;1;3;2;2;41; ;2; ; ;1;2; ; ;1; ;12;77,7811959744953
3364422;1;1;2;1; ; ;2; ; ;1;2; ; ;1; ;12;164,691274843999
3364422;1;2;1; ; ; ; ; ; ; ; ; ; ; ; ;12;164,691274843999
3364423;1;1;1; ; ; ; ; ; ; ; ; ; ; ; ;12;147,862020966222
3364423;1;2;1; ; ; ; ; ; ; ; ; ; ; ; ;12;147,862020966222
3364423;1;3;1; ; ; ; ; ; ; ; ; ; ; ; ;12;147,862020966222
3364423;1;4;1; ; ; ; ; ; ; ; ; ; ; ; ;12;147,862020966222
3364423;1;5;1; ; ; ; ; ; ; ; ; ; ; ; ;12;147,862020966222
3364423;1;6;1; ; ; ; ; ; ; ; ; ; ; ; ;12;147,862020966222
3364424;1;1;1; ; ; ; ; ; ; ; ; ; ; ; ;12;87,1582811511447
3364424;1;2;1; ; ; ; ; ; ; ; ; ; ; ; ;12;87,1582811511447
3364424;1;3;2;2;41; ;2; ; ;1;2; ; ;1; ;12;87,1582811511447
3364425;1;1;2;2;41; ;3;41; ;2;2; ; ;1; ;12;168,245967048773
3364425;1;2;2;2;41; ;3;41; ;2;2; ; ;1; ;12;168,245967048773
3364425;1;3;2;2;76; ;3;41; ;2;2; ; ;1; ;12;168,245967048773
3364426;1;1;2;2;41; ;2; ; ;1;2; ; ;1; ;12;218,066428993606
3364426;1;2;1; ; ; ; ; ; ; ; ; ; ; ; ;12;218,066428993606
3364426;1;3;1; ; ; ; ; ; ; ; ; ; ; ; ;12;218,066428993606
3364426;1;4;1; ; ; ; ; ; ; ; ; ; ; ; ;12;218,066428993606
3364427;1;1;1; ; ; ; ; ; ; ; ; ; ; ; ;12;164,368382310735
3364427;1;2;2;2;50; ;2; ; ;1;2; ; ;1; ;12;164,368382310735
3364427;1;3;1; ; ; ; ; ; ; ; ; ; ; ; ;12;164,368382310735
3364427;1;4;1; ; ; ; ; ; ; ; ; ; ; ; ;12;164,368382310735
3364428;1;1;2;2;41; ;2; ; ;1;2; ; ;1; ;12;114,563423586665
3364428;1;2;2;2;11; ;2; ; ;1;2; ; ;1; ;12;114,563423586665
3364428;1;3;1; ; ; ; ; ; ; ; ; ; ; ; ;12;114,563423586665
3364428;1;4;1; ; ; ; ; ; ; ; ; ; ; ; ;12;114,563423586665
3364428;1;5;1; ; ; ; ; ; ; ; ; ; ; ; ;12;114,563423586665
3364428;1;6;2;2;41; ;2; ; ;1;2; ; ;1; ;12;114,563423586665
3364428;1;7;1; ; ; ; ; ; ; ; ; ; ; ; ;12;114,563423586665
3364429;1;1;1; ; ; ; ; ; ; ; ; ; ; ; ;12;164,659115420051
3364429;1;2;1; ; ; ; ; ; ; ; ; ; ; ; ;12;164,659115420051
3364429;1;3;1; ; ; ; ; ; ; ; ; ; ; ; ;12;164,659115420051
3364430;1;1;1; ; ; ; ; ; ; ; ; ; ; ; ;12;160,596344651033
3364430;1;2;1; ; ; ; ; ; ; ; ; ; ; ; ;12;160,596344651033
3364431;1;1;2;2;76; ;2; ; ;1;2; ; ;1; ;12;108,698595197699
3364431;1;2;1; ; ; ; ; ; ; ; ; ; ; ; ;12;108,698595197699
3364431;1;3;2;2;68; ;2; ; ;1;2; ; ;1; ;12;108,698595197699
3364433;1;1;2;2;41; ;2; ; ;1;2; ; ;1; ;12;192,968727587876
3364433;1;2;1; ; ; ; ; ; ; ; ; ; ; ; ;12;192,968727587876
3364433;1;3;1; ; ; ; ; ; ; ; ; ; ; ; ;12;192,968727587876
3364433;1;4;1; ; ; ; ; ; ; ; ; ; ; ; ;12;192,968727587876
3364434;1;1;2;1; ; ;3;20; ;1;2; ; ;1; ;12;100,947961826404
3364434;1;2;2;2;13; ;3;13; ;2;2; ; ;1; ;12;100,947961826404
3364434;1;3;1; ; ; ; ; ; ; ; ; ; ; ; ;12;100,947961826404
3364435;1;1;2;2;41; ;2; ; ;1;2; ; ;1; ;12;204,904048058746
3364435;1;2;2;2;73; ;2; ; ;1;2; ; ;1; ;12;204,904048058746
3364435;1;3;2;2;73; ;2; ; ;1;2; ; ;1; ;12;204,904048058746
3364436;1;1;1; ; ; ; ; ; ; ; ; ; ; ; ;12;179,328380171345
3364436;1;2;2;2;41; ;2; ; ;1;2; ; ;1; ;12;179,328380171345
3364436;1;3;1; ; ; ; ; ; ; ; ; ; ; ; ;12;179,328380171345
3364436;1;4;1; ; ; ; ; ; ; ; ; ; ; ; ;12;179,328380171345
3364436;1;5;1; ; ; ; ; ; ; ; ; ; ; ; ;12;179,328380171345
3364436;1;6;1; ; ; ; ; ; ; ; ; ; ; ; ;12;179,328380171345
3364437;1;1;1; ; ; ; ; ; ; ; ; ; ; ; ;12;77,7811959744953
3364437;1;2;2;2;76; ;2; ; ;1;2; ; ;1; ;12;77,7811959744953
3364437;1;3;2;2;76; ;2; ; ;1;2; ; ;1; ;12;77,7811959744953
3364437;1;4;2;2;25; ;2; ; ;1;2; ; ;1; ;12;77,7811959744953
3364437;1;5;1; ; ; ; ; ; ; ; ; ; ; ; ;12;77,7811959744953
3364438;1;1;2;2;66; ;2; ; ;1;2; ; ;1; ;12;180,217140291894
3364438;1;2;1; ; ; ; ; ; ; ; ; ; ; ; ;12;180,217140291894
3364439;1;1;2;2;73; ;3;41; ;1;2; ; ;1; ;12;108,510522471938
3364439;1;2;2;2;41; ;3;41; ;1;2; ; ;1; ;12;108,510522471938
3364439;1;3;2;2;41; ;3;41; ;1;2; ; ;1; ;12;108,510522471938
3364439;1;4;2;2;41; ;3;41; ;1;3;41; ;1; ;12;108,510522471938
3364440;1;1;2;2;41; ;3;11; ;1;2; ; ;1; ;12;118,306283927786
3364440;1;2;2;2;11; ;3;11; ;1;2; ; ;1; ;12;118,306283927786
3364440;1;3;2;2;11; ;3;11; ;1;2; ; ;1; ;12;118,306283927786
3364441;1;1;2;2;41; ;2; ; ;1;2; ; ;1; ;12;135,242558323342
3364441;1;2;2;2;18; ;3;41; ;2;2; ; ;1; ;12;135,242558323342
3364441;1;3;2;1; ; ;2; ; ;1;2; ; ;1; ;12;135,242558323342
3364441;1;4;2;1; ; ;2; ; ;1;2; ; ;1; ;12;135,242558323342
3364442;1;1;2;2;41; ;3;41; ;1;3;41; ;1; ;12;155,099089334676
3364442;1;2;2;2;41; ;3;41; ;1;3;41; ;1; ;12;155,099089334676
3364442;1;3;2;2;41; ;3;41; ;1;3;41; ;1; ;12;155,099089334676
3364442;1;4;2;2;41; ;3;41; ;1;3;41; ;1; ;12;155,099089334676
3364442;1;5;2;2;41; ;2; ; ;1;2; ; ;1; ;12;155,099089334676
3364442;1;6;1; ; ; ; ; ; ; ; ; ; ; ; ;12;155,099089334676
3364443;1;1;2;2;41; ;2; ; ;1;2; ; ;1; ;12;155,152437663519
3364443;1;2;2;2;41; ;2; ; ;1;2; ; ;1; ;12;155,152437663519
3364444;1;1;1; ; ; ; ; ; ; ; ; ; ; ; ;12;185,251092993936
3364444;1;2;1; ; ; ; ; ; ; ; ; ; ; ; ;12;185,251092993936
3364444;1;3;1; ; ; ; ; ; ; ; ; ; ; ; ;12;185,251092993936
3364444;1;4;1; ; ; ; ; ; ; ; ; ; ; ; ;12;185,251092993936
3364445;1;1;2;2;41; ;3;41; ;1;2; ; ;1; ;12;139,62812621504
3364445;1;2;2;2;41; ;3;41; ;1;2; ; ;1; ;12;139,62812621504
3364445;1;3;2;1; ; ;3;41; ;1;2; ; ;1; ;12;139,62812621504
3364445;1;4;2;1; ; ;3;41; ;1;2; ; ;1; ;12;139,62812621504
3364445;1;5;2;2;41; ;2; ; ;1;2; ; ;1; ;12;139,62812621504
3364445;1;6;2;2;15; ;2; ; ;1;2; ; ;1; ;12;139,62812621504
3364445;1;7;2;2;41; ;1; ; ; ;1; ; ; ; ;12;139,62812621504
3364447;1;1;2;2;41; ;2; ; ;1;2; ; ;1; ;12;164,659115420051
3364447;1;2;1; ; ; ; ; ; ; ; ; ; ; ; ;12;164,659115420051
3364447;1;3;1; ; ; ; ; ; ; ; ; ; ; ; ;12;164,659115420051
3364448;1;1;2;2;73; ;2; ; ;1;2; ; ;1; ;12;114,939664448773
3364449;1;1;2;2;41; ;3;11; ;1;2; ; ;1; ;12;149,133249972156
3364449;1;2;2;2;73; ;3;11; ;1;2; ; ;1; ;12;149,133249972156
3364449;1;3;2;2;05; ;3;11; ;1;2; ; ;1; ;12;149,133249972156
3364450;1;1;1; ; ; ; ; ; ; ; ; ; ; ; ;12;129,885713088036
3364450;1;2;2;2;41; ;2; ; ;1;2; ; ;1; ;12;129,885713088036
3364450;1;3;1; ; ; ; ; ; ; ; ; ; ; ; ;12;129,885713088036
3364450;1;4;1; ; ; ; ; ; ; ; ; ; ; ; ;12;129,885713088036
3364451;1;1;2;2;18; ;3;41; ;1;2; ; ;1; ;12;152,570481391184
3364451;1;2;2;2;76; ;3;41; ;1;2; ; ;1; ;12;152,570481391184
3364451;1;3;2;2;18; ;3;41; ;1;2; ; ;1; ;12;152,570481391184
3364451;1;4;2;2;18; ;3;41; ;1;2; ; ;1; ;12;152,570481391184
3364451;1;5;2;2;18; ;3;41; ;1;2; ; ;1; ;12;152,570481391184
3364451;1;6;2;2;18; ;3;41; ;1;2; ; ;1; ;12;152,570481391184
3364451;1;7;2;2;18; ;3;41; ;1;2; ; ;1; ;12;152,570481391184
3364452;1;1;1; ; ; ; ; ; ; ; ; ; ; ; ;12;155,152437663519
3364452;1;2;2;2;73; ;2; ; ;1;2; ; ;1; ;12;155,152437663519
3364453;1;1;2;2;41; ;2; ; ;1;2; ; ;1; ;12;145,356676207672
3364453;1;2;2;2;41; ;2; ; ;1;2; ; ;1; ;12;145,356676207672
3364453;1;3;2;2;41; ;2; ; ;1;2; ; ;1; ;12;145,356676207672
3364454;1;1;2;2;41; ;2; ; ;1;2; ; ;1; ;12;94,8079035488855
3364454;1;2;1; ; ; ; ; ; ; ; ; ; ; ; ;12;94,8079035488855
3364454;1;3;1; ; ; ; ; ; ; ; ; ; ; ; ;12;94,8079035488855
3364454;1;4;1; ; ; ; ; ; ; ; ; ; ; ; ;12;94,8079035488855
3364455;1;1;2;2;73; ;2; ; ;1;2; ; ;1; ;12;204,494093773274
3364455;1;2;2;2;73; ;2; ; ;1;2; ; ;1; ;12;204,494093773274
3364455;1;3;2;2;73; ;2; ; ;1;2; ; ;1; ;12;204,494093773274
3364455;1;4;2;2;73; ;2; ; ;1;2; ; ;1; ;12;204,494093773274
3364455;1;5;2;2;73; ;2; ; ;1;2; ; ;1; ;12;204,494093773274
3364456;1;1;1; ; ; ; ; ; ; ; ; ; ; ; ;12;166,562184013552
3364456;1;2;1; ; ; ; ; ; ; ; ; ; ; ; ;12;166,562184013552
3364456;1;3;2;2;41; ;3;41; ;1;2; ; ;1; ;12;166,562184013552
3364456;1;4;1; ; ; ; ; ; ; ; ; ; ; ; ;12;166,562184013552
3364456;1;5;1; ; ; ; ; ; ; ; ; ; ; ; ;12;166,562184013552
3364457;1;1;2;2;63; ;2; ; ;1;2; ; ;1; ;12;91,8667415761069
3364457;1;2;1; ; ; ; ; ; ; ; ; ; ; ; ;12;91,8667415761069
3364457;1;3;1; ; ; ; ; ; ; ; ; ; ; ; ;12;91,8667415761069
3364457;1;4;1; ; ; ; ; ; ; ; ; ; ; ; ;12;91,8667415761069
3364458;1;1;1; ; ; ; ; ; ; ; ; ; ; ; ;12;139,014595983044
3364458;1;2;1; ; ; ; ; ; ; ; ; ; ; ; ;12;139,014595983044
3364458;1;3;1; ; ; ; ; ; ; ; ; ; ; ; ;12;139,014595983044
3364458;1;4;2;2;15; ;2; ; ;1;2; ; ;1; ;12;139,014595983044
3364458;1;5;1; ; ; ; ; ; ; ; ; ; ; ; ;12;139,014595983044
3364458;1;6;2;1; ; ;3;41; ;2;2; ; ;1; ;12;139,014595983044
3364459;1;1;1; ; ; ; ; ; ; ; ; ; ; ; ;12;119,306738589976
3364459;1;2;2;2;41; ;2; ; ;1;2; ; ;1; ;12;119,306738589976
3364459;1;3;1; ; ; ; ; ; ; ; ; ; ; ; ;12;119,306738589976
3364459;2;1;1; ; ; ; ; ; ; ; ; ; ; ; ;12;119,306738589976
3364459;2;2;1; ; ; ; ; ; ; ; ; ; ; ; ;12;119,306738589976
3364459;2;3;1; ; ; ; ; ; ; ; ; ; ; ; ;12;119,306738589976
3364460;1;1;1; ; ; ; ; ; ; ; ; ; ; ; ;12;139,115606956599
3364460;1;2;2;2;41; ;2; ; ;1;2; ; ;1; ;12;139,115606956599
3364460;1;3;2;2;41; ;2; ; ;1;2; ; ;1; ;12;139,115606956599
3364460;1;4;1; ; ; ; ; ; ; ; ; ; ; ; ;12;139,115606956599
3364460;1;5;1; ; ; ; ; ; ; ; ; ; ; ; ;12;139,115606956599
3364461;1;1;2;2;76; ;2; ; ;1;2; ; ;1; ;12;214,699809514593
3364461;1;2;2;2;41; ;3;41; ;1;2; ; ;1; ;12;214,699809514593
3364462;1;1;2;2;18; ;2; ; ;1;2; ; ;1; ;12;145,766630493143
3364463;1;1;2;2;41; ;3;41; ;2;2; ; ;1; ;12;132,489469076325
3364463;1;2;2;2;19; ;3;41; ;2;2; ; ;1; ;12;132,489469076325
3364463;1;3;2;1; ; ;1; ; ; ;2; ; ;1; ;12;132,489469076325
3364464;1;1;1; ; ; ; ; ; ; ; ; ; ; ; ;12;96,186153072599
3364464;1;2;1; ; ; ; ; ; ; ; ; ; ; ; ;12;96,186153072599
3364464;1;3;1; ; ; ; ; ; ; ; ; ; ; ; ;12;96,186153072599
3364464;1;4;1; ; ; ; ; ; ; ; ; ; ; ; ;12;96,186153072599
3364464;1;5;1; ; ; ; ; ; ; ; ; ; ; ; ;12;96,186153072599
3364464;1;6;1; ; ; ; ; ; ; ; ; ; ; ; ;12;96,186153072599
3364465;1;1;2;1; ; ;2; ; ;1;2; ; ;1; ;12;145,766630493143
3364468;1;1;1; ; ; ; ; ; ; ; ; ; ; ; ;12;135,560914751825
3364468;1;2;2;2;41; ;2; ; ;1;2; ; ;1; ;12;135,560914751825
3364468;1;3;2;1; ; ;3;15; ;1;2; ; ;1; ;12;135,560914751825
3364468;1;4;1; ; ; ; ; ; ; ; ; ; ; ; ;12;135,560914751825
3364471;1;1;2;2;08; ;3;76; ;1;2; ; ;1; ;12;200,809117865779
3364471;1;2;2;2;41; ;3;76; ;1;2; ; ;1; ;12;200,809117865779
3364471;1;3;2;2;76; ;3;76; ;1;2; ; ;1; ;12;200,809117865779
3364472;1;1;2;2;50; ;3;11; ;1;2; ; ;1; ;12;180,217140291894
3364472;1;2;1; ; ; ; ; ; ; ; ; ; ; ; ;12;180,217140291894
3364473;1;1;2;2;73; ;2; ; ;1;2; ; ;1; ;12;150,800583195185
3364473;1;2;2;2;18; ;2; ; ;1;2; ; ;1; ;12;150,800583195185
3364473;1;3;2;2;41; ;2; ; ;1;2; ; ;1; ;12;150,800583195185
3364474;1;1;1; ; ; ; ; ; ; ; ; ; ; ; ;12;145,766630493143
3364475;1;1;2;2;41; ;2; ; ;1;2; ; ;1; ;12;189,346023186903
3364475;1;2;1; ; ; ; ; ; ; ; ; ; ; ; ;12;189,346023186903
3364475;1;3;1; ; ; ; ; ; ; ; ; ; ; ; ;12;189,346023186903
3364475;1;4;1; ; ; ; ; ; ; ; ; ; ; ; ;12;189,346023186903
3364476;1;1;2;2;25; ;2; ; ;1;2; ; ;1; ;12;155,152437663519
3364476;1;2;2;2;18; ;2; ; ;1;2; ; ;1; ;12;155,152437663519
3364477;1;1;1; ; ; ; ; ; ; ; ; ; ; ; ;12;126,113675428334
3364477;1;2;1; ; ; ; ; ; ; ; ; ; ; ; ;12;126,113675428334
3364478;1;1;2;2;17; ;2; ; ;1;2; ; ;1; ;12;108,698595197699
3364478;1;2;1; ; ; ; ; ; ; ; ; ; ; ; ;12;108,698595197699
3364478;1;3;1; ; ; ; ; ; ; ; ; ; ; ; ;12;108,698595197699
3364479;1;1;2;2;41; ;2; ; ;1;2; ; ;1; ;12;131,600708955776
3364479;1;2;2;2;41; ;2; ; ;1;2; ; ;1; ;12;131,600708955776
3364479;1;3;1; ; ; ; ; ; ; ; ; ; ; ; ;12;131,600708955776
3364479;1;4;2;2;11; ;2; ; ;1;2; ; ;1; ;12;131,600708955776
3364479;1;5;1; ; ; ; ; ; ; ; ; ; ; ; ;12;131,600708955776
3364479;1;6;1; ; ; ; ; ; ; ; ; ; ; ; ;12;131,600708955776
3364479;1;7;2;1; ; ;3;11; ;1;3;11; ;1; ;12;131,600708955776
3364480;1;1;2;2;41; ;2; ; ;1;2; ; ;1; ;12;200,809117865779
3364480;1;2;1; ; ; ; ; ; ; ; ; ; ; ; ;12;200,809117865779
3364480;1;3;1; ; ; ; ; ; ; ; ; ; ; ; ;12;200,809117865779
3364481;1;1;1; ; ; ; ; ; ; ; ; ; ; ; ;12;173,976071040821
3364481;1;2;2;2;41; ;2; ; ;1;2; ; ;1; ;12;173,976071040821
3364481;1;3;1; ; ; ; ; ; ; ; ; ; ; ; ;12;173,976071040821
3364481;1;4;1; ; ; ; ; ; ; ; ; ; ; ; ;12;173,976071040821
3364482;1;1;2;2;25; ;2; ; ;1;2; ; ;1; ;12;105,143902992926
3364482;1;2;1; ; ; ; ; ; ; ; ; ; ; ; ;12;105,143902992926
3364483;1;1;2;2;25; ;2; ; ;1;2; ; ;1; ;12;170,011424550575
3364483;1;2;2;2;41; ;2; ; ;1;2; ; ;1; ;12;170,011424550575
3364483;1;3;1; ; ; ; ; ; ; ; ; ; ; ; ;12;170,011424550575
3364483;1;4;1; ; ; ; ; ; ; ; ; ; ; ; ;12;170,011424550575
3364483;1;5;1; ; ; ; ; ; ; ; ; ; ; ; ;12;170,011424550575
3364484;1;1;1; ; ; ; ; ; ; ; ; ; ; ; ;12;200,809117865779
3364484;1;2;2;2;41; ;2; ; ;1;2; ; ;1; ;12;200,809117865779
3364484;1;3;1; ; ; ; ; ; ; ; ; ; ; ; ;12;200,809117865779
3364485;1;1;1; ; ; ; ; ; ; ; ; ; ; ; ;12;105,143902992926
3364485;1;2;1; ; ; ; ; ; ; ; ; ; ; ; ;12;105,143902992926
3364488;1;1;2;2;41; ;2; ; ;1;2; ; ;1; ;12;91,2532113441115
3364488;1;2;1; ; ; ; ; ; ; ; ; ; ; ; ;12;91,2532113441115
3364488;1;3;1; ; ; ; ; ; ; ; ; ; ; ; ;12;91,2532113441115
3364492;1;1;2;2;41; ;2; ; ;1;2; ; ;1; ;12;200,809117865779
3364492;1;2;2;2;41; ;2; ; ;1;2; ; ;1; ;12;200,809117865779
3364492;1;3;1; ; ; ; ; ; ; ; ; ; ; ; ;12;200,809117865779
3364493;1;1;2;2;41; ;2; ; ;1;2; ; ;1; ;12;186,918426216965
3364493;1;2;1; ; ; ; ; ; ; ; ; ; ; ; ;12;186,918426216965
3364493;1;3;1; ; ; ; ; ; ; ; ; ; ; ; ;12;186,918426216965
3364493;1;4;1; ; ; ; ; ; ; ; ; ; ; ; ;12;186,918426216965
3364494;1;1;2;2;41; ;2; ; ;1;2; ; ;1; ;12;185,251092993936
3364494;1;2;1; ; ; ; ; ; ; ; ; ; ; ; ;12;185,251092993936
3364494;1;3;1; ; ; ; ; ; ; ; ; ; ; ; ;12;185,251092993936
3364494;1;4;1; ; ; ; ; ; ; ; ; ; ; ; ;12;185,251092993936
3364495;1;1;2;2;73; ;3;41; ;1;2; ; ;1; ;12;149,746780204152
3364495;1;2;2;2;73; ;3;41; ;1;2; ; ;1; ;12;149,746780204152
3364495;1;3;2;2;18; ;3;41; ;1;2; ; ;1; ;12;149,746780204152
3364495;1;4;2;2;73; ;3;41; ;1;2; ; ;1; ;12;149,746780204152
3364496;1;1;2;2;73; ;2; ; ;1;2; ; ;1; ;12;145,03831977919
3364496;1;2;1; ; ; ; ; ; ; ; ; ; ; ; ;12;145,03831977919
3364496;1;3;1; ; ; ; ; ; ; ; ; ; ; ; ;12;145,03831977919
3364497;1;1;2;2;76; ;2; ; ;1;2; ; ;1; ;12;116,096032412776
3364497;1;2;1; ; ; ; ; ; ; ; ; ; ; ; ;12;116,096032412776
3364497;1;3;1; ; ; ; ; ; ; ; ; ; ; ; ;12;116,096032412776
3364497;1;4;2;2;41; ;2; ; ;1;2; ; ;1; ;12;116,096032412776
3364498;1;1;2;2;41; ;2; ; ;1;2; ; ;1; ;12;145,356676207672
3364498;1;2;1; ; ; ; ; ; ; ; ; ; ; ; ;12;145,356676207672
3364498;1;3;2;1; ; ;2; ; ;1;2; ; ;1; ;12;145,356676207672
3364499;1;1;2;2;18; ;2; ; ;1;2; ; ;1; ;12;171,680598723986
3364499;1;2;2;2;18; ;2; ; ;1;2; ; ;1; ;12;171,680598723986
3364499;1;3;2;2;86; ;2; ; ;1;2; ; ;1; ;12;171,680598723986
3364499;1;4;1; ; ; ; ; ; ; ; ; ; ; ; ;12;171,680598723986
3364500;1;1;2;2;47; ;2; ; ;1;2; ; ;1; ;12;134,610157972447
3364500;1;2;1; ; ; ; ; ; ; ; ; ; ; ; ;12;134,610157972447
3364500;1;3;2;2;47; ;2; ; ;1;2; ; ;1; ;12;134,610157972447
3364500;1;4;1; ; ; ; ; ; ; ; ; ; ; ; ;12;134,610157972447
3364500;1;5;2;2;47; ;2; ; ;1;2; ; ;1; ;12;134,610157972447
3364500;1;6;2;2;47; ;3;47; ;1;3;47; ;1; ;12;134,610157972447
3364501;1;1;1; ; ; ; ; ; ; ; ; ; ; ; ;12;205,60779204789
3364501;1;2;2;2;47; ;2; ; ;1;2; ; ;1; ;12;205,60779204789
3364501;1;3;1; ; ; ; ; ; ; ; ; ; ; ; ;12;205,60779204789
3364501;1;4;1; ; ; ; ; ; ; ; ; ; ; ; ;12;205,60779204789
3364502;1;1;1; ; ; ; ; ; ; ; ; ; ; ; ;12;185,382934818451
3364502;1;2;1; ; ; ; ; ; ; ; ; ; ; ; ;12;185,382934818451
3364502;1;3;1; ; ; ; ; ; ; ; ; ; ; ; ;12;185,382934818451
3364502;1;4;1; ; ; ; ; ; ; ; ; ; ; ; ;12;185,382934818451
3364503;1;1;2;2;08; ;2; ; ;1;2; ; ;1; ;12;263,831435222422
3364503;1;2;2;2;47; ;2; ; ;1;2; ; ;1; ;12;263,831435222422
3364503;1;3;1; ; ; ; ; ; ; ; ; ; ; ; ;12;263,831435222422
3364503;1;4;1; ; ; ; ; ; ; ; ; ; ; ; ;12;263,831435222422
3364504;1;1;1; ; ; ; ; ; ; ; ; ; ; ; ;12;192,728850409236
3364504;1;2;2;2;05; ;3;05; ;1;2; ; ;1; ;12;192,728850409236
3364504;1;3;1; ; ; ; ; ; ; ; ; ; ; ; ;12;192,728850409236
3364504;1;4;2;2;05; ;1; ; ; ;2; ; ;1; ;12;192,728850409236
3364505;1;1;2;2;44; ;2; ; ;1;2; ; ;1; ;12;233,441597981026
3364505;1;2;2;2;54; ;2; ; ;1;2; ; ;1; ;12;233,441597981026
3364505;1;3;1; ; ; ; ; ; ; ; ; ; ; ; ;12;233,441597981026
3364505;1;4;1; ; ; ; ; ; ; ; ; ; ; ; ;12;233,441597981026
3364505;1;5;1; ; ; ; ; ; ; ; ; ; ; ; ;12;233,441597981026
3364505;1;6;1; ; ; ; ; ; ; ; ; ; ; ; ;12;233,441597981026
3364506;1;1;1; ; ; ; ; ; ; ; ; ; ; ; ;12;149,086878759764
3364506;1;2;2;2;23; ;2; ; ;1;2; ; ;1; ;12;149,086878759764
3364506;1;3;1; ; ; ; ; ; ; ; ; ; ; ; ;12;149,086878759764
3364507;1;1;2;1; ; ;2; ; ;1;2; ; ;1; ;12;144,49972970594
3364507;1;2;1; ; ; ; ; ; ; ; ; ; ; ; ;12;144,49972970594
3364507;1;3;1; ; ; ; ; ; ; ; ; ; ; ; ;12;144,49972970594
3364508;1;1;2;2;73; ;2; ; ;1;2; ; ;1; ;12;173,833378240049
3364508;1;2;2;2;76; ;2; ; ;1;2; ; ;1; ;12;173,833378240049
3364508;1;3;2;2;73; ;2; ; ;1;2; ; ;1; ;12;173,833378240049
3364508;1;4;2;2;76; ;2; ; ;1;2; ; ;1; ;12;173,833378240049
3364508;1;5;1; ; ; ; ; ; ; ; ; ; ; ; ;12;173,833378240049
3364508;1;6;1; ; ; ; ; ; ; ; ; ; ; ; ;12;173,833378240049
3364513;1;1;2;2;47; ;2; ; ;1;2; ; ;1; ;12;193,953284731745
3364513;1;2;1; ; ; ; ; ; ; ; ; ; ; ; ;12;193,953284731745
3364513;1;3;1; ; ; ; ; ; ; ; ; ; ; ; ;12;193,953284731745
3364513;1;4;1; ; ; ; ; ; ; ; ; ; ; ; ;12;193,953284731745
3364514;1;1;2;2;20; ;2; ; ;1;2; ; ;1; ;12;169,311735989203
3364514;1;2;2;3; ;3;2; ; ;1;2; ; ;1; ;12;169,311735989203
3364514;1;3;1; ; ; ; ; ; ; ; ; ; ; ; ;12;169,311735989203
3364515;1;1;2;2;47; ;2; ; ;1;2; ; ;1; ;12;265,055869544931
3364515;1;2;1; ; ; ; ; ; ; ; ; ; ; ; ;12;265,055869544931
3364515;1;3;1; ; ; ; ; ; ; ; ; ; ; ; ;12;265,055869544931
3364515;1;4;1; ; ; ; ; ; ; ; ; ; ; ; ;12;265,055869544931
3364516;1;1;1; ; ; ; ; ; ; ; ; ; ; ; ;12;170,780605287113
3364516;1;2;1; ; ; ; ; ; ; ; ; ; ; ; ;12;170,780605287113
3364516;1;3;1; ; ; ; ; ; ; ; ; ; ; ; ;12;170,780605287113
3364516;1;4;1; ; ; ; ; ; ; ; ; ; ; ; ;12;170,780605287113
3364517;1;1;1; ; ; ; ; ; ; ; ; ; ; ; ;12;99,5250444767762
3364517;1;2;1; ; ; ; ; ; ; ; ; ; ; ; ;12;99,5250444767762
3364517;1;3;1; ; ; ; ; ; ; ; ; ; ; ; ;12;99,5250444767762
3364517;1;4;1; ; ; ; ; ; ; ; ; ; ; ; ;12;99,5250444767762
3364518;1;1;2;3; ;9;4; ;9; ;2; ; ;1; ;12;266,918741675272
3364518;1;2;1; ; ; ; ; ; ; ; ; ; ; ; ;12;266,918741675272
3364518;1;3;1; ; ; ; ; ; ; ; ; ; ; ; ;12;266,918741675272
3364519;1;1;2;2;13; ;2; ; ;1;2; ; ;1; ;12;135,821100535463
3364519;1;2;2;2;44; ;2; ; ;1;2; ; ;1; ;12;135,821100535463
3364519;1;3;2;2;44; ;2; ; ;1;2; ; ;1; ;12;135,821100535463
3364519;1;4;1; ; ; ; ; ; ; ; ; ; ; ; ;12;135,821100535463
3364519;1;5;1; ; ; ; ; ; ; ; ; ; ; ; ;12;135,821100535463
3364520;1;1;2;2;85; ;2; ; ;1;2; ; ;1; ;12;193,953284731745
3364520;1;2;1; ; ; ; ; ; ; ; ; ; ; ; ;12;193,953284731745
3364520;1;3;1; ; ; ; ; ; ; ; ; ; ; ; ;12;193,953284731745
3364520;1;4;1; ; ; ; ; ; ; ; ; ; ; ; ;12;193,953284731745
3364521;1;1;2;2;44; ;2; ; ;1;2; ; ;1; ;12;188,470241271301
3364521;1;2;1; ; ; ; ; ; ; ; ; ; ; ; ;12;188,470241271301
3364521;1;3;1; ; ; ; ; ; ; ; ; ; ; ; ;12;188,470241271301
3364522;1;1;1; ; ; ; ; ; ; ; ; ; ; ; ;12;95,5671861836525
3364522;1;2;1; ; ; ; ; ; ; ; ; ; ; ; ;12;95,5671861836525
3364522;1;3;1; ; ; ; ; ; ; ; ; ; ; ; ;12;95,5671861836525
3364523;1;1;1; ; ; ; ; ; ; ; ; ; ; ; ;12;126,982356533759
3364523;1;2;1; ; ; ; ; ; ; ; ; ; ; ; ;12;126,982356533759
3364523;1;3;1; ; ; ; ; ; ; ; ; ; ; ; ;12;126,982356533759
3364523;1;4;1; ; ; ; ; ; ; ; ; ; ; ; ;12;126,982356533759
3364523;1;5;1; ; ; ; ; ; ; ; ; ; ; ; ;12;126,982356533759
3364523;1;6;1; ; ; ; ; ; ; ; ; ; ; ; ;12;126,982356533759
3364523;1;7;1; ; ; ; ; ; ; ; ; ; ; ; ;12;126,982356533759
3364523;1;8;1; ; ; ; ; ; ; ; ; ; ; ; ;12;126,982356533759
3364523;1;9;1; ; ; ; ; ; ; ; ; ; ; ; ;12;126,982356533759
3364523;1;10;1; ; ; ; ; ; ; ; ; ; ; ; ;12;126,982356533759
3364524;1;1;2;2;73; ;2; ; ;1;2; ; ;1; ;12;240,827180862451
3364524;1;2;2;2;68; ;2; ; ;1;2; ; ;1; ;12;240,827180862451
3364524;1;3;2;2;68; ;2; ; ;1;2; ; ;1; ;12;240,827180862451
3364524;1;4;2;2;68; ;2; ; ;1;2; ; ;1; ;12;240,827180862451
3364524;1;5;2;2;68; ;2; ; ;1;2; ; ;1; ;12;240,827180862451
3364524;1;6;1; ; ; ; ; ; ; ; ; ; ; ; ;12;240,827180862451
3364525;1;1;2;2;13; ;2; ; ;1;2; ; ;1; ;12;215,88087184759
3364525;1;2;2;2;47; ;2; ; ;1;2; ; ;1; ;12;215,88087184759
3364525;1;3;1; ; ; ; ; ; ; ; ; ; ; ; ;12;215,88087184759
3364526;1;1;1; ; ; ; ; ; ; ; ; ; ; ; ;12;172,503993179797
3364526;1;2;2;2;08; ;2; ; ;1;2; ; ;1; ;12;172,503993179797
3364526;1;3;2;2;08; ;2; ; ;1;2; ; ;1; ;12;172,503993179797
3364526;1;4;2;2;08; ;2; ; ;1;2; ; ;1; ;12;172,503993179797
3364527;1;1;1; ; ; ; ; ; ; ; ; ; ; ; ;12;191,239323105048
3364527;1;2;1; ; ; ; ; ; ; ; ; ; ; ; ;12;191,239323105048
3364528;1;1;1; ; ; ; ; ; ; ; ; ; ; ; ;12;195,910792303044
3364528;1;2;1; ; ; ; ; ; ; ; ; ; ; ; ;12;195,910792303044
3364528;1;3;1; ; ; ; ; ; ; ; ; ; ; ; ;12;195,910792303044
3364528;1;4;1; ; ; ; ; ; ; ; ; ; ; ; ;12;195,910792303044
3364528;1;5;1; ; ; ; ; ; ; ; ; ; ; ; ;12;195,910792303044
3364528;1;6;1; ; ; ; ; ; ; ; ; ; ; ; ;12;195,910792303044
3364529;1;1;2;2;47; ;2; ; ;1;2; ; ;1; ;12;156,317528316021
3364529;1;2;2;2;13; ;2; ; ;1;2; ; ;1; ;12;156,317528316021
3364530;1;1;1; ; ; ; ; ; ; ; ; ; ; ; ;12;240,837496159236
3364530;1;2;1; ; ; ; ; ; ; ; ; ; ; ; ;12;240,837496159236
3364530;1;3;1; ; ; ; ; ; ; ; ; ; ; ; ;12;240,837496159236
3364530;1;4;2;1; ; ;3;68; ;1;2; ; ;1; ;12;240,837496159236
3364530;1;5;1; ; ; ; ; ; ; ; ; ; ; ; ;12;240,837496159236
3364531;1;1;1; ; ; ; ; ; ; ; ; ; ; ; ;12;227,535379163735
3364531;1;2;1; ; ; ; ; ; ; ; ; ; ; ; ;12;227,535379163735
3364531;1;3;1; ; ; ; ; ; ; ; ; ; ; ; ;12;227,535379163735
3364532;1;1;2;2;68; ;2; ; ;1;2; ; ;1; ;12;156,327843612806
3364533;1;1;1; ; ; ; ; ; ; ; ; ; ; ; ;12;133,015679930516
3364533;1;2;1; ; ; ; ; ; ; ; ; ; ; ; ;12;133,015679930516
3364535;1;1;1; ; ; ; ; ; ; ; ; ; ; ; ;12;255,264234359127
3364535;1;2;1; ; ; ; ; ; ; ; ; ; ; ; ;12;255,264234359127
3364535;1;3;1; ; ; ; ; ; ; ; ; ; ; ; ;12;255,264234359127
3364536;1;1;2;1; ; ;3;54; ;1;2; ; ;1; ;12;192,623899671493
3364536;1;2;1; ; ; ; ; ; ; ; ; ; ; ; ;12;192,623899671493
3364537;1;1;2;2;11; ;2; ; ;1;2; ; ;1; ;12;185,372619521666
3364537;1;2;2;2;11; ;2; ; ;1;2; ; ;1; ;12;185,372619521666
3364537;1;3;2;2;11; ;2; ; ;1;2; ; ;1; ;12;185,372619521666
3364537;1;4;2;2;11; ;2; ; ;1;2; ; ;1; ;12;185,372619521666
3364537;1;5;1; ; ; ; ; ; ; ; ; ; ; ; ;12;185,372619521666
3364538;1;1;2;2;11; ;2; ; ;1;2; ; ;1; ;12;133,005364633731
3364538;1;2;2;2;73; ;2; ; ;1;2; ; ;1; ;12;133,005364633731
3364538;1;3;2;2;11; ;2; ; ;1;2; ; ;1; ;12;133,005364633731
3364539;1;1;1; ; ; ; ; ; ; ; ; ; ; ; ;12;191,12405707052
3364540;1;1;1; ; ; ; ; ; ; ; ; ; ; ; ;12;157,657228673058
3364540;1;2;2;1; ; ;2; ; ;1;2; ; ;1; ;12;157,657228673058
3364540;1;3;1; ; ; ; ; ; ; ; ; ; ; ; ;12;157,657228673058
3364541;1;1;2;2;47; ;2; ; ;1;2; ; ;1; ;12;179,734642736054
3364541;1;2;2;2;47; ;2; ; ;1;2; ; ;1; ;12;179,734642736054
3364541;1;3;1; ; ; ; ; ; ; ; ; ; ; ; ;12;179,734642736054
3364542;1;1;2;2;08; ;2; ; ;1;2; ; ;1; ;12;133,015679930516
3364542;1;2;1; ; ; ; ; ; ; ; ; ; ; ; ;12;133,015679930516
3364543;1;1;2;2;25; ;3;25; ;1;3;25; ;1; ;12;156,327843612806
3364544;1;1;2;2;08; ;3;68; ;1;3;68; ;1; ;12;195,816156862086
3364544;1;2;2;2;08; ;3;68; ;1;3;68; ;1; ;12;195,816156862086
3364544;1;3;2;2;08; ;3;68; ;1;3;68; ;1; ;12;195,816156862086
3364546;1;1;1; ; ; ; ; ; ; ; ; ; ; ; ;12;201,559084385441
3364546;1;2;1; ; ; ; ; ; ; ; ; ; ; ; ;12;201,559084385441
3364546;1;3;1; ; ; ; ; ; ; ; ; ; ; ; ;12;201,559084385441
3364546;1;4;1; ; ; ; ; ; ; ; ; ; ; ; ;12;201,559084385441
3364546;1;5;1; ; ; ; ; ; ; ; ; ; ; ; ;12;201,559084385441
3364546;1;6;2;2;47; ;3;47; ;1;2; ; ;1; ;12;201,559084385441
3364546;1;7;1; ; ; ; ; ; ; ; ; ; ; ; ;12;201,559084385441
3364547;1;1;2;2;25; ;2; ; ;1;2; ; ;1; ;12;180,959077058563
3364547;1;2;1; ; ; ; ; ; ; ; ; ; ; ; ;12;180,959077058563
3364547;1;3;1; ; ; ; ; ; ; ; ; ; ; ; ;12;180,959077058563
3364548;1;1;1; ; ; ; ; ; ; ; ; ; ; ; ;12;181,050536036813
3364548;1;2;1; ; ; ; ; ; ; ; ; ; ; ; ;12;181,050536036813
3364548;1;3;1; ; ; ; ; ; ; ; ; ; ; ; ;12;181,050536036813
3364548;1;4;1; ; ; ; ; ; ; ; ; ; ; ; ;12;181,050536036813
3364549;1;1;1; ; ; ; ; ; ; ; ; ; ; ; ;12;205,715891835633
3364549;1;2;1; ; ; ; ; ; ; ; ; ; ; ; ;12;205,715891835633
3364549;1;3;1; ; ; ; ; ; ; ; ; ; ; ; ;12;205,715891835633
3364549;1;4;1; ; ; ; ; ; ; ; ; ; ; ; ;12;205,715891835633
3364549;1;5;1; ; ; ; ; ; ; ; ; ; ; ; ;12;205,715891835633
3364550;1;1;1; ; ; ; ; ; ; ; ; ; ; ; ;12;280,275826821091
3364550;1;2;1; ; ; ; ; ; ; ; ; ; ; ; ;12;280,275826821091
3364550;1;3;1; ; ; ; ; ; ; ; ; ; ; ; ;12;280,275826821091
3364550;1;4;1; ; ; ; ; ; ; ; ; ; ; ; ;12;280,275826821091
3364550;1;5;1; ; ; ; ; ; ; ; ; ; ; ; ;12;280,275826821091
3364550;1;6;1; ; ; ; ; ; ; ; ; ; ; ; ;12;280,275826821091
3364550;1;7;1; ; ; ; ; ; ; ; ; ; ; ; ;12;280,275826821091
3364550;1;8;1; ; ; ; ; ; ; ; ; ; ; ; ;12;280,275826821091
3364551;1;1;2;2;47; ;2; ; ;1;2; ; ;1; ;12;256,740269903822
3364551;1;2;1; ; ; ; ; ; ; ; ; ; ; ; ;12;256,740269903822
3364551;1;3;2;2;47; ;2; ; ;1;2; ; ;1; ;12;256,740269903822
3364551;1;4;1; ; ; ; ; ; ; ; ; ; ; ; ;12;256,740269903822
3364552;1;1;2;2;08; ;2; ; ;1;2; ; ;1; ;12;147,733534586502
3364552;1;2;1; ; ; ; ; ; ; ; ; ; ; ; ;12;147,733534586502
3364552;1;3;1; ; ; ; ; ; ; ; ; ; ; ; ;12;147,733534586502
3364552;1;4;1; ; ; ; ; ; ; ; ; ; ; ; ;12;147,733534586502
3364552;1;5;1; ; ; ; ; ; ; ; ; ; ; ; ;12;147,733534586502
3364552;1;6;1; ; ; ; ; ; ; ; ; ; ; ; ;12;147,733534586502
3364552;1;7;1; ; ; ; ; ; ; ; ; ; ; ; ;12;147,733534586502
3364553;1;1;2;2;73; ;3;66; ;1;2; ; ;1; ;12;233,326331946498
3364553;1;2;2;2;17; ;3;66; ;1;2; ; ;1; ;12;233,326331946498
3364553;1;3;2;2;66; ;3;66; ;1;2; ; ;1; ;12;233,326331946498
3364553;1;4;2;2;66; ;1; ; ; ;2; ; ;1; ;12;233,326331946498
3364553;1;5;1; ; ; ; ; ; ; ; ; ; ; ; ;12;233,326331946498
3364554;1;1;2;2;68; ;3;68; ;1;2; ; ;1; ;12;134,345064990768
3364554;1;2;2;2;68; ;3;68; ;1;2; ; ;1; ;12;134,345064990768
3364554;1;3;2;2;68; ;3;68; ;1;2; ; ;1; ;12;134,345064990768
3364554;1;4;2;2;20; ;2; ; ;1;2; ; ;1; ;12;134,345064990768
3364555;1;1;2;2;47; ;2; ; ;1;2; ; ;1; ;12;208,800049238484
3364555;1;2;1; ; ; ; ; ; ; ; ; ; ; ; ;12;208,800049238484
3364555;1;3;1; ; ; ; ; ; ; ; ; ; ; ; ;12;208,800049238484
3364555;1;4;1; ; ; ; ; ; ; ; ; ; ; ; ;12;208,800049238484
3364555;1;5;1; ; ; ; ; ; ; ; ; ; ; ; ;12;208,800049238484
3364558;1;1;2;2;13; ;2; ; ;1;2; ; ;1; ;12;165,158077589012
3364558;1;2;1; ; ; ; ; ; ; ; ; ; ; ; ;12;165,158077589012
3364558;1;3;2;1; ; ;2; ; ;1;2; ; ;1; ;12;165,158077589012
3364558;1;4;2;1; ; ;2; ; ;1;2; ; ;1; ;12;165,158077589012
3364559;1;1;1; ; ; ; ; ; ; ; ; ; ; ; ;12;149,086878759764
3364559;1;2;1; ; ; ; ; ; ; ; ; ; ; ; ;12;149,086878759764
3364559;1;3;1; ; ; ; ; ; ; ; ; ; ; ; ;12;149,086878759764
3364560;1;1;2;2;76; ;2; ; ;1;2; ; ;1; ;12;149,086878759764
3364560;1;2;1; ; ; ; ; ; ; ; ; ; ; ; ;12;149,086878759764
3364560;1;3;1; ; ; ; ; ; ; ; ; ; ; ; ;12;149,086878759764
3364561;1;1;2;2;47; ;2; ; ;1;2; ; ;1; ;12;227,52506386695
3364561;1;2;2;2;47; ;2; ; ;1;2; ; ;1; ;12;227,52506386695
3364561;1;3;1; ; ; ; ; ; ; ; ; ; ; ; ;12;227,52506386695
3364561;1;4;2;2;47; ;2; ; ;1;2; ; ;1; ;12;227,52506386695
3364562;1;1;2;2;08; ;2; ; ;1;2; ; ;1; ;12;156,317528316021
3364562;1;2;2;2;47; ;2; ; ;1;2; ; ;1; ;12;156,317528316021
3364563;1;1;2;1; ; ;2; ; ;1;2; ; ;1; ;12;150,402772060523
3364563;1;2;2;1; ; ;2; ; ;1;2; ; ;1; ;12;150,402772060523
3364563;1;3;2;2;47; ;2; ; ;1;2; ; ;1; ;12;150,402772060523
3364563;1;4;1; ; ; ; ; ; ; ; ; ; ; ; ;12;150,402772060523
3364564;1;1;2;2;47; ;3;08; ;1;3;08; ;1; ;12;198,369976244848
3364564;1;2;2;2;47; ;2; ; ;1;3;08; ;1; ;12;198,369976244848
3364564;1;3;2;2;47; ;1; ; ; ;3;08; ;1; ;12;198,369976244848
3364564;1;4;2;2;47; ;3;08; ;1;3;08; ;1; ;12;198,369976244848
3364564;1;5;2;2;47; ;2; ; ;1;2; ; ;1; ;12;198,369976244848
3364565;1;1;1; ; ; ; ; ; ; ; ; ; ; ; ;12;111,18272825563
3364565;1;2;2;2;05; ;2; ; ;1;2; ; ;1; ;12;111,18272825563
3364565;1;3;1; ; ; ; ; ; ; ; ; ; ; ; ;12;111,18272825563
3364565;1;4;1; ; ; ; ; ; ; ; ; ; ; ; ;12;111,18272825563
3364565;1;5;1; ; ; ; ; ; ; ; ; ; ; ; ;12;111,18272825563
3364565;1;6;1; ; ; ; ; ; ; ; ; ; ; ; ;12;111,18272825563
3364566;1;1;1; ; ; ; ; ; ; ; ; ; ; ; ;12;160,581091775241
3364566;1;2;2;2;44; ;2; ; ;1;2; ; ;1; ;12;160,581091775241
3364566;1;3;1; ; ; ; ; ; ; ; ; ; ; ; ;12;160,581091775241
3364566;1;4;1; ; ; ; ; ; ; ; ; ; ; ; ;12;160,581091775241
3364566;1;5;2;2;70; ;2; ; ;1;2; ; ;1; ;12;160,581091775241
3364566;2;1;2;1; ; ;2; ; ;1;2; ; ;1; ;12;160,581091775241
3364566;2;2;2;1; ; ;2; ; ;1;2; ; ;1; ;12;160,581091775241
3364566;2;3;1; ; ; ; ; ; ; ; ; ; ; ; ;12;160,581091775241
3364566;2;4;1; ; ; ; ; ; ; ; ; ; ; ; ;12;160,581091775241
3364567;1;1;1; ; ; ; ; ; ; ; ; ; ; ; ;12;193,953284731745
3364567;1;2;1; ; ; ; ; ; ; ; ; ; ; ; ;12;193,953284731745
3364567;1;3;1; ; ; ; ; ; ; ; ; ; ; ; ;12;193,953284731745
3364567;1;4;1; ; ; ; ; ; ; ; ; ; ; ; ;12;193,953284731745
3364568;1;1;2;2;70; ;2; ; ;1;2; ; ;1; ;12;191,12405707052
3364569;1;1;1; ; ; ; ; ; ; ; ; ; ; ; ;12;157,657228673058
3364569;1;2;1; ; ; ; ; ; ; ; ; ; ; ; ;12;157,657228673058
3364569;1;3;1; ; ; ; ; ; ; ; ; ; ; ; ;12;157,657228673058
3364570;1;1;2;2;47; ;2; ; ;1;2; ; ;1; ;12;156,327843612806
3364571;1;1;2;1; ; ;2; ; ;1;2; ; ;1; ;12;194,194543244437
3364571;1;2;2;1; ; ;2; ; ;1;2; ; ;1; ;12;194,194543244437
3364571;1;3;1; ; ; ; ; ; ; ; ; ; ; ; ;12;194,194543244437
3364572;1;1;1; ; ; ; ; ; ; ; ; ; ; ; ;12;157,657228673058
3364572;1;2;1; ; ; ; ; ; ; ; ; ; ; ; ;12;157,657228673058
3364572;1;3;1; ; ; ; ; ; ; ; ; ; ; ; ;12;157,657228673058
3364576;1;1;1; ; ; ; ; ; ; ; ; ; ; ; ;12;192,728850409236
3364576;1;2;1; ; ; ; ; ; ; ; ; ; ; ; ;12;192,728850409236
3364576;1;3;1; ; ; ; ; ; ; ; ; ; ; ; ;12;192,728850409236
3364576;1;4;1; ; ; ; ; ; ; ; ; ; ; ; ;12;192,728850409236
3364577;1;1;1; ; ; ; ; ; ; ; ; ; ; ; ;12;157,643736913565
3364577;1;2;1; ; ; ; ; ; ; ; ; ; ; ; ;12;157,643736913565
3364578;1;1;1; ; ; ; ; ; ; ; ; ; ; ; ;12;204,362699719103
3364578;1;2;1; ; ; ; ; ; ; ; ; ; ; ; ;12;204,362699719103
3364578;1;3;2;2;11; ;2; ; ;1;2; ; ;1; ;12;204,362699719103
3364579;1;1;1; ; ; ; ; ; ; ; ; ; ; ; ;12;231,728525385127
3364579;1;2;1; ; ; ; ; ; ; ; ; ; ; ; ;12;231,728525385127
3364579;1;3;1; ; ; ; ; ; ; ; ; ; ; ; ;12;231,728525385127
3364579;1;4;1; ; ; ; ; ; ; ; ; ; ; ; ;12;231,728525385127
3364579;1;5;1; ; ; ; ; ; ; ; ; ; ; ; ;12;231,728525385127
3364580;1;1;1; ; ; ; ; ; ; ; ; ; ; ; ;12;208,800049238484
3364580;1;2;1; ; ; ; ; ; ; ; ; ; ; ; ;12;208,800049238484
3364580;1;3;1; ; ; ; ; ; ; ; ; ; ; ; ;12;208,800049238484
3364580;1;4;1; ; ; ; ; ; ; ; ; ; ; ; ;12;208,800049238484
3364580;1;5;1; ; ; ; ; ; ; ; ; ; ; ; ;12;208,800049238484
3364581;1;1;1; ; ; ; ; ; ; ; ; ; ; ; ;12;205,60779204789
3364581;1;2;2;1; ; ;3;47; ;1;2; ; ;1; ;12;205,60779204789
3364581;1;3;1; ; ; ; ; ; ; ; ; ; ; ; ;12;205,60779204789
3364581;1;4;1; ; ; ; ; ; ; ; ; ; ; ; ;12;205,60779204789
3364582;1;1;2;2;91; ;2; ; ;1;2; ; ;1; ;12;137,592513687555
3364582;1;2;2;2;76; ;2; ; ;1;2; ; ;1; ;12;137,592513687555
3364582;1;3;1; ; ; ; ; ; ; ; ; ; ; ; ;12;137,592513687555
3364583;1;1;1; ; ; ; ; ; ; ; ; ; ; ; ;12;195,921107599829
3364583;1;2;1; ; ; ; ; ; ; ; ; ; ; ; ;12;195,921107599829
3364583;1;3;1; ; ; ; ; ; ; ; ; ; ; ; ;12;195,921107599829
3364583;1;4;1; ; ; ; ; ; ; ; ; ; ; ; ;12;195,921107599829
3364583;1;5;1; ; ; ; ; ; ; ; ; ; ; ; ;12;195,921107599829
3364584;1;1;1; ; ; ; ; ; ; ; ; ; ; ; ;12;193,953284731745
3364584;1;2;1; ; ; ; ; ; ; ; ; ; ; ; ;12;193,953284731745
3364584;1;3;1; ; ; ; ; ; ; ; ; ; ; ; ;12;193,953284731745
3364584;1;4;1; ; ; ; ; ; ; ; ; ; ; ; ;12;193,953284731745
3364585;1;1;1; ; ; ; ; ; ; ; ; ; ; ; ;12;112,658736387616
3364585;1;2;1; ; ; ; ; ; ; ; ; ; ; ; ;12;112,658736387616
3364585;1;3;1; ; ; ; ; ; ; ; ; ; ; ; ;12;112,658736387616
3364585;1;4;1; ; ; ; ; ; ; ; ; ; ; ; ;12;112,658736387616
3364586;1;1;2;2;44; ;2; ; ;1;2; ; ;1; ;12;167,822208685015
3364590;1;1;1; ; ; ; ; ; ; ; ; ; ; ; ;12;146,128741247786
3364590;1;2;1; ; ; ; ; ; ; ; ; ; ; ; ;12;146,128741247786
3364590;1;3;1; ; ; ; ; ; ; ; ; ; ; ; ;12;146,128741247786
3364590;1;4;1; ; ; ; ; ; ; ; ; ; ; ; ;12;146,128741247786
3364591;1;1;1; ; ; ; ; ; ; ; ; ; ; ; ;12;234,666032303535
3364591;1;2;1; ; ; ; ; ; ; ; ; ; ; ; ;12;234,666032303535
3364591;1;3;1; ; ; ; ; ; ; ; ; ; ; ; ;12;234,666032303535
3364591;1;4;1; ; ; ; ; ; ; ; ; ; ; ; ;12;234,666032303535
3364591;1;5;1; ; ; ; ; ; ; ; ; ; ; ; ;12;234,666032303535
3364591;1;6;1; ; ; ; ; ; ; ; ; ; ; ; ;12;234,666032303535
3364592;1;1;2;2;08; ;2; ; ;1;2; ; ;1; ;12;201,708883919884
3364592;1;2;1; ; ; ; ; ; ; ; ; ; ; ; ;12;201,708883919884
3364592;1;3;1; ; ; ; ; ; ; ; ; ; ; ; ;12;201,708883919884
3364592;1;4;1; ; ; ; ; ; ; ; ; ; ; ; ;12;201,708883919884
3364592;1;5;1; ; ; ; ; ; ; ; ; ; ; ; ;12;201,708883919884
3364593;1;1;2;2;44; ;2; ; ;1;2; ; ;1; ;12;150,378812947513
3364593;1;2;1; ; ; ; ; ; ; ; ; ; ; ; ;12;150,378812947513
3364593;1;3;1; ; ; ; ; ; ; ; ; ; ; ; ;12;150,378812947513
3364593;1;4;1; ; ; ; ; ; ; ; ; ; ; ; ;12;150,378812947513
3364593;1;5;1; ; ; ; ; ; ; ; ; ; ; ; ;12;150,378812947513
3364593;1;6;1; ; ; ; ; ; ; ; ; ; ; ; ;12;150,378812947513
3364593;1;7;1; ; ; ; ; ; ; ; ; ; ; ; ;12;150,378812947513
3364593;1;8;1; ; ; ; ; ; ; ; ; ; ; ; ;12;150,378812947513
3364593;1;9;1; ; ; ; ; ; ; ; ; ; ; ; ;12;150,378812947513
3364593;1;10;1; ; ; ; ; ; ; ; ; ; ; ; ;12;150,378812947513
3364594;1;1;1; ; ; ; ; ; ; ; ; ; ; ; ;12;123,000526865711
3364594;1;2;1; ; ; ; ; ; ; ; ; ; ; ; ;12;123,000526865711
3364594;1;3;1; ; ; ; ; ; ; ; ; ; ; ; ;12;123,000526865711
3364594;1;4;1; ; ; ; ; ; ; ; ; ; ; ; ;12;123,000526865711
3364594;1;5;1; ; ; ; ; ; ; ; ; ; ; ; ;12;123,000526865711
3364595;1;1;1; ; ; ; ; ; ; ; ; ; ; ; ;12;149,086878759764
3364595;1;2;1; ; ; ; ; ; ; ; ; ; ; ; ;12;149,086878759764
3364595;1;3;1; ; ; ; ; ; ; ; ; ; ; ; ;12;149,086878759764
3364596;1;1;2;1; ; ;2; ; ;1;2; ; ;1; ;12;173,728427502306
3364596;1;2;1; ; ; ; ; ; ; ; ; ; ; ; ;12;173,728427502306
3364596;1;3;1; ; ; ; ; ; ; ; ; ; ; ; ;12;173,728427502306
3364596;1;4;1; ; ; ; ; ; ; ; ; ; ; ; ;12;173,728427502306
3364597;1;1;2;2;73; ;2; ; ;1;2; ; ;1; ;12;172,503993179797
3364597;1;2;2;2;73; ;2; ; ;1;2; ; ;1; ;12;172,503993179797
3364597;1;3;2;2;73; ;2; ; ;1;2; ; ;1; ;12;172,503993179797
3364597;1;4;2;2;73; ;2; ; ;1;2; ; ;1; ;12;172,503993179797
3364598;1;1;2;2;11; ;2; ; ;1;2; ; ;1; ;12;191,12405707052
3364599;1;1;2;3; ;10;4; ;10; ;4; ;10; ;1;12;167,822208685015
3364600;1;1;2;2;17; ;2; ; ;1;2; ; ;1; ;12;259,946018853909
3364600;1;2;2;2;17; ;2; ; ;1;2; ; ;1; ;12;259,946018853909
3364600;1;3;1; ; ; ; ; ; ; ; ; ; ; ; ;12;259,946018853909
3364600;1;4;1; ; ; ; ; ; ; ; ; ; ; ; ;12;259,946018853909
3364600;1;5;1; ; ; ; ; ; ; ; ; ; ; ; ;12;259,946018853909
3364600;1;6;1; ; ; ; ; ; ; ; ; ; ; ; ;12;259,946018853909
3364601;1;1;2;2;08; ;2; ; ;1;2; ; ;1; ;12;189,799626331553
3364601;1;2;2;2;08; ;2; ; ;1;2; ; ;1; ;12;189,799626331553
3364601;1;3;2;2;08; ;2; ; ;1;2; ; ;1; ;12;189,799626331553
3364601;1;4;2;2;08; ;2; ; ;1;2; ; ;1; ;12;189,799626331553
3364601;1;5;2;2;08; ;2; ; ;1;2; ; ;1; ;12;189,799626331553
3364602;1;1;2;2;23; ;2; ; ;1;2; ; ;1; ;12;204,386506775381
3364602;1;2;1; ; ; ; ; ; ; ; ; ; ; ; ;12;204,386506775381
3364602;1;3;2;2;23; ;2; ; ;1;2; ; ;1; ;12;204,386506775381
3364603;1;1;1; ; ; ; ; ; ; ; ; ; ; ; ;12;180,94558529907
3364603;1;2;1; ; ; ; ; ; ; ; ; ; ; ; ;12;180,94558529907
3364605;1;1;1; ; ; ; ; ; ; ; ; ; ; ; ;12;173,859401714464
3364605;1;2;1; ; ; ; ; ; ; ; ; ; ; ; ;12;173,859401714464
3364605;1;3;1; ; ; ; ; ; ; ; ; ; ; ; ;12;173,859401714464
3364605;1;4;2;2;47; ;2; ; ;1;2; ; ;1; ;12;173,859401714464
3364605;1;5;1; ; ; ; ; ; ; ; ; ; ; ; ;12;173,859401714464
3364605;1;6;1; ; ; ; ; ; ; ; ; ; ; ; ;12;173,859401714464
3364605;1;7;1; ; ; ; ; ; ; ; ; ; ; ; ;12;173,859401714464
3364605;1;8;1; ; ; ; ; ; ; ; ; ; ; ; ;12;173,859401714464
3364605;1;9;1; ; ; ; ; ; ; ; ; ; ; ; ;12;173,859401714464
3364605;1;10;1; ; ; ; ; ; ; ; ; ; ; ; ;12;173,859401714464
3364605;1;11;1; ; ; ; ; ; ; ; ; ; ; ; ;12;173,859401714464
3364606;1;1;1; ; ; ; ; ; ; ; ; ; ; ; ;12;206,926834398649
3364606;1;2;1; ; ; ; ; ; ; ; ; ; ; ; ;12;206,926834398649
3364606;1;3;1; ; ; ; ; ; ; ; ; ; ; ; ;12;206,926834398649
3364606;1;4;2;2;20; ;1; ; ; ;2; ; ;1; ;12;206,926834398649
3364607;1;1;1; ; ; ; ; ; ; ; ; ; ; ; ;12;150,831156336137
3364607;1;2;1; ; ; ; ; ; ; ; ; ; ; ; ;12;150,831156336137
3364607;1;3;2;2;08; ;2; ; ;1;2; ; ;1; ;12;150,831156336137
3364607;1;4;1; ; ; ; ; ; ; ; ; ; ; ; ;12;150,831156336137
3364607;1;5;1; ; ; ; ; ; ; ; ; ; ; ; ;12;150,831156336137
3364608;1;1;1; ; ; ; ; ; ; ; ; ; ; ; ;12;256,729954607037
3364608;1;2;2;2;47; ;2; ; ;1;2; ; ;1; ;12;256,729954607037
3364608;1;3;1; ; ; ; ; ; ; ; ; ; ; ; ;12;256,729954607037
3364608;1;4;1; ; ; ; ; ; ; ; ; ; ; ; ;12;256,729954607037
3364608;1;5;1; ; ; ; ; ; ; ; ; ; ; ; ;12;256,729954607037
3364609;1;1;1; ; ; ; ; ; ; ; ; ; ; ; ;12;192,623899671493
3364609;1;2;1; ; ; ; ; ; ; ; ; ; ; ; ;12;192,623899671493
3364610;1;1;1; ; ; ; ; ; ; ; ; ; ; ; ;12;104,196513674773
3364610;1;2;1; ; ; ; ; ; ; ; ; ; ; ; ;12;104,196513674773
3364610;1;3;1; ; ; ; ; ; ; ; ; ; ; ; ;12;104,196513674773
3364610;1;4;1; ; ; ; ; ; ; ; ; ; ; ; ;12;104,196513674773
3364610;1;5;1; ; ; ; ; ; ; ; ; ; ; ; ;12;104,196513674773
3364610;1;6;1; ; ; ; ; ; ; ; ; ; ; ; ;12;104,196513674773
3364610;1;7;1; ; ; ; ; ; ; ; ; ; ; ; ;12;104,196513674773
3364610;1;8;1; ; ; ; ; ; ; ; ; ; ; ; ;12;104,196513674773
3364611;1;1;2;2;05; ;2; ; ;1;2; ; ;1; ;12;180,94558529907
3364611;1;2;2;2;05; ;2; ; ;1;2; ; ;1; ;12;180,94558529907
3364612;1;1;1; ; ; ; ; ; ; ; ; ; ; ; ;12;180,94558529907
3364612;1;2;2;2;08; ;2; ; ;1;2; ; ;1; ;12;180,94558529907
3364613;1;1;2;2;13; ;2; ; ;1;2; ; ;1; ;12;208,800049238484
3364613;1;2;2;2;13; ;2; ; ;1;2; ; ;1; ;12;208,800049238484
3364613;1;3;1; ; ; ; ; ; ; ; ; ; ; ; ;12;208,800049238484
3364613;1;4;2;2;13; ;2; ; ;1;2; ; ;1; ;12;208,800049238484
3364613;1;5;1; ; ; ; ; ; ; ; ; ; ; ; ;12;208,800049238484
3364614;1;1;1; ; ; ; ; ; ; ; ; ; ; ; ;12;162,31838257427
3364614;1;2;2;2;47; ;2; ; ;1;2; ; ;1; ;12;162,31838257427
3364614;1;3;1; ; ; ; ; ; ; ; ; ; ; ; ;12;162,31838257427
3364614;1;4;1; ; ; ; ; ; ; ; ; ; ; ; ;12;162,31838257427
3364614;1;5;2;2;11; ;2; ; ;1;2; ; ;1; ;12;162,31838257427
3364614;1;6;2;2;68; ;2; ; ;1;2; ; ;1; ;12;162,31838257427
3364614;1;7;1; ; ; ; ; ; ; ; ; ; ; ; ;12;162,31838257427
3364614;1;8;1; ; ; ; ; ; ; ; ; ; ; ; ;12;162,31838257427
3364615;1;1;1; ; ; ; ; ; ; ; ; ; ; ; ;12;167,81189338823
3364615;1;2;1; ; ; ; ; ; ; ; ; ; ; ; ;12;167,81189338823
3364616;1;1;2;2;68; ;3;68; ;1;2; ; ;1; ;12;253,666455210465
3364616;1;2;2;2;68; ;3;68; ;1;2; ; ;1; ;12;253,666455210465
3364616;1;3;2;2;68; ;3;68; ;1;2; ; ;1; ;12;253,666455210465
3364616;1;4;2;2;68; ;3;68; ;1;2; ; ;1; ;12;253,666455210465
3364616;1;5;2;2;68; ;3;68; ;1;2; ; ;1; ;12;253,666455210465
3364616;1;6;2;2;68; ;1; ; ; ;2; ; ;1; ;12;253,666455210465
3364617;1;1;2;2;47; ;2; ; ;1;2; ; ;1; ;12;137,58219839077
3364617;1;2;2;2;44; ;2; ; ;1;2; ; ;1; ;12;137,58219839077
3364617;1;3;1; ; ; ; ; ; ; ; ; ; ; ; ;12;137,58219839077
3364617;1;4;2;2;70; ;2; ; ;1;2; ; ;1; ;12;137,58219839077
3364622;1;1;2;2;68; ;2; ; ;1;2; ; ;1; ;12;288,235895551873
3364622;1;2;2;2;68; ;2; ; ;1;2; ; ;1; ;12;288,235895551873
3364623;1;1;2;2;54; ;2; ; ;1;2; ; ;1; ;12;334,568145249249
3364623;1;2;1; ; ; ; ; ; ; ; ; ; ; ; ;12;334,568145249249
3364624;1;1;2;2;76; ;2; ; ;1;2; ; ;1; ;12;316,321840364593
3364624;1;2;2;2;54; ;2; ; ;1;2; ; ;1; ;12;316,321840364593
3364624;1;3;1; ; ; ; ; ; ; ; ; ; ; ; ;12;316,321840364593
3364624;1;4;2;2;68; ;2; ; ;1;2; ; ;1; ;12;316,321840364593
3364625;1;1;2;2;54; ;2; ; ;1;2; ; ;1; ;12;788,583212610076
3364625;1;2;2;2;54; ;2; ; ;1;2; ; ;1; ;12;788,583212610076
3364625;1;3;1; ; ; ; ; ; ; ; ; ; ; ; ;12;788,583212610076
3364625;1;4;1; ; ; ; ; ; ; ; ; ; ; ; ;12;788,583212610076
3364626;1;1;2;2;54; ;2; ; ;1;2; ; ;1; ;12;814,433780306323
3364626;1;2;1; ; ; ; ; ; ; ; ; ; ; ; ;12;814,433780306323
3364626;1;3;1; ; ; ; ; ; ; ; ; ; ; ; ;12;814,433780306323
3364627;1;1;2;2;54; ;2; ; ;1;2; ; ;1; ;12;201,237405642184
3364627;1;2;2;2;54; ;2; ; ;1;2; ; ;1; ;12;201,237405642184
3364628;1;1;1; ; ; ; ; ; ; ; ; ; ; ; ;12;374,354368873431
3364628;1;2;2;2;54; ;2; ; ;1;2; ; ;1; ;12;374,354368873431
3364628;1;3;2;2;54; ;2; ; ;1;2; ; ;1; ;12;374,354368873431
3364628;1;4;1; ; ; ; ; ; ; ; ; ; ; ; ;12;374,354368873431
3364628;1;5;1; ; ; ; ; ; ; ; ; ; ; ; ;12;374,354368873431
3364629;1;1;2;2;54; ;2; ; ;1;2; ; ;1; ;12;430,435675296408
3364630;1;1;2;2;13; ;2; ; ;1;2; ; ;1; ;12;464,197334076718
3364630;1;2;2;2;47; ;2; ; ;1;2; ; ;1; ;12;464,197334076718
3364630;1;3;2;2;08; ;2; ; ;1;2; ; ;1; ;12;464,197334076718
3364630;1;4;2;2;08; ;2; ; ;1;2; ; ;1; ;12;464,197334076718
3364630;1;5;2;2;47; ;2; ; ;1;2; ; ;1; ;12;464,197334076718
3364630;1;6;2;2;47; ;2; ; ;1;2; ; ;1; ;12;464,197334076718
3364631;1;1;2;2;54; ;2; ; ;1;2; ; ;1; ;12;414,365947000001
3364631;1;2;1; ; ; ; ; ; ; ; ; ; ; ; ;12;414,365947000001
3364631;1;3;1; ; ; ; ; ; ; ; ; ; ; ; ;12;414,365947000001
3364632;1;1;2;3; ;3;2; ; ;1;2; ; ;1; ;12;502,850092018978
3364632;1;2;2;2;15; ;2; ; ;1;2; ; ;1; ;12;502,850092018978
3364632;1;3;2;3; ;3;2; ; ;1;2; ; ;1; ;12;502,850092018978
3364632;1;4;1; ; ; ; ; ; ; ; ; ; ; ; ;12;502,850092018978
3364632;1;5;1; ; ; ; ; ; ; ; ; ; ; ; ;12;502,850092018978
3364632;1;6;2;2;11; ;2; ; ;1;2; ; ;1; ;12;502,850092018978
3364633;1;1;2;2;54; ;2; ; ;1;2; ; ;1; ;12;398,781862744891
3364633;1;2;1; ; ; ; ; ; ; ; ; ; ; ; ;12;398,781862744891
3364633;1;3;1; ; ; ; ; ; ; ; ; ; ; ; ;12;398,781862744891
3364633;1;4;1; ; ; ; ; ; ; ; ; ; ; ; ;12;398,781862744891
3364634;1;1;2;2;54; ;3;54; ;2;3;54; ;2;3;12;414,851591041298
3364634;1;2;2;2;54; ;3;54; ;1;2; ; ;1; ;12;414,851591041298
3364635;1;1;2;2;54; ;2; ; ;1;2; ; ;1; ;12;752,097443285882
3364635;1;2;1; ; ; ; ; ; ; ; ; ; ; ; ;12;752,097443285882
3364635;1;3;1; ; ; ; ; ; ; ; ; ; ; ; ;12;752,097443285882
3364635;1;4;1; ; ; ; ; ; ; ; ; ; ; ; ;12;752,097443285882
3364635;1;5;1; ; ; ; ; ; ; ; ; ; ; ; ;12;752,097443285882
3364636;1;1;1; ; ; ; ; ; ; ; ; ; ; ; ;12;483,329437432768
3364636;1;2;1; ; ; ; ; ; ; ; ; ; ; ; ;12;483,329437432768
3364636;1;3;2;1; ; ;4; ;3; ;4; ;3; ;1;12;483,329437432768
3364636;1;4;2;3; ;3;4; ;3; ;4; ;3; ;2;12;483,329437432768
3364636;1;5;2;3; ;3;4; ;3; ;4; ;3; ;4;12;483,329437432768
3364637;1;1;2;2;54; ;3;54; ;1;2; ; ;1; ;12;414,600966551506
3364637;1;2;2;2;54; ;2; ; ;1;2; ; ;1; ;12;414,600966551506
3364637;1;3;2;2;54; ;2; ; ;1;2; ; ;1; ;12;414,600966551506
3364637;1;4;2;2;54; ;3;54; ;1;2; ; ;1; ;12;414,600966551506
3364637;1;5;2;2;54; ;2; ; ;1;2; ; ;1; ;12;414,600966551506
3364637;1;6;1; ; ; ; ; ; ; ; ; ; ; ; ;12;414,600966551506
3364637;1;7;1; ; ; ; ; ; ; ; ; ; ; ; ;12;414,600966551506
3364637;1;8;1; ; ; ; ; ; ; ; ; ; ; ; ;12;414,600966551506
3364637;1;9;1; ; ; ; ; ; ; ; ; ; ; ; ;12;414,600966551506
3364640;1;1;2;2;68; ;2; ; ;1;2; ; ;1; ;12;343,420889078271
3364640;1;2;1; ; ; ; ; ; ; ; ; ; ; ; ;12;343,420889078271
3364640;1;3;1; ; ; ; ; ; ; ; ; ; ; ; ;12;343,420889078271
3364640;1;4;1; ; ; ; ; ; ; ; ; ; ; ; ;12;343,420889078271
3364641;1;1;2;2;54; ;3;54; ;1;2; ; ;1; ;12;316,781853884769
3364641;1;2;2;2;54; ;3;54; ;1;2; ; ;1; ;12;316,781853884769
3364641;1;3;2;2;54; ;3;54; ;1;2; ; ;1; ;12;316,781853884769
3364641;1;4;2;2;54; ;1; ; ; ;2; ; ;1; ;12;316,781853884769
3364642;1;1;2;2;73; ;2; ; ;1;2; ; ;1; ;12;576,471791103745
3364642;1;2;2;2;73; ;2; ; ;1;2; ; ;1; ;12;576,471791103745
3364644;1;1;1; ; ; ; ; ; ; ; ; ; ; ; ;12;259,244303629901
3364644;1;2;2;2;76; ;2; ; ;1;2; ; ;1; ;12;259,244303629901
3364644;1;3;2;2;54; ;2; ; ;1;2; ; ;1; ;12;259,244303629901
3364644;1;4;1; ; ; ; ; ; ; ; ; ; ; ; ;12;259,244303629901
3364645;1;1;1; ; ; ; ; ; ; ; ; ; ; ; ;12;417,028167629546
3364645;1;2;1; ; ; ; ; ; ; ; ; ; ; ; ;12;417,028167629546
3364646;1;1;2;1; ; ;4; ;3; ;2; ; ;1; ;12;384,103425599033
3364647;1;1;2;1; ; ;2; ; ;1;2; ; ;1; ;12;347,092586375276
3364647;1;2;1; ; ; ; ; ; ; ; ; ; ; ; ;12;347,092586375276
3364647;1;3;1; ; ; ; ; ; ; ; ; ; ; ; ;12;347,092586375276
3364647;1;4;2;2;54; ;2; ; ;1;2; ; ;1; ;12;347,092586375276
3364647;1;5;1; ; ; ; ; ; ; ; ; ; ; ; ;12;347,092586375276
3364647;1;6;1; ; ; ; ; ; ; ; ; ; ; ; ;12;347,092586375276
3364648;1;1;1; ; ; ; ; ; ; ; ; ; ; ; ;12;408,110916402538
3364648;1;2;1; ; ; ; ; ; ; ; ; ; ; ; ;12;408,110916402538
3364648;1;3;1; ; ; ; ; ; ; ; ; ; ; ; ;12;408,110916402538
3364649;1;1;2;2;54; ;2; ; ;1;2; ; ;1; ;12;636,996833905683
3364649;1;2;1; ; ; ; ; ; ; ; ; ; ; ; ;12;636,996833905683
3364649;1;3;1; ; ; ; ; ; ; ; ; ; ; ; ;12;636,996833905683
3364649;1;4;1; ; ; ; ; ; ; ; ; ; ; ; ;12;636,996833905683
3364650;1;1;1; ; ; ; ; ; ; ; ; ; ; ; ;12;368,059327823747
3364650;1;2;1; ; ; ; ; ; ; ; ; ; ; ; ;12;368,059327823747
3364654;1;1;2;2;54; ;2; ; ;1;2; ; ;1; ;12;392,482598733738
3364654;1;2;1; ; ; ; ; ; ; ; ; ; ; ; ;12;392,482598733738
3364654;1;3;1; ; ; ; ; ; ; ; ; ; ; ; ;12;392,482598733738
3364654;1;4;2;2;50; ;2; ; ;1;2; ; ;1; ;12;392,482598733738
3364654;1;5;1; ; ; ; ; ; ; ; ; ; ; ; ;12;392,482598733738
3364654;1;6;1; ; ; ; ; ; ; ; ; ; ; ; ;12;392,482598733738
3364655;1;1;1; ; ; ; ; ; ; ; ; ; ; ; ;12;297,104935689344
3364656;1;1;1; ; ; ; ; ; ; ; ; ; ; ; ;12;761,678615542393
3364656;1;2;1; ; ; ; ; ; ; ; ; ; ; ; ;12;761,678615542393
3364656;1;3;1; ; ; ; ; ; ; ; ; ; ; ; ;12;761,678615542393
3364656;1;4;1; ; ; ; ; ; ; ; ; ; ; ; ;12;761,678615542393
3364657;1;1;1; ; ; ; ; ; ; ; ; ; ; ; ;12;788,583212610076
3364657;1;2;1; ; ; ; ; ; ; ; ; ; ; ; ;12;788,583212610076
3364657;1;3;1; ; ; ; ; ; ; ; ; ; ; ; ;12;788,583212610076
3364657;1;4;1; ; ; ; ; ; ; ; ; ; ; ; ;12;788,583212610076
3364658;1;1;1; ; ; ; ; ; ; ; ; ; ; ; ;12;345,782780019414
3364658;1;2;2;2;54; ;2; ; ;1;2; ; ;1; ;12;345,782780019414
3364658;1;3;1; ; ; ; ; ; ; ; ; ; ; ; ;12;345,782780019414
3364658;1;4;1; ; ; ; ; ; ; ; ; ; ; ; ;12;345,782780019414
3364659;1;1;1; ; ; ; ; ; ; ; ; ; ; ; ;12;416,085930290632
3364659;1;2;1; ; ; ; ; ; ; ; ; ; ; ; ;12;416,085930290632
3364660;1;1;1; ; ; ; ; ; ; ; ; ; ; ; ;12;339,067735901774
3364660;1;2;1; ; ; ; ; ; ; ; ; ; ; ; ;12;339,067735901774
3364660;1;3;1; ; ; ; ; ; ; ; ; ; ; ; ;12;339,067735901774
3364660;1;4;1; ; ; ; ; ; ; ; ; ; ; ; ;12;339,067735901774
3364661;1;1;2;2;54; ;2; ; ;1;2; ; ;1; ;12;374,540043760043
3364661;1;2;2;2;54; ;2; ; ;1;2; ; ;1; ;12;374,540043760043
3364661;2;1;2;2;54; ;2; ; ;1;2; ; ;1; ;12;374,540043760043
3364661;2;2;1; ; ; ; ; ; ; ; ; ; ; ; ;12;374,540043760043
3364661;2;3;1; ; ; ; ; ; ; ; ; ; ; ; ;12;374,540043760043
3364661;2;4;1; ; ; ; ; ; ; ; ; ; ; ; ;12;374,540043760043
3364662;1;1;1; ; ; ; ; ; ; ; ; ; ; ; ;12;386,275779225812
3364662;1;2;1; ; ; ; ; ; ; ; ; ; ; ; ;12;386,275779225812
3364662;1;3;1; ; ; ; ; ; ; ; ; ; ; ; ;12;386,275779225812
3364662;1;4;1; ; ; ; ; ; ; ; ; ; ; ; ;12;386,275779225812
3364662;1;5;1; ; ; ; ; ; ; ; ; ; ; ; ;12;386,275779225812
3364662;1;6;1; ; ; ; ; ; ; ; ; ; ; ; ;12;386,275779225812
3364663;1;1;1; ; ; ; ; ; ; ; ; ; ; ; ;12;345,782780019414
3364663;1;2;1; ; ; ; ; ; ; ; ; ; ; ; ;12;345,782780019414
3364663;1;3;1; ; ; ; ; ; ; ; ; ; ; ; ;12;345,782780019414
3364663;1;4;1; ; ; ; ; ; ; ; ; ; ; ; ;12;345,782780019414
3364664;1;1;2;2;68; ;2; ; ;1;2; ; ;1; ;12;669,136290498497
3364664;1;2;1; ; ; ; ; ; ; ; ; ; ; ; ;12;669,136290498497
3364665;1;1;1; ; ; ; ; ; ; ; ; ; ; ; ;12;384,103425599033
3364666;1;1;1; ; ; ; ; ; ; ; ; ; ; ; ;12;414,851591041298
3364666;1;2;1; ; ; ; ; ; ; ; ; ; ; ; ;12;414,851591041298
3364667;1;1;1; ; ; ; ; ; ; ; ; ; ; ; ;12;414,851591041298
3364667;1;2;2;2;54; ;2; ; ;1;2; ; ;1; ;12;414,851591041298
3364670;1;1;1; ; ; ; ; ; ; ; ; ; ; ; ;12;443,592558473479
3364670;1;2;1; ; ; ; ; ; ; ; ; ; ; ; ;12;443,592558473479
3364670;1;3;1; ; ; ; ; ; ; ; ; ; ; ; ;12;443,592558473479
3364670;1;4;1; ; ; ; ; ; ; ; ; ; ; ; ;12;443,592558473479
3364670;1;5;1; ; ; ; ; ; ; ; ; ; ; ; ;12;443,592558473479
3364670;1;6;1; ; ; ; ; ; ; ; ; ; ; ; ;12;443,592558473479
3364670;1;7;1; ; ; ; ; ; ; ; ; ; ; ; ;12;443,592558473479
3364671;1;1;2;2;54; ;2; ; ;1;2; ; ;1; ;12;334,568145249249
3364671;1;2;1; ; ; ; ; ; ; ; ; ; ; ; ;12;334,568145249249
3364672;1;1;2;2;54; ;2; ; ;1;2; ; ;1; ;12;421,106621638762
3364672;1;2;2;2;54; ;2; ; ;1;2; ; ;1; ;12;421,106621638762
3364673;1;1;2;2;20; ;2; ; ;1;2; ; ;1; ;12;325,239091591602
3364673;1;2;2;2;20; ;2; ; ;1;2; ; ;1; ;12;325,239091591602
3364673;1;3;2;2;13; ;3;20; ;1;2; ; ;1; ;12;325,239091591602
3364674;1;1;2;2;68; ;2; ; ;1;2; ; ;1; ;12;224,350870196312
3364674;1;2;2;2;54; ;2; ; ;1;2; ; ;1; ;12;224,350870196312
3364674;1;3;2;2;54; ;2; ; ;1;2; ; ;1; ;12;224,350870196312
3364674;1;4;2;2;54; ;2; ; ;1;2; ; ;1; ;12;224,350870196312
3364675;1;1;1; ; ; ; ; ; ; ; ; ; ; ; ;12;471,90349725487
3364675;1;2;1; ; ; ; ; ; ; ; ; ; ; ; ;12;471,90349725487
3364675;1;3;1; ; ; ; ; ; ; ; ; ; ; ; ;12;471,90349725487
3364676;1;1;2;2;54; ;2; ; ;1;2; ; ;1; ;12;497,679182438544
3364676;1;2;1; ; ; ; ; ; ; ; ; ; ; ; ;12;497,679182438544
3364676;1;3;1; ; ; ; ; ; ; ; ; ; ; ; ;12;497,679182438544
3364676;1;4;1; ; ; ; ; ; ; ; ; ; ; ; ;12;497,679182438544
3364677;1;1;2;2;54; ;2; ; ;1;2; ; ;1; ;12;196,486232868252
3364677;1;2;1; ; ; ; ; ; ; ; ; ; ; ; ;12;196,486232868252
3364677;1;3;2;2;54; ;3;54; ;2;2; ; ;1; ;12;196,486232868252
3364678;1;1;2;2;54; ;2; ; ;1;2; ; ;1; ;12;330,198695764304
3364678;1;2;2;2;54; ;2; ; ;1;2; ; ;1; ;12;330,198695764304
3364678;1;3;1; ; ; ; ; ; ; ; ; ; ; ; ;12;330,198695764304
3364678;1;4;1; ; ; ; ; ; ; ; ; ; ; ; ;12;330,198695764304
3364678;1;5;1; ; ; ; ; ; ; ; ; ; ; ; ;12;330,198695764304
3364679;1;1;1; ; ; ; ; ; ; ; ; ; ; ; ;12;447,294109253074
3364679;1;2;1; ; ; ; ; ; ; ; ; ; ; ; ;12;447,294109253074
3364679;1;3;1; ; ; ; ; ; ; ; ; ; ; ; ;12;447,294109253074
3364680;1;1;2;2;54; ;2; ; ;1;2; ; ;1; ;12;412,007476281417
3364680;1;2;1; ; ; ; ; ; ; ; ; ; ; ; ;12;412,007476281417
3364681;1;1;2;2;54; ;2; ; ;1;2; ; ;1; ;12;413,326616849951
3364681;1;2;2;2;54; ;2; ; ;1;2; ; ;1; ;12;413,326616849951
3364681;1;3;1; ; ; ; ; ; ; ; ; ; ; ; ;12;413,326616849951
3364681;1;4;1; ; ; ; ; ; ; ; ; ; ; ; ;12;413,326616849951
3364681;1;5;1; ; ; ; ; ; ; ; ; ; ; ; ;12;413,326616849951
3364681;1;6;1; ; ; ; ; ; ; ; ; ; ; ; ;12;413,326616849951
3364682;1;1;2;2;54; ;2; ; ;1;2; ; ;1; ;12;377,658857687205
3364682;1;2;2;2;20; ;2; ; ;1;2; ; ;1; ;12;377,658857687205
3364682;1;3;2;2;54; ;2; ; ;1;2; ; ;1; ;12;377,658857687205
3364682;1;4;2;2;54; ;2; ; ;1;2; ; ;1; ;12;377,658857687205
3364682;1;5;2;2;54; ;2; ; ;1;2; ; ;1; ;12;377,658857687205
3364682;1;6;1; ; ; ; ; ; ; ; ; ; ; ; ;12;377,658857687205
3364683;1;1;2;2;68; ;2; ; ;1;2; ; ;1; ;12;297,104935689344
3364684;1;1;2;2;68; ;2; ; ;1;2; ; ;1; ;12;384,103425599033
3364685;1;1;2;2;11; ;2; ; ;1;2; ; ;1; ;12;297,104935689344
3364688;1;1;2;2;54; ;2; ; ;1;2; ; ;1; ;12;430,435675296408
3364689;1;1;2;2;13; ;2; ; ;1;2; ; ;1; ;12;388,036575707574
3364689;1;2;1; ; ; ; ; ; ; ; ; ; ; ; ;12;388,036575707574
3364689;1;3;1; ; ; ; ; ; ; ; ; ; ; ; ;12;388,036575707574
3364689;1;4;1; ; ; ; ; ; ; ; ; ; ; ; ;12;388,036575707574
3364690;1;1;1; ; ; ; ; ; ; ; ; ; ; ; ;12;297,104935689344
3364691;1;1;2;2;54; ;2; ; ;1;2; ; ;1; ;12;261,420880218149
3364691;1;2;2;2;54; ;2; ; ;1;2; ; ;1; ;12;261,420880218149
3364691;1;3;1; ; ; ; ; ; ; ; ; ; ; ; ;12;261,420880218149
3364691;1;4;1; ; ; ; ; ; ; ; ; ; ; ; ;12;261,420880218149
3364692;1;1;2;2;54; ;2; ; ;1;2; ; ;1; ;12;442,273417904944
3364692;1;2;2;2;11; ;2; ; ;1;2; ; ;1; ;12;442,273417904944
3364692;1;3;1; ; ; ; ; ; ; ; ; ; ; ; ;12;442,273417904944
3364693;1;1;1; ; ; ; ; ; ; ; ; ; ; ; ;12;447,294109253074
3364693;1;2;2;2;20; ;2; ; ;1;2; ; ;1; ;12;447,294109253074
3364693;1;3;1; ; ; ; ; ; ; ; ; ; ; ; ;12;447,294109253074
3364694;1;1;2;2;54; ;2; ; ;1;2; ; ;1; ;12;452,240958990545
3364694;1;2;2;2;54; ;2; ; ;1;2; ; ;1; ;12;452,240958990545
3364694;1;3;1; ; ; ; ; ; ; ; ; ; ; ; ;12;452,240958990545
3364694;1;4;1; ; ; ; ; ; ; ; ; ; ; ; ;12;452,240958990545
3364695;1;1;1; ; ; ; ; ; ; ; ; ; ; ; ;12;297,104935689344
3364696;1;1;1; ; ; ; ; ; ; ; ; ; ; ; ;12;334,568145249249
3364696;1;2;1; ; ; ; ; ; ; ; ; ; ; ; ;12;334,568145249249
3364697;1;1;1; ; ; ; ; ; ; ; ; ; ; ; ;12;354,651820156885
3364697;1;2;1; ; ; ; ; ; ; ; ; ; ; ; ;12;354,651820156885
3364697;1;3;1; ; ; ; ; ; ; ; ; ; ; ; ;12;354,651820156885
3364698;1;1;2;2;05; ;2; ; ;1;2; ; ;1; ;12;265,499334227364
3364698;1;2;1; ; ; ; ; ; ; ; ; ; ; ; ;12;265,499334227364
3364698;1;3;1; ; ; ; ; ; ; ; ; ; ; ; ;12;265,499334227364
3364698;1;4;1; ; ; ; ; ; ; ; ; ; ; ; ;12;265,499334227364
3364699;1;1;2;2;68; ;2; ; ;1;2; ; ;1; ;12;298,424076257878
3364699;1;2;2;2;68; ;2; ; ;1;2; ; ;1; ;12;298,424076257878
3364699;1;3;2;2;54; ;2; ; ;1;2; ; ;1; ;12;298,424076257878
3364699;1;4;1; ; ; ; ; ; ; ; ; ; ; ; ;12;298,424076257878
3364699;1;5;2;2;54; ;2; ; ;1;2; ; ;1; ;12;298,424076257878
3364700;1;1;2;2;68; ;2; ; ;2;2; ; ;1; ;12;504,346015466646
3364700;1;2;1; ; ; ; ; ; ; ; ; ; ; ; ;12;504,346015466646
3364700;1;3;2;2;54; ;2; ; ;1;2; ; ;1; ;12;504,346015466646
3364700;1;4;2;2;54; ;1; ; ; ;1; ; ; ; ;12;504,346015466646
3364701;1;1;1; ; ; ; ; ; ; ; ; ; ; ; ;12;440,141632183675
3364701;1;2;1; ; ; ; ; ; ; ; ; ; ; ; ;12;440,141632183675
3364701;1;3;2;2;54; ;2; ; ;1;2; ; ;1; ;12;440,141632183675
3364701;1;4;1; ; ; ; ; ; ; ; ; ; ; ; ;12;440,141632183675
3364702;1;1;2;2;68; ;3;68; ;1;2; ; ;1; ;12;236,038394572544
3364702;1;2;2;2;68; ;3;68; ;1;2; ; ;1; ;12;236,038394572544
3364702;1;3;2;2;68; ;3;68; ;1;2; ; ;1; ;12;236,038394572544
3364702;1;4;2;2;68; ;2; ; ;1;2; ; ;1; ;12;236,038394572544
3364705;1;1;2;2;68; ;2; ; ;1;2; ; ;1; ;12;430,435675296408
3364706;1;1;1; ; ; ; ; ; ; ; ; ; ; ; ;12;274,368374364835
3364706;1;2;1; ; ; ; ; ; ; ; ; ; ; ; ;12;274,368374364835
3364706;1;3;2;2;54; ;2; ; ;1;2; ; ;1; ;12;274,368374364835
3364709;1;1;2;2;54; ;2; ; ;1;2; ; ;1; ;12;303,399976739028
3364709;1;2;1; ; ; ; ; ; ; ; ; ; ; ; ;12;303,399976739028
3364709;1;3;2;2;54; ;3;54; ;1;2; ; ;1; ;12;303,399976739028
3364709;1;4;2;2;54; ;3;54; ;1;2; ; ;1; ;12;303,399976739028
3364710;1;1;1; ; ; ; ; ; ; ; ; ; ; ; ;12;507,008236096191
3364710;1;2;1; ; ; ; ; ; ; ; ; ; ; ; ;12;507,008236096191
3364710;1;3;1; ; ; ; ; ; ; ; ; ; ; ; ;12;507,008236096191
3364711;1;1;2;2;54; ;2; ; ;1;2; ; ;1; ;12;394,291606305038
3364711;1;2;1; ; ; ; ; ; ; ; ; ; ; ; ;12;394,291606305038
3364711;1;3;1; ; ; ; ; ; ; ; ; ; ; ; ;12;394,291606305038
3364711;1;4;1; ; ; ; ; ; ; ; ; ; ; ; ;12;394,291606305038
3364712;1;1;2;2;54; ;2; ; ;1;2; ; ;1; ;12;374,31435842121
3364712;1;2;2;2;54; ;2; ; ;1;2; ; ;1; ;12;374,31435842121
3364713;1;1;2;2;54; ;2; ; ;1;2; ; ;1; ;12;356,828396745133
3364713;1;2;1; ; ; ; ; ; ; ; ; ; ; ; ;12;356,828396745133
3364713;1;3;1; ; ; ; ; ; ; ; ; ; ; ; ;12;356,828396745133
3364714;1;1;2;2;68; ;2; ; ;1;2; ; ;1; ;12;335,993712841591
3364714;1;2;1; ; ; ; ; ; ; ; ; ; ; ; ;12;335,993712841591
3364714;1;3;1; ; ; ; ; ; ; ; ; ; ; ; ;12;335,993712841591
3364714;1;4;2;2;68; ;2; ; ;1;2; ; ;1; ;12;335,993712841591
3364714;1;5;2;2;68; ;2; ; ;1;2; ; ;1; ;12;335,993712841591
3364715;1;1;2;2;73; ;2; ; ;1;2; ; ;1; ;12;278,906841894226
3364715;1;2;2;2;76; ;2; ; ;1;2; ; ;1; ;12;278,906841894226
3364715;1;3;1; ; ; ; ; ; ; ; ; ; ; ; ;12;278,906841894226
3364717;1;1;2;2;08; ;2; ; ;1;2; ; ;1; ;12;447,294109253074
3364717;1;2;1; ; ; ; ; ; ; ; ; ; ; ; ;12;447,294109253074
3364717;1;3;2;2;54; ;1; ; ; ;1; ; ; ; ;12;447,294109253074
3364718;1;1;1; ; ; ; ; ; ; ; ; ; ; ; ;12;469,13996085272
3364718;1;2;2;2;68; ;2; ; ;1;2; ; ;1; ;12;469,13996085272
3364718;1;3;1; ; ; ; ; ; ; ; ; ; ; ; ;12;469,13996085272
3364718;1;4;1; ; ; ; ; ; ; ; ; ; ; ; ;12;469,13996085272
3364718;1;5;1; ; ; ; ; ; ; ; ; ; ; ; ;12;469,13996085272
3364718;1;6;1; ; ; ; ; ; ; ; ; ; ; ; ;12;469,13996085272
3364718;1;7;1; ; ; ; ; ; ; ; ; ; ; ; ;12;469,13996085272
3364718;1;8;1; ; ; ; ; ; ; ; ; ; ; ; ;12;469,13996085272
3364718;1;9;1; ; ; ; ; ; ; ; ; ; ; ; ;12;469,13996085272
3364718;1;10;2;2;05; ;2; ; ;1;2; ; ;1; ;12;469,13996085272
3364718;1;11;2;2;54; ;2; ; ;1;2; ; ;1; ;12;469,13996085272
3364718;1;12;2;2;54; ;2; ; ;1;2; ; ;1; ;12;469,13996085272
3364719;1;1;2;2;68; ;2; ; ;1;2; ; ;1; ;12;427,773454666863
3364719;1;2;2;2;54; ;2; ; ;1;2; ; ;1; ;12;427,773454666863
3364720;1;1;2;2;54; ;2; ; ;1;2; ; ;1; ;12;356,828396745133
3364720;1;2;2;2;68; ;2; ; ;1;2; ; ;1; ;12;356,828396745133
3364720;1;3;2;2;54; ;2; ; ;1;2; ; ;1; ;12;356,828396745133
3364721;1;1;2;2;54; ;2; ; ;1;2; ; ;1; ;12;427,773454666863
3364721;1;2;1; ; ; ; ; ; ; ; ; ; ; ; ;12;427,773454666863
3364722;1;1;2;2;68; ;2; ; ;1;2; ; ;1; ;12;384,103425599033
3364723;1;1;2;2;15; ;2; ; ;1;2; ; ;1; ;12;383,643412078857
3364724;1;1;2;2;54; ;2; ; ;1;2; ; ;1; ;12;368,059327823747
3364724;1;2;2;2;54; ;2; ; ;1;2; ; ;1; ;12;368,059327823747
3364725;1;1;2;2;54; ;2; ; ;1;2; ; ;1; ;12;334,568145249249
3364725;1;2;2;2;54; ;2; ; ;1;2; ; ;1; ;12;334,568145249249
3364726;1;1;1; ; ; ; ; ; ; ; ; ; ; ; ;12;325,239091591602
3364726;1;2;2;2;11; ;2; ; ;1;2; ; ;1; ;12;325,239091591602
3364726;1;3;2;2;11; ;3;44; ;1;3;54; ;1; ;12;325,239091591602
3364729;1;1;1; ; ; ; ; ; ; ; ; ; ; ; ;12;278,906841894226
3364729;1;2;1; ; ; ; ; ; ; ; ; ; ; ; ;12;278,906841894226
3364729;1;3;1; ; ; ; ; ; ; ; ; ; ; ; ;12;278,906841894226
3364730;1;1;1; ; ; ; ; ; ; ; ; ; ; ; ;12;497,679182438544
3364730;1;2;1; ; ; ; ; ; ; ; ; ; ; ; ;12;497,679182438544
3364730;1;3;1; ; ; ; ; ; ; ; ; ; ; ; ;12;497,679182438544
3364730;1;4;1; ; ; ; ; ; ; ; ; ; ; ; ;12;497,679182438544
3364732;1;1;2;2;54; ;3;54; ;2;3;54; ;2;4;12;328,207794062667
3364732;1;2;2;2;54; ;3;54; ;2;3;54; ;2;3;12;328,207794062667
3364732;1;3;2;2;54; ;3;54; ;2;3;54; ;2;4;12;328,207794062667
3364732;1;4;2;2;54; ;3;54; ;2;3;54; ;2;4;12;328,207794062667
3364732;1;5;2;2;54; ;3;54; ;2;3;54; ;2;4;12;328,207794062667
3364732;1;6;2;2;54; ;3;54; ;2;3;54; ;2;4;12;328,207794062667
3364733;1;1;2;2;54; ;2; ; ;1;2; ; ;1; ;12;383,643412078857
3364734;1;1;1; ; ; ; ; ; ; ; ; ; ; ; ;12;392,11502971679
3364734;1;2;1; ; ; ; ; ; ; ; ; ; ; ; ;12;392,11502971679
3364734;1;3;1; ; ; ; ; ; ; ; ; ; ; ; ;12;392,11502971679
3364734;1;4;1; ; ; ; ; ; ; ; ; ; ; ; ;12;392,11502971679
3364735;1;1;1; ; ; ; ; ; ; ; ; ; ; ; ;12;288,235895551873
3364735;1;2;2;2;54; ;2; ; ;1;2; ; ;1; ;12;288,235895551873
3364736;1;1;1; ; ; ; ; ; ; ; ; ; ; ; ;12;497,679182438544
3364736;1;2;2;2;54; ;2; ; ;1;2; ; ;1; ;12;497,679182438544
3364736;1;3;1; ; ; ; ; ; ; ; ; ; ; ; ;12;497,679182438544
3364736;1;4;1; ; ; ; ; ; ; ; ; ; ; ; ;12;497,679182438544
3364737;1;1;1; ; ; ; ; ; ; ; ; ; ; ; ;12;334,5518489408
3364737;1;2;1; ; ; ; ; ; ; ; ; ; ; ; ;12;334,5518489408
3364737;1;3;1; ; ; ; ; ; ; ; ; ; ; ; ;12;334,5518489408
3364737;1;4;1; ; ; ; ; ; ; ; ; ; ; ; ;12;334,5518489408
3364737;1;5;1; ; ; ; ; ; ; ; ; ; ; ; ;12;334,5518489408
3364738;1;1;1; ; ; ; ; ; ; ; ; ; ; ; ;12;258,784290109725
3364738;1;2;1; ; ; ; ; ; ; ; ; ; ; ; ;12;258,784290109725
3364738;1;3;1; ; ; ; ; ; ; ; ; ; ; ; ;12;258,784290109725
3364738;1;4;2;2;25; ;2; ; ;1;2; ; ;1; ;12;258,784290109725
3364739;1;1;2;2;68; ;2; ; ;1;2; ; ;1; ;12;491,42415184108
3364739;1;2;1; ; ; ; ; ; ; ; ; ; ; ; ;12;491,42415184108
3364739;1;3;1; ; ; ; ; ; ; ; ; ; ; ; ;12;491,42415184108
3364739;1;4;1; ; ; ; ; ; ; ; ; ; ; ; ;12;491,42415184108
3364740;1;1;2;2;68; ;2; ; ;1;2; ; ;1; ;12;355,479402694008
3364740;1;2;1; ; ; ; ; ; ; ; ; ; ; ; ;12;355,479402694008
3364740;1;3;1; ; ; ; ; ; ; ; ; ; ; ; ;12;355,479402694008
3364740;1;4;1; ; ; ; ; ; ; ; ; ; ; ; ;12;355,479402694008
3364740;1;5;1; ; ; ; ; ; ; ; ; ; ; ; ;12;355,479402694008
3364741;1;1;1; ; ; ; ; ; ; ; ; ; ; ; ;12;462,878193508184
3364741;1;2;1; ; ; ; ; ; ; ; ; ; ; ; ;12;462,878193508184
3364742;1;1;1; ; ; ; ; ; ; ; ; ; ; ; ;12;356,828396745133
3364742;1;2;1; ; ; ; ; ; ; ; ; ; ; ; ;12;356,828396745133
3364742;1;3;1; ; ; ; ; ; ; ; ; ; ; ; ;12;356,828396745133
3364744;1;1;1; ; ; ; ; ; ; ; ; ; ; ; ;12;274,368374364835
3364744;1;2;1; ; ; ; ; ; ; ; ; ; ; ; ;12;274,368374364835
3364744;1;3;1; ; ; ; ; ; ; ; ; ; ; ; ;12;274,368374364835
3364746;1;1;2;2;54; ;2; ; ;1;2; ; ;1; ;12;272,651811296763
3364746;1;2;2;2;54; ;2; ; ;1;2; ; ;1; ;12;272,651811296763
3364746;1;3;2;1; ; ;3;54; ;1;3;54; ;1; ;12;272,651811296763
3364747;1;1;1; ; ; ; ; ; ; ; ; ; ; ; ;12;412,189370411753
3364747;1;2;1; ; ; ; ; ; ; ; ; ; ; ; ;12;412,189370411753
3364747;1;3;1; ; ; ; ; ; ; ; ; ; ; ; ;12;412,189370411753
3364748;1;1;2;2;54; ;2; ; ;1;2; ; ;1; ;12;287,775882031697
3364748;1;2;1; ; ; ; ; ; ; ; ; ; ; ; ;12;287,775882031697
3364749;1;1;2;2;15; ;2; ; ;1;2; ; ;1; ;12;266,818474795899
3364749;1;2;2;2;54; ;2; ; ;1;2; ; ;1; ;12;266,818474795899
3364749;1;3;1; ; ; ; ; ; ; ; ; ; ; ; ;12;266,818474795899
3364749;1;4;1; ; ; ; ; ; ; ; ; ; ; ; ;12;266,818474795899
3364749;1;5;1; ; ; ; ; ; ; ; ; ; ; ; ;12;266,818474795899
3364749;1;6;1; ; ; ; ; ; ; ; ; ; ; ; ;12;266,818474795899
3364749;1;7;1; ; ; ; ; ; ; ; ; ; ; ; ;12;266,818474795899
3364749;1;8;1; ; ; ; ; ; ; ; ; ; ; ; ;12;266,818474795899
3364750;1;1;2;2;17; ;2; ; ;1;2; ; ;1; ;12;288,235895551873
3364750;1;2;2;2;76; ;2; ; ;1;2; ; ;1; ;12;288,235895551873
3364751;1;1;2;2;54; ;2; ; ;1;2; ; ;1; ;12;409,494564369059
3364751;1;2;2;2;54; ;2; ; ;1;2; ; ;1; ;12;409,494564369059
3364751;1;3;2;2;54; ;2; ; ;1;2; ; ;1; ;12;409,494564369059
3364751;1;4;2;2;54; ;2; ; ;1;2; ; ;1; ;12;409,494564369059
3364752;1;1;1; ; ; ; ; ; ; ; ; ; ; ; ;12;417,635176079041
3364752;1;2;2;2;54; ;2; ; ;1;2; ; ;1; ;12;417,635176079041
3364752;1;3;1; ; ; ; ; ; ; ; ; ; ; ; ;12;417,635176079041
3364752;1;4;1; ; ; ; ; ; ; ; ; ; ; ; ;12;417,635176079041
3364752;1;5;2;2;54; ;2; ; ;1;2; ; ;1; ;12;417,635176079041
3364752;1;6;2;2;54; ;3;11; ;1;3;11; ;1; ;12;417,635176079041
3364752;1;7;2;2;05; ;3;11; ;1;3;11; ;1; ;12;417,635176079041
3364753;1;1;2;2;54; ;2; ; ;1;2; ; ;1; ;12;288,235895551873
3364753;1;2;2;2;54; ;2; ; ;1;2; ; ;1; ;12;288,235895551873
3364754;1;1;2;2;54; ;2; ; ;1;2; ; ;1; ;12;288,235895551873
3364754;1;2;2;2;54; ;2; ; ;1;2; ; ;1; ;12;288,235895551873
3364755;1;1;1; ; ; ; ; ; ; ; ; ; ; ; ;12;297,104935689344
3364756;1;1;2;2;66; ;2; ; ;1;2; ; ;1; ;12;329,547453901119
3364756;1;2;1; ; ; ; ; ; ; ; ; ; ; ; ;12;329,547453901119
3364757;1;1;2;2;54; ;2; ; ;1;2; ; ;1; ;12;375,234385461562
3364757;1;2;2;2;54; ;2; ; ;1;2; ; ;1; ;12;375,234385461562
3364758;1;1;1; ; ; ; ; ; ; ; ; ; ; ; ;12;413,499176767615
3364758;1;2;2;2;68; ;2; ; ;1;2; ; ;1; ;12;413,499176767615
3364758;1;3;1; ; ; ; ; ; ; ; ; ; ; ; ;12;413,499176767615
3364758;1;4;1; ; ; ; ; ; ; ; ; ; ; ; ;12;413,499176767615
3364758;1;5;1; ; ; ; ; ; ; ; ; ; ; ; ;12;413,499176767615
3364759;1;1;2;2;54; ;2; ; ;1;2; ; ;1; ;12;297,104935689344
3364760;1;1;2;2;54; ;2; ; ;1;2; ; ;1; ;12;378,707522049928
3364760;1;2;2;1; ; ;2; ; ;1;2; ; ;1; ;12;378,707522049928
3364760;1;3;2;2;66; ;2; ; ;1;2; ; ;1; ;12;378,707522049928
3364760;1;4;2;2;66; ;2; ; ;1;2; ; ;1; ;12;378,707522049928
3364760;2;1;2;3; ;3;4; ;3; ;2; ; ;1; ;12;378,707522049928
3364761;1;1;2;2;68; ;2; ; ;1;2; ; ;1; ;12;421,106621638762
3364761;1;2;1; ; ; ; ; ; ; ; ; ; ; ; ;12;421,106621638762
3364762;1;1;1; ; ; ; ; ; ; ; ; ; ; ; ;12;518,434176274088
3364762;1;2;1; ; ; ; ; ; ; ; ; ; ; ; ;12;518,434176274088
3364762;1;3;1; ; ; ; ; ; ; ; ; ; ; ; ;12;518,434176274088
3364762;1;4;1; ; ; ; ; ; ; ; ; ; ; ; ;12;518,434176274088
3364762;1;5;1; ; ; ; ; ; ; ; ; ; ; ; ;12;518,434176274088
3364765;1;1;2;2;54; ;2; ; ;1;2; ; ;1; ;12;497,679182438544
3364765;1;2;1; ; ; ; ; ; ; ; ; ; ; ; ;12;497,679182438544
3364765;1;3;1; ; ; ; ; ; ; ; ; ; ; ; ;12;497,679182438544
3364765;1;4;1; ; ; ; ; ; ; ; ; ; ; ; ;12;497,679182438544
3364766;1;1;2;1; ; ;2; ; ;1;2; ; ;1; ;12;444,631888623529
3364766;1;2;1; ; ; ; ; ; ; ; ; ; ; ; ;12;444,631888623529
3364766;1;3;1; ; ; ; ; ; ; ; ; ; ; ; ;12;444,631888623529
3364766;1;4;1; ; ; ; ; ; ; ; ; ; ; ; ;12;444,631888623529
3364767;1;1;2;2;68; ;2; ; ;1;2; ; ;1; ;12;374,774371941386
3364767;1;2;1; ; ; ; ; ; ; ; ; ; ; ; ;12;374,774371941386
3364768;1;1;2;2;54; ;2; ; ;1;2; ; ;1; ;12;334,568145249249
3364768;1;2;1; ; ; ; ; ; ; ; ; ; ; ; ;12;334,568145249249
3364770;1;1;1; ; ; ; ; ; ; ; ; ; ; ; ;12;1083,54904048724
3364771;1;1;1; ; ; ; ; ; ; ; ; ; ; ; ;12;1362,44625518716
3364771;1;2;1; ; ; ; ; ; ; ; ; ; ; ; ;12;1362,44625518716
3364771;1;3;1; ; ; ; ; ; ; ; ; ; ; ; ;12;1362,44625518716
3364771;1;4;1; ; ; ; ; ; ; ; ; ; ; ; ;12;1362,44625518716
3364771;1;5;1; ; ; ; ; ; ; ; ; ; ; ; ;12;1362,44625518716
3364772;1;1;1; ; ; ; ; ; ; ; ; ; ; ; ;12;922,581801971763
3364772;1;2;1; ; ; ; ; ; ; ; ; ; ; ; ;12;922,581801971763
3364772;1;3;1; ; ; ; ; ; ; ; ; ; ; ; ;12;922,581801971763
3364773;1;1;2;2;47; ;2; ; ;1;2; ; ;1; ;12;1438,88395609581
3364773;1;2;1; ; ; ; ; ; ; ; ; ; ; ; ;12;1438,88395609581
3364773;1;3;2;2;47; ;3;47; ;1;2; ; ;1; ;12;1438,88395609581
3364774;1;1;2;2;47; ;2; ; ;1;2; ; ;1; ;12;1337,24235046649
3364774;1;2;1; ; ; ; ; ; ; ; ; ; ; ; ;12;1337,24235046649
3364774;1;3;1; ; ; ; ; ; ; ; ; ; ; ; ;12;1337,24235046649
3364774;1;4;1; ; ; ; ; ; ; ; ; ; ; ; ;12;1337,24235046649
3364774;1;5;2;2;47; ;2; ; ;1;2; ; ;1; ;12;1337,24235046649
3364774;1;6;1; ; ; ; ; ; ; ; ; ; ; ; ;12;1337,24235046649
3364775;1;1;1; ; ; ; ; ; ; ; ; ; ; ; ;12;1211,03824352957
3364775;1;2;1; ; ; ; ; ; ; ; ; ; ; ; ;12;1211,03824352957
3364775;1;3;1; ; ; ; ; ; ; ; ; ; ; ; ;12;1211,03824352957
3364775;1;4;1; ; ; ; ; ; ; ; ; ; ; ; ;12;1211,03824352957
3364776;1;1;1; ; ; ; ; ; ; ; ; ; ; ; ;12;1700,68359888429
3364777;1;1;1; ; ; ; ; ; ; ; ; ; ; ; ;12;2021,37052799443
3364777;1;2;1; ; ; ; ; ; ; ; ; ; ; ; ;12;2021,37052799443
3364777;1;3;1; ; ; ; ; ; ; ; ; ; ; ; ;12;2021,37052799443
3364777;1;4;1; ; ; ; ; ; ; ; ; ; ; ; ;12;2021,37052799443
3364778;1;1;1; ; ; ; ; ; ; ; ; ; ; ; ;12;1427,73611561958
3364778;1;2;2;1; ; ;3;20; ;2;2; ; ;1; ;12;1427,73611561958
3364778;1;3;2;1; ; ;3;20; ;2;2; ; ;1; ;12;1427,73611561958
3364778;1;4;2;2;20; ;3;20; ;2;2; ; ;1; ;12;1427,73611561958
3364779;1;1;1; ; ; ; ; ; ; ; ; ; ; ; ;12;1107,2884014248
3364779;1;2;2;2;23; ;2; ; ;1;2; ; ;1; ;12;1107,2884014248
3364780;1;1;2;2;20; ;2; ; ;1;2; ; ;1; ;12;1177,35576230814
3364780;1;2;2;1; ; ;2; ; ;1;2; ; ;1; ;12;1177,35576230814
3364780;1;3;1; ; ; ; ; ; ; ; ; ; ; ; ;12;1177,35576230814
3364780;1;4;1; ; ; ; ; ; ; ; ; ; ; ; ;12;1177,35576230814
3364780;1;5;1; ; ; ; ; ; ; ; ; ; ; ; ;12;1177,35576230814
3364782;1;1;1; ; ; ; ; ; ; ; ; ; ; ; ;12;2164,96849449336
3364782;1;2;1; ; ; ; ; ; ; ; ; ; ; ; ;12;2164,96849449336
3364782;1;3;1; ; ; ; ; ; ; ; ; ; ; ; ;12;2164,96849449336
3364782;1;4;1; ; ; ; ; ; ; ; ; ; ; ; ;12;2164,96849449336
3364782;1;5;1; ; ; ; ; ; ; ; ; ; ; ; ;12;2164,96849449336
3364782;1;6;1; ; ; ; ; ; ; ; ; ; ; ; ;12;2164,96849449336
3364783;1;1;1; ; ; ; ; ; ; ; ; ; ; ; ;12;1410,85649469246
3364783;1;2;1; ; ; ; ; ; ; ; ; ; ; ; ;12;1410,85649469246
3364783;1;3;1; ; ; ; ; ; ; ; ; ; ; ; ;12;1410,85649469246
3364784;1;1;1; ; ; ; ; ; ; ; ; ; ; ; ;12;1807,6729952357
3364784;1;2;1; ; ; ; ; ; ; ; ; ; ; ; ;12;1807,6729952357
3364784;1;3;1; ; ; ; ; ; ; ; ; ; ; ; ;12;1807,6729952357
3364784;1;4;1; ; ; ; ; ; ; ; ; ; ; ; ;12;1807,6729952357
3364785;1;1;1; ; ; ; ; ; ; ; ; ; ; ; ;12;1590,30143449638
3364785;1;2;1; ; ; ; ; ; ; ; ; ; ; ; ;12;1590,30143449638
3364785;1;3;1; ; ; ; ; ; ; ; ; ; ; ; ;12;1590,30143449638
3364786;1;1;1; ; ; ; ; ; ; ; ; ; ; ; ;12;1389,95067822373
3364786;1;2;1; ; ; ; ; ; ; ; ; ; ; ; ;12;1389,95067822373
3364786;1;3;1; ; ; ; ; ; ; ; ; ; ; ; ;12;1389,95067822373
3364788;1;1;1; ; ; ; ; ; ; ; ; ; ; ; ;12;1756,76342821329
3364788;1;2;1; ; ; ; ; ; ; ; ; ; ; ; ;12;1756,76342821329
3364788;1;3;1; ; ; ; ; ; ; ; ; ; ; ; ;12;1756,76342821329
3364788;1;4;1; ; ; ; ; ; ; ; ; ; ; ; ;12;1756,76342821329
3364788;1;5;1; ; ; ; ; ; ; ; ; ; ; ; ;12;1756,76342821329
3364788;1;6;1; ; ; ; ; ; ; ; ; ; ; ; ;12;1756,76342821329
3364789;1;1;1; ; ; ; ; ; ; ; ; ; ; ; ;12;1581,84630355484
3364789;1;2;1; ; ; ; ; ; ; ; ; ; ; ; ;12;1581,84630355484
3364789;1;3;1; ; ; ; ; ; ; ; ; ; ; ; ;12;1581,84630355484
3364789;1;4;1; ; ; ; ; ; ; ; ; ; ; ; ;12;1581,84630355484
3364790;1;1;1; ; ; ; ; ; ; ; ; ; ; ; ;12;2074,62821109894
3364790;1;2;1; ; ; ; ; ; ; ; ; ; ; ; ;12;2074,62821109894
3364790;1;3;1; ; ; ; ; ; ; ; ; ; ; ; ;12;2074,62821109894
3364790;1;4;1; ; ; ; ; ; ; ; ; ; ; ; ;12;2074,62821109894
3364790;1;5;1; ; ; ; ; ; ; ; ; ; ; ; ;12;2074,62821109894
3364790;1;6;1; ; ; ; ; ; ; ; ; ; ; ; ;12;2074,62821109894
3364790;1;7;2;2;47; ;2; ; ;1;2; ; ;1; ;12;2074,62821109894
3364791;1;1;1; ; ; ; ; ; ; ; ; ; ; ; ;12;1497,81399827027
3364791;1;2;1; ; ; ; ; ; ; ; ; ; ; ; ;12;1497,81399827027
3364791;1;3;1; ; ; ; ; ; ; ; ; ; ; ; ;12;1497,81399827027
3364791;1;4;1; ; ; ; ; ; ; ; ; ; ; ; ;12;1497,81399827027
3364791;1;5;1; ; ; ; ; ; ; ; ; ; ; ; ;12;1497,81399827027
3364792;1;1;1; ; ; ; ; ; ; ; ; ; ; ; ;12;1438,88395609581
3364792;1;2;1; ; ; ; ; ; ; ; ; ; ; ; ;12;1438,88395609581
3364792;1;3;1; ; ; ; ; ; ; ; ; ; ; ; ;12;1438,88395609581
3364793;1;1;1; ; ; ; ; ; ; ; ; ; ; ; ;12;1580,59663979628
3364793;1;2;1; ; ; ; ; ; ; ; ; ; ; ; ;12;1580,59663979628
3364793;1;3;1; ; ; ; ; ; ; ; ; ; ; ; ;12;1580,59663979628
3364793;1;4;1; ; ; ; ; ; ; ; ; ; ; ; ;12;1580,59663979628
3364794;1;1;1; ; ; ; ; ; ; ; ; ; ; ; ;12;1410,85649469246
3364794;1;2;1; ; ; ; ; ; ; ; ; ; ; ; ;12;1410,85649469246
3364794;1;3;1; ; ; ; ; ; ; ; ; ; ; ; ;12;1410,85649469246
3364795;1;1;1; ; ; ; ; ; ; ; ; ; ; ; ;12;1731,67763614097
3364795;1;2;1; ; ; ; ; ; ; ; ; ; ; ; ;12;1731,67763614097
3364795;1;3;1; ; ; ; ; ; ; ; ; ; ; ; ;12;1731,67763614097
3364795;1;4;2;2;47; ;2; ; ;2;2; ; ;2; ;12;1731,67763614097
3364796;1;1;1; ; ; ; ; ; ; ; ; ; ; ; ;12;1726,13166514745
3364796;1;2;1; ; ; ; ; ; ; ; ; ; ; ; ;12;1726,13166514745
3364796;1;3;1; ; ; ; ; ; ; ; ; ; ; ; ;12;1726,13166514745
3364796;1;4;1; ; ; ; ; ; ; ; ; ; ; ; ;12;1726,13166514745
3364796;1;5;1; ; ; ; ; ; ; ; ; ; ; ; ;12;1726,13166514745
3364796;1;6;1; ; ; ; ; ; ; ; ; ; ; ; ;12;1726,13166514745
3364797;1;1;1; ; ; ; ; ; ; ; ; ; ; ; ;12;887,357107921161
3364797;1;2;1; ; ; ; ; ; ; ; ; ; ; ; ;12;887,357107921161
3364798;1;1;1; ; ; ; ; ; ; ; ; ; ; ; ;12;974,681571502195
3364799;1;1;1; ; ; ; ; ; ; ; ; ; ; ; ;12;1709,17568358463
3364799;1;2;1; ; ; ; ; ; ; ; ; ; ; ; ;12;1709,17568358463
3364799;1;3;1; ; ; ; ; ; ; ; ; ; ; ; ;12;1709,17568358463
3364800;1;1;1; ; ; ; ; ; ; ; ; ; ; ; ;12;963,262282025163
3364800;1;2;1; ; ; ; ; ; ; ; ; ; ; ; ;12;963,262282025163
3364801;1;1;1; ; ; ; ; ; ; ; ; ; ; ; ;12;1126,68911168601
3364801;1;2;1; ; ; ; ; ; ; ; ; ; ; ; ;12;1126,68911168601
3364803;1;1;2;2;13; ;2; ; ;2;2; ; ;2; ;12;1315,10199528003
3364803;1;2;2;2;13; ;2; ; ;2;2; ; ;2; ;12;1315,10199528003
3364803;1;3;1; ; ; ; ; ; ; ; ; ; ; ; ;12;1315,10199528003
3364803;1;4;1; ; ; ; ; ; ; ; ; ; ; ; ;12;1315,10199528003
3364803;1;5;1; ; ; ; ; ; ; ; ; ; ; ; ;12;1315,10199528003
3364803;1;6;1; ; ; ; ; ; ; ; ; ; ; ; ;12;1315,10199528003
3364804;1;1;1; ; ; ; ; ; ; ; ; ; ; ; ;12;1581,84630355484
3364804;1;2;1; ; ; ; ; ; ; ; ; ; ; ; ;12;1581,84630355484
3364804;1;3;1; ; ; ; ; ; ; ; ; ; ; ; ;12;1581,84630355484
3364804;1;4;1; ; ; ; ; ; ; ; ; ; ; ; ;12;1581,84630355484
3364805;1;1;2;2;08; ;2; ; ;1;2; ; ;1; ;12;694,244377237245
3364805;1;2;1; ; ; ; ; ; ; ; ; ; ; ; ;12;694,244377237245
3364805;1;3;1; ; ; ; ; ; ; ; ; ; ; ; ;12;694,244377237245
3364806;1;1;2;2;47; ;2; ; ;1;2; ; ;1; ;12;963,262282025163
3364806;1;2;2;2;47; ;2; ; ;1;2; ; ;1; ;12;963,262282025163
3364807;1;1;1; ; ; ; ; ; ; ; ; ; ; ; ;12;1286,87641591199
3364807;1;2;2;2;08; ;2; ; ;1;2; ; ;1; ;12;1286,87641591199
3364808;1;1;2;2;13; ;2; ; ;1;2; ; ;1; ;12;694,244377237245
3364808;1;2;2;2;47; ;2; ; ;1;2; ; ;1; ;12;694,244377237245
3364808;1;3;1; ; ; ; ; ; ; ; ; ; ; ; ;12;694,244377237245
3364808;1;4;1; ; ; ; ; ; ; ; ; ; ; ; ;12;694,244377237245
3364808;1;5;1; ; ; ; ; ; ; ; ; ; ; ; ;12;694,244377237245
3364809;1;1;2;2;13; ;2; ; ;1;2; ; ;1; ;12;1975,85192451011
3364809;1;2;2;2;47; ;2; ; ;1;2; ; ;1; ;12;1975,85192451011
3364809;1;3;1; ; ; ; ; ; ; ; ; ; ; ; ;12;1975,85192451011
3364809;1;4;1; ; ; ; ; ; ; ; ; ; ; ; ;12;1975,85192451011
3364809;1;5;1; ; ; ; ; ; ; ; ; ; ; ; ;12;1975,85192451011
3364809;1;6;1; ; ; ; ; ; ; ; ; ; ; ; ;12;1975,85192451011
3364809;1;7;1; ; ; ; ; ; ; ; ; ; ; ; ;12;1975,85192451011
3364809;1;8;1; ; ; ; ; ; ; ; ; ; ; ; ;12;1975,85192451011
3364809;1;9;1; ; ; ; ; ; ; ; ; ; ; ; ;12;1975,85192451011
3364810;1;1;1; ; ; ; ; ; ; ; ; ; ; ; ;12;1756,80982317052
3364810;1;2;1; ; ; ; ; ; ; ; ; ; ; ; ;12;1756,80982317052
3364811;1;1;1; ; ; ; ; ; ; ; ; ; ; ; ;12;1126,68911168601
3364811;1;2;1; ; ; ; ; ; ; ; ; ; ; ; ;12;1126,68911168601
3364812;1;1;1; ; ; ; ; ; ; ; ; ; ; ; ;12;1756,80982317052
3364812;1;2;1; ; ; ; ; ; ; ; ; ; ; ; ;12;1756,80982317052
3364815;1;1;1; ; ; ; ; ; ; ; ; ; ; ; ;12;932,442282286923
3364815;1;2;1; ; ; ; ; ; ; ; ; ; ; ; ;12;932,442282286923
3364815;1;3;1; ; ; ; ; ; ; ; ; ; ; ; ;12;932,442282286923
3364816;1;1;1; ; ; ; ; ; ; ; ; ; ; ; ;12;1427,73611561958
3364816;1;2;1; ; ; ; ; ; ; ; ; ; ; ; ;12;1427,73611561958
3364816;1;3;1; ; ; ; ; ; ; ; ; ; ; ; ;12;1427,73611561958
3364816;1;4;1; ; ; ; ; ; ; ; ; ; ; ; ;12;1427,73611561958
3364817;1;1;1; ; ; ; ; ; ; ; ; ; ; ; ;12;1504,19622294846
3364818;1;1;1; ; ; ; ; ; ; ; ; ; ; ; ;12;1410,85649469246
3364818;1;2;1; ; ; ; ; ; ; ; ; ; ; ; ;12;1410,85649469246
3364818;1;3;1; ; ; ; ; ; ; ; ; ; ; ; ;12;1410,85649469246
3364819;1;1;2;2;20; ;2; ; ;2;2; ; ;2; ;12;1792,35711370278
3364819;1;2;2;2;70; ;2; ; ;2;2; ; ;2; ;12;1792,35711370278
3364819;1;3;2;2;47; ;2; ; ;2;2; ; ;2; ;12;1792,35711370278
3364819;1;4;1; ; ; ; ; ; ; ; ; ; ; ; ;12;1792,35711370278
3364820;1;1;1; ; ; ; ; ; ; ; ; ; ; ; ;12;2074,53792618538
3364820;1;2;1; ; ; ; ; ; ; ; ; ; ; ; ;12;2074,53792618538
3364820;1;3;1; ; ; ; ; ; ; ; ; ; ; ; ;12;2074,53792618538
3364820;1;4;2;2;20; ;2; ; ;2;2; ; ;2; ;12;2074,53792618538
3364820;1;5;1; ; ; ; ; ; ; ; ; ; ; ; ;12;2074,53792618538
3364820;1;6;1; ; ; ; ; ; ; ; ; ; ; ; ;12;2074,53792618538
3364820;1;7;1; ; ; ; ; ; ; ; ; ; ; ; ;12;2074,53792618538
3364820;1;8;2;2;20; ;3;68; ;1;3;68; ;1;1;12;2074,53792618538
3364820;1;9;2;2;20; ;1; ; ; ;3;20; ;1;2;12;2074,53792618538
3364822;1;1;1; ; ; ; ; ; ; ; ; ; ; ; ;12;1536,48270752595
3364822;1;2;1; ; ; ; ; ; ; ; ; ; ; ; ;12;1536,48270752595
3364822;1;3;1; ; ; ; ; ; ; ; ; ; ; ; ;12;1536,48270752595
3364822;1;4;1; ; ; ; ; ; ; ; ; ; ; ; ;12;1536,48270752595
3364823;1;1;2;2;47; ;3;47; ;2;3;47; ;2; ;12;1621,36730484041
3364823;1;2;2;2;08; ;3;47; ;2;3;47; ;2; ;12;1621,36730484041
3364823;1;3;2;2;47; ;3;47; ;2;3;47; ;2; ;12;1621,36730484041
3364824;1;1;1; ; ; ; ; ; ; ; ; ; ; ; ;12;1581,84630355484
3364824;1;2;1; ; ; ; ; ; ; ; ; ; ; ; ;12;1581,84630355484
3364824;1;3;1; ; ; ; ; ; ; ; ; ; ; ; ;12;1581,84630355484
3364824;1;4;1; ; ; ; ; ; ; ; ; ; ; ; ;12;1581,84630355484
3364825;1;1;1; ; ; ; ; ; ; ; ; ; ; ; ;12;1762,49808998264
3364825;1;2;1; ; ; ; ; ; ; ; ; ; ; ; ;12;1762,49808998264
3364825;1;3;1; ; ; ; ; ; ; ; ; ; ; ; ;12;1762,49808998264
3364826;1;1;1; ; ; ; ; ; ; ; ; ; ; ; ;12;1734,24269321726
3364826;1;2;1; ; ; ; ; ; ; ; ; ; ; ; ;12;1734,24269321726
3364826;1;3;1; ; ; ; ; ; ; ; ; ; ; ; ;12;1734,24269321726
3364826;1;4;1; ; ; ; ; ; ; ; ; ; ; ; ;12;1734,24269321726
3364827;1;1;2;2;47; ;2; ; ;1;2; ; ;1; ;12;1138,10840116304
3364828;1;1;2;2;47; ;2; ; ;1;2; ; ;1; ;12;1545,74885392378
3364828;1;2;1; ; ; ; ; ; ; ; ; ; ; ; ;12;1545,74885392378
3364828;1;3;1; ; ; ; ; ; ; ; ; ; ; ; ;12;1545,74885392378
3364829;1;1;2;2;20; ;2; ; ;2;2; ; ;2; ;12;1362,44625518716
3364829;1;2;1; ; ; ; ; ; ; ; ; ; ; ; ;12;1362,44625518716
3364829;1;3;1; ; ; ; ; ; ; ; ; ; ; ; ;12;1362,44625518716
3364829;1;4;1; ; ; ; ; ; ; ; ; ; ; ; ;12;1362,44625518716
3364829;1;5;1; ; ; ; ; ; ; ; ; ; ; ; ;12;1362,44625518716
3364831;1;1;1; ; ; ; ; ; ; ; ; ; ; ; ;12;1595,9125213292
3364831;1;2;2;2;47; ;2; ; ;2;2; ; ;2; ;12;1595,9125213292
3364831;1;3;2;2;47; ;2; ; ;2;3;11; ;1;1;12;1595,9125213292
3364831;1;4;1; ; ; ; ; ; ; ; ; ; ; ; ;12;1595,9125213292
3364832;1;1;1; ; ; ; ; ; ; ; ; ; ; ; ;12;1927,75323707566
3364832;1;2;2;1; ; ;2; ; ;2;2; ; ;2; ;12;1927,75323707566
3364832;1;3;2;2;70; ;3;70; ;1;3;70; ;1;2;12;1927,75323707566
3364832;1;4;1; ; ; ; ; ; ; ; ; ; ; ; ;12;1927,75323707566
3364832;1;5;1; ; ; ; ; ; ; ; ; ; ; ; ;12;1927,75323707566
3364832;1;6;1; ; ; ; ; ; ; ; ; ; ; ; ;12;1927,75323707566
3364832;1;7;1; ; ; ; ; ; ; ; ; ; ; ; ;12;1927,75323707566
3364833;1;1;1; ; ; ; ; ; ; ; ; ; ; ; ;12;1700,27182388315
3364833;1;2;1; ; ; ; ; ; ; ; ; ; ; ; ;12;1700,27182388315
3364833;1;3;1; ; ; ; ; ; ; ; ; ; ; ; ;12;1700,27182388315
3364833;1;4;1; ; ; ; ; ; ; ; ; ; ; ; ;12;1700,27182388315
3364834;1;1;1; ; ; ; ; ; ; ; ; ; ; ; ;12;1697,7563941076
3364834;1;2;1; ; ; ; ; ; ; ; ; ; ; ; ;12;1697,7563941076
3364834;1;3;1; ; ; ; ; ; ; ; ; ; ; ; ;12;1697,7563941076
3364834;1;4;1; ; ; ; ; ; ; ; ; ; ; ; ;12;1697,7563941076
3364835;1;1;1; ; ; ; ; ; ; ; ; ; ; ; ;12;1483,86233990582
3364835;1;2;1; ; ; ; ; ; ; ; ; ; ; ; ;12;1483,86233990582
3364835;1;3;1; ; ; ; ; ; ; ; ; ; ; ; ;12;1483,86233990582
3364835;1;4;1; ; ; ; ; ; ; ; ; ; ; ; ;12;1483,86233990582
3364835;1;5;1; ; ; ; ; ; ; ; ; ; ; ; ;12;1483,86233990582
3364836;1;1;1; ; ; ; ; ; ; ; ; ; ; ; ;12;943,861571763955
3364836;1;2;2;2;47; ;2; ; ;1;2; ; ;1; ;12;943,861571763955
3364837;1;1;2;2;13; ;2; ; ;2;2; ; ;2; ;12;734,485764448931
3364837;1;2;2;2;47; ;2; ; ;2;2; ; ;2; ;12;734,485764448931
3364837;1;3;2;2;47; ;2; ; ;2;2; ; ;2; ;12;734,485764448931
3364837;1;4;1; ; ; ; ; ; ; ; ; ; ; ; ;12;734,485764448931
3364837;1;5;1; ; ; ; ; ; ; ; ; ; ; ; ;12;734,485764448931
3364837;1;6;2;2;47; ;2; ; ;2;2; ; ;2; ;12;734,485764448931
3364837;1;7;2;2;20; ;2; ; ;2;2; ; ;2; ;12;734,485764448931
3364837;1;8;1; ; ; ; ; ; ; ; ; ; ; ; ;12;734,485764448931
3364838;1;1;2;2;20; ;2; ; ;2;2; ; ;2; ;12;887,357107921161
3364838;1;2;2;2;20; ;2; ; ;2;2; ; ;2; ;12;887,357107921161
3364839;1;1;1; ; ; ; ; ; ; ; ; ; ; ; ;12;1358,6972639115
3364839;1;2;1; ; ; ; ; ; ; ; ; ; ; ; ;12;1358,6972639115
3364839;1;3;1; ; ; ; ; ; ; ; ; ; ; ; ;12;1358,6972639115
3364839;1;4;1; ; ; ; ; ; ; ; ; ; ; ; ;12;1358,6972639115
3364839;1;5;1; ; ; ; ; ; ; ; ; ; ; ; ;12;1358,6972639115
3364840;1;1;2;2;13; ;2; ; ;2;2; ; ;2; ;12;887,357107921161
3364840;1;2;2;2;13; ;2; ; ;2;2; ; ;2; ;12;887,357107921161
3364841;1;1;1; ; ; ; ; ; ; ; ; ; ; ; ;12;1385,5615496978
3364841;1;2;1; ; ; ; ; ; ; ; ; ; ; ; ;12;1385,5615496978
3364841;1;3;1; ; ; ; ; ; ; ; ; ; ; ; ;12;1385,5615496978
3364842;1;1;2;2;13; ;2; ; ;1;2; ; ;1; ;12;1438,88395609581
3364842;1;2;1; ; ; ; ; ; ; ; ; ; ; ; ;12;1438,88395609581
3364842;1;3;1; ; ; ; ; ; ; ; ; ; ; ; ;12;1438,88395609581
3364843;1;1;1; ; ; ; ; ; ; ; ; ; ; ; ;12;1849,37959071362
3364843;1;2;1; ; ; ; ; ; ; ; ; ; ; ; ;12;1849,37959071362
3364843;1;3;1; ; ; ; ; ; ; ; ; ; ; ; ;12;1849,37959071362
3364843;1;4;1; ; ; ; ; ; ; ; ; ; ; ; ;12;1849,37959071362
3364843;1;5;1; ; ; ; ; ; ; ; ; ; ; ; ;12;1849,37959071362
3364843;1;6;1; ; ; ; ; ; ; ; ; ; ; ; ;12;1849,37959071362
3364845;1;1;1; ; ; ; ; ; ; ; ; ; ; ; ;12;1475,37025520547
3364845;1;2;1; ; ; ; ; ; ; ; ; ; ; ; ;12;1475,37025520547
3364845;1;3;1; ; ; ; ; ; ; ; ; ; ; ; ;12;1475,37025520547
3364846;1;1;1; ; ; ; ; ; ; ; ; ; ; ; ;12;940,934366987267
3364846;1;2;1; ; ; ; ; ; ; ; ; ; ; ; ;12;940,934366987267
3364846;1;3;1; ; ; ; ; ; ; ; ; ; ; ; ;12;940,934366987267
3364846;1;4;1; ; ; ; ; ; ; ; ; ; ; ; ;12;940,934366987267
3364846;1;5;1; ; ; ; ; ; ; ; ; ; ; ; ;12;940,934366987267
3364847;1;1;1; ; ; ; ; ; ; ; ; ; ; ; ;12;1441,68777398404
3364847;1;2;1; ; ; ; ; ; ; ; ; ; ; ; ;12;1441,68777398404
3364847;1;3;1; ; ; ; ; ; ; ; ; ; ; ; ;12;1441,68777398404
3364847;1;4;1; ; ; ; ; ; ; ; ; ; ; ; ;12;1441,68777398404
3364848;1;1;1; ; ; ; ; ; ; ; ; ; ; ; ;12;1323,29069210204
3364848;1;2;1; ; ; ; ; ; ; ; ; ; ; ; ;12;1323,29069210204
3364848;1;3;1; ; ; ; ; ; ; ; ; ; ; ; ;12;1323,29069210204
3364848;1;4;1; ; ; ; ; ; ; ; ; ; ; ; ;12;1323,29069210204
3364848;1;5;1; ; ; ; ; ; ; ; ; ; ; ; ;12;1323,29069210204
3364848;1;6;1; ; ; ; ; ; ; ; ; ; ; ; ;12;1323,29069210204
3364849;1;1;1; ; ; ; ; ; ; ; ; ; ; ; ;12;1168,86367760779
3364849;1;2;1; ; ; ; ; ; ; ; ; ; ; ; ;12;1168,86367760779
3364849;1;3;1; ; ; ; ; ; ; ; ; ; ; ; ;12;1168,86367760779
3364850;1;1;1; ; ; ; ; ; ; ; ; ; ; ; ;12;1410,85649469246
3364850;1;2;2;2;13; ;3;13; ;1;2; ; ;2; ;12;1410,85649469246
3364850;1;3;1; ; ; ; ; ; ; ; ; ; ; ; ;12;1410,85649469246
3364851;1;1;1; ; ; ; ; ; ; ; ; ; ; ; ;12;1073,66279831645
3364851;1;2;1; ; ; ; ; ; ; ; ; ; ; ; ;12;1073,66279831645
3364851;1;3;1; ; ; ; ; ; ; ; ; ; ; ; ;12;1073,66279831645
3364852;1;1;1; ; ; ; ; ; ; ; ; ; ; ; ;12;1138,10840116304
3364853;1;1;2;2;47; ;3;47; ;2;2; ; ;2; ;12;1649,73124829963
3364853;1;2;2;2;20; ;3;20; ;1;2; ; ;2; ;12;1649,73124829963
3364853;1;3;2;2;20; ;1; ; ; ;2; ; ;2; ;12;1649,73124829963
3364855;1;1;1; ; ; ; ; ; ; ; ; ; ; ; ;12;1987,99860735928
3364855;1;2;1; ; ; ; ; ; ; ; ; ; ; ; ;12;1987,99860735928
3364855;1;3;1; ; ; ; ; ; ; ; ; ; ; ; ;12;1987,99860735928
3364855;1;4;1; ; ; ; ; ; ; ; ; ; ; ; ;12;1987,99860735928
3364855;1;5;1; ; ; ; ; ; ; ; ; ; ; ; ;12;1987,99860735928
3364855;1;6;1; ; ; ; ; ; ; ; ; ; ; ; ;12;1987,99860735928
3364855;1;7;1; ; ; ; ; ; ; ; ; ; ; ; ;12;1987,99860735928
3364856;1;1;1; ; ; ; ; ; ; ; ; ; ; ; ;12;1649,73124829963
3364856;1;2;1; ; ; ; ; ; ; ; ; ; ; ; ;12;1649,73124829963
3364856;1;3;1; ; ; ; ; ; ; ; ; ; ; ; ;12;1649,73124829963
3364857;1;1;1; ; ; ; ; ; ; ; ; ; ; ; ;12;1783,46787548305
3364857;1;2;1; ; ; ; ; ; ; ; ; ; ; ; ;12;1783,46787548305
3364857;1;3;1; ; ; ; ; ; ; ; ; ; ; ; ;12;1783,46787548305
3364857;1;4;1; ; ; ; ; ; ; ; ; ; ; ; ;12;1783,46787548305
3364857;1;5;1; ; ; ; ; ; ; ; ; ; ; ; ;12;1783,46787548305
3364858;1;1;2;2;20; ;2; ; ;2;2; ; ;2; ;12;1546,25261806535
3364858;1;2;2;2;47; ;2; ; ;2;2; ; ;2; ;12;1546,25261806535
3364858;1;3;2;2;47; ;2; ; ;2;2; ; ;2; ;12;1546,25261806535
3364858;1;4;2;2;47; ;2; ; ;2;2; ; ;2; ;12;1546,25261806535
3364858;1;5;2;2;47; ;2; ; ;2;2; ; ;2; ;12;1546,25261806535
3364858;1;6;2;2;47; ;2; ; ;2;2; ; ;2; ;12;1546,25261806535
3364859;1;1;1; ; ; ; ; ; ; ; ; ; ; ; ;12;1792,35711370278
3364859;1;2;1; ; ; ; ; ; ; ; ; ; ; ; ;12;1792,35711370278
3364859;1;3;1; ; ; ; ; ; ; ; ; ; ; ; ;12;1792,35711370278
3364859;1;4;1; ; ; ; ; ; ; ; ; ; ; ; ;12;1792,35711370278
3364860;1;1;1; ; ; ; ; ; ; ; ; ; ; ; ;12;1743,94687419747
3364860;1;2;1; ; ; ; ; ; ; ; ; ; ; ; ;12;1743,94687419747
3364860;1;3;1; ; ; ; ; ; ; ; ; ; ; ; ;12;1743,94687419747
3364860;1;4;1; ; ; ; ; ; ; ; ; ; ; ; ;12;1743,94687419747
3364860;1;5;1; ; ; ; ; ; ; ; ; ; ; ; ;12;1743,94687419747
3364860;1;6;1; ; ; ; ; ; ; ; ; ; ; ; ;12;1743,94687419747
3364861;1;1;1; ; ; ; ; ; ; ; ; ; ; ; ;12;1409,60683093391
3364861;1;2;1; ; ; ; ; ; ; ; ; ; ; ; ;12;1409,60683093391
3364861;1;3;1; ; ; ; ; ; ; ; ; ; ; ; ;12;1409,60683093391
3364862;1;1;1; ; ; ; ; ; ; ; ; ; ; ; ;12;1149,46296734658
3364862;1;2;1; ; ; ; ; ; ; ; ; ; ; ; ;12;1149,46296734658
3364862;1;3;1; ; ; ; ; ; ; ; ; ; ; ; ;12;1149,46296734658
3364863;1;1;1; ; ; ; ; ; ; ; ; ; ; ; ;12;1815,97585811911
3364863;1;2;1; ; ; ; ; ; ; ; ; ; ; ; ;12;1815,97585811911
3364863;1;3;1; ; ; ; ; ; ; ; ; ; ; ; ;12;1815,97585811911
3364863;1;4;1; ; ; ; ; ; ; ; ; ; ; ; ;12;1815,97585811911
3364863;1;5;1; ; ; ; ; ; ; ; ; ; ; ; ;12;1815,97585811911
3364863;1;6;1; ; ; ; ; ; ; ; ; ; ; ; ;12;1815,97585811911
3364864;1;1;1; ; ; ; ; ; ; ; ; ; ; ; ;12;1644,43398770959
3364864;1;2;1; ; ; ; ; ; ; ; ; ; ; ; ;12;1644,43398770959
3364864;1;3;1; ; ; ; ; ; ; ; ; ; ; ; ;12;1644,43398770959
3364864;1;4;1; ; ; ; ; ; ; ; ; ; ; ; ;12;1644,43398770959
3364865;1;1;1; ; ; ; ; ; ; ; ; ; ; ; ;12;1680,19247132103
3364865;1;2;1; ; ; ; ; ; ; ; ; ; ; ; ;12;1680,19247132103
3364865;1;3;1; ; ; ; ; ; ; ; ; ; ; ; ;12;1680,19247132103
3364865;1;4;1; ; ; ; ; ; ; ; ; ; ; ; ;12;1680,19247132103
3364865;1;5;1; ; ; ; ; ; ; ; ; ; ; ; ;12;1680,19247132103
3364865;1;6;1; ; ; ; ; ; ; ; ; ; ; ; ;12;1680,19247132103
3364865;1;7;1; ; ; ; ; ; ; ; ; ; ; ; ;12;1680,19247132103
3364865;1;8;1; ; ; ; ; ; ; ; ; ; ; ; ;12;1680,19247132103
3364865;1;9;1; ; ; ; ; ; ; ; ; ; ; ; ;12;1680,19247132103
3364866;1;1;1; ; ; ; ; ; ; ; ; ; ; ; ;12;1435,06161444512
3364866;1;2;1; ; ; ; ; ; ; ; ; ; ; ; ;12;1435,06161444512
3364867;1;1;1; ; ; ; ; ; ; ; ; ; ; ; ;12;897,127018460559
3364867;1;2;1; ; ; ; ; ; ; ; ; ; ; ; ;12;897,127018460559
3364867;1;3;1; ; ; ; ; ; ; ; ; ; ; ; ;12;897,127018460559
3364867;1;4;1; ; ; ; ; ; ; ; ; ; ; ; ;12;897,127018460559
3364868;1;1;1; ; ; ; ; ; ; ; ; ; ; ; ;12;1625,52612854698
3364868;1;2;1; ; ; ; ; ; ; ; ; ; ; ; ;12;1625,52612854698
3364868;1;3;1; ; ; ; ; ; ; ; ; ; ; ; ;12;1625,52612854698
3364868;1;4;1; ; ; ; ; ; ; ; ; ; ; ; ;12;1625,52612854698
3364869;1;1;2;2;47; ;2; ; ;2;2; ; ;2; ;12;1908,09708436548
3364869;1;2;1; ; ; ; ; ; ; ; ; ; ; ; ;12;1908,09708436548
3364869;1;3;1; ; ; ; ; ; ; ; ; ; ; ; ;12;1908,09708436548
3364869;1;4;1; ; ; ; ; ; ; ; ; ; ; ; ;12;1908,09708436548
3364869;1;5;1; ; ; ; ; ; ; ; ; ; ; ; ;12;1908,09708436548
3364869;1;6;1; ; ; ; ; ; ; ; ; ; ; ; ;12;1908,09708436548
3364869;1;7;2;2;20; ;3;20; ;1;2; ; ;2; ;12;1908,09708436548
3364870;1;1;2;2;47; ;2; ; ;2;2; ; ;2; ;12;1535,4857035749
3364870;1;2;1; ; ; ; ; ; ; ; ; ; ; ; ;12;1535,4857035749
3364870;1;3;1; ; ; ; ; ; ; ; ; ; ; ; ;12;1535,4857035749
3364870;1;4;1; ; ; ; ; ; ; ; ; ; ; ; ;12;1535,4857035749
3364870;1;5;1; ; ; ; ; ; ; ; ; ; ; ; ;12;1535,4857035749
3364871;1;1;1; ; ; ; ; ; ; ; ; ; ; ; ;12;1295,06778454471
3364871;1;2;2;2;47; ;3;47; ;1;2; ; ;1; ;12;1295,06778454471
3364871;1;3;1; ; ; ; ; ; ; ; ; ; ; ; ;12;1295,06778454471
3364871;1;4;1; ; ; ; ; ; ; ; ; ; ; ; ;12;1295,06778454471
3364871;1;5;1; ; ; ; ; ; ; ; ; ; ; ; ;12;1295,06778454471
3364872;1;1;1; ; ; ; ; ; ; ; ; ; ; ; ;12;1222,4575330066
3364872;1;2;1; ; ; ; ; ; ; ; ; ; ; ; ;12;1222,4575330066
3364872;1;3;1; ; ; ; ; ; ; ; ; ; ; ; ;12;1222,4575330066
3364873;1;1;1; ; ; ; ; ; ; ; ; ; ; ; ;12;1438,88395609581
3364873;1;2;1; ; ; ; ; ; ; ; ; ; ; ; ;12;1438,88395609581
3364873;1;3;1; ; ; ; ; ; ; ; ; ; ; ; ;12;1438,88395609581
3364874;1;1;1; ; ; ; ; ; ; ; ; ; ; ; ;12;1581,84630355484
3364874;1;2;1; ; ; ; ; ; ; ; ; ; ; ; ;12;1581,84630355484
3364874;1;3;1; ; ; ; ; ; ; ; ; ; ; ; ;12;1581,84630355484
3364874;1;4;1; ; ; ; ; ; ; ; ; ; ; ; ;12;1581,84630355484
3364875;1;1;1; ; ; ; ; ; ; ; ; ; ; ; ;12;1178,94977032769
3364875;1;2;1; ; ; ; ; ; ; ; ; ; ; ; ;12;1178,94977032769
3364875;1;3;1; ; ; ; ; ; ; ; ; ; ; ; ;12;1178,94977032769
3364875;1;4;2;2;47; ;2; ; ;2;2; ; ;2; ;12;1178,94977032769
3364875;2;1;1; ; ; ; ; ; ; ; ; ; ; ; ;12;1178,94977032769
3364875;2;2;1; ; ; ; ; ; ; ; ; ; ; ; ;12;1178,94977032769
3364875;2;3;1; ; ; ; ; ; ; ; ; ; ; ; ;12;1178,94977032769
3364875;2;4;1; ; ; ; ; ; ; ; ; ; ; ; ;12;1178,94977032769
3364875;2;5;1; ; ; ; ; ; ; ; ; ; ; ; ;12;1178,94977032769
3364875;3;1;1; ; ; ; ; ; ; ; ; ; ; ; ;12;1178,94977032769
3364875;3;2;1; ; ; ; ; ; ; ; ; ; ; ; ;12;1178,94977032769
3364875;3;3;1; ; ; ; ; ; ; ; ; ; ; ; ;12;1178,94977032769
3364876;1;1;1; ; ; ; ; ; ; ; ; ; ; ; ;12;1597,16218508775
3364876;1;2;2;2;73; ;2; ; ;2;2; ; ;2; ;12;1597,16218508775
3364876;1;3;1; ; ; ; ; ; ; ; ; ; ; ; ;12;1597,16218508775
3364876;1;4;1; ; ; ; ; ; ; ; ; ; ; ; ;12;1597,16218508775
3364877;1;1;1; ; ; ; ; ; ; ; ; ; ; ; ;12;1491,01067749376
3364877;1;2;1; ; ; ; ; ; ; ; ; ; ; ; ;12;1491,01067749376
3364877;1;3;1; ; ; ; ; ; ; ; ; ; ; ; ;12;1491,01067749376
3364877;1;4;1; ; ; ; ; ; ; ; ; ; ; ; ;12;1491,01067749376
3364878;1;1;1; ; ; ; ; ; ; ; ; ; ; ; ;12;1271,16951048038
3364878;1;2;1; ; ; ; ; ; ; ; ; ; ; ; ;12;1271,16951048038
3364878;1;3;1; ; ; ; ; ; ; ; ; ; ; ; ;12;1271,16951048038
3364878;1;4;1; ; ; ; ; ; ; ; ; ; ; ; ;12;1271,16951048038
3364878;1;5;1; ; ; ; ; ; ; ; ; ; ; ; ;12;1271,16951048038
3364879;1;1;1; ; ; ; ; ; ; ; ; ; ; ; ;12;1625,52612854698
3364879;1;2;1; ; ; ; ; ; ; ; ; ; ; ; ;12;1625,52612854698
3364879;1;3;1; ; ; ; ; ; ; ; ; ; ; ; ;12;1625,52612854698
3364879;1;4;1; ; ; ; ; ; ; ; ; ; ; ; ;12;1625,52612854698
3364880;1;1;1; ; ; ; ; ; ; ; ; ; ; ; ;12;1655,27721929315
3364881;1;1;1; ; ; ; ; ; ; ; ; ; ; ; ;12;1005,36482502732
3364881;1;2;1; ; ; ; ; ; ; ; ; ; ; ; ;12;1005,36482502732
3364881;1;3;2;1; ; ;4; ;3; ;4; ;3; ;1;12;1005,36482502732
3364881;1;4;2;2;20; ;4; ;3; ;4; ;3; ;1;12;1005,36482502732
3364881;1;5;2;2;20; ;4; ;3; ;4; ;3; ;4;12;1005,36482502732
3364881;1;6;1; ; ; ; ; ; ; ; ; ; ; ; ;12;1005,36482502732
3364881;1;7;1; ; ; ; ; ; ; ; ; ; ; ; ;12;1005,36482502732
3364882;1;1;1; ; ; ; ; ; ; ; ; ; ; ; ;12;1475,37025520547
3364882;1;2;1; ; ; ; ; ; ; ; ; ; ; ; ;12;1475,37025520547
3364882;1;3;1; ; ; ; ; ; ; ; ; ; ; ; ;12;1475,37025520547
3364883;1;1;1; ; ; ; ; ; ; ; ; ; ; ; ;12;1481,05852201759
3364883;1;2;1; ; ; ; ; ; ; ; ; ; ; ; ;12;1481,05852201759
3364883;1;3;1; ; ; ; ; ; ; ; ; ; ; ; ;12;1481,05852201759
3364883;1;4;1; ; ; ; ; ; ; ; ; ; ; ; ;12;1481,05852201759
3364884;1;1;1; ; ; ; ; ; ; ; ; ; ; ; ;12;724,301218190748
3364884;1;2;1; ; ; ; ; ; ; ; ; ; ; ; ;12;724,301218190748
3364886;1;1;2;2;20; ;2; ; ;1;2; ; ;1; ;12;1138,10840116304
3364887;1;1;1; ; ; ; ; ; ; ; ; ; ; ; ;12;1500,96989619496
3364887;1;2;1; ; ; ; ; ; ; ; ; ; ; ; ;12;1500,96989619496
3364887;1;3;1; ; ; ; ; ; ; ; ; ; ; ; ;12;1500,96989619496
3364887;1;4;1; ; ; ; ; ; ; ; ; ; ; ; ;12;1500,96989619496
3364887;1;5;1; ; ; ; ; ; ; ; ; ; ; ; ;12;1500,96989619496
3364888;1;1;1; ; ; ; ; ; ; ; ; ; ; ; ;12;2009,95123851739
3364888;1;2;1; ; ; ; ; ; ; ; ; ; ; ; ;12;2009,95123851739
3364888;1;3;1; ; ; ; ; ; ; ; ; ; ; ; ;12;2009,95123851739
3364888;1;4;1; ; ; ; ; ; ; ; ; ; ; ; ;12;2009,95123851739
3364888;1;5;1; ; ; ; ; ; ; ; ; ; ; ; ;12;2009,95123851739
3364889;1;1;1; ; ; ; ; ; ; ; ; ; ; ; ;12;963,262282025163
3364889;1;2;1; ; ; ; ; ; ; ; ; ; ; ; ;12;963,262282025163
3364890;1;1;1; ; ; ; ; ; ; ; ; ; ; ; ;12;943,861571763955
3364890;1;2;1; ; ; ; ; ; ; ; ; ; ; ; ;12;943,861571763955
3364891;1;1;1; ; ; ; ; ; ; ; ; ; ; ; ;12;1272,80137065908
3364891;1;2;1; ; ; ; ; ; ; ; ; ; ; ; ;12;1272,80137065908
3364891;1;3;1; ; ; ; ; ; ; ; ; ; ; ; ;12;1272,80137065908
3364891;1;4;1; ; ; ; ; ; ; ; ; ; ; ; ;12;1272,80137065908
3364891;1;5;1; ; ; ; ; ; ; ; ; ; ; ; ;12;1272,80137065908
3364891;1;6;1; ; ; ; ; ; ; ; ; ; ; ; ;12;1272,80137065908
3364892;1;1;2;2;47; ;3;47; ;1;2; ; ;2; ;12;1386,65137493981
3364892;1;2;2;2;47; ;3;47; ;1;2; ; ;2; ;12;1386,65137493981
3364892;1;3;2;2;47; ;3;47; ;2;2; ; ;2; ;12;1386,65137493981
3364892;1;4;1; ; ; ; ; ; ; ; ; ; ; ; ;12;1386,65137493981
3364893;1;1;2;2;20; ;2; ; ;2;2; ; ;2; ;12;1118,77373453784
3364893;1;2;1; ; ; ; ; ; ; ; ; ; ; ; ;12;1118,77373453784
3364894;1;1;2;2;47; ;2; ; ;2;2; ; ;2; ;12;1478,74143943726
3364894;1;2;2;2;47; ;3;47; ;1;2; ; ;2; ;12;1478,74143943726
3364895;1;1;2;2;05; ;2; ; ;2;2; ; ;2; ;12;1494,29899512853
3364895;1;2;2;2;73; ;2; ; ;2;2; ; ;2; ;12;1494,29899512853
3364895;1;3;1; ; ; ; ; ; ; ; ; ; ; ; ;12;1494,29899512853
3364896;1;1;1; ; ; ; ; ; ; ; ; ; ; ; ;12;1549,18965659673
3364896;1;2;1; ; ; ; ; ; ; ; ; ; ; ; ;12;1549,18965659673
3364896;1;3;1; ; ; ; ; ; ; ; ; ; ; ; ;12;1549,18965659673
3364897;1;1;1; ; ; ; ; ; ; ; ; ; ; ; ;12;1298,03206770463
3364897;1;2;1; ; ; ; ; ; ; ; ; ; ; ; ;12;1298,03206770463
3364897;1;3;1; ; ; ; ; ; ; ; ; ; ; ; ;12;1298,03206770463
3364899;1;1;1; ; ; ; ; ; ; ; ; ; ; ; ;12;1117,92851143477
3364899;1;2;1; ; ; ; ; ; ; ; ; ; ; ; ;12;1117,92851143477
3364899;1;3;1; ; ; ; ; ; ; ; ; ; ; ; ;12;1117,92851143477
3364899;2;1;1; ; ; ; ; ; ; ; ; ; ; ; ;12;1117,92851143477
3364899;2;2;1; ; ; ; ; ; ; ; ; ; ; ; ;12;1117,92851143477
3364899;2;3;1; ; ; ; ; ; ; ; ; ; ; ; ;12;1117,92851143477
3364900;1;1;1; ; ; ; ; ; ; ; ; ; ; ; ;12;1745,39053369349
3364900;1;2;1; ; ; ; ; ; ; ; ; ; ; ; ;12;1745,39053369349
3364900;1;3;1; ; ; ; ; ; ; ; ; ; ; ; ;12;1745,39053369349
3364902;1;1;1; ; ; ; ; ; ; ; ; ; ; ; ;12;1478,1313172409
3364902;1;2;2;2;47; ;2; ; ;2;2; ; ;1; ;12;1478,1313172409
3364902;1;3;1; ; ; ; ; ; ; ; ; ; ; ; ;12;1478,1313172409
3364902;1;4;2;2;20; ;2; ; ;1;2; ; ;1; ;12;1478,1313172409
3364902;1;5;1; ; ; ; ; ; ; ; ; ; ; ; ;12;1478,1313172409
3364902;1;6;1; ; ; ; ; ; ; ; ; ; ; ; ;12;1478,1313172409
3364902;1;7;1; ; ; ; ; ; ; ; ; ; ; ; ;12;1478,1313172409
3364903;1;1;1; ; ; ; ; ; ; ; ; ; ; ; ;12;1357,66875473625
3364904;1;1;1; ; ; ; ; ; ; ; ; ; ; ; ;12;1256,05641617375
3364904;1;2;1; ; ; ; ; ; ; ; ; ; ; ; ;12;1256,05641617375
3364904;1;3;1; ; ; ; ; ; ; ; ; ; ; ; ;12;1256,05641617375
3364905;1;1;1; ; ; ; ; ; ; ; ; ; ; ; ;12;1386,65137493981
3364905;1;2;1; ; ; ; ; ; ; ; ; ; ; ; ;12;1386,65137493981
3364905;1;3;1; ; ; ; ; ; ; ; ; ; ; ; ;12;1386,65137493981
3364905;1;4;1; ; ; ; ; ; ; ; ; ; ; ; ;12;1386,65137493981
3364906;1;1;1; ; ; ; ; ; ; ; ; ; ; ; ;12;1655,27721929315
3364908;1;1;1; ; ; ; ; ; ; ; ; ; ; ; ;12;1386,65137493981
3364908;1;2;1; ; ; ; ; ; ; ; ; ; ; ; ;12;1386,65137493981
3364908;1;3;1; ; ; ; ; ; ; ; ; ; ; ; ;12;1386,65137493981
3364908;1;4;1; ; ; ; ; ; ; ; ; ; ; ; ;12;1386,65137493981
3364909;1;1;1; ; ; ; ; ; ; ; ; ; ; ; ;12;1272,77959633179
3364910;1;1;2;2;11; ;2; ; ;1;2; ; ;1; ;12;1427,73611561958
3364910;1;2;2;2;20; ;3;11; ;1;2; ; ;1; ;12;1427,73611561958
3364910;1;3;1; ; ; ; ; ; ; ; ; ; ; ; ;12;1427,73611561958
3364910;1;4;1; ; ; ; ; ; ; ; ; ; ; ; ;12;1427,73611561958
3364911;1;1;1; ; ; ; ; ; ; ; ; ; ; ; ;12;1787,83654861607
3364911;1;2;1; ; ; ; ; ; ; ; ; ; ; ; ;12;1787,83654861607
3364911;1;3;1; ; ; ; ; ; ; ; ; ; ; ; ;12;1787,83654861607
3364911;1;4;1; ; ; ; ; ; ; ; ; ; ; ; ;12;1787,83654861607
3364912;1;1;1; ; ; ; ; ; ; ; ; ; ; ; ;12;1211,03824352957
3364912;1;2;1; ; ; ; ; ; ; ; ; ; ; ; ;12;1211,03824352957
3364912;1;3;1; ; ; ; ; ; ; ; ; ; ; ; ;12;1211,03824352957
3364912;1;4;1; ; ; ; ; ; ; ; ; ; ; ; ;12;1211,03824352957
3364913;1;1;1; ; ; ; ; ; ; ; ; ; ; ; ;12;743,637205158463
3364913;1;2;1; ; ; ; ; ; ; ; ; ; ; ; ;12;743,637205158463
3364913;1;3;1; ; ; ; ; ; ; ; ; ; ; ; ;12;743,637205158463
3364913;1;4;1; ; ; ; ; ; ; ; ; ; ; ; ;12;743,637205158463
3364913;1;5;1; ; ; ; ; ; ; ; ; ; ; ; ;12;743,637205158463
3364914;1;1;1; ; ; ; ; ; ; ; ; ; ; ; ;12;2111,17923350209
3364914;1;2;1; ; ; ; ; ; ; ; ; ; ; ; ;12;2111,17923350209
3364914;1;3;1; ; ; ; ; ; ; ; ; ; ; ; ;12;2111,17923350209
3364914;1;4;1; ; ; ; ; ; ; ; ; ; ; ; ;12;2111,17923350209
3364915;1;1;1; ; ; ; ; ; ; ; ; ; ; ; ;12;1947,68038092163
3364915;1;2;1; ; ; ; ; ; ; ; ; ; ; ; ;12;1947,68038092163
3364915;1;3;1; ; ; ; ; ; ; ; ; ; ; ; ;12;1947,68038092163
3364915;1;4;1; ; ; ; ; ; ; ; ; ; ; ; ;12;1947,68038092163
3364915;1;5;1; ; ; ; ; ; ; ; ; ; ; ; ;12;1947,68038092163
3364915;1;6;1; ; ; ; ; ; ; ; ; ; ; ; ;12;1947,68038092163
3364915;1;7;1; ; ; ; ; ; ; ; ; ; ; ; ;12;1947,68038092163
3364915;1;8;1; ; ; ; ; ; ; ; ; ; ; ; ;12;1947,68038092163
3364916;1;1;1; ; ; ; ; ; ; ; ; ; ; ; ;12;1256,05641617375
3364916;1;2;1; ; ; ; ; ; ; ; ; ; ; ; ;12;1256,05641617375
3364916;1;3;1; ; ; ; ; ; ; ; ; ; ; ; ;12;1256,05641617375
3364917;1;1;1; ; ; ; ; ; ; ; ; ; ; ; ;12;901,622282548683
3364917;1;2;1; ; ; ; ; ; ; ; ; ; ; ; ;12;901,622282548683
3364917;1;3;1; ; ; ; ; ; ; ; ; ; ; ; ;12;901,622282548683
3364917;1;4;1; ; ; ; ; ; ; ; ; ; ; ; ;12;901,622282548683
3364918;1;1;1; ; ; ; ; ; ; ; ; ; ; ; ;12;1438,88395609581
3364918;1;2;1; ; ; ; ; ; ; ; ; ; ; ; ;12;1438,88395609581
3364918;1;3;1; ; ; ; ; ; ; ; ; ; ; ; ;12;1438,88395609581
3364920;1;1;1; ; ; ; ; ; ; ; ; ; ; ; ;12;1601,32100879433
3364920;1;2;1; ; ; ; ; ; ; ; ; ; ; ; ;12;1601,32100879433
3364920;1;3;1; ; ; ; ; ; ; ; ; ; ; ; ;12;1601,32100879433
3364920;1;4;1; ; ; ; ; ; ; ; ; ; ; ; ;12;1601,32100879433
3364920;1;5;1; ; ; ; ; ; ; ; ; ; ; ; ;12;1601,32100879433
3364921;1;1;1; ; ; ; ; ; ; ; ; ; ; ; ;12;1504,19622294846
3364922;1;1;1; ; ; ; ; ; ; ; ; ; ; ; ;12;1504,19622294846
3364923;1;1;2;2;44; ;3;44; ;1;2; ; ;2; ;12;1256,22886706144
3364923;1;2;2;2;44; ;3;44; ;1;2; ; ;2; ;12;1256,22886706144
3364923;1;3;1; ; ; ; ; ; ; ; ; ; ; ; ;12;1256,22886706144
3364924;1;1;1; ; ; ; ; ; ; ; ; ; ; ; ;12;1475,77547956256
3364924;1;2;1; ; ; ; ; ; ; ; ; ; ; ; ;12;1475,77547956256
3364925;1;1;1; ; ; ; ; ; ; ; ; ; ; ; ;12;1335,20701597255
3364925;1;2;1; ; ; ; ; ; ; ; ; ; ; ; ;12;1335,20701597255
3364926;1;1;1; ; ; ; ; ; ; ; ; ; ; ; ;12;1508,54916548548
3364926;1;2;1; ; ; ; ; ; ; ; ; ; ; ; ;12;1508,54916548548
3364926;1;3;1; ; ; ; ; ; ; ; ; ; ; ; ;12;1508,54916548548
3364927;1;1;1; ; ; ; ; ; ; ; ; ; ; ; ;12;1242,04609421433
3364927;1;2;2;2;11; ;3;11; ;1;2; ; ;1; ;12;1242,04609421433
3364927;1;3;2;1; ; ;3;11; ;1;2; ; ;1; ;12;1242,04609421433
3364927;1;4;1; ; ; ; ; ; ; ; ; ; ; ; ;12;1242,04609421433
3364928;1;1;1; ; ; ; ; ; ; ; ; ; ; ; ;12;1438,88395609581
3364928;1;2;1; ; ; ; ; ; ; ; ; ; ; ; ;12;1438,88395609581
3364928;1;3;1; ; ; ; ; ; ; ; ; ; ; ; ;12;1438,88395609581
3364929;1;1;1; ; ; ; ; ; ; ; ; ; ; ; ;12;1427,73611561958
3364929;1;2;1; ; ; ; ; ; ; ; ; ; ; ; ;12;1427,73611561958
3364929;1;3;1; ; ; ; ; ; ; ; ; ; ; ; ;12;1427,73611561958
3364929;1;4;1; ; ; ; ; ; ; ; ; ; ; ; ;12;1427,73611561958
3364930;1;1;1; ; ; ; ; ; ; ; ; ; ; ; ;12;766,475784112527
3364930;1;2;1; ; ; ; ; ; ; ; ; ; ; ; ;12;766,475784112527
3364930;1;3;1; ; ; ; ; ; ; ; ; ; ; ; ;12;766,475784112527
3364932;1;1;1; ; ; ; ; ; ; ; ; ; ; ; ;12;1203,64498782844
3364932;1;2;1; ; ; ; ; ; ; ; ; ; ; ; ;12;1203,64498782844
3364933;1;1;1; ; ; ; ; ; ; ; ; ; ; ; ;12;1777,04123216986
3364933;1;2;1; ; ; ; ; ; ; ; ; ; ; ; ;12;1777,04123216986
3364933;1;3;1; ; ; ; ; ; ; ; ; ; ; ; ;12;1777,04123216986
3364933;1;4;1; ; ; ; ; ; ; ; ; ; ; ; ;12;1777,04123216986
3364934;1;1;1; ; ; ; ; ; ; ; ; ; ; ; ;12;1605,6173160293
3364934;1;2;1; ; ; ; ; ; ; ; ; ; ; ; ;12;1605,6173160293
3364934;1;3;1; ; ; ; ; ; ; ; ; ; ; ; ;12;1605,6173160293
3364935;1;1;1; ; ; ; ; ; ; ; ; ; ; ; ;12;2262,09328033923
3364935;1;2;1; ; ; ; ; ; ; ; ; ; ; ; ;12;2262,09328033923
3364935;1;3;1; ; ; ; ; ; ; ; ; ; ; ; ;12;2262,09328033923
3364935;1;4;1; ; ; ; ; ; ; ; ; ; ; ; ;12;2262,09328033923
3364935;1;5;1; ; ; ; ; ; ; ; ; ; ; ; ;12;2262,09328033923
3364935;1;6;1; ; ; ; ; ; ; ; ; ; ; ; ;12;2262,09328033923
3364935;1;7;1; ; ; ; ; ; ; ; ; ; ; ; ;12;2262,09328033923
3364935;1;8;1; ; ; ; ; ; ; ; ; ; ; ; ;12;2262,09328033923
3364935;1;9;1; ; ; ; ; ; ; ; ; ; ; ; ;12;2262,09328033923
3364935;1;10;1; ; ; ; ; ; ; ; ; ; ; ; ;12;2262,09328033923
3364936;1;1;1; ; ; ; ; ; ; ; ; ; ; ; ;12;1504,19622294846
3364937;1;1;1; ; ; ; ; ; ; ; ; ; ; ; ;12;1381,97855234251
3364937;1;2;1; ; ; ; ; ; ; ; ; ; ; ; ;12;1381,97855234251
3364937;1;3;1; ; ; ; ; ; ; ; ; ; ; ; ;12;1381,97855234251
3364937;1;4;1; ; ; ; ; ; ; ; ; ; ; ; ;12;1381,97855234251
3364937;1;5;1; ; ; ; ; ; ; ; ; ; ; ; ;12;1381,97855234251
3364937;1;6;1; ; ; ; ; ; ; ; ; ; ; ; ;12;1381,97855234251
3364937;1;7;1; ; ; ; ; ; ; ; ; ; ; ; ;12;1381,97855234251
3364938;1;1;2;2;47; ;2; ; ;1;2; ; ;1; ;12;1107,2884014248
3364938;1;2;1; ; ; ; ; ; ; ; ; ; ; ; ;12;1107,2884014248
3364939;1;1;1; ; ; ; ; ; ; ; ; ; ; ; ;12;974,681571502195
3364940;1;1;1; ; ; ; ; ; ; ; ; ; ; ; ;12;1624,52261353222
3364940;1;2;1; ; ; ; ; ; ; ; ; ; ; ; ;12;1624,52261353222
3364940;1;3;1; ; ; ; ; ; ; ; ; ; ; ; ;12;1624,52261353222
3364941;1;1;1; ; ; ; ; ; ; ; ; ; ; ; ;12;1182,81533597224
3364941;1;2;1; ; ; ; ; ; ; ; ; ; ; ; ;12;1182,81533597224
3364941;1;3;1; ; ; ; ; ; ; ; ; ; ; ; ;12;1182,81533597224
3364942;1;1;1; ; ; ; ; ; ; ; ; ; ; ; ;12;1168,86367760779
3364942;1;2;2;1; ; ;3;20; ;1;2; ; ;1; ;12;1168,86367760779
3364942;1;3;1; ; ; ; ; ; ; ; ; ; ; ; ;12;1168,86367760779
3364943;1;1;2;2;47; ;2; ; ;1;2; ; ;1; ;12;1107,2884014248
3364943;1;2;1; ; ; ; ; ; ; ; ; ; ; ; ;12;1107,2884014248
3364944;1;1;1; ; ; ; ; ; ; ; ; ; ; ; ;12;1427,73611561958
3364944;1;2;2;2;47; ;2; ; ;1;2; ; ;1; ;12;1427,73611561958
3364944;1;3;1; ; ; ; ; ; ; ; ; ; ; ; ;12;1427,73611561958
3364944;1;4;2;2;20; ;2; ; ;1;2; ; ;1; ;12;1427,73611561958
3364945;1;1;1; ; ; ; ; ; ; ; ; ; ; ; ;12;833,956574582299
3364945;1;2;1; ; ; ; ; ; ; ; ; ; ; ; ;12;833,956574582299
3364945;1;3;1; ; ; ; ; ; ; ; ; ; ; ; ;12;833,956574582299
3364945;1;4;1; ; ; ; ; ; ; ; ; ; ; ; ;12;833,956574582299
3364945;1;5;1; ; ; ; ; ; ; ; ; ; ; ; ;12;833,956574582299
3364945;1;6;1; ; ; ; ; ; ; ; ; ; ; ; ;12;833,956574582299
3364946;1;1;1; ; ; ; ; ; ; ; ; ; ; ; ;12;943,861571763955
3364946;1;2;2;2;08; ;2; ; ;1;2; ; ;1; ;12;943,861571763955
3364947;1;1;1; ; ; ; ; ; ; ; ; ; ; ; ;12;1537,4064289179
3364947;1;2;1; ; ; ; ; ; ; ; ; ; ; ; ;12;1537,4064289179
3364947;1;3;1; ; ; ; ; ; ; ; ; ; ; ; ;12;1537,4064289179
3364947;1;4;1; ; ; ; ; ; ; ; ; ; ; ; ;12;1537,4064289179
3364947;1;5;1; ; ; ; ; ; ; ; ; ; ; ; ;12;1537,4064289179
3364947;1;6;1; ; ; ; ; ; ; ; ; ; ; ; ;12;1537,4064289179
3364947;1;7;1; ; ; ; ; ; ; ; ; ; ; ; ;12;1537,4064289179
3364947;1;8;1; ; ; ; ; ; ; ; ; ; ; ; ;12;1537,4064289179
3364948;1;1;1; ; ; ; ; ; ; ; ; ; ; ; ;12;1083,54904048724
3364949;1;1;2;2;47; ;2; ; ;2;2; ; ;2; ;12;1203,64498782844
3364949;1;2;2;2;47; ;2; ; ;2;2; ; ;2; ;12;1203,64498782844
3364950;1;1;2;2;44; ;2; ; ;1;2; ; ;1;1;12;1621,43668165325
3364950;1;2;2;2;44; ;2; ; ;1;2; ; ;1;4;12;1621,43668165325
3364950;1;3;2;2;44; ;2; ; ;1;2; ; ;1;1;12;1621,43668165325
3364950;1;4;2;2;44; ;2; ; ;1;2; ; ;1;2;12;1621,43668165325
3364950;1;5;2;2;44; ;2; ; ;1;2; ; ;1;2;12;1621,43668165325
3364950;1;6;2;2;44; ;1; ; ; ;2; ; ;1;2;12;1621,43668165325
3364952;1;1;2;1; ; ;2; ; ;2;2; ; ;1;1;12;1855,23346451132
3364952;1;2;2;2;13; ;2; ; ;2;2; ; ;1;4;12;1855,23346451132
3364952;1;3;2;2;13; ;2; ; ;2;2; ; ;1;4;12;1855,23346451132
3364952;1;4;2;2;13; ;2; ; ;2;2; ; ;1;2;12;1855,23346451132
3364952;1;5;2;2;13; ;2; ; ;2;2; ; ;2; ;12;1855,23346451132
3364953;1;1;2;2;54; ;2; ; ;1;2; ; ;1;1;12;1471,77811840039
3364953;1;2;1; ; ; ; ; ; ; ; ; ; ; ; ;12;1471,77811840039
3364953;1;3;1; ; ; ; ; ; ; ; ; ; ; ; ;12;1471,77811840039
3364953;1;4;1; ; ; ; ; ; ; ; ; ; ; ; ;12;1471,77811840039
3364954;1;1;1; ; ; ; ; ; ; ; ; ; ; ; ;12;1483,86233990582
3364954;1;2;1; ; ; ; ; ; ; ; ; ; ; ; ;12;1483,86233990582
3364954;1;3;2;1; ; ;3;23; ;1;3;23; ;1; ;12;1483,86233990582
3364954;1;4;1; ; ; ; ; ; ; ; ; ; ; ; ;12;1483,86233990582
3364954;1;5;1; ; ; ; ; ; ; ; ; ; ; ; ;12;1483,86233990582
3364956;1;1;1; ; ; ; ; ; ; ; ; ; ; ; ;12;1385,5615496978
3364956;1;2;1; ; ; ; ; ; ; ; ; ; ; ; ;12;1385,5615496978
3364956;1;3;1; ; ; ; ; ; ; ; ; ; ; ; ;12;1385,5615496978
3364957;1;1;1; ; ; ; ; ; ; ; ; ; ; ; ;12;1734,24269321726
3364957;1;2;2;2;47; ;3;11; ;1;2; ; ;1; ;12;1734,24269321726
3364957;1;3;1; ; ; ; ; ; ; ; ; ; ; ; ;12;1734,24269321726
3364957;1;4;1; ; ; ; ; ; ; ; ; ; ; ; ;12;1734,24269321726
3364958;1;1;1; ; ; ; ; ; ; ; ; ; ; ; ;12;1126,68911168601
3364958;1;2;2;2;47; ;2; ; ;1;2; ; ;1; ;12;1126,68911168601
3364959;1;1;2;2;20; ;2; ; ;1;2; ; ;1;1;12;1470,28630849572
3364959;1;2;1; ; ; ; ; ; ; ; ; ; ; ; ;12;1470,28630849572
3364959;1;3;2;2;20; ;3;20; ;2;2; ; ;2; ;12;1470,28630849572
3364960;1;1;1; ; ; ; ; ; ; ; ; ; ; ; ;12;1512,71169505149
3364960;1;2;1; ; ; ; ; ; ; ; ; ; ; ; ;12;1512,71169505149
3364960;1;3;2;2;13; ;3;20; ;2;3;47; ;1;1;12;1512,71169505149
3364960;1;4;2;2;20; ;1; ; ; ;3;47; ;1;4;12;1512,71169505149
3364960;1;5;2;2;20; ;1; ; ; ;2; ; ;2; ;12;1512,71169505149
3364961;1;1;1; ; ; ; ; ; ; ; ; ; ; ; ;12;1993,97868563099
3364961;1;2;1; ; ; ; ; ; ; ; ; ; ; ; ;12;1993,97868563099
3364961;1;3;1; ; ; ; ; ; ; ; ; ; ; ; ;12;1993,97868563099
3364961;1;4;1; ; ; ; ; ; ; ; ; ; ; ; ;12;1993,97868563099
3364961;1;5;1; ; ; ; ; ; ; ; ; ; ; ; ;12;1993,97868563099
3364962;1;1;1; ; ; ; ; ; ; ; ; ; ; ; ;12;1626,13715756952
3364962;1;2;1; ; ; ; ; ; ; ; ; ; ; ; ;12;1626,13715756952
3364962;1;3;1; ; ; ; ; ; ; ; ; ; ; ; ;12;1626,13715756952
3364963;1;1;1; ; ; ; ; ; ; ; ; ; ; ; ;12;890,544439726826
3364963;1;2;1; ; ; ; ; ; ; ; ; ; ; ; ;12;890,544439726826
3364963;1;3;1; ; ; ; ; ; ; ; ; ; ; ; ;12;890,544439726826
3364964;1;1;1; ; ; ; ; ; ; ; ; ; ; ; ;12;1243,02105723077
3364964;1;2;1; ; ; ; ; ; ; ; ; ; ; ; ;12;1243,02105723077
3364965;1;1;2;2;76; ;2; ; ;2;2; ; ;2; ;12;1234,81233057536
3364965;1;2;1; ; ; ; ; ; ; ; ; ; ; ; ;12;1234,81233057536
3364965;1;3;1; ; ; ; ; ; ; ; ; ; ; ; ;12;1234,81233057536
3364965;1;4;1; ; ; ; ; ; ; ; ; ; ; ; ;12;1234,81233057536
3364965;1;5;1; ; ; ; ; ; ; ; ; ; ; ; ;12;1234,81233057536
3364965;1;6;1; ; ; ; ; ; ; ; ; ; ; ; ;12;1234,81233057536
3364965;1;7;1; ; ; ; ; ; ; ; ; ; ; ; ;12;1234,81233057536
3364965;1;8;1; ; ; ; ; ; ; ; ; ; ; ; ;12;1234,81233057536
3364966;1;1;2;2;05; ;2; ; ;2;2; ; ;2; ;12;695,502871096717
3364966;1;2;2;2;05; ;2; ; ;2;2; ; ;2; ;12;695,502871096717
3364967;1;1;1; ; ; ; ; ; ; ; ; ; ; ; ;12;893,405902856672
3364967;1;2;2;1; ; ;2; ; ;2;2; ; ;2; ;12;893,405902856672
3364967;1;3;1; ; ; ; ; ; ; ; ; ; ; ; ;12;893,405902856672
3364968;1;1;2;2;17; ;2; ; ;2;2; ; ;2; ;12;747,244026734544
3364968;1;2;1; ; ; ; ; ; ; ; ; ; ; ; ;12;747,244026734544
3364968;1;3;2;1; ; ;2; ; ;2;3;17; ;1;2;12;747,244026734544
3364969;1;1;2;1; ; ;3;66; ;2;3;66; ;2;1;12;1243,02105723077
3364969;1;2;2;1; ; ;3;66; ;2;3;66; ;2;4;12;1243,02105723077
3364969;1;3;2;2;76; ;3;66; ;2;3;66; ;2;4;12;1243,02105723077
3364970;1;1;2;1; ; ;2; ; ;2;2; ; ;1; ;12;5220,68844036923
3364970;1;2;1; ; ; ; ; ; ; ; ; ; ; ; ;12;5220,68844036923
3364970;1;3;1; ; ; ; ; ; ; ; ; ; ; ; ;12;5220,68844036923
3364971;1;1;2;1; ; ;3;66; ;1;2; ; ;1; ;12;1257,94644370072
3364972;1;1;2;2;66; ;3;66; ;2;2; ; ;2; ;12;927,04583793722
3364972;1;2;2;1; ; ;3;66; ;2;2; ; ;2; ;12;927,04583793722
3364972;1;3;2;1; ; ;3;66; ;2;2; ; ;2; ;12;927,04583793722
3364972;1;4;2;2;66; ;3;66; ;2;2; ; ;2; ;12;927,04583793722
3364972;1;5;2;2;66; ;3;66; ;2;2; ; ;2; ;12;927,04583793722
3364972;1;6;2;2;66; ;3;66; ;2;2; ; ;2; ;12;927,04583793722
3364973;1;1;2;2;17; ;3;63; ;2;2; ; ;2; ;12;987,435237558926
3364973;1;2;2;2;17; ;3;63; ;2;2; ; ;2; ;12;987,435237558926
3364973;1;3;2;2;17; ;3;63; ;2;2; ; ;2; ;12;987,435237558926
3364973;1;4;2;2;63; ;3;63; ;2;2; ; ;2; ;12;987,435237558926
3364974;1;1;1; ; ; ; ; ; ; ; ; ; ; ; ;12;864,883452592
3364974;1;2;1; ; ; ; ; ; ; ; ; ; ; ; ;12;864,883452592
3364974;1;3;1; ; ; ; ; ; ; ; ; ; ; ; ;12;864,883452592
3364974;1;4;1; ; ; ; ; ; ; ; ; ; ; ; ;12;864,883452592
3364974;1;5;1; ; ; ; ; ; ; ; ; ; ; ; ;12;864,883452592
3364974;1;6;1; ; ; ; ; ; ; ; ; ; ; ; ;12;864,883452592
3364974;1;7;1; ; ; ; ; ; ; ; ; ; ; ; ;12;864,883452592
3364974;1;8;1; ; ; ; ; ; ; ; ; ; ; ; ;12;864,883452592
3364975;1;1;1; ; ; ; ; ; ; ; ; ; ; ; ;12;695,502871096717
3364975;1;2;1; ; ; ; ; ; ; ; ; ; ; ; ;12;695,502871096717
3364976;1;1;1; ; ; ; ; ; ; ; ; ; ; ; ;12;954,222796466868
3364976;1;2;1; ; ; ; ; ; ; ; ; ; ; ; ;12;954,222796466868
3364976;1;3;1; ; ; ; ; ; ; ; ; ; ; ; ;12;954,222796466868
3364976;1;4;1; ; ; ; ; ; ; ; ; ; ; ; ;12;954,222796466868
3364976;1;5;1; ; ; ; ; ; ; ; ; ; ; ; ;12;954,222796466868
3364977;1;1;1; ; ; ; ; ; ; ; ; ; ; ; ;12;582,536582084482
3364977;1;2;1; ; ; ; ; ; ; ; ; ; ; ; ;12;582,536582084482
3364977;1;3;1; ; ; ; ; ; ; ; ; ; ; ; ;12;582,536582084482
3364977;1;4;1; ; ; ; ; ; ; ; ; ; ; ; ;12;582,536582084482
3364977;1;5;1; ; ; ; ; ; ; ; ; ; ; ; ;12;582,536582084482
3364977;1;6;1; ; ; ; ; ; ; ; ; ; ; ; ;12;582,536582084482
3364978;1;1;1; ; ; ; ; ; ; ; ; ; ; ; ;12;641,963393094485
3364978;1;2;1; ; ; ; ; ; ; ; ; ; ; ; ;12;641,963393094485
3364978;1;3;1; ; ; ; ; ; ; ; ; ; ; ; ;12;641,963393094485
3364979;1;1;1; ; ; ; ; ; ; ; ; ; ; ; ;12;823,286128691026
3364979;1;2;1; ; ; ; ; ; ; ; ; ; ; ; ;12;823,286128691026
3364979;1;3;1; ; ; ; ; ; ; ; ; ; ; ; ;12;823,286128691026
3364979;1;4;1; ; ; ; ; ; ; ; ; ; ; ; ;12;823,286128691026
3364980;1;1;1; ; ; ; ; ; ; ; ; ; ; ; ;12;845,257114304701
3364981;1;1;2;2;17; ;2; ; ;2;2; ; ;2; ;12;700,717854432181
3364982;1;1;1; ; ; ; ; ; ; ; ; ; ; ; ;12;841,89128968594
3364982;1;2;1; ; ; ; ; ; ; ; ; ; ; ; ;12;841,89128968594
3364983;1;1;2;2;17; ;2; ; ;2;2; ; ;2; ;12;840,092967321535
3364983;1;2;2;2;17; ;2; ; ;2;2; ; ;2; ;12;840,092967321535
3364983;1;3;1; ; ; ; ; ; ; ; ; ; ; ; ;12;840,092967321535
3364983;1;4;1; ; ; ; ; ; ; ; ; ; ; ; ;12;840,092967321535
3364984;1;1;2;2;66; ;2; ; ;2;2; ; ;2; ;12;890,544439726826
3364984;1;2;1; ; ; ; ; ; ; ; ; ; ; ; ;12;890,544439726826
3364984;1;3;1; ; ; ; ; ; ; ; ; ; ; ; ;12;890,544439726826
3364985;1;1;1; ; ; ; ; ; ; ; ; ; ; ; ;12;969,62371092795
3364985;1;2;1; ; ; ; ; ; ; ; ; ; ; ; ;12;969,62371092795
3364986;1;1;1; ; ; ; ; ; ; ; ; ; ; ; ;12;774,961634024258
3364986;1;2;1; ; ; ; ; ; ; ; ; ; ; ; ;12;774,961634024258
3364986;1;3;1; ; ; ; ; ; ; ; ; ; ; ; ;12;774,961634024258
3364986;1;4;1; ; ; ; ; ; ; ; ; ; ; ; ;12;774,961634024258
3364987;1;1;2;1; ; ;3;66; ;2;2; ; ;2; ;12;912,676308918193
3364987;1;2;2;2;17; ;3;66; ;2;2; ; ;2; ;12;912,676308918193
3364987;1;3;2;2;66; ;1; ; ; ;2; ; ;2; ;12;912,676308918193
3364989;1;1;2;2;76; ;3;66; ;1;3;66; ;1;4;12;864,617095643214
3364989;1;2;2;2;66; ;3;66; ;1;3;66; ;1;4;12;864,617095643214
3364989;1;3;2;1; ; ;3;66; ;1;3;66; ;1;4;12;864,617095643214
3364989;1;4;2;2;66; ;3;66; ;1;3;66; ;1;4;12;864,617095643214
3364989;1;5;2;2;66; ;3;66; ;1;3;66; ;1;4;12;864,617095643214
3364989;1;6;2;2;66; ;3;66; ;1;3;66; ;1;4;12;864,617095643214
3364990;1;1;2;2;76; ;2; ; ;2;2; ; ;2; ;12;1028,76181919137
3364990;1;2;2;2;27; ;2; ; ;2;2; ; ;2; ;12;1028,76181919137
3364990;1;3;1; ; ; ; ; ; ; ; ; ; ; ; ;12;1028,76181919137
3364991;1;1;1; ; ; ; ; ; ; ; ; ; ; ; ;12;958,763000309478
3364991;1;2;1; ; ; ; ; ; ; ; ; ; ; ; ;12;958,763000309478
3364992;1;1;1; ; ; ; ; ; ; ; ; ; ; ; ;12;1228,88839502213
3364992;1;2;1; ; ; ; ; ; ; ; ; ; ; ; ;12;1228,88839502213
3364992;1;3;1; ; ; ; ; ; ; ; ; ; ; ; ;12;1228,88839502213
3364992;1;4;1; ; ; ; ; ; ; ; ; ; ; ; ;12;1228,88839502213
3364992;1;5;1; ; ; ; ; ; ; ; ; ; ; ; ;12;1228,88839502213
3364993;1;1;2;2;76; ;2; ; ;2;2; ; ;2; ;12;1167,31462572028
3364993;1;2;1; ; ; ; ; ; ; ; ; ; ; ; ;12;1167,31462572028
3364993;1;3;1; ; ; ; ; ; ; ; ; ; ; ; ;12;1167,31462572028
3364993;1;4;1; ; ; ; ; ; ; ; ; ; ; ; ;12;1167,31462572028
3364993;1;5;2;1; ; ;3;86; ;2;2; ; ;2; ;12;1167,31462572028
3364994;1;1;1; ; ; ; ; ; ; ; ; ; ; ; ;12;824,617253056302
3364994;1;2;1; ; ; ; ; ; ; ; ; ; ; ; ;12;824,617253056302
3364995;1;1;1; ; ; ; ; ; ; ; ; ; ; ; ;12;1011,70041553264
3364995;1;2;1; ; ; ; ; ; ; ; ; ; ; ; ;12;1011,70041553264
3364995;1;3;1; ; ; ; ; ; ; ; ; ; ; ; ;12;1011,70041553264
3364995;1;4;1; ; ; ; ; ; ; ; ; ; ; ; ;12;1011,70041553264
3364996;1;1;2;2;73; ;2; ; ;2;2; ; ;2; ;12;886,191022358152
3364996;1;2;2;2;73; ;2; ; ;2;2; ; ;2; ;12;886,191022358152
3364997;1;1;1; ; ; ; ; ; ; ; ; ; ; ; ;12;771,544973053198
3364997;1;2;1; ; ; ; ; ; ; ; ; ; ; ; ;12;771,544973053198
3364997;1;3;1; ; ; ; ; ; ; ; ; ; ; ; ;12;771,544973053198
3364998;1;1;1; ; ; ; ; ; ; ; ; ; ; ; ;12;449,398296153466
3364998;1;2;1; ; ; ; ; ; ; ; ; ; ; ; ;12;449,398296153466
3364998;1;3;2;2;66; ;2; ; ;2;2; ; ;2; ;12;449,398296153466
3364998;1;4;2;2;66; ;2; ; ;2;2; ; ;2; ;12;449,398296153466
3364998;1;5;2;2;05; ;3;05; ;1;2; ; ;2; ;12;449,398296153466
3364998;1;6;1; ; ; ; ; ; ; ; ; ; ; ; ;12;449,398296153466
3364999;1;1;2;2;17; ;2; ; ;2;2; ; ;2; ;12;1177,55109572859
3364999;1;2;1; ; ; ; ; ; ; ; ; ; ; ; ;12;1177,55109572859
3364999;1;3;1; ; ; ; ; ; ; ; ; ; ; ; ;12;1177,55109572859
3365000;1;1;2;1; ; ;3;66; ;1;2; ; ;1; ;12;1373,2046668958
3365000;1;2;2;2;76; ;3;66; ;1;2; ; ;1; ;12;1373,2046668958
3365000;1;3;2;2;17; ;3;66; ;1;2; ; ;1; ;12;1373,2046668958
3365000;1;4;2;2;66; ;3;66; ;1;2; ; ;1; ;12;1373,2046668958
3365002;1;1;2;2;18; ;3;18; ;1;2; ; ;1; ;12;5220,68844036923
3365003;1;1;2;2;76; ;2; ; ;2;2; ; ;2; ;12;695,502871096717
3365003;1;2;2;2;17; ;2; ; ;2;2; ; ;2; ;12;695,502871096717
3365004;1;1;1; ; ; ; ; ; ; ; ; ; ; ; ;12;606,070591480786
3365004;1;2;1; ; ; ; ; ; ; ; ; ; ; ; ;12;606,070591480786
3365005;1;1;1; ; ; ; ; ; ; ; ; ; ; ; ;12;845,257114304701
3365006;1;1;1; ; ; ; ; ; ; ; ; ; ; ; ;12;497,424133221965
3365006;1;2;1; ; ; ; ; ; ; ; ; ; ; ; ;12;497,424133221965
3365006;1;3;1; ; ; ; ; ; ; ; ; ; ; ; ;12;497,424133221965
3365007;1;1;2;2;76; ;2; ; ;2;2; ; ;2; ;12;717,987242098151
3365007;1;2;1; ; ; ; ; ; ; ; ; ; ; ; ;12;717,987242098151
3365007;1;3;1; ; ; ; ; ; ; ; ; ; ; ; ;12;717,987242098151
3365007;1;4;1; ; ; ; ; ; ; ; ; ; ; ; ;12;717,987242098151
3365007;1;5;1; ; ; ; ; ; ; ; ; ; ; ; ;12;717,987242098151
3365007;1;6;1; ; ; ; ; ; ; ; ; ; ; ; ;12;717,987242098151
3365008;1;1;2;1; ; ;3;76; ;1;3;76; ;1;4;12;611,28557481625
3365009;1;1;1; ; ; ; ; ; ; ; ; ; ; ; ;12;1116,01212951717
3365009;1;2;2;2;66; ;3;66; ;1;3;63; ;2; ;12;1116,01212951717
3365010;1;1;2;2;66; ;2; ; ;2;2; ; ;2; ;12;845,257114304701
3365011;1;1;1; ; ; ; ; ; ; ; ; ; ; ; ;12;682,112693437267
3365011;1;2;1; ; ; ; ; ; ; ; ; ; ; ; ;12;682,112693437267
3365011;1;3;1; ; ; ; ; ; ; ; ; ; ; ; ;12;682,112693437267
3365012;1;1;1; ; ; ; ; ; ; ; ; ; ; ; ;12;850,505186609437
3365012;1;2;2;2;17; ;3;76; ;1;2; ; ;2; ;12;850,505186609437
3365012;1;3;1; ; ; ; ; ; ; ; ; ; ; ; ;12;850,505186609437
3365012;1;4;1; ; ; ; ; ; ; ; ; ; ; ; ;12;850,505186609437
3365013;1;1;1; ; ; ; ; ; ; ; ; ; ; ; ;12;449,398296153466
3365013;1;2;1; ; ; ; ; ; ; ; ; ; ; ; ;12;449,398296153466
3365013;1;3;1; ; ; ; ; ; ; ; ; ; ; ; ;12;449,398296153466
3365013;1;4;1; ; ; ; ; ; ; ; ; ; ; ; ;12;449,398296153466
3365014;1;1;2;2;17; ;4; ;2; ;2; ; ;2; ;12;695,502871096717
3365014;1;2;2;2;17; ;3;17; ;1;2; ; ;2; ;12;695,502871096717
3365015;1;1;1; ; ; ; ; ; ; ; ; ; ; ; ;12;996,89360519866
3365015;1;2;1; ; ; ; ; ; ; ; ; ; ; ; ;12;996,89360519866
3365015;1;3;1; ; ; ; ; ; ; ; ; ; ; ; ;12;996,89360519866
3365015;1;4;1; ; ; ; ; ; ; ; ; ; ; ; ;12;996,89360519866
3365016;1;1;2;2;05; ;2; ; ;2;2; ; ;2; ;12;1034,57933811043
3365016;1;2;1; ; ; ; ; ; ; ; ; ; ; ; ;12;1034,57933811043
3365016;1;3;1; ; ; ; ; ; ; ; ; ; ; ; ;12;1034,57933811043
3365016;1;4;1; ; ; ; ; ; ; ; ; ; ; ; ;12;1034,57933811043
3365017;1;1;1; ; ; ; ; ; ; ; ; ; ; ; ;12;778,883612148126
3365018;1;1;2;2;66; ;2; ; ;2;2; ; ;2; ;12;1049,00900686078
3365018;1;2;1; ; ; ; ; ; ; ; ; ; ; ; ;12;1049,00900686078
3365018;1;3;1; ; ; ; ; ; ; ; ; ; ; ; ;12;1049,00900686078
3365018;1;4;1; ; ; ; ; ; ; ; ; ; ; ; ;12;1049,00900686078
3365021;1;1;1; ; ; ; ; ; ; ; ; ; ; ; ;12;1055,65379814158
3365021;1;2;1; ; ; ; ; ; ; ; ; ; ; ; ;12;1055,65379814158
3365021;1;3;1; ; ; ; ; ; ; ; ; ; ; ; ;12;1055,65379814158
3365022;1;1;1; ; ; ; ; ; ; ; ; ; ; ; ;12;1259,79836427665
3365022;1;2;1; ; ; ; ; ; ; ; ; ; ; ; ;12;1259,79836427665
3365022;1;3;1; ; ; ; ; ; ; ; ; ; ; ; ;12;1259,79836427665
3365022;1;4;1; ; ; ; ; ; ; ; ; ; ; ; ;12;1259,79836427665
3365023;1;1;2;2;76; ;3;76; ;1;2; ; ;1;4;12;730,641586481149
3365023;1;2;1; ; ; ; ; ; ; ; ; ; ; ; ;12;730,641586481149
3365023;1;3;1; ; ; ; ; ; ; ; ; ; ; ; ;12;730,641586481149
3365024;1;1;2;2;76; ;3;76; ;1;2; ; ;1;1;12;824,617253056302
3365024;1;2;1; ; ; ; ; ; ; ; ; ; ; ; ;12;824,617253056302
3365025;1;1;2;2;63; ;4; ;2; ;2; ; ;1;1;12;1904,38637205389
3365025;1;2;1; ; ; ; ; ; ; ; ; ; ; ; ;12;1904,38637205389
3365025;1;3;1; ; ; ; ; ; ; ; ; ; ; ; ;12;1904,38637205389
3365025;1;4;1; ; ; ; ; ; ; ; ; ; ; ; ;12;1904,38637205389
3365025;1;5;1; ; ; ; ; ; ; ; ; ; ; ; ;12;1904,38637205389
3365025;1;6;1; ; ; ; ; ; ; ; ; ; ; ; ;12;1904,38637205389
3365026;1;1;2;2;76; ;2; ; ;2;2; ; ;2; ;12;1077,00384485835
3365027;1;1;1; ; ; ; ; ; ; ; ; ; ; ; ;12;1138,5776141602
3365028;1;1;1; ; ; ; ; ; ; ; ; ; ; ; ;12;772,238820867325
3365028;1;2;1; ; ; ; ; ; ; ; ; ; ; ; ;12;772,238820867325
3365029;1;1;2;2;17; ;3;66; ;1;2; ; ;1; ;12;1243,02105723077
3365029;1;2;1; ; ; ; ; ; ; ; ; ; ; ; ;12;1243,02105723077
3365029;1;3;2;1; ; ;3;66; ;1;2; ; ;1; ;12;1243,02105723077
3365030;1;1;1; ; ; ; ; ; ; ; ; ; ; ; ;12;1243,02105723077
3365032;1;1;2;1; ; ;4; ;2; ;2; ; ;2; ;12;583,208931756789
3365032;1;2;1; ; ; ; ; ; ; ; ; ; ; ; ;12;583,208931756789
3365032;1;3;2;2;66; ;3;73; ;1;3;73; ;1;1;12;583,208931756789
3365032;1;4;1; ; ; ; ; ; ; ; ; ; ; ; ;12;583,208931756789
3365032;1;5;1; ; ; ; ; ; ; ; ; ; ; ; ;12;583,208931756789
3365033;1;1;1; ; ; ; ; ; ; ; ; ; ; ; ;12;763,369778729212
3365033;1;2;1; ; ; ; ; ; ; ; ; ; ; ; ;12;763,369778729212
3365033;1;3;1; ; ; ; ; ; ; ; ; ; ; ; ;12;763,369778729212
3365034;1;1;1; ; ; ; ; ; ; ; ; ; ; ; ;12;1058,88028442908
3365034;1;2;1; ; ; ; ; ; ; ; ; ; ; ; ;12;1058,88028442908
3365034;1;3;1; ; ; ; ; ; ; ; ; ; ; ; ;12;1058,88028442908
3365034;1;4;1; ; ; ; ; ; ; ; ; ; ; ; ;12;1058,88028442908
3365035;1;1;1; ; ; ; ; ; ; ; ; ; ; ; ;12;1306,86514725483
3365035;1;2;2;2;76; ;3;76; ;1;2; ; ;2; ;12;1306,86514725483
3365035;1;3;1; ; ; ; ; ; ; ; ; ; ; ; ;12;1306,86514725483
3365035;1;4;1; ; ; ; ; ; ; ; ; ; ; ; ;12;1306,86514725483
3365037;1;1;1; ; ; ; ; ; ; ; ; ; ; ; ;12;633,788198770499
3365037;1;2;1; ; ; ; ; ; ; ; ; ; ; ; ;12;633,788198770499
3365037;1;3;1; ; ; ; ; ; ; ; ; ; ; ; ;12;633,788198770499
3365038;1;1;1; ; ; ; ; ; ; ; ; ; ; ; ;12;916,135069278017
3365038;1;2;1; ; ; ; ; ; ; ; ; ; ; ; ;12;916,135069278017
3365038;1;3;1; ; ; ; ; ; ; ; ; ; ; ; ;12;916,135069278017
3365038;1;4;1; ; ; ; ; ; ; ; ; ; ; ; ;12;916,135069278017
3365038;1;5;1; ; ; ; ; ; ; ; ; ; ; ; ;12;916,135069278017
3365039;1;1;1; ; ; ; ; ; ; ; ; ; ; ; ;12;572,6112027205
3365039;1;2;2;2;15; ;2; ; ;2;2; ; ;2; ;12;572,6112027205
3365039;1;3;1; ; ; ; ; ; ; ; ; ; ; ; ;12;572,6112027205
3365039;1;4;1; ; ; ; ; ; ; ; ; ; ; ; ;12;572,6112027205
3365039;1;5;1; ; ; ; ; ; ; ; ; ; ; ; ;12;572,6112027205
3365040;1;1;2;1; ; ;2; ; ;2;2; ; ;2; ;12;893,581608971469
3365041;1;1;2;2;17; ;2; ; ;2;2; ; ;2; ;12;893,581608971469
3365042;1;1;1; ; ; ; ; ; ; ; ; ; ; ; ;12;1270,8387389151
3365042;1;2;1; ; ; ; ; ; ; ; ; ; ; ; ;12;1270,8387389151
3365042;1;3;1; ; ; ; ; ; ; ; ; ; ; ; ;12;1270,8387389151
3365042;1;4;1; ; ; ; ; ; ; ; ; ; ; ; ;12;1270,8387389151
3365042;1;5;1; ; ; ; ; ; ; ; ; ; ; ; ;12;1270,8387389151
3365042;1;6;1; ; ; ; ; ; ; ; ; ; ; ; ;12;1270,8387389151
3365043;1;1;1; ; ; ; ; ; ; ; ; ; ; ; ;12;1243,02105723077
3365043;1;2;1; ; ; ; ; ; ; ; ; ; ; ; ;12;1243,02105723077
3365043;1;3;1; ; ; ; ; ; ; ; ; ; ; ; ;12;1243,02105723077
3365043;1;4;1; ; ; ; ; ; ; ; ; ; ; ; ;12;1243,02105723077
3365043;1;5;1; ; ; ; ; ; ; ; ; ; ; ; ;12;1243,02105723077
3365043;1;6;1; ; ; ; ; ; ; ; ; ; ; ; ;12;1243,02105723077
3365043;1;7;1; ; ; ; ; ; ; ; ; ; ; ; ;12;1243,02105723077
3365044;1;1;1; ; ; ; ; ; ; ; ; ; ; ; ;12;2083,47434379823
3365044;1;2;1; ; ; ; ; ; ; ; ; ; ; ; ;12;2083,47434379823
3365044;1;3;1; ; ; ; ; ; ; ; ; ; ; ; ;12;2083,47434379823
3365044;1;4;1; ; ; ; ; ; ; ; ; ; ; ; ;12;2083,47434379823
3365044;1;5;1; ; ; ; ; ; ; ; ; ; ; ; ;12;2083,47434379823
3365045;1;1;1; ; ; ; ; ; ; ; ; ; ; ; ;12;1257,94644370072
3365046;1;1;1; ; ; ; ; ; ; ; ; ; ; ; ;12;1243,02105723077
3365046;1;2;1; ; ; ; ; ; ; ; ; ; ; ; ;12;1243,02105723077
3365047;1;1;1; ; ; ; ; ; ; ; ; ; ; ; ;12;1019,65541590733
3365047;1;2;1; ; ; ; ; ; ; ; ; ; ; ; ;12;1019,65541590733
3365047;1;3;1; ; ; ; ; ; ; ; ; ; ; ; ;12;1019,65541590733
3365047;1;4;1; ; ; ; ; ; ; ; ; ; ; ; ;12;1019,65541590733
3365047;1;5;1; ; ; ; ; ; ; ; ; ; ; ; ;12;1019,65541590733
3365047;1;6;1; ; ; ; ; ; ; ; ; ; ; ; ;12;1019,65541590733
3365047;1;7;1; ; ; ; ; ; ; ; ; ; ; ; ;12;1019,65541590733
3365047;1;8;1; ; ; ; ; ; ; ; ; ; ; ; ;12;1019,65541590733
3365047;1;9;1; ; ; ; ; ; ; ; ; ; ; ; ;12;1019,65541590733
3365048;1;1;2;2;66; ;2; ; ;2;2; ; ;2; ;12;642,446490982823
3365048;1;2;1; ; ; ; ; ; ; ; ; ; ; ; ;12;642,446490982823
3365048;1;3;1; ; ; ; ; ; ; ; ; ; ; ; ;12;642,446490982823
3365049;1;1;2;2;66; ;2; ; ;2;2; ; ;2; ;12;1235,24453199413
3365049;1;2;1; ; ; ; ; ; ; ; ; ; ; ; ;12;1235,24453199413
3365049;1;3;1; ; ; ; ; ; ; ; ; ; ; ; ;12;1235,24453199413
3365049;1;4;1; ; ; ; ; ; ; ; ; ; ; ; ;12;1235,24453199413
3365050;1;1;2;2;66; ;3;63; ;1;2; ; ;2; ;12;914,809617700544
3365050;1;2;2;2;15; ;3;63; ;1;2; ; ;2; ;12;914,809617700544
3365050;1;3;2;2;63; ;3;63; ;1;2; ; ;2; ;12;914,809617700544
3365051;1;1;2;2;05; ;2; ; ;2;2; ; ;2; ;12;1662,93321459069
3365051;1;2;2;2;66; ;2; ; ;2;2; ; ;2; ;12;1662,93321459069
3365051;1;3;1; ; ; ; ; ; ; ; ; ; ; ; ;12;1662,93321459069
3365051;1;4;1; ; ; ; ; ; ; ; ; ; ; ; ;12;1662,93321459069
3365051;1;5;1; ; ; ; ; ; ; ; ; ; ; ; ;12;1662,93321459069
3365052;1;1;2;2;05; ;2; ; ;2;2; ; ;2; ;12;886,191022358152
3365052;1;2;1; ; ; ; ; ; ; ; ; ; ; ; ;12;886,191022358152
3365053;1;1;1; ; ; ; ; ; ; ; ; ; ; ; ;12;765,594029586524
3365053;1;2;1; ; ; ; ; ; ; ; ; ; ; ; ;12;765,594029586524
3365053;1;3;2;2;17; ;2; ; ;2;2; ; ;2; ;12;765,594029586524
3365054;1;1;1; ; ; ; ; ; ; ; ; ; ; ; ;12;2633,16496988226
3365054;1;2;1; ; ; ; ; ; ; ; ; ; ; ; ;12;2633,16496988226
3365054;1;3;1; ; ; ; ; ; ; ; ; ; ; ; ;12;2633,16496988226
3365054;1;4;1; ; ; ; ; ; ; ; ; ; ; ; ;12;2633,16496988226
3365054;1;5;1; ; ; ; ; ; ; ; ; ; ; ; ;12;2633,16496988226
3365055;1;1;2;2;50; ;2; ; ;2;2; ; ;2; ;12;1630,54421684525
3365055;1;2;2;2;17; ;2; ; ;2;2; ; ;2; ;12;1630,54421684525
3365055;1;3;1; ; ; ; ; ; ; ; ; ; ; ; ;12;1630,54421684525
3365055;1;4;2;2;17; ;2; ; ;2;2; ; ;2; ;12;1630,54421684525
3365055;1;5;2;2;17; ;2; ; ;2;2; ; ;2; ;12;1630,54421684525
3365057;1;1;1; ; ; ; ; ; ; ; ; ; ; ; ;12;5220,68844036923
3365057;1;2;2;2;66; ;2; ; ;1;2; ; ;1; ;12;5220,68844036923
3365057;1;3;2;2;66; ;2; ; ;1;2; ; ;1; ;12;5220,68844036923
3365057;1;4;2;2;66; ;2; ; ;1;2; ; ;1; ;12;5220,68844036923
3365058;1;1;1; ; ; ; ; ; ; ; ; ; ; ; ;12;1243,02105723077
3365059;1;1;2;2;05; ;2; ; ;2;2; ; ;2; ;12;771,544973053198
3365059;1;2;1; ; ; ; ; ; ; ; ; ; ; ; ;12;771,544973053198
3365059;1;3;2;2;17; ;2; ; ;2;2; ; ;2; ;12;771,544973053198
3365060;1;1;1; ; ; ; ; ; ; ; ; ; ; ; ;12;969,448004813153
3365060;1;2;1; ; ; ; ; ; ; ; ; ; ; ; ;12;969,448004813153
3365060;1;3;1; ; ; ; ; ; ; ; ; ; ; ; ;12;969,448004813153
3365060;1;4;1; ; ; ; ; ; ; ; ; ; ; ; ;12;969,448004813153
3365061;1;1;1; ; ; ; ; ; ; ; ; ; ; ; ;12;571,667912814042
3365061;1;2;2;2;17; ;2; ; ;2;2; ; ;2; ;12;571,667912814042
3365061;1;3;1; ; ; ; ; ; ; ; ; ; ; ; ;12;571,667912814042
3365061;1;4;1; ; ; ; ; ; ; ; ; ; ; ; ;12;571,667912814042
3365061;1;5;1; ; ; ; ; ; ; ; ; ; ; ; ;12;571,667912814042
3365061;1;6;1; ; ; ; ; ; ; ; ; ; ; ; ;12;571,667912814042
3365062;1;1;2;2;17; ;2; ; ;2;2; ; ;2; ;12;700,717854432181
3365063;1;1;2;2;17; ;2; ; ;2;2; ; ;2; ;12;1017,77249947992
3365063;1;2;2;2;17; ;2; ; ;2;2; ; ;2; ;12;1017,77249947992
3365063;1;3;2;2;17; ;2; ; ;2;2; ; ;2; ;12;1017,77249947992
3365063;1;4;1; ; ; ; ; ; ; ; ; ; ; ; ;12;1017,77249947992
3365064;1;1;1; ; ; ; ; ; ; ; ; ; ; ; ;12;893,581608971469
3365065;1;1;2;2;17; ;2; ; ;2;2; ; ;2; ;12;557,746096814018
3365065;1;2;1; ; ; ; ; ; ; ; ; ; ; ; ;12;557,746096814018
3365066;1;1;2;2;76; ;4; ;2; ;2; ; ;2; ;12;1522,37768845845
3365066;1;2;1; ; ; ; ; ; ; ; ; ; ; ; ;12;1522,37768845845
3365066;1;3;2;3; ;2;4; ;2; ;2; ; ;2; ;12;1522,37768845845
3365066;1;4;2;3; ;2;4; ;2; ;2; ; ;2; ;12;1522,37768845845
3365066;1;5;1; ; ; ; ; ; ; ; ; ; ; ; ;12;1522,37768845845
3365067;1;1;2;1; ; ;2; ; ;2;2; ; ;2; ;12;687,327676772731
3365067;1;2;2;1; ; ;2; ; ;2;2; ; ;2; ;12;687,327676772731
3365068;1;1;1; ; ; ; ; ; ; ; ; ; ; ; ;12;580,248720768268
3365068;1;2;1; ; ; ; ; ; ; ; ; ; ; ; ;12;580,248720768268
3365068;1;3;1; ; ; ; ; ; ; ; ; ; ; ; ;12;580,248720768268
3365068;1;4;2;1; ; ;3;63; ;1;3;63; ;1;4;12;580,248720768268
3365069;1;1;1; ; ; ; ; ; ; ; ; ; ; ; ;12;999,629179533878
3365069;1;2;1; ; ; ; ; ; ; ; ; ; ; ; ;12;999,629179533878
3365069;1;3;1; ; ; ; ; ; ; ; ; ; ; ; ;12;999,629179533878
3365069;1;4;1; ; ; ; ; ; ; ; ; ; ; ; ;12;999,629179533878
3365069;1;5;1; ; ; ; ; ; ; ; ; ; ; ; ;12;999,629179533878
3365071;1;1;1; ; ; ; ; ; ; ; ; ; ; ; ;12;1243,02105723077
3365071;1;2;1; ; ; ; ; ; ; ; ; ; ; ; ;12;1243,02105723077
3365072;1;1;2;2;17; ;3;66; ;2;3;63; ;1; ;12;1243,02105723077
3365072;1;2;1; ; ; ; ; ; ; ; ; ; ; ; ;12;1243,02105723077
3365072;1;3;1; ; ; ; ; ; ; ; ; ; ; ; ;12;1243,02105723077
3365073;1;1;1; ; ; ; ; ; ; ; ; ; ; ; ;12;1243,02105723077
3365073;1;2;1; ; ; ; ; ; ; ; ; ; ; ; ;12;1243,02105723077
3365074;1;1;2;2;17; ;2; ; ;1;2; ; ;1; ;12;2581,06425915632
3365074;1;2;2;2;17; ;2; ; ;1;2; ; ;1; ;12;2581,06425915632
3365075;1;1;2;2;17; ;2; ; ;1;2; ; ;1; ;12;5070,16378397108
3365075;1;2;2;2;76; ;2; ; ;1;2; ; ;1; ;12;5070,16378397108
3365076;1;1;2;1; ; ;4; ;2; ;2; ; ;2; ;12;2053,82584016608
3365076;1;2;1; ; ; ; ; ; ; ; ; ; ; ; ;12;2053,82584016608
3365076;1;3;1; ; ; ; ; ; ; ; ; ; ; ; ;12;2053,82584016608
3365076;1;4;1; ; ; ; ; ; ; ; ; ; ; ; ;12;2053,82584016608
3365077;1;1;1; ; ; ; ; ; ; ; ; ; ; ; ;12;1461,02779915477
3365077;1;2;2;1; ; ;3;66; ;2;2; ; ;2; ;12;1461,02779915477
3365077;1;3;1; ; ; ; ; ; ; ; ; ; ; ; ;12;1461,02779915477
3365078;1;1;2;2;05; ;2; ; ;2;2; ; ;2; ;12;983,028178283196
3365078;1;2;1; ; ; ; ; ; ; ; ; ; ; ; ;12;983,028178283196
3365079;1;1;1; ; ; ; ; ; ; ; ; ; ; ; ;12;886,191022358152
3365079;1;2;2;2;05; ;2; ; ;2;2; ; ;2; ;12;886,191022358152
3365080;1;1;1; ; ; ; ; ; ; ; ; ; ; ; ;12;1665,17236528984
3365080;1;2;1; ; ; ; ; ; ; ; ; ; ; ; ;12;1665,17236528984
3365080;1;3;1; ; ; ; ; ; ; ; ; ; ; ; ;12;1665,17236528984
3365080;1;4;1; ; ; ; ; ; ; ; ; ; ; ; ;12;1665,17236528984
3365081;1;1;2;2;76; ;2; ; ;2;2; ; ;2; ;12;2290,444810882
3365081;1;2;2;2;76; ;2; ; ;2;2; ; ;2; ;12;2290,444810882
3365081;1;3;1; ; ; ; ; ; ; ; ; ; ; ; ;12;2290,444810882
3365081;1;4;2;2;66; ;2; ; ;2;2; ; ;2; ;12;2290,444810882
3365081;1;5;1; ; ; ; ; ; ; ; ; ; ; ; ;12;2290,444810882
3365081;1;6;1; ; ; ; ; ; ; ; ; ; ; ; ;12;2290,444810882
3365081;1;7;2;2;66; ;2; ; ;2;2; ; ;2; ;12;2290,444810882
3365081;1;8;1; ; ; ; ; ; ; ; ; ; ; ; ;12;2290,444810882
3365081;1;9;1; ; ; ; ; ; ; ; ; ; ; ; ;12;2290,444810882
3365081;1;10;1; ; ; ; ; ; ; ; ; ; ; ; ;12;2290,444810882
3365081;1;11;1; ; ; ; ; ; ; ; ; ; ; ; ;12;2290,444810882
3365081;1;12;1; ; ; ; ; ; ; ; ; ; ; ; ;12;2290,444810882
3365082;1;1;2;2;17; ;2; ; ;2;2; ; ;2; ;12;572,6112027205
3365082;1;2;2;2;66; ;2; ; ;2;2; ; ;2; ;12;572,6112027205
3365082;1;3;1; ; ; ; ; ; ; ; ; ; ; ; ;12;572,6112027205
3365083;1;1;2;2;66; ;2; ; ;2;2; ; ;2; ;12;892,835813638953
3365084;1;1;2;2;68; ;2; ; ;1;2; ; ;1; ;12;23,0276969501032
3365084;1;2;2;2;27; ;2; ; ;1;2; ; ;1; ;12;23,0276969501032
3365085;1;1;2;1; ; ;3;05; ;1;2; ; ;1; ;12;23,0276969501032
3365085;1;2;1; ; ; ; ; ; ; ; ; ; ; ; ;12;23,0276969501032
3365085;1;3;1; ; ; ; ; ; ; ; ; ; ; ; ;12;23,0276969501032
3365085;1;4;1; ; ; ; ; ; ; ; ; ; ; ; ;12;23,0276969501032
3365085;1;5;1; ; ; ; ; ; ; ; ; ; ; ; ;12;23,0276969501032
3365086;1;1;1; ; ; ; ; ; ; ; ; ; ; ; ;12;23,0276969501032
3365086;1;2;2;2;27; ;2; ; ;1;2; ; ;1; ;12;23,0276969501032
3365087;1;1;2;2;27; ;2; ; ;1;2; ; ;1; ;12;23,0276969501032
3365087;1;2;1; ; ; ; ; ; ; ; ; ; ; ; ;12;23,0276969501032
3365087;1;3;1; ; ; ; ; ; ; ; ; ; ; ; ;12;23,0276969501032
3365087;1;4;2;2;27; ;3;27; ;1;2; ; ;1; ;12;23,0276969501032
3365088;1;1;2;2;27; ;2; ; ;1;2; ; ;1; ;12;23,0276969501032
3365088;1;2;1; ; ; ; ; ; ; ; ; ; ; ; ;12;23,0276969501032
3365088;1;3;1; ; ; ; ; ; ; ; ; ; ; ; ;12;23,0276969501032
3365088;1;4;1; ; ; ; ; ; ; ; ; ; ; ; ;12;23,0276969501032
3365088;1;5;1; ; ; ; ; ; ; ; ; ; ; ; ;12;23,0276969501032
3365088;1;6;1; ; ; ; ; ; ; ; ; ; ; ; ;12;23,0276969501032
3365088;1;7;1; ; ; ; ; ; ; ; ; ; ; ; ;12;23,0276969501032
3365089;1;1;1; ; ; ; ; ; ; ; ; ; ; ; ;12;317,782217911424
3365089;1;2;1; ; ; ; ; ; ; ; ; ; ; ; ;12;317,782217911424
3365090;1;1;2;2;27; ;2; ; ;1;2; ; ;1; ;12;297,570831822186
3365090;1;2;1; ; ; ; ; ; ; ; ; ; ; ; ;12;297,570831822186
3365090;1;3;1; ; ; ; ; ; ; ; ; ; ; ; ;12;297,570831822186
3365090;1;4;1; ; ; ; ; ; ; ; ; ; ; ; ;12;297,570831822186
3365091;1;1;1; ; ; ; ; ; ; ; ; ; ; ; ;12;23,0276969501032
3365091;1;2;1; ; ; ; ; ; ; ; ; ; ; ; ;12;23,0276969501032
3365091;1;3;1; ; ; ; ; ; ; ; ; ; ; ; ;12;23,0276969501032
3365091;1;4;1; ; ; ; ; ; ; ; ; ; ; ; ;12;23,0276969501032
3365091;1;5;1; ; ; ; ; ; ; ; ; ; ; ; ;12;23,0276969501032
3365091;1;6;1; ; ; ; ; ; ; ; ; ; ; ; ;12;23,0276969501032
3365091;1;7;1; ; ; ; ; ; ; ; ; ; ; ; ;12;23,0276969501032
3365091;1;8;1; ; ; ; ; ; ; ; ; ; ; ; ;12;23,0276969501032
3365092;1;1;1; ; ; ; ; ; ; ; ; ; ; ; ;12;105,927405970475
3365092;1;2;1; ; ; ; ; ; ; ; ; ; ; ; ;12;105,927405970475
3365092;1;3;1; ; ; ; ; ; ; ; ; ; ; ; ;12;105,927405970475
3365092;1;4;1; ; ; ; ; ; ; ; ; ; ; ; ;12;105,927405970475
3365092;1;5;1; ; ; ; ; ; ; ; ; ; ; ; ;12;105,927405970475
3365093;1;1;2;2;27; ;2; ; ;1;2; ; ;1; ;12;23,0276969501032
3365093;1;2;1; ; ; ; ; ; ; ; ; ; ; ; ;12;23,0276969501032
3365093;1;3;1; ; ; ; ; ; ; ; ; ; ; ; ;12;23,0276969501032
3365093;1;4;1; ; ; ; ; ; ; ; ; ; ; ; ;12;23,0276969501032
3365094;1;1;2;2;05; ;2; ; ;1;2; ; ;1; ;12;69,0830908503095
3365094;1;2;1; ; ; ; ; ; ; ; ; ; ; ; ;12;69,0830908503095
3365095;1;1;2;2;05; ;2; ; ;1;2; ; ;1; ;12;201,759341029502
3365095;1;2;1; ; ; ; ; ; ; ; ; ; ; ; ;12;201,759341029502
3365095;1;3;1; ; ; ; ; ; ; ; ; ; ; ; ;12;201,759341029502
3365095;1;4;1; ; ; ; ; ; ; ; ; ; ; ; ;12;201,759341029502
3365096;1;1;2;2;27; ;2; ; ;1;2; ; ;1; ;12;69,0830908503095
3365096;1;2;1; ; ; ; ; ; ; ; ; ; ; ; ;12;69,0830908503095
3365096;1;3;1; ; ; ; ; ; ; ; ; ; ; ; ;12;69,0830908503095
3365097;1;1;1; ; ; ; ; ; ; ; ; ; ; ; ;12;23,0276969501032
3365098;1;1;1; ; ; ; ; ; ; ; ; ; ; ; ;12;23,0276969501032
3365098;1;2;2;2;27; ;2; ; ;1;2; ; ;1; ;12;23,0276969501032
3365098;1;3;1; ; ; ; ; ; ; ; ; ; ; ; ;12;23,0276969501032
3365098;1;4;1; ; ; ; ; ; ; ; ; ; ; ; ;12;23,0276969501032
3365099;1;1;1; ; ; ; ; ; ; ; ; ; ; ; ;12;23,0276969501032
3365099;1;2;1; ; ; ; ; ; ; ; ; ; ; ; ;12;23,0276969501032
3365099;1;3;1; ; ; ; ; ; ; ; ; ; ; ; ;12;23,0276969501032
3365100;1;1;1; ; ; ; ; ; ; ; ; ; ; ; ;12;23,0276969501032
3365100;1;2;1; ; ; ; ; ; ; ; ; ; ; ; ;12;23,0276969501032
3365101;1;1;1; ; ; ; ; ; ; ; ; ; ; ; ;12;23,0276969501032
3365101;1;2;1; ; ; ; ; ; ; ; ; ; ; ; ;12;23,0276969501032
3365101;1;3;1; ; ; ; ; ; ; ; ; ; ; ; ;12;23,0276969501032
3365101;1;4;1; ; ; ; ; ; ; ; ; ; ; ; ;12;23,0276969501032
3365101;1;5;1; ; ; ; ; ; ; ; ; ; ; ; ;12;23,0276969501032
3365102;1;1;2;2;27; ;3;27; ;1;2; ; ;1; ;12;28,106896935073
3365103;1;1;1; ; ; ; ; ; ; ; ; ; ; ; ;12;69,0830908503095
3365103;1;2;1; ; ; ; ; ; ; ; ; ; ; ; ;12;69,0830908503095
3365105;1;1;1; ; ; ; ; ; ; ; ; ; ; ; ;12;32,8009646715417
3365105;1;2;1; ; ; ; ; ; ; ; ; ; ; ; ;12;32,8009646715417
3365105;1;3;1; ; ; ; ; ; ; ; ; ; ; ; ;12;32,8009646715417
3365105;1;4;1; ; ; ; ; ; ; ; ; ; ; ; ;12;32,8009646715417
3365105;1;5;1; ; ; ; ; ; ; ; ; ; ; ; ;12;32,8009646715417
3365105;1;6;1; ; ; ; ; ; ; ; ; ; ; ; ;12;32,8009646715417
3365107;1;1;2;2;11; ;2; ; ;1;2; ; ;1; ;12;61,7347804520754
3365107;1;2;2;2;11; ;2; ; ;1;2; ; ;1; ;12;61,7347804520754
3365107;1;3;2;2;11; ;2; ; ;1;2; ; ;1; ;12;61,7347804520754
3365112;1;1;1; ; ; ; ; ; ; ; ; ; ; ; ;12;23,0276969501032
3365112;1;2;2;2;05; ;3;05; ;1;3;05; ;1; ;12;23,0276969501032
3365112;1;3;1; ; ; ; ; ; ; ; ; ; ; ; ;12;23,0276969501032
3365113;1;1;1; ; ; ; ; ; ; ; ; ; ; ; ;12;23,0276969501032
3365113;1;2;1; ; ; ; ; ; ; ; ; ; ; ; ;12;23,0276969501032
3365114;1;1;1; ; ; ; ; ; ; ; ; ; ; ; ;12;23,0276969501032
3365114;1;2;1; ; ; ; ; ; ; ; ; ; ; ; ;12;23,0276969501032
3365115;1;1;1; ; ; ; ; ; ; ; ; ; ; ; ;12;23,0276969501032
3365115;1;2;2;2;27; ;2; ; ;1;2; ; ;1; ;12;23,0276969501032
3365115;1;3;1; ; ; ; ; ; ; ; ; ; ; ; ;12;23,0276969501032
3365116;1;1;2;2;27; ;2; ; ;1;2; ; ;1; ;12;23,0276969501032
3365116;1;2;2;2;27; ;2; ; ;1;2; ; ;1; ;12;23,0276969501032
3365116;1;3;1; ; ; ; ; ; ; ; ; ; ; ; ;12;23,0276969501032
3365116;1;4;1; ; ; ; ; ; ; ; ; ; ; ; ;12;23,0276969501032
3365116;1;5;1; ; ; ; ; ; ; ; ; ; ; ; ;12;23,0276969501032
3365116;1;6;2;2;27; ;2; ; ;1;2; ; ;1; ;12;23,0276969501032
3365117;1;1;2;2;27; ;2; ; ;1;2; ; ;1; ;12;69,0830908503095
3365118;1;1;1; ; ; ; ; ; ; ; ; ; ; ; ;12;105,927405970475
3365118;1;2;1; ; ; ; ; ; ; ; ; ; ; ; ;12;105,927405970475
3365118;1;3;2;2;05; ;2; ; ;1;2; ; ;1; ;12;105,927405970475
3365118;1;4;1; ; ; ; ; ; ; ; ; ; ; ; ;12;105,927405970475
3365118;1;5;1; ; ; ; ; ; ; ; ; ; ; ; ;12;105,927405970475
3365118;1;6;1; ; ; ; ; ; ; ; ; ; ; ; ;12;105,927405970475
3365119;1;1;2;1; ; ;4; ;3; ;2; ; ;1; ;12;28,106896935073
3365120;1;1;2;2;05; ;2; ; ;1;2; ; ;1; ;12;105,927405970475
3365120;1;2;1; ; ; ; ; ; ; ; ; ; ; ; ;12;105,927405970475
3365120;1;3;1; ; ; ; ; ; ; ; ; ; ; ; ;12;105,927405970475
3365120;1;4;1; ; ; ; ; ; ; ; ; ; ; ; ;12;105,927405970475
3365120;1;5;1; ; ; ; ; ; ; ; ; ; ; ; ;12;105,927405970475
3365120;1;6;1; ; ; ; ; ; ; ; ; ; ; ; ;12;105,927405970475
3365120;1;7;1; ; ; ; ; ; ; ; ; ; ; ; ;12;105,927405970475
3365121;1;1;1; ; ; ; ; ; ; ; ; ; ; ; ;12;23,0276969501032
3365121;1;2;2;2;27; ;2; ; ;1;2; ; ;1; ;12;23,0276969501032
3365121;1;3;1; ; ; ; ; ; ; ; ; ; ; ; ;12;23,0276969501032
3365121;1;4;1; ; ; ; ; ; ; ; ; ; ; ; ;12;23,0276969501032
3365121;1;5;2;2;27; ;3;27; ;2;2; ; ;1; ;12;23,0276969501032
3365122;1;1;1; ; ; ; ; ; ; ; ; ; ; ; ;12;69,0830908503095
3365122;1;2;1; ; ; ; ; ; ; ; ; ; ; ; ;12;69,0830908503095
3365122;1;3;1; ; ; ; ; ; ; ; ; ; ; ; ;12;69,0830908503095
3365123;1;1;2;2;27; ;2; ; ;1;2; ; ;1; ;12;317,782217911424
3365123;1;2;2;2;05; ;2; ; ;1;2; ; ;1; ;12;317,782217911424
3365123;1;3;1; ; ; ; ; ; ; ; ; ; ; ; ;12;317,782217911424
3365124;1;1;2;2;05; ;2; ; ;1;2; ; ;1; ;12;69,0830908503095
3365124;1;2;2;2;05; ;2; ; ;1;2; ; ;1; ;12;69,0830908503095
3365124;1;3;1; ; ; ; ; ; ; ; ; ; ; ; ;12;69,0830908503095
3365125;1;1;2;2;05; ;2; ; ;1;2; ; ;1; ;12;255,604831924902
3365125;1;2;1; ; ; ; ; ; ; ; ; ; ; ; ;12;255,604831924902
3365125;1;3;1; ; ; ; ; ; ; ; ; ; ; ; ;12;255,604831924902
3365126;1;1;2;2;05; ;2; ; ;1;2; ; ;1; ;12;23,0276969501032
3365126;1;2;2;2;76; ;2; ; ;1;2; ; ;1; ;12;23,0276969501032
3365127;1;1;1; ; ; ; ; ; ; ; ; ; ; ; ;12;23,0276969501032
3365127;1;2;2;2;27; ;2; ; ;1;2; ; ;1; ;12;23,0276969501032
3365128;1;1;2;2;05; ;2; ; ;1;2; ; ;1; ;12;23,0276969501032
3365129;1;1;2;2;27; ;2; ; ;1;2; ; ;1; ;12;105,927405970475
3365129;1;2;1; ; ; ; ; ; ; ; ; ; ; ; ;12;105,927405970475
3365130;1;1;2;2;27; ;2; ; ;1;2; ; ;1; ;12;105,927405970475
3365130;1;2;1; ; ; ; ; ; ; ; ; ; ; ; ;12;105,927405970475
3365130;1;3;1; ; ; ; ; ; ; ; ; ; ; ; ;12;105,927405970475
3365131;1;1;2;2;20; ;3;11; ;1;3;11; ;1; ;12;35,3159500789394
3365131;1;2;2;2;27; ;3;11; ;1;3;11; ;1; ;12;35,3159500789394
3365131;1;3;2;2;11; ;3;11; ;1;3;11; ;1; ;12;35,3159500789394
3365131;1;4;2;2;11; ;1; ; ; ;3;11; ;1; ;12;35,3159500789394
3365132;1;1;1; ; ; ; ; ; ; ; ; ; ; ; ;12;28,106896935073
3365133;1;1;2;2;27; ;2; ; ;1;2; ; ;1; ;12;105,927405970475
3365133;1;2;1; ; ; ; ; ; ; ; ; ; ; ; ;12;105,927405970475
3365133;1;3;1; ; ; ; ; ; ; ; ; ; ; ; ;12;105,927405970475
3365133;1;4;1; ; ; ; ; ; ; ; ; ; ; ; ;12;105,927405970475
3365134;1;1;2;2;27; ;2; ; ;1;2; ; ;1; ;12;63,7306875463937
3365134;1;2;2;2;27; ;2; ; ;1;2; ; ;1; ;12;63,7306875463937
3365134;1;3;1; ; ; ; ; ; ; ; ; ; ; ; ;12;63,7306875463937
3365135;1;1;2;2;76; ;2; ; ;1;2; ; ;1; ;12;23,0276969501032
3365135;1;2;2;2;76; ;2; ; ;1;2; ; ;1; ;12;23,0276969501032
3365142;1;1;1; ; ; ; ; ; ; ; ; ; ; ; ;12;105,927405970475
3365142;1;2;1; ; ; ; ; ; ; ; ; ; ; ; ;12;105,927405970475
3365142;1;3;1; ; ; ; ; ; ; ; ; ; ; ; ;12;105,927405970475
3365142;1;4;1; ; ; ; ; ; ; ; ; ; ; ; ;12;105,927405970475
3365143;1;1;2;1; ; ;2; ; ;1;2; ; ;1; ;12;23,0276969501032
3365144;1;1;2;2;05; ;3;05; ;2;2; ; ;1; ;12;23,0276969501032
3365144;1;2;2;2;05; ;2; ; ;1;2; ; ;1; ;12;23,0276969501032
3365145;1;1;1; ; ; ; ; ; ; ; ; ; ; ; ;12;23,0276969501032
3365145;1;2;2;1; ; ;3;11; ;1;2; ; ;1; ;12;23,0276969501032
3365146;1;1;1; ; ; ; ; ; ; ; ; ; ; ; ;12;69,0830908503095
3365146;1;2;1; ; ; ; ; ; ; ; ; ; ; ; ;12;69,0830908503095
3365147;1;1;1; ; ; ; ; ; ; ; ; ; ; ; ;12;69,0830908503095
3365147;1;2;2;2;27; ;3;23; ;1;2; ; ;1; ;12;69,0830908503095
3365147;1;3;1; ; ; ; ; ; ; ; ; ; ; ; ;12;69,0830908503095
3365148;1;1;1; ; ; ; ; ; ; ; ; ; ; ; ;12;23,0276969501032
3365148;1;2;1; ; ; ; ; ; ; ; ; ; ; ; ;12;23,0276969501032
3365148;1;3;1; ; ; ; ; ; ; ; ; ; ; ; ;12;23,0276969501032
3365149;1;1;2;2;18; ;3;76; ;1;2; ; ;1; ;12;105,927405970475
3365149;1;2;2;2;76; ;3;76; ;1;2; ; ;1; ;12;105,927405970475
3365149;1;3;2;2;76; ;1; ; ; ;2; ; ;1; ;12;105,927405970475
3365149;1;4;2;2;18; ;3;18; ;1;2; ; ;1; ;12;105,927405970475
3365150;1;1;2;2;27; ;2; ; ;1;2; ; ;1; ;12;105,927405970475
3365150;1;2;2;2;27; ;2; ; ;1;2; ; ;1; ;12;105,927405970475
3365150;1;3;1; ; ; ; ; ; ; ; ; ; ; ; ;12;105,927405970475
3365150;1;4;1; ; ; ; ; ; ; ; ; ; ; ; ;12;105,927405970475
3365150;1;5;2;2;27; ;2; ; ;1;2; ; ;1; ;12;105,927405970475
3365151;1;1;1; ; ; ; ; ; ; ; ; ; ; ; ;12;105,927405970475
3365151;1;2;1; ; ; ; ; ; ; ; ; ; ; ; ;12;105,927405970475
3365153;1;1;1; ; ; ; ; ; ; ; ; ; ; ; ;12;105,927405970475
3365153;1;2;1; ; ; ; ; ; ; ; ; ; ; ; ;12;105,927405970475
3365154;1;1;1; ; ; ; ; ; ; ; ; ; ; ; ;12;23,0276969501032
3365154;1;2;1; ; ; ; ; ; ; ; ; ; ; ; ;12;23,0276969501032
3365155;1;1;2;2;27; ;2; ; ;1;2; ; ;1; ;12;23,0276969501032
3365155;1;2;1; ; ; ; ; ; ; ; ; ; ; ; ;12;23,0276969501032
3365155;1;3;1; ; ; ; ; ; ; ; ; ; ; ; ;12;23,0276969501032
3365155;1;4;1; ; ; ; ; ; ; ; ; ; ; ; ;12;23,0276969501032
3365155;1;5;1; ; ; ; ; ; ; ; ; ; ; ; ;12;23,0276969501032
3365155;1;6;1; ; ; ; ; ; ; ; ; ; ; ; ;12;23,0276969501032
3365155;1;7;2;2;27; ;2; ; ;1;2; ; ;1; ;12;23,0276969501032
3365155;1;8;2;2;05; ;3;05; ;1;2; ; ;1; ;12;23,0276969501032
3365155;1;9;2;2;05; ;3;05; ;1;2; ; ;1; ;12;23,0276969501032
3365156;1;1;2;2;05; ;3;05; ;1;3;05; ;1; ;12;28,106896935073
3365157;1;1;2;2;27; ;2; ; ;1;2; ; ;1; ;12;105,927405970475
3365157;1;2;1; ; ; ; ; ; ; ; ; ; ; ; ;12;105,927405970475
3365157;1;3;1; ; ; ; ; ; ; ; ; ; ; ; ;12;105,927405970475
3365157;1;4;1; ; ; ; ; ; ; ; ; ; ; ; ;12;105,927405970475
3365157;1;5;1; ; ; ; ; ; ; ; ; ; ; ; ;12;105,927405970475
3365158;1;1;1; ; ; ; ; ; ; ; ; ; ; ; ;12;105,927405970475
3365158;1;2;1; ; ; ; ; ; ; ; ; ; ; ; ;12;105,927405970475
3365158;1;3;1; ; ; ; ; ; ; ; ; ; ; ; ;12;105,927405970475
3365158;1;4;1; ; ; ; ; ; ; ; ; ; ; ; ;12;105,927405970475
3365158;1;5;1; ; ; ; ; ; ; ; ; ; ; ; ;12;105,927405970475
3365158;1;6;1; ; ; ; ; ; ; ; ; ; ; ; ;12;105,927405970475
3365158;1;7;1; ; ; ; ; ; ; ; ; ; ; ; ;12;105,927405970475
3365159;1;1;2;2;27; ;2; ; ;1;2; ; ;1; ;12;23,0276969501032
3365159;1;2;2;2;05; ;2; ; ;1;2; ; ;1; ;12;23,0276969501032
3365159;1;3;2;2;05; ;2; ; ;1;2; ; ;1; ;12;23,0276969501032
3365159;1;4;1; ; ; ; ; ; ; ; ; ; ; ; ;12;23,0276969501032
3365160;1;1;1; ; ; ; ; ; ; ; ; ; ; ; ;12;28,106896935073
3365161;1;1;1; ; ; ; ; ; ; ; ; ; ; ; ;12;63,7306875463937
3365161;1;2;1; ; ; ; ; ; ; ; ; ; ; ; ;12;63,7306875463937
3365161;1;3;1; ; ; ; ; ; ; ; ; ; ; ; ;12;63,7306875463937
3365162;1;1;2;2;27; ;2; ; ;1;2; ; ;1; ;12;23,0276969501032
3365162;1;2;1; ; ; ; ; ; ; ; ; ; ; ; ;12;23,0276969501032
3365162;1;3;1; ; ; ; ; ; ; ; ; ; ; ; ;12;23,0276969501032
3365163;1;1;1; ; ; ; ; ; ; ; ; ; ; ; ;12;23,0276969501032
3365163;1;2;1; ; ; ; ; ; ; ; ; ; ; ; ;12;23,0276969501032
3365163;1;3;1; ; ; ; ; ; ; ; ; ; ; ; ;12;23,0276969501032
3365163;1;4;1; ; ; ; ; ; ; ; ; ; ; ; ;12;23,0276969501032
3365164;1;1;1; ; ; ; ; ; ; ; ; ; ; ; ;12;23,0276969501032
3365164;1;2;1; ; ; ; ; ; ; ; ; ; ; ; ;12;23,0276969501032
3365164;1;3;1; ; ; ; ; ; ; ; ; ; ; ; ;12;23,0276969501032
3365165;1;1;2;2;27; ;2; ; ;1;2; ; ;1; ;12;105,927405970475
3365165;1;2;1; ; ; ; ; ; ; ; ; ; ; ; ;12;105,927405970475
3365165;1;3;1; ; ; ; ; ; ; ; ; ; ; ; ;12;105,927405970475
3365166;1;1;2;2;27; ;2; ; ;1;2; ; ;1; ;12;23,0276969501032
3365166;1;2;1; ; ; ; ; ; ; ; ; ; ; ; ;12;23,0276969501032
3365166;1;3;1; ; ; ; ; ; ; ; ; ; ; ; ;12;23,0276969501032
3365166;1;4;1; ; ; ; ; ; ; ; ; ; ; ; ;12;23,0276969501032
3365166;1;5;1; ; ; ; ; ; ; ; ; ; ; ; ;12;23,0276969501032
3365166;1;6;1; ; ; ; ; ; ; ; ; ; ; ; ;12;23,0276969501032
3365167;1;1;2;2;27; ;2; ; ;1;2; ; ;1; ;12;23,0276969501032
3365167;1;2;2;2;27; ;2; ; ;1;2; ; ;1; ;12;23,0276969501032
3365167;1;3;1; ; ; ; ; ; ; ; ; ; ; ; ;12;23,0276969501032
3365168;1;1;1; ; ; ; ; ; ; ; ; ; ; ; ;12;23,0276969501032
3365175;1;1;1; ; ; ; ; ; ; ; ; ; ; ; ;12;23,0276969501032
3365175;1;2;1; ; ; ; ; ; ; ; ; ; ; ; ;12;23,0276969501032
3365175;1;3;1; ; ; ; ; ; ; ; ; ; ; ; ;12;23,0276969501032
3365175;1;4;1; ; ; ; ; ; ; ; ; ; ; ; ;12;23,0276969501032
3365176;1;1;1; ; ; ; ; ; ; ; ; ; ; ; ;12;23,0276969501032
3365176;1;2;1; ; ; ; ; ; ; ; ; ; ; ; ;12;23,0276969501032
3365176;1;3;1; ; ; ; ; ; ; ; ; ; ; ; ;12;23,0276969501032
3365177;1;1;2;2;27; ;2; ; ;1;2; ; ;1; ;12;62,8693356587075
3365178;1;1;1; ; ; ; ; ; ; ; ; ; ; ; ;12;23,0276969501032
3365178;1;2;1; ; ; ; ; ; ; ; ; ; ; ; ;12;23,0276969501032
3365178;1;3;1; ; ; ; ; ; ; ; ; ; ; ; ;12;23,0276969501032
3365178;1;4;2;2;27; ;2; ; ;1;2; ; ;1; ;12;23,0276969501032
3365179;1;1;1; ; ; ; ; ; ; ; ; ; ; ; ;12;105,927405970475
3365179;1;2;1; ; ; ; ; ; ; ; ; ; ; ; ;12;105,927405970475
3365179;1;3;1; ; ; ; ; ; ; ; ; ; ; ; ;12;105,927405970475
3365179;1;4;1; ; ; ; ; ; ; ; ; ; ; ; ;12;105,927405970475
3365179;1;5;1; ; ; ; ; ; ; ; ; ; ; ; ;12;105,927405970475
3365179;1;6;1; ; ; ; ; ; ; ; ; ; ; ; ;12;105,927405970475
3365179;1;7;1; ; ; ; ; ; ; ; ; ; ; ; ;12;105,927405970475
3365180;1;1;1; ; ; ; ; ; ; ; ; ; ; ; ;12;23,0276969501032
3365180;1;2;1; ; ; ; ; ; ; ; ; ; ; ; ;12;23,0276969501032
3365180;1;3;1; ; ; ; ; ; ; ; ; ; ; ; ;12;23,0276969501032
3365180;1;4;1; ; ; ; ; ; ; ; ; ; ; ; ;12;23,0276969501032
3365180;1;5;1; ; ; ; ; ; ; ; ; ; ; ; ;12;23,0276969501032
3365181;1;1;1; ; ; ; ; ; ; ; ; ; ; ; ;12;23,0276969501032
3365181;1;2;1; ; ; ; ; ; ; ; ; ; ; ; ;12;23,0276969501032
3365181;1;3;1; ; ; ; ; ; ; ; ; ; ; ; ;12;23,0276969501032
3365181;1;4;1; ; ; ; ; ; ; ; ; ; ; ; ;12;23,0276969501032
3365181;1;5;1; ; ; ; ; ; ; ; ; ; ; ; ;12;23,0276969501032
3365182;1;1;2;2;27; ;2; ; ;1;2; ; ;1; ;12;23,0276969501032
3365182;1;2;1; ; ; ; ; ; ; ; ; ; ; ; ;12;23,0276969501032
3365182;1;3;1; ; ; ; ; ; ; ; ; ; ; ; ;12;23,0276969501032
3365182;1;4;1; ; ; ; ; ; ; ; ; ; ; ; ;12;23,0276969501032
3365182;1;5;2;2;27; ;2; ; ;1;2; ; ;1; ;12;23,0276969501032
3365182;1;6;1; ; ; ; ; ; ; ; ; ; ; ; ;12;23,0276969501032
3365182;1;7;1; ; ; ; ; ; ; ; ; ; ; ; ;12;23,0276969501032
3365182;1;8;1; ; ; ; ; ; ; ; ; ; ; ; ;12;23,0276969501032
3365183;1;1;1; ; ; ; ; ; ; ; ; ; ; ; ;12;23,0276969501032
3365183;1;2;1; ; ; ; ; ; ; ; ; ; ; ; ;12;23,0276969501032
3365184;1;1;1; ; ; ; ; ; ; ; ; ; ; ; ;12;23,0276969501032
3365184;1;2;1; ; ; ; ; ; ; ; ; ; ; ; ;12;23,0276969501032
3365184;1;3;1; ; ; ; ; ; ; ; ; ; ; ; ;12;23,0276969501032
3365185;1;1;1; ; ; ; ; ; ; ; ; ; ; ; ;12;105,927405970475
3365185;1;2;1; ; ; ; ; ; ; ; ; ; ; ; ;12;105,927405970475
3365185;1;3;1; ; ; ; ; ; ; ; ; ; ; ; ;12;105,927405970475
3365185;1;4;1; ; ; ; ; ; ; ; ; ; ; ; ;12;105,927405970475
3365185;1;5;1; ; ; ; ; ; ; ; ; ; ; ; ;12;105,927405970475
3365185;1;6;1; ; ; ; ; ; ; ; ; ; ; ; ;12;105,927405970475
3365186;1;1;1; ; ; ; ; ; ; ; ; ; ; ; ;12;23,0276969501032
3365186;1;2;1; ; ; ; ; ; ; ; ; ; ; ; ;12;23,0276969501032
3365186;1;3;1; ; ; ; ; ; ; ; ; ; ; ; ;12;23,0276969501032
3365186;1;4;1; ; ; ; ; ; ; ; ; ; ; ; ;12;23,0276969501032
3365186;1;5;1; ; ; ; ; ; ; ; ; ; ; ; ;12;23,0276969501032
3365186;1;6;2;2;27; ;2; ; ;1;2; ; ;1; ;12;23,0276969501032
3365187;1;1;2;2;05; ;3;66; ;1;3;66; ;1; ;12;105,927405970475
3365187;1;2;2;2;66; ;1; ; ; ;3;66; ;1; ;12;105,927405970475
3365187;1;3;2;2;05; ;3;66; ;1;2; ; ;1; ;12;105,927405970475
3365188;1;1;2;2;05; ;2; ; ;1;2; ; ;1; ;12;23,0276969501032
3365188;1;2;1; ; ; ; ; ; ; ; ; ; ; ; ;12;23,0276969501032
3365188;1;3;1; ; ; ; ; ; ; ; ; ; ; ; ;12;23,0276969501032
3365189;1;1;1; ; ; ; ; ; ; ; ; ; ; ; ;12;23,0276969501032
3365195;1;1;1; ; ; ; ; ; ; ; ; ; ; ; ;12;23,0276969501032
3365195;1;2;1; ; ; ; ; ; ; ; ; ; ; ; ;12;23,0276969501032
3365195;1;3;1; ; ; ; ; ; ; ; ; ; ; ; ;12;23,0276969501032
3365195;1;4;1; ; ; ; ; ; ; ; ; ; ; ; ;12;23,0276969501032
3365196;1;1;1; ; ; ; ; ; ; ; ; ; ; ; ;12;23,0276969501032
3365196;1;2;1; ; ; ; ; ; ; ; ; ; ; ; ;12;23,0276969501032
3365196;1;3;1; ; ; ; ; ; ; ; ; ; ; ; ;12;23,0276969501032
3365197;1;1;2;2;27; ;2; ; ;1;2; ; ;1; ;12;23,0276969501032
3365197;1;2;2;2;27; ;2; ; ;1;2; ; ;1; ;12;23,0276969501032
3365197;1;3;2;2;05; ;3;05; ;1;2; ; ;1; ;12;23,0276969501032
3365198;1;1;2;2;27; ;2; ; ;1;2; ; ;1; ;12;170,403221283268
3365198;1;2;1; ; ; ; ; ; ; ; ; ; ; ; ;12;170,403221283268
3365198;1;3;1; ; ; ; ; ; ; ; ; ; ; ; ;12;170,403221283268
3365199;1;1;1; ; ; ; ; ; ; ; ; ; ; ; ;12;70,6319001578788
3365199;1;2;1; ; ; ; ; ; ; ; ; ; ; ; ;12;70,6319001578788
3365199;1;3;1; ; ; ; ; ; ; ; ; ; ; ; ;12;70,6319001578788
3365199;1;4;1; ; ; ; ; ; ; ; ; ; ; ; ;12;70,6319001578788
3365200;1;1;2;2;27; ;2; ; ;1;2; ; ;1; ;12;46,0553939002063
3365200;1;2;2;2;27; ;2; ; ;1;2; ; ;1; ;12;46,0553939002063
3365200;1;3;1; ; ; ; ; ; ; ; ; ; ; ; ;12;46,0553939002063
3365200;1;4;1; ; ; ; ; ; ; ; ; ; ; ; ;12;46,0553939002063
3365201;1;1;2;2;27; ;2; ; ;1;2; ; ;1; ;12;46,0553939002063
3365201;1;2;1; ; ; ; ; ; ; ; ; ; ; ; ;12;46,0553939002063
3365201;1;3;1; ; ; ; ; ; ; ; ; ; ; ; ;12;46,0553939002063
3365202;1;1;2;2;27; ;2; ; ;1;2; ; ;1; ;12;106,528894088146
3365202;1;2;1; ; ; ; ; ; ; ; ; ; ; ; ;12;106,528894088146
3365202;1;3;2;2;27; ;1; ; ; ;2; ; ;1; ;12;106,528894088146
3365203;1;1;2;2;27; ;2; ; ;1;2; ; ;1; ;12;46,0553939002063
3365203;1;2;2;2;27; ;2; ; ;1;2; ; ;1; ;12;46,0553939002063
3365203;1;3;1; ; ; ; ; ; ; ; ; ; ; ; ;12;46,0553939002063
3365203;1;4;1; ; ; ; ; ; ; ; ; ; ; ; ;12;46,0553939002063
3365203;1;5;1; ; ; ; ; ; ; ; ; ; ; ; ;12;46,0553939002063
3365204;1;1;1; ; ; ; ; ; ; ; ; ; ; ; ;12;70,8897583155714
3365204;1;2;1; ; ; ; ; ; ; ; ; ; ; ; ;12;70,8897583155714
3365204;1;3;1; ; ; ; ; ; ; ; ; ; ; ; ;12;70,8897583155714
3365204;1;4;1; ; ; ; ; ; ; ; ; ; ; ; ;12;70,8897583155714
3365205;1;1;1; ; ; ; ; ; ; ; ; ; ; ; ;12;23,0276969501032
3365205;1;2;1; ; ; ; ; ; ; ; ; ; ; ; ;12;23,0276969501032
3365206;1;1;2;2;27; ;2; ; ;1;2; ; ;1; ;12;44,9208386935742
3365206;1;2;1; ; ; ; ; ; ; ; ; ; ; ; ;12;44,9208386935742
3365207;1;1;2;2;05; ;2; ; ;1;2; ; ;1; ;12;23,0276969501032
3365207;1;2;2;2;05; ;2; ; ;1;2; ; ;1; ;12;23,0276969501032
3365208;1;1;1; ; ; ; ; ; ; ; ; ; ; ; ;12;99,190277274062
3365208;1;2;2;2;27; ;2; ; ;1;2; ; ;1; ;12;99,190277274062
3365208;1;3;1; ; ; ; ; ; ; ; ; ; ; ; ;12;99,190277274062
3365208;1;4;1; ; ; ; ; ; ; ; ; ; ; ; ;12;99,190277274062
3365209;1;1;1; ; ; ; ; ; ; ; ; ; ; ; ;12;28,106896935073
3365210;1;1;1; ; ; ; ; ; ; ; ; ; ; ; ;12;23,0276969501032
3365210;1;2;1; ; ; ; ; ; ; ; ; ; ; ; ;12;23,0276969501032
3365210;2;1;1; ; ; ; ; ; ; ; ; ; ; ; ;12;23,0276969501032
3365210;2;2;1; ; ; ; ; ; ; ; ; ; ; ; ;12;23,0276969501032
3365210;2;3;1; ; ; ; ; ; ; ; ; ; ; ; ;12;23,0276969501032
3365211;1;1;1; ; ; ; ; ; ; ; ; ; ; ; ;12;23,0276969501032
3365211;1;2;1; ; ; ; ; ; ; ; ; ; ; ; ;12;23,0276969501032
3365211;1;3;1; ; ; ; ; ; ; ; ; ; ; ; ;12;23,0276969501032
3365212;1;1;1; ; ; ; ; ; ; ; ; ; ; ; ;12;105,927405970475
3365212;1;2;2;2;27; ;3;27; ;1;2; ; ;1; ;12;105,927405970475
3365212;1;3;1; ; ; ; ; ; ; ; ; ; ; ; ;12;105,927405970475
3365212;1;4;1; ; ; ; ; ; ; ; ; ; ; ; ;12;105,927405970475
3365212;1;5;1; ; ; ; ; ; ; ; ; ; ; ; ;12;105,927405970475
3365213;1;1;1; ; ; ; ; ; ; ; ; ; ; ; ;12;23,0276969501032
3365213;1;2;1; ; ; ; ; ; ; ; ; ; ; ; ;12;23,0276969501032
3365213;1;3;1; ; ; ; ; ; ; ; ; ; ; ; ;12;23,0276969501032
3365216;1;1;1; ; ; ; ; ; ; ; ; ; ; ; ;12;63,7306875463937
3365216;1;2;1; ; ; ; ; ; ; ; ; ; ; ; ;12;63,7306875463937
3365216;1;3;1; ; ; ; ; ; ; ; ; ; ; ; ;12;63,7306875463937
3365217;1;1;1; ; ; ; ; ; ; ; ; ; ; ; ;12;23,0276969501032
3365217;1;2;1; ; ; ; ; ; ; ; ; ; ; ; ;12;23,0276969501032
3365217;1;3;1; ; ; ; ; ; ; ; ; ; ; ; ;12;23,0276969501032
3365218;1;1;1; ; ; ; ; ; ; ; ; ; ; ; ;12;23,0276969501032
3365218;1;2;1; ; ; ; ; ; ; ; ; ; ; ; ;12;23,0276969501032
3365218;1;3;1; ; ; ; ; ; ; ; ; ; ; ; ;12;23,0276969501032
3365218;1;4;1; ; ; ; ; ; ; ; ; ; ; ; ;12;23,0276969501032
3365219;1;1;1; ; ; ; ; ; ; ; ; ; ; ; ;12;163,358369023054
3365219;1;2;1; ; ; ; ; ; ; ; ; ; ; ; ;12;163,358369023054
3365220;1;1;2;2;05; ;2; ; ;1;3;05; ;1; ;12;170,403221283268
3365220;1;2;2;2;05; ;2; ; ;1;2; ; ;1; ;12;170,403221283268
3365220;1;3;1; ; ; ; ; ; ; ; ; ; ; ; ;12;170,403221283268
3365221;1;1;2;2;27; ;3;27; ;1;2; ; ;1; ;12;211,854811940949
3365221;1;2;2;2;27; ;2; ; ;1;2; ; ;1; ;12;211,854811940949
3365221;1;3;2;2;27; ;2; ; ;1;2; ; ;1; ;12;211,854811940949
3365221;1;4;1; ; ; ; ; ; ; ; ; ; ; ; ;12;211,854811940949
3365221;1;5;1; ; ; ; ; ; ; ; ; ; ; ; ;12;211,854811940949
3365221;1;6;1; ; ; ; ; ; ; ; ; ; ; ; ;12;211,854811940949
3365222;1;1;1; ; ; ; ; ; ; ; ; ; ; ; ;12;106,528894088146
3365222;1;2;1; ; ; ; ; ; ; ; ; ; ; ; ;12;106,528894088146
3365222;1;3;1; ; ; ; ; ; ; ; ; ; ; ; ;12;106,528894088146
3365223;1;1;1; ; ; ; ; ; ; ; ; ; ; ; ;12;211,854811940949
3365223;1;2;1; ; ; ; ; ; ; ; ; ; ; ; ;12;211,854811940949
3365223;1;3;1; ; ; ; ; ; ; ; ; ; ; ; ;12;211,854811940949
3365223;1;4;1; ; ; ; ; ; ; ; ; ; ; ; ;12;211,854811940949
3365224;1;1;1; ; ; ; ; ; ; ; ; ; ; ; ;12;105,927405970475
3365224;1;2;1; ; ; ; ; ; ; ; ; ; ; ; ;12;105,927405970475
3365224;1;3;1; ; ; ; ; ; ; ; ; ; ; ; ;12;105,927405970475
3365225;1;1;1; ; ; ; ; ; ; ; ; ; ; ; ;12;23,0276969501032
3365225;1;2;1; ; ; ; ; ; ; ; ; ; ; ; ;12;23,0276969501032
3365226;1;1;2;2;27; ;3;27; ;1;2; ; ;1; ;12;23,0276969501032
3365226;1;2;2;2;27; ;3;27; ;1;2; ; ;1; ;12;23,0276969501032
3365227;1;1;1; ; ; ; ; ; ; ; ; ; ; ; ;12;23,0276969501032
3365227;1;2;1; ; ; ; ; ; ; ; ; ; ; ; ;12;23,0276969501032
3365228;1;1;2;2;05; ;3;27; ;1;2; ; ;1; ;12;23,0276969501032
3365228;1;2;2;2;27; ;3;27; ;1;2; ; ;1; ;12;23,0276969501032
3365228;1;3;1; ; ; ; ; ; ; ; ; ; ; ; ;12;23,0276969501032
3365230;1;1;1; ; ; ; ; ; ; ; ; ; ; ; ;12;23,0276969501032
3365230;1;2;1; ; ; ; ; ; ; ; ; ; ; ; ;12;23,0276969501032
3365230;1;3;1; ; ; ; ; ; ; ; ; ; ; ; ;12;23,0276969501032
3365231;1;1;1; ; ; ; ; ; ; ; ; ; ; ; ;12;23,0276969501032
3365231;1;2;1; ; ; ; ; ; ; ; ; ; ; ; ;12;23,0276969501032
3365232;1;1;1; ; ; ; ; ; ; ; ; ; ; ; ;12;23,0276969501032
3365232;1;2;1; ; ; ; ; ; ; ; ; ; ; ; ;12;23,0276969501032
3365233;1;1;1; ; ; ; ; ; ; ; ; ; ; ; ;12;106,528894088146
3365233;1;2;1; ; ; ; ; ; ; ; ; ; ; ; ;12;106,528894088146
3365233;1;3;1; ; ; ; ; ; ; ; ; ; ; ; ;12;106,528894088146
3365234;1;1;1; ; ; ; ; ; ; ; ; ; ; ; ;12;23,0276969501032
3365234;1;2;1; ; ; ; ; ; ; ; ; ; ; ; ;12;23,0276969501032
3365234;1;3;1; ; ; ; ; ; ; ; ; ; ; ; ;12;23,0276969501032
3365234;1;4;1; ; ; ; ; ; ; ; ; ; ; ; ;12;23,0276969501032
3365234;1;5;1; ; ; ; ; ; ; ; ; ; ; ; ;12;23,0276969501032
3365235;1;1;1; ; ; ; ; ; ; ; ; ; ; ; ;12;62,8693356587075
3365237;1;1;1; ; ; ; ; ; ; ; ; ; ; ; ;12;1550,3753930196
3365237;1;2;1; ; ; ; ; ; ; ; ; ; ; ; ;12;1550,3753930196
3365237;1;3;2;2;19; ;2; ; ;1;2; ; ;1; ;12;1550,3753930196
3365237;1;4;1; ; ; ; ; ; ; ; ; ; ; ; ;12;1550,3753930196
3365237;1;5;1; ; ; ; ; ; ; ; ; ; ; ; ;12;1550,3753930196
3365237;1;6;1; ; ; ; ; ; ; ; ; ; ; ; ;12;1550,3753930196
3365238;1;1;2;2;76; ;3;05; ;1;2; ; ;1; ;12;1175,48611270334
3365238;1;2;2;2;05; ;3;05; ;1;2; ; ;1; ;12;1175,48611270334
3365238;1;3;2;2;05; ;1; ; ; ;2; ; ;1; ;12;1175,48611270334
3365240;1;1;1; ; ; ; ; ; ; ; ; ; ; ; ;12;1141,52645499817
3365243;1;1;2;2;19; ;2; ; ;1;2; ; ;1; ;12;718,336617477564
3365243;1;2;1; ; ; ; ; ; ; ; ; ; ; ; ;12;718,336617477564
3365244;1;1;1; ; ; ; ; ; ; ; ; ; ; ; ;12;1043,88816191742
3365244;1;2;1; ; ; ; ; ; ; ; ; ; ; ; ;12;1043,88816191742
3365244;1;3;1; ; ; ; ; ; ; ; ; ; ; ; ;12;1043,88816191742
3365244;1;4;1; ; ; ; ; ; ; ; ; ; ; ; ;12;1043,88816191742
3365244;1;5;1; ; ; ; ; ; ; ; ; ; ; ; ;12;1043,88816191742
3365245;1;1;1; ; ; ; ; ; ; ; ; ; ; ; ;12;1157,3239306192
3365245;1;2;1; ; ; ; ; ; ; ; ; ; ; ; ;12;1157,3239306192
3365245;1;3;1; ; ; ; ; ; ; ; ; ; ; ; ;12;1157,3239306192
3365245;1;4;2;2;76; ;2; ; ;1;2; ; ;1; ;12;1157,3239306192
3365245;1;5;1; ; ; ; ; ; ; ; ; ; ; ; ;12;1157,3239306192
3365246;1;1;2;2;52; ;2; ; ;1;2; ; ;1; ;12;521,509368191736
3365246;1;2;2;2;76; ;2; ; ;1;2; ; ;1; ;12;521,509368191736
3365246;1;3;1; ; ; ; ; ; ; ; ; ; ; ; ;12;521,509368191736
3365246;1;4;1; ; ; ; ; ; ; ; ; ; ; ; ;12;521,509368191736
3365248;1;1;1; ; ; ; ; ; ; ; ; ; ; ; ;12;816,844336092258
3365248;1;2;1; ; ; ; ; ; ; ; ; ; ; ; ;12;816,844336092258
3365248;1;3;1; ; ; ; ; ; ; ; ; ; ; ; ;12;816,844336092258
3365250;1;1;2;1; ; ;2; ; ;1;2; ; ;1; ;12;1483,83155813742
3365250;1;2;1; ; ; ; ; ; ; ; ; ; ; ; ;12;1483,83155813742
3365250;1;3;1; ; ; ; ; ; ; ; ; ; ; ; ;12;1483,83155813742
3365251;1;1;2;2;66; ;2; ; ;1;2; ; ;1; ;12;708,758436918067
3365251;1;2;2;2;76; ;2; ; ;1;2; ; ;1; ;12;708,758436918067
3365251;1;3;1; ; ; ; ; ; ; ; ; ; ; ; ;12;708,758436918067
3365251;1;4;1; ; ; ; ; ; ; ; ; ; ; ; ;12;708,758436918067
3365251;1;5;1; ; ; ; ; ; ; ; ; ; ; ; ;12;708,758436918067
3365251;1;6;2;2;76; ;2; ; ;1;2; ; ;1; ;12;708,758436918067
3365252;1;1;1; ; ; ; ; ; ; ; ; ; ; ; ;12;1496,12530715752
3365252;1;2;1; ; ; ; ; ; ; ; ; ; ; ; ;12;1496,12530715752
3365252;1;3;1; ; ; ; ; ; ; ; ; ; ; ; ;12;1496,12530715752
3365252;1;4;1; ; ; ; ; ; ; ; ; ; ; ; ;12;1496,12530715752
3365252;1;5;1; ; ; ; ; ; ; ; ; ; ; ; ;12;1496,12530715752
3365253;1;1;1; ; ; ; ; ; ; ; ; ; ; ; ;12;924,593525297634
3365253;1;2;1; ; ; ; ; ; ; ; ; ; ; ; ;12;924,593525297634
3365253;1;3;1; ; ; ; ; ; ; ; ; ; ; ; ;12;924,593525297634
3365253;1;4;1; ; ; ; ; ; ; ; ; ; ; ; ;12;924,593525297634
3365253;1;5;1; ; ; ; ; ; ; ; ; ; ; ; ;12;924,593525297634
3365253;1;6;1; ; ; ; ; ; ; ; ; ; ; ; ;12;924,593525297634
3365254;1;1;1; ; ; ; ; ; ; ; ; ; ; ; ;12;1315,20916267468
3365254;1;2;1; ; ; ; ; ; ; ; ; ; ; ; ;12;1315,20916267468
3365254;1;3;1; ; ; ; ; ; ; ; ; ; ; ; ;12;1315,20916267468
3365254;1;4;1; ; ; ; ; ; ; ; ; ; ; ; ;12;1315,20916267468
3365254;1;5;1; ; ; ; ; ; ; ; ; ; ; ; ;12;1315,20916267468
3365254;1;6;1; ; ; ; ; ; ; ; ; ; ; ; ;12;1315,20916267468
3365255;1;1;1; ; ; ; ; ; ; ; ; ; ; ; ;12;737,91739997989
3365256;1;1;1; ; ; ; ; ; ; ; ; ; ; ; ;12;1214,61631787724
3365256;1;2;1; ; ; ; ; ; ; ; ; ; ; ; ;12;1214,61631787724
3365256;1;3;1; ; ; ; ; ; ; ; ; ; ; ; ;12;1214,61631787724
3365256;1;4;1; ; ; ; ; ; ; ; ; ; ; ; ;12;1214,61631787724
3365257;1;1;1; ; ; ; ; ; ; ; ; ; ; ; ;12;763,109452606081
3365257;1;2;1; ; ; ; ; ; ; ; ; ; ; ; ;12;763,109452606081
3365257;1;3;2;2;27; ;2; ; ;1;2; ; ;1; ;12;763,109452606081
3365257;1;4;2;2;27; ;2; ; ;1;2; ; ;1; ;12;763,109452606081
3365257;1;5;2;2;76; ;2; ; ;1;2; ; ;1; ;12;763,109452606081
3365259;1;1;1; ; ; ; ; ; ; ; ; ; ; ; ;12;718,336617477564
3365259;1;2;2;2;76; ;2; ; ;1;2; ; ;1; ;12;718,336617477564
3365260;1;1;1; ; ; ; ; ; ; ; ; ; ; ; ;12;981,673447640241
3365260;1;2;2;2;17; ;2; ; ;1;2; ; ;1; ;12;981,673447640241
3365260;1;3;1; ; ; ; ; ; ; ; ; ; ; ; ;12;981,673447640241
3365261;1;1;2;2;52; ;2; ; ;1;2; ; ;1; ;12;1258,01188945178
3365261;1;2;2;2;52; ;2; ; ;1;2; ; ;1; ;12;1258,01188945178
3365261;1;3;1; ; ; ; ; ; ; ; ; ; ; ; ;12;1258,01188945178
3365261;1;4;1; ; ; ; ; ; ; ; ; ; ; ; ;12;1258,01188945178
3365261;1;5;2;2;52; ;2; ; ;1;2; ; ;1; ;12;1258,01188945178
3365262;1;1;2;2;19; ;2; ; ;1;2; ; ;1; ;12;836,425118594585
3365262;1;2;1; ; ; ; ; ; ; ; ; ; ; ; ;12;836,425118594585
3365263;1;1;2;2;19; ;2; ; ;1;2; ; ;1; ;12;1243,5379002138
3365263;1;2;1; ; ; ; ; ; ; ; ; ; ; ; ;12;1243,5379002138
3365263;1;3;1; ; ; ; ; ; ; ; ; ; ; ; ;12;1243,5379002138
3365263;1;4;1; ; ; ; ; ; ; ; ; ; ; ; ;12;1243,5379002138
3365265;1;1;2;2;73; ;2; ; ;1;2; ; ;1; ;12;904,831637710619
3365265;1;2;1; ; ; ; ; ; ; ; ; ; ; ; ;12;904,831637710619
3365266;1;1;2;2;19; ;2; ; ;1;2; ; ;1; ;12;981,673447640241
3365266;1;2;1; ; ; ; ; ; ; ; ; ; ; ; ;12;981,673447640241
3365266;1;3;1; ; ; ; ; ; ; ; ; ; ; ; ;12;981,673447640241
3365269;1;1;1; ; ; ; ; ; ; ; ; ; ; ; ;12;1202,32256885715
3365269;1;2;1; ; ; ; ; ; ; ; ; ; ; ; ;12;1202,32256885715
3365270;1;1;1; ; ; ; ; ; ; ; ; ; ; ; ;12;737,91739997989
3365271;1;1;2;2;05; ;2; ; ;1;2; ; ;1; ;12;1505,56122102688
3365271;1;2;2;2;19; ;2; ; ;1;2; ; ;1; ;12;1505,56122102688
3365271;1;3;1; ; ; ; ; ; ; ; ; ; ; ; ;12;1505,56122102688
3365271;1;4;1; ; ; ; ; ; ; ; ; ; ; ; ;12;1505,56122102688
3365273;1;1;1; ; ; ; ; ; ; ; ; ; ; ; ;12;1175,48611270334
3365273;1;2;1; ; ; ; ; ; ; ; ; ; ; ; ;12;1175,48611270334
3365273;1;3;1; ; ; ; ; ; ; ; ; ; ; ; ;12;1175,48611270334
3365274;1;1;1; ; ; ; ; ; ; ; ; ; ; ; ;12;883,165729025546
3365274;1;2;1; ; ; ; ; ; ; ; ; ; ; ; ;12;883,165729025546
3365275;1;1;2;2;05; ;2; ; ;1;2; ; ;1; ;12;1082,14894155738
3365276;1;1;2;2;19; ;2; ; ;1;2; ; ;1; ;12;1042,46956149922
3365276;1;2;1; ; ; ; ; ; ; ; ; ; ; ; ;12;1042,46956149922
3365276;1;3;1; ; ; ; ; ; ; ; ; ; ; ; ;12;1042,46956149922
3365276;1;4;1; ; ; ; ; ; ; ; ; ; ; ; ;12;1042,46956149922
3365277;1;1;2;2;52; ;2; ; ;1;2; ; ;1; ;12;1023,43795388114
3365279;1;1;1; ; ; ; ; ; ; ; ; ; ; ; ;12;521,509368191736
3365279;1;2;1; ; ; ; ; ; ; ; ; ; ; ; ;12;521,509368191736
3365279;1;3;1; ; ; ; ; ; ; ; ; ; ; ; ;12;521,509368191736
3365279;1;4;1; ; ; ; ; ; ; ; ; ; ; ; ;12;521,509368191736
3365279;1;5;1; ; ; ; ; ; ; ; ; ; ; ; ;12;521,509368191736
3365279;1;6;1; ; ; ; ; ; ; ; ; ; ; ; ;12;521,509368191736
3365279;2;1;1; ; ; ; ; ; ; ; ; ; ; ; ;12;521,509368191736
3365279;2;2;1; ; ; ; ; ; ; ; ; ; ; ; ;12;521,509368191736
3365279;2;3;1; ; ; ; ; ; ; ; ; ; ; ; ;12;521,509368191736
3365280;1;1;2;2;17; ;4; ;2; ;2; ; ;1; ;12;942,543242466333
3365280;1;2;2;2;73; ;2; ; ;1;2; ; ;1; ;12;942,543242466333
3365281;1;1;2;2;11; ;2; ; ;1;2; ; ;1; ;12;816,844336092258
3365281;1;2;2;2;15; ;2; ; ;1;2; ; ;1; ;12;816,844336092258
3365281;1;3;1; ; ; ; ; ; ; ; ; ; ; ; ;12;816,844336092258
3365282;1;1;1; ; ; ; ; ; ; ; ; ; ; ; ;12;942,543242466333
3365282;1;2;1; ; ; ; ; ; ; ; ; ; ; ; ;12;942,543242466333
3365283;1;1;2;2;76; ;2; ; ;1;2; ; ;1; ;12;716,36884217512
3365283;1;2;1; ; ; ; ; ; ; ; ; ; ; ; ;12;716,36884217512
3365283;1;3;1; ; ; ; ; ; ; ; ; ; ; ; ;12;716,36884217512
3365283;1;4;1; ; ; ; ; ; ; ; ; ; ; ; ;12;716,36884217512
3365283;1;5;1; ; ; ; ; ; ; ; ; ; ; ; ;12;716,36884217512
3365284;1;1;1; ; ; ; ; ; ; ; ; ; ; ; ;12;764,528053024276
3365284;1;2;1; ; ; ; ; ; ; ; ; ; ; ; ;12;764,528053024276
3365284;1;3;1; ; ; ; ; ; ; ; ; ; ; ; ;12;764,528053024276
3365284;1;4;2;2;76; ;2; ; ;1;2; ; ;1; ;12;764,528053024276
3365284;1;5;1; ; ; ; ; ; ; ; ; ; ; ; ;12;764,528053024276
3365284;1;6;1; ; ; ; ; ; ; ; ; ; ; ; ;12;764,528053024276
3365285;1;1;2;2;76; ;2; ; ;1;2; ; ;1; ;12;904,831637710619
3365285;1;2;1; ; ; ; ; ; ; ; ; ; ; ; ;12;904,831637710619
3365286;1;1;2;2;52; ;2; ; ;1;2; ; ;1; ;12;1121,94567249584
3365286;1;2;1; ; ; ; ; ; ; ; ; ; ; ; ;12;1121,94567249584
3365287;1;1;2;2;27; ;2; ; ;1;2; ; ;1; ;12;1082,14894155738
3365288;1;1;1; ; ; ; ; ; ; ; ; ; ; ; ;12;779,132731336544
3365288;1;2;1; ; ; ; ; ; ; ; ; ; ; ; ;12;779,132731336544
3365288;1;3;1; ; ; ; ; ; ; ; ; ; ; ; ;12;779,132731336544
3365289;1;1;2;2;76; ;2; ; ;1;2; ; ;1; ;12;1241,45277403105
3365289;1;2;2;2;76; ;2; ; ;1;2; ; ;1; ;12;1241,45277403105
3365289;1;3;1; ; ; ; ; ; ; ; ; ; ; ; ;12;1241,45277403105
3365291;1;1;2;2;19; ;2; ; ;1;2; ; ;1; ;12;1166,14691539993
3365291;1;2;1; ; ; ; ; ; ; ; ; ; ; ; ;12;1166,14691539993
3365291;1;3;2;2;19; ;2; ; ;1;2; ; ;1; ;12;1166,14691539993
3365291;1;4;2;2;19; ;2; ; ;1;2; ; ;1; ;12;1166,14691539993
3365291;1;5;2;2;19; ;3;19; ;1;2; ; ;1; ;12;1166,14691539993
3365291;1;6;2;2;66; ;3;19; ;1;2; ; ;1; ;12;1166,14691539993
3365291;1;7;2;2;19; ;3;19; ;1;2; ; ;1; ;12;1166,14691539993
3365292;1;1;2;2;63; ;2; ; ;1;2; ; ;1; ;12;981,673447640241
3365292;1;2;2;2;63; ;2; ; ;1;2; ; ;1; ;12;981,673447640241
3365292;1;3;1; ; ; ; ; ; ; ; ; ; ; ; ;12;981,673447640241
3365293;1;1;2;2;19; ;2; ; ;1;2; ; ;1; ;12;718,336617477564
3365293;1;2;2;2;63; ;2; ; ;1;2; ; ;1; ;12;718,336617477564
3365296;1;1;2;2;05; ;2; ; ;1;2; ; ;1; ;12;1121,94567249584
3365296;1;2;1; ; ; ; ; ; ; ; ; ; ; ; ;12;1121,94567249584
3365299;1;1;2;2;76; ;2; ; ;1;2; ; ;1; ;12;1141,52645499817
3365304;1;1;1; ; ; ; ; ; ; ; ; ; ; ; ;12;1076,97839408864
3365304;1;2;1; ; ; ; ; ; ; ; ; ; ; ; ;12;1076,97839408864
3365306;1;1;1; ; ; ; ; ; ; ; ; ; ; ; ;12;1204,47144924428
3365306;1;2;1; ; ; ; ; ; ; ; ; ; ; ; ;12;1204,47144924428
3365306;1;3;1; ; ; ; ; ; ; ; ; ; ; ; ;12;1204,47144924428
3365306;1;4;2;2;76; ;2; ; ;1;2; ; ;1; ;12;1204,47144924428
3365307;1;1;2;2;76; ;2; ; ;1;2; ; ;1; ;12;1458,4137024018
3365307;1;2;1; ; ; ; ; ; ; ; ; ; ; ; ;12;1458,4137024018
3365307;1;3;1; ; ; ; ; ; ; ; ; ; ; ; ;12;1458,4137024018
3365307;1;4;1; ; ; ; ; ; ; ; ; ; ; ; ;12;1458,4137024018
3365307;1;5;1; ; ; ; ; ; ; ; ; ; ; ; ;12;1458,4137024018
3365314;1;1;1; ; ; ; ; ; ; ; ; ; ; ; ;12;1224,05223174661
3365314;1;2;1; ; ; ; ; ; ; ; ; ; ; ; ;12;1224,05223174661
3365314;1;3;1; ; ; ; ; ; ; ; ; ; ; ; ;12;1224,05223174661
3365315;1;1;2;2;19; ;2; ; ;1;2; ; ;1; ;12;545,995417820861
3365315;1;2;2;2;18; ;2; ; ;1;2; ; ;1; ;12;545,995417820861
3365315;1;3;2;2;19; ;2; ; ;1;2; ; ;1; ;12;545,995417820861
3365315;1;4;1; ; ; ; ; ; ; ; ; ; ; ; ;12;545,995417820861
3365315;1;5;2;2;19; ;3;86; ;1;3;86; ;1; ;12;545,995417820861
3365320;1;1;2;2;17; ;2; ; ;1;2; ; ;1; ;12;1228,12264642101
3365320;1;2;1; ; ; ; ; ; ; ; ; ; ; ; ;12;1228,12264642101
3365320;1;3;1; ; ; ; ; ; ; ; ; ; ; ; ;12;1228,12264642101
3365320;1;4;1; ; ; ; ; ; ; ; ; ; ; ; ;12;1228,12264642101
3365320;1;5;2;1; ; ;2; ; ;1;4; ;2; ;2;12;1228,12264642101
3365320;1;6;2;3; ;2;1; ; ; ;4; ;2; ;4;12;1228,12264642101
3365320;1;7;1; ; ; ; ; ; ; ; ; ; ; ; ;12;1228,12264642101
3365320;1;8;1; ; ; ; ; ; ; ; ; ; ; ; ;12;1228,12264642101
3365320;1;9;2;1; ; ;3;11; ;1;2; ; ;1; ;12;1228,12264642101
3365323;1;1;1; ; ; ; ; ; ; ; ; ; ; ; ;12;1103,81485024245
3365324;1;1;1; ; ; ; ; ; ; ; ; ; ; ; ;12;1042,46956149922
3365324;1;2;1; ; ; ; ; ; ; ; ; ; ; ; ;12;1042,46956149922
3365324;1;3;1; ; ; ; ; ; ; ; ; ; ; ; ;12;1042,46956149922
3365324;1;4;1; ; ; ; ; ; ; ; ; ; ; ; ;12;1042,46956149922
3365326;1;1;2;2;27; ;2; ; ;1;2; ; ;1; ;12;1084,23406774012
3365326;1;2;2;2;27; ;2; ; ;1;2; ; ;1; ;12;1084,23406774012
3365327;1;1;1; ; ; ; ; ; ; ; ; ; ; ; ;12;922,962459964006
3365327;1;2;2;2;76; ;2; ; ;1;2; ; ;1; ;12;922,962459964006
3365327;1;3;1; ; ; ; ; ; ; ; ; ; ; ; ;12;922,962459964006
3365328;1;1;2;2;76; ;3;76; ;1;2; ; ;1; ;12;1224,05223174661
3365328;1;2;2;2;19; ;3;76; ;1;2; ; ;1; ;12;1224,05223174661
3365328;1;3;2;2;19; ;3;76; ;1;2; ; ;1; ;12;1224,05223174661
3365329;1;1;2;2;76; ;2; ; ;1;2; ; ;1; ;12;1141,52645499817
3365330;1;1;2;2;52; ;2; ; ;1;2; ; ;1; ;12;1175,48611270334
3365330;1;2;2;2;76; ;2; ; ;1;2; ; ;1; ;12;1175,48611270334
3365330;1;3;1; ; ; ; ; ; ; ; ; ; ; ; ;12;1175,48611270334
3365331;1;1;1; ; ; ; ; ; ; ; ; ; ; ; ;12;1151,89376558003
3365331;1;2;1; ; ; ; ; ; ; ; ; ; ; ; ;12;1151,89376558003
3365331;1;3;1; ; ; ; ; ; ; ; ; ; ; ; ;12;1151,89376558003
3365331;1;4;1; ; ; ; ; ; ; ; ; ; ; ; ;12;1151,89376558003
3365331;1;5;1; ; ; ; ; ; ; ; ; ; ; ; ;12;1151,89376558003
3365332;1;1;2;2;63; ;3;18; ;2;2; ; ;1; ;12;1424,45404469663
3365332;1;2;2;2;63; ;3;63; ;1;2; ; ;1; ;12;1424,45404469663
3365332;1;3;1; ; ; ; ; ; ; ; ; ; ; ; ;12;1424,45404469663
3365333;1;1;2;2;63; ;2; ; ;1;2; ; ;1; ;12;942,543242466333
3365333;1;2;1; ; ; ; ; ; ; ; ; ; ; ; ;12;942,543242466333
3365334;1;1;2;2;76; ;2; ; ;1;2; ; ;1; ;12;885,250855208292
3365334;1;2;2;2;76; ;2; ; ;1;2; ; ;1; ;12;885,250855208292
3365334;1;3;1; ; ; ; ; ; ; ; ; ; ; ; ;12;885,250855208292
3365336;1;1;1; ; ; ; ; ; ; ; ; ; ; ; ;12;824,454741349311
3365336;1;2;2;2;76; ;2; ; ;1;2; ; ;1; ;12;824,454741349311
3365338;1;1;1; ; ; ; ; ; ; ; ; ; ; ; ;12;1175,48611270334
3365338;1;2;1; ; ; ; ; ; ; ; ; ; ; ; ;12;1175,48611270334
3365338;1;3;1; ; ; ; ; ; ; ; ; ; ; ; ;12;1175,48611270334
3365339;1;1;2;2;76; ;2; ; ;1;2; ; ;1; ;12;1121,94567249584
3365339;1;2;1; ; ; ; ; ; ; ; ; ; ; ; ;12;1121,94567249584
3365340;1;1;2;2;05; ;2; ; ;1;2; ; ;1; ;12;676,57211123666
3365340;1;2;2;2;76; ;2; ; ;1;2; ; ;1; ;12;676,57211123666
3365340;1;3;1; ; ; ; ; ; ; ; ; ; ; ; ;12;676,57211123666
3365340;1;4;1; ; ; ; ; ; ; ; ; ; ; ; ;12;676,57211123666
3365341;1;1;2;2;70; ;2; ; ;1;2; ; ;1; ;12;124,721418512266
3365341;1;2;1; ; ; ; ; ; ; ; ; ; ; ; ;12;124,721418512266
3365341;1;3;2;2;70; ;2; ; ;1;2; ; ;1; ;12;124,721418512266
3365342;1;1;1; ; ; ; ; ; ; ; ; ; ; ; ;12;89,5523349365302
3365342;1;2;1; ; ; ; ; ; ; ; ; ; ; ; ;12;89,5523349365302
3365342;1;3;1; ; ; ; ; ; ; ; ; ; ; ; ;12;89,5523349365302
3365342;1;4;1; ; ; ; ; ; ; ; ; ; ; ; ;12;89,5523349365302
3365342;1;5;1; ; ; ; ; ; ; ; ; ; ; ; ;12;89,5523349365302
3365342;1;6;1; ; ; ; ; ; ; ; ; ; ; ; ;12;89,5523349365302
3365343;1;1;2;2;70; ;2; ; ;1;2; ; ;1; ;12;88,817002860439
3365343;1;2;2;2;23; ;2; ; ;1;2; ; ;1; ;12;88,817002860439
3365343;1;3;2;1; ; ;3;08; ;1;2; ; ;1; ;12;88,817002860439
3365343;1;4;1; ; ; ; ; ; ; ; ; ; ; ; ;12;88,817002860439
3365344;1;1;2;2;13; ;2; ; ;1;2; ; ;1; ;12;99,0773346913537
3365344;1;2;2;2;20; ;2; ; ;1;2; ; ;1; ;12;99,0773346913537
3365344;1;3;1; ; ; ; ; ; ; ; ; ; ; ; ;12;99,0773346913537
3365345;1;1;2;2;70; ;2; ; ;1;2; ; ;1; ;12;79,2920031056154
3365345;1;2;1; ; ; ; ; ; ; ; ; ; ; ; ;12;79,2920031056154
3365345;1;3;1; ; ; ; ; ; ; ; ; ; ; ; ;12;79,2920031056154
3365345;1;4;1; ; ; ; ; ; ; ; ; ; ; ; ;12;79,2920031056154
3365345;1;5;1; ; ; ; ; ; ; ; ; ; ; ; ;12;79,2920031056154
3365345;1;6;1; ; ; ; ; ; ; ; ; ; ; ; ;12;79,2920031056154
3365345;1;7;1; ; ; ; ; ; ; ; ; ; ; ; ;12;79,2920031056154
3365346;1;1;1; ; ; ; ; ; ; ; ; ; ; ; ;12;78,3585078958956
3365346;1;2;2;2;70; ;2; ; ;1;2; ; ;1; ;12;78,3585078958956
3365347;1;1;2;2;13; ;3;13; ;1;2; ; ;1; ;12;99,0773346913537
3365347;1;2;2;2;13; ;2; ; ;1;2; ; ;1; ;12;99,0773346913537
3365347;1;3;2;2;13; ;3;13; ;1;2; ; ;1; ;12;99,0773346913537
3365348;1;1;2;2;13; ;3;95; ;1;2; ; ;1; ;12;107,366626357875
3365348;1;2;2;2;52; ;3;11; ;1;2; ; ;1; ;12;107,366626357875
3365348;1;3;2;2;11; ;3;11; ;1;2; ; ;1; ;12;107,366626357875
3365348;1;4;2;2;13; ;2; ; ;1;2; ; ;1; ;12;107,366626357875
3365349;1;1;1; ; ; ; ; ; ; ; ; ; ; ; ;12;111,36421907848
3365349;1;2;1; ; ; ; ; ; ; ; ; ; ; ; ;12;111,36421907848
3365349;1;3;1; ; ; ; ; ; ; ; ; ; ; ; ;12;111,36421907848
3365349;1;4;1; ; ; ; ; ; ; ; ; ; ; ; ;12;111,36421907848
3365350;1;1;1; ; ; ; ; ; ; ; ; ; ; ; ;12;78,8179160063454
3365350;1;2;2;2;13; ;2; ; ;1;2; ; ;1; ;12;78,8179160063454
3365350;1;3;1; ; ; ; ; ; ; ; ; ; ; ; ;12;78,8179160063454
3365350;1;4;1; ; ; ; ; ; ; ; ; ; ; ; ;12;78,8179160063454
3365351;1;1;2;2;70; ;2; ; ;1;2; ; ;1; ;12;80,4114143766986
3365351;1;2;1; ; ; ; ; ; ; ; ; ; ; ; ;12;80,4114143766986
3365351;1;3;1; ; ; ; ; ; ; ; ; ; ; ; ;12;80,4114143766986
3365351;1;4;1; ; ; ; ; ; ; ; ; ; ; ; ;12;80,4114143766986
3365351;1;5;1; ; ; ; ; ; ; ; ; ; ; ; ;12;80,4114143766986
3365352;1;1;1; ; ; ; ; ; ; ; ; ; ; ; ;12;73,0234330904352
3365352;1;2;1; ; ; ; ; ; ; ; ; ; ; ; ;12;73,0234330904352
3365353;1;1;1; ; ; ; ; ; ; ; ; ; ; ; ;12;89,9486163598702
3365353;1;2;1; ; ; ; ; ; ; ; ; ; ; ; ;12;89,9486163598702
3365354;1;1;2;2;70; ;2; ; ;1;2; ; ;1; ;12;73,5094012751699
3365354;1;2;1; ; ; ; ; ; ; ; ; ; ; ; ;12;73,5094012751699
3365354;1;3;1; ; ; ; ; ; ; ; ; ; ; ; ;12;73,5094012751699
3365354;1;4;1; ; ; ; ; ; ; ; ; ; ; ; ;12;73,5094012751699
3365355;1;1;1; ; ; ; ; ; ; ; ; ; ; ; ;12;122,302966316078
3365355;1;2;1; ; ; ; ; ; ; ; ; ; ; ; ;12;122,302966316078
3365355;1;3;1; ; ; ; ; ; ; ; ; ; ; ; ;12;122,302966316078
3365355;1;4;1; ; ; ; ; ; ; ; ; ; ; ; ;12;122,302966316078
3365356;1;1;1; ; ; ; ; ; ; ; ; ; ; ; ;12;110,686297777818
3365356;1;2;1; ; ; ; ; ; ; ; ; ; ; ; ;12;110,686297777818
3365356;1;3;1; ; ; ; ; ; ; ; ; ; ; ; ;12;110,686297777818
3365356;1;4;1; ; ; ; ; ; ; ; ; ; ; ; ;12;110,686297777818
3365357;1;1;2;2;23; ;2; ; ;1;2; ; ;1; ;12;60,331510352523
3365357;1;2;2;2;70; ;2; ; ;1;2; ; ;1; ;12;60,331510352523
3365357;1;3;1; ; ; ; ; ; ; ; ; ; ; ; ;12;60,331510352523
3365357;1;4;1; ; ; ; ; ; ; ; ; ; ; ; ;12;60,331510352523
3365357;1;5;1; ; ; ; ; ; ; ; ; ; ; ; ;12;60,331510352523
3365357;1;6;1; ; ; ; ; ; ; ; ; ; ; ; ;12;60,331510352523
3365357;1;7;1; ; ; ; ; ; ; ; ; ; ; ; ;12;60,331510352523
3365358;1;1;1; ; ; ; ; ; ; ; ; ; ; ; ;12;63,888549585168
3365358;1;2;1; ; ; ; ; ; ; ; ; ; ; ; ;12;63,888549585168
3365358;1;3;1; ; ; ; ; ; ; ; ; ; ; ; ;12;63,888549585168
3365358;1;4;1; ; ; ; ; ; ; ; ; ; ; ; ;12;63,888549585168
3365358;1;5;1; ; ; ; ; ; ; ; ; ; ; ; ;12;63,888549585168
3365358;1;6;2;2;70; ;2; ; ;1;2; ; ;1; ;12;63,888549585168
3365359;1;1;1; ; ; ; ; ; ; ; ; ; ; ; ;12;115,208299842907
3365359;1;2;1; ; ; ; ; ; ; ; ; ; ; ; ;12;115,208299842907
3365359;1;3;1; ; ; ; ; ; ; ; ; ; ; ; ;12;115,208299842907
3365359;1;4;1; ; ; ; ; ; ; ; ; ; ; ; ;12;115,208299842907
3365359;2;1;2;1; ; ;3;23; ;1;2; ; ;1; ;12;115,208299842907
3365360;1;1;1; ; ; ; ; ; ; ; ; ; ; ; ;12;116,463068703393
3365361;1;1;2;2;70; ;2; ; ;1;2; ; ;1; ;12;89,9486163598702
3365361;1;2;2;2;70; ;2; ; ;1;2; ; ;1; ;12;89,9486163598702
3365363;1;1;2;2;70; ;2; ; ;1;2; ; ;1; ;12;116,71814850643
3365363;1;2;1; ; ; ; ; ; ; ; ; ; ; ; ;12;116,71814850643
3365363;1;3;1; ; ; ; ; ; ; ; ; ; ; ; ;12;116,71814850643
3365363;1;4;1; ; ; ; ; ; ; ; ; ; ; ; ;12;116,71814850643
3365363;1;5;1; ; ; ; ; ; ; ; ; ; ; ; ;12;116,71814850643
3365364;1;1;1; ; ; ; ; ; ; ; ; ; ; ; ;12;104,26955260531
3365364;1;2;2;2;70; ;2; ; ;1;2; ; ;1; ;12;104,26955260531
3365364;1;3;2;2;70; ;2; ; ;1;2; ; ;1; ;12;104,26955260531
3365364;1;4;2;2;13; ;2; ; ;1;2; ; ;1; ;12;104,26955260531
3365364;1;5;1; ; ; ; ; ; ; ; ; ; ; ; ;12;104,26955260531
3365365;1;1;2;2;13; ;2; ; ;1;2; ; ;1; ;12;88,0041362697619
3365365;1;2;2;2;13; ;2; ; ;1;2; ; ;1; ;12;88,0041362697619
3365365;1;3;1; ; ; ; ; ; ; ; ; ; ; ; ;12;88,0041362697619
3365365;1;4;1; ; ; ; ; ; ; ; ; ; ; ; ;12;88,0041362697619
3365366;1;1;1; ; ; ; ; ; ; ; ; ; ; ; ;12;77,4881393732855
3365366;1;2;2;2;05; ;2; ; ;1;2; ; ;1; ;12;77,4881393732855
3365366;1;3;1; ; ; ; ; ; ; ; ; ; ; ; ;12;77,4881393732855
3365367;1;1;1; ; ; ; ; ; ; ; ; ; ; ; ;12;69,2543600985827
3365367;1;2;1; ; ; ; ; ; ; ; ; ; ; ; ;12;69,2543600985827
3365367;1;3;1; ; ; ; ; ; ; ; ; ; ; ; ;12;69,2543600985827
3365367;1;4;1; ; ; ; ; ; ; ; ; ; ; ; ;12;69,2543600985827
3365367;1;5;1; ; ; ; ; ; ; ; ; ; ; ; ;12;69,2543600985827
3365367;1;6;1; ; ; ; ; ; ; ; ; ; ; ; ;12;69,2543600985827
3365368;1;1;1; ; ; ; ; ; ; ; ; ; ; ; ;12;84,8686213574474
3365368;1;2;1; ; ; ; ; ; ; ; ; ; ; ; ;12;84,8686213574474
3365368;1;3;1; ; ; ; ; ; ; ; ; ; ; ; ;12;84,8686213574474
3365368;1;4;1; ; ; ; ; ; ; ; ; ; ; ; ;12;84,8686213574474
3365368;1;5;1; ; ; ; ; ; ; ; ; ; ; ; ;12;84,8686213574474
3365368;1;6;1; ; ; ; ; ; ; ; ; ; ; ; ;12;84,8686213574474
3365369;1;1;1; ; ; ; ; ; ; ; ; ; ; ; ;12;67,9057288430332
3365369;1;2;1; ; ; ; ; ; ; ; ; ; ; ; ;12;67,9057288430332
3365369;1;3;1; ; ; ; ; ; ; ; ; ; ; ; ;12;67,9057288430332
3365369;1;4;1; ; ; ; ; ; ; ; ; ; ; ; ;12;67,9057288430332
3365370;1;1;1; ; ; ; ; ; ; ; ; ; ; ; ;12;92,0280829149581
3365370;1;2;1; ; ; ; ; ; ; ; ; ; ; ; ;12;92,0280829149581
3365370;1;3;2;2;05; ;2; ; ;1;2; ; ;1; ;12;92,0280829149581
3365370;1;4;1; ; ; ; ; ; ; ; ; ; ; ; ;12;92,0280829149581
3365370;1;5;2;2;23; ;2; ; ;1;2; ; ;1; ;12;92,0280829149581
3365371;1;1;1; ; ; ; ; ; ; ; ; ; ; ; ;12;77,4881393732855
3365371;1;2;2;2;70; ;2; ; ;1;2; ; ;1; ;12;77,4881393732855
3365371;1;3;2;2;05; ;2; ; ;1;2; ; ;1; ;12;77,4881393732855
3365372;1;1;2;2;70; ;2; ; ;1;2; ; ;1; ;12;105,844896608888
3365372;1;2;1; ; ; ; ; ; ; ; ; ; ; ; ;12;105,844896608888
3365372;1;3;1; ; ; ; ; ; ; ; ; ; ; ; ;12;105,844896608888
3365372;1;4;1; ; ; ; ; ; ; ; ; ; ; ; ;12;105,844896608888
3365372;1;5;2;2;70; ;2; ; ;1;2; ; ;1; ;12;105,844896608888
3365373;1;1;2;2;70; ;2; ; ;1;2; ; ;1; ;12;82,4133963987399
3365373;1;2;2;2;23; ;2; ; ;1;2; ; ;1; ;12;82,4133963987399
3365374;1;1;2;2;70; ;2; ; ;1;2; ; ;1; ;12;79,6882845289554
3365374;1;2;1; ; ; ; ; ; ; ; ; ; ; ; ;12;79,6882845289554
3365374;1;3;1; ; ; ; ; ; ; ; ; ; ; ; ;12;79,6882845289554
3365375;1;1;1; ; ; ; ; ; ; ; ; ; ; ; ;12;109,842489329493
3365375;1;2;1; ; ; ; ; ; ; ; ; ; ; ; ;12;109,842489329493
3365375;1;3;1; ; ; ; ; ; ; ; ; ; ; ; ;12;109,842489329493
3365375;1;4;1; ; ; ; ; ; ; ; ; ; ; ; ;12;109,842489329493
3365375;1;5;1; ; ; ; ; ; ; ; ; ; ; ; ;12;109,842489329493
3365376;1;1;1; ; ; ; ; ; ; ; ; ; ; ; ;12;105,332368349868
3365376;1;2;1; ; ; ; ; ; ; ; ; ; ; ; ;12;105,332368349868
3365376;1;3;1; ; ; ; ; ; ; ; ; ; ; ; ;12;105,332368349868
3365377;1;1;2;2;05; ;2; ; ;1;2; ; ;1; ;12;96,2302100926694
3365377;1;2;1; ; ; ; ; ; ; ; ; ; ; ; ;12;96,2302100926694
3365378;1;1;1; ; ; ; ; ; ; ; ; ; ; ; ;12;100,227802813275
3365378;1;2;1; ; ; ; ; ; ; ; ; ; ; ; ;12;100,227802813275
3365379;1;1;1; ; ; ; ; ; ; ; ; ; ; ; ;12;75,7090523248201
3365379;1;2;1; ; ; ; ; ; ; ; ; ; ; ; ;12;75,7090523248201
3365379;1;3;1; ; ; ; ; ; ; ; ; ; ; ; ;12;75,7090523248201
3365380;1;1;1; ; ; ; ; ; ; ; ; ; ; ; ;12;117,396563913113
3365380;1;2;2;2;70; ;2; ; ;1;2; ; ;1; ;12;117,396563913113
3365380;1;3;2;2;70; ;2; ; ;1;2; ; ;1; ;12;117,396563913113
3365380;1;4;1; ; ; ; ; ; ; ; ; ; ; ; ;12;117,396563913113
3365380;1;5;1; ; ; ; ; ; ; ; ; ; ; ; ;12;117,396563913113
3365380;1;6;1; ; ; ; ; ; ; ; ; ; ; ; ;12;117,396563913113
3365381;1;1;1; ; ; ; ; ; ; ; ; ; ; ; ;12;103,330386327827
3365381;2;1;2;2;23; ;2; ; ;1;2; ; ;1; ;12;103,330386327827
3365381;2;2;1; ; ; ; ; ; ; ; ; ; ; ; ;12;103,330386327827
3365381;3;1;2;2;23; ;2; ; ;1;2; ; ;1; ;12;103,330386327827
3365381;4;1;1; ; ; ; ; ; ; ; ; ; ; ; ;12;103,330386327827
3365381;4;2;1; ; ; ; ; ; ; ; ; ; ; ; ;12;103,330386327827
3365382;1;1;2;2;08; ;2; ; ;1;2; ; ;1; ;12;97,1062945269605
3365382;1;2;1; ; ; ; ; ; ; ; ; ; ; ; ;12;97,1062945269605
3365382;1;3;1; ; ; ; ; ; ; ; ; ; ; ; ;12;97,1062945269605
3365382;1;4;1; ; ; ; ; ; ; ; ; ; ; ; ;12;97,1062945269605
3365382;1;5;1; ; ; ; ; ; ; ; ; ; ; ; ;12;97,1062945269605
3365383;1;1;2;2;70; ;2; ; ;1;2; ; ;1; ;12;96,4278791202782
3365383;1;2;1; ; ; ; ; ; ; ; ; ; ; ; ;12;96,4278791202782
3365383;1;3;1; ; ; ; ; ; ; ; ; ; ; ; ;12;96,4278791202782
3365383;1;4;1; ; ; ; ; ; ; ; ; ; ; ; ;12;96,4278791202782
3365384;1;1;2;2;70; ;2; ; ;1;2; ; ;1; ;12;96,2302100926694
3365384;1;2;1; ; ; ; ; ; ; ; ; ; ; ; ;12;96,2302100926694
3365385;1;1;1; ; ; ; ; ; ; ; ; ; ; ; ;12;80,1742527136901
3365385;1;2;1; ; ; ; ; ; ; ; ; ; ; ; ;12;80,1742527136901
3365385;1;3;1; ; ; ; ; ; ; ; ; ; ; ; ;12;80,1742527136901
3365385;1;4;1; ; ; ; ; ; ; ; ; ; ; ; ;12;80,1742527136901
3365385;1;5;1; ; ; ; ; ; ; ; ; ; ; ; ;12;80,1742527136901
3365386;1;1;1; ; ; ; ; ; ; ; ; ; ; ; ;12;105,332368349868
3365386;1;2;1; ; ; ; ; ; ; ; ; ; ; ; ;12;105,332368349868
3365386;1;3;1; ; ; ; ; ; ; ; ; ; ; ; ;12;105,332368349868
3365387;1;1;2;1; ; ;1; ; ; ;3;11; ;1; ;12;62,5764849424434
3365387;1;2;1; ; ; ; ; ; ; ; ; ; ; ; ;12;62,5764849424434
3365387;1;3;1; ; ; ; ; ; ; ; ; ; ; ; ;12;62,5764849424434
3365387;1;4;1; ; ; ; ; ; ; ; ; ; ; ; ;12;62,5764849424434
3365387;1;5;2;2;23; ;2; ; ;1;2; ; ;1; ;12;62,5764849424434
3365387;1;6;2;2;70; ;2; ; ;1;2; ; ;1; ;12;62,5764849424434
3365387;1;7;2;1; ; ;2; ; ;1;2; ; ;1; ;12;62,5764849424434
3365387;1;8;1; ; ; ; ; ; ; ; ; ; ; ; ;12;62,5764849424434
3365387;1;9;1; ; ; ; ; ; ; ; ; ; ; ; ;12;62,5764849424434
3365387;1;10;1; ; ; ; ; ; ; ; ; ; ; ; ;12;62,5764849424434
3365388;1;1;2;2;20; ;2; ; ;1;2; ; ;1; ;12;86,3985506642502
3365388;1;2;2;2;23; ;2; ; ;1;2; ; ;1; ;12;86,3985506642502
3365388;1;3;1; ; ; ; ; ; ; ; ; ; ; ; ;12;86,3985506642502
3365388;1;4;1; ; ; ; ; ; ; ; ; ; ; ; ;12;86,3985506642502
3365388;1;5;1; ; ; ; ; ; ; ; ; ; ; ; ;12;86,3985506642502
3365389;1;1;2;1; ; ;2; ; ;1;2; ; ;1; ;12;114,07689249317
3365389;1;2;2;2;70; ;2; ; ;1;2; ; ;1; ;12;114,07689249317
3365389;1;3;2;2;70; ;2; ; ;1;2; ; ;1; ;12;114,07689249317
3365389;1;4;1; ; ; ; ; ; ; ; ; ; ; ; ;12;114,07689249317
3365389;1;5;1; ; ; ; ; ; ; ; ; ; ; ; ;12;114,07689249317
3365389;1;6;1; ; ; ; ; ; ; ; ; ; ; ; ;12;114,07689249317
3365390;1;1;2;2;23; ;2; ; ;1;2; ; ;1; ;12;96,2302100926694
3365390;1;2;1; ; ; ; ; ; ; ; ; ; ; ; ;12;96,2302100926694
3365391;1;1;2;2;70; ;2; ; ;1;2; ; ;1; ;12;94,8738733853247
3365392;1;1;2;2;23; ;2; ; ;1;2; ; ;1; ;12;70,1247286211927
3365392;1;2;1; ; ; ; ; ; ; ; ; ; ; ; ;12;70,1247286211927
3365392;1;3;1; ; ; ; ; ; ; ; ; ; ; ; ;12;70,1247286211927
3365392;1;4;1; ; ; ; ; ; ; ; ; ; ; ; ;12;70,1247286211927
3365392;1;5;1; ; ; ; ; ; ; ; ; ; ; ; ;12;70,1247286211927
3365393;1;1;2;2;08; ;2; ; ;1;2; ; ;1; ;12;47,8721209539674
3365393;1;2;1; ; ; ; ; ; ; ; ; ; ; ; ;12;47,8721209539674
3365393;1;3;1; ; ; ; ; ; ; ; ; ; ; ; ;12;47,8721209539674
3365393;1;4;1; ; ; ; ; ; ; ; ; ; ; ; ;12;47,8721209539674
3365393;1;5;2;1; ; ;2; ; ;1;2; ; ;1; ;12;47,8721209539674
3365393;1;6;1; ; ; ; ; ; ; ; ; ; ; ; ;12;47,8721209539674
3365394;1;1;2;2;23; ;2; ; ;1;2; ; ;1; ;12;96,6203263422258
3365394;1;2;2;1; ; ;2; ; ;1;2; ; ;1; ;12;96,6203263422258
3365394;1;3;1; ; ; ; ; ; ; ; ; ; ; ; ;12;96,6203263422258
3365395;1;1;2;2;13; ;2; ; ;1;2; ; ;1; ;12;137,719109285231
3365395;1;2;1; ; ; ; ; ; ; ; ; ; ; ; ;12;137,719109285231
3365395;1;3;2;1; ; ;2; ; ;1;2; ; ;1; ;12;137,719109285231
3365395;1;4;1; ; ; ; ; ; ; ; ; ; ; ; ;12;137,719109285231
3365395;1;5;1; ; ; ; ; ; ; ; ; ; ; ; ;12;137,719109285231
3365395;1;6;1; ; ; ; ; ; ; ; ; ; ; ; ;12;137,719109285231
3365395;1;7;2;1; ; ;2; ; ;1;2; ; ;1; ;12;137,719109285231
3365395;1;8;2;2;23; ;3;23; ;1;2; ; ;1; ;12;137,719109285231
3365395;1;9;1; ; ; ; ; ; ; ; ; ; ; ; ;12;137,719109285231
3365395;1;10;2;2;70; ;2; ; ;1;2; ; ;1; ;12;137,719109285231
3365395;1;11;1; ; ; ; ; ; ; ; ; ; ; ; ;12;137,719109285231
3365397;1;1;2;2;70; ;3;23; ;1;2; ; ;1; ;12;95,7499578196157
3365397;1;2;2;2;23; ;3;23; ;1;2; ; ;1; ;12;95,7499578196157
3365397;1;3;2;2;23; ;3;23; ;1;2; ; ;1; ;12;95,7499578196157
3365397;1;4;2;2;23; ;3;23; ;1;2; ; ;1; ;12;95,7499578196157
3365398;1;1;2;2;70; ;2; ; ;1;2; ; ;1; ;12;96,4278791202782
3365398;1;2;2;1; ; ;2; ; ;1;2; ; ;1; ;12;96,4278791202782
3365398;1;3;1; ; ; ; ; ; ; ; ; ; ; ; ;12;96,4278791202782
3365398;1;4;1; ; ; ; ; ; ; ; ; ; ; ; ;12;96,4278791202782
3365399;1;1;2;2;70; ;2; ; ;1;2; ; ;1; ;12;74,5513728571237
3365399;1;2;1; ; ; ; ; ; ; ; ; ; ; ; ;12;74,5513728571237
3365399;1;3;1; ; ; ; ; ; ; ; ; ; ; ; ;12;74,5513728571237
3365399;1;4;1; ; ; ; ; ; ; ; ; ; ; ; ;12;74,5513728571237
3365399;1;5;1; ; ; ; ; ; ; ; ; ; ; ; ;12;74,5513728571237
3365399;1;6;1; ; ; ; ; ; ; ; ; ; ; ; ;12;74,5513728571237
3365400;1;1;2;2;13; ;2; ; ;1;2; ; ;1; ;12;116,463068703393
3365401;1;1;2;2;05; ;3;05; ;1;2; ; ;1; ;12;78,3585078958956
3365401;1;2;2;2;05; ;2; ; ;1;2; ; ;1; ;12;78,3585078958956
3365402;1;1;2;1; ; ;2; ; ;1;2; ; ;1; ;12;107,335684500227
3365402;1;2;2;2;70; ;2; ; ;1;2; ; ;1; ;12;107,335684500227
3365402;1;3;2;1; ; ;2; ; ;1;2; ; ;1; ;12;107,335684500227
3365402;1;4;1; ; ; ; ; ; ; ; ; ; ; ; ;12;107,335684500227
3365402;1;5;2;2;70; ;2; ; ;1;2; ; ;1; ;12;107,335684500227
3365403;1;1;2;1; ; ;2; ; ;1;2; ; ;1; ;12;99,582157498578
3365403;1;2;1; ; ; ; ; ; ; ; ; ; ; ; ;12;99,582157498578
3365403;1;3;1; ; ; ; ; ; ; ; ; ; ; ; ;12;99,582157498578
3365403;1;4;1; ; ; ; ; ; ; ; ; ; ; ; ;12;99,582157498578
3365403;1;5;1; ; ; ; ; ; ; ; ; ; ; ; ;12;99,582157498578
3365403;1;6;1; ; ; ; ; ; ; ; ; ; ; ; ;12;99,582157498578
3365404;1;1;2;2;70; ;3;70; ;1;2; ; ;1; ;12;115,592700180783
3365404;1;2;2;2;70; ;3;70; ;1;2; ; ;1; ;12;115,592700180783
3365405;1;1;2;2;47; ;2; ; ;1;2; ; ;1; ;12;97,5538215519456
3365405;1;2;1; ; ; ; ; ; ; ; ; ; ; ; ;12;97,5538215519456
3365405;1;3;1; ; ; ; ; ; ; ; ; ; ; ; ;12;97,5538215519456
3365405;1;4;2;2;23; ;2; ; ;1;2; ; ;1; ;12;97,5538215519456
3365405;1;5;1; ; ; ; ; ; ; ; ; ; ; ; ;12;97,5538215519456
3365405;1;6;1; ; ; ; ; ; ; ; ; ; ; ; ;12;97,5538215519456
3365405;1;7;2;1; ; ;3;70; ;1;2; ; ;1; ;12;97,5538215519456
3365405;1;8;2;2;70; ;3;70; ;1;2; ; ;1; ;12;97,5538215519456
3365406;1;1;2;2;70; ;2; ; ;1;2; ; ;1; ;12;68,3344012455287
3365406;1;2;2;2;70; ;2; ; ;1;2; ; ;1; ;12;68,3344012455287
3365406;1;3;1; ; ; ; ; ; ; ; ; ; ; ; ;12;68,3344012455287
3365406;1;4;1; ; ; ; ; ; ; ; ; ; ; ; ;12;68,3344012455287
3365406;1;5;2;2;70; ;2; ; ;1;2; ; ;1; ;12;68,3344012455287
3365406;1;6;2;1; ; ;3;13; ;1;2; ; ;1; ;12;68,3344012455287
3365407;1;1;1; ; ; ; ; ; ; ; ; ; ; ; ;12;104,245026915057
3365407;1;2;1; ; ; ; ; ; ; ; ; ; ; ; ;12;104,245026915057
3365407;1;3;1; ; ; ; ; ; ; ; ; ; ; ; ;12;104,245026915057
3365407;1;4;2;1; ; ;2; ; ;1;2; ; ;1; ;12;104,245026915057
3365407;1;5;1; ; ; ; ; ; ; ; ; ; ; ; ;12;104,245026915057
3365407;1;6;1; ; ; ; ; ; ; ; ; ; ; ; ;12;104,245026915057
3365407;1;7;2;2;86; ;2; ; ;1;2; ; ;1; ;12;104,245026915057
3365407;1;8;2;2;86; ;2; ; ;1;2; ; ;1; ;12;104,245026915057
3365407;1;9;1; ; ; ; ; ; ; ; ; ; ; ; ;12;104,245026915057
3365407;1;10;1; ; ; ; ; ; ; ; ; ; ; ; ;12;104,245026915057
3365408;1;1;1; ; ; ; ; ; ; ; ; ; ; ; ;12;88,817002860439
3365408;1;2;1; ; ; ; ; ; ; ; ; ; ; ; ;12;88,817002860439
3365408;1;3;1; ; ; ; ; ; ; ; ; ; ; ; ;12;88,817002860439
3365408;1;4;1; ; ; ; ; ; ; ; ; ; ; ; ;12;88,817002860439
3365409;1;1;2;2;70; ;2; ; ;1;2; ; ;1; ;12;106,010289650531
3365409;1;2;1; ; ; ; ; ; ; ; ; ; ; ; ;12;106,010289650531
3365409;1;3;1; ; ; ; ; ; ; ; ; ; ; ; ;12;106,010289650531
3365410;1;1;1; ; ; ; ; ; ; ; ; ; ; ; ;12;95,7499578196157
3365410;1;2;1; ; ; ; ; ; ; ; ; ; ; ; ;12;95,7499578196157
3365410;1;3;1; ; ; ; ; ; ; ; ; ; ; ; ;12;95,7499578196157
3365410;1;4;1; ; ; ; ; ; ; ; ; ; ; ; ;12;95,7499578196157
3365411;1;1;1; ; ; ; ; ; ; ; ; ; ; ; ;12;84,1655652673221
3365411;1;2;2;1; ; ;3;11; ;1;2; ; ;1; ;12;84,1655652673221
3365411;1;3;1; ; ; ; ; ; ; ; ; ; ; ; ;12;84,1655652673221
3365411;1;4;1; ; ; ; ; ; ; ; ; ; ; ; ;12;84,1655652673221
3365411;1;5;1; ; ; ; ; ; ; ; ; ; ; ; ;12;84,1655652673221
3365411;1;6;1; ; ; ; ; ; ; ; ; ; ; ; ;12;84,1655652673221
3365411;1;7;1; ; ; ; ; ; ; ; ; ; ; ; ;12;84,1655652673221
3365411;1;8;1; ; ; ; ; ; ; ; ; ; ; ; ;12;84,1655652673221
3365412;1;1;2;2;44; ;2; ; ;1;2; ; ;1; ;12;124,721418512266
3365412;1;2;1; ; ; ; ; ; ; ; ; ; ; ; ;12;124,721418512266
3365412;1;3;1; ; ; ; ; ; ; ; ; ; ; ; ;12;124,721418512266
3365413;1;1;1; ; ; ; ; ; ; ; ; ; ; ; ;12;90,8189848824803
3365414;1;1;2;2;13; ;3;70; ;1;2; ; ;1; ;12;106,457816675516
3365414;1;2;1; ; ; ; ; ; ; ; ; ; ; ; ;12;106,457816675516
3365414;1;3;2;1; ; ;3;70; ;1;2; ; ;1; ;12;106,457816675516
3365414;1;4;2;1; ; ;3;70; ;1;2; ; ;1; ;12;106,457816675516
3365414;1;5;1; ; ; ; ; ; ; ; ; ; ; ; ;12;106,457816675516
3365414;1;6;2;2;05; ;3;70; ;1;2; ; ;1; ;12;106,457816675516
3365415;1;1;1; ; ; ; ; ; ; ; ; ; ; ; ;12;85,2914628550724
3365415;1;2;1; ; ; ; ; ; ; ; ; ; ; ; ;12;85,2914628550724
3365416;1;1;1; ; ; ; ; ; ; ; ; ; ; ; ;12;127,170927559293
3365416;1;2;1; ; ; ; ; ; ; ; ; ; ; ; ;12;127,170927559293
3365416;1;3;1; ; ; ; ; ; ; ; ; ; ; ; ;12;127,170927559293
3365417;1;1;2;2;25; ;2; ; ;1;2; ; ;1; ;12;90,8189848824803
3365418;1;1;1; ; ; ; ; ; ; ; ; ; ; ; ;12;83,28376492135
3365419;1;1;1; ; ; ; ; ; ; ; ; ; ; ; ;12;158,329394696805
3365419;1;2;1; ; ; ; ; ; ; ; ; ; ; ; ;12;158,329394696805
3365419;1;3;1; ; ; ; ; ; ; ; ; ; ; ; ;12;158,329394696805
3365419;1;4;1; ; ; ; ; ; ; ; ; ; ; ; ;12;158,329394696805
3365419;1;5;1; ; ; ; ; ; ; ; ; ; ; ; ;12;158,329394696805
3365420;1;1;1; ; ; ; ; ; ; ; ; ; ; ; ;12;110,423230105401
3365420;1;2;1; ; ; ; ; ; ; ; ; ; ; ; ;12;110,423230105401
3365420;1;3;1; ; ; ; ; ; ; ; ; ; ; ; ;12;110,423230105401
3365423;1;1;2;2;23; ;2; ; ;1;2; ; ;1; ;12;109,356521144758
3365423;1;2;2;2;13; ;2; ; ;1;2; ; ;1; ;12;109,356521144758
3365423;1;3;1; ; ; ; ; ; ; ; ; ; ; ; ;12;109,356521144758
3365424;1;1;1; ; ; ; ; ; ; ; ; ; ; ; ;12;94,7144024050566
3365424;1;2;1; ; ; ; ; ; ; ; ; ; ; ; ;12;94,7144024050566
3365424;1;3;1; ; ; ; ; ; ; ; ; ; ; ; ;12;94,7144024050566
3365424;1;4;1; ; ; ; ; ; ; ; ; ; ; ; ;12;94,7144024050566
3365424;1;5;1; ; ; ; ; ; ; ; ; ; ; ; ;12;94,7144024050566
3365424;1;6;1; ; ; ; ; ; ; ; ; ; ; ; ;12;94,7144024050566
3365425;1;1;1; ; ; ; ; ; ; ; ; ; ; ; ;12;115,592700180783
3365425;1;2;1; ; ; ; ; ; ; ; ; ; ; ; ;12;115,592700180783
3365426;1;1;1; ; ; ; ; ; ; ; ; ; ; ; ;12;91,3238076897046
3365426;1;2;1; ; ; ; ; ; ; ; ; ; ; ; ;12;91,3238076897046
3365426;1;3;1; ; ; ; ; ; ; ; ; ; ; ; ;12;91,3238076897046
3365426;1;4;1; ; ; ; ; ; ; ; ; ; ; ; ;12;91,3238076897046
3365427;1;1;2;2;23; ;3;23; ;2;2; ; ;1; ;12;101,584139520619
3365427;1;2;2;2;23; ;3;23; ;2;2; ; ;1; ;12;101,584139520619
3365427;1;3;2;2;23; ;1; ; ; ;2; ; ;1; ;12;101,584139520619
3365428;1;1;2;2;13; ;2; ; ;1;2; ; ;1; ;12;108,72296306522
3365428;1;2;1; ; ; ; ; ; ; ; ; ; ; ; ;12;108,72296306522
3365428;1;3;1; ; ; ; ; ; ; ; ; ; ; ; ;12;108,72296306522
3365428;1;4;1; ; ; ; ; ; ; ; ; ; ; ; ;12;108,72296306522
3365428;1;5;1; ; ; ; ; ; ; ; ; ; ; ; ;12;108,72296306522
3365429;1;1;1; ; ; ; ; ; ; ; ; ; ; ; ;12;115,592700180783
3365429;1;2;1; ; ; ; ; ; ; ; ; ; ; ; ;12;115,592700180783
3365430;1;1;2;2;70; ;2; ; ;1;2; ; ;1; ;12;85,2914628550724
3365430;1;2;1; ; ; ; ; ; ; ; ; ; ; ; ;12;85,2914628550724
3365431;1;1;2;2;70; ;2; ; ;1;2; ; ;1; ;12;92,1998921239957
3365431;1;2;1; ; ; ; ; ; ; ; ; ; ; ; ;12;92,1998921239957
3365431;1;3;1; ; ; ; ; ; ; ; ; ; ; ; ;12;92,1998921239957
3365431;1;4;1; ; ; ; ; ; ; ; ; ; ; ; ;12;92,1998921239957
3365431;1;5;1; ; ; ; ; ; ; ; ; ; ; ; ;12;92,1998921239957
3365431;1;6;1; ; ; ; ; ; ; ; ; ; ; ; ;12;92,1998921239957
3365431;1;7;1; ; ; ; ; ; ; ; ; ; ; ; ;12;92,1998921239957
3365432;1;1;2;2;70; ;4; ;3; ;4; ;3; ;4;12;67,9057288430332
3365432;1;2;1; ; ; ; ; ; ; ; ; ; ; ; ;12;67,9057288430332
3365432;1;3;1; ; ; ; ; ; ; ; ; ; ; ; ;12;67,9057288430332
3365432;1;4;1; ; ; ; ; ; ; ; ; ; ; ; ;12;67,9057288430332
3365433;1;1;1; ; ; ; ; ; ; ; ; ; ; ; ;12;63,8754108743595
3365433;1;2;2;2;70; ;2; ; ;1;2; ; ;1; ;12;63,8754108743595
3365433;1;3;2;2;70; ;2; ; ;1;2; ; ;1; ;12;63,8754108743595
3365433;1;4;1; ; ; ; ; ; ; ; ; ; ; ; ;12;63,8754108743595
3365433;1;5;2;2;70; ;2; ; ;1;2; ; ;1; ;12;63,8754108743595
3365433;1;6;1; ; ; ; ; ; ; ; ; ; ; ; ;12;63,8754108743595
3365433;1;7;1; ; ; ; ; ; ; ; ; ; ; ; ;12;63,8754108743595
3365433;1;8;1; ; ; ; ; ; ; ; ; ; ; ; ;12;63,8754108743595
3365433;1;9;1; ; ; ; ; ; ; ; ; ; ; ; ;12;63,8754108743595
3365434;1;1;2;2;70; ;2; ; ;1;2; ; ;1; ;12;74,0541248771745
3365434;1;2;1; ; ; ; ; ; ; ; ; ; ; ; ;12;74,0541248771745
3365434;1;3;1; ; ; ; ; ; ; ; ; ; ; ; ;12;74,0541248771745
3365434;1;4;1; ; ; ; ; ; ; ; ; ; ; ; ;12;74,0541248771745
3365435;1;1;1; ; ; ; ; ; ; ; ; ; ; ; ;12;121,154616743463
3365435;1;2;2;2;13; ;2; ; ;1;2; ; ;1; ;12;121,154616743463
3365435;1;3;1; ; ; ; ; ; ; ; ; ; ; ; ;12;121,154616743463
3365436;1;1;2;2;70; ;2; ; ;1;2; ; ;1; ;12;127,289296626259
3365436;1;2;1; ; ; ; ; ; ; ; ; ; ; ; ;12;127,289296626259
3365436;1;3;1; ; ; ; ; ; ; ; ; ; ; ; ;12;127,289296626259
3365436;1;4;1; ; ; ; ; ; ; ; ; ; ; ; ;12;127,289296626259
3365436;1;5;2;2;70; ;2; ; ;1;2; ; ;1; ;12;127,289296626259
3365436;1;6;1; ; ; ; ; ; ; ; ; ; ; ; ;12;127,289296626259
3365436;1;7;1; ; ; ; ; ; ; ; ; ; ; ; ;12;127,289296626259
3365436;1;8;2;2;23; ;2; ; ;1;2; ; ;1; ;12;127,289296626259
3365437;1;1;1; ; ; ; ; ; ; ; ; ; ; ; ;12;109,911902069063
3365437;1;2;1; ; ; ; ; ; ; ; ; ; ; ; ;12;109,911902069063
3365438;1;1;1; ; ; ; ; ; ; ; ; ; ; ; ;12;133,392169721635
3365438;1;2;1; ; ; ; ; ; ; ; ; ; ; ; ;12;133,392169721635
3365438;1;3;1; ; ; ; ; ; ; ; ; ; ; ; ;12;133,392169721635
3365438;1;4;1; ; ; ; ; ; ; ; ; ; ; ; ;12;133,392169721635
3365438;1;5;2;2;13; ;2; ; ;1;2; ; ;1; ;12;133,392169721635
3365439;1;1;2;2;70; ;2; ; ;1;2; ; ;1; ;12;68,1227465991514
3365439;1;2;1; ; ; ; ; ; ; ; ; ; ; ; ;12;68,1227465991514
3365439;1;3;1; ; ; ; ; ; ; ; ; ; ; ; ;12;68,1227465991514
3365439;1;4;1; ; ; ; ; ; ; ; ; ; ; ; ;12;68,1227465991514
3365439;1;5;1; ; ; ; ; ; ; ; ; ; ; ; ;12;68,1227465991514
3365439;1;6;1; ; ; ; ; ; ; ; ; ; ; ; ;12;68,1227465991514
3365439;1;7;1; ; ; ; ; ; ; ; ; ; ; ; ;12;68,1227465991514
3365439;1;8;1; ; ; ; ; ; ; ; ; ; ; ; ;12;68,1227465991514
3365440;1;1;2;2;70; ;2; ; ;1;2; ; ;1; ;12;127,184142773075
3365440;1;2;2;2;70; ;2; ; ;1;2; ; ;1; ;12;127,184142773075
3365440;1;3;1; ; ; ; ; ; ; ; ; ; ; ; ;12;127,184142773075
3365440;1;4;1; ; ; ; ; ; ; ; ; ; ; ; ;12;127,184142773075
3365440;1;5;2;2;70; ;2; ; ;1;2; ; ;1; ;12;127,184142773075
3365440;1;6;2;2;70; ;3;70; ;1;2; ; ;1; ;12;127,184142773075
3365440;1;7;2;2;70; ;2; ; ;1;2; ; ;1; ;12;127,184142773075
3365441;1;1;1; ; ; ; ; ; ; ; ; ; ; ; ;12;78,3585078958956
3365441;1;2;1; ; ; ; ; ; ; ; ; ; ; ; ;12;78,3585078958956
3365442;1;1;1; ; ; ; ; ; ; ; ; ; ; ; ;12;103,814673719966
3365442;1;2;1; ; ; ; ; ; ; ; ; ; ; ; ;12;103,814673719966
3365443;1;1;1; ; ; ; ; ; ; ; ; ; ; ; ;12;94,8738733853247
3365444;1;1;1; ; ; ; ; ; ; ; ; ; ; ; ;12;92,8718913632833
3365444;1;2;1; ; ; ; ; ; ; ; ; ; ; ; ;12;92,8718913632833
3365444;1;3;1; ; ; ; ; ; ; ; ; ; ; ; ;12;92,8718913632833
3365444;1;4;1; ; ; ; ; ; ; ; ; ; ; ; ;12;92,8718913632833
3365447;1;1;2;2;70; ;2; ; ;1;2; ; ;1; ;12;89,0663667517955
3365447;1;2;2;2;70; ;2; ; ;1;2; ; ;1; ;12;89,0663667517955
3365447;1;3;1; ; ; ; ; ; ; ; ; ; ; ; ;12;89,0663667517955
3365447;1;4;1; ; ; ; ; ; ; ; ; ; ; ; ;12;89,0663667517955
3365448;1;1;1; ; ; ; ; ; ; ; ; ; ; ; ;12;105,658165298621
3365448;1;2;1; ; ; ; ; ; ; ; ; ; ; ; ;12;105,658165298621
3365448;1;3;1; ; ; ; ; ; ; ; ; ; ; ; ;12;105,658165298621
3365448;1;4;1; ; ; ; ; ; ; ; ; ; ; ; ;12;105,658165298621
3365448;1;5;1; ; ; ; ; ; ; ; ; ; ; ; ;12;105,658165298621
3365448;1;6;1; ; ; ; ; ; ; ; ; ; ; ; ;12;105,658165298621
3365448;1;7;1; ; ; ; ; ; ; ; ; ; ; ; ;12;105,658165298621
3365448;1;8;1; ; ; ; ; ; ; ; ; ; ; ; ;12;105,658165298621
3365448;1;9;1; ; ; ; ; ; ; ; ; ; ; ; ;12;105,658165298621
3365448;1;10;1; ; ; ; ; ; ; ; ; ; ; ; ;12;105,658165298621
3365449;1;1;1; ; ; ; ; ; ; ; ; ; ; ; ;12;138,096536086081
3365449;1;2;1; ; ; ; ; ; ; ; ; ; ; ; ;12;138,096536086081
3365449;1;3;1; ; ; ; ; ; ; ; ; ; ; ; ;12;138,096536086081
3365449;1;4;1; ; ; ; ; ; ; ; ; ; ; ; ;12;138,096536086081
3365449;1;5;1; ; ; ; ; ; ; ; ; ; ; ; ;12;138,096536086081
3365449;1;6;1; ; ; ; ; ; ; ; ; ; ; ; ;12;138,096536086081
3365450;1;1;2;2;70; ;2; ; ;1;2; ; ;1; ;12;90,8189848824803
3365451;1;1;1; ; ; ; ; ; ; ; ; ; ; ; ;12;72,6390327525598
3365451;1;2;1; ; ; ; ; ; ; ; ; ; ; ; ;12;72,6390327525598
3365451;1;3;1; ; ; ; ; ; ; ; ; ; ; ; ;12;72,6390327525598
3365451;1;4;1; ; ; ; ; ; ; ; ; ; ; ; ;12;72,6390327525598
3365451;1;5;1; ; ; ; ; ; ; ; ; ; ; ; ;12;72,6390327525598
3365452;1;1;2;2;70; ;2; ; ;1;2; ; ;1; ;12;77,5069939957751
3365452;1;2;1; ; ; ; ; ; ; ; ; ; ; ; ;12;77,5069939957751
3365452;1;3;1; ; ; ; ; ; ; ; ; ; ; ; ;12;77,5069939957751
3365452;1;4;1; ; ; ; ; ; ; ; ; ; ; ; ;12;77,5069939957751
3365453;1;1;1; ; ; ; ; ; ; ; ; ; ; ; ;12;77,4881393732855
3365453;1;2;2;2;70; ;2; ; ;1;2; ; ;1; ;12;77,4881393732855
3365453;1;3;1; ; ; ; ; ; ; ; ; ; ; ; ;12;77,4881393732855
3365454;1;1;1; ; ; ; ; ; ; ; ; ; ; ; ;12;111,36421907848
3365454;1;2;1; ; ; ; ; ; ; ; ; ; ; ; ;12;111,36421907848
3365454;1;3;1; ; ; ; ; ; ; ; ; ; ; ; ;12;111,36421907848
3365454;1;4;1; ; ; ; ; ; ; ; ; ; ; ; ;12;111,36421907848
3365455;1;1;1; ; ; ; ; ; ; ; ; ; ; ; ;12;96,4278791202782
3365455;1;2;2;2;70; ;2; ; ;1;2; ; ;1; ;12;96,4278791202782
3365455;1;3;1; ; ; ; ; ; ; ; ; ; ; ; ;12;96,4278791202782
3365455;1;4;1; ; ; ; ; ; ; ; ; ; ; ; ;12;96,4278791202782
3365456;1;1;2;2;70; ;2; ; ;1;2; ; ;1; ;12;75,9014995467676
3365456;1;2;1; ; ; ; ; ; ; ; ; ; ; ; ;12;75,9014995467676
3365457;1;1;2;2;70; ;2; ; ;1;2; ; ;1; ;12;188,007009725429
3365457;1;2;1; ; ; ; ; ; ; ; ; ; ; ; ;12;188,007009725429
3365458;1;1;2;2;23; ;2; ; ;1;2; ; ;1; ;12;211,163464482449
3365458;1;2;1; ; ; ; ; ; ; ; ; ; ; ; ;12;211,163464482449
3365458;1;3;1; ; ; ; ; ; ; ; ; ; ; ; ;12;211,163464482449
3365459;1;1;1; ; ; ; ; ; ; ; ; ; ; ; ;12;110,52682679755
3365459;1;2;1; ; ; ; ; ; ; ; ; ; ; ; ;12;110,52682679755
3365459;1;3;1; ; ; ; ; ; ; ; ; ; ; ; ;12;110,52682679755
3365459;1;4;1; ; ; ; ; ; ; ; ; ; ; ; ;12;110,52682679755
3365459;1;5;1; ; ; ; ; ; ; ; ; ; ; ; ;12;110,52682679755
3365459;1;6;1; ; ; ; ; ; ; ; ; ; ; ; ;12;110,52682679755
3365459;1;7;1; ; ; ; ; ; ; ; ; ; ; ; ;12;110,52682679755
3365459;1;8;1; ; ; ; ; ; ; ; ; ; ; ; ;12;110,52682679755
3365459;1;9;1; ; ; ; ; ; ; ; ; ; ; ; ;12;110,52682679755
3365460;1;1;1; ; ; ; ; ; ; ; ; ; ; ; ;12;116,463068703393
3365461;1;1;1; ; ; ; ; ; ; ; ; ; ; ; ;12;135,17991347681
3365461;1;2;2;2;70; ;2; ; ;1;2; ; ;1; ;12;135,17991347681
3365461;1;3;1; ; ; ; ; ; ; ; ; ; ; ; ;12;135,17991347681
3365461;1;4;1; ; ; ; ; ; ; ; ; ; ; ; ;12;135,17991347681
3365461;1;5;1; ; ; ; ; ; ; ; ; ; ; ; ;12;135,17991347681
3365462;1;1;2;2;23; ;2; ; ;1;2; ; ;1; ;12;92,8778134246582
3365462;1;2;1; ; ; ; ; ; ; ; ; ; ; ; ;12;92,8778134246582
3365462;1;3;1; ; ; ; ; ; ; ; ; ; ; ; ;12;92,8778134246582
3365462;1;4;1; ; ; ; ; ; ; ; ; ; ; ; ;12;92,8778134246582
3365462;1;5;1; ; ; ; ; ; ; ; ; ; ; ; ;12;92,8778134246582
3365462;1;6;1; ; ; ; ; ; ; ; ; ; ; ; ;12;92,8778134246582
3365462;1;7;1; ; ; ; ; ; ; ; ; ; ; ; ;12;92,8778134246582
3365463;1;1;1; ; ; ; ; ; ; ; ; ; ; ; ;12;116,463068703393
3365464;1;1;2;2;20; ;2; ; ;1;2; ; ;1; ;12;212,405473744956
3365464;1;2;2;2;70; ;2; ; ;1;2; ; ;1; ;12;212,405473744956
3365465;1;1;1; ; ; ; ; ; ; ; ; ; ; ; ;12;189,759178594011
3365465;1;2;1; ; ; ; ; ; ; ; ; ; ; ; ;12;189,759178594011
3365465;1;3;1; ; ; ; ; ; ; ; ; ; ; ; ;12;189,759178594011
3365465;1;4;2;2;23; ;3;23; ;1;2; ; ;1; ;12;189,759178594011
3365465;1;5;2;2;23; ;2; ; ;1;2; ; ;1; ;12;189,759178594011
3365466;1;1;1; ; ; ; ; ; ; ; ; ; ; ; ;12;194,212589053921
3365466;1;2;2;2;70; ;2; ; ;1;2; ; ;1; ;12;194,212589053921
3365466;1;3;1; ; ; ; ; ; ; ; ; ; ; ; ;12;194,212589053921
3365466;1;4;1; ; ; ; ; ; ; ; ; ; ; ; ;12;194,212589053921
3365466;1;5;1; ; ; ; ; ; ; ; ; ; ; ; ;12;194,212589053921
3365467;1;1;1; ; ; ; ; ; ; ; ; ; ; ; ;12;85,9698782617546
3365467;1;2;1; ; ; ; ; ; ; ; ; ; ; ; ;12;85,9698782617546
3365467;1;3;1; ; ; ; ; ; ; ; ; ; ; ; ;12;85,9698782617546
3365468;1;1;1; ; ; ; ; ; ; ; ; ; ; ; ;12;96,6203263422258
3365468;1;2;2;2;23; ;2; ; ;1;2; ; ;1; ;12;96,6203263422258
3365468;1;3;1; ; ; ; ; ; ; ; ; ; ; ; ;12;96,6203263422258
3365472;1;1;2;2;70; ;2; ; ;1;2; ; ;1; ;12;145,0174038101
3365472;1;2;1; ; ; ; ; ; ; ; ; ; ; ; ;12;145,0174038101
3365472;1;3;1; ; ; ; ; ; ; ; ; ; ; ; ;12;145,0174038101
3365472;1;4;1; ; ; ; ; ; ; ; ; ; ; ; ;12;145,0174038101
3365472;1;5;1; ; ; ; ; ; ; ; ; ; ; ; ;12;145,0174038101
3365472;1;6;1; ; ; ; ; ; ; ; ; ; ; ; ;12;145,0174038101
3365472;1;7;1; ; ; ; ; ; ; ; ; ; ; ; ;12;145,0174038101
3365472;1;8;1; ; ; ; ; ; ; ; ; ; ; ; ;12;145,0174038101
3365473;1;1;1; ; ; ; ; ; ; ; ; ; ; ; ;12;136,311526976241
3365473;1;2;1; ; ; ; ; ; ; ; ; ; ; ; ;12;136,311526976241
3365473;1;3;1; ; ; ; ; ; ; ; ; ; ; ; ;12;136,311526976241
3365474;1;1;1; ; ; ; ; ; ; ; ; ; ; ; ;12;123,851049989656
3365474;1;2;1; ; ; ; ; ; ; ; ; ; ; ; ;12;123,851049989656
3365474;1;3;2;2;08; ;2; ; ;1;2; ; ;1; ;12;123,851049989656
3365474;1;4;2;2;05; ;2; ; ;1;2; ; ;1; ;12;123,851049989656
3365475;1;1;1; ; ; ; ; ; ; ; ; ; ; ; ;12;96,6203263422258
3365475;1;2;1; ; ; ; ; ; ; ; ; ; ; ; ;12;96,6203263422258
3365475;1;3;1; ; ; ; ; ; ; ; ; ; ; ; ;12;96,6203263422258
3365476;1;1;1; ; ; ; ; ; ; ; ; ; ; ; ;12;131,796061818622
3365476;1;2;1; ; ; ; ; ; ; ; ; ; ; ; ;12;131,796061818622
3365476;1;3;1; ; ; ; ; ; ; ; ; ; ; ; ;12;131,796061818622
3365477;1;1;2;2;23; ;2; ; ;1;2; ; ;1; ;12;178,17044274857
3365477;1;2;1; ; ; ; ; ; ; ; ; ; ; ; ;12;178,17044274857
3365477;1;3;1; ; ; ; ; ; ; ; ; ; ; ; ;12;178,17044274857
3365477;1;4;1; ; ; ; ; ; ; ; ; ; ; ; ;12;178,17044274857
3365477;1;5;1; ; ; ; ; ; ; ; ; ; ; ; ;12;178,17044274857
3365478;1;1;1; ; ; ; ; ; ; ; ; ; ; ; ;12;65,6468836275339
3365478;1;2;1; ; ; ; ; ; ; ; ; ; ; ; ;12;65,6468836275339
3365478;1;3;1; ; ; ; ; ; ; ; ; ; ; ; ;12;65,6468836275339
3365478;1;4;1; ; ; ; ; ; ; ; ; ; ; ; ;12;65,6468836275339
3365478;1;5;1; ; ; ; ; ; ; ; ; ; ; ; ;12;65,6468836275339
3365478;1;6;1; ; ; ; ; ; ; ; ; ; ; ; ;12;65,6468836275339
3365478;1;7;1; ; ; ; ; ; ; ; ; ; ; ; ;12;65,6468836275339
3365479;1;1;1; ; ; ; ; ; ; ; ; ; ; ; ;12;96,2302100926694
3365479;1;2;1; ; ; ; ; ; ; ; ; ; ; ; ;12;96,2302100926694
3365480;1;1;1; ; ; ; ; ; ; ; ; ; ; ; ;12;106,938068948569
3365480;1;2;1; ; ; ; ; ; ; ; ; ; ; ; ;12;106,938068948569
3365480;1;3;1; ; ; ; ; ; ; ; ; ; ; ; ;12;106,938068948569
3365480;1;4;1; ; ; ; ; ; ; ; ; ; ; ; ;12;106,938068948569
3365481;1;1;1; ; ; ; ; ; ; ; ; ; ; ; ;12;213,377410114426
3365481;1;2;1; ; ; ; ; ; ; ; ; ; ; ; ;12;213,377410114426
3365481;1;3;1; ; ; ; ; ; ; ; ; ; ; ; ;12;213,377410114426
3365481;1;4;1; ; ; ; ; ; ; ; ; ; ; ; ;12;213,377410114426
3365482;1;1;1; ; ; ; ; ; ; ; ; ; ; ; ;12;200,905052042376
3365482;1;2;1; ; ; ; ; ; ; ; ; ; ; ; ;12;200,905052042376
3365482;1;3;1; ; ; ; ; ; ; ; ; ; ; ; ;12;200,905052042376
3365482;1;4;1; ; ; ; ; ; ; ; ; ; ; ; ;12;200,905052042376
3365482;1;5;1; ; ; ; ; ; ; ; ; ; ; ; ;12;200,905052042376
3365483;1;1;2;2;70; ;2; ; ;1;2; ; ;1; ;12;202,207774495131
3365483;1;2;2;2;70; ;2; ; ;1;2; ; ;1; ;12;202,207774495131
3365483;1;3;1; ; ; ; ; ; ; ; ; ; ; ; ;12;202,207774495131
3365483;1;4;2;2;70; ;2; ; ;1;2; ; ;1; ;12;202,207774495131
3365483;1;5;2;2;70; ;2; ; ;1;2; ; ;1; ;12;202,207774495131
3365485;1;1;2;2;66; ;2; ; ;1;2; ; ;1; ;12;351,488161354487
3365485;1;2;2;2;66; ;2; ; ;1;2; ; ;1; ;12;351,488161354487
3365485;1;3;1; ; ; ; ; ; ; ; ; ; ; ; ;12;351,488161354487
3365485;1;4;1; ; ; ; ; ; ; ; ; ; ; ; ;12;351,488161354487
3365485;1;5;1; ; ; ; ; ; ; ; ; ; ; ; ;12;351,488161354487
3365485;1;6;1; ; ; ; ; ; ; ; ; ; ; ; ;12;351,488161354487
3365485;1;7;2;2;66; ;2; ; ;1;2; ; ;1; ;12;351,488161354487
3365486;1;1;2;2;17; ;2; ; ;1;2; ; ;1; ;12;306,92895467954
3365486;1;2;2;2;66; ;3;66; ;1;2; ; ;1; ;12;306,92895467954
3365487;1;1;2;2;76; ;2; ; ;1;2; ; ;1; ;12;310,42839180999
3365487;1;2;2;2;76; ;2; ; ;1;2; ; ;1; ;12;310,42839180999
3365488;1;1;2;2;17; ;2; ; ;1;2; ; ;1; ;12;238,278821755393
3365488;1;2;2;2;05; ;2; ; ;1;2; ; ;1; ;12;238,278821755393
3365488;1;3;2;2;17; ;2; ; ;1;2; ; ;1; ;12;238,278821755393
3365488;1;4;2;2;17; ;2; ; ;1;2; ; ;1; ;12;238,278821755393
3365488;1;5;2;2;17; ;2; ; ;1;2; ; ;1; ;12;238,278821755393
3365491;1;1;2;2;66; ;2; ; ;1;2; ; ;1; ;12;216,334988040891
3365491;1;2;2;2;66; ;2; ; ;1;2; ; ;1; ;12;216,334988040891
3365491;1;3;2;2;17; ;2; ; ;1;2; ; ;1; ;12;216,334988040891
3365491;1;4;2;2;66; ;2; ; ;1;2; ; ;1; ;12;216,334988040891
3365492;1;1;1; ; ; ; ; ; ; ; ; ; ; ; ;12;306,92895467954
3365492;1;2;1; ; ; ; ; ; ; ; ; ; ; ; ;12;306,92895467954
3365493;1;1;1; ; ; ; ; ; ; ; ; ; ; ; ;12;275,227391456229
3365493;1;2;1; ; ; ; ; ; ; ; ; ; ; ; ;12;275,227391456229
3365493;1;3;1; ; ; ; ; ; ; ; ; ; ; ; ;12;275,227391456229
3365493;1;4;2;2;66; ;2; ; ;1;2; ; ;1; ;12;275,227391456229
3365494;1;1;2;2;17; ;2; ; ;1;2; ; ;1; ;12;272,722789759166
3365495;1;1;2;2;66; ;2; ; ;1;2; ; ;1; ;12;275,27891666281
3365495;1;2;2;2;66; ;2; ; ;1;2; ; ;1; ;12;275,27891666281
3365495;1;3;1; ; ; ; ; ; ; ; ; ; ; ; ;12;275,27891666281
3365495;1;4;1; ; ; ; ; ; ; ; ; ; ; ; ;12;275,27891666281
3365495;1;5;1; ; ; ; ; ; ; ; ; ; ; ; ;12;275,27891666281
3365495;1;6;1; ; ; ; ; ; ; ; ; ; ; ; ;12;275,27891666281
3365496;1;1;2;2;66; ;2; ; ;1;2; ; ;1; ;12;284,562542103901
3365496;1;2;2;2;66; ;2; ; ;1;2; ; ;1; ;12;284,562542103901
3365496;1;3;1; ; ; ; ; ; ; ; ; ; ; ; ;12;284,562542103901
3365497;1;1;2;2;76; ;2; ; ;1;2; ; ;1; ;12;255,760308648092
3365497;1;2;2;2;17; ;2; ; ;1;2; ; ;1; ;12;255,760308648092
3365497;1;3;2;2;17; ;2; ; ;1;2; ; ;1; ;12;255,760308648092
3365498;1;1;2;2;17; ;2; ; ;1;2; ; ;1; ;12;225,053580858168
3365498;1;2;1; ; ; ; ; ; ; ; ; ; ; ; ;12;225,053580858168
3365499;1;1;2;2;66; ;2; ; ;1;2; ; ;1; ;12;407,239151769229
3365499;1;2;2;2;66; ;2; ; ;1;2; ; ;1; ;12;407,239151769229
3365499;1;3;2;2;66; ;2; ; ;1;2; ; ;1; ;12;407,239151769229
3365499;1;4;2;2;66; ;2; ; ;1;2; ; ;1; ;12;407,239151769229
3365499;1;5;2;2;66; ;2; ; ;1;2; ; ;1; ;12;407,239151769229
3365499;1;6;1; ; ; ; ; ; ; ; ; ; ; ; ;12;407,239151769229
3365499;1;7;1; ; ; ; ; ; ; ; ; ; ; ; ;12;407,239151769229
3365499;1;8;1; ; ; ; ; ; ; ; ; ; ; ; ;12;407,239151769229
3365499;1;9;2;2;66; ;2; ; ;1;2; ; ;1; ;12;407,239151769229
3365500;1;1;2;2;66; ;4; ;11; ;2; ; ;1; ;12;292,76040355551
3365500;1;2;2;2;66; ;4; ;11; ;2; ; ;1; ;12;292,76040355551
3365500;1;3;2;3; ;11;4; ;11; ;2; ; ;1; ;12;292,76040355551
3365500;1;4;2;3; ;11;4; ;11; ;2; ; ;1; ;12;292,76040355551
3365501;1;1;2;2;66; ;2; ; ;1;2; ; ;1; ;12;284,562542103901
3365501;1;2;1; ; ; ; ; ; ; ; ; ; ; ; ;12;284,562542103901
3365501;1;3;2;2;66; ;1; ; ; ;2; ; ;1; ;12;284,562542103901
3365502;1;1;1; ; ; ; ; ; ; ; ; ; ; ; ;12;263,581618080751
3365502;1;2;1; ; ; ; ; ; ; ; ; ; ; ; ;12;263,581618080751
3365502;1;3;1; ; ; ; ; ; ; ; ; ; ; ; ;12;263,581618080751
3365502;1;4;2;2;66; ;2; ; ;1;2; ; ;1; ;12;263,581618080751
3365502;1;5;2;2;66; ;2; ; ;1;2; ; ;1; ;12;263,581618080751
3365503;1;1;2;2;66; ;2; ; ;1;2; ; ;1; ;12;250,369630193191
3365503;1;2;1; ; ; ; ; ; ; ; ; ; ; ; ;12;250,369630193191
3365503;1;3;2;2;66; ;2; ; ;1;2; ; ;1; ;12;250,369630193191
3365507;1;1;2;2;66; ;2; ; ;1;2; ; ;1; ;12;244,170617666683
3365507;1;2;2;2;76; ;2; ; ;1;2; ; ;1; ;12;244,170617666683
3365507;1;3;1; ; ; ; ; ; ; ; ; ; ; ; ;12;244,170617666683
3365507;1;4;1; ; ; ; ; ; ; ; ; ; ; ; ;12;244,170617666683
3365507;1;5;1; ; ; ; ; ; ; ; ; ; ; ; ;12;244,170617666683
3365507;1;6;1; ; ; ; ; ; ; ; ; ; ; ; ;12;244,170617666683
3365508;1;1;1; ; ; ; ; ; ; ; ; ; ; ; ;12;224,764252568188
3365508;1;2;2;2;05; ;2; ; ;1;2; ; ;1; ;12;224,764252568188
3365508;1;3;1; ; ; ; ; ; ; ; ; ; ; ; ;12;224,764252568188
3365508;1;4;1; ; ; ; ; ; ; ; ; ; ; ; ;12;224,764252568188
3365508;1;5;2;2;17; ;3;17; ;1;3;17; ;1; ;12;224,764252568188
3365509;1;1;1; ; ; ; ; ; ; ; ; ; ; ; ;12;259,600599275105
3365509;1;2;2;2;66; ;2; ; ;1;2; ; ;1; ;12;259,600599275105
3365510;1;1;2;2;73; ;3;11; ;1;2; ; ;1; ;12;246,0860300879
3365510;1;2;2;2;66; ;3;11; ;1;2; ; ;1; ;12;246,0860300879
3365511;1;1;2;2;66; ;2; ; ;1;2; ; ;1; ;12;198,416821186903
3365511;1;2;2;2;63; ;2; ; ;1;2; ; ;1; ;12;198,416821186903
3365511;1;3;2;2;17; ;2; ; ;1;2; ; ;1; ;12;198,416821186903
3365512;1;1;2;2;73; ;3;76; ;1;3;76; ;1; ;12;368,391362613709
3365512;1;2;2;2;76; ;3;76; ;1;3;76; ;1; ;12;368,391362613709
3365512;1;3;2;2;76; ;3;76; ;1;3;76; ;1; ;12;368,391362613709
3365512;1;4;2;2;76; ;3;76; ;1;3;76; ;1; ;12;368,391362613709
3365512;1;5;2;2;63; ;3;63; ;1;3;63; ;1; ;12;368,391362613709
3365513;1;1;2;3; ;5;2; ; ;1;4; ;5; ;4;12;262,913535043774
3365513;1;2;1; ; ; ; ; ; ; ; ; ; ; ; ;12;262,913535043774
3365514;1;1;2;2;41; ;3;11; ;1;2; ; ;1; ;12;293,755238988897
3365523;1;1;2;2;66; ;2; ; ;1;2; ; ;1; ;12;283,715935835376
3365523;1;2;2;2;66; ;2; ; ;1;2; ; ;1; ;12;283,715935835376
3365523;1;3;2;2;66; ;2; ; ;1;2; ; ;1; ;12;283,715935835376
3365523;1;4;2;2;66; ;2; ; ;1;2; ; ;1; ;12;283,715935835376
3365523;1;5;2;2;17; ;2; ; ;1;2; ; ;1; ;12;283,715935835376
3365524;1;1;2;2;17; ;2; ; ;1;2; ; ;1; ;12;261,652104559382
3365524;1;2;1; ; ; ; ; ; ; ; ; ; ; ; ;12;261,652104559382
3365524;1;3;1; ; ; ; ; ; ; ; ; ; ; ; ;12;261,652104559382
3365524;1;4;2;3; ;3;4; ;3; ;4; ;3; ;4;12;261,652104559382
3365525;1;1;2;2;63; ;2; ; ;1;2; ; ;1; ;12;259,259745778543
3365525;1;2;1; ; ; ; ; ; ; ; ; ; ; ; ;12;259,259745778543
3365525;1;3;1; ; ; ; ; ; ; ; ; ; ; ; ;12;259,259745778543
3365526;1;1;1; ; ; ; ; ; ; ; ; ; ; ; ;12;305,557567227202
3365526;1;2;2;2;11; ;2; ; ;1;2; ; ;1; ;12;305,557567227202
3365526;1;3;1; ; ; ; ; ; ; ; ; ; ; ; ;12;305,557567227202
3365526;1;4;1; ; ; ; ; ; ; ; ; ; ; ; ;12;305,557567227202
3365526;1;5;1; ; ; ; ; ; ; ; ; ; ; ; ;12;305,557567227202
3365526;1;6;1; ; ; ; ; ; ; ; ; ; ; ; ;12;305,557567227202
3365527;1;1;2;2;66; ;2; ; ;1;2; ; ;1; ;12;250,369630193191
3365527;1;2;2;2;11; ;2; ; ;1;2; ; ;1; ;12;250,369630193191
3365527;1;3;2;2;11; ;2; ; ;1;2; ; ;1; ;12;250,369630193191
3365528;1;1;1; ; ; ; ; ; ; ; ; ; ; ; ;12;283,715935835376
3365528;1;2;1; ; ; ; ; ; ; ; ; ; ; ; ;12;283,715935835376
3365528;1;3;1; ; ; ; ; ; ; ; ; ; ; ; ;12;283,715935835376
3365528;1;4;1; ; ; ; ; ; ; ; ; ; ; ; ;12;283,715935835376
3365528;1;5;1; ; ; ; ; ; ; ; ; ; ; ; ;12;283,715935835376
3365529;1;1;1; ; ; ; ; ; ; ; ; ; ; ; ;12;276,273752096198
3365529;1;2;2;2;17; ;2; ; ;1;2; ; ;1; ;12;276,273752096198
3365529;1;3;1; ; ; ; ; ; ; ; ; ; ; ; ;12;276,273752096198
3365530;1;1;1; ; ; ; ; ; ; ; ; ; ; ; ;12;280,203245695262
3365530;1;2;1; ; ; ; ; ; ; ; ; ; ; ; ;12;280,203245695262
3365530;1;3;1; ; ; ; ; ; ; ; ; ; ; ; ;12;280,203245695262
3365530;1;4;1; ; ; ; ; ; ; ; ; ; ; ; ;12;280,203245695262
3365531;1;1;1; ; ; ; ; ; ; ; ; ; ; ; ;12;267,383636510846
3365531;1;2;1; ; ; ; ; ; ; ; ; ; ; ; ;12;267,383636510846
3365531;1;3;1; ; ; ; ; ; ; ; ; ; ; ; ;12;267,383636510846
3365532;1;1;1; ; ; ; ; ; ; ; ; ; ; ; ;12;267,889389282808
3365532;1;2;1; ; ; ; ; ; ; ; ; ; ; ; ;12;267,889389282808
3365540;1;1;1; ; ; ; ; ; ; ; ; ; ; ; ;12;257,888358326205
3365540;1;2;2;2;17; ;2; ; ;1;2; ; ;1; ;12;257,888358326205
3365540;1;3;1; ; ; ; ; ; ; ; ; ; ; ; ;12;257,888358326205
3365540;1;4;1; ; ; ; ; ; ; ; ; ; ; ; ;12;257,888358326205
3365540;1;5;2;2;17; ;2; ; ;1;2; ; ;1; ;12;257,888358326205
3365540;1;6;1; ; ; ; ; ; ; ; ; ; ; ; ;12;257,888358326205
3365540;1;7;1; ; ; ; ; ; ; ; ; ; ; ; ;12;257,888358326205
3365541;1;1;2;2;05; ;2; ; ;1;2; ; ;1; ;12;236,387580430942
3365541;1;2;1; ; ; ; ; ; ; ; ; ; ; ; ;12;236,387580430942
3365541;1;3;1; ; ; ; ; ; ; ; ; ; ; ; ;12;236,387580430942
3365541;1;4;1; ; ; ; ; ; ; ; ; ; ; ; ;12;236,387580430942
3365541;1;5;2;2;05; ;2; ; ;1;2; ; ;1; ;12;236,387580430942
3365542;1;1;2;2;76; ;2; ; ;1;2; ; ;1; ;12;261,652104559382
3365542;1;2;2;2;76; ;2; ; ;1;2; ; ;1; ;12;261,652104559382
3365542;1;3;1; ; ; ; ; ; ; ; ; ; ; ; ;12;261,652104559382
3365542;1;4;1; ; ; ; ; ; ; ; ; ; ; ; ;12;261,652104559382
3365543;1;1;1; ; ; ; ; ; ; ; ; ; ; ; ;12;261,555400601101
3365543;1;2;1; ; ; ; ; ; ; ; ; ; ; ; ;12;261,555400601101
3365543;1;3;1; ; ; ; ; ; ; ; ; ; ; ; ;12;261,555400601101
3365543;1;4;1; ; ; ; ; ; ; ; ; ; ; ; ;12;261,555400601101
3365543;1;5;1; ; ; ; ; ; ; ; ; ; ; ; ;12;261,555400601101
3365543;1;6;1; ; ; ; ; ; ; ; ; ; ; ; ;12;261,555400601101
3365543;1;7;1; ; ; ; ; ; ; ; ; ; ; ; ;12;261,555400601101
3365544;1;1;1; ; ; ; ; ; ; ; ; ; ; ; ;12;304,042877921701
3365544;1;2;1; ; ; ; ; ; ; ; ; ; ; ; ;12;304,042877921701
3365544;1;3;1; ; ; ; ; ; ; ; ; ; ; ; ;12;304,042877921701
3365544;1;4;1; ; ; ; ; ; ; ; ; ; ; ; ;12;304,042877921701
3365544;1;5;1; ; ; ; ; ; ; ; ; ; ; ; ;12;304,042877921701
3365545;1;1;1; ; ; ; ; ; ; ; ; ; ; ; ;12;279,586687864867
3365545;1;2;2;2;05; ;2; ; ;1;2; ; ;1; ;12;279,586687864867
3365545;1;3;1; ; ; ; ; ; ; ; ; ; ; ; ;12;279,586687864867
3365546;1;1;1; ; ; ; ; ; ; ; ; ; ; ; ;12;237,195914502548
3365546;1;2;1; ; ; ; ; ; ; ; ; ; ; ; ;12;237,195914502548
3365550;1;1;1; ; ; ; ; ; ; ; ; ; ; ; ;12;229,412877266807
3365555;1;1;1; ; ; ; ; ; ; ; ; ; ; ; ;12;267,383636510846
3365555;1;2;1; ; ; ; ; ; ; ; ; ; ; ; ;12;267,383636510846
3365555;1;3;1; ; ; ; ; ; ; ; ; ; ; ; ;12;267,383636510846
3365556;1;1;1; ; ; ; ; ; ; ; ; ; ; ; ;12;240,671180536232
3365556;1;2;1; ; ; ; ; ; ; ; ; ; ; ; ;12;240,671180536232
3365556;1;3;1; ; ; ; ; ; ; ; ; ; ; ; ;12;240,671180536232
3365556;1;4;1; ; ; ; ; ; ; ; ; ; ; ; ;12;240,671180536232
3365556;1;5;1; ; ; ; ; ; ; ; ; ; ; ; ;12;240,671180536232
3365556;1;6;1; ; ; ; ; ; ; ; ; ; ; ; ;12;240,671180536232
3365557;1;1;1; ; ; ; ; ; ; ; ; ; ; ; ;12;352,193668497894
3365557;1;2;1; ; ; ; ; ; ; ; ; ; ; ; ;12;352,193668497894
3365557;1;3;1; ; ; ; ; ; ; ; ; ; ; ; ;12;352,193668497894
3365557;1;4;1; ; ; ; ; ; ; ; ; ; ; ; ;12;352,193668497894
3365557;1;5;1; ; ; ; ; ; ; ; ; ; ; ; ;12;352,193668497894
3365557;1;6;1; ; ; ; ; ; ; ; ; ; ; ; ;12;352,193668497894
3365557;1;7;1; ; ; ; ; ; ; ; ; ; ; ; ;12;352,193668497894
3365558;1;1;1; ; ; ; ; ; ; ; ; ; ; ; ;12;237,195914502548
3365558;1;2;1; ; ; ; ; ; ; ; ; ; ; ; ;12;237,195914502548
3365559;1;1;1; ; ; ; ; ; ; ; ; ; ; ; ;12;261,503875394519
3365559;1;2;1; ; ; ; ; ; ; ; ; ; ; ; ;12;261,503875394519
3365559;1;3;1; ; ; ; ; ; ; ; ; ; ; ; ;12;261,503875394519
3365559;1;4;1; ; ; ; ; ; ; ; ; ; ; ; ;12;261,503875394519
3365559;1;5;1; ; ; ; ; ; ; ; ; ; ; ; ;12;261,503875394519
3365560;1;1;2;2;17; ;2; ; ;1;2; ; ;1; ;12;248,100111265747
3365560;1;2;2;2;76; ;2; ; ;1;2; ; ;1; ;12;248,100111265747
3365560;1;3;2;2;76; ;2; ; ;1;2; ; ;1; ;12;248,100111265747
3365560;1;4;1; ; ; ; ; ; ; ; ; ; ; ; ;12;248,100111265747
3365560;1;5;2;2;76; ;2; ; ;1;2; ; ;1; ;12;248,100111265747
3365560;1;6;1; ; ; ; ; ; ; ; ; ; ; ; ;12;248,100111265747
3365560;1;7;2;2;76; ;3;76; ;1;2; ; ;1; ;12;248,100111265747
3365561;1;1;2;1; ; ;3;66; ;1;3;66; ;1; ;12;360,520730702515
3365561;1;2;2;2;66; ;1; ; ; ;3;66; ;1; ;12;360,520730702515
3365561;1;3;1; ; ; ; ; ; ; ; ; ; ; ; ;12;360,520730702515
3365561;1;4;2;2;66; ;3;66; ;1;3;66; ;1; ;12;360,520730702515
3365561;1;5;2;1; ; ;3;66; ;1;3;66; ;1; ;12;360,520730702515
3365561;1;6;1; ; ; ; ; ; ; ; ; ; ; ; ;12;360,520730702515
3365561;1;7;1; ; ; ; ; ; ; ; ; ; ; ; ;12;360,520730702515
3365561;1;8;1; ; ; ; ; ; ; ; ; ; ; ; ;12;360,520730702515
3365562;1;1;2;2;76; ;3;76; ;1;2; ; ;1; ;12;284,865123403545
3365570;1;1;2;2;17; ;3;17; ;2;2; ; ;1; ;12;246,0860300879
3365570;1;2;1; ; ; ; ; ; ; ; ; ; ; ; ;12;246,0860300879
3365571;1;1;2;2;17; ;2; ; ;1;2; ; ;1; ;12;300,395211626388
3365571;1;2;2;2;76; ;2; ; ;1;2; ; ;1; ;12;300,395211626388
3365571;1;3;2;2;76; ;2; ; ;1;2; ; ;1; ;12;300,395211626388
3365571;1;4;2;2;76; ;2; ; ;1;2; ; ;1; ;12;300,395211626388
3365571;1;5;1; ; ; ; ; ; ; ; ; ; ; ; ;12;300,395211626388
3365571;1;6;1; ; ; ; ; ; ; ; ; ; ; ; ;12;300,395211626388
3365572;1;1;2;2;17; ;2; ; ;1;2; ; ;1; ;12;237,24743970913
3365572;1;2;1; ; ; ; ; ; ; ; ; ; ; ; ;12;237,24743970913
3365572;1;3;1; ; ; ; ; ; ; ; ; ; ; ; ;12;237,24743970913
3365572;1;4;1; ; ; ; ; ; ; ; ; ; ; ; ;12;237,24743970913
3365573;1;1;1; ; ; ; ; ; ; ; ; ; ; ; ;12;276,146530586268
3365573;1;2;1; ; ; ; ; ; ; ; ; ; ; ; ;12;276,146530586268
3365573;1;3;2;2;17; ;2; ; ;1;2; ; ;1; ;12;276,146530586268
3365574;1;1;1; ; ; ; ; ; ; ; ; ; ; ; ;12;390,040369673836
3365574;1;2;1; ; ; ; ; ; ; ; ; ; ; ; ;12;390,040369673836
3365574;1;3;1; ; ; ; ; ; ; ; ; ; ; ; ;12;390,040369673836
3365574;1;4;1; ; ; ; ; ; ; ; ; ; ; ; ;12;390,040369673836
3365574;1;5;1; ; ; ; ; ; ; ; ; ; ; ; ;12;390,040369673836
3365574;1;6;1; ; ; ; ; ; ; ; ; ; ; ; ;12;390,040369673836
3365575;1;1;2;2;05; ;2; ; ;1;2; ; ;1; ;12;259,600599275105
3365575;1;2;2;2;63; ;2; ; ;1;2; ; ;1; ;12;259,600599275105
3365576;1;1;2;2;18; ;3;66; ;1;2; ; ;1; ;12;387,103985924116
3365576;1;2;2;2;66; ;3;66; ;1;2; ; ;1; ;12;387,103985924116
3365576;1;3;2;2;66; ;2; ; ;1;2; ; ;1; ;12;387,103985924116
3365576;1;4;1; ; ; ; ; ; ; ; ; ; ; ; ;12;387,103985924116
3365576;1;5;1; ; ; ; ; ; ; ; ; ; ; ; ;12;387,103985924116
3365577;1;1;2;2;66; ;2; ; ;1;2; ; ;1; ;12;301,538276224638
3365577;1;2;1; ; ; ; ; ; ; ; ; ; ; ; ;12;301,538276224638
3365578;1;1;2;2;66; ;3;05; ;1;3;76; ;1; ;12;284,865123403545
3365579;1;1;2;2;05; ;3;76; ;1;2; ; ;1; ;12;306,92895467954
3365579;1;2;2;2;17; ;2; ; ;1;2; ; ;1; ;12;306,92895467954
3365580;1;1;1; ; ; ; ; ; ; ; ; ; ; ; ;12;330,152877166071
3365580;1;2;1; ; ; ; ; ; ; ; ; ; ; ; ;12;330,152877166071
3365580;1;3;1; ; ; ; ; ; ; ; ; ; ; ; ;12;330,152877166071
3365580;1;4;1; ; ; ; ; ; ; ; ; ; ; ; ;12;330,152877166071
3365580;1;5;1; ; ; ; ; ; ; ; ; ; ; ; ;12;330,152877166071
3365580;1;6;1; ; ; ; ; ; ; ; ; ; ; ; ;12;330,152877166071
3365581;1;1;1; ; ; ; ; ; ; ; ; ; ; ; ;12;259,259745778543
3365581;1;2;1; ; ; ; ; ; ; ; ; ; ; ; ;12;259,259745778543
3365581;1;3;1; ; ; ; ; ; ; ; ; ; ; ; ;12;259,259745778543
3365583;1;1;2;2;76; ;2; ; ;1;2; ; ;1; ;12;309,789642125911
3365583;1;2;1; ; ; ; ; ; ; ; ; ; ; ; ;12;309,789642125911
3365583;1;3;1; ; ; ; ; ; ; ; ; ; ; ; ;12;309,789642125911
3365583;1;4;1; ; ; ; ; ; ; ; ; ; ; ; ;12;309,789642125911
3365583;1;5;2;2;63; ;2; ; ;1;2; ; ;1; ;12;309,789642125911
3365587;1;1;2;2;66; ;3;66; ;1;3;66; ;1; ;12;239,700516199611
3365587;1;2;1; ; ; ; ; ; ; ; ; ; ; ; ;12;239,700516199611
3365587;1;3;1; ; ; ; ; ; ; ; ; ; ; ; ;12;239,700516199611
3365587;1;4;1; ; ; ; ; ; ; ; ; ; ; ; ;12;239,700516199611
3365587;1;5;1; ; ; ; ; ; ; ; ; ; ; ; ;12;239,700516199611
3365588;1;1;1; ; ; ; ; ; ; ; ; ; ; ; ;12;306,92895467954
3365588;1;2;2;2;73; ;3;73; ;1;3;73; ;1; ;12;306,92895467954
3365589;1;1;1; ; ; ; ; ; ; ; ; ; ; ; ;12;237,195914502548
3365589;1;2;1; ; ; ; ; ; ; ; ; ; ; ; ;12;237,195914502548
3365590;1;1;2;2;50; ;2; ; ;1;2; ; ;1; ;12;246,0860300879
3365590;1;2;1; ; ; ; ; ; ; ; ; ; ; ; ;12;246,0860300879
3365591;1;1;1; ; ; ; ; ; ; ; ; ; ; ; ;12;256,185729801132
3365591;1;2;1; ; ; ; ; ; ; ; ; ; ; ; ;12;256,185729801132
3365591;1;3;1; ; ; ; ; ; ; ; ; ; ; ; ;12;256,185729801132
3365591;1;4;1; ; ; ; ; ; ; ; ; ; ; ; ;12;256,185729801132
3365591;1;5;2;2;18; ;2; ; ;1;2; ; ;1; ;12;256,185729801132
3365591;1;6;2;2;18; ;2; ; ;1;2; ; ;1; ;12;256,185729801132
3365592;1;1;2;2;66; ;2; ; ;1;2; ; ;1; ;12;296,311365892542
3365592;1;2;1; ; ; ; ; ; ; ; ; ; ; ; ;12;296,311365892542
3365592;1;3;2;2;05; ;2; ; ;1;2; ; ;1; ;12;296,311365892542
3365592;1;4;2;2;66; ;2; ; ;1;2; ; ;1; ;12;296,311365892542
3365592;1;5;1; ; ; ; ; ; ; ; ; ; ; ; ;12;296,311365892542
3365592;1;6;1; ; ; ; ; ; ; ; ; ; ; ; ;12;296,311365892542
3365593;1;1;1; ; ; ; ; ; ; ; ; ; ; ; ;12;259,259745778543
3365593;1;2;1; ; ; ; ; ; ; ; ; ; ; ; ;12;259,259745778543
3365593;1;3;2;2;63; ;2; ; ;1;2; ; ;1; ;12;259,259745778543
3365594;1;1;2;1; ; ;2; ; ;1;2; ; ;1; ;12;84,0793282613188
3365594;1;2;1; ; ; ; ; ; ; ; ; ; ; ; ;12;84,0793282613188
3365595;1;1;2;2;41; ;2; ; ;1;2; ; ;1; ;12;99,8484021275593
3365595;1;2;1; ; ; ; ; ; ; ; ; ; ; ; ;12;99,8484021275593
3365595;1;3;1; ; ; ; ; ; ; ; ; ; ; ; ;12;99,8484021275593
3365595;1;4;1; ; ; ; ; ; ; ; ; ; ; ; ;12;99,8484021275593
3365595;1;5;1; ; ; ; ; ; ; ; ; ; ; ; ;12;99,8484021275593
3365595;1;6;1; ; ; ; ; ; ; ; ; ; ; ; ;12;99,8484021275593
3365596;1;1;1; ; ; ; ; ; ; ; ; ; ; ; ;12;57,1038509181424
3365596;1;2;2;2;18; ;2; ; ;1;2; ; ;1; ;12;57,1038509181424
3365596;1;3;1; ; ; ; ; ; ; ; ; ; ; ; ;12;57,1038509181424
3365597;1;1;1; ; ; ; ; ; ; ; ; ; ; ; ;12;133,635162430998
3365598;1;1;1; ; ; ; ; ; ; ; ; ; ; ; ;12;144,136302018369
3365598;1;2;1; ; ; ; ; ; ; ; ; ; ; ; ;12;144,136302018369
3365599;1;1;2;2;18; ;3;18; ;1;2; ; ;1; ;12;147,834613496643
3365599;1;2;2;2;18; ;3;18; ;1;2; ; ;1; ;12;147,834613496643
3365599;1;3;1; ; ; ; ; ; ; ; ; ; ; ; ;12;147,834613496643
3365600;1;1;2;1; ; ;2; ; ;1;2; ; ;1; ;12;133,440737524494
3365600;1;2;1; ; ; ; ; ; ; ; ; ; ; ; ;12;133,440737524494
3365600;1;3;1; ; ; ; ; ; ; ; ; ; ; ; ;12;133,440737524494
3365600;1;4;1; ; ; ; ; ; ; ; ; ; ; ; ;12;133,440737524494
3365600;1;5;1; ; ; ; ; ; ; ; ; ; ; ; ;12;133,440737524494
3365601;1;1;2;2;18; ;2; ; ;1;2; ; ;1; ;12;77,6381483698189
3365601;1;2;2;2;18; ;2; ; ;1;2; ; ;1; ;12;77,6381483698189
3365601;1;3;2;2;18; ;2; ; ;1;2; ; ;1; ;12;77,6381483698189
3365601;1;4;1; ; ; ; ; ; ; ; ; ; ; ; ;12;77,6381483698189
3365601;1;5;1; ; ; ; ; ; ; ; ; ; ; ; ;12;77,6381483698189
3365601;1;6;1; ; ; ; ; ; ; ; ; ; ; ; ;12;77,6381483698189
3365601;1;7;2;2;18; ;2; ; ;1;2; ; ;1; ;12;77,6381483698189
3365601;1;8;1; ; ; ; ; ; ; ; ; ; ; ; ;12;77,6381483698189
3365602;1;1;1; ; ; ; ; ; ; ; ; ; ; ; ;12;57,1038509181424
3365602;1;2;1; ; ; ; ; ; ; ; ; ; ; ; ;12;57,1038509181424
3365602;1;3;1; ; ; ; ; ; ; ; ; ; ; ; ;12;57,1038509181424
3365603;1;1;2;2;18; ;2; ; ;1;2; ; ;1; ;12;65,1235138562149
3365603;1;2;1; ; ; ; ; ; ; ; ; ; ; ; ;12;65,1235138562149
3365605;1;1;1; ; ; ; ; ; ; ; ; ; ; ; ;12;72,0681510091843
3365605;1;2;1; ; ; ; ; ; ; ; ; ; ; ; ;12;72,0681510091843
3365606;1;1;2;2;18; ;2; ; ;1;2; ; ;1; ;12;60,4425300728533
3365606;1;2;2;2;18; ;3;18; ;1;2; ; ;1; ;12;60,4425300728533
3365606;1;3;1; ; ; ; ; ; ; ; ; ; ; ; ;12;60,4425300728533
3365607;1;1;2;2;18; ;2; ; ;1;2; ; ;1; ;12;122,741768017624
3365607;1;2;1; ; ; ; ; ; ; ; ; ; ; ; ;12;122,741768017624
3365607;1;3;1; ; ; ; ; ; ; ; ; ; ; ; ;12;122,741768017624
3365607;1;4;1; ; ; ; ; ; ; ; ; ; ; ; ;12;122,741768017624
3365608;1;1;2;2;18; ;2; ; ;1;2; ; ;1; ;12;120,642470556341
3365608;1;2;2;2;76; ;2; ; ;1;2; ; ;1; ;12;120,642470556341
3365609;1;1;2;2;73; ;2; ; ;1;2; ; ;1; ;12;146,402097777707
3365609;1;2;1; ; ; ; ; ; ; ; ; ; ; ; ;12;146,402097777707
3365609;1;3;2;2;73; ;3;41; ;1;2; ; ;1; ;12;146,402097777707
3365610;1;1;2;2;41; ;2; ; ;1;2; ; ;1; ;12;140,833955468048
3365610;1;2;2;2;76; ;3;18; ;2;2; ; ;1; ;12;140,833955468048
3365610;1;3;1; ; ; ; ; ; ; ; ; ; ; ; ;12;140,833955468048
3365611;1;1;1; ; ; ; ; ; ; ; ; ; ; ; ;12;147,991543527305
3365612;1;1;2;2;73; ;2; ; ;1;2; ; ;1; ;12;62,7560827215865
3365612;1;2;1; ; ; ; ; ; ; ; ; ; ; ; ;12;62,7560827215865
3365612;1;3;1; ; ; ; ; ; ; ; ; ; ; ; ;12;62,7560827215865
3365613;1;1;1; ; ; ; ; ; ; ; ; ; ; ; ;12;74,4784762279363
3365614;1;1;1; ; ; ; ; ; ; ; ; ; ; ; ;12;61,6231848419172
3365614;1;2;1; ; ; ; ; ; ; ; ; ; ; ; ;12;61,6231848419172
3365617;1;1;1; ; ; ; ; ; ; ; ; ; ; ; ;12;60,3212352781704
3365617;1;2;1; ; ; ; ; ; ; ; ; ; ; ; ;12;60,3212352781704
3365618;1;1;1; ; ; ; ; ; ; ; ; ; ; ; ;12;73,6650059152164
3365618;1;2;2;2;41; ;2; ; ;1;2; ; ;1; ;12;73,6650059152164
3365618;1;3;1; ; ; ; ; ; ; ; ; ; ; ; ;12;73,6650059152164
3365618;1;4;1; ; ; ; ; ; ; ; ; ; ; ; ;12;73,6650059152164
3365618;1;5;1; ; ; ; ; ; ; ; ; ; ; ; ;12;73,6650059152164
3365619;1;1;1; ; ; ; ; ; ; ; ; ; ; ; ;12;53,4037620938307
3365619;1;2;1; ; ; ; ; ; ; ; ; ; ; ; ;12;53,4037620938307
3365619;1;3;2;2;18; ;2; ; ;1;3;41; ;1; ;12;53,4037620938307
3365619;1;4;1; ; ; ; ; ; ; ; ; ; ; ; ;12;53,4037620938307
3365620;1;1;2;2;41; ;2; ; ;1;2; ; ;1; ;12;71,549875613693
3365620;1;2;1; ; ; ; ; ; ; ; ; ; ; ; ;12;71,549875613693
3365620;1;3;1; ; ; ; ; ; ; ; ; ; ; ; ;12;71,549875613693
3365620;1;4;1; ; ; ; ; ; ; ; ; ; ; ; ;12;71,549875613693
3365621;1;1;2;2;41; ;2; ; ;1;2; ; ;1; ;12;30,401969871227
3365621;1;2;2;2;41; ;2; ; ;1;2; ; ;1; ;12;30,401969871227
3365622;1;1;1; ; ; ; ; ; ; ; ; ; ; ; ;12;24,8518366347595
3365622;1;2;2;2;19; ;2; ; ;1;2; ; ;1; ;12;24,8518366347595
3365622;1;3;1; ; ; ; ; ; ; ; ; ; ; ; ;12;24,8518366347595
3365622;1;4;1; ; ; ; ; ; ; ; ; ; ; ; ;12;24,8518366347595
3365622;1;5;1; ; ; ; ; ; ; ; ; ; ; ; ;12;24,8518366347595
3365623;1;1;1; ; ; ; ; ; ; ; ; ; ; ; ;12;60,4425300728533
3365623;1;2;1; ; ; ; ; ; ; ; ; ; ; ; ;12;60,4425300728533
3365623;1;3;1; ; ; ; ; ; ; ; ; ; ; ; ;12;60,4425300728533
3365624;1;1;2;2;41; ;2; ; ;1;2; ; ;1; ;12;73,9957717636526
3365625;1;1;1; ; ; ; ; ; ; ; ; ; ; ; ;12;52,0101468503475
3365626;1;1;2;2;76; ;2; ; ;1;2; ; ;1; ;12;38,3356103648653
3365626;1;2;2;2;18; ;2; ; ;1;2; ; ;1; ;12;38,3356103648653
3365627;1;1;2;2;18; ;2; ; ;1;2; ; ;1; ;12;74,4784762279363
3365628;1;1;1; ; ; ; ; ; ; ; ; ; ; ; ;12;67,0817784318479
3365628;1;2;2;2;18; ;2; ; ;1;2; ; ;1; ;12;67,0817784318479
3365628;1;3;1; ; ; ; ; ; ; ; ; ; ; ; ;12;67,0817784318479
3365628;1;4;1; ; ; ; ; ; ; ; ; ; ; ; ;12;67,0817784318479
3365629;1;1;2;2;13; ;3;13; ;1;2; ; ;1; ;12;205,083441321003
3365629;1;2;2;2;13; ;3;13; ;1;2; ; ;1; ;12;205,083441321003
3365629;1;3;2;2;13; ;3;13; ;1;2; ; ;1; ;12;205,083441321003
3365629;1;4;2;2;13; ;3;13; ;1;2; ; ;1; ;12;205,083441321003
3365629;1;5;2;2;13; ;3;13; ;1;2; ; ;1; ;12;205,083441321003
3365629;1;6;2;2;13; ;3;13; ;1;2; ; ;1; ;12;205,083441321003
3365629;1;7;2;2;13; ;3;13; ;1;2; ; ;1; ;12;205,083441321003
3365629;1;8;2;2;13; ;3;13; ;1;2; ; ;1; ;12;205,083441321003
3365629;1;9;2;2;13; ;3;13; ;1;2; ; ;1; ;12;205,083441321003
3365629;1;10;2;2;13; ;1; ; ; ;2; ; ;1; ;12;205,083441321003
3365630;1;1;1; ; ; ; ; ; ; ; ; ; ; ; ;12;175,628120032684
3365630;1;2;2;2;20; ;2; ; ;1;2; ; ;1; ;12;175,628120032684
3365630;1;3;1; ; ; ; ; ; ; ; ; ; ; ; ;12;175,628120032684
3365630;1;4;1; ; ; ; ; ; ; ; ; ; ; ; ;12;175,628120032684
3365630;1;5;1; ; ; ; ; ; ; ; ; ; ; ; ;12;175,628120032684
3365631;1;1;2;2;20; ;2; ; ;1;2; ; ;1; ;12;154,268039910101
3365631;1;2;2;2;20; ;2; ; ;1;2; ; ;1; ;12;154,268039910101
3365631;1;3;2;2;20; ;2; ; ;1;2; ; ;1; ;12;154,268039910101
3365631;1;4;1; ; ; ; ; ; ; ; ; ; ; ; ;12;154,268039910101
3365631;1;5;1; ; ; ; ; ; ; ; ; ; ; ; ;12;154,268039910101
3365632;1;1;2;2;44; ;2; ; ;1;2; ; ;1; ;12;140,154034536333
3365632;1;2;2;2;13; ;2; ; ;1;2; ; ;1; ;12;140,154034536333
3365632;1;3;1; ; ; ; ; ; ; ; ; ; ; ; ;12;140,154034536333
3365632;1;4;1; ; ; ; ; ; ; ; ; ; ; ; ;12;140,154034536333
3365633;1;1;2;2;20; ;2; ; ;1;2; ; ;1; ;12;173,392832422944
3365633;1;2;2;1; ; ;3;44; ;1;2; ; ;1; ;12;173,392832422944
3365633;1;3;2;1; ; ;3;44; ;1;2; ; ;1; ;12;173,392832422944
3365634;1;1;2;2;20; ;2; ; ;1;2; ; ;1; ;12;244,292412413568
3365634;1;2;2;2;47; ;2; ; ;2;2; ; ;1; ;12;244,292412413568
3365634;1;3;2;3; ;3;2; ; ;1;2; ; ;1; ;12;244,292412413568
3365635;1;1;2;2;47; ;2; ; ;1;2; ; ;1; ;12;145,582344612239
3365635;1;2;2;2;08; ;2; ; ;1;2; ; ;1; ;12;145,582344612239
3365635;1;3;2;2;08; ;2; ; ;1;2; ; ;1; ;12;145,582344612239
3365635;1;4;2;2;08; ;2; ; ;1;2; ; ;1; ;12;145,582344612239
3365636;1;1;2;2;44; ;2; ; ;1;2; ; ;1; ;12;146,537480416559
3365636;1;2;2;2;44; ;2; ; ;1;2; ; ;1; ;12;146,537480416559
3365636;1;3;1; ; ; ; ; ; ; ; ; ; ; ; ;12;146,537480416559
3365637;1;1;2;2;47; ;2; ; ;1;2; ; ;1; ;12;334,118316942178
3365637;1;2;2;2;47; ;2; ; ;1;2; ; ;1; ;12;334,118316942178
3365637;1;3;1; ; ; ; ; ; ; ; ; ; ; ; ;12;334,118316942178
3365637;1;4;1; ; ; ; ; ; ; ; ; ; ; ; ;12;334,118316942178
3365637;1;5;1; ; ; ; ; ; ; ; ; ; ; ; ;12;334,118316942178
3365637;1;6;2;2;20; ;3;20; ;1;2; ; ;1; ;12;334,118316942178
3365637;1;7;1; ; ; ; ; ; ; ; ; ; ; ; ;12;334,118316942178
3365638;1;1;2;2;20; ;2; ; ;1;2; ; ;1; ;12;260,157460069109
3365638;1;2;1; ; ; ; ; ; ; ; ; ; ; ; ;12;260,157460069109
3365639;1;1;2;1; ; ;2; ; ;1;2; ; ;1; ;12;185,940197486925
3365639;1;2;1; ; ; ; ; ; ; ; ; ; ; ; ;12;185,940197486925
3365639;1;3;1; ; ; ; ; ; ; ; ; ; ; ; ;12;185,940197486925
3365639;1;4;1; ; ; ; ; ; ; ; ; ; ; ; ;12;185,940197486925
3365639;1;5;1; ; ; ; ; ; ; ; ; ; ; ; ;12;185,940197486925
3365639;1;6;1; ; ; ; ; ; ; ; ; ; ; ; ;12;185,940197486925
3365642;1;1;1; ; ; ; ; ; ; ; ; ; ; ; ;12;96,2622529533341
3365642;1;2;1; ; ; ; ; ; ; ; ; ; ; ; ;12;96,2622529533341
3365642;1;3;1; ; ; ; ; ; ; ; ; ; ; ; ;12;96,2622529533341
3365642;1;4;1; ; ; ; ; ; ; ; ; ; ; ; ;12;96,2622529533341
3365643;1;1;2;2;19; ;2; ; ;1;2; ; ;1; ;12;73,1447330621934
3365643;1;2;1; ; ; ; ; ; ; ; ; ; ; ; ;12;73,1447330621934
3365644;1;1;1; ; ; ; ; ; ; ; ; ; ; ; ;12;223,337586297378
3365644;1;2;1; ; ; ; ; ; ; ; ; ; ; ; ;12;223,337586297378
3365645;1;1;1; ; ; ; ; ; ; ; ; ; ; ; ;12;196,082832742164
3365645;1;2;1; ; ; ; ; ; ; ; ; ; ; ; ;12;196,082832742164
3365646;1;1;1; ; ; ; ; ; ; ; ; ; ; ; ;12;177,995108722979
3365646;1;2;2;2;19; ;2; ; ;1;2; ; ;1; ;12;177,995108722979
3365646;1;3;1; ; ; ; ; ; ; ; ; ; ; ; ;12;177,995108722979
3365646;1;4;1; ; ; ; ; ; ; ; ; ; ; ; ;12;177,995108722979
3365647;1;1;2;2;76; ;2; ; ;1;2; ; ;1; ;12;161,251298753727
3365647;1;2;1; ; ; ; ; ; ; ; ; ; ; ; ;12;161,251298753727
3365648;1;1;1; ; ; ; ; ; ; ; ; ; ; ; ;12;154,028393960177
3365648;1;2;1; ; ; ; ; ; ; ; ; ; ; ; ;12;154,028393960177
3365648;1;3;1; ; ; ; ; ; ; ; ; ; ; ; ;12;154,028393960177
3365648;1;4;1; ; ; ; ; ; ; ; ; ; ; ; ;12;154,028393960177
3365649;1;1;1; ; ; ; ; ; ; ; ; ; ; ; ;12;101,733942469141
3365649;1;2;1; ; ; ; ; ; ; ; ; ; ; ; ;12;101,733942469141
3365650;1;1;1; ; ; ; ; ; ; ; ; ; ; ; ;12;77,9473560848369
3365650;1;2;1; ; ; ; ; ; ; ; ; ; ; ; ;12;77,9473560848369
3365650;1;3;1; ; ; ; ; ; ; ; ; ; ; ; ;12;77,9473560848369
3365650;1;4;1; ; ; ; ; ; ; ; ; ; ; ; ;12;77,9473560848369
3365650;1;5;1; ; ; ; ; ; ; ; ; ; ; ; ;12;77,9473560848369
3365651;1;1;1; ; ; ; ; ; ; ; ; ; ; ; ;12;74,0926343256879
3365651;1;2;1; ; ; ; ; ; ; ; ; ; ; ; ;12;74,0926343256879
3365651;1;3;1; ; ; ; ; ; ; ; ; ; ; ; ;12;74,0926343256879
3365651;1;4;1; ; ; ; ; ; ; ; ; ; ; ; ;12;74,0926343256879
3365651;1;5;1; ; ; ; ; ; ; ; ; ; ; ; ;12;74,0926343256879
3365652;1;1;2;2;19; ;2; ; ;1;2; ; ;1; ;12;84,2320734415285
3365653;1;1;2;2;52; ;2; ; ;1;2; ; ;1; ;12;86,8290224333393
3365653;1;2;1; ; ; ; ; ; ; ; ; ; ; ; ;12;86,8290224333393
3365653;1;3;1; ; ; ; ; ; ; ; ; ; ; ; ;12;86,8290224333393
3365654;1;1;1; ; ; ; ; ; ; ; ; ; ; ; ;12;107,937315525617
3365654;1;2;1; ; ; ; ; ; ; ; ; ; ; ; ;12;107,937315525617
3365654;1;3;1; ; ; ; ; ; ; ; ; ; ; ; ;12;107,937315525617
3365655;1;1;1; ; ; ; ; ; ; ; ; ; ; ; ;12;88,2417605310585
3365655;1;2;1; ; ; ; ; ; ; ; ; ; ; ; ;12;88,2417605310585
3365655;1;3;1; ; ; ; ; ; ; ; ; ; ; ; ;12;88,2417605310585
3365655;1;4;1; ; ; ; ; ; ; ; ; ; ; ; ;12;88,2417605310585
3365656;1;1;1; ; ; ; ; ; ; ; ; ; ; ; ;12;214,662044562656
3365656;1;2;1; ; ; ; ; ; ; ; ; ; ; ; ;12;214,662044562656
3365656;1;3;1; ; ; ; ; ; ; ; ; ; ; ; ;12;214,662044562656
3365657;1;1;1; ; ; ; ; ; ; ; ; ; ; ; ;12;146,326608227069
3365657;1;2;1; ; ; ; ; ; ; ; ; ; ; ; ;12;146,326608227069
3365658;1;1;1; ; ; ; ; ; ; ; ; ; ; ; ;12;110,379299187046
3365658;1;2;1; ; ; ; ; ; ; ; ; ; ; ; ;12;110,379299187046
3365664;1;1;1; ; ; ; ; ; ; ; ; ; ; ; ;12;204,980367332849
3365664;1;2;1; ; ; ; ; ; ; ; ; ; ; ; ;12;204,980367332849
3365664;1;3;1; ; ; ; ; ; ; ; ; ; ; ; ;12;204,980367332849
3365664;1;4;1; ; ; ; ; ; ; ; ; ; ; ; ;12;204,980367332849
3365664;1;5;1; ; ; ; ; ; ; ; ; ; ; ; ;12;204,980367332849
3365665;1;1;2;2;13; ;2; ; ;1;2; ; ;1; ;12;142,869848595543
3365665;1;2;1; ; ; ; ; ; ; ; ; ; ; ; ;12;142,869848595543
3365665;1;3;1; ; ; ; ; ; ; ; ; ; ; ; ;12;142,869848595543
3365665;1;4;1; ; ; ; ; ; ; ; ; ; ; ; ;12;142,869848595543
3365666;1;1;1; ; ; ; ; ; ; ; ; ; ; ; ;12;117,244876466205
3365666;1;2;2;2;20; ;2; ; ;1;2; ; ;1; ;12;117,244876466205
3365666;1;3;1; ; ; ; ; ; ; ; ; ; ; ; ;12;117,244876466205
3365666;1;4;1; ; ; ; ; ; ; ; ; ; ; ; ;12;117,244876466205
3365667;1;1;1; ; ; ; ; ; ; ; ; ; ; ; ;12;185,420339311462
3365667;1;2;2;2;68; ;2; ; ;1;2; ; ;1; ;12;185,420339311462
3365667;1;3;1; ; ; ; ; ; ; ; ; ; ; ; ;12;185,420339311462
3365667;1;4;1; ; ; ; ; ; ; ; ; ; ; ; ;12;185,420339311462
3365668;1;1;2;2;41; ;2; ; ;1;2; ; ;1; ;12;117,244876466205
3365668;1;2;1; ; ; ; ; ; ; ; ; ; ; ; ;12;117,244876466205
3365668;1;3;1; ; ; ; ; ; ; ; ; ; ; ; ;12;117,244876466205
3365668;1;4;1; ; ; ; ; ; ; ; ; ; ; ; ;12;117,244876466205
3365669;1;1;1; ; ; ; ; ; ; ; ; ; ; ; ;12;173,392832422944
3365669;1;2;1; ; ; ; ; ; ; ; ; ; ; ; ;12;173,392832422944
3365669;1;3;1; ; ; ; ; ; ; ; ; ; ; ; ;12;173,392832422944
3365670;1;1;1; ; ; ; ; ; ; ; ; ; ; ; ;12;169,386190907612
3365670;1;2;1; ; ; ; ; ; ; ; ; ; ; ; ;12;169,386190907612
3365670;1;3;1; ; ; ; ; ; ; ; ; ; ; ; ;12;169,386190907612
3365670;1;4;1; ; ; ; ; ; ; ; ; ; ; ; ;12;169,386190907612
3365670;1;5;1; ; ; ; ; ; ; ; ; ; ; ; ;12;169,386190907612
3365670;1;6;1; ; ; ; ; ; ; ; ; ; ; ; ;12;169,386190907612
3365670;1;7;1; ; ; ; ; ; ; ; ; ; ; ; ;12;169,386190907612
3365671;1;1;1; ; ; ; ; ; ; ; ; ; ; ; ;12;125,562670546138
3365671;1;2;1; ; ; ; ; ; ; ; ; ; ; ; ;12;125,562670546138
3365671;1;3;1; ; ; ; ; ; ; ; ; ; ; ; ;12;125,562670546138
3365672;1;1;1; ; ; ; ; ; ; ; ; ; ; ; ;12;134,499533325663
3365672;1;2;1; ; ; ; ; ; ; ; ; ; ; ; ;12;134,499533325663
3365672;1;3;1; ; ; ; ; ; ; ; ; ; ; ; ;12;134,499533325663
3365673;1;1;1; ; ; ; ; ; ; ; ; ; ; ; ;12;168,501942884745
3365673;1;2;2;2;47; ;2; ; ;1;2; ; ;1; ;12;168,501942884745
3365673;1;3;1; ; ; ; ; ; ; ; ; ; ; ; ;12;168,501942884745
3365674;1;1;1; ; ; ; ; ; ; ; ; ; ; ; ;12;146,537480416559
3365674;1;2;1; ; ; ; ; ; ; ; ; ; ; ; ;12;146,537480416559
3365674;1;3;1; ; ; ; ; ; ; ; ; ; ; ; ;12;146,537480416559
3365676;1;1;1; ; ; ; ; ; ; ; ; ; ; ; ;12;266,055714776787
3365676;1;2;1; ; ; ; ; ; ; ; ; ; ; ; ;12;266,055714776787
3365677;1;1;2;2;47; ;2; ; ;1;2; ; ;1; ;12;117,570696696566
3365677;1;2;1; ; ; ; ; ; ; ; ; ; ; ; ;12;117,570696696566
3365677;1;3;1; ; ; ; ; ; ; ; ; ; ; ; ;12;117,570696696566
3365679;1;1;2;2;41; ;2; ; ;1;2; ; ;1; ;12;70,4047917758366
3365679;1;2;1; ; ; ; ; ; ; ; ; ; ; ; ;12;70,4047917758366
3365679;1;3;1; ; ; ; ; ; ; ; ; ; ; ; ;12;70,4047917758366
3365680;1;1;1; ; ; ; ; ; ; ; ; ; ; ; ;12;67,0817784318479
3365680;1;2;1; ; ; ; ; ; ; ; ; ; ; ; ;12;67,0817784318479
3365680;1;3;1; ; ; ; ; ; ; ; ; ; ; ; ;12;67,0817784318479
3365680;1;4;1; ; ; ; ; ; ; ; ; ; ; ; ;12;67,0817784318479
3365681;1;1;2;2;18; ;2; ; ;1;2; ; ;1; ;12;58,393614523702
3365681;1;2;2;1; ; ;2; ; ;1;2; ; ;1; ;12;58,393614523702
3365681;1;3;1; ; ; ; ; ; ; ; ; ; ; ; ;12;58,393614523702
3365682;1;1;2;2;18; ;3;18; ;2;2; ; ;1; ;12;63,5814494175502
3365682;1;2;2;1; ; ;3;18; ;2;2; ; ;1; ;12;63,5814494175502
3365682;1;3;2;1; ; ;3;18; ;2;2; ; ;1; ;12;63,5814494175502
3365682;1;4;1; ; ; ; ; ; ; ; ; ; ; ; ;12;63,5814494175502
3365683;1;1;2;2;25; ;2; ; ;1;2; ; ;1; ;12;44,6099692017241
3365683;1;2;2;2;25; ;2; ; ;1;2; ; ;1; ;12;44,6099692017241
3365683;1;3;2;2;25; ;2; ; ;1;2; ; ;1; ;12;44,6099692017241
3365684;1;1;2;2;41; ;2; ; ;1;2; ; ;1; ;12;75,6113741076056
3365684;1;2;2;2;41; ;2; ; ;1;3;11; ;1; ;12;75,6113741076056
3365685;1;1;2;2;47; ;2; ; ;1;2; ; ;1; ;12;172,596925945492
3365685;1;2;2;2;47; ;2; ; ;1;2; ; ;1; ;12;172,596925945492
3365685;1;3;2;2;47; ;2; ; ;1;2; ; ;1; ;12;172,596925945492
3365685;1;4;1; ; ; ; ; ; ; ; ; ; ; ; ;12;172,596925945492
3365685;1;5;1; ; ; ; ; ; ; ; ; ; ; ; ;12;172,596925945492
3365686;1;1;2;2;54; ;2; ; ;1;2; ; ;1; ;12;237,701310347949
3365686;1;2;1; ; ; ; ; ; ; ; ; ; ; ; ;12;237,701310347949
3365686;1;3;2;2;54; ;2; ; ;1;2; ; ;1; ;12;237,701310347949
3365686;1;4;1; ; ; ; ; ; ; ; ; ; ; ; ;12;237,701310347949
3365686;2;1;2;2;76; ;2; ; ;1;2; ; ;1; ;12;237,701310347949
3365686;2;2;2;2;20; ;3;20; ;1;2; ; ;1; ;12;237,701310347949
3365687;1;1;2;2;68; ;2; ; ;1;2; ; ;1; ;12;261,946836519602
3365687;1;2;2;2;68; ;2; ; ;1;2; ; ;1; ;12;261,946836519602
3365687;1;3;2;2;68; ;2; ; ;1;2; ; ;1; ;12;261,946836519602
3365687;1;4;2;2;88; ;2; ; ;1;2; ; ;1; ;12;261,946836519602
3365687;1;5;1; ; ; ; ; ; ; ; ; ; ; ; ;12;261,946836519602
3365688;1;1;2;2;20; ;3;20; ;1;2; ; ;1; ;12;337,003885769489
3365688;1;2;1; ; ; ; ; ; ; ; ; ; ; ; ;12;337,003885769489
3365688;1;3;1; ; ; ; ; ; ; ; ; ; ; ; ;12;337,003885769489
3365689;1;1;2;2;20; ;3;13; ;1;2; ; ;1; ;12;185,940197486925
3365689;1;2;2;2;20; ;2; ; ;1;2; ; ;1; ;12;185,940197486925
3365689;1;3;2;2;13; ;3;13; ;1;2; ; ;1; ;12;185,940197486925
3365689;1;4;2;2;13; ;1; ; ; ;2; ; ;1; ;12;185,940197486925
3365689;1;5;2;2;20; ;2; ; ;1;2; ; ;1; ;12;185,940197486925
3365689;1;6;2;2;20; ;2; ; ;1;2; ; ;1; ;12;185,940197486925
3365690;1;1;2;2;66; ;2; ; ;1;2; ; ;1; ;12;159,169369650679
3365690;1;2;2;2;73; ;2; ; ;1;2; ; ;1; ;12;159,169369650679
3365690;1;3;2;2;41; ;2; ; ;1;2; ; ;1; ;12;159,169369650679
3365690;1;4;1; ; ; ; ; ; ; ; ; ; ; ; ;12;159,169369650679
3365691;1;1;1; ; ; ; ; ; ; ; ; ; ; ; ;12;198,062668747961
3365691;1;2;1; ; ; ; ; ; ; ; ; ; ; ; ;12;198,062668747961
3365691;1;3;1; ; ; ; ; ; ; ; ; ; ; ; ;12;198,062668747961
3365691;1;4;1; ; ; ; ; ; ; ; ; ; ; ; ;12;198,062668747961
3365692;1;1;2;2;20; ;3;20; ;1;2; ; ;1; ;12;156,379471623709
3365692;1;2;1; ; ; ; ; ; ; ; ; ; ; ; ;12;156,379471623709
3365692;1;3;1; ; ; ; ; ; ; ; ; ; ; ; ;12;156,379471623709
3365692;1;4;1; ; ; ; ; ; ; ; ; ; ; ; ;12;156,379471623709
3365692;1;5;1; ; ; ; ; ; ; ; ; ; ; ; ;12;156,379471623709
3365693;1;1;2;2;73; ;3;73; ;1;2; ; ;1; ;12;185,816243094013
3365693;1;2;2;2;25; ;2; ; ;1;2; ; ;1; ;12;185,816243094013
3365693;1;3;1; ; ; ; ; ; ; ; ; ; ; ; ;12;185,816243094013
3365694;1;1;2;2;20; ;3;68; ;1;2; ; ;1; ;12;294,786060487647
3365694;1;2;2;2;20; ;3;68; ;1;2; ; ;1; ;12;294,786060487647
3365695;1;1;2;2;20; ;2; ; ;1;2; ; ;1; ;12;322,730651068853
3365695;1;2;2;2;44; ;2; ; ;1;2; ; ;1; ;12;322,730651068853
3365696;1;1;1; ; ; ; ; ; ; ; ; ; ; ; ;12;254,746712355447
3365697;1;1;1; ; ; ; ; ; ; ; ; ; ; ; ;12;170,737230494484
3365697;1;2;2;2;20; ;2; ; ;1;2; ; ;1; ;12;170,737230494484
3365697;1;3;1; ; ; ; ; ; ; ; ; ; ; ; ;12;170,737230494484
3365697;1;4;1; ; ; ; ; ; ; ; ; ; ; ; ;12;170,737230494484
3365697;1;5;1; ; ; ; ; ; ; ; ; ; ; ; ;12;170,737230494484
3365699;1;1;1; ; ; ; ; ; ; ; ; ; ; ; ;12;68,8069621948324
3365699;1;2;1; ; ; ; ; ; ; ; ; ; ; ; ;12;68,8069621948324
3365699;1;3;1; ; ; ; ; ; ; ; ; ; ; ; ;12;68,8069621948324
3365700;1;1;1; ; ; ; ; ; ; ; ; ; ; ; ;12;107,331022281328
3365700;1;2;1; ; ; ; ; ; ; ; ; ; ; ; ;12;107,331022281328
3365700;1;3;1; ; ; ; ; ; ; ; ; ; ; ; ;12;107,331022281328
3365701;1;1;2;2;15; ;2; ; ;1;2; ; ;1; ;12;208,565490751219
3365701;1;2;2;2;19; ;2; ; ;1;2; ; ;1; ;12;208,565490751219
3365701;1;3;1; ; ; ; ; ; ; ; ; ; ; ; ;12;208,565490751219
3365701;1;4;1; ; ; ; ; ; ; ; ; ; ; ; ;12;208,565490751219
3365702;1;1;1; ; ; ; ; ; ; ; ; ; ; ; ;12;255,762336429318
3365702;1;2;2;2;19; ;2; ; ;1;2; ; ;1; ;12;255,762336429318
3365702;1;3;2;2;19; ;2; ; ;1;2; ; ;1; ;12;255,762336429318
3365703;1;1;2;2;19; ;2; ; ;1;2; ; ;1; ;12;181,880128047339
3365703;1;2;2;2;19; ;2; ; ;1;2; ; ;1; ;12;181,880128047339
3365703;1;3;2;2;19; ;2; ; ;1;2; ; ;1; ;12;181,880128047339
3365703;1;4;2;2;19; ;2; ; ;1;2; ; ;1; ;12;181,880128047339
3365703;1;5;2;2;19; ;2; ; ;1;2; ; ;1; ;12;181,880128047339
3365703;1;6;2;2;19; ;2; ; ;1;2; ; ;1; ;12;181,880128047339
3365704;1;1;2;2;19; ;2; ; ;1;2; ; ;1; ;12;200,16978948165
3365704;1;2;2;2;86; ;2; ; ;1;2; ; ;1; ;12;200,16978948165
3365704;1;3;2;2;86; ;2; ; ;1;2; ; ;1; ;12;200,16978948165
3365705;1;1;2;2;52; ;2; ; ;1;2; ; ;1; ;12;93,9114334563227
3365705;1;2;2;2;52; ;2; ; ;1;2; ; ;1; ;12;93,9114334563227
3365705;1;3;2;2;52; ;2; ; ;1;2; ; ;1; ;12;93,9114334563227
3365705;1;4;2;2;52; ;2; ; ;1;2; ; ;1; ;12;93,9114334563227
3365705;1;5;2;2;52; ;2; ; ;1;2; ; ;1; ;12;93,9114334563227
3365706;1;1;1; ; ; ; ; ; ; ; ; ; ; ; ;12;63,3834187643677
3365706;1;2;2;2;19; ;2; ; ;1;2; ; ;1; ;12;63,3834187643677
3365706;1;3;2;2;19; ;2; ; ;1;2; ; ;1; ;12;63,3834187643677
3365706;1;4;1; ; ; ; ; ; ; ; ; ; ; ; ;12;63,3834187643677
3365706;1;5;1; ; ; ; ; ; ; ; ; ; ; ; ;12;63,3834187643677
3365707;1;1;2;2;19; ;2; ; ;1;2; ; ;1; ;12;120,418212968514
3365707;1;2;2;2;19; ;2; ; ;1;2; ; ;1; ;12;120,418212968514
3365707;1;3;2;2;19; ;2; ; ;1;2; ; ;1; ;12;120,418212968514
3365707;1;4;2;2;19; ;2; ; ;1;2; ; ;1; ;12;120,418212968514
3365707;1;5;2;2;19; ;2; ; ;1;2; ; ;1; ;12;120,418212968514
3365708;1;1;2;2;52; ;3;52; ;1;2; ; ;1; ;12;114,110776810119
3365709;1;1;2;2;19; ;2; ; ;1;2; ; ;1; ;12;157,953203297095
3365709;1;2;2;2;19; ;2; ; ;1;2; ; ;1; ;12;157,953203297095
3365709;1;3;1; ; ; ; ; ; ; ; ; ; ; ; ;12;157,953203297095
3365710;1;1;2;2;19; ;3;76; ;1;2; ; ;1; ;12;192,524505906668
3365710;1;2;2;2;52; ;3;76; ;1;2; ; ;1; ;12;192,524505906668
3365710;1;3;2;2;52; ;3;76; ;1;2; ; ;1; ;12;192,524505906668
3365710;1;4;2;2;76; ;1; ; ; ;2; ; ;1; ;12;192,524505906668
3365711;1;1;1; ; ; ; ; ; ; ; ; ; ; ; ;12;141,778784179177
3365711;1;2;1; ; ; ; ; ; ; ; ; ; ; ; ;12;141,778784179177
3365711;1;3;1; ; ; ; ; ; ; ; ; ; ; ; ;12;141,778784179177
3365712;1;1;2;2;19; ;2; ; ;1;2; ; ;1; ;12;80,5005958184561
3365712;1;2;1; ; ; ; ; ; ; ; ; ; ; ; ;12;80,5005958184561
3365713;1;1;1; ; ; ; ; ; ; ; ; ; ; ; ;12;107,937315525617
3365713;1;2;1; ; ; ; ; ; ; ; ; ; ; ; ;12;107,937315525617
3365713;1;3;1; ; ; ; ; ; ; ; ; ; ; ; ;12;107,937315525617
3365714;1;1;2;2;19; ;2; ; ;1;2; ; ;1; ;12;94,3099387480096
3365714;1;2;2;2;19; ;2; ; ;1;2; ; ;1; ;12;94,3099387480096
3365714;1;3;2;2;19; ;2; ; ;1;2; ; ;1; ;12;94,3099387480096
3365715;1;1;2;2;76; ;2; ; ;1;2; ; ;1; ;12;192,524505906668
3365715;1;2;2;2;19; ;2; ; ;1;2; ; ;1; ;12;192,524505906668
3365715;1;3;1; ; ; ; ; ; ; ; ; ; ; ; ;12;192,524505906668
3365715;1;4;1; ; ; ; ; ; ; ; ; ; ; ; ;12;192,524505906668
3365716;1;1;2;2;19; ;2; ; ;1;2; ; ;1; ;12;81,1837965358101
3365716;1;2;1; ; ; ; ; ; ; ; ; ; ; ; ;12;81,1837965358101
3365717;1;1;2;2;63; ;2; ; ;1;2; ; ;1; ;12;75,5867167236232
3365718;1;1;1; ; ; ; ; ; ; ; ; ; ; ; ;12;196,004929692138
3365718;1;2;1; ; ; ; ; ; ; ; ; ; ; ; ;12;196,004929692138
3365718;1;3;1; ; ; ; ; ; ; ; ; ; ; ; ;12;196,004929692138
3365719;1;1;2;2;19; ;2; ; ;1;2; ; ;1; ;12;209,778077239797
3365719;1;2;1; ; ; ; ; ; ; ; ; ; ; ; ;12;209,778077239797
3365719;1;3;1; ; ; ; ; ; ; ; ; ; ; ; ;12;209,778077239797
3365719;1;4;1; ; ; ; ; ; ; ; ; ; ; ; ;12;209,778077239797
3365720;1;1;1; ; ; ; ; ; ; ; ; ; ; ; ;12;114,110776810119
3365721;1;1;2;2;76; ;2; ; ;1;2; ; ;1; ;12;114,110776810119
3365722;1;1;2;2;52; ;2; ; ;1;2; ; ;1; ;12;175,416120799694
3365722;1;2;1; ; ; ; ; ; ; ; ; ; ; ; ;12;175,416120799694
3365722;1;3;1; ; ; ; ; ; ; ; ; ; ; ; ;12;175,416120799694
3365722;1;4;1; ; ; ; ; ; ; ; ; ; ; ; ;12;175,416120799694
3365723;1;1;2;2;05; ;2; ; ;1;2; ; ;1; ;12;168,501942884745
3365723;1;2;2;2;05; ;2; ; ;1;2; ; ;1; ;12;168,501942884745
3365723;1;3;2;2;05; ;2; ; ;1;2; ; ;1; ;12;168,501942884745
3365729;1;1;1; ; ; ; ; ; ; ; ; ; ; ; ;12;93,0024837178414
3365730;1;1;1; ; ; ; ; ; ; ; ; ; ; ; ;12;110,379299187046
3365730;1;2;2;2;76; ;2; ; ;1;2; ; ;1; ;12;110,379299187046
3365731;1;1;1; ; ; ; ; ; ; ; ; ; ; ; ;12;79,1695229269806
3365731;1;2;1; ; ; ; ; ; ; ; ; ; ; ; ;12;79,1695229269806
3365731;1;3;2;1; ; ;3;05; ;1;3;05; ;1; ;12;79,1695229269806
3365731;1;4;2;1; ; ;3;05; ;1;2; ; ;1; ;12;79,1695229269806
3365731;1;5;2;2;05; ;1; ; ; ;3;05; ;1; ;12;79,1695229269806
3365731;1;6;2;2;05; ;1; ; ; ;3;05; ;1; ;12;79,1695229269806
3365731;1;7;2;2;05; ;3;05; ;1;3;05; ;1; ;12;79,1695229269806
3365732;1;1;1; ; ; ; ; ; ; ; ; ; ; ; ;12;110,379299187046
3365732;1;2;1; ; ; ; ; ; ; ; ; ; ; ; ;12;110,379299187046
3365733;1;1;2;2;19; ;2; ; ;1;2; ; ;1; ;12;151,233256991193
3365733;1;2;1; ; ; ; ; ; ; ; ; ; ; ; ;12;151,233256991193
3365733;1;3;1; ; ; ; ; ; ; ; ; ; ; ; ;12;151,233256991193
3365733;1;4;1; ; ; ; ; ; ; ; ; ; ; ; ;12;151,233256991193
3365734;1;1;2;2;19; ;2; ; ;1;2; ; ;1; ;12;87,9635510646008
3365734;1;2;1; ; ; ; ; ; ; ; ; ; ; ; ;12;87,9635510646008
3365734;1;3;1; ; ; ; ; ; ; ; ; ; ; ; ;12;87,9635510646008
3365734;1;4;1; ; ; ; ; ; ; ; ; ; ; ; ;12;87,9635510646008
3365734;1;5;2;2;19; ;2; ; ;1;2; ; ;1; ;12;87,9635510646008
3365734;1;6;2;2;19; ;2; ; ;1;2; ; ;1; ;12;87,9635510646008
3365735;1;1;2;2;52; ;2; ; ;1;2; ; ;1; ;12;151,173433447246
3365736;1;1;2;2;63; ;2; ; ;1;2; ; ;1; ;12;110,379299187046
3365736;1;2;1; ; ; ; ; ; ; ; ; ; ; ; ;12;110,379299187046
3365737;1;1;1; ; ; ; ; ; ; ; ; ; ; ; ;12;133,478248026846
3365737;1;2;1; ; ; ; ; ; ; ; ; ; ; ; ;12;133,478248026846
3365737;1;3;1; ; ; ; ; ; ; ; ; ; ; ; ;12;133,478248026846
3365737;1;4;1; ; ; ; ; ; ; ; ; ; ; ; ;12;133,478248026846
3365738;1;1;1; ; ; ; ; ; ; ; ; ; ; ; ;12;67,7642077108047
3365738;1;2;1; ; ; ; ; ; ; ; ; ; ; ; ;12;67,7642077108047
3365738;1;3;2;2;18; ;2; ; ;1;2; ; ;1; ;12;67,7642077108047
3365738;1;4;2;2;18; ;2; ; ;1;2; ; ;1; ;12;67,7642077108047
3365739;1;1;2;2;19; ;2; ; ;1;2; ; ;1; ;12;101,733942469141
3365739;1;2;2;2;19; ;2; ; ;1;2; ; ;1; ;12;101,733942469141
3365740;1;1;2;2;19; ;2; ; ;1;2; ; ;1; ;12;85,2660767384174
3365740;1;2;1; ; ; ; ; ; ; ; ; ; ; ; ;12;85,2660767384174
3365740;1;3;1; ; ; ; ; ; ; ; ; ; ; ; ;12;85,2660767384174
3365740;1;4;1; ; ; ; ; ; ; ; ; ; ; ; ;12;85,2660767384174
3365740;1;5;2;2;19; ;2; ; ;1;2; ; ;1; ;12;85,2660767384174
3365741;1;1;1; ; ; ; ; ; ; ; ; ; ; ; ;12;66,3835495847438
3365741;1;2;1; ; ; ; ; ; ; ; ; ; ; ; ;12;66,3835495847438
3365741;1;3;1; ; ; ; ; ; ; ; ; ; ; ; ;12;66,3835495847438
3365741;1;4;1; ; ; ; ; ; ; ; ; ; ; ; ;12;66,3835495847438
3365742;1;1;1; ; ; ; ; ; ; ; ; ; ; ; ;12;157,953203297095
3365742;1;2;1; ; ; ; ; ; ; ; ; ; ; ; ;12;157,953203297095
3365742;1;3;1; ; ; ; ; ; ; ; ; ; ; ; ;12;157,953203297095
3365743;1;1;2;2;19; ;2; ; ;1;2; ; ;1; ;12;163,580179560198
3365743;1;2;1; ; ; ; ; ; ; ; ; ; ; ; ;12;163,580179560198
3365744;1;1;2;1; ; ;4; ;1; ;4; ;1; ;4;12;151,173433447246
3365745;1;1;2;2;19; ;2; ; ;1;2; ; ;1; ;12;75,8649261900809
3365745;1;2;2;2;19; ;2; ; ;1;2; ; ;1; ;12;75,8649261900809
3365745;1;3;1; ; ; ; ; ; ; ; ; ; ; ; ;12;75,8649261900809
3365745;1;4;1; ; ; ; ; ; ; ; ; ; ; ; ;12;75,8649261900809
3365745;1;5;1; ; ; ; ; ; ; ; ; ; ; ; ;12;75,8649261900809
3365746;1;1;2;2;19; ;2; ; ;1;2; ; ;1; ;12;80,6256493768637
3365746;1;2;1; ; ; ; ; ; ; ; ; ; ; ; ;12;80,6256493768637
3365747;1;1;1; ; ; ; ; ; ; ; ; ; ; ; ;12;195,139415967005
3365747;1;2;1; ; ; ; ; ; ; ; ; ; ; ; ;12;195,139415967005
3365747;1;3;1; ; ; ; ; ; ; ; ; ; ; ; ;12;195,139415967005
3365747;1;4;1; ; ; ; ; ; ; ; ; ; ; ; ;12;195,139415967005
3365747;1;5;1; ; ; ; ; ; ; ; ; ; ; ; ;12;195,139415967005
3365747;1;6;1; ; ; ; ; ; ; ; ; ; ; ; ;12;195,139415967005
3365748;1;1;1; ; ; ; ; ; ; ; ; ; ; ; ;12;107,331022281328
3365748;1;2;1; ; ; ; ; ; ; ; ; ; ; ; ;12;107,331022281328
3365748;1;3;1; ; ; ; ; ; ; ; ; ; ; ; ;12;107,331022281328
3365749;1;1;2;1; ; ;3;76; ;1;2; ; ;1; ;12;200,16978948165
3365749;1;2;2;1; ; ;3;76; ;1;2; ; ;1; ;12;200,16978948165
3365749;1;3;2;1; ; ;3;76; ;1;2; ; ;1; ;12;200,16978948165
3365753;1;1;2;2;47; ;2; ; ;1;2; ; ;1; ;12;123,225197907236
3365753;1;2;1; ; ; ; ; ; ; ; ; ; ; ; ;12;123,225197907236
3365753;1;3;1; ; ; ; ; ; ; ; ; ; ; ; ;12;123,225197907236
3365753;1;4;1; ; ; ; ; ; ; ; ; ; ; ; ;12;123,225197907236
3365754;1;1;1; ; ; ; ; ; ; ; ; ; ; ; ;12;139,910281039325
3365754;1;2;1; ; ; ; ; ; ; ; ; ; ; ; ;12;139,910281039325
3365754;1;3;1; ; ; ; ; ; ; ; ; ; ; ; ;12;139,910281039325
3365754;1;4;1; ; ; ; ; ; ; ; ; ; ; ; ;12;139,910281039325
3365754;1;5;1; ; ; ; ; ; ; ; ; ; ; ; ;12;139,910281039325
3365755;1;1;1; ; ; ; ; ; ; ; ; ; ; ; ;12;124,707314046885
3365755;1;2;1; ; ; ; ; ; ; ; ; ; ; ; ;12;124,707314046885
3365755;1;3;1; ; ; ; ; ; ; ; ; ; ; ; ;12;124,707314046885
3365755;1;4;1; ; ; ; ; ; ; ; ; ; ; ; ;12;124,707314046885
3365756;1;1;1; ; ; ; ; ; ; ; ; ; ; ; ;12;197,843749982531
3365756;1;2;1; ; ; ; ; ; ; ; ; ; ; ; ;12;197,843749982531
3365756;1;3;1; ; ; ; ; ; ; ; ; ; ; ; ;12;197,843749982531
3365756;1;4;1; ; ; ; ; ; ; ; ; ; ; ; ;12;197,843749982531
3365757;1;1;1; ; ; ; ; ; ; ; ; ; ; ; ;12;179,047333633614
3365757;1;2;1; ; ; ; ; ; ; ; ; ; ; ; ;12;179,047333633614
3365757;1;3;1; ; ; ; ; ; ; ; ; ; ; ; ;12;179,047333633614
3365757;1;4;1; ; ; ; ; ; ; ; ; ; ; ; ;12;179,047333633614
3365758;1;1;2;2;13; ;2; ; ;1;2; ; ;1; ;12;132,314017644294
3365758;1;2;2;2;13; ;2; ; ;1;2; ; ;1; ;12;132,314017644294
3365758;1;3;2;2;13; ;2; ; ;1;2; ; ;1; ;12;132,314017644294
3365758;1;4;2;2;13; ;2; ; ;1;2; ; ;1; ;12;132,314017644294
3365763;1;1;2;2;08; ;2; ; ;1;2; ; ;1; ;12;74,7944930637854
3365763;1;2;2;2;20; ;2; ; ;1;2; ; ;1; ;12;74,7944930637854
3365763;1;3;1; ; ; ; ; ; ; ; ; ; ; ; ;12;74,7944930637854
3365763;1;4;1; ; ; ; ; ; ; ; ; ; ; ; ;12;74,7944930637854
3365763;1;5;2;2;20; ;2; ; ;1;2; ; ;1; ;12;74,7944930637854
3365764;1;1;2;2;25; ;2; ; ;1;2; ; ;1; ;12;135,019391501126
3365764;1;2;2;2;25; ;2; ; ;1;2; ; ;1; ;12;135,019391501126
3365764;1;3;2;2;25; ;2; ; ;1;2; ; ;1; ;12;135,019391501126
3365764;1;4;2;2;25; ;2; ; ;1;2; ; ;1; ;12;135,019391501126
3365764;1;5;1; ; ; ; ; ; ; ; ; ; ; ; ;12;135,019391501126
3365765;1;1;2;2;68; ;2; ; ;1;2; ; ;1; ;12;209,224185606835
3365765;1;2;2;2;68; ;2; ; ;1;2; ; ;1; ;12;209,224185606835
3365765;1;3;2;2;08; ;2; ; ;1;2; ; ;1; ;12;209,224185606835
3365765;1;4;2;2;73; ;3;68; ;1;2; ; ;1; ;12;209,224185606835
3365765;1;5;2;2;68; ;3;68; ;1;2; ; ;1; ;12;209,224185606835
3365765;1;6;2;2;68; ;3;68; ;1;2; ; ;1; ;12;209,224185606835
3365765;1;7;2;2;68; ;3;68; ;1;2; ; ;1; ;12;209,224185606835
3365766;1;1;1; ; ; ; ; ; ; ; ; ; ; ; ;12;176,618064455239
3365766;1;2;1; ; ; ; ; ; ; ; ; ; ; ; ;12;176,618064455239
3365766;1;3;1; ; ; ; ; ; ; ; ; ; ; ; ;12;176,618064455239
3365766;1;4;2;2;20; ;2; ; ;1;2; ; ;1; ;12;176,618064455239
3365766;1;5;1; ; ; ; ; ; ; ; ; ; ; ; ;12;176,618064455239
3365766;1;6;1; ; ; ; ; ; ; ; ; ; ; ; ;12;176,618064455239
3365767;1;1;1; ; ; ; ; ; ; ; ; ; ; ; ;12;113,517601295377
3365767;1;2;1; ; ; ; ; ; ; ; ; ; ; ; ;12;113,517601295377
3365767;1;3;1; ; ; ; ; ; ; ; ; ; ; ; ;12;113,517601295377
3365767;1;4;1; ; ; ; ; ; ; ; ; ; ; ; ;12;113,517601295377
3365770;1;1;2;2;05; ;2; ; ;1;2; ; ;1; ;12;113,786331139283
3365771;1;1;1; ; ; ; ; ; ; ; ; ; ; ; ;12;113,786331139283
3365772;1;1;1; ; ; ; ; ; ; ; ; ; ; ; ;12;43,9817755323004
3365772;1;2;2;2;52; ;2; ; ;1;2; ; ;1; ;12;43,9817755323004
3365772;1;3;1; ; ; ; ; ; ; ; ; ; ; ; ;12;43,9817755323004
3365772;1;4;1; ; ; ; ; ; ; ; ; ; ; ; ;12;43,9817755323004
3365772;1;5;1; ; ; ; ; ; ; ; ; ; ; ; ;12;43,9817755323004
3365772;1;6;1; ; ; ; ; ; ; ; ; ; ; ; ;12;43,9817755323004
3365772;1;7;1; ; ; ; ; ; ; ; ; ; ; ; ;12;43,9817755323004
3365772;1;8;1; ; ; ; ; ; ; ; ; ; ; ; ;12;43,9817755323004
3365772;1;9;1; ; ; ; ; ; ; ; ; ; ; ; ;12;43,9817755323004
3365772;1;10;1; ; ; ; ; ; ; ; ; ; ; ; ;12;43,9817755323004
3365773;1;1;2;2;19; ;2; ; ;1;2; ; ;1; ;12;101,733942469141
3365773;1;2;2;2;19; ;2; ; ;1;2; ; ;1; ;12;101,733942469141
3365774;1;1;1; ; ; ; ; ; ; ; ; ; ; ; ;12;97,642911079395
3365774;1;2;2;2;66; ;2; ; ;1;2; ; ;1; ;12;97,642911079395
3365774;1;3;1; ; ; ; ; ; ; ; ; ; ; ; ;12;97,642911079395
3365774;1;4;1; ; ; ; ; ; ; ; ; ; ; ; ;12;97,642911079395
3365775;1;1;1; ; ; ; ; ; ; ; ; ; ; ; ;12;73,9376689953068
3365775;1;2;1; ; ; ; ; ; ; ; ; ; ; ; ;12;73,9376689953068
3365776;1;1;2;2;19; ;2; ; ;1;2; ; ;1; ;12;85,7991668868133
3365776;1;2;2;2;76; ;2; ; ;1;2; ; ;1; ;12;85,7991668868133
3365776;1;3;1; ; ; ; ; ; ; ; ; ; ; ; ;12;85,7991668868133
3365776;2;1;1; ; ; ; ; ; ; ; ; ; ; ; ;12;85,7991668868133
3365776;2;2;1; ; ; ; ; ; ; ; ; ; ; ; ;12;85,7991668868133
3365776;2;3;1; ; ; ; ; ; ; ; ; ; ; ; ;12;85,7991668868133
3365776;2;4;1; ; ; ; ; ; ; ; ; ; ; ; ;12;85,7991668868133
3365777;1;1;2;2;19; ;2; ; ;1;2; ; ;1; ;12;106,647821563974
3365777;1;2;1; ; ; ; ; ; ; ; ; ; ; ; ;12;106,647821563974
3365777;1;3;2;2;19; ;2; ; ;1;2; ; ;1; ;12;106,647821563974
3365778;1;1;1; ; ; ; ; ; ; ; ; ; ; ; ;12;107,937315525617
3365778;1;2;1; ; ; ; ; ; ; ; ; ; ; ; ;12;107,937315525617
3365778;1;3;1; ; ; ; ; ; ; ; ; ; ; ; ;12;107,937315525617
3365779;1;1;1; ; ; ; ; ; ; ; ; ; ; ; ;12;141,758378864238
3365779;1;2;1; ; ; ; ; ; ; ; ; ; ; ; ;12;141,758378864238
3365779;1;3;1; ; ; ; ; ; ; ; ; ; ; ; ;12;141,758378864238
3365779;1;4;1; ; ; ; ; ; ; ; ; ; ; ; ;12;141,758378864238
3365779;1;5;1; ; ; ; ; ; ; ; ; ; ; ; ;12;141,758378864238
3365779;1;6;1; ; ; ; ; ; ; ; ; ; ; ; ;12;141,758378864238
3365779;1;7;1; ; ; ; ; ; ; ; ; ; ; ; ;12;141,758378864238
3365779;1;8;1; ; ; ; ; ; ; ; ; ; ; ; ;12;141,758378864238
3365780;1;1;1; ; ; ; ; ; ; ; ; ; ; ; ;12;107,937315525617
3365780;1;2;2;2;17; ;2; ; ;1;2; ; ;1; ;12;107,937315525617
3365780;1;3;2;2;76; ;2; ; ;1;2; ; ;1; ;12;107,937315525617
3365781;1;1;2;2;19; ;2; ; ;1;2; ; ;1; ;12;88,2417605310585
3365781;1;2;1; ; ; ; ; ; ; ; ; ; ; ; ;12;88,2417605310585
3365781;1;3;1; ; ; ; ; ; ; ; ; ; ; ; ;12;88,2417605310585
3365781;1;4;1; ; ; ; ; ; ; ; ; ; ; ; ;12;88,2417605310585
3365782;1;1;1; ; ; ; ; ; ; ; ; ; ; ; ;12;76,2797373051794
3365782;1;2;1; ; ; ; ; ; ; ; ; ; ; ; ;12;76,2797373051794
3365782;2;1;1; ; ; ; ; ; ; ; ; ; ; ; ;12;76,2797373051794
3365782;2;2;1; ; ; ; ; ; ; ; ; ; ; ; ;12;76,2797373051794
3365782;2;3;1; ; ; ; ; ; ; ; ; ; ; ; ;12;76,2797373051794
3365782;2;4;1; ; ; ; ; ; ; ; ; ; ; ; ;12;76,2797373051794
3365783;1;1;2;2;19; ;2; ; ;1;2; ; ;1; ;12;67,0661403192822
3365783;1;2;2;2;19; ;2; ; ;1;2; ; ;1; ;12;67,0661403192822
3365783;1;3;1; ; ; ; ; ; ; ; ; ; ; ; ;12;67,0661403192822
3365783;1;4;1; ; ; ; ; ; ; ; ; ; ; ; ;12;67,0661403192822
3365783;1;5;1; ; ; ; ; ; ; ; ; ; ; ; ;12;67,0661403192822
3365783;1;6;1; ; ; ; ; ; ; ; ; ; ; ; ;12;67,0661403192822
3365784;1;1;1; ; ; ; ; ; ; ; ; ; ; ; ;12;89,6987161473693
3365784;1;2;1; ; ; ; ; ; ; ; ; ; ; ; ;12;89,6987161473693
3365784;1;3;1; ; ; ; ; ; ; ; ; ; ; ; ;12;89,6987161473693
3365784;1;4;2;2;19; ;2; ; ;1;2; ; ;1; ;12;89,6987161473693
3365784;1;5;1; ; ; ; ; ; ; ; ; ; ; ; ;12;89,6987161473693
3365784;1;6;1; ; ; ; ; ; ; ; ; ; ; ; ;12;89,6987161473693
3365785;1;1;1; ; ; ; ; ; ; ; ; ; ; ; ;12;93,0024837178414
3365786;1;1;1; ; ; ; ; ; ; ; ; ; ; ; ;12;89,7904902946031
3365786;1;2;2;2;52; ;2; ; ;1;2; ; ;1; ;12;89,7904902946031
3365786;1;3;1; ; ; ; ; ; ; ; ; ; ; ; ;12;89,7904902946031
3365786;1;4;1; ; ; ; ; ; ; ; ; ; ; ; ;12;89,7904902946031
3365787;1;1;2;1; ; ;2; ; ;1;2; ; ;1; ;12;93,0024837178414
3365788;1;1;2;2;76; ;2; ; ;1;2; ; ;1; ;12;84,2320734415285
3365789;1;1;1; ; ; ; ; ; ; ; ; ; ; ; ;12;93,0024837178414
3365790;1;1;2;2;19; ;3;19; ;2;3;19; ;2;1;12;114,110776810119
3365795;1;1;1; ; ; ; ; ; ; ; ; ; ; ; ;12;91,5707011894353
3365795;1;2;1; ; ; ; ; ; ; ; ; ; ; ; ;12;91,5707011894353
3365796;1;1;1; ; ; ; ; ; ; ; ; ; ; ; ;12;130,831901504646
3365796;1;2;1; ; ; ; ; ; ; ; ; ; ; ; ;12;130,831901504646
3365796;1;3;1; ; ; ; ; ; ; ; ; ; ; ; ;12;130,831901504646
3365796;1;4;1; ; ; ; ; ; ; ; ; ; ; ; ;12;130,831901504646
3365797;1;1;1; ; ; ; ; ; ; ; ; ; ; ; ;12;137,204907182494
3365797;1;2;1; ; ; ; ; ; ; ; ; ; ; ; ;12;137,204907182494
3365797;1;3;1; ; ; ; ; ; ; ; ; ; ; ; ;12;137,204907182494
3365797;1;4;1; ; ; ; ; ; ; ; ; ; ; ; ;12;137,204907182494
3365798;1;1;2;2;08; ;2; ; ;1;2; ; ;1; ;12;119,440832349953
3365798;1;2;2;2;13; ;2; ; ;1;2; ; ;1; ;12;119,440832349953
3365799;1;1;1; ; ; ; ; ; ; ; ; ; ; ; ;12;147,778300495986
3365799;1;2;2;2;47; ;2; ; ;1;2; ; ;1; ;12;147,778300495986
3365800;1;1;2;2;44; ;2; ; ;1;2; ; ;1; ;12;153,432801706656
3365800;1;2;1; ; ; ; ; ; ; ; ; ; ; ; ;12;153,432801706656
3365800;1;3;2;1; ; ;3;11; ;1;2; ; ;1; ;12;153,432801706656
3365803;1;1;1; ; ; ; ; ; ; ; ; ; ; ; ;12;168,501942884745
3365803;1;2;1; ; ; ; ; ; ; ; ; ; ; ; ;12;168,501942884745
3365803;1;3;2;1; ; ;2; ; ;1;2; ; ;1; ;12;168,501942884745
3365804;1;1;2;2;19; ;2; ; ;1;2; ; ;1; ;12;89,0161254128308
3365804;1;2;1; ; ; ; ; ; ; ; ; ; ; ; ;12;89,0161254128308
3365804;1;3;2;2;19; ;2; ; ;1;2; ; ;1; ;12;89,0161254128308
3365804;1;4;1; ; ; ; ; ; ; ; ; ; ; ; ;12;89,0161254128308
3365805;1;1;1; ; ; ; ; ; ; ; ; ; ; ; ;12;80,400680466899
3365805;1;2;2;2;19; ;2; ; ;1;2; ; ;1; ;12;80,400680466899
3365805;2;1;2;2;52; ;2; ; ;1;2; ; ;1; ;12;80,400680466899
3365805;2;2;1; ; ; ; ; ; ; ; ; ; ; ; ;12;80,400680466899
3365805;2;3;1; ; ; ; ; ; ; ; ; ; ; ; ;12;80,400680466899
3365805;2;4;1; ; ; ; ; ; ; ; ; ; ; ; ;12;80,400680466899
3365805;2;5;1; ; ; ; ; ; ; ; ; ; ; ; ;12;80,400680466899
3365806;1;1;1; ; ; ; ; ; ; ; ; ; ; ; ;12;105,495331864187
3365806;1;2;1; ; ; ; ; ; ; ; ; ; ; ; ;12;105,495331864187
3365806;1;3;1; ; ; ; ; ; ; ; ; ; ; ; ;12;105,495331864187
3365806;1;4;1; ; ; ; ; ; ; ; ; ; ; ; ;12;105,495331864187
3365807;1;1;2;2;19; ;2; ; ;1;2; ; ;1; ;12;96,613055532869
3365807;1;2;1; ; ; ; ; ; ; ; ; ; ; ; ;12;96,613055532869
3365807;2;1;2;2;76; ;2; ; ;1;2; ; ;1; ;12;96,613055532869
3365807;2;2;1; ; ; ; ; ; ; ; ; ; ; ; ;12;96,613055532869
3365807;3;1;2;2;19; ;2; ; ;1;2; ; ;1; ;12;96,613055532869
3365807;3;2;1; ; ; ; ; ; ; ; ; ; ; ; ;12;96,613055532869
3365807;3;3;1; ; ; ; ; ; ; ; ; ; ; ; ;12;96,613055532869
3365807;3;4;1; ; ; ; ; ; ; ; ; ; ; ; ;12;96,613055532869
3365808;1;1;1; ; ; ; ; ; ; ; ; ; ; ; ;12;75,5867167236232
3365809;1;1;2;2;52; ;2; ; ;1;2; ; ;1; ;12;80,6256493768637
3365809;1;2;2;2;19; ;2; ; ;1;2; ; ;1; ;12;80,6256493768637
3365810;1;1;1; ; ; ; ; ; ; ; ; ; ; ; ;12;59,1374220442405
3365810;1;2;1; ; ; ; ; ; ; ; ; ; ; ; ;12;59,1374220442405
3365810;1;3;1; ; ; ; ; ; ; ; ; ; ; ; ;12;59,1374220442405
3365810;1;4;1; ; ; ; ; ; ; ; ; ; ; ; ;12;59,1374220442405
3365811;1;1;1; ; ; ; ; ; ; ; ; ; ; ; ;12;80,5005958184561
3365811;1;2;1; ; ; ; ; ; ; ; ; ; ; ; ;12;80,5005958184561
3365812;1;1;1; ; ; ; ; ; ; ; ; ; ; ; ;12;103,041397499309
3365812;1;2;1; ; ; ; ; ; ; ; ; ; ; ; ;12;103,041397499309
3365812;1;3;1; ; ; ; ; ; ; ; ; ; ; ; ;12;103,041397499309
3365812;1;4;1; ; ; ; ; ; ; ; ; ; ; ; ;12;103,041397499309
3365813;1;1;2;2;19; ;2; ; ;1;2; ; ;1; ;12;67,7642077108047
3365813;1;2;2;2;19; ;3;19; ;1;2; ; ;1; ;12;67,7642077108047
3365813;1;3;2;2;19; ;2; ; ;1;2; ; ;1; ;12;67,7642077108047
3365813;1;4;2;2;19; ;2; ; ;1;2; ; ;1; ;12;67,7642077108047
3365814;1;1;2;2;76; ;2; ; ;1;2; ; ;1; ;12;43,9817755323004
3365814;1;2;1; ; ; ; ; ; ; ; ; ; ; ; ;12;43,9817755323004
3365814;1;3;1; ; ; ; ; ; ; ; ; ; ; ; ;12;43,9817755323004
3365814;1;4;1; ; ; ; ; ; ; ; ; ; ; ; ;12;43,9817755323004
3365814;1;5;1; ; ; ; ; ; ; ; ; ; ; ; ;12;43,9817755323004
3365814;1;6;1; ; ; ; ; ; ; ; ; ; ; ; ;12;43,9817755323004
3365815;1;1;1; ; ; ; ; ; ; ; ; ; ; ; ;12;116,850740428863
3365815;1;2;1; ; ; ; ; ; ; ; ; ; ; ; ;12;116,850740428863
3365815;1;3;1; ; ; ; ; ; ; ; ; ; ; ; ;12;116,850740428863
3365815;1;4;1; ; ; ; ; ; ; ; ; ; ; ; ;12;116,850740428863
3365815;1;5;2;2;19; ;2; ; ;1;2; ; ;1; ;12;116,850740428863
3365816;1;1;1; ; ; ; ; ; ; ; ; ; ; ; ;12;71,8552391005508
3365816;1;2;2;2;19; ;2; ; ;1;2; ; ;1; ;12;71,8552391005508
3365817;1;1;2;2;52; ;2; ; ;1;2; ; ;1; ;12;63,2098823826455
3365817;1;2;2;2;52; ;2; ; ;1;2; ; ;1; ;12;63,2098823826455
3365818;1;1;1; ; ; ; ; ; ; ; ; ; ; ; ;12;78,183665715434
3365818;1;2;2;2;19; ;2; ; ;1;2; ; ;1; ;12;78,183665715434
3365818;1;3;1; ; ; ; ; ; ; ; ; ; ; ; ;12;78,183665715434
3365819;1;1;2;2;19; ;3;19; ;1;2; ; ;1; ;12;107,937315525617
3365819;1;2;1; ; ; ; ; ; ; ; ; ; ; ; ;12;107,937315525617
3365819;1;3;1; ; ; ; ; ; ; ; ; ; ; ; ;12;107,937315525617
3365820;1;1;1; ; ; ; ; ; ; ; ; ; ; ; ;12;106,517994440443
3365820;1;2;1; ; ; ; ; ; ; ; ; ; ; ; ;12;106,517994440443
3365820;1;3;1; ; ; ; ; ; ; ; ; ; ; ; ;12;106,517994440443
3365820;1;4;1; ; ; ; ; ; ; ; ; ; ; ; ;12;106,517994440443
3365820;1;5;1; ; ; ; ; ; ; ; ; ; ; ; ;12;106,517994440443
3365821;1;1;2;2;52; ;2; ; ;1;2; ; ;1; ;12;114,110776810119
3365828;1;1;1; ; ; ; ; ; ; ; ; ; ; ; ;12;137,215347384873
3365828;1;2;1; ; ; ; ; ; ; ; ; ; ; ; ;12;137,215347384873
3365828;1;3;1; ; ; ; ; ; ; ; ; ; ; ; ;12;137,215347384873
3365830;1;1;1; ; ; ; ; ; ; ; ; ; ; ; ;12;154,268039910101
3365830;1;2;1; ; ; ; ; ; ; ; ; ; ; ; ;12;154,268039910101
3365830;1;3;1; ; ; ; ; ; ; ; ; ; ; ; ;12;154,268039910101
3365830;1;4;1; ; ; ; ; ; ; ; ; ; ; ; ;12;154,268039910101
3365830;1;5;1; ; ; ; ; ; ; ; ; ; ; ; ;12;154,268039910101
3365831;1;1;1; ; ; ; ; ; ; ; ; ; ; ; ;12;80,6256493768637
3365831;1;2;1; ; ; ; ; ; ; ; ; ; ; ; ;12;80,6256493768637
3365832;1;1;1; ; ; ; ; ; ; ; ; ; ; ; ;12;97,642911079395
3365832;1;2;1; ; ; ; ; ; ; ; ; ; ; ; ;12;97,642911079395
3365832;1;3;1; ; ; ; ; ; ; ; ; ; ; ; ;12;97,642911079395
3365832;1;4;1; ; ; ; ; ; ; ; ; ; ; ; ;12;97,642911079395
3365833;1;1;1; ; ; ; ; ; ; ; ; ; ; ; ;12;110,379299187046
3365833;1;2;2;2;19; ;3;19; ;1;2; ; ;1; ;12;110,379299187046
3365834;1;1;1; ; ; ; ; ; ; ; ; ; ; ; ;12;79,348106118669
3365834;1;2;1; ; ; ; ; ; ; ; ; ; ; ; ;12;79,348106118669
3365834;1;3;1; ; ; ; ; ; ; ; ; ; ; ; ;12;79,348106118669
3365835;1;1;2;2;76; ;3;76; ;1;2; ; ;1; ;12;92,7476030359032
3365835;1;2;2;2;76; ;3;76; ;1;2; ; ;1; ;12;92,7476030359032
3365835;1;3;2;2;76; ;1; ; ; ;2; ; ;1; ;12;92,7476030359032
3365836;1;1;1; ; ; ; ; ; ; ; ; ; ; ; ;12;78,7217209666091
3365836;1;2;1; ; ; ; ; ; ; ; ; ; ; ; ;12;78,7217209666091
3365836;1;3;1; ; ; ; ; ; ; ; ; ; ; ; ;12;78,7217209666091
3365836;1;4;1; ; ; ; ; ; ; ; ; ; ; ; ;12;78,7217209666091
3365836;1;5;2;2;19; ;2; ; ;1;2; ; ;1; ;12;78,7217209666091
3365837;1;1;1; ; ; ; ; ; ; ; ; ; ; ; ;12;92,7469930530877
3365837;1;2;1; ; ; ; ; ; ; ; ; ; ; ; ;12;92,7469930530877
3365837;1;3;1; ; ; ; ; ; ; ; ; ; ; ; ;12;92,7469930530877
3365837;1;4;1; ; ; ; ; ; ; ; ; ; ; ; ;12;92,7469930530877
3365837;1;5;1; ; ; ; ; ; ; ; ; ; ; ; ;12;92,7469930530877
3365838;1;1;1; ; ; ; ; ; ; ; ; ; ; ; ;12;80,6256493768637
3365838;1;2;1; ; ; ; ; ; ; ; ; ; ; ; ;12;80,6256493768637
3365839;1;1;1; ; ; ; ; ; ; ; ; ; ; ; ;12;96,9448436878726
3365839;1;2;1; ; ; ; ; ; ; ; ; ; ; ; ;12;96,9448436878726
3365839;1;3;1; ; ; ; ; ; ; ; ; ; ; ; ;12;96,9448436878726
3365839;1;4;1; ; ; ; ; ; ; ; ; ; ; ; ;12;96,9448436878726
3365839;1;5;1; ; ; ; ; ; ; ; ; ; ; ; ;12;96,9448436878726
3365839;1;6;1; ; ; ; ; ; ; ; ; ; ; ; ;12;96,9448436878726
3365840;1;1;1; ; ; ; ; ; ; ; ; ; ; ; ;12;93,0024837178414
3365841;1;1;1; ; ; ; ; ; ; ; ; ; ; ; ;12;102,075550488347
3365841;1;2;1; ; ; ; ; ; ; ; ; ; ; ; ;12;102,075550488347
3365841;1;3;1; ; ; ; ; ; ; ; ; ; ; ; ;12;102,075550488347
3365841;1;4;1; ; ; ; ; ; ; ; ; ; ; ; ;12;102,075550488347
3365841;1;5;1; ; ; ; ; ; ; ; ; ; ; ; ;12;102,075550488347
3365842;1;1;1; ; ; ; ; ; ; ; ; ; ; ; ;12;105,495331864187
3365842;1;2;2;2;19; ;2; ; ;1;2; ; ;1; ;12;105,495331864187
3365842;1;3;1; ; ; ; ; ; ; ; ; ; ; ; ;12;105,495331864187
3365842;1;4;1; ; ; ; ; ; ; ; ; ; ; ; ;12;105,495331864187
3365843;1;1;1; ; ; ; ; ; ; ; ; ; ; ; ;12;101,907478850863
3365843;1;2;1; ; ; ; ; ; ; ; ; ; ; ; ;12;101,907478850863
3365843;1;3;1; ; ; ; ; ; ; ; ; ; ; ; ;12;101,907478850863
3365843;1;4;1; ; ; ; ; ; ; ; ; ; ; ; ;12;101,907478850863
3365843;1;5;1; ; ; ; ; ; ; ; ; ; ; ; ;12;101,907478850863
3365844;1;1;1; ; ; ; ; ; ; ; ; ; ; ; ;12;100,59941383788
3365844;1;2;1; ; ; ; ; ; ; ; ; ; ; ; ;12;100,59941383788
3365844;2;1;1; ; ; ; ; ; ; ; ; ; ; ; ;12;100,59941383788
3365844;2;2;1; ; ; ; ; ; ; ; ; ; ; ; ;12;100,59941383788
3365844;2;3;1; ; ; ; ; ; ; ; ; ; ; ; ;12;100,59941383788
3365845;1;1;1; ; ; ; ; ; ; ; ; ; ; ; ;12;70,331244930642
3365845;1;2;1; ; ; ; ; ; ; ; ; ; ; ; ;12;70,331244930642
3365845;1;3;1; ; ; ; ; ; ; ; ; ; ; ; ;12;70,331244930642
3365846;1;1;1; ; ; ; ; ; ; ; ; ; ; ; ;12;93,0024837178414
3365847;1;1;1; ; ; ; ; ; ; ; ; ; ; ; ;12;86,5741417514011
3365847;1;2;1; ; ; ; ; ; ; ; ; ; ; ; ;12;86,5741417514011
3365847;1;3;1; ; ; ; ; ; ; ; ; ; ; ; ;12;86,5741417514011
3365847;1;4;2;2;08; ;3;08; ;1;2; ; ;1; ;12;86,5741417514011
3365847;1;5;1; ; ; ; ; ; ; ; ; ; ; ; ;12;86,5741417514011
3365848;1;1;1; ; ; ; ; ; ; ; ; ; ; ; ;12;59,8020517102533
3365848;1;2;1; ; ; ; ; ; ; ; ; ; ; ; ;12;59,8020517102533
3365848;1;3;1; ; ; ; ; ; ; ; ; ; ; ; ;12;59,8020517102533
3365848;1;4;1; ; ; ; ; ; ; ; ; ; ; ; ;12;59,8020517102533
3365849;1;1;1; ; ; ; ; ; ; ; ; ; ; ; ;12;75,8649261900809
3365849;1;2;1; ; ; ; ; ; ; ; ; ; ; ; ;12;75,8649261900809
3365849;1;3;1; ; ; ; ; ; ; ; ; ; ; ; ;12;75,8649261900809
3365849;1;4;1; ; ; ; ; ; ; ; ; ; ; ; ;12;75,8649261900809
3365849;1;5;2;2;19; ;2; ; ;1;2; ; ;1; ;12;75,8649261900809
3365850;1;1;1; ; ; ; ; ; ; ; ; ; ; ; ;12;87,3485066331733
3365850;1;2;2;2;18; ;2; ; ;1;2; ; ;1; ;12;87,3485066331733
3365850;1;3;1; ; ; ; ; ; ; ; ; ; ; ; ;12;87,3485066331733
3365850;1;4;1; ; ; ; ; ; ; ; ; ; ; ; ;12;87,3485066331733
3365850;1;5;1; ; ; ; ; ; ; ; ; ; ; ; ;12;87,3485066331733
3365851;1;1;2;2;18; ;2; ; ;1;2; ; ;1; ;12;63,6432645490851
3365851;1;2;1; ; ; ; ; ; ; ; ; ; ; ; ;12;63,6432645490851
3365851;1;3;1; ; ; ; ; ; ; ; ; ; ; ; ;12;63,6432645490851
3365852;1;1;1; ; ; ; ; ; ; ; ; ; ; ; ;12;78,9766016485474
3365852;1;2;1; ; ; ; ; ; ; ; ; ; ; ; ;12;78,9766016485474
3365852;1;3;1; ; ; ; ; ; ; ; ; ; ; ; ;12;78,9766016485474
3365856;1;1;2;2;20; ;2; ; ;1;2; ; ;1; ;12;127,373356177723
3365858;1;1;2;2;17; ;2; ; ;1;2; ; ;1; ;12;80,3821094155579
3365858;1;2;1; ; ; ; ; ; ; ; ; ; ; ; ;12;80,3821094155579
3365858;1;3;2;2;76; ;2; ; ;1;2; ; ;1; ;12;80,3821094155579
3365858;1;4;1; ; ; ; ; ; ; ; ; ; ; ; ;12;80,3821094155579
3365858;1;5;1; ; ; ; ; ; ; ; ; ; ; ; ;12;80,3821094155579
3365858;1;6;1; ; ; ; ; ; ; ; ; ; ; ; ;12;80,3821094155579
3365858;1;7;1; ; ; ; ; ; ; ; ; ; ; ; ;12;80,3821094155579
3365859;1;1;2;2;52; ;3;52; ;2;2; ; ;1; ;12;106,772875122382
3365859;1;2;2;2;52; ;3;52; ;2;2; ; ;1; ;12;106,772875122382
3365859;1;3;2;2;52; ;3;52; ;2;2; ; ;1; ;12;106,772875122382
3365860;1;1;2;2;19; ;2; ; ;1;2; ; ;1; ;12;95,5790522359801
3365860;1;2;2;2;19; ;2; ; ;1;2; ; ;1; ;12;95,5790522359801
3365860;1;3;2;2;19; ;2; ; ;1;2; ; ;1; ;12;95,5790522359801
3365860;1;4;2;2;19; ;2; ; ;1;2; ; ;1; ;12;95,5790522359801
3365861;1;1;2;1; ; ;2; ; ;2;2; ; ;1; ;12;97,0366178351064
3365861;1;2;2;2;19; ;2; ; ;1;2; ; ;1; ;12;97,0366178351064
3365861;1;3;1; ; ; ; ; ; ; ; ; ; ; ; ;12;97,0366178351064
3365861;1;4;1; ; ; ; ; ; ; ; ; ; ; ; ;12;97,0366178351064
3365862;1;1;2;2;52; ;2; ; ;1;2; ; ;1; ;12;104,889038619898
3365862;1;2;2;2;52; ;2; ; ;1;2; ; ;1; ;12;104,889038619898
3365862;1;3;1; ; ; ; ; ; ; ; ; ; ; ; ;12;104,889038619898
3365862;1;4;1; ; ; ; ; ; ; ; ; ; ; ; ;12;104,889038619898
3365863;1;1;2;2;19; ;2; ; ;1;2; ; ;1; ;12;80,6256493768637
3365863;1;2;2;2;19; ;2; ; ;1;2; ; ;1; ;12;80,6256493768637
3365864;1;1;2;2;19; ;2; ; ;1;2; ; ;1; ;12;97,0366178351064
3365864;1;2;1; ; ; ; ; ; ; ; ; ; ; ; ;12;97,0366178351064
3365864;1;3;1; ; ; ; ; ; ; ; ; ; ; ; ;12;97,0366178351064
3365864;1;4;1; ; ; ; ; ; ; ; ; ; ; ; ;12;97,0366178351064
3365865;1;1;2;2;19; ;3;19; ;2;2; ; ;1; ;12;62,6520719616714
3365865;1;2;1; ; ; ; ; ; ; ; ; ; ; ; ;12;62,6520719616714
3365865;1;3;2;2;19; ;2; ; ;1;2; ; ;1; ;12;62,6520719616714
3365865;1;4;2;2;19; ;2; ; ;1;2; ; ;1; ;12;62,6520719616714
3365865;1;5;1; ; ; ; ; ; ; ; ; ; ; ; ;12;62,6520719616714
3365866;1;1;1; ; ; ; ; ; ; ; ; ; ; ; ;12;78,7418128743804
3365866;1;2;2;2;19; ;2; ; ;1;2; ; ;1; ;12;78,7418128743804
3365866;1;3;1; ; ; ; ; ; ; ; ; ; ; ; ;12;78,7418128743804
3365867;1;1;2;2;19; ;2; ; ;1;2; ; ;1; ;12;96,2622529533341
3365867;1;2;2;2;52; ;2; ; ;1;2; ; ;1; ;12;96,2622529533341
3365867;1;3;1; ; ; ; ; ; ; ; ; ; ; ; ;12;96,2622529533341
3365867;1;4;1; ; ; ; ; ; ; ; ; ; ; ; ;12;96,2622529533341
3365868;1;1;2;2;19; ;2; ; ;1;2; ; ;1; ;12;97,0366178351064
3365868;1;2;1; ; ; ; ; ; ; ; ; ; ; ; ;12;97,0366178351064
3365868;1;3;1; ; ; ; ; ; ; ; ; ; ; ; ;12;97,0366178351064
3365868;1;4;1; ; ; ; ; ; ; ; ; ; ; ; ;12;97,0366178351064
3365869;1;1;2;2;52; ;3;27; ;2;3;27; ;2;1;12;101,733942469141
3365869;1;2;2;2;52; ;3;27; ;2;3;27; ;2;1;12;101,733942469141
3365870;1;1;2;2;52; ;2; ; ;1;2; ; ;1; ;12;93,9114334563227
3365870;1;2;2;2;52; ;2; ; ;1;2; ; ;1; ;12;93,9114334563227
3365870;1;3;2;2;52; ;2; ; ;1;2; ; ;1; ;12;93,9114334563227
3365870;1;4;1; ; ; ; ; ; ; ; ; ; ; ; ;12;93,9114334563227
3365870;1;5;1; ; ; ; ; ; ; ; ; ; ; ; ;12;93,9114334563227
3365871;1;1;1; ; ; ; ; ; ; ; ; ; ; ; ;12;114,110776810119
3365872;1;1;2;2;19; ;2; ; ;1;2; ; ;1; ;12;132,795047309492
3365872;1;2;2;2;19; ;2; ; ;1;2; ; ;1; ;12;132,795047309492
3365872;1;3;1; ; ; ; ; ; ; ; ; ; ; ; ;12;132,795047309492
3365872;1;4;1; ; ; ; ; ; ; ; ; ; ; ; ;12;132,795047309492
3365873;1;1;2;2;73; ;3;76; ;1;2; ; ;1; ;12;104,652119006486
3365873;1;2;2;2;19; ;2; ; ;1;2; ; ;1; ;12;104,652119006486
3365873;1;3;1; ; ; ; ; ; ; ; ; ; ; ; ;12;104,652119006486
3365873;1;4;1; ; ; ; ; ; ; ; ; ; ; ; ;12;104,652119006486
3365873;1;5;1; ; ; ; ; ; ; ; ; ; ; ; ;12;104,652119006486
3365873;2;1;2;2;76; ;2; ; ;1;2; ; ;1; ;12;104,652119006486
3365873;2;2;1; ; ; ; ; ; ; ; ; ; ; ; ;12;104,652119006486
3365873;2;3;1; ; ; ; ; ; ; ; ; ; ; ; ;12;104,652119006486
3365874;1;1;1; ; ; ; ; ; ; ; ; ; ; ; ;12;127,881168214659
3365874;1;2;1; ; ; ; ; ; ; ; ; ; ; ; ;12;127,881168214659
3365874;1;3;1; ; ; ; ; ; ; ; ; ; ; ; ;12;127,881168214659
3365875;1;1;2;2;19; ;2; ; ;1;2; ; ;1; ;12;75,010335251308
3365875;1;2;1; ; ; ; ; ; ; ; ; ; ; ; ;12;75,010335251308
3365875;1;3;1; ; ; ; ; ; ; ; ; ; ; ; ;12;75,010335251308
3365875;1;4;1; ; ; ; ; ; ; ; ; ; ; ; ;12;75,010335251308
3365876;1;1;2;2;19; ;3;19; ;1;2; ; ;1; ;12;85,5215674031711
3365877;1;1;2;2;54; ;2; ; ;1;2; ; ;1; ;12;140,258002555637
3365877;1;2;2;2;18; ;2; ; ;1;2; ; ;1; ;12;140,258002555637
3365878;1;1;2;2;19; ;2; ; ;1;2; ; ;1; ;12;136,526524932564
3365878;1;2;1; ; ; ; ; ; ; ; ; ; ; ; ;12;136,526524932564
3365878;1;3;1; ; ; ; ; ; ; ; ; ; ; ; ;12;136,526524932564
3365880;1;1;1; ; ; ; ; ; ; ; ; ; ; ; ;12;63,4873185914969
3365880;1;2;2;2;18; ;2; ; ;1;2; ; ;1; ;12;63,4873185914969
3365880;1;3;1; ; ; ; ; ; ; ; ; ; ; ; ;12;63,4873185914969
3365880;1;4;1; ; ; ; ; ; ; ; ; ; ; ; ;12;63,4873185914969
3365880;1;5;1; ; ; ; ; ; ; ; ; ; ; ; ;12;63,4873185914969
3365881;1;1;2;2;18; ;3;18; ;1;2; ; ;1; ;12;70,2206977765448
3365881;1;2;2;2;18; ;3;18; ;1;2; ; ;1; ;12;70,2206977765448
3365881;1;3;2;2;18; ;3;18; ;1;2; ; ;1; ;12;70,2206977765448
3365881;1;4;1; ; ; ; ; ; ; ; ; ; ; ; ;12;70,2206977765448
3365881;1;5;1; ; ; ; ; ; ; ; ; ; ; ; ;12;70,2206977765448
3365882;1;1;2;2;18; ;2; ; ;1;2; ; ;1; ;12;72,17725984568
3365882;1;2;1; ; ; ; ; ; ; ; ; ; ; ; ;12;72,17725984568
3365882;1;3;1; ; ; ; ; ; ; ; ; ; ; ; ;12;72,17725984568
3365883;1;1;2;2;76; ;2; ; ;1;2; ; ;1; ;12;133,635162430998
3365884;1;1;2;1; ; ;3;18; ;2;3;18; ;1; ;12;95,89729671287
3365884;1;2;2;1; ; ;3;18; ;2;3;18; ;1; ;12;95,89729671287
3365884;1;3;2;2;18; ;1; ; ; ;3;18; ;1; ;12;95,89729671287
3365885;1;1;2;1; ; ;3;05; ;1;2; ; ;1; ;12;130,465245385421
3365885;1;2;2;1; ; ;3;05; ;1;2; ; ;1; ;12;130,465245385421
3365885;1;3;2;2;05; ;1; ; ; ;2; ; ;1; ;12;130,465245385421
3365886;1;1;1; ; ; ; ; ; ; ; ; ; ; ; ;12;67,0817784318479
3365886;1;2;1; ; ; ; ; ; ; ; ; ; ; ; ;12;67,0817784318479
3365886;1;3;1; ; ; ; ; ; ; ; ; ; ; ; ;12;67,0817784318479
3365886;1;4;1; ; ; ; ; ; ; ; ; ; ; ; ;12;67,0817784318479
3365887;1;1;1; ; ; ; ; ; ; ; ; ; ; ; ;12;61,7322936784129
3365887;1;2;1; ; ; ; ; ; ; ; ; ; ; ; ;12;61,7322936784129
3365887;1;3;1; ; ; ; ; ; ; ; ; ; ; ; ;12;61,7322936784129
3365888;1;1;2;2;41; ;2; ; ;1;2; ; ;1; ;12;60,8039397424541
3365888;1;2;2;2;41; ;2; ; ;1;2; ; ;1; ;12;60,8039397424541
3365889;1;1;2;2;18; ;2; ; ;1;2; ; ;1; ;12;62,8989851432524
3365889;1;2;2;2;18; ;2; ; ;1;2; ; ;1; ;12;62,8989851432524
3365889;1;3;1; ; ; ; ; ; ; ; ; ; ; ; ;12;62,8989851432524
3365889;1;4;1; ; ; ; ; ; ; ; ; ; ; ; ;12;62,8989851432524
3365889;1;5;1; ; ; ; ; ; ; ; ; ; ; ; ;12;62,8989851432524
3365890;1;1;1; ; ; ; ; ; ; ; ; ; ; ; ;12;73,0328375495331
3365890;1;2;1; ; ; ; ; ; ; ; ; ; ; ; ;12;73,0328375495331
3365890;1;3;1; ; ; ; ; ; ; ; ; ; ; ; ;12;73,0328375495331
3365890;1;4;1; ; ; ; ; ; ; ; ; ; ; ; ;12;73,0328375495331
3365890;1;5;1; ; ; ; ; ; ; ; ; ; ; ; ;12;73,0328375495331
3365891;1;1;1; ; ; ; ; ; ; ; ; ; ; ; ;12;54,7876565254436
3365891;1;2;1; ; ; ; ; ; ; ; ; ; ; ; ;12;54,7876565254436
3365891;1;3;1; ; ; ; ; ; ; ; ; ; ; ; ;12;54,7876565254436
3365892;1;1;2;2;18; ;2; ; ;1;2; ; ;1; ;12;114,207701836285
3365892;1;2;2;2;19; ;2; ; ;1;2; ; ;1; ;12;114,207701836285
3365892;1;3;1; ; ; ; ; ; ; ; ; ; ; ; ;12;114,207701836285
3365895;1;1;2;2;19; ;2; ; ;1;2; ; ;1; ;12;80,2894243947095
3365895;1;2;2;2;19; ;2; ; ;1;2; ; ;1; ;12;80,2894243947095
3365895;1;3;1; ; ; ; ; ; ; ; ; ; ; ; ;12;80,2894243947095
3365895;1;4;2;2;19; ;2; ; ;1;2; ; ;1; ;12;80,2894243947095
3365895;1;5;2;2;19; ;2; ; ;1;2; ; ;1; ;12;80,2894243947095
3365895;1;6;1; ; ; ; ; ; ; ; ; ; ; ; ;12;80,2894243947095
3365895;1;7;2;2;19; ;2; ; ;1;2; ; ;1; ;12;80,2894243947095
3365895;1;8;2;2;19; ;2; ; ;1;2; ; ;1; ;12;80,2894243947095
3365895;1;9;1; ; ; ; ; ; ; ; ; ; ; ; ;12;80,2894243947095
3365896;1;1;1; ; ; ; ; ; ; ; ; ; ; ; ;12;77,4523189127377
3365896;1;2;2;2;19; ;2; ; ;1;2; ; ;1; ;12;77,4523189127377
3365896;1;3;1; ; ; ; ; ; ; ; ; ; ; ; ;12;77,4523189127377
3365897;1;1;2;2;19; ;2; ; ;1;2; ; ;1; ;12;71,6506506642582
3365897;1;2;2;2;19; ;2; ; ;1;2; ; ;1; ;12;71,6506506642582
3365897;1;3;1; ; ; ; ; ; ; ; ; ; ; ; ;12;71,6506506642582
3365897;1;4;1; ; ; ; ; ; ; ; ; ; ; ; ;12;71,6506506642582
3365897;1;5;1; ; ; ; ; ; ; ; ; ; ; ; ;12;71,6506506642582
3365897;1;6;1; ; ; ; ; ; ; ; ; ; ; ; ;12;71,6506506642582
3365898;1;1;1; ; ; ; ; ; ; ; ; ; ; ; ;12;78,9766016485474
3365898;1;2;2;2;41; ;2; ; ;1;2; ; ;1; ;12;78,9766016485474
3365898;1;3;1; ; ; ; ; ; ; ; ; ; ; ; ;12;78,9766016485474
3365899;1;1;2;2;76; ;2; ; ;1;2; ; ;1; ;12;94,5946341736766
3365899;1;2;2;2;19; ;2; ; ;1;2; ; ;1; ;12;94,5946341736766
3365899;1;3;1; ; ; ; ; ; ; ; ; ; ; ; ;12;94,5946341736766
3365899;1;4;2;2;76; ;2; ; ;1;2; ; ;1; ;12;94,5946341736766
3365899;1;5;1; ; ; ; ; ; ; ; ; ; ; ; ;12;94,5946341736766
3365900;1;1;2;2;19; ;2; ; ;1;2; ; ;1; ;12;65,2923122774015
3365900;1;2;1; ; ; ; ; ; ; ; ; ; ; ; ;12;65,2923122774015
3365901;1;1;2;2;19; ;2; ; ;1;2; ; ;1; ;12;70,7213204521048
3365901;1;2;1; ; ; ; ; ; ; ; ; ; ; ; ;12;70,7213204521048
3365901;1;3;2;2;19; ;3;19; ;2;2; ; ;1; ;12;70,7213204521048
3365902;1;1;1; ; ; ; ; ; ; ; ; ; ; ; ;12;70,331244930642
3365902;1;2;1; ; ; ; ; ; ; ; ; ; ; ; ;12;70,331244930642
3365902;1;3;1; ; ; ; ; ; ; ; ; ; ; ; ;12;70,331244930642
3365903;1;1;1; ; ; ; ; ; ; ; ; ; ; ; ;12;118,659430024439
3365903;1;2;1; ; ; ; ; ; ; ; ; ; ; ; ;12;118,659430024439
3365903;1;3;1; ; ; ; ; ; ; ; ; ; ; ; ;12;118,659430024439
3365903;1;4;2;2;19; ;2; ; ;1;2; ; ;1; ;12;118,659430024439
3365903;1;5;1; ; ; ; ; ; ; ; ; ; ; ; ;12;118,659430024439
3365903;1;6;1; ; ; ; ; ; ; ; ; ; ; ; ;12;118,659430024439
3365904;1;1;2;2;19; ;3;19; ;2;3;19; ;2;1;12;136,526524932564
3365904;1;2;2;2;19; ;3;19; ;2;3;19; ;2;4;12;136,526524932564
3365904;1;3;2;2;19; ;3;19; ;2;2; ; ;1; ;12;136,526524932564
3365905;1;1;1; ; ; ; ; ; ; ; ; ; ; ; ;12;107,331022281328
3365905;1;2;1; ; ; ; ; ; ; ; ; ; ; ; ;12;107,331022281328
3365905;1;3;1; ; ; ; ; ; ; ; ; ; ; ; ;12;107,331022281328
3365906;1;1;2;2;19; ;2; ; ;1;2; ; ;1; ;12;136,526524932564
3365906;1;2;2;2;19; ;2; ; ;1;2; ; ;1; ;12;136,526524932564
3365906;1;3;1; ; ; ; ; ; ; ; ; ; ; ; ;12;136,526524932564
3365907;1;1;1; ; ; ; ; ; ; ; ; ; ; ; ;12;100,512604793425
3365907;1;2;1; ; ; ; ; ; ; ; ; ; ; ; ;12;100,512604793425
3365907;1;3;1; ; ; ; ; ; ; ; ; ; ; ; ;12;100,512604793425
3365907;1;4;1; ; ; ; ; ; ; ; ; ; ; ; ;12;100,512604793425
3365907;1;5;1; ; ; ; ; ; ; ; ; ; ; ; ;12;100,512604793425
3365907;1;6;1; ; ; ; ; ; ; ; ; ; ; ; ;12;100,512604793425
3365907;1;7;1; ; ; ; ; ; ; ; ; ; ; ; ;12;100,512604793425
3365908;1;1;2;2;19; ;2; ; ;1;2; ; ;1; ;12;101,733942469141
3365908;1;2;1; ; ; ; ; ; ; ; ; ; ; ; ;12;101,733942469141
3365909;1;1;2;2;19; ;2; ; ;1;2; ; ;1; ;12;110,379299187046
3365909;1;2;2;2;19; ;2; ; ;1;2; ; ;1; ;12;110,379299187046
3365910;1;1;2;2;52; ;2; ; ;1;2; ; ;1; ;12;84,2320734415285
3365911;1;1;1; ; ; ; ; ; ; ; ; ; ; ; ;12;59,0462578798222
3365911;1;2;1; ; ; ; ; ; ; ; ; ; ; ; ;12;59,0462578798222
3365911;1;3;1; ; ; ; ; ; ; ; ; ; ; ; ;12;59,0462578798222
3365911;1;4;1; ; ; ; ; ; ; ; ; ; ; ; ;12;59,0462578798222
3365912;1;1;1; ; ; ; ; ; ; ; ; ; ; ; ;12;58,153003981937
3365912;1;2;1; ; ; ; ; ; ; ; ; ; ; ; ;12;58,153003981937
3365912;1;3;1; ; ; ; ; ; ; ; ; ; ; ; ;12;58,153003981937
3365912;1;4;1; ; ; ; ; ; ; ; ; ; ; ; ;12;58,153003981937
3365912;1;5;1; ; ; ; ; ; ; ; ; ; ; ; ;12;58,153003981937
3365913;1;1;1; ; ; ; ; ; ; ; ; ; ; ; ;12;119,284294320068
3365913;1;2;2;2;17; ;2; ; ;1;2; ; ;1; ;12;119,284294320068
3365913;1;3;1; ; ; ; ; ; ; ; ; ; ; ; ;12;119,284294320068
3365913;1;4;1; ; ; ; ; ; ; ; ; ; ; ; ;12;119,284294320068
3365913;1;5;1; ; ; ; ; ; ; ; ; ; ; ; ;12;119,284294320068
3365913;1;6;1; ; ; ; ; ; ; ; ; ; ; ; ;12;119,284294320068
3365914;1;1;2;2;19; ;2; ; ;1;2; ; ;1; ;12;142,959624632183
3365914;1;2;1; ; ; ; ; ; ; ; ; ; ; ; ;12;142,959624632183
3365914;1;3;2;2;76; ;2; ; ;1;2; ; ;1; ;12;142,959624632183
3365914;1;4;2;2;76; ;2; ; ;1;2; ; ;1; ;12;142,959624632183
3365914;1;5;1; ; ; ; ; ; ; ; ; ; ; ; ;12;142,959624632183
3365915;1;1;2;2;19; ;2; ; ;1;2; ; ;1; ;12;100,084894740825
3365915;1;2;2;2;19; ;2; ; ;1;2; ; ;1; ;12;100,084894740825
3365915;1;3;1; ; ; ; ; ; ; ; ; ; ; ; ;12;100,084894740825
3365916;1;1;2;2;52; ;3;52; ;1;2; ; ;1; ;12;90,3056193744734
3365916;2;1;1; ; ; ; ; ; ; ; ; ; ; ; ;12;90,3056193744734
3365916;2;2;1; ; ; ; ; ; ; ; ; ; ; ; ;12;90,3056193744734
3365916;2;3;1; ; ; ; ; ; ; ; ; ; ; ; ;12;90,3056193744734
3365917;1;1;2;2;73; ;3;47; ;1;3;11; ;1; ;12;107,331022281328
3365917;1;2;2;2;19; ;3;19; ;1;3;11; ;1; ;12;107,331022281328
3365917;1;3;2;2;76; ;1; ; ; ;1; ; ; ; ;12;107,331022281328
3365918;1;1;1; ; ; ; ; ; ; ; ; ; ; ; ;12;62,8688996673128
3365918;1;2;1; ; ; ; ; ; ; ; ; ; ; ; ;12;62,8688996673128
3365918;1;3;1; ; ; ; ; ; ; ; ; ; ; ; ;12;62,8688996673128
3365919;1;1;1; ; ; ; ; ; ; ; ; ; ; ; ;12;87,6468080074023
3365919;1;2;1; ; ; ; ; ; ; ; ; ; ; ; ;12;87,6468080074023
3365919;1;3;1; ; ; ; ; ; ; ; ; ; ; ; ;12;87,6468080074023
3365919;1;4;1; ; ; ; ; ; ; ; ; ; ; ; ;12;87,6468080074023
3365919;1;5;1; ; ; ; ; ; ; ; ; ; ; ; ;12;87,6468080074023
3365919;1;6;1; ; ; ; ; ; ; ; ; ; ; ; ;12;87,6468080074023
3365919;1;7;1; ; ; ; ; ; ; ; ; ; ; ; ;12;87,6468080074023
3365920;1;1;1; ; ; ; ; ; ; ; ; ; ; ; ;12;104,020293700695
3365921;1;1;2;2;18; ;2; ; ;1;2; ; ;1; ;12;48,8152820987747
3365921;1;2;2;2;73; ;2; ; ;1;2; ; ;1; ;12;48,8152820987747
3365921;1;3;1; ; ; ; ; ; ; ; ; ; ; ; ;12;48,8152820987747
3365921;1;4;2;2;18; ;2; ; ;1;2; ; ;1; ;12;48,8152820987747
3365921;1;5;1; ; ; ; ; ; ; ; ; ; ; ; ;12;48,8152820987747
3365921;1;6;1; ; ; ; ; ; ; ; ; ; ; ; ;12;48,8152820987747
3365921;1;7;2;2;18; ;2; ; ;1;2; ; ;1; ;12;48,8152820987747
3365921;1;8;1; ; ; ; ; ; ; ; ; ; ; ; ;12;48,8152820987747
3365921;1;9;1; ; ; ; ; ; ; ; ; ; ; ; ;12;48,8152820987747
3365922;1;1;1; ; ; ; ; ; ; ; ; ; ; ; ;12;75,6113741076056
3365922;1;2;1; ; ; ; ; ; ; ; ; ; ; ; ;12;75,6113741076056
3365923;1;1;2;2;18; ;2; ; ;1;2; ; ;1; ;12;85,7033471359806
3365923;1;2;1; ; ; ; ; ; ; ; ; ; ; ; ;12;85,7033471359806
3365923;1;3;1; ; ; ; ; ; ; ; ; ; ; ; ;12;85,7033471359806
3365923;1;4;2;1; ; ;3;18; ;2;2; ; ;1; ;12;85,7033471359806
3365923;1;5;2;2;18; ;3;18; ;2;4; ;11; ;4;12;85,7033471359806
3365923;1;6;1; ; ; ; ; ; ; ; ; ; ; ; ;12;85,7033471359806
3365923;1;7;1; ; ; ; ; ; ; ; ; ; ; ; ;12;85,7033471359806
3365924;1;1;2;2;18; ;3;86; ;1;2; ; ;1; ;12;43,8871498625225
3365924;1;2;2;1; ; ;3;86; ;1;2; ; ;1; ;12;43,8871498625225
3365924;1;3;2;1; ; ;2; ; ;1;3;86; ;1; ;12;43,8871498625225
3365924;1;4;1; ; ; ; ; ; ; ; ; ; ; ; ;12;43,8871498625225
3365924;1;5;1; ; ; ; ; ; ; ; ; ; ; ; ;12;43,8871498625225
3365925;1;1;2;2;41; ;2; ; ;1;2; ; ;1; ;12;83,9224625354284
3365925;1;2;1; ; ; ; ; ; ; ; ; ; ; ; ;12;83,9224625354284
3365925;1;3;1; ; ; ; ; ; ; ; ; ; ; ; ;12;83,9224625354284
3365926;1;1;1; ; ; ; ; ; ; ; ; ; ; ; ;12;56,7424412485416
3365926;1;2;1; ; ; ; ; ; ; ; ; ; ; ; ;12;56,7424412485416
3365926;1;3;1; ; ; ; ; ; ; ; ; ; ; ; ;12;56,7424412485416
3365926;1;4;1; ; ; ; ; ; ; ; ; ; ; ; ;12;56,7424412485416
3365927;1;1;1; ; ; ; ; ; ; ; ; ; ; ; ;12;164,521632686692
3365927;1;2;1; ; ; ; ; ; ; ; ; ; ; ; ;12;164,521632686692
3365927;1;3;2;2;18; ;2; ; ;1;2; ; ;1; ;12;164,521632686692
3365927;1;4;2;2;41; ;2; ; ;1;2; ; ;1; ;12;164,521632686692
3365928;1;1;1; ; ; ; ; ; ; ; ; ; ; ; ;12;154,54192782695
3365928;1;2;1; ; ; ; ; ; ; ; ; ; ; ; ;12;154,54192782695
3365928;1;3;1; ; ; ; ; ; ; ; ; ; ; ; ;12;154,54192782695
3365928;1;4;1; ; ; ; ; ; ; ; ; ; ; ; ;12;154,54192782695
3365928;1;5;1; ; ; ; ; ; ; ; ; ; ; ; ;12;154,54192782695
3365929;1;1;1; ; ; ; ; ; ; ; ; ; ; ; ;12;73,6650059152164
3365929;1;2;1; ; ; ; ; ; ; ; ; ; ; ; ;12;73,6650059152164
3365929;1;3;1; ; ; ; ; ; ; ; ; ; ; ; ;12;73,6650059152164
3365929;1;4;1; ; ; ; ; ; ; ; ; ; ; ; ;12;73,6650059152164
3365929;1;5;1; ; ; ; ; ; ; ; ; ; ; ; ;12;73,6650059152164
3365930;1;1;2;2;73; ;2; ; ;1;2; ; ;1; ;12;66,817581215499
3365931;1;1;2;2;18; ;2; ; ;1;2; ; ;1; ;12;68,4771710213683
3365931;1;2;1; ; ; ; ; ; ; ; ; ; ; ; ;12;68,4771710213683
3365931;1;3;2;2;18; ;2; ; ;1;2; ; ;1; ;12;68,4771710213683
3365931;1;4;2;2;18; ;2; ; ;1;2; ; ;1; ;12;68,4771710213683
3365932;1;1;2;2;73; ;2; ; ;1;2; ; ;1; ;12;56,6211464538587
3365932;1;2;2;2;73; ;2; ; ;1;2; ; ;1; ;12;56,6211464538587
3365932;1;3;1; ; ; ; ; ; ; ; ; ; ; ; ;12;56,6211464538587
3365933;1;1;2;2;17; ;2; ; ;1;2; ; ;1; ;12;69,8865163803454
3365933;1;2;2;2;73; ;2; ; ;1;2; ; ;1; ;12;69,8865163803454
3365933;1;3;1; ; ; ; ; ; ; ; ; ; ; ; ;12;69,8865163803454
3365933;1;4;1; ; ; ; ; ; ; ; ; ; ; ; ;12;69,8865163803454
3365933;1;5;1; ; ; ; ; ; ; ; ; ; ; ; ;12;69,8865163803454
3365934;1;1;2;2;68; ;2; ; ;1;2; ; ;1; ;12;60,3212352781704
3365934;1;2;1; ; ; ; ; ; ; ; ; ; ; ; ;12;60,3212352781704
3365935;1;1;1; ; ; ; ; ; ; ; ; ; ; ; ;12;48,3100580260358
3365935;1;2;2;2;18; ;2; ; ;1;2; ; ;1; ;12;48,3100580260358
3365936;1;1;2;2;76; ;2; ; ;1;2; ; ;1; ;12;84,5726559508139
3365936;1;2;2;2;76; ;2; ; ;1;2; ; ;1; ;12;84,5726559508139
3365936;1;3;2;2;76; ;2; ; ;1;2; ; ;1; ;12;84,5726559508139
3365936;1;4;2;2;76; ;3;66; ;1;2; ; ;1; ;12;84,5726559508139
3365937;1;1;2;2;63; ;2; ; ;1;2; ; ;1; ;12;56,2597367842578
3365937;1;2;1; ; ; ; ; ; ; ; ; ; ; ; ;12;56,2597367842578
3365937;1;3;1; ; ; ; ; ; ; ; ; ; ; ; ;12;56,2597367842578
3365937;1;4;1; ; ; ; ; ; ; ; ; ; ; ; ;12;56,2597367842578
3365940;1;1;2;1; ; ;2; ; ;1;2; ; ;1; ;12;216,353914785825
3365940;1;2;2;2;25; ;2; ; ;1;2; ; ;1; ;12;216,353914785825
3365940;1;3;1; ; ; ; ; ; ; ; ; ; ; ; ;12;216,353914785825
3365941;1;1;2;1; ; ;2; ; ;1;2; ; ;1; ;12;295,060892272707
3365941;1;2;1; ; ; ; ; ; ; ; ; ; ; ; ;12;295,060892272707
3365942;1;1;2;2;73; ;2; ; ;1;2; ; ;1; ;12;261,161839955072
3365942;1;2;1; ; ; ; ; ; ; ; ; ; ; ; ;12;261,161839955072
3365942;1;3;1; ; ; ; ; ; ; ; ; ; ; ; ;12;261,161839955072
3365942;2;1;2;2;76; ;2; ; ;1;2; ; ;1; ;12;261,161839955072
3365943;1;1;2;2;73; ;2; ; ;1;2; ; ;1; ;12;168,051728087743
3365943;1;2;2;1; ; ;4; ;2; ;2; ; ;1; ;12;168,051728087743
3365943;1;3;2;2;73; ;2; ; ;1;2; ; ;1; ;12;168,051728087743
3365944;1;1;2;2;73; ;2; ; ;1;2; ; ;1; ;12;237,310528273552
3365944;1;2;2;1; ; ;2; ; ;1;2; ; ;1; ;12;237,310528273552
3365944;1;3;1; ; ; ; ; ; ; ; ; ; ; ; ;12;237,310528273552
3365944;1;4;1; ; ; ; ; ; ; ; ; ; ; ; ;12;237,310528273552
3365944;1;5;1; ; ; ; ; ; ; ; ; ; ; ; ;12;237,310528273552
3365945;1;1;2;2;15; ;2; ; ;1;2; ; ;1; ;12;185,853777875861
3365945;1;2;2;2;17; ;2; ; ;1;2; ; ;1; ;12;185,853777875861
3365945;1;3;1; ; ; ; ; ; ; ; ; ; ; ; ;12;185,853777875861
3365945;1;4;1; ; ; ; ; ; ; ; ; ; ; ; ;12;185,853777875861
3365945;1;5;1; ; ; ; ; ; ; ; ; ; ; ; ;12;185,853777875861
3365946;1;1;2;1; ; ;3;15; ;1;2; ; ;1; ;12;290,120086983339
3365946;1;2;2;2;15; ;3;15; ;1;2; ; ;1; ;12;290,120086983339
3365947;1;1;2;2;73; ;2; ; ;1;2; ; ;1; ;12;190,380274341761
3365948;1;1;1; ; ; ; ; ; ; ; ; ; ; ; ;12;246,758705574624
3365948;1;2;2;2;73; ;2; ; ;1;2; ; ;1; ;12;246,758705574624
3365949;1;1;2;2;73; ;2; ; ;1;2; ; ;1; ;12;214,631763516006
3365949;1;2;1; ; ; ; ; ; ; ; ; ; ; ; ;12;214,631763516006
3365949;1;3;1; ; ; ; ; ; ; ; ; ; ; ; ;12;214,631763516006
3365949;1;4;1; ; ; ; ; ; ; ; ; ; ; ; ;12;214,631763516006
3365949;1;5;1; ; ; ; ; ; ; ; ; ; ; ; ;12;214,631763516006
3365950;1;1;2;2;73; ;2; ; ;1;2; ; ;1; ;12;266,574770126084
3365950;1;2;1; ; ; ; ; ; ; ; ; ; ; ; ;12;266,574770126084
3365950;1;3;2;1; ; ;3;73; ;2;3;73; ;2;1;12;266,574770126084
3365951;1;1;1; ; ; ; ; ; ; ; ; ; ; ; ;12;278,145276189702
3365951;1;2;1; ; ; ; ; ; ; ; ; ; ; ; ;12;278,145276189702
3365951;1;3;1; ; ; ; ; ; ; ; ; ; ; ; ;12;278,145276189702
3365952;1;1;2;1; ; ;2; ; ;1;2; ; ;1; ;12;190,380274341761
3365953;1;1;2;1; ; ;2; ; ;1;2; ; ;1; ;12;190,380274341761
3365954;1;1;2;2;73; ;3;68; ;1;2; ; ;1; ;12;301,435293903833
3365954;1;2;2;1; ; ;3;68; ;1;2; ; ;1; ;12;301,435293903833
3365954;1;3;2;1; ; ;3;68; ;1;2; ; ;1; ;12;301,435293903833
3365954;1;4;2;2;76; ;3;68; ;1;2; ; ;1; ;12;301,435293903833
3365955;1;1;2;2;73; ;2; ; ;1;2; ; ;1; ;12;192,48347865011
3365955;1;2;1; ; ; ; ; ; ; ; ; ; ; ; ;12;192,48347865011
3365955;1;3;2;2;73; ;3;73; ;1;2; ; ;1; ;12;192,48347865011
3365955;1;4;2;2;25; ;2; ; ;1;2; ; ;1; ;12;192,48347865011
3365955;1;5;1; ; ; ; ; ; ; ; ; ; ; ; ;12;192,48347865011
3365956;1;1;2;1; ; ;2; ; ;1;2; ; ;1; ;12;295,723282635922
3365956;1;2;2;1; ; ;2; ; ;1;2; ; ;1; ;12;295,723282635922
3365956;1;3;2;2;73; ;2; ; ;1;2; ; ;1; ;12;295,723282635922
3365956;1;4;2;1; ; ;2; ; ;1;2; ; ;1; ;12;295,723282635922
3365957;1;1;2;1; ; ;3;73; ;1;2; ; ;1; ;12;358,313375987882
3365957;1;2;2;2;73; ;3;73; ;1;2; ; ;1; ;12;358,313375987882
3365957;1;3;2;1; ; ;3;73; ;1;2; ; ;1; ;12;358,313375987882
3365958;1;1;1; ; ; ; ; ; ; ; ; ; ; ; ;12;252,841243712228
3365958;1;2;1; ; ; ; ; ; ; ; ; ; ; ; ;12;252,841243712228
3365958;1;3;1; ; ; ; ; ; ; ; ; ; ; ; ;12;252,841243712228
3365959;1;1;2;2;73; ;2; ; ;1;2; ; ;1; ;12;364,647848677059
3365959;1;2;2;1; ; ;2; ; ;1;2; ; ;1; ;12;364,647848677059
3365959;1;3;1; ; ; ; ; ; ; ; ; ; ; ; ;12;364,647848677059
3365959;1;4;2;1; ; ;2; ; ;1;2; ; ;1; ;12;364,647848677059
3365959;1;5;1; ; ; ; ; ; ; ; ; ; ; ; ;12;364,647848677059
3365959;1;6;1; ; ; ; ; ; ; ; ; ; ; ; ;12;364,647848677059
3365959;1;7;1; ; ; ; ; ; ; ; ; ; ; ; ;12;364,647848677059
3365959;1;8;1; ; ; ; ; ; ; ; ; ; ; ; ;12;364,647848677059
3365959;1;9;1; ; ; ; ; ; ; ; ; ; ; ; ;12;364,647848677059
3365959;1;10;1; ; ; ; ; ; ; ; ; ; ; ; ;12;364,647848677059
3365959;1;11;2;1; ; ;2; ; ;1;2; ; ;1; ;12;364,647848677059
3365959;1;12;1; ; ; ; ; ; ; ; ; ; ; ; ;12;364,647848677059
3365959;1;13;1; ; ; ; ; ; ; ; ; ; ; ; ;12;364,647848677059
3365959;1;14;1; ; ; ; ; ; ; ; ; ; ; ; ;12;364,647848677059
3365959;1;15;2;2;17; ;2; ; ;1;2; ; ;1; ;12;364,647848677059
3365960;1;1;1; ; ; ; ; ; ; ; ; ; ; ; ;12;232,950141405768
3365960;1;2;1; ; ; ; ; ; ; ; ; ; ; ; ;12;232,950141405768
3365961;1;1;2;2;73; ;2; ; ;1;2; ; ;1; ;12;198,700870584604
3365961;1;2;1; ; ; ; ; ; ; ; ; ; ; ; ;12;198,700870584604
3365962;1;1;2;1; ; ;3;11; ;1;2; ; ;1; ;12;358,313375987882
3365962;1;2;2;1; ; ;3;11; ;1;2; ; ;1; ;12;358,313375987882
3365962;1;3;1; ; ; ; ; ; ; ; ; ; ; ; ;12;358,313375987882
3365963;1;1;2;2;73; ;2; ; ;1;2; ; ;1; ;12;333,301207003931
3365963;1;2;2;2;73; ;2; ; ;1;2; ; ;1; ;12;333,301207003931
3365963;1;3;1; ; ; ; ; ; ; ; ; ; ; ; ;12;333,301207003931
3365963;1;4;1; ; ; ; ; ; ; ; ; ; ; ; ;12;333,301207003931
3365964;1;1;2;2;11; ;2; ; ;1;2; ; ;1; ;12;308,869456441564
3365964;1;2;2;2;73; ;2; ; ;1;2; ; ;1; ;12;308,869456441564
3365965;1;1;1; ; ; ; ; ; ; ; ; ; ; ; ;12;210,271376648221
3365965;1;2;1; ; ; ; ; ; ; ; ; ; ; ; ;12;210,271376648221
3365966;1;1;1; ; ; ; ; ; ; ; ; ; ; ; ;12;264,336712020845
3365966;1;2;1; ; ; ; ; ; ; ; ; ; ; ; ;12;264,336712020845
3365966;1;3;1; ; ; ; ; ; ; ; ; ; ; ; ;12;264,336712020845
3365968;1;1;1; ; ; ; ; ; ; ; ; ; ; ; ;12;294,301396374969
3365968;1;2;2;2;73; ;2; ; ;1;2; ; ;1; ;12;294,301396374969
3365968;1;3;1; ; ; ; ; ; ; ; ; ; ; ; ;12;294,301396374969
3365968;1;4;1; ; ; ; ; ; ; ; ; ; ; ; ;12;294,301396374969
3365968;1;5;1; ; ; ; ; ; ; ; ; ; ; ; ;12;294,301396374969
3365968;1;6;1; ; ; ; ; ; ; ; ; ; ; ; ;12;294,301396374969
3365968;1;7;2;2;63; ;2; ; ;1;2; ; ;1; ;12;294,301396374969
3365969;1;1;1; ; ; ; ; ; ; ; ; ; ; ; ;12;299,178111344398
3365969;1;2;1; ; ; ; ; ; ; ; ; ; ; ; ;12;299,178111344398
3365969;1;3;1; ; ; ; ; ; ; ; ; ; ; ; ;12;299,178111344398
3365969;1;4;1; ; ; ; ; ; ; ; ; ; ; ; ;12;299,178111344398
3365969;1;5;1; ; ; ; ; ; ; ; ; ; ; ; ;12;299,178111344398
3365970;1;1;1; ; ; ; ; ; ; ; ; ; ; ; ;12;287,926994743843
3365970;1;2;1; ; ; ; ; ; ; ; ; ; ; ; ;12;287,926994743843
3365970;1;3;2;2;11; ;2; ; ;1;2; ; ;1; ;12;287,926994743843
3365970;1;4;2;2;11; ;2; ; ;1;2; ; ;1; ;12;287,926994743843
3365970;1;5;1; ; ; ; ; ; ; ; ; ; ; ; ;12;287,926994743843
3365971;1;1;2;2;73; ;3;73; ;1;2; ; ;1; ;12;316,093727427403
3365971;1;2;2;2;73; ;3;73; ;2;2; ; ;1; ;12;316,093727427403
3365971;1;3;2;2;11; ;1; ; ; ;2; ; ;1; ;12;316,093727427403
3365971;1;4;2;2;73; ;3;68; ;1;3;73; ;1; ;12;316,093727427403
3365972;1;1;2;2;73; ;4; ;4; ;2; ; ;1; ;12;198,700870584604
3365972;1;2;2;2;73; ;4; ;4; ;2; ; ;1; ;12;198,700870584604
3365973;1;1;1; ; ; ; ; ; ; ; ; ; ; ; ;12;347,00095555746
3365973;1;2;1; ; ; ; ; ; ; ; ; ; ; ; ;12;347,00095555746
3365973;1;3;1; ; ; ; ; ; ; ; ; ; ; ; ;12;347,00095555746
3365973;1;4;1; ; ; ; ; ; ; ; ; ; ; ; ;12;347,00095555746
3365973;1;5;1; ; ; ; ; ; ; ; ; ; ; ; ;12;347,00095555746
3365973;1;6;1; ; ; ; ; ; ; ; ; ; ; ; ;12;347,00095555746
3365974;1;1;2;2;73; ;3;41; ;1;2; ; ;1; ;12;284,227814327306
3365974;1;2;2;2;73; ;3;41; ;1;2; ; ;1; ;12;284,227814327306
3365974;1;3;2;2;73; ;2; ; ;1;2; ; ;1; ;12;284,227814327306
3365974;1;4;2;2;73; ;2; ; ;1;2; ; ;1; ;12;284,227814327306
3365975;1;1;1; ; ; ; ; ; ; ; ; ; ; ; ;12;258,254173883241
3365975;1;2;2;1; ; ;2; ; ;1;3;76; ;1; ;12;258,254173883241
3365976;1;1;2;2;73; ;2; ; ;1;2; ; ;1; ;12;217,315386245939
3365976;1;2;1; ; ; ; ; ; ; ; ; ; ; ; ;12;217,315386245939
3365976;1;3;1; ; ; ; ; ; ; ; ; ; ; ; ;12;217,315386245939
3365976;1;4;1; ; ; ; ; ; ; ; ; ; ; ; ;12;217,315386245939
3365976;1;5;1; ; ; ; ; ; ; ; ; ; ; ; ;12;217,315386245939
3365976;1;6;2;2;44; ;2; ; ;1;2; ; ;1; ;12;217,315386245939
3365977;1;1;2;2;41; ;3;11; ;1;2; ; ;1; ;12;310,011189289799
3365977;1;2;2;2;15; ;3;11; ;1;2; ; ;1; ;12;310,011189289799
3365977;1;3;1; ; ; ; ; ; ; ; ; ; ; ; ;12;310,011189289799
3365978;1;1;1; ; ; ; ; ; ; ; ; ; ; ; ;12;288,978354135103
3365979;1;1;1; ; ; ; ; ; ; ; ; ; ; ; ;12;252,841243712228
3365979;1;2;1; ; ; ; ; ; ; ; ; ; ; ; ;12;252,841243712228
3365979;1;3;1; ; ; ; ; ; ; ; ; ; ; ; ;12;252,841243712228
3365980;1;1;2;2;25; ;2; ; ;1;2; ; ;1; ;12;236,245017092286
3365980;1;2;2;2;73; ;2; ; ;1;2; ; ;1; ;12;236,245017092286
3365980;1;3;2;1; ; ;2; ; ;1;2; ; ;1; ;12;236,245017092286
3365980;1;4;2;2;11; ;2; ; ;1;2; ; ;1; ;12;236,245017092286
3365981;1;1;2;1; ; ;2; ; ;1;2; ; ;1; ;12;239,643932499957
3365981;1;2;1; ; ; ; ; ; ; ; ; ; ; ; ;12;239,643932499957
3365981;1;3;1; ; ; ; ; ; ; ; ; ; ; ; ;12;239,643932499957
3365981;1;4;2;2;73; ;2; ; ;1;2; ; ;1; ;12;239,643932499957
3365982;1;1;1; ; ; ; ; ; ; ; ; ; ; ; ;12;373,263673004974
3365982;1;2;1; ; ; ; ; ; ; ; ; ; ; ; ;12;373,263673004974
3365982;1;3;1; ; ; ; ; ; ; ; ; ; ; ; ;12;373,263673004974
3365982;1;4;1; ; ; ; ; ; ; ; ; ; ; ; ;12;373,263673004974
3365983;1;1;2;2;17; ;3;25; ;1;2; ; ;1; ;12;266,574770126084
3365983;1;2;2;2;15; ;3;25; ;1;2; ; ;1; ;12;266,574770126084
3365983;1;3;2;2;66; ;3;25; ;1;2; ; ;1; ;12;266,574770126084
3365984;1;1;1; ; ; ; ; ; ; ; ; ; ; ; ;12;150,74890239005
3365984;1;2;2;1; ; ;2; ; ;1;2; ; ;1; ;12;150,74890239005
3365984;1;3;1; ; ; ; ; ; ; ; ; ; ; ; ;12;150,74890239005
3365984;1;4;1; ; ; ; ; ; ; ; ; ; ; ; ;12;150,74890239005
3365985;1;1;2;2;63; ;2; ; ;1;2; ; ;1; ;12;190,380274341761
3365986;1;1;2;2;05; ;2; ; ;1;2; ; ;1; ;12;208,123691999958
3365986;1;2;2;2;05; ;2; ; ;1;2; ; ;1; ;12;208,123691999958
3365986;1;3;2;2;11; ;2; ; ;1;2; ; ;1; ;12;208,123691999958
3365986;1;4;1; ; ; ; ; ; ; ; ; ; ; ; ;12;208,123691999958
3365986;1;5;1; ; ; ; ; ; ; ; ; ; ; ; ;12;208,123691999958
3365986;1;6;1; ; ; ; ; ; ; ; ; ; ; ; ;12;208,123691999958
3365986;1;7;1; ; ; ; ; ; ; ; ; ; ; ; ;12;208,123691999958
3365987;1;1;2;2;73; ;3;73; ;1;2; ; ;1; ;12;266,574770126084
3365987;1;2;2;2;73; ;3;73; ;1;2; ; ;1; ;12;266,574770126084
3365987;1;3;2;1; ; ;2; ; ;1;2; ; ;1; ;12;266,574770126084
3365988;1;1;1; ; ; ; ; ; ; ; ; ; ; ; ;12;270,048723288756
3365988;1;2;1; ; ; ; ; ; ; ; ; ; ; ; ;12;270,048723288756
3365988;1;3;1; ; ; ; ; ; ; ; ; ; ; ; ;12;270,048723288756
3365989;1;1;1; ; ; ; ; ; ; ; ; ; ; ; ;12;221,766844956838
3365989;1;2;2;3; ;3;2; ; ;1;4; ;3; ;4;12;221,766844956838
3365990;1;1;2;2;73; ;3;76; ;1;2; ; ;1; ;12;374,838839130874
3365990;1;2;2;2;76; ;3;76; ;1;2; ; ;1; ;12;374,838839130874
3365990;1;3;2;1; ; ;3;76; ;1;2; ; ;1; ;12;374,838839130874
3365990;1;4;2;1; ; ;3;76; ;1;2; ; ;1; ;12;374,838839130874
3365990;1;5;1; ; ; ; ; ; ; ; ; ; ; ; ;12;374,838839130874
3365990;1;6;2;1; ; ;3;76; ;1;2; ; ;1; ;12;374,838839130874
3365990;1;7;2;2;76; ;3;76; ;1;2; ; ;1; ;12;374,838839130874
3365990;1;8;1; ; ; ; ; ; ; ; ; ; ; ; ;12;374,838839130874
3365991;1;1;1; ; ; ; ; ; ; ; ; ; ; ; ;12;258,923781849832
3365991;1;2;1; ; ; ; ; ; ; ; ; ; ; ; ;12;258,923781849832
3365991;1;3;1; ; ; ; ; ; ; ; ; ; ; ; ;12;258,923781849832
3365991;1;4;1; ; ; ; ; ; ; ; ; ; ; ; ;12;258,923781849832
3365992;1;1;1; ; ; ; ; ; ; ; ; ; ; ; ;12;230,162478954682
3365992;1;2;1; ; ; ; ; ; ; ; ; ; ; ; ;12;230,162478954682
3365992;1;3;1; ; ; ; ; ; ; ; ; ; ; ; ;12;230,162478954682
3365993;1;1;1; ; ; ; ; ; ; ; ; ; ; ; ;12;413,951435777204
3365993;1;2;1; ; ; ; ; ; ; ; ; ; ; ; ;12;413,951435777204
3365993;1;3;2;2;73; ;2; ; ;1;3;68; ;2;1;12;413,951435777204
3365993;1;4;1; ; ; ; ; ; ; ; ; ; ; ; ;12;413,951435777204
3365993;1;5;2;2;73; ;3;73; ;2;2; ; ;1; ;12;413,951435777204
3365993;1;6;2;2;05; ;2; ; ;1;2; ; ;1; ;12;413,951435777204
3365993;1;7;1; ; ; ; ; ; ; ; ; ; ; ; ;12;413,951435777204
3365993;1;8;1; ; ; ; ; ; ; ; ; ; ; ; ;12;413,951435777204
3365994;1;1;1; ; ; ; ; ; ; ; ; ; ; ; ;12;252,841243712228
3365994;1;2;2;2;73; ;2; ; ;1;2; ; ;1; ;12;252,841243712228
3365994;1;3;1; ; ; ; ; ; ; ; ; ; ; ; ;12;252,841243712228
3365995;1;1;2;2;41; ;2; ; ;1;2; ; ;1; ;12;226,867603268164
3365996;1;1;2;2;73; ;2; ; ;1;2; ; ;1; ;12;316,093727427403
3365996;1;2;2;1; ; ;2; ; ;1;2; ; ;1; ;12;316,093727427403
3365996;1;3;2;2;11; ;2; ; ;1;2; ; ;1; ;12;316,093727427403
3365996;1;4;1; ; ; ; ; ; ; ; ; ; ; ; ;12;316,093727427403
3365997;1;1;1; ; ; ; ; ; ; ; ; ; ; ; ;12;246,758705574624
3365997;1;2;2;2;73; ;2; ; ;1;2; ; ;1; ;12;246,758705574624
3366000;1;1;2;3; ;3;2; ; ;1;2; ; ;1; ;12;333,301207003931
3366000;1;2;1; ; ; ; ; ; ; ; ; ; ; ; ;12;333,301207003931
3366000;1;3;1; ; ; ; ; ; ; ; ; ; ; ; ;12;333,301207003931
3366000;1;4;1; ; ; ; ; ; ; ; ; ; ; ; ;12;333,301207003931
3366001;1;1;2;2;73; ;2; ; ;1;2; ; ;1; ;12;230,162478954682
3366001;1;2;2;2;73; ;2; ; ;1;2; ; ;1; ;12;230,162478954682
3366001;1;3;2;2;11; ;3;66; ;1;2; ; ;1; ;12;230,162478954682
3366002;1;1;1; ; ; ; ; ; ; ; ; ; ; ; ;12;345,32671347871
3366002;1;2;1; ; ; ; ; ; ; ; ; ; ; ; ;12;345,32671347871
3366002;1;3;1; ; ; ; ; ; ; ; ; ; ; ; ;12;345,32671347871
3366002;1;4;1; ; ; ; ; ; ; ; ; ; ; ; ;12;345,32671347871
3366002;1;5;1; ; ; ; ; ; ; ; ; ; ; ; ;12;345,32671347871
3366003;1;1;2;2;73; ;2; ; ;1;2; ; ;1; ;12;235,188199511007
3366003;1;2;1; ; ; ; ; ; ; ; ; ; ; ; ;12;235,188199511007
3366004;1;1;2;2;17; ;2; ; ;1;2; ; ;1; ;12;329,827253841259
3366004;1;2;1; ; ; ; ; ; ; ; ; ; ; ; ;12;329,827253841259
3366004;1;3;1; ; ; ; ; ; ; ; ; ; ; ; ;12;329,827253841259
3366004;1;4;2;2;18; ;2; ; ;1;2; ; ;1; ;12;329,827253841259
3366005;1;1;1; ; ; ; ; ; ; ; ; ; ; ; ;12;373,263673004974
3366005;1;2;1; ; ; ; ; ; ; ; ; ; ; ; ;12;373,263673004974
3366005;1;3;1; ; ; ; ; ; ; ; ; ; ; ; ;12;373,263673004974
3366005;1;4;1; ; ; ; ; ; ; ; ; ; ; ; ;12;373,263673004974
3366006;1;1;2;2;73; ;2; ; ;1;2; ; ;1; ;12;272,657308263688
3366006;1;2;2;2;73; ;2; ; ;1;2; ; ;1; ;12;272,657308263688
3366006;1;3;1; ; ; ; ; ; ; ; ; ; ; ; ;12;272,657308263688
3366006;1;4;1; ; ; ; ; ; ; ; ; ; ; ; ;12;272,657308263688
3366007;1;1;2;2;11; ;3;11; ;1;2; ; ;1; ;12;278,145276189702
3366007;1;2;1; ; ; ; ; ; ; ; ; ; ; ; ;12;278,145276189702
3366007;1;3;1; ; ; ; ; ; ; ; ; ; ; ; ;12;278,145276189702
3366008;1;1;1; ; ; ; ; ; ; ; ; ; ; ; ;12;249,978543506142
3366008;1;2;1; ; ; ; ; ; ; ; ; ; ; ; ;12;249,978543506142
3366008;1;3;1; ; ; ; ; ; ; ; ; ; ; ; ;12;249,978543506142
3366008;1;4;1; ; ; ; ; ; ; ; ; ; ; ; ;12;249,978543506142
3366009;1;1;2;2;73; ;2; ; ;1;2; ; ;1; ;12;197,424283939478
3366009;1;2;2;2;73; ;2; ; ;1;2; ; ;1; ;12;197,424283939478
3366009;1;3;1; ; ; ; ; ; ; ; ; ; ; ; ;12;197,424283939478
3366009;1;4;2;2;73; ;2; ; ;1;2; ; ;1; ;12;197,424283939478
3366009;1;5;2;2;73; ;3;50; ;1;2; ; ;1; ;12;197,424283939478
3366010;1;1;1; ; ; ; ; ; ; ; ; ; ; ; ;12;277,407848071486
3366011;1;1;1; ; ; ; ; ; ; ; ; ; ; ; ;12;236,169979337285
3366011;1;2;1; ; ; ; ; ; ; ; ; ; ; ; ;12;236,169979337285
3366011;1;3;1; ; ; ; ; ; ; ; ; ; ; ; ;12;236,169979337285
3366011;1;4;1; ; ; ; ; ; ; ; ; ; ; ; ;12;236,169979337285
3366012;1;1;2;2;73; ;2; ; ;1;2; ; ;1; ;12;156,481222024125
3366012;1;2;2;2;73; ;2; ; ;1;2; ; ;1; ;12;156,481222024125
3366012;1;3;2;2;73; ;2; ; ;1;2; ; ;1; ;12;156,481222024125
3366013;1;1;2;2;11; ;2; ; ;1;2; ; ;1; ;12;264,336712020845
3366013;1;2;1; ; ; ; ; ; ; ; ; ; ; ; ;12;264,336712020845
3366013;1;3;1; ; ; ; ; ; ; ; ; ; ; ; ;12;264,336712020845
3366014;1;1;2;2;73; ;2; ; ;1;2; ; ;1; ;12;217,495647634061
3366014;1;2;1; ; ; ; ; ; ; ; ; ; ; ; ;12;217,495647634061
3366014;1;3;1; ; ; ; ; ; ; ; ; ; ; ; ;12;217,495647634061
3366014;1;4;1; ; ; ; ; ; ; ; ; ; ; ; ;12;217,495647634061
3366015;1;1;2;2;11; ;2; ; ;1;2; ; ;1; ;12;335,909791978863
3366015;1;2;2;2;11; ;2; ; ;1;2; ; ;1; ;12;335,909791978863
3366015;1;3;2;3; ;10;2; ; ;1;2; ; ;1; ;12;335,909791978863
3366015;1;4;2;2;73; ;2; ; ;1;2; ; ;1; ;12;335,909791978863
3366015;1;5;2;2;11; ;2; ; ;1;2; ; ;1; ;12;335,909791978863
3366016;1;1;2;2;11; ;2; ; ;1;2; ; ;1; ;12;278,145276189702
3366016;1;2;1; ; ; ; ; ; ; ; ; ; ; ; ;12;278,145276189702
3366016;1;3;1; ; ; ; ; ; ; ; ; ; ; ; ;12;278,145276189702
3366017;1;1;2;1; ; ;2; ; ;1;2; ; ;1; ;12;313,41010469747
3366017;1;2;1; ; ; ; ; ; ; ; ; ; ; ; ;12;313,41010469747
3366017;1;3;1; ; ; ; ; ; ; ; ; ; ; ; ;12;313,41010469747
3366018;1;1;2;2;76; ;2; ; ;1;2; ; ;1; ;12;162,950969776417
3366018;1;2;2;2;73; ;2; ; ;1;2; ; ;1; ;12;162,950969776417
3366018;1;3;1; ; ; ; ; ; ; ; ; ; ; ; ;12;162,950969776417
3366018;1;4;2;2;76; ;2; ; ;1;2; ; ;1; ;12;162,950969776417
3366019;1;1;1; ; ; ; ; ; ; ; ; ; ; ; ;12;299,167163909337
3366019;1;2;1; ; ; ; ; ; ; ; ; ; ; ; ;12;299,167163909337
3366019;2;1;1; ; ; ; ; ; ; ; ; ; ; ; ;12;299,167163909337
3366019;2;2;1; ; ; ; ; ; ; ; ; ; ; ; ;12;299,167163909337
3366019;2;3;1; ; ; ; ; ; ; ; ; ; ; ; ;12;299,167163909337
3366019;2;4;1; ; ; ; ; ; ; ; ; ; ; ; ;12;299,167163909337
3366019;2;5;1; ; ; ; ; ; ; ; ; ; ; ; ;12;299,167163909337
3366020;1;1;2;2;11; ;2; ; ;1;2; ; ;1; ;12;379,346211142578
3366020;1;2;2;2;73; ;2; ; ;1;2; ; ;1; ;12;379,346211142578
3366020;1;3;2;2;25; ;2; ; ;1;2; ; ;1; ;12;379,346211142578
3366020;1;4;1; ; ; ; ; ; ; ; ; ; ; ; ;12;379,346211142578
3366020;1;5;2;2;41; ;1; ; ; ;1; ; ; ; ;12;379,346211142578
3366021;1;1;2;2;25; ;2; ; ;1;2; ; ;1; ;12;190,380274341761
3366022;1;1;2;2;73; ;3;73; ;1;2; ; ;1; ;12;301,435293903833
3366022;1;2;2;2;23; ;3;08; ;1;2; ; ;1; ;12;301,435293903833
3366022;1;3;1; ; ; ; ; ; ; ; ; ; ; ; ;12;301,435293903833
3366022;1;4;1; ; ; ; ; ; ; ; ; ; ; ; ;12;301,435293903833
3366023;1;1;2;2;73; ;2; ; ;1;2; ; ;1; ;12;201,289147193372
3366023;1;2;1; ; ; ; ; ; ; ; ; ; ; ; ;12;201,289147193372
3366023;1;3;2;2;73; ;2; ; ;1;2; ; ;1; ;12;201,289147193372
3366023;1;4;2;1; ; ;2; ; ;1;2; ; ;1; ;12;201,289147193372
3366024;1;1;2;2;73; ;2; ; ;1;2; ; ;1; ;12;304,910430978473
3366024;1;2;1; ; ; ; ; ; ; ; ; ; ; ; ;12;304,910430978473
3366024;1;3;2;2;73; ;2; ; ;1;2; ; ;1; ;12;304,910430978473
3366024;1;4;1; ; ; ; ; ; ; ; ; ; ; ; ;12;304,910430978473
3366025;1;1;2;2;73; ;2; ; ;1;2; ; ;1; ;12;347,48029804248
3366025;1;2;1; ; ; ; ; ; ; ; ; ; ; ; ;12;347,48029804248
3366025;1;3;1; ; ; ; ; ; ; ; ; ; ; ; ;12;347,48029804248
3366025;1;4;1; ; ; ; ; ; ; ; ; ; ; ; ;12;347,48029804248
3366025;1;5;1; ; ; ; ; ; ; ; ; ; ; ; ;12;347,48029804248
3366026;1;1;1; ; ; ; ; ; ; ; ; ; ; ; ;12;288,978354135103
3366027;1;1;2;2;73; ;2; ; ;1;2; ; ;1; ;12;301,435293903833
3366027;1;2;1; ; ; ; ; ; ; ; ; ; ; ; ;12;301,435293903833
3366027;1;3;1; ; ; ; ; ; ; ; ; ; ; ; ;12;301,435293903833
3366027;1;4;1; ; ; ; ; ; ; ; ; ; ; ; ;12;301,435293903833
3366028;1;1;1; ; ; ; ; ; ; ; ; ; ; ; ;12;316,628758717019
3366028;1;2;1; ; ; ; ; ; ; ; ; ; ; ; ;12;316,628758717019
3366028;1;3;1; ; ; ; ; ; ; ; ; ; ; ; ;12;316,628758717019
3366028;1;4;1; ; ; ; ; ; ; ; ; ; ; ; ;12;316,628758717019
3366028;1;5;1; ; ; ; ; ; ; ; ; ; ; ; ;12;316,628758717019
3366029;1;1;2;1; ; ;2; ; ;1;2; ; ;1; ;12;264,336712020845
3366029;1;2;2;2;11; ;2; ; ;1;2; ; ;1; ;12;264,336712020845
3366029;1;3;1; ; ; ; ; ; ; ; ; ; ; ; ;12;264,336712020845
3366030;1;1;2;2;76; ;3;05; ;1;2; ; ;1; ;12;284,227814327306
3366030;1;2;2;2;25; ;3;25; ;1;2; ; ;1; ;12;284,227814327306
3366030;1;3;2;2;25; ;3;05; ;1;2; ; ;1; ;12;284,227814327306
3366030;1;4;2;2;73; ;3;11; ;1;2; ; ;1; ;12;284,227814327306
3366031;1;1;2;2;50; ;2; ; ;1;2; ; ;1; ;12;153,911614984286
3366031;1;2;1; ; ; ; ; ; ; ; ; ; ; ; ;12;153,911614984286
3366031;1;3;1; ; ; ; ; ; ; ; ; ; ; ; ;12;153,911614984286
3366031;1;4;1; ; ; ; ; ; ; ; ; ; ; ; ;12;153,911614984286
3366031;1;5;1; ; ; ; ; ; ; ; ; ; ; ; ;12;153,911614984286
3366033;1;1;2;2;95; ;2; ; ;1;2; ; ;1; ;12;237,981120182733
3366033;1;2;1; ; ; ; ; ; ; ; ; ; ; ; ;12;237,981120182733
3366033;1;3;1; ; ; ; ; ; ; ; ; ; ; ; ;12;237,981120182733
3366033;1;4;1; ; ; ; ; ; ; ; ; ; ; ; ;12;237,981120182733
3366034;1;1;2;2;05; ;2; ; ;1;2; ; ;1; ;12;559,086400786507
3366034;1;2;2;2;05; ;2; ; ;1;2; ; ;1; ;12;559,086400786507
3366034;1;3;1; ; ; ; ; ; ; ; ; ; ; ; ;12;559,086400786507
3366034;1;4;1; ; ; ; ; ; ; ; ; ; ; ; ;12;559,086400786507
3366034;1;5;1; ; ; ; ; ; ; ; ; ; ; ; ;12;559,086400786507
3366035;1;1;1; ; ; ; ; ; ; ; ; ; ; ; ;12;494,828896935394
3366035;1;2;1; ; ; ; ; ; ; ; ; ; ; ; ;12;494,828896935394
3366035;1;3;1; ; ; ; ; ; ; ; ; ; ; ; ;12;494,828896935394
3366036;1;1;2;2;08; ;2; ; ;1;2; ; ;1; ;12;626,724167968071
3366036;1;2;2;2;08; ;2; ; ;1;2; ; ;1; ;12;626,724167968071
3366036;1;3;1; ; ; ; ; ; ; ; ; ; ; ; ;12;626,724167968071
3366036;1;4;1; ; ; ; ; ; ; ; ; ; ; ; ;12;626,724167968071
3366036;1;5;1; ; ; ; ; ; ; ; ; ; ; ; ;12;626,724167968071
3366036;1;6;1; ; ; ; ; ; ; ; ; ; ; ; ;12;626,724167968071
3366036;1;7;1; ; ; ; ; ; ; ; ; ; ; ; ;12;626,724167968071
3366037;1;1;1; ; ; ; ; ; ; ; ; ; ; ; ;12;671,285204007779
3366037;1;2;2;2;08; ;2; ; ;1;2; ; ;1; ;12;671,285204007779
3366037;1;3;1; ; ; ; ; ; ; ; ; ; ; ; ;12;671,285204007779
3366037;1;4;1; ; ; ; ; ; ; ; ; ; ; ; ;12;671,285204007779
3366037;1;5;1; ; ; ; ; ; ; ; ; ; ; ; ;12;671,285204007779
3366037;1;6;1; ; ; ; ; ; ; ; ; ; ; ; ;12;671,285204007779
3366037;1;7;1; ; ; ; ; ; ; ; ; ; ; ; ;12;671,285204007779
3366038;1;1;2;2;08; ;2; ; ;1;2; ; ;1; ;12;641,430735933236
3366038;1;2;2;2;08; ;2; ; ;1;2; ; ;1; ;12;641,430735933236
3366038;1;3;1; ; ; ; ; ; ; ; ; ; ; ; ;12;641,430735933236
3366038;1;4;1; ; ; ; ; ; ; ; ; ; ; ; ;12;641,430735933236
3366038;1;5;2;2;11; ;3;11; ;1;3;11; ;1; ;12;641,430735933236
3366038;1;6;2;2;08; ;2; ; ;1;2; ; ;1; ;12;641,430735933236
3366039;1;1;2;2;08; ;2; ; ;1;2; ; ;1; ;12;613,243489108045
3366039;1;2;2;2;05; ;2; ; ;1;2; ; ;1; ;12;613,243489108045
3366039;1;3;2;2;08; ;2; ; ;1;2; ; ;1; ;12;613,243489108045
3366040;1;1;2;2;47; ;3;47; ;1;2; ; ;1; ;12;846,663072813037
3366040;1;2;2;2;47; ;3;47; ;1;3;47; ;1; ;12;846,663072813037
3366041;1;1;2;2;08; ;2; ; ;1;2; ; ;1; ;12;681,641914593646
3366041;1;2;2;2;08; ;2; ; ;1;2; ; ;1; ;12;681,641914593646
3366041;1;3;2;2;08; ;2; ; ;1;2; ; ;1; ;12;681,641914593646
3366041;1;4;1; ; ; ; ; ; ; ; ; ; ; ; ;12;681,641914593646
3366041;1;5;2;2;08; ;2; ; ;1;2; ; ;1; ;12;681,641914593646
3366041;1;6;1; ; ; ; ; ; ; ; ; ; ; ; ;12;681,641914593646
3366042;1;1;1; ; ; ; ; ; ; ; ; ; ; ; ;12;672,090584126763
3366042;1;2;2;2;47; ;2; ; ;1;2; ; ;1; ;12;672,090584126763
3366042;1;3;2;2;08; ;2; ; ;1;2; ; ;1; ;12;672,090584126763
3366042;1;4;1; ; ; ; ; ; ; ; ; ; ; ; ;12;672,090584126763
3366042;1;5;1; ; ; ; ; ; ; ; ; ; ; ; ;12;672,090584126763
3366042;1;6;1; ; ; ; ; ; ; ; ; ; ; ; ;12;672,090584126763
3366043;1;1;1; ; ; ; ; ; ; ; ; ; ; ; ;12;677,013846387297
3366043;1;2;1; ; ; ; ; ; ; ; ; ; ; ; ;12;677,013846387297
3366043;1;3;1; ; ; ; ; ; ; ; ; ; ; ; ;12;677,013846387297
3366043;1;4;1; ; ; ; ; ; ; ; ; ; ; ; ;12;677,013846387297
3366043;1;5;1; ; ; ; ; ; ; ; ; ; ; ; ;12;677,013846387297
3366043;1;6;1; ; ; ; ; ; ; ; ; ; ; ; ;12;677,013846387297
3366043;1;7;1; ; ; ; ; ; ; ; ; ; ; ; ;12;677,013846387297
3366043;1;8;1; ; ; ; ; ; ; ; ; ; ; ; ;12;677,013846387297
3366044;1;1;2;2;47; ;2; ; ;1;2; ; ;1; ;12;598,71026279793
3366044;1;2;1; ; ; ; ; ; ; ; ; ; ; ; ;12;598,71026279793
3366044;1;3;1; ; ; ; ; ; ; ; ; ; ; ; ;12;598,71026279793
3366044;1;4;1; ; ; ; ; ; ; ; ; ; ; ; ;12;598,71026279793
3366045;1;1;2;2;08; ;2; ; ;1;2; ; ;1; ;12;667,009405753286
3366045;1;2;2;2;13; ;2; ; ;1;2; ; ;1; ;12;667,009405753286
3366045;1;3;2;2;08; ;2; ; ;1;2; ; ;1; ;12;667,009405753286
3366045;1;4;2;2;08; ;2; ; ;1;2; ; ;1; ;12;667,009405753286
3366045;1;5;2;2;08; ;2; ; ;1;2; ; ;1; ;12;667,009405753286
3366045;1;6;2;1; ; ;2; ; ;1;2; ; ;1; ;12;667,009405753286
3366046;1;1;1; ; ; ; ; ; ; ; ; ; ; ; ;12;661,145886753764
3366046;1;2;2;2;44; ;2; ; ;1;2; ; ;1; ;12;661,145886753764
3366046;1;3;2;2;08; ;2; ; ;1;2; ; ;1; ;12;661,145886753764
3366046;1;4;2;2;08; ;2; ; ;1;2; ; ;1; ;12;661,145886753764
3366046;1;5;1; ; ; ; ; ; ; ; ; ; ; ; ;12;661,145886753764
3366047;1;1;2;2;08; ;2; ; ;1;2; ; ;1; ;12;613,243489108045
3366047;1;2;2;2;08; ;2; ; ;1;2; ; ;1; ;12;613,243489108045
3366047;1;3;2;2;08; ;2; ; ;1;2; ; ;1; ;12;613,243489108045
3366048;1;1;1; ; ; ; ; ; ; ; ; ; ; ; ;12;680,262459455281
3366048;1;2;1; ; ; ; ; ; ; ; ; ; ; ; ;12;680,262459455281
3366048;1;3;1; ; ; ; ; ; ; ; ; ; ; ; ;12;680,262459455281
3366048;1;4;1; ; ; ; ; ; ; ; ; ; ; ; ;12;680,262459455281
3366049;1;1;2;2;68; ;2; ; ;1;2; ; ;1; ;12;626,105371133743
3366049;1;2;2;2;68; ;2; ; ;1;2; ; ;1; ;12;626,105371133743
3366049;1;3;1; ; ; ; ; ; ; ; ; ; ; ; ;12;626,105371133743
3366049;1;4;1; ; ; ; ; ; ; ; ; ; ; ; ;12;626,105371133743
3366049;1;5;1; ; ; ; ; ; ; ; ; ; ; ; ;12;626,105371133743
3366049;1;6;1; ; ; ; ; ; ; ; ; ; ; ; ;12;626,105371133743
3366050;1;1;1; ; ; ; ; ; ; ; ; ; ; ; ;12;686,096641144944
3366050;1;2;2;2;08; ;2; ; ;1;2; ; ;1; ;12;686,096641144944
3366050;1;3;1; ; ; ; ; ; ; ; ; ; ; ; ;12;686,096641144944
3366050;1;4;1; ; ; ; ; ; ; ; ; ; ; ; ;12;686,096641144944
3366051;1;1;1; ; ; ; ; ; ; ; ; ; ; ; ;12;513,145909608434
3366051;1;2;1; ; ; ; ; ; ; ; ; ; ; ; ;12;513,145909608434
3366051;1;3;1; ; ; ; ; ; ; ; ; ; ; ; ;12;513,145909608434
3366053;1;1;2;2;68; ;2; ; ;1;2; ; ;1; ;12;686,096641144944
3366053;1;2;2;2;68; ;2; ; ;1;2; ; ;1; ;12;686,096641144944
3366053;1;3;1; ; ; ; ; ; ; ; ; ; ; ; ;12;686,096641144944
3366053;1;4;1; ; ; ; ; ; ; ; ; ; ; ; ;12;686,096641144944
3366054;1;1;1; ; ; ; ; ; ; ; ; ; ; ; ;12;659,687673395719
3366054;1;2;2;2;08; ;2; ; ;1;2; ; ;1; ;12;659,687673395719
3366054;1;3;2;2;47; ;2; ; ;1;2; ; ;1; ;12;659,687673395719
3366054;1;4;1; ; ; ; ; ; ; ; ; ; ; ; ;12;659,687673395719
3366054;1;5;1; ; ; ; ; ; ; ; ; ; ; ; ;12;659,687673395719
3366054;1;6;1; ; ; ; ; ; ; ; ; ; ; ; ;12;659,687673395719
3366054;1;7;1; ; ; ; ; ; ; ; ; ; ; ; ;12;659,687673395719
3366054;1;8;1; ; ; ; ; ; ; ; ; ; ; ; ;12;659,687673395719
3366054;1;9;1; ; ; ; ; ; ; ; ; ; ; ; ;12;659,687673395719
3366054;1;10;1; ; ; ; ; ; ; ; ; ; ; ; ;12;659,687673395719
3366056;1;1;2;2;13; ;2; ; ;1;2; ; ;1; ;12;494,828896935394
3366056;1;2;1; ; ; ; ; ; ; ; ; ; ; ; ;12;494,828896935394
3366056;1;3;1; ; ; ; ; ; ; ; ; ; ; ; ;12;494,828896935394
3366057;1;1;2;2;13; ;2; ; ;1;2; ; ;1; ;12;572,958251322829
3366057;1;2;1; ; ; ; ; ; ; ; ; ; ; ; ;12;572,958251322829
3366057;1;3;1; ; ; ; ; ; ; ; ; ; ; ; ;12;572,958251322829
3366057;1;4;2;2;13; ;2; ; ;1;2; ; ;1; ;12;572,958251322829
3366058;1;1;1; ; ; ; ; ; ; ; ; ; ; ; ;12;560,08680488255
3366058;1;2;2;2;11; ;2; ; ;1;2; ; ;1; ;12;560,08680488255
3366058;1;3;1; ; ; ; ; ; ; ; ; ; ; ; ;12;560,08680488255
3366058;1;4;2;2;47; ;2; ; ;1;2; ; ;1; ;12;560,08680488255
3366059;1;1;2;2;05; ;2; ; ;1;2; ; ;1; ;12;735,873062039989
3366059;1;2;1; ; ; ; ; ; ; ; ; ; ; ; ;12;735,873062039989
3366059;1;3;1; ; ; ; ; ; ; ; ; ; ; ; ;12;735,873062039989
3366060;1;1;2;2;47; ;2; ; ;1;2; ; ;1; ;12;694,58742015873
3366060;1;2;2;2;47; ;2; ; ;1;2; ; ;1; ;12;694,58742015873
3366060;1;3;2;2;44; ;2; ; ;1;2; ; ;1; ;12;694,58742015873
3366060;1;4;2;2;44; ;2; ; ;1;2; ; ;1; ;12;694,58742015873
3366060;1;5;1; ; ; ; ; ; ; ; ; ; ; ; ;12;694,58742015873
3366061;1;1;2;2;47; ;2; ; ;1;2; ; ;1; ;12;555,22368997907
3366061;1;2;2;2;08; ;2; ; ;1;2; ; ;1; ;12;555,22368997907
3366062;1;1;2;2;70; ;2; ; ;1;2; ; ;1; ;12;729,248884736429
3366063;1;1;1; ; ; ; ; ; ; ; ; ; ; ; ;12;615,026467278885
3366063;1;2;1; ; ; ; ; ; ; ; ; ; ; ; ;12;615,026467278885
3366063;1;3;1; ; ; ; ; ; ; ; ; ; ; ; ;12;615,026467278885
3366063;1;4;1; ; ; ; ; ; ; ; ; ; ; ; ;12;615,026467278885
3366063;1;5;1; ; ; ; ; ; ; ; ; ; ; ; ;12;615,026467278885
3366063;1;6;2;2;13; ;2; ; ;1;2; ; ;1; ;12;615,026467278885
3366064;1;1;2;2;08; ;2; ; ;1;2; ; ;1; ;12;658,384420257641
3366064;1;2;2;2;08; ;2; ; ;1;2; ; ;1; ;12;658,384420257641
3366064;1;3;2;2;08; ;2; ; ;1;2; ; ;1; ;12;658,384420257641
3366064;1;4;2;2;08; ;2; ; ;1;2; ; ;1; ;12;658,384420257641
3366064;1;5;2;2;08; ;3;08; ;1;2; ; ;1; ;12;658,384420257641
3366064;1;6;1; ; ; ; ; ; ; ; ; ; ; ; ;12;658,384420257641
3366065;1;1;2;2;70; ;2; ; ;1;2; ; ;1; ;12;690,372439399437
3366065;1;2;2;2;08; ;2; ; ;1;2; ; ;1; ;12;690,372439399437
3366065;1;3;2;2;08; ;2; ; ;1;2; ; ;1; ;12;690,372439399437
3366065;1;4;1; ; ; ; ; ; ; ; ; ; ; ; ;12;690,372439399437
3366065;1;5;2;2;08; ;2; ; ;1;2; ; ;1; ;12;690,372439399437
3366066;1;1;2;2;70; ;2; ; ;1;2; ; ;1; ;12;555,22368997907
3366066;1;2;1; ; ; ; ; ; ; ; ; ; ; ; ;12;555,22368997907
3366067;1;1;2;2;08; ;2; ; ;1;2; ; ;1; ;12;671,637473959635
3366067;1;2;2;2;08; ;2; ; ;1;2; ; ;1; ;12;671,637473959635
3366067;1;3;2;2;08; ;2; ; ;1;2; ; ;1; ;12;671,637473959635
3366067;1;4;2;2;08; ;2; ; ;1;2; ; ;1; ;12;671,637473959635
3366068;1;1;2;2;05; ;2; ; ;1;2; ; ;1; ;12;703,138346529571
3366068;1;2;2;2;08; ;2; ; ;1;2; ; ;1; ;12;703,138346529571
3366068;1;3;1; ; ; ; ; ; ; ; ; ; ; ; ;12;703,138346529571
3366068;1;4;1; ; ; ; ; ; ; ; ; ; ; ; ;12;703,138346529571
3366068;1;5;1; ; ; ; ; ; ; ; ; ; ; ; ;12;703,138346529571
3366068;1;6;1; ; ; ; ; ; ; ; ; ; ; ; ;12;703,138346529571
3366069;1;1;2;2;08; ;2; ; ;1;2; ; ;1; ;12;552,462223482947
3366069;1;2;1; ; ; ; ; ; ; ; ; ; ; ; ;12;552,462223482947
3366069;1;3;1; ; ; ; ; ; ; ; ; ; ; ; ;12;552,462223482947
3366070;1;1;2;2;23; ;2; ; ;1;2; ; ;1; ;12;665,600613305062
3366070;1;2;2;2;08; ;2; ; ;1;2; ; ;1; ;12;665,600613305062
3366070;1;3;1; ; ; ; ; ; ; ; ; ; ; ; ;12;665,600613305062
3366071;1;1;2;2;08; ;2; ; ;1;2; ; ;1; ;12;611,443524983525
3366071;1;2;1; ; ; ; ; ; ; ; ; ; ; ; ;12;611,443524983525
3366071;1;3;2;2;08; ;2; ; ;1;2; ; ;1; ;12;611,443524983525
3366071;1;4;1; ; ; ; ; ; ; ; ; ; ; ; ;12;611,443524983525
3366071;1;5;1; ; ; ; ; ; ; ; ; ; ; ; ;12;611,443524983525
3366072;1;1;1; ; ; ; ; ; ; ; ; ; ; ; ;12;548,007496931648
3366072;1;2;1; ; ; ; ; ; ; ; ; ; ; ; ;12;548,007496931648
3366072;1;3;1; ; ; ; ; ; ; ; ; ; ; ; ;12;548,007496931648
3366072;1;4;1; ; ; ; ; ; ; ; ; ; ; ; ;12;548,007496931648
3366072;1;5;2;2;13; ;2; ; ;1;2; ; ;1; ;12;548,007496931648
3366073;1;1;2;2;05; ;2; ; ;1;2; ; ;1; ;12;575,719717818952
3366073;1;2;2;2;05; ;2; ; ;1;2; ; ;1; ;12;575,719717818952
3366073;1;3;1; ; ; ; ; ; ; ; ; ; ; ; ;12;575,719717818952
3366075;1;1;1; ; ; ; ; ; ; ; ; ; ; ; ;12;560,08680488255
3366075;1;2;1; ; ; ; ; ; ; ; ; ; ; ; ;12;560,08680488255
3366075;1;3;1; ; ; ; ; ; ; ; ; ; ; ; ;12;560,08680488255
3366075;1;4;1; ; ; ; ; ; ; ; ; ; ; ; ;12;560,08680488255
3366076;1;1;1; ; ; ; ; ; ; ; ; ; ; ; ;12;547,186021132412
3366076;1;2;1; ; ; ; ; ; ; ; ; ; ; ; ;12;547,186021132412
3366076;1;3;1; ; ; ; ; ; ; ; ; ; ; ; ;12;547,186021132412
3366077;1;1;1; ; ; ; ; ; ; ; ; ; ; ; ;12;567,320214605857
3366077;1;2;1; ; ; ; ; ; ; ; ; ; ; ; ;12;567,320214605857
3366077;1;3;1; ; ; ; ; ; ; ; ; ; ; ; ;12;567,320214605857
3366077;1;4;1; ; ; ; ; ; ; ; ; ; ; ; ;12;567,320214605857
3366077;1;5;1; ; ; ; ; ; ; ; ; ; ; ; ;12;567,320214605857
3366077;1;6;1; ; ; ; ; ; ; ; ; ; ; ; ;12;567,320214605857
3366077;1;7;1; ; ; ; ; ; ; ; ; ; ; ; ;12;567,320214605857
3366077;1;8;1; ; ; ; ; ; ; ; ; ; ; ; ;12;567,320214605857
3366077;2;1;1; ; ; ; ; ; ; ; ; ; ; ; ;12;567,320214605857
3366077;2;2;1; ; ; ; ; ; ; ; ; ; ; ; ;12;567,320214605857
3366078;1;1;1; ; ; ; ; ; ; ; ; ; ; ; ;12;674,091392318848
3366078;1;2;2;2;13; ;2; ; ;1;2; ; ;1; ;12;674,091392318848
3366078;1;3;1; ; ; ; ; ; ; ; ; ; ; ; ;12;674,091392318848
3366078;1;4;1; ; ; ; ; ; ; ; ; ; ; ; ;12;674,091392318848
3366079;1;1;1; ; ; ; ; ; ; ; ; ; ; ; ;12;612,443929079567
3366079;1;2;1; ; ; ; ; ; ; ; ; ; ; ; ;12;612,443929079567
3366079;1;3;1; ; ; ; ; ; ; ; ; ; ; ; ;12;612,443929079567
3366079;1;4;1; ; ; ; ; ; ; ; ; ; ; ; ;12;612,443929079567
3366080;1;1;1; ; ; ; ; ; ; ; ; ; ; ; ;12;724,79415818513
3366080;1;2;1; ; ; ; ; ; ; ; ; ; ; ; ;12;724,79415818513
3366080;1;3;1; ; ; ; ; ; ; ; ; ; ; ; ;12;724,79415818513
3366081;1;1;2;2;20; ;2; ; ;1;2; ; ;1; ;12;663,927571965203
3366081;1;2;1; ; ; ; ; ; ; ; ; ; ; ; ;12;663,927571965203
3366081;1;3;1; ; ; ; ; ; ; ; ; ; ; ; ;12;663,927571965203
3366081;1;4;1; ; ; ; ; ; ; ; ; ; ; ; ;12;663,927571965203
3366081;1;5;1; ; ; ; ; ; ; ; ; ; ; ; ;12;663,927571965203
3366082;1;1;1; ; ; ; ; ; ; ; ; ; ; ; ;12;676,092200510934
3366082;1;2;1; ; ; ; ; ; ; ; ; ; ; ; ;12;676,092200510934
3366083;1;1;2;2;13; ;2; ; ;1;2; ; ;1; ;12;580,582832722432
3366083;1;2;2;2;13; ;2; ; ;1;2; ; ;1; ;12;580,582832722432
3366083;1;3;2;2;13; ;2; ; ;1;2; ; ;1; ;12;580,582832722432
3366083;1;4;2;2;13; ;3;13; ;1;2; ; ;1; ;12;580,582832722432
3366083;1;5;1; ; ; ; ; ; ; ; ; ; ; ; ;12;580,582832722432
3366084;1;1;1; ; ; ; ; ; ; ; ; ; ; ; ;12;558,678012434326
3366085;1;1;1; ; ; ; ; ; ; ; ; ; ; ; ;12;657,691564298508
3366085;1;2;1; ; ; ; ; ; ; ; ; ; ; ; ;12;657,691564298508
3366085;1;3;1; ; ; ; ; ; ; ; ; ; ; ; ;12;657,691564298508
3366085;1;4;1; ; ; ; ; ; ; ; ; ; ; ; ;12;657,691564298508
3366085;1;5;1; ; ; ; ; ; ; ; ; ; ; ; ;12;657,691564298508
3366085;1;6;1; ; ; ; ; ; ; ; ; ; ; ; ;12;657,691564298508
3366086;1;1;1; ; ; ; ; ; ; ; ; ; ; ; ;12;685,096237048902
3366086;1;2;1; ; ; ; ; ; ; ; ; ; ; ; ;12;685,096237048902
3366086;1;3;1; ; ; ; ; ; ; ; ; ; ; ; ;12;685,096237048902
3366086;1;4;1; ; ; ; ; ; ; ; ; ; ; ; ;12;685,096237048902
3366086;1;5;1; ; ; ; ; ; ; ; ; ; ; ; ;12;685,096237048902
3366087;1;1;2;2;44; ;2; ; ;1;2; ; ;1; ;12;604,618503612399
3366087;1;2;1; ; ; ; ; ; ; ; ; ; ; ; ;12;604,618503612399
3366087;1;3;1; ; ; ; ; ; ; ; ; ; ; ; ;12;604,618503612399
3366088;1;1;1; ; ; ; ; ; ; ; ; ; ; ; ;12;562,466664116957
3366088;1;2;1; ; ; ; ; ; ; ; ; ; ; ; ;12;562,466664116957
3366088;1;3;1; ; ; ; ; ; ; ; ; ; ; ; ;12;562,466664116957
3366088;1;4;1; ; ; ; ; ; ; ; ; ; ; ; ;12;562,466664116957
3366088;1;5;1; ; ; ; ; ; ; ; ; ; ; ; ;12;562,466664116957
3366089;1;1;2;2;47; ;2; ; ;1;2; ; ;1; ;12;495,829301031437
3366089;1;2;1; ; ; ; ; ; ; ; ; ; ; ; ;12;495,829301031437
3366090;1;1;1; ; ; ; ; ; ; ; ; ; ; ; ;12;613,243489108045
3366090;1;2;1; ; ; ; ; ; ; ; ; ; ; ; ;12;613,243489108045
3366090;1;3;1; ; ; ; ; ; ; ; ; ; ; ; ;12;613,243489108045
3366091;1;1;1; ; ; ; ; ; ; ; ; ; ; ; ;12;828,88393390033
3366091;1;2;1; ; ; ; ; ; ; ; ; ; ; ; ;12;828,88393390033
3366091;1;3;1; ; ; ; ; ; ; ; ; ; ; ; ;12;828,88393390033
3366091;1;4;1; ; ; ; ; ; ; ; ; ; ; ; ;12;828,88393390033
3366091;1;5;1; ; ; ; ; ; ; ; ; ; ; ; ;12;828,88393390033
3366091;2;1;1; ; ; ; ; ; ; ; ; ; ; ; ;12;828,88393390033
3366091;2;2;1; ; ; ; ; ; ; ; ; ; ; ; ;12;828,88393390033
3366091;2;3;1; ; ; ; ; ; ; ; ; ; ; ; ;12;828,88393390033
3366091;2;4;1; ; ; ; ; ; ; ; ; ; ; ; ;12;828,88393390033
3366091;2;5;1; ; ; ; ; ; ; ; ; ; ; ; ;12;828,88393390033
3366091;2;6;1; ; ; ; ; ; ; ; ; ; ; ; ;12;828,88393390033
3366092;1;1;2;2;13; ;2; ; ;1;2; ; ;1; ;12;693,13390589556
3366092;1;2;1; ; ; ; ; ; ; ; ; ; ; ; ;12;693,13390589556
3366092;1;3;1; ; ; ; ; ; ; ; ; ; ; ; ;12;693,13390589556
3366092;1;4;1; ; ; ; ; ; ; ; ; ; ; ; ;12;693,13390589556
3366093;1;1;1; ; ; ; ; ; ; ; ; ; ; ; ;12;675,091796414891
3366093;1;2;1; ; ; ; ; ; ; ; ; ; ; ; ;12;675,091796414891
3366093;1;3;1; ; ; ; ; ; ; ; ; ; ; ; ;12;675,091796414891
3366094;1;1;1; ; ; ; ; ; ; ; ; ; ; ; ;12;695,587824254773
3366094;1;2;1; ; ; ; ; ; ; ; ; ; ; ; ;12;695,587824254773
3366094;1;3;1; ; ; ; ; ; ; ; ; ; ; ; ;12;695,587824254773
3366094;1;4;1; ; ; ; ; ; ; ; ; ; ; ; ;12;695,587824254773
3366095;1;1;1; ; ; ; ; ; ; ; ; ; ; ; ;12;590,760615011493
3366095;1;2;1; ; ; ; ; ; ; ; ; ; ; ; ;12;590,760615011493
3366095;1;3;1; ; ; ; ; ; ; ; ; ; ; ; ;12;590,760615011493
3366095;1;4;1; ; ; ; ; ; ; ; ; ; ; ; ;12;590,760615011493
3366095;1;5;1; ; ; ; ; ; ; ; ; ; ; ; ;12;590,760615011493
3366095;1;6;1; ; ; ; ; ; ; ; ; ; ; ; ;12;590,760615011493
3366095;1;7;1; ; ; ; ; ; ; ; ; ; ; ; ;12;590,760615011493
3366096;1;1;2;2;13; ;2; ; ;1;2; ; ;1; ;12;598,125674997265
3366096;1;2;1; ; ; ; ; ; ; ; ; ; ; ; ;12;598,125674997265
3366096;1;3;1; ; ; ; ; ; ; ; ; ; ; ; ;12;598,125674997265
3366096;1;4;1; ; ; ; ; ; ; ; ; ; ; ; ;12;598,125674997265
3366096;1;5;1; ; ; ; ; ; ; ; ; ; ; ; ;12;598,125674997265
3366096;1;6;1; ; ; ; ; ; ; ; ; ; ; ; ;12;598,125674997265
3366096;2;1;1; ; ; ; ; ; ; ; ; ; ; ; ;12;598,125674997265
3366096;2;2;1; ; ; ; ; ; ; ; ; ; ; ; ;12;598,125674997265
3366096;2;3;1; ; ; ; ; ; ; ; ; ; ; ; ;12;598,125674997265
3366096;2;4;1; ; ; ; ; ; ; ; ; ; ; ; ;12;598,125674997265
3366096;3;1;1; ; ; ; ; ; ; ; ; ; ; ; ;12;598,125674997265
3366096;3;2;1; ; ; ; ; ; ; ; ; ; ; ; ;12;598,125674997265
3366096;3;3;1; ; ; ; ; ; ; ; ; ; ; ; ;12;598,125674997265
3366096;4;1;1; ; ; ; ; ; ; ; ; ; ; ; ;12;598,125674997265
3366096;4;2;1; ; ; ; ; ; ; ; ; ; ; ; ;12;598,125674997265
3366096;4;3;1; ; ; ; ; ; ; ; ; ; ; ; ;12;598,125674997265
3366096;4;4;1; ; ; ; ; ; ; ; ; ; ; ; ;12;598,125674997265
3366097;1;1;2;2;08; ;2; ; ;1;2; ; ;1; ;12;613,243489108045
3366097;1;2;1; ; ; ; ; ; ; ; ; ; ; ; ;12;613,243489108045
3366097;1;3;1; ; ; ; ; ; ; ; ; ; ; ; ;12;613,243489108045
3366098;1;1;1; ; ; ; ; ; ; ; ; ; ; ; ;12;558,678012434326
3366099;1;1;2;2;13; ;2; ; ;1;2; ; ;1; ;12;547,795253552158
3366099;1;2;1; ; ; ; ; ; ; ; ; ; ; ; ;12;547,795253552158
3366099;1;3;1; ; ; ; ; ; ; ; ; ; ; ; ;12;547,795253552158
3366099;1;4;1; ; ; ; ; ; ; ; ; ; ; ; ;12;547,795253552158
3366099;1;5;2;2;13; ;2; ; ;1;2; ; ;1; ;12;547,795253552158
3366099;1;6;1; ; ; ; ; ; ; ; ; ; ; ; ;12;547,795253552158
3366099;1;7;1; ; ; ; ; ; ; ; ; ; ; ; ;12;547,795253552158
3366101;1;1;2;2;13; ;2; ; ;1;2; ; ;1; ;12;607,379970108522
3366101;1;2;2;2;13; ;2; ; ;1;2; ; ;1; ;12;607,379970108522
3366102;1;1;2;2;13; ;2; ; ;1;2; ; ;1; ;12;672,637878055678
3366102;1;2;2;2;13; ;2; ; ;1;2; ; ;1; ;12;672,637878055678
3366102;1;3;1; ; ; ; ; ; ; ; ; ; ; ; ;12;672,637878055678
3366103;1;1;1; ; ; ; ; ; ; ; ; ; ; ; ;12;672,637878055678
3366103;1;2;1; ; ; ; ; ; ; ; ; ; ; ; ;12;672,637878055678
3366103;1;3;1; ; ; ; ; ; ; ; ; ; ; ; ;12;672,637878055678
3366104;1;1;2;2;47; ;2; ; ;1;2; ; ;1; ;12;693,13390589556
3366104;1;2;1; ; ; ; ; ; ; ; ; ; ; ; ;12;693,13390589556
3366104;1;3;1; ; ; ; ; ; ; ; ; ; ; ; ;12;693,13390589556
3366104;1;4;1; ; ; ; ; ; ; ; ; ; ; ; ;12;693,13390589556
3366105;1;1;2;2;13; ;2; ; ;1;2; ; ;1; ;12;672,637878055678
3366105;1;2;2;2;08; ;2; ; ;1;2; ; ;1; ;12;672,637878055678
3366105;1;3;1; ; ; ; ; ; ; ; ; ; ; ; ;12;672,637878055678
3366106;1;1;2;2;05; ;2; ; ;1;2; ; ;1; ;12;696,588228350816
3366106;1;2;2;2;70; ;2; ; ;1;2; ; ;1; ;12;696,588228350816
3366106;1;3;1; ; ; ; ; ; ; ; ; ; ; ; ;12;696,588228350816
3366107;1;1;2;2;08; ;2; ; ;1;2; ; ;1; ;12;558,678012434326
3366108;1;1;1; ; ; ; ; ; ; ; ; ; ; ; ;12;609,789166652789
3366108;1;2;1; ; ; ; ; ; ; ; ; ; ; ; ;12;609,789166652789
3366108;1;3;1; ; ; ; ; ; ; ; ; ; ; ; ;12;609,789166652789
3366108;1;4;1; ; ; ; ; ; ; ; ; ; ; ; ;12;609,789166652789
3366109;1;1;2;2;73; ;2; ; ;1;2; ; ;1; ;12;421,689442394199
3366109;1;2;2;2;73; ;2; ; ;1;2; ; ;1; ;12;421,689442394199
3366109;1;3;1; ; ; ; ; ; ; ; ; ; ; ; ;12;421,689442394199
3366109;1;4;2;2;73; ;2; ; ;1;2; ; ;1; ;12;421,689442394199
3366109;1;5;2;2;73; ;2; ; ;1;2; ; ;1; ;12;421,689442394199
3366110;1;1;2;2;47; ;2; ; ;1;2; ; ;1; ;12;647,326899877297
3366110;1;2;1; ; ; ; ; ; ; ; ; ; ; ; ;12;647,326899877297
3366110;1;3;1; ; ; ; ; ; ; ; ; ; ; ; ;12;647,326899877297
3366110;1;4;1; ; ; ; ; ; ; ; ; ; ; ; ;12;647,326899877297
3366110;1;5;1; ; ; ; ; ; ; ; ; ; ; ; ;12;647,326899877297
3366110;1;6;1; ; ; ; ; ; ; ; ; ; ; ; ;12;647,326899877297
3366110;1;7;1; ; ; ; ; ; ; ; ; ; ; ; ;12;647,326899877297
3366111;1;1;1; ; ; ; ; ; ; ; ; ; ; ; ;12;619,068106383128
3366111;1;2;1; ; ; ; ; ; ; ; ; ; ; ; ;12;619,068106383128
3366111;1;3;1; ; ; ; ; ; ; ; ; ; ; ; ;12;619,068106383128
3366111;1;4;1; ; ; ; ; ; ; ; ; ; ; ; ;12;619,068106383128
3366111;1;5;1; ; ; ; ; ; ; ; ; ; ; ; ;12;619,068106383128
3366111;1;6;1; ; ; ; ; ; ; ; ; ; ; ; ;12;619,068106383128
3366112;1;1;1; ; ; ; ; ; ; ; ; ; ; ; ;12;427,831842358917
3366112;1;2;2;2;47; ;2; ; ;1;2; ; ;1; ;12;427,831842358917
3366112;1;3;1; ; ; ; ; ; ; ; ; ; ; ; ;12;427,831842358917
3366112;1;4;2;2;47; ;2; ; ;1;2; ; ;1; ;12;427,831842358917
3366112;1;5;2;2;47; ;2; ; ;1;2; ; ;1; ;12;427,831842358917
3366113;1;1;2;2;47; ;2; ; ;1;2; ; ;1; ;12;655,109026099191
3366113;1;2;1; ; ; ; ; ; ; ; ; ; ; ; ;12;655,109026099191
3366113;1;3;1; ; ; ; ; ; ; ; ; ; ; ; ;12;655,109026099191
3366113;1;4;1; ; ; ; ; ; ; ; ; ; ; ; ;12;655,109026099191
3366114;1;1;1; ; ; ; ; ; ; ; ; ; ; ; ;12;747,97428576165
3366114;1;2;1; ; ; ; ; ; ; ; ; ; ; ; ;12;747,97428576165
3366114;1;3;1; ; ; ; ; ; ; ; ; ; ; ; ;12;747,97428576165
3366114;1;4;1; ; ; ; ; ; ; ; ; ; ; ; ;12;747,97428576165
3366114;1;5;1; ; ; ; ; ; ; ; ; ; ; ; ;12;747,97428576165
3366115;1;1;1; ; ; ; ; ; ; ; ; ; ; ; ;12;641,163116438063
3366115;1;2;1; ; ; ; ; ; ; ; ; ; ; ; ;12;641,163116438063
3366115;1;3;1; ; ; ; ; ; ; ; ; ; ; ; ;12;641,163116438063
3366115;1;4;1; ; ; ; ; ; ; ; ; ; ; ; ;12;641,163116438063
3366115;1;5;1; ; ; ; ; ; ; ; ; ; ; ; ;12;641,163116438063
3366115;1;6;1; ; ; ; ; ; ; ; ; ; ; ; ;12;641,163116438063
3366116;1;1;2;2;13; ;2; ; ;1;2; ; ;1; ;12;613,243489108045
3366116;1;2;2;2;13; ;2; ; ;1;2; ; ;1; ;12;613,243489108045
3366116;1;3;2;2;13; ;2; ; ;1;2; ; ;1; ;12;613,243489108045
3366117;1;1;1; ; ; ; ; ; ; ; ; ; ; ; ;12;484,946542149269
3366117;1;2;1; ; ; ; ; ; ; ; ; ; ; ; ;12;484,946542149269
3366117;1;3;1; ; ; ; ; ; ; ; ; ; ; ; ;12;484,946542149269
3366117;2;1;1; ; ; ; ; ; ; ; ; ; ; ; ;12;484,946542149269
3366117;2;2;1; ; ; ; ; ; ; ; ; ; ; ; ;12;484,946542149269
3366117;2;3;1; ; ; ; ; ; ; ; ; ; ; ; ;12;484,946542149269
3366117;2;4;1; ; ; ; ; ; ; ; ; ; ; ; ;12;484,946542149269
3366117;2;5;1; ; ; ; ; ; ; ; ; ; ; ; ;12;484,946542149269
3366118;1;1;1; ; ; ; ; ; ; ; ; ; ; ; ;12;305,91734832991
3366118;1;2;1; ; ; ; ; ; ; ; ; ; ; ; ;12;305,91734832991
3366118;1;3;1; ; ; ; ; ; ; ; ; ; ; ; ;12;305,91734832991
3366118;1;4;1; ; ; ; ; ; ; ; ; ; ; ; ;12;305,91734832991
3366118;1;5;1; ; ; ; ; ; ; ; ; ; ; ; ;12;305,91734832991
3366118;1;6;1; ; ; ; ; ; ; ; ; ; ; ; ;12;305,91734832991
3366118;1;7;1; ; ; ; ; ; ; ; ; ; ; ; ;12;305,91734832991
3366118;1;8;1; ; ; ; ; ; ; ; ; ; ; ; ;12;305,91734832991
3366118;1;9;1; ; ; ; ; ; ; ; ; ; ; ; ;12;305,91734832991
3366119;1;1;1; ; ; ; ; ; ; ; ; ; ; ; ;12;676,092200510934
3366119;1;2;2;2;76; ;2; ; ;1;2; ; ;1; ;12;676,092200510934
3366120;1;1;1; ; ; ; ; ; ; ; ; ; ; ; ;12;717,084256190698
3366120;1;2;1; ; ; ; ; ; ; ; ; ; ; ; ;12;717,084256190698
3366120;1;3;1; ; ; ; ; ; ; ; ; ; ; ; ;12;717,084256190698
3366120;1;4;1; ; ; ; ; ; ; ; ; ; ; ; ;12;717,084256190698
3366121;1;1;2;2;68; ;2; ; ;1;2; ; ;1; ;12;661,274506593868
3366121;1;2;1; ; ; ; ; ; ; ; ; ; ; ; ;12;661,274506593868
3366121;1;3;2;2;68; ;2; ; ;1;2; ; ;1; ;12;661,274506593868
3366121;1;4;1; ; ; ; ; ; ; ; ; ; ; ; ;12;661,274506593868
3366121;1;5;1; ; ; ; ; ; ; ; ; ; ; ; ;12;661,274506593868
3366121;1;6;1; ; ; ; ; ; ; ; ; ; ; ; ;12;661,274506593868
3366121;1;7;1; ; ; ; ; ; ; ; ; ; ; ; ;12;661,274506593868
3366122;1;1;2;2;13; ;2; ; ;1;2; ; ;1; ;12;552,462223482947
3366122;1;2;1; ; ; ; ; ; ; ; ; ; ; ; ;12;552,462223482947
3366122;1;3;2;2;13; ;2; ; ;1;2; ; ;1; ;12;552,462223482947
3366124;1;1;2;2;47; ;2; ; ;1;2; ; ;1; ;12;495,829301031437
3366124;1;2;1; ; ; ; ; ; ; ; ; ; ; ; ;12;495,829301031437
3366125;1;1;1; ; ; ; ; ; ; ; ; ; ; ; ;12;550,768963427771
3366125;1;2;1; ; ; ; ; ; ; ; ; ; ; ; ;12;550,768963427771
3366125;1;3;1; ; ; ; ; ; ; ; ; ; ; ; ;12;550,768963427771
3366125;1;4;1; ; ; ; ; ; ; ; ; ; ; ; ;12;550,768963427771
3366126;1;1;1; ; ; ; ; ; ; ; ; ; ; ; ;12;527,203250816711
3366126;1;2;1; ; ; ; ; ; ; ; ; ; ; ; ;12;527,203250816711
3366126;1;3;1; ; ; ; ; ; ; ; ; ; ; ; ;12;527,203250816711
3366126;1;4;1; ; ; ; ; ; ; ; ; ; ; ; ;12;527,203250816711
3366128;1;1;2;2;23; ;2; ; ;1;2; ; ;1; ;12;695,587824254773
3366128;1;2;1; ; ; ; ; ; ; ; ; ; ; ; ;12;695,587824254773
3366128;1;3;1; ; ; ; ; ; ; ; ; ; ; ; ;12;695,587824254773
3366128;1;4;1; ; ; ; ; ; ; ; ; ; ; ; ;12;695,587824254773
3366129;1;1;1; ; ; ; ; ; ; ; ; ; ; ; ;12;607,379970108522
3366129;1;2;1; ; ; ; ; ; ; ; ; ; ; ; ;12;607,379970108522
3366130;1;1;2;2;85; ;2; ; ;1;2; ; ;1; ;12;488,204719631834
3366131;1;1;2;2;13; ;2; ; ;1;2; ; ;1; ;12;689,679583440304
3366131;1;2;1; ; ; ; ; ; ; ; ; ; ; ; ;12;689,679583440304
3366131;1;3;1; ; ; ; ; ; ; ; ; ; ; ; ;12;689,679583440304
3366131;1;4;1; ; ; ; ; ; ; ; ; ; ; ; ;12;689,679583440304
3366131;1;5;1; ; ; ; ; ; ; ; ; ; ; ; ;12;689,679583440304
3366132;1;1;2;2;13; ;2; ; ;1;2; ; ;1; ;12;735,873062039989
3366132;1;2;1; ; ; ; ; ; ; ; ; ; ; ; ;12;735,873062039989
3366132;1;3;1; ; ; ; ; ; ; ; ; ; ; ; ;12;735,873062039989
3366133;1;1;1; ; ; ; ; ; ; ; ; ; ; ; ;12;577,173232082122
3366133;1;2;1; ; ; ; ; ; ; ; ; ; ; ; ;12;577,173232082122
3366133;1;3;1; ; ; ; ; ; ; ; ; ; ; ; ;12;577,173232082122
3366133;1;4;1; ; ; ; ; ; ; ; ; ; ; ; ;12;577,173232082122
3366134;1;1;2;2;08; ;2; ; ;1;2; ; ;1; ;12;451,805273184013
3366134;1;2;1; ; ; ; ; ; ; ; ; ; ; ; ;12;451,805273184013
3366134;1;3;1; ; ; ; ; ; ; ; ; ; ; ; ;12;451,805273184013
3366134;1;4;1; ; ; ; ; ; ; ; ; ; ; ; ;12;451,805273184013
3366134;1;5;1; ; ; ; ; ; ; ; ; ; ; ; ;12;451,805273184013
3366134;1;6;1; ; ; ; ; ; ; ; ; ; ; ; ;12;451,805273184013
3366134;1;7;1; ; ; ; ; ; ; ; ; ; ; ; ;12;451,805273184013
3366134;1;8;1; ; ; ; ; ; ; ; ; ; ; ; ;12;451,805273184013
3366135;1;1;1; ; ; ; ; ; ; ; ; ; ; ; ;12;650,654299547892
3366135;1;2;2;2;08; ;2; ; ;1;2; ; ;1; ;12;650,654299547892
3366135;1;3;1; ; ; ; ; ; ; ; ; ; ; ; ;12;650,654299547892
3366135;1;4;1; ; ; ; ; ; ; ; ; ; ; ; ;12;650,654299547892
3366135;1;5;1; ; ; ; ; ; ; ; ; ; ; ; ;12;650,654299547892
3366135;1;6;1; ; ; ; ; ; ; ; ; ; ; ; ;12;650,654299547892
3366136;1;1;1; ; ; ; ; ; ; ; ; ; ; ; ;12;559,086400786507
3366136;1;2;1; ; ; ; ; ; ; ; ; ; ; ; ;12;559,086400786507
3366136;1;3;1; ; ; ; ; ; ; ; ; ; ; ; ;12;559,086400786507
3366136;1;4;1; ; ; ; ; ; ; ; ; ; ; ; ;12;559,086400786507
3366136;1;5;1; ; ; ; ; ; ; ; ; ; ; ; ;12;559,086400786507
3366137;1;1;2;2;08; ;2; ; ;1;2; ; ;1; ;12;627,083859459027
3366137;1;2;2;2;08; ;2; ; ;1;2; ; ;1; ;12;627,083859459027
3366138;1;1;2;2;13; ;2; ; ;1;2; ; ;1; ;12;554,736543407209
3366138;1;2;2;1; ; ;3;70; ;1;2; ; ;1; ;12;554,736543407209
3366138;1;3;2;1; ; ;3;70; ;1;2; ; ;1; ;12;554,736543407209
3366138;1;4;1; ; ; ; ; ; ; ; ; ; ; ; ;12;554,736543407209
3366138;1;5;2;2;13; ;2; ; ;1;2; ; ;1; ;12;554,736543407209
3366139;1;1;2;2;08; ;2; ; ;1;2; ; ;1; ;12;547,186021132412
3366139;1;2;1; ; ; ; ; ; ; ; ; ; ; ; ;12;547,186021132412
3366139;1;3;1; ; ; ; ; ; ; ; ; ; ; ; ;12;547,186021132412
3366140;1;1;1; ; ; ; ; ; ; ; ; ; ; ; ;12;572,958251322829
3366140;1;2;2;2;44; ;2; ; ;1;2; ; ;1; ;12;572,958251322829
3366140;1;3;2;2;44; ;2; ; ;1;2; ; ;1; ;12;572,958251322829
3366140;1;4;2;2;44; ;1; ; ; ;3;44; ;1; ;12;572,958251322829
3366141;1;1;1; ; ; ; ; ; ; ; ; ; ; ; ;12;655,109026099191
3366141;1;2;1; ; ; ; ; ; ; ; ; ; ; ; ;12;655,109026099191
3366141;1;3;1; ; ; ; ; ; ; ; ; ; ; ; ;12;655,109026099191
3366141;1;4;1; ; ; ; ; ; ; ; ; ; ; ; ;12;655,109026099191
3366142;1;1;1; ; ; ; ; ; ; ; ; ; ; ; ;12;945,611828392955
3366142;1;2;1; ; ; ; ; ; ; ; ; ; ; ; ;12;945,611828392955
3366142;1;3;1; ; ; ; ; ; ; ; ; ; ; ; ;12;945,611828392955
3366142;1;4;1; ; ; ; ; ; ; ; ; ; ; ; ;12;945,611828392955
3366142;1;5;1; ; ; ; ; ; ; ; ; ; ; ; ;12;945,611828392955
3366142;1;6;1; ; ; ; ; ; ; ; ; ; ; ; ;12;945,611828392955
3366142;1;7;1; ; ; ; ; ; ; ; ; ; ; ; ;12;945,611828392955
3366142;1;8;1; ; ; ; ; ; ; ; ; ; ; ; ;12;945,611828392955
3366142;1;9;1; ; ; ; ; ; ; ; ; ; ; ; ;12;945,611828392955
3366142;1;10;1; ; ; ; ; ; ; ; ; ; ; ; ;12;945,611828392955
3366142;1;11;1; ; ; ; ; ; ; ; ; ; ; ; ;12;945,611828392955
3366142;1;12;1; ; ; ; ; ; ; ; ; ; ; ; ;12;945,611828392955
3366142;1;13;1; ; ; ; ; ; ; ; ; ; ; ; ;12;945,611828392955
3366142;2;1;1; ; ; ; ; ; ; ; ; ; ; ; ;12;945,611828392955
3366142;2;2;2;2;47; ;3;47; ;1;2; ; ;1; ;12;945,611828392955
3366142;2;3;1; ; ; ; ; ; ; ; ; ; ; ; ;12;945,611828392955
3366142;2;4;1; ; ; ; ; ; ; ; ; ; ; ; ;12;945,611828392955
3366143;1;1;2;2;23; ;2; ; ;1;2; ; ;1; ;12;435,048035406339
3366143;1;2;2;2;23; ;2; ; ;1;2; ; ;1; ;12;435,048035406339
3366145;1;1;2;2;13; ;3;13; ;1;3;13; ;1; ;12;725,794562281173
3366145;1;2;2;2;70; ;3;70; ;1;2; ; ;1; ;12;725,794562281173
3366146;1;1;1; ; ; ; ; ; ; ; ; ; ; ; ;12;729,248884736429
3366147;1;1;1; ; ; ; ; ; ; ; ; ; ; ; ;12;686,096641144944
3366147;1;2;2;2;68; ;2; ; ;1;2; ; ;1; ;12;686,096641144944
3366147;1;3;1; ; ; ; ; ; ; ; ; ; ; ; ;12;686,096641144944
3366147;1;4;1; ; ; ; ; ; ; ; ; ; ; ; ;12;686,096641144944
3366148;1;1;1; ; ; ; ; ; ; ; ; ; ; ; ;12;696,588228350816
3366148;1;2;1; ; ; ; ; ; ; ; ; ; ; ; ;12;696,588228350816
3366148;1;3;1; ; ; ; ; ; ; ; ; ; ; ; ;12;696,588228350816
3366149;1;1;2;2;47; ;2; ; ;1;2; ; ;1; ;12;665,729233145166
3366149;1;2;1; ; ; ; ; ; ; ; ; ; ; ; ;12;665,729233145166
3366149;1;3;1; ; ; ; ; ; ; ; ; ; ; ; ;12;665,729233145166
3366149;1;4;1; ; ; ; ; ; ; ; ; ; ; ; ;12;665,729233145166
3366149;1;5;2;1; ; ;2; ; ;1;2; ; ;1; ;12;665,729233145166
3366150;1;1;1; ; ; ; ; ; ; ; ; ; ; ; ;12;554,223285883027
3366150;1;2;1; ; ; ; ; ; ; ; ; ; ; ; ;12;554,223285883027
3366150;1;3;1; ; ; ; ; ; ; ; ; ; ; ; ;12;554,223285883027
3366151;1;1;1; ; ; ; ; ; ; ; ; ; ; ; ;12;685,812173537993
3366151;1;2;1; ; ; ; ; ; ; ; ; ; ; ; ;12;685,812173537993
3366151;1;3;1; ; ; ; ; ; ; ; ; ; ; ; ;12;685,812173537993
3366151;1;4;1; ; ; ; ; ; ; ; ; ; ; ; ;12;685,812173537993
3366151;1;5;1; ; ; ; ; ; ; ; ; ; ; ; ;12;685,812173537993
3366151;1;6;1; ; ; ; ; ; ; ; ; ; ; ; ;12;685,812173537993
3366151;1;7;2;2;13; ;2; ; ;1;2; ; ;1; ;12;685,812173537993
3366151;1;8;2;2;08; ;3;08; ;1;3;08; ;1; ;12;685,812173537993
3366152;1;1;2;1; ; ;2; ; ;1;2; ; ;1; ;12;548,594813580636
3366152;1;2;2;1; ; ;2; ; ;1;2; ; ;1; ;12;548,594813580636
3366152;1;3;1; ; ; ; ; ; ; ; ; ; ; ; ;12;548,594813580636
3366152;1;4;1; ; ; ; ; ; ; ; ; ; ; ; ;12;548,594813580636
3366152;1;5;1; ; ; ; ; ; ; ; ; ; ; ; ;12;548,594813580636
3366152;1;6;1; ; ; ; ; ; ; ; ; ; ; ; ;12;548,594813580636
3366153;1;1;2;2;73; ;2; ; ;1;2; ; ;1; ;12;693,13390589556
3366153;1;2;2;2;70; ;2; ; ;1;2; ; ;1; ;12;693,13390589556
3366153;1;3;2;1; ; ;2; ; ;1;2; ; ;1; ;12;693,13390589556
3366153;1;4;2;2;76; ;2; ; ;1;2; ; ;1; ;12;693,13390589556
3366154;1;1;1; ; ; ; ; ; ; ; ; ; ; ; ;12;442,672616805942
3366154;1;2;2;2;15; ;2; ; ;1;2; ; ;1; ;12;442,672616805942
3366154;1;3;1; ; ; ; ; ; ; ; ; ; ; ; ;12;442,672616805942
3366155;1;1;1; ; ; ; ; ; ; ; ; ; ; ; ;12;717,084256190698
3366155;1;2;1; ; ; ; ; ; ; ; ; ; ; ; ;12;717,084256190698
3366155;1;3;1; ; ; ; ; ; ; ; ; ; ; ; ;12;717,084256190698
3366155;1;4;1; ; ; ; ; ; ; ; ; ; ; ; ;12;717,084256190698
3366156;1;1;1; ; ; ; ; ; ; ; ; ; ; ; ;12;546,794849456115
3366156;1;2;1; ; ; ; ; ; ; ; ; ; ; ; ;12;546,794849456115
3366156;1;3;1; ; ; ; ; ; ; ; ; ; ; ; ;12;546,794849456115
3366156;1;4;1; ; ; ; ; ; ; ; ; ; ; ; ;12;546,794849456115
3366156;1;5;1; ; ; ; ; ; ; ; ; ; ; ; ;12;546,794849456115
3366156;1;6;1; ; ; ; ; ; ; ; ; ; ; ; ;12;546,794849456115
3366156;1;7;1; ; ; ; ; ; ; ; ; ; ; ; ;12;546,794849456115
3366156;1;8;1; ; ; ; ; ; ; ; ; ; ; ; ;12;546,794849456115
3366157;1;1;2;2;68; ;2; ; ;1;2; ; ;1; ;12;722,793349993045
3366157;1;2;2;2;68; ;2; ; ;1;2; ; ;1; ;12;722,793349993045
3366157;1;3;2;2;23; ;2; ; ;1;2; ; ;1; ;12;722,793349993045
3366157;1;4;2;2;68; ;2; ; ;1;2; ; ;1; ;12;722,793349993045
3366157;1;5;2;2;70; ;3;70; ;1;2; ; ;1; ;12;722,793349993045
3366158;1;1;1; ; ; ; ; ; ; ; ; ; ; ; ;12;541,970636277075
3366158;1;2;1; ; ; ; ; ; ; ; ; ; ; ; ;12;541,970636277075
3366158;1;3;1; ; ; ; ; ; ; ; ; ; ; ; ;12;541,970636277075
3366158;1;4;1; ; ; ; ; ; ; ; ; ; ; ; ;12;541,970636277075
3366159;1;1;1; ; ; ; ; ; ; ; ; ; ; ; ;12;541,970636277075
3366159;1;2;1; ; ; ; ; ; ; ; ; ; ; ; ;12;541,970636277075
3366159;1;3;1; ; ; ; ; ; ; ; ; ; ; ; ;12;541,970636277075
3366159;1;4;1; ; ; ; ; ; ; ; ; ; ; ; ;12;541,970636277075
3366160;1;1;2;2;68; ;2; ; ;1;2; ; ;1; ;12;684,095832952859
3366160;1;2;1; ; ; ; ; ; ; ; ; ; ; ; ;12;684,095832952859
3366160;1;3;1; ; ; ; ; ; ; ; ; ; ; ; ;12;684,095832952859
3366160;1;4;1; ; ; ; ; ; ; ; ; ; ; ; ;12;684,095832952859
3366160;1;5;2;2;68; ;2; ; ;1;2; ; ;1; ;12;684,095832952859
3366160;1;6;2;2;68; ;2; ; ;1;2; ; ;1; ;12;684,095832952859
3366161;1;1;1; ; ; ; ; ; ; ; ; ; ; ; ;12;675,091796414891
3366161;1;2;1; ; ; ; ; ; ; ; ; ; ; ; ;12;675,091796414891
3366161;1;3;1; ; ; ; ; ; ; ; ; ; ; ; ;12;675,091796414891
3366162;1;1;1; ; ; ; ; ; ; ; ; ; ; ; ;12;682,642318689689
3366162;1;2;1; ; ; ; ; ; ; ; ; ; ; ; ;12;682,642318689689
3366162;1;3;1; ; ; ; ; ; ; ; ; ; ; ; ;12;682,642318689689
3366162;1;4;1; ; ; ; ; ; ; ; ; ; ; ; ;12;682,642318689689
3366162;1;5;1; ; ; ; ; ; ; ; ; ; ; ; ;12;682,642318689689
3366163;1;1;1; ; ; ; ; ; ; ; ; ; ; ; ;12;675,701028834638
3366163;1;2;1; ; ; ; ; ; ; ; ; ; ; ; ;12;675,701028834638
3366163;1;3;1; ; ; ; ; ; ; ; ; ; ; ; ;12;675,701028834638
3366163;1;4;1; ; ; ; ; ; ; ; ; ; ; ; ;12;675,701028834638
3366163;1;5;1; ; ; ; ; ; ; ; ; ; ; ; ;12;675,701028834638
3366163;1;6;1; ; ; ; ; ; ; ; ; ; ; ; ;12;675,701028834638
3366163;1;7;1; ; ; ; ; ; ; ; ; ; ; ; ;12;675,701028834638
3366164;1;1;2;2;13; ;2; ; ;1;2; ; ;1; ;12;674,091392318848
3366164;1;2;2;2;08; ;2; ; ;1;2; ; ;1; ;12;674,091392318848
3366164;1;3;1; ; ; ; ; ; ; ; ; ; ; ; ;12;674,091392318848
3366164;1;4;1; ; ; ; ; ; ; ; ; ; ; ; ;12;674,091392318848
3366165;1;1;1; ; ; ; ; ; ; ; ; ; ; ; ;12;435,76397189543
3366165;1;2;1; ; ; ; ; ; ; ; ; ; ; ; ;12;435,76397189543
3366165;1;3;1; ; ; ; ; ; ; ; ; ; ; ; ;12;435,76397189543
3366165;1;4;1; ; ; ; ; ; ; ; ; ; ; ; ;12;435,76397189543
3366165;1;5;1; ; ; ; ; ; ; ; ; ; ; ; ;12;435,76397189543
3366166;1;1;1; ; ; ; ; ; ; ; ; ; ; ; ;12;676,092200510934
3366166;1;2;1; ; ; ; ; ; ; ; ; ; ; ; ;12;676,092200510934
3366167;1;1;1; ; ; ; ; ; ; ; ; ; ; ; ;12;854,28765421264
3366167;1;2;1; ; ; ; ; ; ; ; ; ; ; ; ;12;854,28765421264
3366167;1;3;1; ; ; ; ; ; ; ; ; ; ; ; ;12;854,28765421264
3366169;1;1;2;2;68; ;2; ; ;1;2; ; ;1; ;12;558,678012434326
3366173;1;1;1; ; ; ; ; ; ; ; ; ; ; ; ;12;552,462223482947
3366173;1;2;1; ; ; ; ; ; ; ; ; ; ; ; ;12;552,462223482947
3366173;1;3;1; ; ; ; ; ; ; ; ; ; ; ; ;12;552,462223482947
3366174;1;1;1; ; ; ; ; ; ; ; ; ; ; ; ;12;549,595217676678
3366174;1;2;1; ; ; ; ; ; ; ; ; ; ; ; ;12;549,595217676678
3366174;1;3;1; ; ; ; ; ; ; ; ; ; ; ; ;12;549,595217676678
3366174;1;4;1; ; ; ; ; ; ; ; ; ; ; ; ;12;549,595217676678
3366174;1;5;1; ; ; ; ; ; ; ; ; ; ; ; ;12;549,595217676678
3366175;1;1;1; ; ; ; ; ; ; ; ; ; ; ; ;12;388,028381912543
3366175;1;2;2;2;13; ;2; ; ;1;2; ; ;1; ;12;388,028381912543
3366175;1;3;1; ; ; ; ; ; ; ; ; ; ; ; ;12;388,028381912543
3366175;1;4;1; ; ; ; ; ; ; ; ; ; ; ; ;12;388,028381912543
3366175;1;5;1; ; ; ; ; ; ; ; ; ; ; ; ;12;388,028381912543
3366175;1;6;1; ; ; ; ; ; ; ; ; ; ; ; ;12;388,028381912543
3366175;1;7;1; ; ; ; ; ; ; ; ; ; ; ; ;12;388,028381912543
3366175;1;8;1; ; ; ; ; ; ; ; ; ; ; ; ;12;388,028381912543
3366176;1;1;1; ; ; ; ; ; ; ; ; ; ; ; ;12;683,716781910537
3366176;1;2;1; ; ; ; ; ; ; ; ; ; ; ; ;12;683,716781910537
3366176;1;3;1; ; ; ; ; ; ; ; ; ; ; ; ;12;683,716781910537
3366177;1;1;1; ; ; ; ; ; ; ; ; ; ; ; ;12;551,356280076759
3366177;1;2;1; ; ; ; ; ; ; ; ; ; ; ; ;12;551,356280076759
3366177;1;3;1; ; ; ; ; ; ; ; ; ; ; ; ;12;551,356280076759
3366177;1;4;1; ; ; ; ; ; ; ; ; ; ; ; ;12;551,356280076759
3366177;1;5;1; ; ; ; ; ; ; ; ; ; ; ; ;12;551,356280076759
3366178;1;1;2;2;13; ;2; ; ;1;2; ; ;1; ;12;851,948538004114
3366178;1;2;1; ; ; ; ; ; ; ; ; ; ; ; ;12;851,948538004114
3366178;1;3;1; ; ; ; ; ; ; ; ; ; ; ; ;12;851,948538004114
3366178;1;4;1; ; ; ; ; ; ; ; ; ; ; ; ;12;851,948538004114
3366178;1;5;1; ; ; ; ; ; ; ; ; ; ; ; ;12;851,948538004114
3366178;1;6;1; ; ; ; ; ; ; ; ; ; ; ; ;12;851,948538004114
3366178;1;7;1; ; ; ; ; ; ; ; ; ; ; ; ;12;851,948538004114
3366178;1;8;1; ; ; ; ; ; ; ; ; ; ; ; ;12;851,948538004114
3366178;1;9;1; ; ; ; ; ; ; ; ; ; ; ; ;12;851,948538004114
3366178;1;10;1; ; ; ; ; ; ; ; ; ; ; ; ;12;851,948538004114
3366178;1;11;1; ; ; ; ; ; ; ; ; ; ; ; ;12;851,948538004114
3366179;1;1;1; ; ; ; ; ; ; ; ; ; ; ; ;12;717,084256190698
3366179;1;2;2;2;54; ;2; ; ;1;2; ; ;1; ;12;717,084256190698
3366179;1;3;1; ; ; ; ; ; ; ; ; ; ; ; ;12;717,084256190698
3366179;1;4;1; ; ; ; ; ; ; ; ; ; ; ; ;12;717,084256190698
3366180;1;1;2;2;47; ;2; ; ;1;2; ; ;1; ;12;664,60020920902
3366180;1;2;2;2;47; ;2; ; ;1;2; ; ;1; ;12;664,60020920902
3366180;1;3;1; ; ; ; ; ; ; ; ; ; ; ; ;12;664,60020920902
3366180;1;4;2;2;47; ;2; ; ;1;2; ; ;1; ;12;664,60020920902
3366181;1;1;2;2;68; ;2; ; ;1;2; ; ;1; ;12;717,084256190698
3366181;1;2;2;2;68; ;2; ; ;1;2; ; ;1; ;12;717,084256190698
3366181;1;3;2;2;68; ;1; ; ; ;2; ; ;1; ;12;717,084256190698
3366181;1;4;1; ; ; ; ; ; ; ; ; ; ; ; ;12;717,084256190698
3366182;1;1;1; ; ; ; ; ; ; ; ; ; ; ; ;12;717,084256190698
3366182;1;2;2;2;08; ;2; ; ;1;2; ; ;1; ;12;717,084256190698
3366182;1;3;1; ; ; ; ; ; ; ; ; ; ; ; ;12;717,084256190698
3366182;1;4;1; ; ; ; ; ; ; ; ; ; ; ; ;12;717,084256190698
3366183;1;1;1; ; ; ; ; ; ; ; ; ; ; ; ;12;435,048035406339
3366183;1;2;1; ; ; ; ; ; ; ; ; ; ; ; ;12;435,048035406339
3366184;1;1;2;2;47; ;2; ; ;1;2; ; ;1; ;12;546,140895221422
3366184;1;2;1; ; ; ; ; ; ; ; ; ; ; ; ;12;546,140895221422
3366184;1;3;1; ; ; ; ; ; ; ; ; ; ; ; ;12;546,140895221422
3366184;1;4;1; ; ; ; ; ; ; ; ; ; ; ; ;12;546,140895221422
3366184;1;5;1; ; ; ; ; ; ; ; ; ; ; ; ;12;546,140895221422
3366184;1;6;1; ; ; ; ; ; ; ; ; ; ; ; ;12;546,140895221422
3366185;1;1;1; ; ; ; ; ; ; ; ; ; ; ; ;12;495,829301031437
3366185;1;2;2;2;13; ;2; ; ;1;2; ; ;1; ;12;495,829301031437
3366186;1;1;1; ; ; ; ; ; ; ; ; ; ; ; ;12;681,715973718451
3366186;1;2;1; ; ; ; ; ; ; ; ; ; ; ; ;12;681,715973718451
3366186;1;3;1; ; ; ; ; ; ; ; ; ; ; ; ;12;681,715973718451
3366186;1;4;1; ; ; ; ; ; ; ; ; ; ; ; ;12;681,715973718451
3366186;1;5;1; ; ; ; ; ; ; ; ; ; ; ; ;12;681,715973718451
3366187;1;1;1; ; ; ; ; ; ; ; ; ; ; ; ;12;686,096641144944
3366187;1;2;1; ; ; ; ; ; ; ; ; ; ; ; ;12;686,096641144944
3366187;1;3;1; ; ; ; ; ; ; ; ; ; ; ; ;12;686,096641144944
3366187;1;4;1; ; ; ; ; ; ; ; ; ; ; ; ;12;686,096641144944
3366188;1;1;1; ; ; ; ; ; ; ; ; ; ; ; ;12;432,18102960007
3366188;1;2;1; ; ; ; ; ; ; ; ; ; ; ; ;12;432,18102960007
3366188;1;3;1; ; ; ; ; ; ; ; ; ; ; ; ;12;432,18102960007
3366188;1;4;1; ; ; ; ; ; ; ; ; ; ; ; ;12;432,18102960007
3366190;1;1;1; ; ; ; ; ; ; ; ; ; ; ; ;12;534,240515567327
3366190;1;2;1; ; ; ; ; ; ; ; ; ; ; ; ;12;534,240515567327
3366190;1;3;1; ; ; ; ; ; ; ; ; ; ; ; ;12;534,240515567327
3366190;1;4;2;2;08; ;2; ; ;1;2; ; ;1; ;12;534,240515567327
3366191;1;1;1; ; ; ; ; ; ; ; ; ; ; ; ;12;675,807732903982
3366191;1;2;1; ; ; ; ; ; ; ; ; ; ; ; ;12;675,807732903982
3366191;1;3;1; ; ; ; ; ; ; ; ; ; ; ; ;12;675,807732903982
3366191;1;4;1; ; ; ; ; ; ; ; ; ; ; ; ;12;675,807732903982
3366191;1;5;1; ; ; ; ; ; ; ; ; ; ; ; ;12;675,807732903982
3366191;1;6;1; ; ; ; ; ; ; ; ; ; ; ; ;12;675,807732903982
3366192;1;1;1; ; ; ; ; ; ; ; ; ; ; ; ;12;318,042235681912
3366192;1;2;1; ; ; ; ; ; ; ; ; ; ; ; ;12;318,042235681912
3366192;1;3;1; ; ; ; ; ; ; ; ; ; ; ; ;12;318,042235681912
3366192;1;4;1; ; ; ; ; ; ; ; ; ; ; ; ;12;318,042235681912
3366192;1;5;1; ; ; ; ; ; ; ; ; ; ; ; ;12;318,042235681912
3366198;1;1;1; ; ; ; ; ; ; ; ; ; ; ; ;12;451,089336694922
3366198;1;2;1; ; ; ; ; ; ; ; ; ; ; ; ;12;451,089336694922
3366198;1;3;1; ; ; ; ; ; ; ; ; ; ; ; ;12;451,089336694922
3366198;1;4;1; ; ; ; ; ; ; ; ; ; ; ; ;12;451,089336694922
3366198;1;5;1; ; ; ; ; ; ; ; ; ; ; ; ;12;451,089336694922
3366199;1;1;2;2;47; ;2; ; ;1;2; ; ;1; ;12;435,048035406339
3366199;1;2;1; ; ; ; ; ; ; ; ; ; ; ; ;12;435,048035406339
3366200;1;1;2;2;13; ;2; ; ;1;2; ; ;1; ;12;665,600613305062
3366200;1;2;1; ; ; ; ; ; ; ; ; ; ; ; ;12;665,600613305062
3366200;1;3;1; ; ; ; ; ; ; ; ; ; ; ; ;12;665,600613305062
3366201;1;1;1; ; ; ; ; ; ; ; ; ; ; ; ;12;442,672616805942
3366201;1;2;1; ; ; ; ; ; ; ; ; ; ; ; ;12;442,672616805942
3366201;1;3;1; ; ; ; ; ; ; ; ; ; ; ; ;12;442,672616805942
3366202;1;1;2;2;44; ;3;50; ;1;2; ; ;1; ;12;552,462223482947
3366202;1;2;2;2;44; ;3;50; ;1;2; ; ;1; ;12;552,462223482947
3366202;1;3;2;2;44; ;3;50; ;1;2; ; ;1; ;12;552,462223482947
3366203;1;1;2;2;20; ;2; ; ;1;2; ; ;1; ;12;764,015587050233
3366203;1;2;1; ; ; ; ; ; ; ; ; ; ; ; ;12;764,015587050233
3366203;1;3;1; ; ; ; ; ; ; ; ; ; ; ; ;12;764,015587050233
3366203;1;4;1; ; ; ; ; ; ; ; ; ; ; ; ;12;764,015587050233
3366203;1;5;1; ; ; ; ; ; ; ; ; ; ; ; ;12;764,015587050233
3366203;1;6;1; ; ; ; ; ; ; ; ; ; ; ; ;12;764,015587050233
3366203;1;7;1; ; ; ; ; ; ; ; ; ; ; ; ;12;764,015587050233
3366203;1;8;2;2;47; ;2; ; ;1;2; ; ;1; ;12;764,015587050233
3366204;1;1;1; ; ; ; ; ; ; ; ; ; ; ; ;12;627,875997948404
3366204;1;2;1; ; ; ; ; ; ; ; ; ; ; ; ;12;627,875997948404
3366204;1;3;1; ; ; ; ; ; ; ; ; ; ; ; ;12;627,875997948404
3366205;1;1;1; ; ; ; ; ; ; ; ; ; ; ; ;12;661,733203402751
3366205;1;2;2;2;13; ;2; ; ;1;2; ; ;1; ;12;661,733203402751
3366205;1;3;1; ; ; ; ; ; ; ; ; ; ; ; ;12;661,733203402751
3366205;1;4;1; ; ; ; ; ; ; ; ; ; ; ; ;12;661,733203402751
3366205;1;5;1; ; ; ; ; ; ; ; ; ; ; ; ;12;661,733203402751
3366205;1;6;1; ; ; ; ; ; ; ; ; ; ; ; ;12;661,733203402751
3366206;1;1;1; ; ; ; ; ; ; ; ; ; ; ; ;12;77,9730361751986
3366206;1;2;1; ; ; ; ; ; ; ; ; ; ; ; ;12;77,9730361751986
3366206;1;3;1; ; ; ; ; ; ; ; ; ; ; ; ;12;77,9730361751986
3366206;1;4;1; ; ; ; ; ; ; ; ; ; ; ; ;12;77,9730361751986
3366207;1;1;1; ; ; ; ; ; ; ; ; ; ; ; ;12;98,5409803551465
3366207;1;2;2;2;23; ;3;23; ;2;2; ; ;1; ;12;98,5409803551465
3366207;1;3;1; ; ; ; ; ; ; ; ; ; ; ; ;12;98,5409803551465
3366208;1;1;1; ; ; ; ; ; ; ; ; ; ; ; ;12;96,0142932648458
3366208;1;2;1; ; ; ; ; ; ; ; ; ; ; ; ;12;96,0142932648458
3366208;1;3;1; ; ; ; ; ; ; ; ; ; ; ; ;12;96,0142932648458
3366210;1;1;1; ; ; ; ; ; ; ; ; ; ; ; ;12;57,1318265018541
3366210;1;2;1; ; ; ; ; ; ; ; ; ; ; ; ;12;57,1318265018541
3366210;1;3;1; ; ; ; ; ; ; ; ; ; ; ; ;12;57,1318265018541
3366213;1;1;2;2;47; ;3;47; ;1;2; ; ;1; ;12;67,9107696239543
3366213;1;2;1; ; ; ; ; ; ; ; ; ; ; ; ;12;67,9107696239543
3366215;1;1;2;2;44; ;2; ; ;1;2; ; ;1; ;12;111,857375912526
3366215;1;2;1; ; ; ; ; ; ; ; ; ; ; ; ;12;111,857375912526
3366215;1;3;1; ; ; ; ; ; ; ; ; ; ; ; ;12;111,857375912526
3366215;1;4;2;2;54; ;2; ; ;1;2; ; ;1; ;12;111,857375912526
3366215;1;5;1; ; ; ; ; ; ; ; ; ; ; ; ;12;111,857375912526
3366215;1;6;1; ; ; ; ; ; ; ; ; ; ; ; ;12;111,857375912526
3366216;1;1;2;2;23; ;2; ; ;1;2; ; ;1; ;12;98,0423580928967
3366216;1;2;2;2;23; ;2; ; ;1;2; ; ;1; ;12;98,0423580928967
3366216;1;3;1; ; ; ; ; ; ; ; ; ; ; ; ;12;98,0423580928967
3366216;1;4;1; ; ; ; ; ; ; ; ; ; ; ; ;12;98,0423580928967
3366216;1;5;1; ; ; ; ; ; ; ; ; ; ; ; ;12;98,0423580928967
3366216;1;6;1; ; ; ; ; ; ; ; ; ; ; ; ;12;98,0423580928967
3366216;1;7;1; ; ; ; ; ; ; ; ; ; ; ; ;12;98,0423580928967
3366217;1;1;2;2;47; ;2; ; ;1;2; ; ;1; ;12;111,350568253676
3366217;1;2;2;2;08; ;3;08; ;1;3;11; ;1; ;12;111,350568253676
3366217;1;3;2;2;20; ;3;44; ;2;2; ; ;1; ;12;111,350568253676
3366217;1;4;1; ; ; ; ; ; ; ; ; ; ; ; ;12;111,350568253676
3366218;1;1;2;2;47; ;3;47; ;1;2; ; ;1; ;12;126,644503996038
3366218;1;2;2;2;47; ;3;47; ;1;2; ; ;1; ;12;126,644503996038
3366218;1;3;2;2;47; ;3;47; ;1;2; ; ;1; ;12;126,644503996038
3366218;1;4;1; ; ; ; ; ; ; ; ; ; ; ; ;12;126,644503996038
3366219;1;1;1; ; ; ; ; ; ; ; ; ; ; ; ;12;45,1819555844667
3366219;1;2;1; ; ; ; ; ; ; ; ; ; ; ; ;12;45,1819555844667
3366219;1;3;2;1; ; ;2; ; ;1;2; ; ;1; ;12;45,1819555844667
3366219;1;4;1; ; ; ; ; ; ; ; ; ; ; ; ;12;45,1819555844667
3366219;1;5;1; ; ; ; ; ; ; ; ; ; ; ; ;12;45,1819555844667
3366219;1;6;1; ; ; ; ; ; ; ; ; ; ; ; ;12;45,1819555844667
3366220;1;1;1; ; ; ; ; ; ; ; ; ; ; ; ;12;96,560853884005
3366220;1;2;1; ; ; ; ; ; ; ; ; ; ; ; ;12;96,560853884005
3366220;1;3;1; ; ; ; ; ; ; ; ; ; ; ; ;12;96,560853884005
3366220;1;4;1; ; ; ; ; ; ; ; ; ; ; ; ;12;96,560853884005
3366223;1;1;2;2;08; ;2; ; ;1;2; ; ;1; ;12;92,3215028292571
3366226;1;1;2;2;73; ;2; ; ;1;2; ; ;1; ;12;67,9107696239543
3366226;1;2;1; ; ; ; ; ; ; ; ; ; ; ; ;12;67,9107696239543
3366227;1;1;1; ; ; ; ; ; ; ; ; ; ; ; ;12;92,4472477431354
3366227;1;2;1; ; ; ; ; ; ; ; ; ; ; ; ;12;92,4472477431354
3366228;1;1;2;2;08; ;2; ; ;1;2; ; ;1; ;12;84,9336837942396
3366228;1;2;2;2;08; ;2; ; ;1;2; ; ;1; ;12;84,9336837942396
3366228;1;3;2;2;08; ;2; ; ;1;2; ; ;1; ;12;84,9336837942396
3366229;1;1;1; ; ; ; ; ; ; ; ; ; ; ; ;12;130,883855050786
3366229;1;2;2;2;20; ;2; ; ;1;2; ; ;1; ;12;130,883855050786
3366229;1;3;1; ; ; ; ; ; ; ; ; ; ; ; ;12;130,883855050786
3366229;1;4;1; ; ; ; ; ; ; ; ; ; ; ; ;12;130,883855050786
3366229;1;5;1; ; ; ; ; ; ; ; ; ; ; ; ;12;130,883855050786
3366229;1;6;1; ; ; ; ; ; ; ; ; ; ; ; ;12;130,883855050786
3366229;1;7;1; ; ; ; ; ; ; ; ; ; ; ; ;12;130,883855050786
3366230;1;1;2;2;47; ;2; ; ;1;2; ; ;1; ;12;60,2780563182836
3366230;1;2;1; ; ; ; ; ; ; ; ; ; ; ; ;12;60,2780563182836
3366230;1;3;1; ; ; ; ; ; ; ; ; ; ; ; ;12;60,2780563182836
3366230;1;4;1; ; ; ; ; ; ; ; ; ; ; ; ;12;60,2780563182836
3366231;1;1;1; ; ; ; ; ; ; ; ; ; ; ; ;12;80,4469604585907
3366231;1;2;1; ; ; ; ; ; ; ; ; ; ; ; ;12;80,4469604585907
3366231;1;3;2;2;44; ;1; ; ; ;1; ; ; ; ;12;80,4469604585907
3366232;1;1;2;2;20; ;2; ; ;1;2; ; ;1; ;12;98,7146636259342
3366232;1;2;2;2;20; ;2; ; ;1;2; ; ;1; ;12;98,7146636259342
3366232;1;3;1; ; ; ; ; ; ; ; ; ; ; ; ;12;98,7146636259342
3366232;1;4;1; ; ; ; ; ; ; ; ; ; ; ; ;12;98,7146636259342
3366232;1;5;1; ; ; ; ; ; ; ; ; ; ; ; ;12;98,7146636259342
3366232;1;6;1; ; ; ; ; ; ; ; ; ; ; ; ;12;98,7146636259342
3366232;1;7;1; ; ; ; ; ; ; ; ; ; ; ; ;12;98,7146636259342
3366232;1;8;1; ; ; ; ; ; ; ; ; ; ; ; ;12;98,7146636259342
3366232;1;9;1; ; ; ; ; ; ; ; ; ; ; ; ;12;98,7146636259342
3366233;1;1;2;2;44; ;2; ; ;1;2; ; ;1; ;12;49,3733682823052
3366233;1;2;1; ; ; ; ; ; ; ; ; ; ; ; ;12;49,3733682823052
3366233;1;3;1; ; ; ; ; ; ; ; ; ; ; ; ;12;49,3733682823052
3366233;1;4;1; ; ; ; ; ; ; ; ; ; ; ; ;12;49,3733682823052
3366236;1;1;2;1; ; ;3;11; ;1;2; ; ;1; ;12;81,8887053693926
3366236;1;2;1; ; ; ; ; ; ; ; ; ; ; ; ;12;81,8887053693926
3366236;1;3;1; ; ; ; ; ; ; ; ; ; ; ; ;12;81,8887053693926
3366237;1;1;2;2;08; ;3;08; ;1;3;08; ;1; ;12;95,866641114831
3366237;1;2;2;2;08; ;3;08; ;1;3;08; ;1; ;12;95,866641114831
3366237;1;3;2;2;08; ;3;08; ;1;3;08; ;1; ;12;95,866641114831
3366237;1;4;2;2;08; ;1; ; ; ;3;08; ;1; ;12;95,866641114831
3366238;1;1;2;2;08; ;2; ; ;1;2; ; ;1; ;12;52,3938531848564
3366238;1;2;2;2;23; ;2; ; ;1;2; ; ;1; ;12;52,3938531848564
3366238;1;3;1; ; ; ; ; ; ; ; ; ; ; ; ;12;52,3938531848564
3366238;1;4;1; ; ; ; ; ; ; ; ; ; ; ; ;12;52,3938531848564
3366239;1;1;2;2;47; ;2; ; ;1;2; ; ;1; ;12;85,6059893272771
3366239;1;2;2;2;44; ;2; ; ;1;2; ; ;1; ;12;85,6059893272771
3366239;1;3;1; ; ; ; ; ; ; ; ; ; ; ; ;12;85,6059893272771
3366239;1;4;1; ; ; ; ; ; ; ; ; ; ; ; ;12;85,6059893272771
3366239;1;5;1; ; ; ; ; ; ; ; ; ; ; ; ;12;85,6059893272771
3366240;1;1;1; ; ; ; ; ; ; ; ; ; ; ; ;12;137,103332576675
3366240;1;2;1; ; ; ; ; ; ; ; ; ; ; ; ;12;137,103332576675
3366240;1;3;1; ; ; ; ; ; ; ; ; ; ; ; ;12;137,103332576675
3366240;1;4;1; ; ; ; ; ; ; ; ; ; ; ; ;12;137,103332576675
3366240;1;5;1; ; ; ; ; ; ; ; ; ; ; ; ;12;137,103332576675
3366240;1;6;1; ; ; ; ; ; ; ; ; ; ; ; ;12;137,103332576675
3366240;1;7;1; ; ; ; ; ; ; ; ; ; ; ; ;12;137,103332576675
3366240;1;8;1; ; ; ; ; ; ; ; ; ; ; ; ;12;137,103332576675
3366240;1;9;1; ; ; ; ; ; ; ; ; ; ; ; ;12;137,103332576675
3366241;1;1;1; ; ; ; ; ; ; ; ; ; ; ; ;12;44,3772286537733
3366241;1;2;2;1; ; ;2; ; ;1;2; ; ;1; ;12;44,3772286537733
3366242;1;1;1; ; ; ; ; ; ; ; ; ; ; ; ;12;96,560853884005
3366242;1;2;2;2;47; ;2; ; ;1;2; ; ;1; ;12;96,560853884005
3366242;1;3;1; ; ; ; ; ; ; ; ; ; ; ; ;12;96,560853884005
3366242;1;4;1; ; ; ; ; ; ; ; ; ; ; ; ;12;96,560853884005
3366243;1;1;1; ; ; ; ; ; ; ; ; ; ; ; ;12;44,3772286537733
3366243;1;2;1; ; ; ; ; ; ; ; ; ; ; ; ;12;44,3772286537733
3366243;1;3;2;2;08; ;3;08; ;1;2; ; ;1; ;12;44,3772286537733
3366246;1;1;1; ; ; ; ; ; ; ; ; ; ; ; ;12;63,9951004297603
3366246;1;2;1; ; ; ; ; ; ; ; ; ; ; ; ;12;63,9951004297603
3366246;1;3;1; ; ; ; ; ; ; ; ; ; ; ; ;12;63,9951004297603
3366249;1;1;1; ; ; ; ; ; ; ; ; ; ; ; ;12;82,8083831833311
3366249;1;2;2;2;44; ;2; ; ;1;2; ; ;1; ;12;82,8083831833311
3366250;1;1;1; ; ; ; ; ; ; ; ; ; ; ; ;12;52,7644923693878
3366250;1;2;1; ; ; ; ; ; ; ; ; ; ; ; ;12;52,7644923693878
3366250;1;3;1; ; ; ; ; ; ; ; ; ; ; ; ;12;52,7644923693878
3366250;1;4;1; ; ; ; ; ; ; ; ; ; ; ; ;12;52,7644923693878
3366250;1;5;1; ; ; ; ; ; ; ; ; ; ; ; ;12;52,7644923693878
3366251;1;1;2;2;47; ;2; ; ;1;2; ; ;1; ;12;62,9019791914419
3366252;1;1;2;2;23; ;2; ; ;1;2; ; ;1; ;12;67,9107696239543
3366252;1;2;2;2;23; ;2; ; ;1;2; ; ;1; ;12;67,9107696239543
3366253;1;1;2;1; ; ;2; ; ;1;2; ; ;1; ;12;44,3772286537733
3366253;1;2;1; ; ; ; ; ; ; ; ; ; ; ; ;12;44,3772286537733
3366254;1;1;1; ; ; ; ; ; ; ; ; ; ; ; ;12;96,0142932648458
3366254;1;2;2;2;20; ;2; ; ;1;2; ; ;1; ;12;96,0142932648458
3366254;1;3;1; ; ; ; ; ; ; ; ; ; ; ; ;12;96,0142932648458
3366256;1;1;1; ; ; ; ; ; ; ; ; ; ; ; ;12;67,1870609181848
3366256;1;2;1; ; ; ; ; ; ; ; ; ; ; ; ;12;67,1870609181848
3366256;1;3;1; ; ; ; ; ; ; ; ; ; ; ; ;12;67,1870609181848
3366256;1;4;1; ; ; ; ; ; ; ; ; ; ; ; ;12;67,1870609181848
3366256;1;5;2;2;15; ;2; ; ;1;2; ; ;1; ;12;67,1870609181848
3366256;1;6;2;2;15; ;3;15; ;1;3;15; ;1; ;12;67,1870609181848
3366257;1;1;1; ; ; ; ; ; ; ; ; ; ; ; ;12;90,1525974211531
3366257;1;2;2;1; ; ;2; ; ;1;2; ; ;1; ;12;90,1525974211531
3366257;1;3;1; ; ; ; ; ; ; ; ; ; ; ; ;12;90,1525974211531
3366259;1;1;2;2;11; ;3;11; ;1;2; ; ;1; ;12;120,613982189306
3366260;1;1;2;1; ; ;2; ; ;1;2; ; ;1; ;12;71,3899822107495
3366260;1;2;2;2;63; ;2; ; ;1;2; ; ;1; ;12;71,3899822107495
3366260;1;3;2;2;63; ;2; ; ;1;2; ; ;1; ;12;71,3899822107495
3366261;1;1;2;2;85; ;2; ; ;1;2; ; ;1; ;12;106,336511433961
3366261;1;2;2;2;15; ;2; ; ;1;2; ; ;1; ;12;106,336511433961
3366261;1;3;2;2;15; ;2; ; ;1;2; ; ;1; ;12;106,336511433961
3366261;1;4;2;2;15; ;2; ; ;1;2; ; ;1; ;12;106,336511433961
3366261;1;5;2;2;15; ;2; ; ;1;2; ; ;1; ;12;106,336511433961
3366262;1;1;2;2;15; ;2; ; ;1;2; ; ;1; ;12;96,6392781309672
3366264;1;1;2;2;05; ;2; ; ;1;2; ; ;1; ;12;122,578836212078
3366264;1;2;2;2;23; ;2; ; ;1;2; ; ;1; ;12;122,578836212078
3366264;1;3;1; ; ; ; ; ; ; ; ; ; ; ; ;12;122,578836212078
3366264;1;4;1; ; ; ; ; ; ; ; ; ; ; ; ;12;122,578836212078
3366264;1;5;1; ; ; ; ; ; ; ; ; ; ; ; ;12;122,578836212078
3366264;1;6;1; ; ; ; ; ; ; ; ; ; ; ; ;12;122,578836212078
3366264;1;7;1; ; ; ; ; ; ; ; ; ; ; ; ;12;122,578836212078
3366265;1;1;1; ; ; ; ; ; ; ; ; ; ; ; ;12;88,2558350452969
3366265;1;2;2;2;05; ;2; ; ;1;2; ; ;1; ;12;88,2558350452969
3366265;1;3;2;2;05; ;2; ; ;1;2; ; ;1; ;12;88,2558350452969
3366265;1;4;1; ; ; ; ; ; ; ; ; ; ; ; ;12;88,2558350452969
3366266;1;1;2;2;76; ;2; ; ;1;2; ; ;1; ;12;82,4352659885518
3366266;1;2;2;2;20; ;2; ; ;1;2; ; ;1; ;12;82,4352659885518
3366266;1;3;1; ; ; ; ; ; ; ; ; ; ; ; ;12;82,4352659885518
3366266;1;4;1; ; ; ; ; ; ; ; ; ; ; ; ;12;82,4352659885518
3366267;1;1;1; ; ; ; ; ; ; ; ; ; ; ; ;12;109,498431198034
3366267;1;2;2;2;44; ;2; ; ;1;2; ; ;1; ;12;109,498431198034
3366267;1;3;1; ; ; ; ; ; ; ; ; ; ; ; ;12;109,498431198034
3366267;1;4;1; ; ; ; ; ; ; ; ; ; ; ; ;12;109,498431198034
3366268;1;1;1; ; ; ; ; ; ; ; ; ; ; ; ;12;44,3772286537733
3366268;1;2;1; ; ; ; ; ; ; ; ; ; ; ; ;12;44,3772286537733
3366268;1;3;1; ; ; ; ; ; ; ; ; ; ; ; ;12;44,3772286537733
3366268;1;4;1; ; ; ; ; ; ; ; ; ; ; ; ;12;44,3772286537733
3366268;1;5;1; ; ; ; ; ; ; ; ; ; ; ; ;12;44,3772286537733
3366268;1;6;1; ; ; ; ; ; ; ; ; ; ; ; ;12;44,3772286537733
3366269;1;1;2;2;20; ;2; ; ;1;2; ; ;1; ;12;124,664377524897
3366269;1;2;2;2;44; ;2; ; ;1;2; ; ;1; ;12;124,664377524897
3366269;1;3;1; ; ; ; ; ; ; ; ; ; ; ; ;12;124,664377524897
3366269;1;4;1; ; ; ; ; ; ; ; ; ; ; ; ;12;124,664377524897
3366269;1;5;1; ; ; ; ; ; ; ; ; ; ; ; ;12;124,664377524897
3366270;1;1;2;2;44; ;2; ; ;1;2; ; ;1; ;12;112,644661014463
3366270;1;2;2;2;20; ;2; ; ;1;2; ; ;1; ;12;112,644661014463
3366270;1;3;1; ; ; ; ; ; ; ; ; ; ; ; ;12;112,644661014463
3366270;1;4;1; ; ; ; ; ; ; ; ; ; ; ; ;12;112,644661014463
3366270;1;5;1; ; ; ; ; ; ; ; ; ; ; ; ;12;112,644661014463
3366271;1;1;1; ; ; ; ; ; ; ; ; ; ; ; ;12;92,9938083622946
3366271;1;2;1; ; ; ; ; ; ; ; ; ; ; ; ;12;92,9938083622946
3366271;1;3;1; ; ; ; ; ; ; ; ; ; ; ; ;12;92,9938083622946
3366272;1;1;2;2;13; ;2; ; ;1;2; ; ;1; ;12;80,4469604585907
3366272;1;2;2;2;20; ;2; ; ;1;2; ; ;1; ;12;80,4469604585907
3366272;1;3;1; ; ; ; ; ; ; ; ; ; ; ; ;12;80,4469604585907
3366273;1;1;1; ; ; ; ; ; ; ; ; ; ; ; ;12;129,935907952235
3366273;1;2;1; ; ; ; ; ; ; ; ; ; ; ; ;12;129,935907952235
3366273;1;3;1; ; ; ; ; ; ; ; ; ; ; ; ;12;129,935907952235
3366273;1;4;1; ; ; ; ; ; ; ; ; ; ; ; ;12;129,935907952235
3366273;1;5;2;2;11; ;1; ; ; ;3;11; ;1; ;12;129,935907952235
3366273;1;6;1; ; ; ; ; ; ; ; ; ; ; ; ;12;129,935907952235
3366273;1;7;1; ; ; ; ; ; ; ; ; ; ; ; ;12;129,935907952235
3366274;1;1;1; ; ; ; ; ; ; ; ; ; ; ; ;12;44,3772286537733
3366274;1;2;1; ; ; ; ; ; ; ; ; ; ; ; ;12;44,3772286537733
3366274;1;3;1; ; ; ; ; ; ; ; ; ; ; ; ;12;44,3772286537733
3366275;1;1;1; ; ; ; ; ; ; ; ; ; ; ; ;12;78,3216598476822
3366275;1;2;1; ; ; ; ; ; ; ; ; ; ; ; ;12;78,3216598476822
3366276;1;1;2;2;20; ;2; ; ;1;2; ; ;1; ;12;69,0242209344737
3366276;1;2;2;2;20; ;2; ; ;1;2; ; ;1; ;12;69,0242209344737
3366276;1;3;2;2;20; ;2; ; ;1;2; ; ;1; ;12;69,0242209344737
3366276;1;4;1; ; ; ; ; ; ; ; ; ; ; ; ;12;69,0242209344737
3366276;1;5;1; ; ; ; ; ; ; ; ; ; ; ; ;12;69,0242209344737
3366276;1;6;1; ; ; ; ; ; ; ; ; ; ; ; ;12;69,0242209344737
3366277;1;1;2;2;20; ;2; ; ;1;2; ; ;1; ;12;46,6990290419896
3366277;1;2;2;2;20; ;2; ; ;1;2; ; ;1; ;12;46,6990290419896
3366277;1;3;1; ; ; ; ; ; ; ; ; ; ; ; ;12;46,6990290419896
3366277;1;4;1; ; ; ; ; ; ; ; ; ; ; ; ;12;46,6990290419896
3366277;1;5;1; ; ; ; ; ; ; ; ; ; ; ; ;12;46,6990290419896
3366278;1;1;2;2;44; ;2; ; ;1;2; ; ;1; ;12;102,08611864072
3366278;1;2;1; ; ; ; ; ; ; ; ; ; ; ; ;12;102,08611864072
3366278;1;3;1; ; ; ; ; ; ; ; ; ; ; ; ;12;102,08611864072
3366278;1;4;1; ; ; ; ; ; ; ; ; ; ; ; ;12;102,08611864072
3366278;1;5;1; ; ; ; ; ; ; ; ; ; ; ; ;12;102,08611864072
3366278;1;6;1; ; ; ; ; ; ; ; ; ; ; ; ;12;102,08611864072
3366279;1;1;2;2;47; ;2; ; ;1;2; ; ;1; ;12;47,2455896611488
3366279;1;2;1; ; ; ; ; ; ; ; ; ; ; ; ;12;47,2455896611488
3366279;1;3;1; ; ; ; ; ; ; ; ; ; ; ; ;12;47,2455896611488
3366279;1;4;1; ; ; ; ; ; ; ; ; ; ; ; ;12;47,2455896611488
3366279;1;5;2;2;47; ;2; ; ;1;2; ; ;1; ;12;47,2455896611488
3366279;1;6;1; ; ; ; ; ; ; ; ; ; ; ; ;12;47,2455896611488
3366280;1;1;2;2;13; ;2; ; ;1;2; ; ;1; ;12;63,3513040277435
3366280;1;2;2;2;13; ;2; ; ;1;2; ; ;1; ;12;63,3513040277435
3366280;1;3;1; ; ; ; ; ; ; ; ; ; ; ; ;12;63,3513040277435
3366280;1;4;1; ; ; ; ; ; ; ; ; ; ; ; ;12;63,3513040277435
3366280;1;5;1; ; ; ; ; ; ; ; ; ; ; ; ;12;63,3513040277435
3366281;1;1;2;2;23; ;2; ; ;1;2; ; ;1; ;12;50,411248703467
3366281;1;2;2;2;23; ;2; ; ;1;2; ; ;1; ;12;50,411248703467
3366281;1;3;2;2;23; ;2; ; ;1;2; ; ;1; ;12;50,411248703467
3366281;1;4;1; ; ; ; ; ; ; ; ; ; ; ; ;12;50,411248703467
3366281;1;5;2;2;70; ;2; ; ;1;2; ; ;1; ;12;50,411248703467
3366281;1;6;2;2;23; ;2; ; ;1;2; ; ;1; ;12;50,411248703467
3366281;1;7;1; ; ; ; ; ; ; ; ; ; ; ; ;12;50,411248703467
3366281;1;8;1; ; ; ; ; ; ; ; ; ; ; ; ;12;50,411248703467
3366282;1;1;2;2;20; ;2; ; ;1;2; ; ;1; ;12;69,1214567173313
3366282;1;2;1; ; ; ; ; ; ; ; ; ; ; ; ;12;69,1214567173313
3366282;1;3;1; ; ; ; ; ; ; ; ; ; ; ; ;12;69,1214567173313
3366283;1;1;1; ; ; ; ; ; ; ; ; ; ; ; ;12;125,063285994041
3366283;1;2;2;2;23; ;2; ; ;1;2; ; ;1; ;12;125,063285994041
3366283;1;3;1; ; ; ; ; ; ; ; ; ; ; ; ;12;125,063285994041
3366283;1;4;1; ; ; ; ; ; ; ; ; ; ; ; ;12;125,063285994041
3366283;1;5;1; ; ; ; ; ; ; ; ; ; ; ; ;12;125,063285994041
3366283;1;6;1; ; ; ; ; ; ; ; ; ; ; ; ;12;125,063285994041
3366283;1;7;1; ; ; ; ; ; ; ; ; ; ; ; ;12;125,063285994041
3366284;1;1;2;2;25; ;2; ; ;1;2; ; ;1; ;12;115,548049910221
3366284;1;2;1; ; ; ; ; ; ; ; ; ; ; ; ;12;115,548049910221
3366284;2;1;1; ; ; ; ; ; ; ; ; ; ; ; ;12;115,548049910221
3366285;1;1;1; ; ; ; ; ; ; ; ; ; ; ; ;12;99,3925788893295
3366287;1;1;2;2;44; ;2; ; ;1;2; ; ;1; ;12;69,0038908622727
3366287;1;2;2;2;44; ;2; ; ;1;2; ; ;1; ;12;69,0038908622727
3366287;1;3;2;2;44; ;2; ; ;1;2; ; ;1; ;12;69,0038908622727
3366287;1;4;2;2;44; ;2; ; ;1;2; ; ;1; ;12;69,0038908622727
3366288;1;1;1; ; ; ; ; ; ; ; ; ; ; ; ;12;44,3772286537733
3366288;1;2;2;2;20; ;2; ; ;1;2; ; ;1; ;12;44,3772286537733
3366288;1;3;2;2;20; ;3;20; ;1;2; ; ;1; ;12;44,3772286537733
3366289;1;1;1; ; ; ; ; ; ; ; ; ; ; ; ;12;86,353521468905
3366289;1;2;2;2;23; ;2; ; ;1;2; ; ;1; ;12;86,353521468905
3366289;1;3;1; ; ; ; ; ; ; ; ; ; ; ; ;12;86,353521468905
3366289;1;4;1; ; ; ; ; ; ; ; ; ; ; ; ;12;86,353521468905
3366289;1;5;1; ; ; ; ; ; ; ; ; ; ; ; ;12;86,353521468905
3366290;1;1;2;2;05; ;2; ; ;1;2; ; ;1; ;12;63,4485398106011
3366290;1;2;1; ; ; ; ; ; ; ; ; ; ; ; ;12;63,4485398106011
3366291;1;1;2;2;23; ;2; ; ;1;2; ; ;1; ;12;103,444457884112
3366291;1;2;1; ; ; ; ; ; ; ; ; ; ; ; ;12;103,444457884112
3366291;1;3;1; ; ; ; ; ; ; ; ; ; ; ; ;12;103,444457884112
3366291;1;4;1; ; ; ; ; ; ; ; ; ; ; ; ;12;103,444457884112
3366291;1;5;1; ; ; ; ; ; ; ; ; ; ; ; ;12;103,444457884112
3366291;1;6;1; ; ; ; ; ; ; ; ; ; ; ; ;12;103,444457884112
3366292;1;1;2;2;20; ;3;17; ;1;2; ; ;1; ;12;109,992229010284
3366292;1;2;2;2;44; ;3;17; ;1;2; ; ;1; ;12;109,992229010284
3366292;1;3;2;2;17; ;3;17; ;1;2; ; ;1; ;12;109,992229010284
3366292;1;4;1; ; ; ; ; ; ; ; ; ; ; ; ;12;109,992229010284
3366293;1;1;2;2;70; ;2; ; ;1;2; ; ;1; ;12;92,3215028292571
3366294;1;1;1; ; ; ; ; ; ; ; ; ; ; ; ;12;62,9019791914419
3366295;1;1;2;2;20; ;3;08; ;1;2; ; ;1; ;12;64,890284721403
3366295;1;2;2;2;20; ;3;08; ;1;2; ; ;1; ;12;64,890284721403
3366298;1;1;2;1; ; ;3;23; ;1;2; ; ;1; ;12;126,644503996038
3366298;1;2;1; ; ; ; ; ; ; ; ; ; ; ; ;12;126,644503996038
3366298;1;3;1; ; ; ; ; ; ; ; ; ; ; ; ;12;126,644503996038
3366298;1;4;1; ; ; ; ; ; ; ; ; ; ; ; ;12;126,644503996038
3366300;1;1;2;2;13; ;2; ; ;1;2; ; ;1; ;12;62,8022653983364
3366300;1;2;2;2;23; ;2; ; ;1;2; ; ;1; ;12;62,8022653983364
3366300;1;3;2;2;13; ;2; ; ;1;2; ; ;1; ;12;62,8022653983364
3366300;1;4;1; ; ; ; ; ; ; ; ; ; ; ; ;12;62,8022653983364
3366300;1;5;2;2;13; ;2; ; ;1;2; ; ;1; ;12;62,8022653983364
3366300;1;6;1; ; ; ; ; ; ; ; ; ; ; ; ;12;62,8022653983364
3366300;1;7;2;2;13; ;2; ; ;1;2; ; ;1; ;12;62,8022653983364
3366301;1;1;2;2;47; ;2; ; ;1;2; ; ;1; ;12;109,992229010284
3366301;1;2;2;2;13; ;3;44; ;1;2; ; ;1; ;12;109,992229010284
3366301;1;3;1; ; ; ; ; ; ; ; ; ; ; ; ;12;109,992229010284
3366301;1;4;1; ; ; ; ; ; ; ; ; ; ; ; ;12;109,992229010284
3366302;1;1;2;2;08; ;2; ; ;1;2; ; ;1; ;12;115,865560873938
3366302;1;2;2;2;47; ;2; ; ;1;2; ; ;1; ;12;115,865560873938
3366302;1;3;1; ; ; ; ; ; ; ; ; ; ; ; ;12;115,865560873938
3366302;1;4;1; ; ; ; ; ; ; ; ; ; ; ; ;12;115,865560873938
3366302;1;5;2;2;08; ;2; ; ;1;2; ; ;1; ;12;115,865560873938
3366303;1;1;2;2;47; ;2; ; ;1;2; ; ;1; ;12;116,356880675941
3366303;1;2;2;2;47; ;2; ; ;1;2; ; ;1; ;12;116,356880675941
3366303;1;3;2;2;44; ;2; ; ;1;2; ; ;1; ;12;116,356880675941
3366303;1;4;1; ; ; ; ; ; ; ; ; ; ; ; ;12;116,356880675941
3366303;1;5;1; ; ; ; ; ; ; ; ; ; ; ; ;12;116,356880675941
3366303;1;6;1; ; ; ; ; ; ; ; ; ; ; ; ;12;116,356880675941
3366303;1;7;2;2;47; ;3;47; ;1;2; ; ;1; ;12;116,356880675941
3366303;1;8;2;2;47; ;3;47; ;1;2; ; ;1; ;12;116,356880675941
3366304;1;1;2;2;20; ;2; ; ;1;2; ; ;1; ;12;53,9109266423794
3366304;1;2;2;2;20; ;3;44; ;1;2; ; ;1; ;12;53,9109266423794
3366304;1;3;1; ; ; ; ; ; ; ; ; ; ; ; ;12;53,9109266423794
3366305;1;1;2;2;23; ;2; ; ;1;2; ; ;1; ;12;124,664377524897
3366305;1;2;2;2;44; ;2; ; ;1;2; ; ;1; ;12;124,664377524897
3366305;1;3;1; ; ; ; ; ; ; ; ; ; ; ; ;12;124,664377524897
3366305;1;4;1; ; ; ; ; ; ; ; ; ; ; ; ;12;124,664377524897
3366305;1;5;1; ; ; ; ; ; ; ; ; ; ; ; ;12;124,664377524897
3366306;1;1;2;2;20; ;2; ; ;1;2; ; ;1; ;12;72,738918606199
3366306;1;2;1; ; ; ; ; ; ; ; ; ; ; ; ;12;72,738918606199
3366306;1;3;1; ; ; ; ; ; ; ; ; ; ; ; ;12;72,738918606199
3366306;1;4;1; ; ; ; ; ; ; ; ; ; ; ; ;12;72,738918606199
3366306;1;5;1; ; ; ; ; ; ; ; ; ; ; ; ;12;72,738918606199
3366306;1;6;1; ; ; ; ; ; ; ; ; ; ; ; ;12;72,738918606199
3366307;1;1;2;2;23; ;2; ; ;1;2; ; ;1; ;12;113,737782252782
3366307;1;2;2;2;23; ;2; ; ;1;2; ; ;1; ;12;113,737782252782
3366307;1;3;2;2;23; ;3;44; ;1;2; ; ;1; ;12;113,737782252782
3366307;1;4;2;2;23; ;2; ; ;1;2; ; ;1; ;12;113,737782252782
3366307;1;5;1; ; ; ; ; ; ; ; ; ; ; ; ;12;113,737782252782
3366307;1;6;1; ; ; ; ; ; ; ; ; ; ; ; ;12;113,737782252782
3366307;1;7;1; ; ; ; ; ; ; ; ; ; ; ; ;12;113,737782252782
3366308;1;1;1; ; ; ; ; ; ; ; ; ; ; ; ;12;96,6392781309672
3366309;1;1;2;2;15; ;2; ; ;1;2; ; ;1; ;12;117,370641834399
3366309;1;2;2;2;15; ;2; ; ;1;4; ;11; ;1;12;117,370641834399
3366310;1;1;2;2;15; ;3;15; ;1;2; ; ;1; ;12;156,484656375104
3366312;1;1;2;2;15; ;2; ; ;1;2; ; ;1; ;12;193,278556261934
3366313;1;1;2;2;15; ;2; ; ;1;2; ; ;1; ;12;120,613982189306
3366314;1;1;1; ; ; ; ; ; ; ; ; ; ; ; ;12;96,6392781309672
3366315;1;1;1; ; ; ; ; ; ; ; ; ; ; ; ;12;292,125524133646
3366315;1;2;1; ; ; ; ; ; ; ; ; ; ; ; ;12;292,125524133646
3366315;1;3;1; ; ; ; ; ; ; ; ; ; ; ; ;12;292,125524133646
3366315;1;4;1; ; ; ; ; ; ; ; ; ; ; ; ;12;292,125524133646
3366315;1;5;1; ; ; ; ; ; ; ; ; ; ; ; ;12;292,125524133646
3366316;1;1;1; ; ; ; ; ; ; ; ; ; ; ; ;12;60,6988720235645
3366316;1;2;2;2;47; ;3;44; ;1;2; ; ;1; ;12;60,6988720235645
3366316;1;3;1; ; ; ; ; ; ; ; ; ; ; ; ;12;60,6988720235645
3366316;1;4;1; ; ; ; ; ; ; ; ; ; ; ; ;12;60,6988720235645
3366317;1;1;1; ; ; ; ; ; ; ; ; ; ; ; ;12;56,9559050672263
3366317;1;2;1; ; ; ; ; ; ; ; ; ; ; ; ;12;56,9559050672263
3366317;1;3;2;2;44; ;3;05; ;1;3;44; ;1; ;12;56,9559050672263
3366318;1;1;2;2;44; ;3;44; ;1;2; ; ;1; ;12;69,0038908622727
3366318;1;2;2;2;44; ;2; ; ;1;2; ; ;1; ;12;69,0038908622727
3366318;1;3;2;2;44; ;2; ; ;1;2; ; ;1; ;12;69,0038908622727
3366318;1;4;1; ; ; ; ; ; ; ; ; ; ; ; ;12;69,0038908622727
3366319;1;1;1; ; ; ; ; ; ; ; ; ; ; ; ;12;88,6547435144412
3366319;1;2;1; ; ; ; ; ; ; ; ; ; ; ; ;12;88,6547435144412
3366319;1;3;1; ; ; ; ; ; ; ; ; ; ; ; ;12;88,6547435144412
3366319;1;4;1; ; ; ; ; ; ; ; ; ; ; ; ;12;88,6547435144412
3366319;1;5;1; ; ; ; ; ; ; ; ; ; ; ; ;12;88,6547435144412
3366319;1;6;1; ; ; ; ; ; ; ; ; ; ; ; ;12;88,6547435144412
3366320;1;1;2;2;44; ;3;44; ;1;2; ; ;1; ;12;47,2455896611488
3366320;1;2;1; ; ; ; ; ; ; ; ; ; ; ; ;12;47,2455896611488
3366320;1;3;1; ; ; ; ; ; ; ; ; ; ; ; ;12;47,2455896611488
3366320;1;4;1; ; ; ; ; ; ; ; ; ; ; ; ;12;47,2455896611488
3366320;1;5;1; ; ; ; ; ; ; ; ; ; ; ; ;12;47,2455896611488
3366320;1;6;1; ; ; ; ; ; ; ; ; ; ; ; ;12;47,2455896611488
3366321;1;1;1; ; ; ; ; ; ; ; ; ; ; ; ;12;44,3772286537733
3366321;1;2;1; ; ; ; ; ; ; ; ; ; ; ; ;12;44,3772286537733
3366321;1;3;1; ; ; ; ; ; ; ; ; ; ; ; ;12;44,3772286537733
3366322;1;1;1; ; ; ; ; ; ; ; ; ; ; ; ;12;68,4573302431135
3366322;1;2;1; ; ; ; ; ; ; ; ; ; ; ; ;12;68,4573302431135
3366322;1;3;1; ; ; ; ; ; ; ; ; ; ; ; ;12;68,4573302431135
3366323;1;1;1; ; ; ; ; ; ; ; ; ; ; ; ;12;81,3666382725292
3366323;1;2;2;2;44; ;2; ; ;1;2; ; ;1; ;12;81,3666382725292
3366324;1;1;2;2;44; ;3;44; ;1;2; ; ;1; ;12;44,3772286537733
3366324;1;2;1; ; ; ; ; ; ; ; ; ; ; ; ;12;44,3772286537733
3366324;1;3;2;2;44; ;3;44; ;1;2; ; ;1; ;12;44,3772286537733
3366325;1;1;2;2;44; ;3;44; ;1;2; ; ;1; ;12;64,3437241022438
3366327;1;1;2;2;68; ;3;44; ;1;2; ; ;1; ;12;66,9183495494539
3366327;1;2;2;2;70; ;3;44; ;1;2; ; ;1; ;12;66,9183495494539
3366327;1;3;1; ; ; ; ; ; ; ; ; ; ; ; ;12;66,9183495494539
3366327;1;4;2;2;13; ;3;44; ;1;2; ; ;1; ;12;66,9183495494539
3366327;1;5;2;2;20; ;3;44; ;1;2; ; ;1; ;12;66,9183495494539
3366327;1;6;1; ; ; ; ; ; ; ; ; ; ; ; ;12;66,9183495494539
3366331;1;1;1; ; ; ; ; ; ; ; ; ; ; ; ;12;60,5229505889368
3366331;1;2;2;2;44; ;3;44; ;1;2; ; ;1; ;12;60,5229505889368
3366331;1;3;1; ; ; ; ; ; ; ; ; ; ; ; ;12;60,5229505889368
3366331;1;4;1; ; ; ; ; ; ; ; ; ; ; ; ;12;60,5229505889368
3366332;1;1;2;2;44; ;3;44; ;1;2; ; ;1; ;12;67,9107696239543
3366332;1;2;2;2;44; ;3;44; ;1;2; ; ;1; ;12;67,9107696239543
3366333;1;1;2;2;44; ;3;44; ;1;2; ; ;1; ;12;59,7290176888766
3366333;1;2;1; ; ; ; ; ; ; ; ; ; ; ; ;12;59,7290176888766
3366333;1;3;1; ; ; ; ; ; ; ; ; ; ; ; ;12;59,7290176888766
3366333;1;4;1; ; ; ; ; ; ; ; ; ; ; ; ;12;59,7290176888766
3366333;1;5;2;2;44; ;3;20; ;1;3;44; ;1; ;12;59,7290176888766
3366333;1;6;1; ; ; ; ; ; ; ; ; ; ; ; ;12;59,7290176888766
3366334;1;1;2;2;13; ;3;44; ;1;2; ; ;1; ;12;74,6768077690029
3366334;1;2;2;2;13; ;3;44; ;1;2; ; ;1; ;12;74,6768077690029
3366334;1;3;1; ; ; ; ; ; ; ; ; ; ; ; ;12;74,6768077690029
3366334;1;4;1; ; ; ; ; ; ; ; ; ; ; ; ;12;74,6768077690029
3366334;1;5;1; ; ; ; ; ; ; ; ; ; ; ; ;12;74,6768077690029
3366335;1;1;1; ; ; ; ; ; ; ; ; ; ; ; ;12;60,5229505889368
3366335;1;2;1; ; ; ; ; ; ; ; ; ; ; ; ;12;60,5229505889368
3366335;1;3;1; ; ; ; ; ; ; ; ; ; ; ; ;12;60,5229505889368
3366335;1;4;1; ; ; ; ; ; ; ; ; ; ; ; ;12;60,5229505889368
3366336;1;1;2;2;11; ;2; ; ;1;3;44; ;1; ;12;81,8887053693926
3366336;1;2;2;2;44; ;3;11; ;1;3;44; ;1; ;12;81,8887053693926
3366336;1;3;1; ; ; ; ; ; ; ; ; ; ; ; ;12;81,8887053693926
3366337;1;1;1; ; ; ; ; ; ; ; ; ; ; ; ;12;70,0141629987262
3366337;1;2;1; ; ; ; ; ; ; ; ; ; ; ; ;12;70,0141629987262
3366337;1;3;1; ; ; ; ; ; ; ; ; ; ; ; ;12;70,0141629987262
3366337;1;4;1; ; ; ; ; ; ; ; ; ; ; ; ;12;70,0141629987262
3366337;1;5;1; ; ; ; ; ; ; ; ; ; ; ; ;12;70,0141629987262
3366338;1;1;1; ; ; ; ; ; ; ; ; ; ; ; ;12;84,1397508941794
3366338;1;2;1; ; ; ; ; ; ; ; ; ; ; ; ;12;84,1397508941794
3366338;1;3;1; ; ; ; ; ; ; ; ; ; ; ; ;12;84,1397508941794
3366338;1;4;1; ; ; ; ; ; ; ; ; ; ; ; ;12;84,1397508941794
3366338;1;5;1; ; ; ; ; ; ; ; ; ; ; ; ;12;84,1397508941794
3366339;1;1;1; ; ; ; ; ; ; ; ; ; ; ; ;12;67,9107696239543
3366339;1;2;1; ; ; ; ; ; ; ; ; ; ; ; ;12;67,9107696239543
3366340;1;1;2;2;68; ;2; ; ;1;2; ; ;1; ;12;87,5861157984186
3366340;1;2;1; ; ; ; ; ; ; ; ; ; ; ; ;12;87,5861157984186
3366340;1;3;1; ; ; ; ; ; ; ; ; ; ; ; ;12;87,5861157984186
3366340;1;4;1; ; ; ; ; ; ; ; ; ; ; ; ;12;87,5861157984186
3366341;1;1;1; ; ; ; ; ; ; ; ; ; ; ; ;12;85,7819107619049
3366341;1;2;1; ; ; ; ; ; ; ; ; ; ; ; ;12;85,7819107619049
3366341;1;3;1; ; ; ; ; ; ; ; ; ; ; ; ;12;85,7819107619049
3366341;1;4;2;1; ; ;3;23; ;2;2; ; ;1; ;12;85,7819107619049
3366341;1;5;1; ; ; ; ; ; ; ; ; ; ; ; ;12;85,7819107619049
3366342;1;1;1; ; ; ; ; ; ; ; ; ; ; ; ;12;81,8887053693926
3366342;1;2;1; ; ; ; ; ; ; ; ; ; ; ; ;12;81,8887053693926
3366342;1;3;1; ; ; ; ; ; ; ; ; ; ; ; ;12;81,8887053693926
3366343;1;1;1; ; ; ; ; ; ; ; ; ; ; ; ;12;58,7105664936034
3366343;1;2;1; ; ; ; ; ; ; ; ; ; ; ; ;12;58,7105664936034
3366343;1;3;1; ; ; ; ; ; ; ; ; ; ; ; ;12;58,7105664936034
3366344;1;1;1; ; ; ; ; ; ; ; ; ; ; ; ;12;48,2777690337389
3366344;1;2;1; ; ; ; ; ; ; ; ; ; ; ; ;12;48,2777690337389
3366344;1;3;1; ; ; ; ; ; ; ; ; ; ; ; ;12;48,2777690337389
3366344;1;4;1; ; ; ; ; ; ; ; ; ; ; ; ;12;48,2777690337389
3366344;1;5;1; ; ; ; ; ; ; ; ; ; ; ; ;12;48,2777690337389
3366345;1;1;2;2;44; ;2; ; ;1;3;44; ;1; ;12;96,0142932648458
3366345;1;2;1; ; ; ; ; ; ; ; ; ; ; ; ;12;96,0142932648458
3366345;1;3;1; ; ; ; ; ; ; ; ; ; ; ; ;12;96,0142932648458
3366346;1;1;2;2;44; ;2; ; ;1;2; ; ;2;1;12;71,4559079095282
3366346;1;2;1; ; ; ; ; ; ; ; ; ; ; ; ;12;71,4559079095282
3366346;1;3;1; ; ; ; ; ; ; ; ; ; ; ; ;12;71,4559079095282
3366346;1;4;1; ; ; ; ; ; ; ; ; ; ; ; ;12;71,4559079095282
3366346;1;5;1; ; ; ; ; ; ; ; ; ; ; ; ;12;71,4559079095282
3366350;1;1;1; ; ; ; ; ; ; ; ; ; ; ; ;12;60,1523114044053
3366350;1;2;1; ; ; ; ; ; ; ; ; ; ; ; ;12;60,1523114044053
3366350;1;3;1; ; ; ; ; ; ; ; ; ; ; ; ;12;60,1523114044053
3366352;1;1;2;2;15; ;2; ; ;1;2; ; ;1; ;12;60,6988720235645
3366352;1;2;2;2;50; ;2; ; ;1;2; ; ;1; ;12;60,6988720235645
3366352;1;3;1; ; ; ; ; ; ; ; ; ; ; ; ;12;60,6988720235645
3366352;1;4;1; ; ; ; ; ; ; ; ; ; ; ; ;12;60,6988720235645
3366354;1;1;2;2;08; ;2; ; ;1;2; ; ;1; ;12;44,3772286537733
3366354;1;2;1; ; ; ; ; ; ; ; ; ; ; ; ;12;44,3772286537733
3366354;1;3;1; ; ; ; ; ; ; ; ; ; ; ; ;12;44,3772286537733
3366354;1;4;1; ; ; ; ; ; ; ; ; ; ; ; ;12;44,3772286537733
3366355;1;1;1; ; ; ; ; ; ; ; ; ; ; ; ;12;66,5947696270306
3366355;1;2;2;1; ; ;2; ; ;1;2; ; ;1; ;12;66,5947696270306
3366355;1;3;1; ; ; ; ; ; ; ; ; ; ; ; ;12;66,5947696270306
3366356;1;1;1; ; ; ; ; ; ; ; ; ; ; ; ;12;44,3772286537733
3366356;1;2;1; ; ; ; ; ; ; ; ; ; ; ; ;12;44,3772286537733
3366356;1;3;1; ; ; ; ; ; ; ; ; ; ; ; ;12;44,3772286537733
3366357;1;1;2;1; ; ;2; ; ;1;2; ; ;1; ;12;109,992229010284
3366357;1;2;1; ; ; ; ; ; ; ; ; ; ; ; ;12;109,992229010284
3366357;1;3;1; ; ; ; ; ; ; ; ; ; ; ; ;12;109,992229010284
3366357;1;4;1; ; ; ; ; ; ; ; ; ; ; ; ;12;109,992229010284
3366358;1;1;2;2;23; ;2; ; ;1;2; ; ;1; ;12;97,771540977382
3366358;1;2;1; ; ; ; ; ; ; ; ; ; ; ; ;12;97,771540977382
3366358;1;3;1; ; ; ; ; ; ; ; ; ; ; ; ;12;97,771540977382
3366358;1;4;1; ; ; ; ; ; ; ; ; ; ; ; ;12;97,771540977382
3366358;1;5;1; ; ; ; ; ; ; ; ; ; ; ; ;12;97,771540977382
3366359;1;1;1; ; ; ; ; ; ; ; ; ; ; ; ;12;57,1318265018541
3366359;1;2;1; ; ; ; ; ; ; ; ; ; ; ; ;12;57,1318265018541
3366359;1;3;1; ; ; ; ; ; ; ; ; ; ; ; ;12;57,1318265018541
3366360;1;1;2;2;15; ;2; ; ;1;2; ; ;1; ;12;50,1241418764312
3366360;1;2;1; ; ; ; ; ; ; ; ; ; ; ; ;12;50,1241418764312
3366360;1;3;2;1; ; ;3;15; ;1;2; ; ;1; ;12;50,1241418764312
3366360;1;4;1; ; ; ; ; ; ; ; ; ; ; ; ;12;50,1241418764312
3366360;1;5;2;2;11; ;3;15; ;1;2; ; ;1; ;12;50,1241418764312
3366360;1;6;1; ; ; ; ; ; ; ; ; ; ; ; ;12;50,1241418764312
3366361;1;1;2;1; ; ;3;11; ;1;3;15; ;1; ;12;113,657760138379
3366361;1;2;2;1; ; ;3;11; ;1;2; ; ;1; ;12;113,657760138379
3366361;1;3;2;2;11; ;3;11; ;1;2; ; ;1; ;12;113,657760138379
3366361;1;4;2;2;11; ;3;11; ;1;2; ; ;1; ;12;113,657760138379
3366362;1;1;1; ; ; ; ; ; ; ; ; ; ; ; ;12;113,553884064255
3366362;1;2;1; ; ; ; ; ; ; ; ; ; ; ; ;12;113,553884064255
3366362;1;3;1; ; ; ; ; ; ; ; ; ; ; ; ;12;113,553884064255
3366362;1;4;1; ; ; ; ; ; ; ; ; ; ; ; ;12;113,553884064255
3366362;1;5;1; ; ; ; ; ; ; ; ; ; ; ; ;12;113,553884064255
3366363;1;1;1; ; ; ; ; ; ; ; ; ; ; ; ;12;116,797224419162
3366363;1;2;1; ; ; ; ; ; ; ; ; ; ; ; ;12;116,797224419162
3366363;1;3;1; ; ; ; ; ; ; ; ; ; ; ; ;12;116,797224419162
3366363;1;4;1; ; ; ; ; ; ; ; ; ; ; ; ;12;116,797224419162
3366364;1;1;1; ; ; ; ; ; ; ; ; ; ; ; ;12;116,901100493286
3366364;1;2;1; ; ; ; ; ; ; ; ; ; ; ; ;12;116,901100493286
3366364;1;3;1; ; ; ; ; ; ; ; ; ; ; ; ;12;116,901100493286
3366365;1;1;2;2;73; ;2; ; ;1;2; ; ;1; ;12;84,1982368026095
3366365;1;2;1; ; ; ; ; ; ; ; ; ; ; ; ;12;84,1982368026095
3366365;2;1;2;2;68; ;2; ; ;1;2; ; ;1; ;12;84,1982368026095
3366365;2;2;2;2;25; ;2; ; ;1;2; ; ;1; ;12;84,1982368026095
3366365;2;3;2;2;11; ;2; ; ;1;2; ; ;1; ;12;84,1982368026095
3366365;2;4;1; ; ; ; ; ; ; ; ; ; ; ; ;12;84,1982368026095
3366365;2;5;2;2;11; ;2; ; ;1;2; ; ;1; ;12;84,1982368026095
3366366;1;1;2;2;15; ;2; ; ;1;2; ; ;1; ;12;93,3959377760602
3366366;1;2;1; ; ; ; ; ; ; ; ; ; ; ; ;12;93,3959377760602
3366367;1;1;2;2;15; ;3;15; ;2;2; ; ;1; ;12;50,1241418764312
3366367;1;2;2;2;15; ;3;15; ;2;3;15; ;2;2;12;50,1241418764312
3366367;2;1;2;2;15; ;3;15; ;2;3;15; ;2;1;12;50,1241418764312
3366367;2;2;2;2;15; ;3;15; ;2;3;11; ;1; ;12;50,1241418764312
3366368;1;1;2;2;15; ;3;11; ;1;2; ; ;1; ;12;91,755680647193
3366368;1;2;1; ; ; ; ; ; ; ; ; ; ; ; ;12;91,755680647193
3366368;1;3;1; ; ; ; ; ; ; ; ; ; ; ; ;12;91,755680647193
3366368;1;4;1; ; ; ; ; ; ; ; ; ; ; ; ;12;91,755680647193
3366369;1;1;1; ; ; ; ; ; ; ; ; ; ; ; ;12;99,3925788893295
3366370;1;1;1; ; ; ; ; ; ; ; ; ; ; ; ;12;131,481931280055
3366370;1;2;2;2;05; ;3;05; ;1;2; ; ;1; ;12;131,481931280055
3366370;1;3;2;2;05; ;2; ; ;1;2; ; ;1; ;12;131,481931280055
3366370;1;4;1; ; ; ; ; ; ; ; ; ; ; ; ;12;131,481931280055
3366371;1;1;2;2;15; ;2; ; ;1;2; ; ;1; ;12;124,629585303252
3366371;1;2;1; ; ; ; ; ; ; ; ; ; ; ; ;12;124,629585303252
3366371;1;3;1; ; ; ; ; ; ; ; ; ; ; ; ;12;124,629585303252
3366371;1;4;1; ; ; ; ; ; ; ; ; ; ; ; ;12;124,629585303252
3366371;1;5;1; ; ; ; ; ; ; ; ; ; ; ; ;12;124,629585303252
3366371;1;6;1; ; ; ; ; ; ; ; ; ; ; ; ;12;124,629585303252
3366388;1;1;2;3; ;2;4; ;2; ;2; ; ;1; ;12;8035,45877458735
3366516;1;1;1; ; ; ; ; ; ; ; ; ; ; ; ;12;1750,01977729599
3366516;1;2;1; ; ; ; ; ; ; ; ; ; ; ; ;12;1750,01977729599
3366516;1;3;1; ; ; ; ; ; ; ; ; ; ; ; ;12;1750,01977729599
3366517;1;1;1; ; ; ; ; ; ; ; ; ; ; ; ;12;1723,6377509837
3366517;1;2;1; ; ; ; ; ; ; ; ; ; ; ; ;12;1723,6377509837
3366517;1;3;1; ; ; ; ; ; ; ; ; ; ; ; ;12;1723,6377509837
3366517;1;4;1; ; ; ; ; ; ; ; ; ; ; ; ;12;1723,6377509837
3366518;1;1;1; ; ; ; ; ; ; ; ; ; ; ; ;12;1499,35033296354
3366518;1;2;1; ; ; ; ; ; ; ; ; ; ; ; ;12;1499,35033296354
3366519;1;1;2;2;20; ;2; ; ;2;2; ; ;2; ;12;1471,88163636253
3366519;1;2;1; ; ; ; ; ; ; ; ; ; ; ; ;12;1471,88163636253
3366519;1;3;1; ; ; ; ; ; ; ; ; ; ; ; ;12;1471,88163636253
3366519;1;4;1; ; ; ; ; ; ; ; ; ; ; ; ;12;1471,88163636253
3366520;1;1;1; ; ; ; ; ; ; ; ; ; ; ; ;12;939,4181905966
3366520;1;2;1; ; ; ; ; ; ; ; ; ; ; ; ;12;939,4181905966
3366520;1;3;1; ; ; ; ; ; ; ; ; ; ; ; ;12;939,4181905966
3366521;1;1;1; ; ; ; ; ; ; ; ; ; ; ; ;12;1536,1831683426
3366521;1;2;1; ; ; ; ; ; ; ; ; ; ; ; ;12;1536,1831683426
3366521;1;3;1; ; ; ; ; ; ; ; ; ; ; ; ;12;1536,1831683426
3366521;1;4;1; ; ; ; ; ; ; ; ; ; ; ; ;12;1536,1831683426
3366522;1;1;1; ; ; ; ; ; ; ; ; ; ; ; ;12;2096,84672474753
3366522;1;2;1; ; ; ; ; ; ; ; ; ; ; ; ;12;2096,84672474753
3366522;1;3;1; ; ; ; ; ; ; ; ; ; ; ; ;12;2096,84672474753
3366522;1;4;1; ; ; ; ; ; ; ; ; ; ; ; ;12;2096,84672474753
3366522;1;5;1; ; ; ; ; ; ; ; ; ; ; ; ;12;2096,84672474753
3366522;1;6;1; ; ; ; ; ; ; ; ; ; ; ; ;12;2096,84672474753
3366523;1;1;1; ; ; ; ; ; ; ; ; ; ; ; ;12;1648,28546686928
3366523;1;2;1; ; ; ; ; ; ; ; ; ; ; ; ;12;1648,28546686928
3366523;1;3;1; ; ; ; ; ; ; ; ; ; ; ; ;12;1648,28546686928
3366523;1;4;1; ; ; ; ; ; ; ; ; ; ; ; ;12;1648,28546686928
3366523;1;5;1; ; ; ; ; ; ; ; ; ; ; ; ;12;1648,28546686928
3366524;1;1;1; ; ; ; ; ; ; ; ; ; ; ; ;12;1915,16151141407
3366524;1;2;1; ; ; ; ; ; ; ; ; ; ; ; ;12;1915,16151141407
3366524;1;3;1; ; ; ; ; ; ; ; ; ; ; ; ;12;1915,16151141407
3366525;1;1;1; ; ; ; ; ; ; ; ; ; ; ; ;12;2045,59977768881
3366525;1;2;1; ; ; ; ; ; ; ; ; ; ; ; ;12;2045,59977768881
3366525;1;3;1; ; ; ; ; ; ; ; ; ; ; ; ;12;2045,59977768881
3366526;1;1;1; ; ; ; ; ; ; ; ; ; ; ; ;12;1294,7869913897
3366526;1;2;1; ; ; ; ; ; ; ; ; ; ; ; ;12;1294,7869913897
3366526;1;3;2;2;08; ;3;44; ;1;2; ; ;2; ;12;1294,7869913897
3366526;1;4;2;2;44; ;2; ; ;1;2; ; ;2; ;12;1294,7869913897
3366526;1;5;2;2;08; ;1; ; ; ;1; ; ; ; ;12;1294,7869913897
3366527;1;1;1; ; ; ; ; ; ; ; ; ; ; ; ;12;1430,85282918568
3366527;1;2;1; ; ; ; ; ; ; ; ; ; ; ; ;12;1430,85282918568
3366527;1;3;1; ; ; ; ; ; ; ; ; ; ; ; ;12;1430,85282918568
3366527;1;4;1; ; ; ; ; ; ; ; ; ; ; ; ;12;1430,85282918568
3366527;1;5;1; ; ; ; ; ; ; ; ; ; ; ; ;12;1430,85282918568
3366527;1;6;1; ; ; ; ; ; ; ; ; ; ; ; ;12;1430,85282918568
3366527;1;7;1; ; ; ; ; ; ; ; ; ; ; ; ;12;1430,85282918568
3366528;1;1;1; ; ; ; ; ; ; ; ; ; ; ; ;12;2082,1712063788
3366528;1;2;1; ; ; ; ; ; ; ; ; ; ; ; ;12;2082,1712063788
3366528;1;3;1; ; ; ; ; ; ; ; ; ; ; ; ;12;2082,1712063788
3366528;1;4;1; ; ; ; ; ; ; ; ; ; ; ; ;12;2082,1712063788
3366528;1;5;1; ; ; ; ; ; ; ; ; ; ; ; ;12;2082,1712063788
3366528;1;6;1; ; ; ; ; ; ; ; ; ; ; ; ;12;2082,1712063788
3366528;1;7;1; ; ; ; ; ; ; ; ; ; ; ; ;12;2082,1712063788
3366528;1;8;1; ; ; ; ; ; ; ; ; ; ; ; ;12;2082,1712063788
3366528;1;9;1; ; ; ; ; ; ; ; ; ; ; ; ;12;2082,1712063788
3366528;1;10;1; ; ; ; ; ; ; ; ; ; ; ; ;12;2082,1712063788
3366528;1;11;1; ; ; ; ; ; ; ; ; ; ; ; ;12;2082,1712063788
3366529;1;1;1; ; ; ; ; ; ; ; ; ; ; ; ;12;1471,77811840039
3366529;1;2;1; ; ; ; ; ; ; ; ; ; ; ; ;12;1471,77811840039
3366529;1;3;1; ; ; ; ; ; ; ; ; ; ; ; ;12;1471,77811840039
3366529;1;4;1; ; ; ; ; ; ; ; ; ; ; ; ;12;1471,77811840039
3366530;1;1;1; ; ; ; ; ; ; ; ; ; ; ; ;12;1440,98653530107
3366530;1;2;1; ; ; ; ; ; ; ; ; ; ; ; ;12;1440,98653530107
3366530;1;3;1; ; ; ; ; ; ; ; ; ; ; ; ;12;1440,98653530107
3366530;1;4;1; ; ; ; ; ; ; ; ; ; ; ; ;12;1440,98653530107
3366530;1;5;1; ; ; ; ; ; ; ; ; ; ; ; ;12;1440,98653530107
3366530;1;6;1; ; ; ; ; ; ; ; ; ; ; ; ;12;1440,98653530107
3366531;1;1;1; ; ; ; ; ; ; ; ; ; ; ; ;12;1486,02828875734
3366531;1;2;1; ; ; ; ; ; ; ; ; ; ; ; ;12;1486,02828875734
3366531;1;3;1; ; ; ; ; ; ; ; ; ; ; ; ;12;1486,02828875734
3366531;1;4;1; ; ; ; ; ; ; ; ; ; ; ; ;12;1486,02828875734
3366532;1;1;1; ; ; ; ; ; ; ; ; ; ; ; ;12;1359,11106876103
3366532;1;2;1; ; ; ; ; ; ; ; ; ; ; ; ;12;1359,11106876103
3366532;1;3;1; ; ; ; ; ; ; ; ; ; ; ; ;12;1359,11106876103
3366532;1;4;1; ; ; ; ; ; ; ; ; ; ; ; ;12;1359,11106876103
3366533;1;1;1; ; ; ; ; ; ; ; ; ; ; ; ;12;1461,52530920562
3366533;1;2;1; ; ; ; ; ; ; ; ; ; ; ; ;12;1461,52530920562
3366538;1;1;1; ; ; ; ; ; ; ; ; ; ; ; ;12;1458,5969087535
3366538;1;2;1; ; ; ; ; ; ; ; ; ; ; ; ;12;1458,5969087535
3366538;1;3;1; ; ; ; ; ; ; ; ; ; ; ; ;12;1458,5969087535
3366538;1;4;1; ; ; ; ; ; ; ; ; ; ; ; ;12;1458,5969087535
3366538;1;5;1; ; ; ; ; ; ; ; ; ; ; ; ;12;1458,5969087535
3366538;1;6;1; ; ; ; ; ; ; ; ; ; ; ; ;12;1458,5969087535
3366544;1;1;1; ; ; ; ; ; ; ; ; ; ; ; ;12;1910,47881239515
3366544;1;2;1; ; ; ; ; ; ; ; ; ; ; ; ;12;1910,47881239515
3366544;1;3;1; ; ; ; ; ; ; ; ; ; ; ; ;12;1910,47881239515
3366544;1;4;1; ; ; ; ; ; ; ; ; ; ; ; ;12;1910,47881239515
3366544;1;5;1; ; ; ; ; ; ; ; ; ; ; ; ;12;1910,47881239515
3366545;1;1;1; ; ; ; ; ; ; ; ; ; ; ; ;12;1714,42220116395
3366545;1;2;1; ; ; ; ; ; ; ; ; ; ; ; ;12;1714,42220116395
3366545;1;3;1; ; ; ; ; ; ; ; ; ; ; ; ;12;1714,42220116395
3366545;1;4;1; ; ; ; ; ; ; ; ; ; ; ; ;12;1714,42220116395
3366545;1;5;1; ; ; ; ; ; ; ; ; ; ; ; ;12;1714,42220116395
3366546;1;1;1; ; ; ; ; ; ; ; ; ; ; ; ;12;1223,71873776307
3366546;1;2;1; ; ; ; ; ; ; ; ; ; ; ; ;12;1223,71873776307
3366546;1;3;2;2;08; ;3;11; ;1;3;05; ;1; ;12;1223,71873776307
3366546;1;4;2;2;08; ;1; ; ; ;3;05; ;1; ;12;1223,71873776307
3366546;1;5;2;2;44; ;3;08; ;1;3;20; ;1; ;12;1223,71873776307
3366546;1;6;2;2;68; ;3;08; ;1;3;20; ;1; ;12;1223,71873776307
3366547;1;1;1; ; ; ; ; ; ; ; ; ; ; ; ;12;1598,45745215152
3366547;1;2;2;2;05; ;2; ; ;1;2; ; ;1; ;12;1598,45745215152
3366547;1;3;1; ; ; ; ; ; ; ; ; ; ; ; ;12;1598,45745215152
3366547;1;4;1; ; ; ; ; ; ; ; ; ; ; ; ;12;1598,45745215152
3366547;1;5;1; ; ; ; ; ; ; ; ; ; ; ; ;12;1598,45745215152
3366547;1;6;1; ; ; ; ; ; ; ; ; ; ; ; ;12;1598,45745215152
3366548;1;1;2;2;05; ;2; ; ;1;2; ; ;1; ;12;912,641477273768
3366549;1;1;2;2;05; ;2; ; ;1;2; ; ;1; ;12;971,123427680876
3366549;1;2;2;2;05; ;2; ; ;1;2; ; ;1; ;12;971,123427680876
3366549;1;3;1; ; ; ; ; ; ; ; ; ; ; ; ;12;971,123427680876
3366549;1;4;1; ; ; ; ; ; ; ; ; ; ; ; ;12;971,123427680876
3366550;1;1;2;2;44; ;2; ; ;2;2; ; ;2; ;12;1767,18625378853
3366550;1;2;1; ; ; ; ; ; ; ; ; ; ; ; ;12;1767,18625378853
3366550;1;3;1; ; ; ; ; ; ; ; ; ; ; ; ;12;1767,18625378853
3366551;1;1;1; ; ; ; ; ; ; ; ; ; ; ; ;12;1602,51766872952
3366551;1;2;1; ; ; ; ; ; ; ; ; ; ; ; ;12;1602,51766872952
3366551;1;3;1; ; ; ; ; ; ; ; ; ; ; ; ;12;1602,51766872952
3366552;1;1;1; ; ; ; ; ; ; ; ; ; ; ; ;12;1684,35619206039
3366552;1;2;1; ; ; ; ; ; ; ; ; ; ; ; ;12;1684,35619206039
3366552;1;3;1; ; ; ; ; ; ; ; ; ; ; ; ;12;1684,35619206039
3366553;1;1;1; ; ; ; ; ; ; ; ; ; ; ; ;12;1219,39153384466
3366553;1;2;1; ; ; ; ; ; ; ; ; ; ; ; ;12;1219,39153384466
3366554;1;1;1; ; ; ; ; ; ; ; ; ; ; ; ;12;1677,86995284395
3366554;1;2;1; ; ; ; ; ; ; ; ; ; ; ; ;12;1677,86995284395
3366555;1;1;1; ; ; ; ; ; ; ; ; ; ; ; ;12;1505,99970526746
3366555;1;2;1; ; ; ; ; ; ; ; ; ; ; ; ;12;1505,99970526746
3366555;1;3;1; ; ; ; ; ; ; ; ; ; ; ; ;12;1505,99970526746
3366555;1;4;1; ; ; ; ; ; ; ; ; ; ; ; ;12;1505,99970526746
3366555;1;5;1; ; ; ; ; ; ; ; ; ; ; ; ;12;1505,99970526746
3366555;1;6;1; ; ; ; ; ; ; ; ; ; ; ; ;12;1505,99970526746
3366555;1;7;1; ; ; ; ; ; ; ; ; ; ; ; ;12;1505,99970526746
3366556;1;1;1; ; ; ; ; ; ; ; ; ; ; ; ;12;1697,72887373047
3366556;1;2;1; ; ; ; ; ; ; ; ; ; ; ; ;12;1697,72887373047
3366556;1;3;1; ; ; ; ; ; ; ; ; ; ; ; ;12;1697,72887373047
3366556;1;4;1; ; ; ; ; ; ; ; ; ; ; ; ;12;1697,72887373047
3366556;1;5;1; ; ; ; ; ; ; ; ; ; ; ; ;12;1697,72887373047
3366557;1;1;1; ; ; ; ; ; ; ; ; ; ; ; ;12;1739,44217422071
3366557;1;2;1; ; ; ; ; ; ; ; ; ; ; ; ;12;1739,44217422071
3366557;1;3;1; ; ; ; ; ; ; ; ; ; ; ; ;12;1739,44217422071
3366557;1;4;1; ; ; ; ; ; ; ; ; ; ; ; ;12;1739,44217422071
3366558;1;1;1; ; ; ; ; ; ; ; ; ; ; ; ;12;2464,17437261706
3366558;1;2;1; ; ; ; ; ; ; ; ; ; ; ; ;12;2464,17437261706
3366558;1;3;1; ; ; ; ; ; ; ; ; ; ; ; ;12;2464,17437261706
3366558;1;4;1; ; ; ; ; ; ; ; ; ; ; ; ;12;2464,17437261706
3366558;1;5;1; ; ; ; ; ; ; ; ; ; ; ; ;12;2464,17437261706
3366558;1;6;1; ; ; ; ; ; ; ; ; ; ; ; ;12;2464,17437261706
3366558;1;7;1; ; ; ; ; ; ; ; ; ; ; ; ;12;2464,17437261706
3366558;1;8;1; ; ; ; ; ; ; ; ; ; ; ; ;12;2464,17437261706
3366558;1;9;1; ; ; ; ; ; ; ; ; ; ; ; ;12;2464,17437261706
3366558;1;10;1; ; ; ; ; ; ; ; ; ; ; ; ;12;2464,17437261706
3366559;1;1;1; ; ; ; ; ; ; ; ; ; ; ; ;12;1611,73321854928
3366559;1;2;1; ; ; ; ; ; ; ; ; ; ; ; ;12;1611,73321854928
3366560;1;1;1; ; ; ; ; ; ; ; ; ; ; ; ;12;967,162270164426
3366560;1;2;1; ; ; ; ; ; ; ; ; ; ; ; ;12;967,162270164426
3366561;1;1;1; ; ; ; ; ; ; ; ; ; ; ; ;12;1475,77547956256
3366561;1;2;1; ; ; ; ; ; ; ; ; ; ; ; ;12;1475,77547956256
3366562;1;1;1; ; ; ; ; ; ; ; ; ; ; ; ;12;1899,4280602608
3366562;1;2;1; ; ; ; ; ; ; ; ; ; ; ; ;12;1899,4280602608
3366562;1;3;1; ; ; ; ; ; ; ; ; ; ; ; ;12;1899,4280602608
3366562;1;4;1; ; ; ; ; ; ; ; ; ; ; ; ;12;1899,4280602608
3366562;1;5;1; ; ; ; ; ; ; ; ; ; ; ; ;12;1899,4280602608
3366562;1;6;1; ; ; ; ; ; ; ; ; ; ; ; ;12;1899,4280602608
3366563;1;1;1; ; ; ; ; ; ; ; ; ; ; ; ;12;1399,53109334388
3366564;1;1;1; ; ; ; ; ; ; ; ; ; ; ; ;12;1353,32663035567
3366564;1;2;1; ; ; ; ; ; ; ; ; ; ; ; ;12;1353,32663035567
3366564;1;3;1; ; ; ; ; ; ; ; ; ; ; ; ;12;1353,32663035567
3366565;1;1;2;2;47; ;3;47; ;1;2; ; ;2; ;12;1353,32663035567
3366565;1;2;1; ; ; ; ; ; ; ; ; ; ; ; ;12;1353,32663035567
3366565;1;3;1; ; ; ; ; ; ; ; ; ; ; ; ;12;1353,32663035567
3366566;1;1;1; ; ; ; ; ; ; ; ; ; ; ; ;12;1399,53109334388
3366567;1;1;1; ; ; ; ; ; ; ; ; ; ; ; ;12;1762,00514524326
3366567;1;2;1; ; ; ; ; ; ; ; ; ; ; ; ;12;1762,00514524326
3366567;1;3;1; ; ; ; ; ; ; ; ; ; ; ; ;12;1762,00514524326
3366567;1;4;1; ; ; ; ; ; ; ; ; ; ; ; ;12;1762,00514524326
3366567;1;5;1; ; ; ; ; ; ; ; ; ; ; ; ;12;1762,00514524326
3366567;1;6;1; ; ; ; ; ; ; ; ; ; ; ; ;12;1762,00514524326
3366568;1;1;1; ; ; ; ; ; ; ; ; ; ; ; ;12;1881,62378526563
3366568;1;2;1; ; ; ; ; ; ; ; ; ; ; ; ;12;1881,62378526563
3366568;1;3;1; ; ; ; ; ; ; ; ; ; ; ; ;12;1881,62378526563
3366568;1;4;1; ; ; ; ; ; ; ; ; ; ; ; ;12;1881,62378526563
3366568;1;5;1; ; ; ; ; ; ; ; ; ; ; ; ;12;1881,62378526563
3366569;1;1;1; ; ; ; ; ; ; ; ; ; ; ; ;12;1470,61540886846
3366569;1;2;1; ; ; ; ; ; ; ; ; ; ; ; ;12;1470,61540886846
3366569;1;3;1; ; ; ; ; ; ; ; ; ; ; ; ;12;1470,61540886846
3366569;1;4;1; ; ; ; ; ; ; ; ; ; ; ; ;12;1470,61540886846
3366570;1;1;1; ; ; ; ; ; ; ; ; ; ; ; ;12;1335,20701597255
3366570;1;2;2;2;44; ;3;44; ;2;2; ; ;2; ;12;1335,20701597255
3366571;1;1;1; ; ; ; ; ; ; ; ; ; ; ; ;12;1542,68395168823
3366571;1;2;1; ; ; ; ; ; ; ; ; ; ; ; ;12;1542,68395168823
3366571;1;3;1; ; ; ; ; ; ; ; ; ; ; ; ;12;1542,68395168823
3366571;1;4;1; ; ; ; ; ; ; ; ; ; ; ; ;12;1542,68395168823
3366572;1;1;1; ; ; ; ; ; ; ; ; ; ; ; ;12;1724,11090004277
3366572;1;2;1; ; ; ; ; ; ; ; ; ; ; ; ;12;1724,11090004277
3366572;1;3;1; ; ; ; ; ; ; ; ; ; ; ; ;12;1724,11090004277
3366572;1;4;1; ; ; ; ; ; ; ; ; ; ; ; ;12;1724,11090004277
3366573;1;1;1; ; ; ; ; ; ; ; ; ; ; ; ;12;1664,08989010629
3366573;1;2;1; ; ; ; ; ; ; ; ; ; ; ; ;12;1664,08989010629
3366573;1;3;1; ; ; ; ; ; ; ; ; ; ; ; ;12;1664,08989010629
3366573;1;4;1; ; ; ; ; ; ; ; ; ; ; ; ;12;1664,08989010629
3366573;1;5;1; ; ; ; ; ; ; ; ; ; ; ; ;12;1664,08989010629
3366574;1;1;2;2;44; ;2; ; ;1;2; ; ;1; ;12;944,113672380974
3366574;1;2;1; ; ; ; ; ; ; ; ; ; ; ; ;12;944,113672380974
3366574;1;3;1; ; ; ; ; ; ; ; ; ; ; ; ;12;944,113672380974
3366574;1;4;2;2;44; ;2; ; ;1;2; ; ;1; ;12;944,113672380974
3366574;1;5;1; ; ; ; ; ; ; ; ; ; ; ; ;12;944,113672380974
3366575;1;1;2;2;05; ;2; ; ;1;2; ; ;1; ;12;937,303926737996
3366575;1;2;2;2;05; ;2; ; ;1;2; ; ;1; ;12;937,303926737996
3366575;1;3;2;2;70; ;2; ; ;1;2; ; ;1; ;12;937,303926737996
3366576;1;1;1; ; ; ; ; ; ; ; ; ; ; ; ;12;772,433549538138
3366576;1;2;1; ; ; ; ; ; ; ; ; ; ; ; ;12;772,433549538138
3366577;1;1;2;2;05; ;2; ; ;1;2; ; ;1; ;12;1120,22954534453
3366577;1;2;1; ; ; ; ; ; ; ; ; ; ; ; ;12;1120,22954534453
3366578;1;1;1; ; ; ; ; ; ; ; ; ; ; ; ;12;1039,38306670021
3366578;1;2;1; ; ; ; ; ; ; ; ; ; ; ; ;12;1039,38306670021
3366578;1;3;1; ; ; ; ; ; ; ; ; ; ; ; ;12;1039,38306670021
3366578;1;4;1; ; ; ; ; ; ; ; ; ; ; ; ;12;1039,38306670021
3366578;1;5;1; ; ; ; ; ; ; ; ; ; ; ; ;12;1039,38306670021
3366578;1;6;1; ; ; ; ; ; ; ; ; ; ; ; ;12;1039,38306670021
3366579;1;1;2;2;47; ;3;44; ;1;2; ; ;1; ;12;817,440791549568
3366579;1;2;2;2;44; ;2; ; ;1;3;44; ;1; ;12;817,440791549568
3366579;1;3;2;2;44; ;3;44; ;1;2; ; ;1; ;12;817,440791549568
3366580;1;1;2;2;44; ;3;44; ;1;2; ; ;1; ;12;1153,83137315817
3366580;1;2;2;2;20; ;3;44; ;1;2; ; ;1; ;12;1153,83137315817
3366580;1;3;2;2;44; ;3;44; ;1;2; ; ;1; ;12;1153,83137315817
3366581;1;1;1; ; ; ; ; ; ; ; ; ; ; ; ;12;1111,07249386588
3366581;1;2;1; ; ; ; ; ; ; ; ; ; ; ; ;12;1111,07249386588
3366581;1;3;1; ; ; ; ; ; ; ; ; ; ; ; ;12;1111,07249386588
3366582;1;1;2;2;20; ;3;44; ;1;2; ; ;1;1;12;1639,4772981171
3366583;1;1;2;2;44; ;3;44; ;1;3;44; ;1;1;12;1425,64068916371
3366583;1;2;2;2;44; ;3;44; ;1;2; ; ;1;1;12;1425,64068916371
3366584;1;1;1; ; ; ; ; ; ; ; ; ; ; ; ;12;1925,81008657309
3366584;1;2;2;2;44; ;3;44; ;1;2; ; ;1;1;12;1925,81008657309
3366584;1;3;1; ; ; ; ; ; ; ; ; ; ; ; ;12;1925,81008657309
3366584;1;4;1; ; ; ; ; ; ; ; ; ; ; ; ;12;1925,81008657309
3366584;1;5;1; ; ; ; ; ; ; ; ; ; ; ; ;12;1925,81008657309
3366585;1;1;2;2;47; ;3;44; ;1;2; ; ;1;1;12;1511,36096137809
3366585;1;2;2;2;44; ;3;44; ;1;2; ; ;1;1;12;1511,36096137809
3366585;1;3;2;2;44; ;3;44; ;1;2; ; ;1;4;12;1511,36096137809
3366585;1;4;2;2;44; ;2; ; ;1;3;44; ;1;1;12;1511,36096137809
3366586;1;1;2;2;47; ;2; ; ;1;3;44; ;1;1;12;1745,33707827707
3366586;1;2;2;2;47; ;2; ; ;1;3;44; ;1;1;12;1745,33707827707
3366586;1;3;2;2;47; ;3;44; ;1;2; ; ;1;1;12;1745,33707827707
3366586;1;4;2;2;47; ;1; ; ; ;3;44; ;1;1;12;1745,33707827707
3366586;1;5;1; ; ; ; ; ; ; ; ; ; ; ; ;12;1745,33707827707
3366587;1;1;1; ; ; ; ; ; ; ; ; ; ; ; ;12;1460,83088422818
3366587;1;2;1; ; ; ; ; ; ; ; ; ; ; ; ;12;1460,83088422818
3366587;1;3;1; ; ; ; ; ; ; ; ; ; ; ; ;12;1460,83088422818
3366587;1;4;1; ; ; ; ; ; ; ; ; ; ; ; ;12;1460,83088422818
3366587;1;5;1; ; ; ; ; ; ; ; ; ; ; ; ;12;1460,83088422818
3366588;1;1;1; ; ; ; ; ; ; ; ; ; ; ; ;12;1784,321068164
3366588;1;2;2;2;44; ;2; ; ;1;2; ; ;1;1;12;1784,321068164
3366588;1;3;2;2;44; ;3;44; ;1;2; ; ;1;1;12;1784,321068164
3366588;1;4;1; ; ; ; ; ; ; ; ; ; ; ; ;12;1784,321068164
3366588;1;5;2;2;44; ;3;44; ;1;2; ; ;1;4;12;1784,321068164
3366588;1;6;2;2;44; ;3;44; ;1;2; ; ;1;1;12;1784,321068164
3366589;1;1;1; ; ; ; ; ; ; ; ; ; ; ; ;12;1711,69809465288
3366589;1;2;1; ; ; ; ; ; ; ; ; ; ; ; ;12;1711,69809465288
3366589;1;3;1; ; ; ; ; ; ; ; ; ; ; ; ;12;1711,69809465288
3366589;1;4;1; ; ; ; ; ; ; ; ; ; ; ; ;12;1711,69809465288
3366589;1;5;1; ; ; ; ; ; ; ; ; ; ; ; ;12;1711,69809465288
3366590;1;1;2;2;44; ;3;44; ;1;2; ; ;1; ;12;1345,4526441073
3366590;1;2;2;2;44; ;3;44; ;1;2; ; ;1; ;12;1345,4526441073
3366590;1;3;1; ; ; ; ; ; ; ; ; ; ; ; ;12;1345,4526441073
3366591;1;1;1; ; ; ; ; ; ; ; ; ; ; ; ;12;1384,06011890367
3366591;1;2;1; ; ; ; ; ; ; ; ; ; ; ; ;12;1384,06011890367
3366592;1;1;1; ; ; ; ; ; ; ; ; ; ; ; ;12;1962,76971596067
3366592;1;2;2;2;47; ;2; ; ;1;3;44; ;1;1;12;1962,76971596067
3366592;1;3;1; ; ; ; ; ; ; ; ; ; ; ; ;12;1962,76971596067
3366593;1;1;1; ; ; ; ; ; ; ; ; ; ; ; ;12;646,103974639087
3366593;1;2;1; ; ; ; ; ; ; ; ; ; ; ; ;12;646,103974639087
3366593;1;3;2;2;44; ;2; ; ;1;2; ; ;1; ;12;646,103974639087
3366593;1;4;2;2;20; ;3;44; ;1;2; ; ;1; ;12;646,103974639087
3366593;1;5;1; ; ; ; ; ; ; ; ; ; ; ; ;12;646,103974639087
3366593;1;6;1; ; ; ; ; ; ; ; ; ; ; ; ;12;646,103974639087
3366593;1;7;2;2;44; ;3;44; ;1;2; ; ;1; ;12;646,103974639087
3366594;1;1;1; ; ; ; ; ; ; ; ; ; ; ; ;12;1247,90465254743
3366594;1;2;1; ; ; ; ; ; ; ; ; ; ; ; ;12;1247,90465254743
3366594;1;3;1; ; ; ; ; ; ; ; ; ; ; ; ;12;1247,90465254743
3366594;1;4;1; ; ; ; ; ; ; ; ; ; ; ; ;12;1247,90465254743
3366594;1;5;1; ; ; ; ; ; ; ; ; ; ; ; ;12;1247,90465254743
3366594;1;6;1; ; ; ; ; ; ; ; ; ; ; ; ;12;1247,90465254743
3366594;1;7;2;2;44; ;3;44; ;1;2; ; ;1; ;12;1247,90465254743
3366594;1;8;1; ; ; ; ; ; ; ; ; ; ; ; ;12;1247,90465254743
3366595;1;1;2;2;44; ;3;44; ;1;2; ; ;1; ;12;1088,7054490633
3366596;1;1;2;2;44; ;3;44; ;1;2; ; ;1; ;12;937,303926737996
3366596;1;2;2;2;05; ;3;08; ;1;3;44; ;1; ;12;937,303926737996
3366596;1;3;1; ; ; ; ; ; ; ; ; ; ; ; ;12;937,303926737996
3366600;1;1;2;2;13; ;3;44; ;1;2; ; ;1; ;12;1088,7054490633
3366601;1;1;2;2;70; ;3;44; ;1;2; ; ;1; ;12;1088,7054490633
3366602;1;1;2;2;15; ;3;44; ;1;2; ; ;1; ;12;1088,7054490633
3366603;1;1;2;2;05; ;2; ; ;1;3;44; ;1; ;12;1187,65087410105
3366603;1;2;2;2;20; ;3;44; ;1;2; ; ;1; ;12;1187,65087410105
3366603;1;3;2;2;68; ;3;05; ;1;3;44; ;1; ;12;1187,65087410105
3366603;1;4;2;2;05; ;2; ; ;1;3;44; ;1; ;12;1187,65087410105
3366604;1;1;2;2;20; ;3;44; ;1;2; ; ;1; ;12;1440,24618418324
3366604;1;2;2;2;20; ;3;44; ;1;2; ; ;1; ;12;1440,24618418324
3366604;1;3;2;2;20; ;3;44; ;1;2; ; ;1; ;12;1440,24618418324
3366604;1;4;1; ; ; ; ; ; ; ; ; ; ; ; ;12;1440,24618418324
3366604;1;5;1; ; ; ; ; ; ; ; ; ; ; ; ;12;1440,24618418324
3366604;1;6;1; ; ; ; ; ; ; ; ; ; ; ; ;12;1440,24618418324
3366605;1;1;2;2;44; ;3;44; ;1;2; ; ;1; ;12;781,590601016789
3366606;1;1;1; ; ; ; ; ; ; ; ; ; ; ; ;12;1129,33469564916
3366606;1;2;2;2;05; ;3;44; ;1;2; ; ;1; ;12;1129,33469564916
3366606;1;3;1; ; ; ; ; ; ; ; ; ; ; ; ;12;1129,33469564916
3366606;1;4;1; ; ; ; ; ; ; ; ; ; ; ; ;12;1129,33469564916
3366607;1;1;1; ; ; ; ; ; ; ; ; ; ; ; ;12;556,709899850778
3366607;1;2;1; ; ; ; ; ; ; ; ; ; ; ; ;12;556,709899850778
3366607;1;3;2;2;44; ;3;44; ;1;2; ; ;1; ;12;556,709899850778
3366607;1;4;1; ; ; ; ; ; ; ; ; ; ; ; ;12;556,709899850778
3366607;1;5;2;2;44; ;3;44; ;1;2; ; ;1; ;12;556,709899850778
3366607;1;6;2;2;44; ;3;54; ;1;3;44; ;1; ;12;556,709899850778
3366607;1;7;2;2;20; ;3;54; ;1;3;44; ;1; ;12;556,709899850778
3366607;1;8;1; ; ; ; ; ; ; ; ; ; ; ; ;12;556,709899850778
3366608;1;1;2;2;44; ;3;13; ;1;3;44; ;1; ;12;1165,23678735596
3366608;1;2;2;2;13; ;3;13; ;1;3;44; ;1; ;12;1165,23678735596
3366608;1;3;2;2;13; ;1; ; ; ;3;44; ;1; ;12;1165,23678735596
3366609;1;1;1; ; ; ; ; ; ; ; ; ; ; ; ;12;1639,4772981171
3366610;1;1;1; ; ; ; ; ; ; ; ; ; ; ; ;12;1537,74298769039
3366610;1;2;2;1; ; ;2; ; ;2;2; ; ;1;1;12;1537,74298769039
3366610;1;3;1; ; ; ; ; ; ; ; ; ; ; ; ;12;1537,74298769039
3366611;1;1;1; ; ; ; ; ; ; ; ; ; ; ; ;12;967,162270164426
3366611;1;2;1; ; ; ; ; ; ; ; ; ; ; ; ;12;967,162270164426
3366612;1;1;2;2;20; ;2; ; ;2;2; ; ;2; ;12;1639,4772981171
3366613;1;1;1; ; ; ; ; ; ; ; ; ; ; ; ;12;1585,35119223698
3366613;1;2;1; ; ; ; ; ; ; ; ; ; ; ; ;12;1585,35119223698
3366613;1;3;1; ; ; ; ; ; ; ; ; ; ; ; ;12;1585,35119223698
3366614;1;1;1; ; ; ; ; ; ; ; ; ; ; ; ;12;1800,86454737938
3366614;1;2;1; ; ; ; ; ; ; ; ; ; ; ; ;12;1800,86454737938
3366614;1;3;1; ; ; ; ; ; ; ; ; ; ; ; ;12;1800,86454737938
3366614;1;4;1; ; ; ; ; ; ; ; ; ; ; ; ;12;1800,86454737938
3366614;1;5;1; ; ; ; ; ; ; ; ; ; ; ; ;12;1800,86454737938
3366614;1;6;1; ; ; ; ; ; ; ; ; ; ; ; ;12;1800,86454737938
3366614;1;7;1; ; ; ; ; ; ; ; ; ; ; ; ;12;1800,86454737938
3366614;1;8;1; ; ; ; ; ; ; ; ; ; ; ; ;12;1800,86454737938
3366614;1;9;1; ; ; ; ; ; ; ; ; ; ; ; ;12;1800,86454737938
3366615;1;1;1; ; ; ; ; ; ; ; ; ; ; ; ;12;2655,22498398837
3366615;1;2;1; ; ; ; ; ; ; ; ; ; ; ; ;12;2655,22498398837
3366615;1;3;1; ; ; ; ; ; ; ; ; ; ; ; ;12;2655,22498398837
3366615;1;4;1; ; ; ; ; ; ; ; ; ; ; ; ;12;2655,22498398837
3366615;1;5;1; ; ; ; ; ; ; ; ; ; ; ; ;12;2655,22498398837
3366615;1;6;1; ; ; ; ; ; ; ; ; ; ; ; ;12;2655,22498398837
3366615;1;7;1; ; ; ; ; ; ; ; ; ; ; ; ;12;2655,22498398837
3366615;1;8;1; ; ; ; ; ; ; ; ; ; ; ; ;12;2655,22498398837
3366615;1;9;1; ; ; ; ; ; ; ; ; ; ; ; ;12;2655,22498398837
3366616;1;1;1; ; ; ; ; ; ; ; ; ; ; ; ;12;1387,24803443687
3366617;1;1;1; ; ; ; ; ; ; ; ; ; ; ; ;12;1564,12501400268
3366617;1;2;1; ; ; ; ; ; ; ; ; ; ; ; ;12;1564,12501400268
3366618;1;1;1; ; ; ; ; ; ; ; ; ; ; ; ;12;1327,8176134153
3366618;1;2;1; ; ; ; ; ; ; ; ; ; ; ; ;12;1327,8176134153
3366618;1;3;1; ; ; ; ; ; ; ; ; ; ; ; ;12;1327,8176134153
3366619;1;1;1; ; ; ; ; ; ; ; ; ; ; ; ;12;1110,76429133415
3366619;1;2;1; ; ; ; ; ; ; ; ; ; ; ; ;12;1110,76429133415
3366619;1;3;1; ; ; ; ; ; ; ; ; ; ; ; ;12;1110,76429133415
3366619;1;4;1; ; ; ; ; ; ; ; ; ; ; ; ;12;1110,76429133415
3366620;1;1;1; ; ; ; ; ; ; ; ; ; ; ; ;12;989,178669087554
3366620;1;2;2;1; ; ;2; ; ;1;2; ; ;1; ;12;989,178669087554
3366621;1;1;1; ; ; ; ; ; ; ; ; ; ; ; ;12;1079,54839758465
3366621;1;2;1; ; ; ; ; ; ; ; ; ; ; ; ;12;1079,54839758465
3366622;1;1;2;2;47; ;3;20; ;1;2; ; ;1; ;12;1079,54839758465
3366622;1;2;2;2;20; ;3;20; ;1;2; ; ;1; ;12;1079,54839758465
3366627;1;1;2;2;20; ;3;44; ;1;2; ; ;1; ;12;1611,76638859198
3366627;1;2;2;2;20; ;3;44; ;1;2; ; ;1; ;12;1611,76638859198
3366627;1;3;2;2;20; ;3;44; ;1;2; ; ;1; ;12;1611,76638859198
3366627;1;4;2;2;20; ;3;44; ;1;2; ; ;1; ;12;1611,76638859198
3366627;1;5;2;2;20; ;3;44; ;1;2; ; ;1; ;12;1611,76638859198
3366628;1;1;2;2;44; ;3;44; ;1;2; ; ;1; ;12;1318,66056193665
3366628;1;2;2;2;20; ;3;44; ;1;2; ; ;1; ;12;1318,66056193665
3366628;1;3;2;2;44; ;3;44; ;1;2; ; ;1; ;12;1318,66056193665
3366628;1;4;2;2;44; ;1; ; ; ;2; ; ;1; ;12;1318,66056193665
3366629;1;1;2;2;44; ;2; ; ;1;2; ; ;1; ;12;993,498909817976
3366629;1;2;2;2;70; ;2; ; ;1;2; ; ;1; ;12;993,498909817976
3366629;1;3;1; ; ; ; ; ; ; ; ; ; ; ; ;12;993,498909817976
3366629;1;4;1; ; ; ; ; ; ; ; ; ; ; ; ;12;993,498909817976
3366630;1;1;1; ; ; ; ; ; ; ; ; ; ; ; ;12;1277,66535812391
3366630;1;2;1; ; ; ; ; ; ; ; ; ; ; ; ;12;1277,66535812391
3366630;1;3;1; ; ; ; ; ; ; ; ; ; ; ; ;12;1277,66535812391
3366630;1;4;1; ; ; ; ; ; ; ; ; ; ; ; ;12;1277,66535812391
3366630;1;5;1; ; ; ; ; ; ; ; ; ; ; ; ;12;1277,66535812391
3366630;1;6;1; ; ; ; ; ; ; ; ; ; ; ; ;12;1277,66535812391
3366631;1;1;2;2;44; ;2; ; ;1;2; ; ;1; ;12;1866,70900450985
3366631;1;2;1; ; ; ; ; ; ; ; ; ; ; ; ;12;1866,70900450985
3366631;1;3;1; ; ; ; ; ; ; ; ; ; ; ; ;12;1866,70900450985
3366631;1;4;1; ; ; ; ; ; ; ; ; ; ; ; ;12;1866,70900450985
3366632;1;1;2;2;05; ;3;05; ;1;2; ; ;1; ;12;1440,24618418324
3366632;1;2;2;2;05; ;3;05; ;1;2; ; ;1; ;12;1440,24618418324
3366632;1;3;1; ; ; ; ; ; ; ; ; ; ; ; ;12;1440,24618418324
3366632;1;4;1; ; ; ; ; ; ; ; ; ; ; ; ;12;1440,24618418324
3366632;1;5;1; ; ; ; ; ; ; ; ; ; ; ; ;12;1440,24618418324
3366632;1;6;1; ; ; ; ; ; ; ; ; ; ; ; ;12;1440,24618418324
3366633;1;1;1; ; ; ; ; ; ; ; ; ; ; ; ;12;639,486053828893
3366633;1;2;1; ; ; ; ; ; ; ; ; ; ; ; ;12;639,486053828893
3366633;1;3;1; ; ; ; ; ; ; ; ; ; ; ; ;12;639,486053828893
3366633;1;4;1; ; ; ; ; ; ; ; ; ; ; ; ;12;639,486053828893
3366633;1;5;1; ; ; ; ; ; ; ; ; ; ; ; ;12;639,486053828893
3366633;1;6;1; ; ; ; ; ; ; ; ; ; ; ; ;12;639,486053828893
3366634;1;1;2;2;23; ;3;23; ;1;2; ; ;1;1;12;1776,40180360829
3366634;1;2;2;2;23; ;3;23; ;1;3;23; ;1;1;12;1776,40180360829
3366635;1;1;2;2;25; ;2; ; ;1;2; ; ;1; ;12;2524,12933168662
3366635;1;2;2;2;68; ;2; ; ;1;2; ; ;1; ;12;2524,12933168662
3366636;1;1;2;2;70; ;2; ; ;1;2; ; ;1; ;12;2208,71956908364
3366636;1;2;1; ; ; ; ; ; ; ; ; ; ; ; ;12;2208,71956908364
3366637;1;1;2;2;17; ;2; ; ;1;2; ; ;1; ;12;2233,59418675394
3366637;1;2;2;2;17; ;2; ; ;1;2; ; ;1; ;12;2233,59418675394
3366637;1;3;2;2;17; ;2; ; ;1;2; ; ;1; ;12;2233,59418675394
3366637;1;4;1; ; ; ; ; ; ; ; ; ; ; ; ;12;2233,59418675394
3366638;1;1;2;2;54; ;2; ; ;1;2; ; ;1; ;12;2524,12933168662
3366638;1;2;2;2;54; ;2; ; ;1;2; ; ;1; ;12;2524,12933168662
3366639;1;1;2;2;25; ;2; ; ;1;2; ; ;1; ;12;2214,90866744453
3366639;1;2;1; ; ; ; ; ; ; ; ; ; ; ; ;12;2214,90866744453
3366639;1;3;1; ; ; ; ; ; ; ; ; ; ; ; ;12;2214,90866744453
3366639;1;4;1; ; ; ; ; ; ; ; ; ; ; ; ;12;2214,90866744453
3366639;1;5;1; ; ; ; ; ; ; ; ; ; ; ; ;12;2214,90866744453
3366639;1;6;1; ; ; ; ; ; ; ; ; ; ; ; ;12;2214,90866744453
3366639;1;7;2;2;23; ;2; ; ;1;2; ; ;1; ;12;2214,90866744453
3366640;1;1;2;2;68; ;3;68; ;2;2; ; ;1; ;12;2289,62400717581
3366640;1;2;2;2;15; ;2; ; ;1;2; ; ;1; ;12;2289,62400717581
3366640;1;3;1; ; ; ; ; ; ; ; ; ; ; ; ;12;2289,62400717581
3366640;1;4;2;2;15; ;3;15; ;2;2; ; ;1; ;12;2289,62400717581
3366641;1;1;1; ; ; ; ; ; ; ; ; ; ; ; ;12;2182,49717472181
3366641;1;2;1; ; ; ; ; ; ; ; ; ; ; ; ;12;2182,49717472181
3366641;1;3;1; ; ; ; ; ; ; ; ; ; ; ; ;12;2182,49717472181
3366641;1;4;2;2;97; ;2; ; ;1;2; ; ;1; ;12;2182,49717472181
3366641;1;5;2;2;17; ;2; ; ;1;2; ; ;1; ;12;2182,49717472181
3366641;1;6;2;2;73; ;2; ; ;1;2; ; ;1; ;12;2182,49717472181
3366641;1;7;1; ; ; ; ; ; ; ; ; ; ; ; ;12;2182,49717472181
3366642;1;1;2;2;50; ;2; ; ;1;2; ; ;1; ;12;2171,80865761455
3366642;1;2;1; ; ; ; ; ; ; ; ; ; ; ; ;12;2171,80865761455
3366642;1;3;1; ; ; ; ; ; ; ; ; ; ; ; ;12;2171,80865761455
3366642;1;4;1; ; ; ; ; ; ; ; ; ; ; ; ;12;2171,80865761455
3366642;1;5;1; ; ; ; ; ; ; ; ; ; ; ; ;12;2171,80865761455
3366642;1;6;1; ; ; ; ; ; ; ; ; ; ; ; ;12;2171,80865761455
3366645;1;1;2;2;44; ;2; ; ;1;2; ; ;1; ;12;2580,92380755152
3366645;1;2;1; ; ; ; ; ; ; ; ; ; ; ; ;12;2580,92380755152
3366645;1;3;1; ; ; ; ; ; ; ; ; ; ; ; ;12;2580,92380755152
3366645;1;4;1; ; ; ; ; ; ; ; ; ; ; ; ;12;2580,92380755152
3366647;1;1;2;2;73; ;2; ; ;1;2; ; ;1; ;12;2461,87828291325
3366648;1;1;2;1; ; ;2; ; ;1;2; ; ;1; ;12;2749,99362835042
3366648;1;2;2;2;08; ;2; ; ;1;2; ; ;1; ;12;2749,99362835042
3366648;1;3;2;2;25; ;2; ; ;1;2; ; ;1; ;12;2749,99362835042
3366648;1;4;2;2;25; ;2; ; ;1;2; ; ;1; ;12;2749,99362835042
3366649;1;1;2;2;15; ;2; ; ;1;2; ; ;1; ;12;3401,06750578624
3366649;1;2;1; ; ; ; ; ; ; ; ; ; ; ; ;12;3401,06750578624
3366649;1;3;1; ; ; ; ; ; ; ; ; ; ; ; ;12;3401,06750578624
3366649;1;4;1; ; ; ; ; ; ; ; ; ; ; ; ;12;3401,06750578624
3366649;1;5;1; ; ; ; ; ; ; ; ; ; ; ; ;12;3401,06750578624
3366649;1;6;1; ; ; ; ; ; ; ; ; ; ; ; ;12;3401,06750578624
3366649;1;7;1; ; ; ; ; ; ; ; ; ; ; ; ;12;3401,06750578624
3366649;1;8;1; ; ; ; ; ; ; ; ; ; ; ; ;12;3401,06750578624
3366649;1;9;1; ; ; ; ; ; ; ; ; ; ; ; ;12;3401,06750578624
3366650;1;1;2;2;25; ;2; ; ;1;2; ; ;1; ;12;3141,14785109403
3366650;1;2;2;2;25; ;2; ; ;1;2; ; ;1; ;12;3141,14785109403
3366650;1;3;2;2;25; ;2; ; ;1;2; ; ;1; ;12;3141,14785109403
3366650;1;4;1; ; ; ; ; ; ; ; ; ; ; ; ;12;3141,14785109403
3366651;1;1;2;2;68; ;2; ; ;1;2; ; ;1; ;12;2510,42626542773
3366651;1;2;2;1; ; ;2; ; ;1;4; ;2; ;1;12;2510,42626542773
3366652;1;1;1; ; ; ; ; ; ; ; ; ; ; ; ;12;2857,62010998856
3366652;1;2;2;2;73; ;2; ; ;1;2; ; ;1; ;12;2857,62010998856
3366652;1;3;1; ; ; ; ; ; ; ; ; ; ; ; ;12;2857,62010998856
3366653;1;1;2;2;25; ;2; ; ;1;2; ; ;1; ;12;2640,60327815044
3366653;1;2;2;2;68; ;2; ; ;1;2; ; ;1; ;12;2640,60327815044
3366653;1;3;1; ; ; ; ; ; ; ; ; ; ; ; ;12;2640,60327815044
3366653;1;4;2;2;68; ;2; ; ;1;2; ; ;1; ;12;2640,60327815044
3366654;1;1;1; ; ; ; ; ; ; ; ; ; ; ; ;12;2988,0156920491
3366654;1;2;1; ; ; ; ; ; ; ; ; ; ; ; ;12;2988,0156920491
3366654;1;3;1; ; ; ; ; ; ; ; ; ; ; ; ;12;2988,0156920491
3366654;1;4;1; ; ; ; ; ; ; ; ; ; ; ; ;12;2988,0156920491
3366654;1;5;1; ; ; ; ; ; ; ; ; ; ; ; ;12;2988,0156920491
3366655;1;1;2;2;15; ;3;15; ;1;3;15; ;1; ;12;2658,82867031012
3366655;1;2;2;2;68; ;2; ; ;1;2; ; ;1; ;12;2658,82867031012
3366655;1;3;1; ; ; ; ; ; ; ; ; ; ; ; ;12;2658,82867031012
3366656;1;1;1; ; ; ; ; ; ; ; ; ; ; ; ;12;2740,02332976513
3366656;1;2;2;2;73; ;2; ; ;1;2; ; ;1; ;12;2740,02332976513
3366656;1;3;2;1; ; ;2; ; ;1;2; ; ;1; ;12;2740,02332976513
3366656;1;4;1; ; ; ; ; ; ; ; ; ; ; ; ;12;2740,02332976513
3366656;1;5;1; ; ; ; ; ; ; ; ; ; ; ; ;12;2740,02332976513
3366657;1;1;1; ; ; ; ; ; ; ; ; ; ; ; ;12;2739,33286719921
3366657;1;2;1; ; ; ; ; ; ; ; ; ; ; ; ;12;2739,33286719921
3366657;1;3;1; ; ; ; ; ; ; ; ; ; ; ; ;12;2739,33286719921
3366657;1;4;1; ; ; ; ; ; ; ; ; ; ; ; ;12;2739,33286719921
3366657;1;5;1; ; ; ; ; ; ; ; ; ; ; ; ;12;2739,33286719921
3366658;1;1;2;2;70; ;2; ; ;1;2; ; ;1; ;12;2981,36646653848
3366658;1;2;1; ; ; ; ; ; ; ; ; ; ; ; ;12;2981,36646653848
3366659;1;1;2;2;25; ;2; ; ;1;2; ; ;1; ;12;2559,45728224636
3366659;1;2;2;1; ; ;2; ; ;1;2; ; ;1; ;12;2559,45728224636
3366659;1;3;2;1; ; ;2; ; ;1;2; ; ;1; ;12;2559,45728224636
3366659;2;1;2;2;15; ;3;15; ;1;2; ; ;1; ;12;2559,45728224636
3366660;1;1;2;2;25; ;2; ; ;1;2; ; ;1; ;12;2857,62010998856
3366660;1;2;2;2;25; ;2; ; ;1;2; ; ;1; ;12;2857,62010998856
3366660;2;1;2;2;25; ;2; ; ;1;2; ; ;1; ;12;2857,62010998856
3366661;1;1;2;2;15; ;2; ; ;1;2; ; ;1; ;12;2676,13865697195
3366661;1;2;2;2;15; ;2; ; ;1;2; ; ;1; ;12;2676,13865697195
3366661;1;3;2;2;15; ;2; ; ;1;2; ; ;1; ;12;2676,13865697195
3366661;1;4;2;2;15; ;2; ; ;1;2; ; ;1; ;12;2676,13865697195
3366661;1;5;2;2;15; ;2; ; ;1;2; ; ;1; ;12;2676,13865697195
3366663;1;1;2;1; ; ;2; ; ;1;2; ; ;1; ;12;2684,13565917411
3366664;1;1;2;2;76; ;2; ; ;1;2; ; ;1; ;12;2461,87828291325
3366665;1;1;2;2;73; ;2; ; ;1;2; ; ;1; ;12;2197,11564647854
3366665;1;2;2;2;73; ;2; ; ;1;2; ; ;1; ;12;2197,11564647854
3366665;1;3;1; ; ; ; ; ; ; ; ; ; ; ; ;12;2197,11564647854
3366665;1;4;1; ; ; ; ; ; ; ; ; ; ; ; ;12;2197,11564647854
3366666;1;1;2;2;17; ;2; ; ;1;2; ; ;1; ;12;2461,87828291325
3366667;1;1;1; ; ; ; ; ; ; ; ; ; ; ; ;12;2671,84127400309
3366667;1;2;1; ; ; ; ; ; ; ; ; ; ; ; ;12;2671,84127400309
3366667;1;3;1; ; ; ; ; ; ; ; ; ; ; ; ;12;2671,84127400309
3366668;1;1;2;2;15; ;2; ; ;1;2; ; ;1; ;12;2684,13565917411
3366670;1;1;2;2;44; ;2; ; ;1;2; ; ;1; ;12;2263,91677710875
3366670;1;2;1; ; ; ; ; ; ; ; ; ; ; ; ;12;2263,91677710875
3366670;1;3;1; ; ; ; ; ; ; ; ; ; ; ; ;12;2263,91677710875
3366670;1;4;1; ; ; ; ; ; ; ; ; ; ; ; ;12;2263,91677710875
3366670;1;5;1; ; ; ; ; ; ; ; ; ; ; ; ;12;2263,91677710875
3366670;1;6;2;2;19; ;3;41; ;2;2; ; ;2;4;12;2263,91677710875
3366671;1;1;2;2;25; ;2; ; ;1;2; ; ;1; ;12;3247,35927805019
3366671;1;2;1; ; ; ; ; ; ; ; ; ; ; ; ;12;3247,35927805019
3366671;1;3;1; ; ; ; ; ; ; ; ; ; ; ; ;12;3247,35927805019
3366671;1;4;1; ; ; ; ; ; ; ; ; ; ; ; ;12;3247,35927805019
3366672;1;1;2;2;25; ;2; ; ;1;2; ; ;1; ;12;2677,77228099175
3366672;1;2;1; ; ; ; ; ; ; ; ; ; ; ; ;12;2677,77228099175
3366672;1;3;1; ; ; ; ; ; ; ; ; ; ; ; ;12;2677,77228099175
3366672;1;4;1; ; ; ; ; ; ; ; ; ; ; ; ;12;2677,77228099175
3366673;1;1;1; ; ; ; ; ; ; ; ; ; ; ; ;12;3029,91444905296
3366673;1;2;2;1; ; ;2; ; ;1;2; ; ;1; ;12;3029,91444905296
3366673;1;3;1; ; ; ; ; ; ; ; ; ; ; ; ;12;3029,91444905296
3366674;1;1;2;2;47; ;2; ; ;1;2; ; ;1; ;12;2547,59526826904
3366674;2;1;2;2;20; ;3;15; ;1;3;20; ;1; ;12;2547,59526826904
3366675;1;1;2;2;25; ;2; ; ;1;2; ; ;1; ;12;2524,12933168662
3366675;1;2;2;2;73; ;2; ; ;1;2; ; ;1; ;12;2524,12933168662
3366676;1;1;1; ; ; ; ; ; ; ; ; ; ; ; ;12;2950,12847068583
3366676;1;2;2;2;15; ;2; ; ;1;2; ; ;1; ;12;2950,12847068583
3366676;1;3;1; ; ; ; ; ; ; ; ; ; ; ; ;12;2950,12847068583
3366677;1;1;2;2;15; ;2; ; ;1;2; ; ;1; ;12;1707,99649012919
3366677;1;2;2;2;15; ;2; ; ;1;2; ; ;1; ;12;1707,99649012919
3366677;1;3;2;1; ; ;2; ; ;1;2; ; ;1; ;12;1707,99649012919
3366677;1;4;1; ; ; ; ; ; ; ; ; ; ; ; ;12;1707,99649012919
3366677;1;5;1; ; ; ; ; ; ; ; ; ; ; ; ;12;1707,99649012919
3366678;1;1;2;2;68; ;2; ; ;1;2; ; ;1; ;12;2715,14871209483
3366678;1;2;2;2;25; ;2; ; ;1;2; ; ;1; ;12;2715,14871209483
3366678;1;3;1; ; ; ; ; ; ; ; ; ; ; ; ;12;2715,14871209483
3366679;1;1;2;2;68; ;2; ; ;1;2; ; ;1; ;12;2066,24817118992
3366679;1;2;1; ; ; ; ; ; ; ; ; ; ; ; ;12;2066,24817118992
3366680;1;1;2;2;15; ;2; ; ;1;2; ; ;1; ;12;2177,48157323099
3366680;1;2;2;2;15; ;2; ; ;1;2; ; ;1; ;12;2177,48157323099
3366680;1;3;1; ; ; ; ; ; ; ; ; ; ; ; ;12;2177,48157323099
3366681;1;1;1; ; ; ; ; ; ; ; ; ; ; ; ;12;2066,24817118992
3366681;2;1;2;2;15; ;2; ; ;1;2; ; ;1; ;12;2066,24817118992
3366682;1;1;1; ; ; ; ; ; ; ; ; ; ; ; ;12;2461,87828291325
3366683;1;1;2;2;25; ;2; ; ;1;2; ; ;1; ;12;2524,12933168662
3366683;1;2;2;2;68; ;2; ; ;1;2; ; ;1; ;12;2524,12933168662
3366684;1;1;2;2;70; ;3;70; ;1;2; ; ;1; ;12;2474,71238059536
3366684;1;2;2;2;70; ;3;70; ;1;2; ; ;1; ;12;2474,71238059536
3366684;1;3;2;2;25; ;2; ; ;1;2; ; ;1; ;12;2474,71238059536
3366684;1;4;1; ; ; ; ; ; ; ; ; ; ; ; ;12;2474,71238059536
3366685;1;1;1; ; ; ; ; ; ; ; ; ; ; ; ;12;2492,89133583397
3366685;1;2;2;2;25; ;2; ; ;1;2; ; ;1; ;12;2492,89133583397
3366685;1;3;2;2;25; ;2; ; ;1;2; ; ;1; ;12;2492,89133583397
3366686;1;1;1; ; ; ; ; ; ; ; ; ; ; ; ;12;2499,04728575456
3366687;1;1;2;1; ; ;2; ; ;1;2; ; ;1; ;12;2664,75967729878
3366687;1;2;1; ; ; ; ; ; ; ; ; ; ; ; ;12;2664,75967729878
3366687;1;3;1; ; ; ; ; ; ; ; ; ; ; ; ;12;2664,75967729878
3366687;1;4;1; ; ; ; ; ; ; ; ; ; ; ; ;12;2664,75967729878
3366688;1;1;2;1; ; ;2; ; ;1;2; ; ;1; ;12;2950,12847068583
3366688;1;2;2;2;25; ;2; ; ;1;2; ; ;1; ;12;2950,12847068583
3366688;1;3;1; ; ; ; ; ; ; ; ; ; ; ; ;12;2950,12847068583
3366690;1;1;2;2;68; ;2; ; ;1;2; ; ;1; ;12;2524,12933168662
3366690;1;2;2;2;68; ;2; ; ;1;2; ; ;1; ;12;2524,12933168662
3366691;1;1;1; ; ; ; ; ; ; ; ; ; ; ; ;12;2969,07208136746
3366691;1;2;2;1; ; ;2; ; ;1;2; ; ;1; ;12;2969,07208136746
3366691;1;3;1; ; ; ; ; ; ; ; ; ; ; ; ;12;2969,07208136746
3366691;1;4;1; ; ; ; ; ; ; ; ; ; ; ; ;12;2969,07208136746
3366692;1;1;2;2;05; ;2; ; ;1;2; ; ;1; ;12;2430,64028706059
3366692;1;2;2;2;05; ;3;05; ;1;2; ; ;1; ;12;2430,64028706059
3366693;1;1;2;2;17; ;2; ; ;1;2; ; ;1; ;12;2475,58134917214
3366694;1;1;1; ; ; ; ; ; ; ; ; ; ; ; ;12;2950,12847068583
3366694;1;2;1; ; ; ; ; ; ; ; ; ; ; ; ;12;2950,12847068583
3366694;1;3;1; ; ; ; ; ; ; ; ; ; ; ; ;12;2950,12847068583
3366695;1;1;2;2;15; ;2; ; ;1;2; ; ;1; ;12;2516,35727241639
3366695;1;2;2;2;15; ;2; ; ;1;2; ; ;1; ;12;2516,35727241639
3366695;1;3;1; ; ; ; ; ; ; ; ; ; ; ; ;12;2516,35727241639
3366696;1;1;2;2;25; ;2; ; ;1;2; ; ;1; ;12;1917,95948121903
3366696;1;2;2;2;15; ;2; ; ;1;2; ; ;1; ;12;1917,95948121903
3366696;1;3;2;1; ; ;2; ; ;1;2; ; ;1; ;12;1917,95948121903
3366696;1;4;1; ; ; ; ; ; ; ; ; ; ; ; ;12;1917,95948121903
3366696;1;5;1; ; ; ; ; ; ; ; ; ; ; ; ;12;1917,95948121903
3366696;1;6;1; ; ; ; ; ; ; ; ; ; ; ; ;12;1917,95948121903
3366696;1;7;1; ; ; ; ; ; ; ; ; ; ; ; ;12;1917,95948121903
3366697;1;1;2;2;15; ;2; ; ;1;2; ; ;1; ;12;3345,87029776113
3366697;1;2;2;2;50; ;2; ; ;1;2; ; ;1; ;12;3345,87029776113
3366697;1;3;1; ; ; ; ; ; ; ; ; ; ; ; ;12;3345,87029776113
3366697;1;4;1; ; ; ; ; ; ; ; ; ; ; ; ;12;3345,87029776113
3366697;1;5;1; ; ; ; ; ; ; ; ; ; ; ; ;12;3345,87029776113
3366698;1;1;1; ; ; ; ; ; ; ; ; ; ; ; ;12;2524,12933168662
3366698;1;2;1; ; ; ; ; ; ; ; ; ; ; ; ;12;2524,12933168662
3366699;1;1;1; ; ; ; ; ; ; ; ; ; ; ; ;12;2461,87828291325
3366700;1;1;1; ; ; ; ; ; ; ; ; ; ; ; ;12;2239,73262200436
3366700;1;2;2;2;73; ;2; ; ;1;2; ; ;1; ;12;2239,73262200436
3366700;1;3;1; ; ; ; ; ; ; ; ; ; ; ; ;12;2239,73262200436
3366700;1;4;1; ; ; ; ; ; ; ; ; ; ; ; ;12;2239,73262200436
3366701;1;1;1; ; ; ; ; ; ; ; ; ; ; ; ;12;2677,77228099175
3366701;1;2;1; ; ; ; ; ; ; ; ; ; ; ; ;12;2677,77228099175
3366701;1;3;1; ; ; ; ; ; ; ; ; ; ; ; ;12;2677,77228099175
3366701;1;4;1; ; ; ; ; ; ; ; ; ; ; ; ;12;2677,77228099175
3366702;1;1;2;2;68; ;2; ; ;1;2; ; ;1; ;12;2658,82867031012
3366702;1;2;2;2;23; ;3;23; ;1;2; ; ;1; ;12;2658,82867031012
3366702;1;3;2;2;11; ;3;23; ;2;3;23; ;2;3;12;2658,82867031012
3366703;1;1;1; ; ; ; ; ; ; ; ; ; ; ; ;12;2461,87828291325
3366704;1;1;2;1; ; ;2; ; ;1;2; ; ;1; ;12;2042,57480634573
3366704;1;2;2;1; ; ;2; ; ;1;2; ; ;1; ;12;2042,57480634573
3366704;1;3;1; ; ; ; ; ; ; ; ; ; ; ; ;12;2042,57480634573
3366705;1;1;2;2;25; ;2; ; ;1;2; ; ;1; ;12;2208,71956908364
3366705;1;2;1; ; ; ; ; ; ; ; ; ; ; ; ;12;2208,71956908364
3366706;1;1;2;2;15; ;2; ; ;1;2; ; ;1; ;12;2684,13565917411
3366707;1;1;1; ; ; ; ; ; ; ; ; ; ; ; ;12;2658,82867031012
3366707;1;2;2;2;68; ;2; ; ;1;2; ; ;1; ;12;2658,82867031012
3366707;1;3;1; ; ; ; ; ; ; ; ; ; ; ; ;12;2658,82867031012
3366708;1;1;1; ; ; ; ; ; ; ; ; ; ; ; ;12;2677,77228099175
3366708;1;2;1; ; ; ; ; ; ; ; ; ; ; ; ;12;2677,77228099175
3366708;1;3;1; ; ; ; ; ; ; ; ; ; ; ; ;12;2677,77228099175
3366708;1;4;1; ; ; ; ; ; ; ; ; ; ; ; ;12;2677,77228099175
3366709;1;1;1; ; ; ; ; ; ; ; ; ; ; ; ;12;2231,96056273414
3366709;1;2;1; ; ; ; ; ; ; ; ; ; ; ; ;12;2231,96056273414
3366709;1;3;1; ; ; ; ; ; ; ; ; ; ; ; ;12;2231,96056273414
3366709;1;4;1; ; ; ; ; ; ; ; ; ; ; ; ;12;2231,96056273414
3366709;1;5;1; ; ; ; ; ; ; ; ; ; ; ; ;12;2231,96056273414
3366710;1;1;2;2;63; ;2; ; ;1;2; ; ;1; ;12;1246,55813938295
3366710;1;2;1; ; ; ; ; ; ; ; ; ; ; ; ;12;1246,55813938295
3366710;1;3;1; ; ; ; ; ; ; ; ; ; ; ; ;12;1246,55813938295
3366710;1;4;1; ; ; ; ; ; ; ; ; ; ; ; ;12;1246,55813938295
3366710;1;5;1; ; ; ; ; ; ; ; ; ; ; ; ;12;1246,55813938295
3366711;1;1;1; ; ; ; ; ; ; ; ; ; ; ; ;12;2208,71956908364
3366711;1;2;1; ; ; ; ; ; ; ; ; ; ; ; ;12;2208,71956908364
3366712;1;1;2;2;25; ;2; ; ;1;2; ; ;1; ;12;2461,87828291325
3366713;1;1;1; ; ; ; ; ; ; ; ; ; ; ; ;12;2183,41258021965
3366713;1;2;2;2;50; ;2; ; ;1;2; ; ;1; ;12;2183,41258021965
3366713;1;3;1; ; ; ; ; ; ; ; ; ; ; ; ;12;2183,41258021965
3366713;1;4;1; ; ; ; ; ; ; ; ; ; ; ; ;12;2183,41258021965
3366714;1;1;1; ; ; ; ; ; ; ; ; ; ; ; ;12;2862,8606544113
3366714;1;2;1; ; ; ; ; ; ; ; ; ; ; ; ;12;2862,8606544113
3366714;1;3;1; ; ; ; ; ; ; ; ; ; ; ; ;12;2862,8606544113
3366714;1;4;2;2;73; ;2; ; ;1;2; ; ;1; ;12;2862,8606544113
3366715;1;1;2;1; ; ;2; ; ;1;2; ; ;1; ;12;2524,12933168662
3366715;1;2;1; ; ; ; ; ; ; ; ; ; ; ; ;12;2524,12933168662
3366716;1;1;1; ; ; ; ; ; ; ; ; ; ; ; ;12;2023,6311956641
3366716;1;2;2;2;15; ;2; ; ;1;2; ; ;1; ;12;2023,6311956641
3366718;1;1;2;2;15; ;2; ; ;1;2; ; ;1; ;12;2652,89766332146
3366718;1;2;2;2;25; ;2; ; ;1;2; ; ;1; ;12;2652,89766332146
3366721;1;1;2;2;25; ;2; ; ;1;2; ; ;1; ;12;2969,07208136746
3366721;1;2;1; ; ; ; ; ; ; ; ; ; ; ; ;12;2969,07208136746
3366721;1;3;1; ; ; ; ; ; ; ; ; ; ; ; ;12;2969,07208136746
3366721;1;4;1; ; ; ; ; ; ; ; ; ; ; ; ;12;2969,07208136746
3366722;1;1;1; ; ; ; ; ; ; ; ; ; ; ; ;12;2183,41258021965
3366722;1;2;1; ; ; ; ; ; ; ; ; ; ; ; ;12;2183,41258021965
3366722;1;3;1; ; ; ; ; ; ; ; ; ; ; ; ;12;2183,41258021965
3366722;1;4;1; ; ; ; ; ; ; ; ; ; ; ; ;12;2183,41258021965
3366723;1;1;1; ; ; ; ; ; ; ; ; ; ; ; ;12;2475,58134917214
3366724;1;1;1; ; ; ; ; ; ; ; ; ; ; ; ;12;1986,46219282278
3366724;1;2;1; ; ; ; ; ; ; ; ; ; ; ; ;12;1986,46219282278
3366725;1;1;1; ; ; ; ; ; ; ; ; ; ; ; ;12;2677,77228099175
3366725;1;2;1; ; ; ; ; ; ; ; ; ; ; ; ;12;2677,77228099175
3366725;1;3;1; ; ; ; ; ; ; ; ; ; ; ; ;12;2677,77228099175
3366725;1;4;1; ; ; ; ; ; ; ; ; ; ; ; ;12;2677,77228099175
3366726;1;1;2;2;70; ;2; ; ;1;2; ; ;1; ;12;3259,22129202752
3366726;1;2;2;2;70; ;3;70; ;1;2; ; ;1; ;12;3259,22129202752
3366726;1;3;2;2;70; ;3;70; ;1;2; ; ;1; ;12;3259,22129202752
3366726;1;4;2;2;08; ;3;70; ;1;2; ; ;1; ;12;3259,22129202752
3366726;1;5;1; ; ; ; ; ; ; ; ; ; ; ; ;12;3259,22129202752
3366726;1;6;1; ; ; ; ; ; ; ; ; ; ; ; ;12;3259,22129202752
3366727;1;1;2;2;23; ;2; ; ;1;2; ; ;1; ;12;2844,60113270148
3366727;1;2;2;2;23; ;2; ; ;1;2; ; ;1; ;12;2844,60113270148
3366727;1;3;1; ; ; ; ; ; ; ; ; ; ; ; ;12;2844,60113270148
3366727;1;4;2;2;23; ;3;15; ;1;2; ; ;1; ;12;2844,60113270148
3366727;1;5;2;2;15; ;2; ; ;1;2; ; ;1; ;12;2844,60113270148
3366727;1;6;1; ; ; ; ; ; ; ; ; ; ; ; ;12;2844,60113270148
3366728;1;1;2;1; ; ;2; ; ;1;2; ; ;1; ;12;2191,18463948988
3366728;1;2;1; ; ; ; ; ; ; ; ; ; ; ; ;12;2191,18463948988
3366728;1;3;1; ; ; ; ; ; ; ; ; ; ; ; ;12;2191,18463948988
3366729;1;1;2;2;50; ;2; ; ;1;2; ; ;1; ;12;2474,71238059536
3366729;1;2;1; ; ; ; ; ; ; ; ; ; ; ; ;12;2474,71238059536
3366729;1;3;1; ; ; ; ; ; ; ; ; ; ; ; ;12;2474,71238059536
3366729;1;4;1; ; ; ; ; ; ; ; ; ; ; ; ;12;2474,71238059536
3366730;1;1;2;2;17; ;3;73; ;2;2; ; ;1; ;12;2023,6311956641
3366730;1;2;2;1; ; ;3;50; ;1;2; ; ;1; ;12;2023,6311956641
3366731;1;1;1; ; ; ; ; ; ; ; ; ; ; ; ;12;2189,34358720831
3366731;1;2;1; ; ; ; ; ; ; ; ; ; ; ; ;12;2189,34358720831
3366731;1;3;1; ; ; ; ; ; ; ; ; ; ; ; ;12;2189,34358720831
3366731;1;4;1; ; ; ; ; ; ; ; ; ; ; ; ;12;2189,34358720831
3366731;1;5;1; ; ; ; ; ; ; ; ; ; ; ; ;12;2189,34358720831
3366732;1;1;2;2;76; ;2; ; ;1;2; ; ;1; ;12;2862,8606544113
3366732;1;2;2;2;41; ;2; ; ;1;2; ; ;1; ;12;2862,8606544113
3366732;1;3;1; ; ; ; ; ; ; ; ; ; ; ; ;12;2862,8606544113
3366732;1;4;1; ; ; ; ; ; ; ; ; ; ; ; ;12;2862,8606544113
3366733;1;1;2;2;25; ;2; ; ;1;2; ; ;1; ;12;2683,91071624218
3366733;1;2;1; ; ; ; ; ; ; ; ; ; ; ; ;12;2683,91071624218
3366733;1;3;1; ; ; ; ; ; ; ; ; ; ; ; ;12;2683,91071624218
3366733;1;4;1; ; ; ; ; ; ; ; ; ; ; ; ;12;2683,91071624218
3366734;1;1;2;2;25; ;2; ; ;1;2; ; ;1; ;12;2163,34413621888
3366734;1;2;2;2;25; ;2; ; ;1;2; ; ;1; ;12;2163,34413621888
3366734;1;3;1; ; ; ; ; ; ; ; ; ; ; ; ;12;2163,34413621888
3366734;1;4;2;2;25; ;2; ; ;1;2; ; ;1; ;12;2163,34413621888
3366735;1;1;1; ; ; ; ; ; ; ; ; ; ; ; ;12;2227,66317976528
3366735;1;2;1; ; ; ; ; ; ; ; ; ; ; ; ;12;2227,66317976528
3366735;1;3;1; ; ; ; ; ; ; ; ; ; ; ; ;12;2227,66317976528
3366736;1;1;1; ; ; ; ; ; ; ; ; ; ; ; ;12;2658,82867031012
3366736;1;2;1; ; ; ; ; ; ; ; ; ; ; ; ;12;2658,82867031012
3366736;1;3;1; ; ; ; ; ; ; ; ; ; ; ; ;12;2658,82867031012
3366737;1;1;2;2;08; ;2; ; ;1;2; ; ;1; ;12;2671,84127400309
3366737;1;2;2;2;68; ;3;85; ;1;2; ; ;1; ;12;2671,84127400309
3366737;1;3;1; ; ; ; ; ; ; ; ; ; ; ; ;12;2671,84127400309
3366738;1;1;2;1; ; ;2; ; ;1;2; ; ;1; ;12;2524,12933168662
3366738;1;2;2;2;25; ;2; ; ;1;2; ; ;1; ;12;2524,12933168662
3366739;1;1;1; ; ; ; ; ; ; ; ; ; ; ; ;12;2671,84127400309
3366739;1;2;1; ; ; ; ; ; ; ; ; ; ; ; ;12;2671,84127400309
3366739;1;3;1; ; ; ; ; ; ; ; ; ; ; ; ;12;2671,84127400309
3366740;1;1;1; ; ; ; ; ; ; ; ; ; ; ; ;12;2023,6311956641
3366740;1;2;1; ; ; ; ; ; ; ; ; ; ; ; ;12;2023,6311956641
3366741;1;1;1; ; ; ; ; ; ; ; ; ; ; ; ;12;2652,89766332146
3366741;1;2;1; ; ; ; ; ; ; ; ; ; ; ; ;12;2652,89766332146
3366742;1;1;2;2;73; ;3;73; ;1;2; ; ;1; ;12;3266,30288873183
3366742;1;2;2;2;73; ;3;73; ;1;2; ; ;1; ;12;3266,30288873183
3366742;1;3;2;2;73; ;3;73; ;1;2; ; ;1; ;12;3266,30288873183
3366742;1;4;2;2;73; ;3;73; ;1;2; ; ;1; ;12;3266,30288873183
3366742;1;5;1; ; ; ; ; ; ; ; ; ; ; ; ;12;3266,30288873183
3366743;1;1;2;2;15; ;2; ; ;1;2; ; ;1; ;12;2072,89739670054
3366743;1;2;2;2;15; ;2; ; ;1;2; ; ;1; ;12;2072,89739670054
3366743;1;3;2;2;15; ;2; ; ;1;2; ; ;1; ;12;2072,89739670054
3366743;1;4;1; ; ; ; ; ; ; ; ; ; ; ; ;12;2072,89739670054
3366743;1;5;2;2;15; ;2; ; ;1;2; ; ;1; ;12;2072,89739670054
3366744;1;1;2;2;25; ;2; ; ;1;2; ; ;1; ;12;3142,55653218191
3366744;1;2;2;2;54; ;2; ; ;1;2; ; ;1; ;12;3142,55653218191
3366744;1;3;1; ; ; ; ; ; ; ; ; ; ; ; ;12;3142,55653218191
3366744;1;4;1; ; ; ; ; ; ; ; ; ; ; ; ;12;3142,55653218191
3366744;1;5;1; ; ; ; ; ; ; ; ; ; ; ; ;12;3142,55653218191
3366744;1;6;1; ; ; ; ; ; ; ; ; ; ; ; ;12;3142,55653218191
3366745;1;1;1; ; ; ; ; ; ; ; ; ; ; ; ;12;2900,02965725262
3366745;1;2;1; ; ; ; ; ; ; ; ; ; ; ; ;12;2900,02965725262
3366745;1;3;1; ; ; ; ; ; ; ; ; ; ; ; ;12;2900,02965725262
3366745;1;4;1; ; ; ; ; ; ; ; ; ; ; ; ;12;2900,02965725262
3366746;1;1;2;1; ; ;2; ; ;1;2; ; ;1; ;12;2005,40580350442
3366746;1;2;1; ; ; ; ; ; ; ; ; ; ; ; ;12;2005,40580350442
3366746;1;3;1; ; ; ; ; ; ; ; ; ; ; ; ;12;2005,40580350442
3366747;1;1;1; ; ; ; ; ; ; ; ; ; ; ; ;12;2541,66426128038
3366750;1;1;2;1; ; ;2; ; ;1;3;25; ;1; ;12;2580,92380755152
3366750;1;2;2;1; ; ;2; ; ;1;3;25; ;1; ;12;2580,92380755152
3366750;1;3;2;1; ; ;2; ; ;1;3;25; ;1; ;12;2580,92380755152
3366750;1;4;2;1; ; ;1; ; ; ;3;25; ;1; ;12;2580,92380755152
3366752;1;1;2;2;25; ;2; ; ;1;2; ; ;1; ;12;2652,89766332146
3366752;1;2;1; ; ; ; ; ; ; ; ; ; ; ; ;12;2652,89766332146
3366753;1;1;1; ; ; ; ; ; ; ; ; ; ; ; ;12;2023,6311956641
3366753;1;2;1; ; ; ; ; ; ; ; ; ; ; ; ;12;2023,6311956641
3366754;1;1;1; ; ; ; ; ; ; ; ; ; ; ; ;12;2684,13565917411
3366755;1;1;2;1; ; ;2; ; ;1;2; ; ;1; ;12;2458,04641957837
3366755;1;2;1; ; ; ; ; ; ; ; ; ; ; ; ;12;2458,04641957837
3366756;1;1;2;2;73; ;2; ; ;1;2; ; ;1; ;12;1758,17809666348
3366756;1;2;1; ; ; ; ; ; ; ; ; ; ; ; ;12;1758,17809666348
3366756;1;3;2;2;73; ;2; ; ;1;2; ; ;1; ;12;1758,17809666348
3366756;1;4;2;2;50; ;2; ; ;1;2; ; ;1; ;12;1758,17809666348
3366756;1;5;2;2;73; ;2; ; ;1;2; ; ;1; ;12;1758,17809666348
3366757;1;1;2;1; ; ;2; ; ;1;2; ; ;1; ;12;2671,84127400309
3366757;1;2;2;1; ; ;2; ; ;1;2; ; ;1; ;12;2671,84127400309
3366757;1;3;1; ; ; ; ; ; ; ; ; ; ; ; ;12;2671,84127400309
3366758;1;1;2;2;15; ;2; ; ;1;2; ; ;1; ;12;2988,0156920491
3366758;1;2;1; ; ; ; ; ; ; ; ; ; ; ; ;12;2988,0156920491
3366758;1;3;1; ; ; ; ; ; ; ; ; ; ; ; ;12;2988,0156920491
3366758;1;4;1; ; ; ; ; ; ; ; ; ; ; ; ;12;2988,0156920491
3366758;1;5;1; ; ; ; ; ; ; ; ; ; ; ; ;12;2988,0156920491
3366759;1;1;1; ; ; ; ; ; ; ; ; ; ; ; ;12;2722,02288053738
3366759;1;2;1; ; ; ; ; ; ; ; ; ; ; ; ;12;2722,02288053738
3366759;1;3;1; ; ; ; ; ; ; ; ; ; ; ; ;12;2722,02288053738
3366760;1;1;1; ; ; ; ; ; ; ; ; ; ; ; ;12;2950,12847068583
3366760;1;2;1; ; ; ; ; ; ; ; ; ; ; ; ;12;2950,12847068583
3366760;1;3;1; ; ; ; ; ; ; ; ; ; ; ; ;12;2950,12847068583
3366761;1;1;2;2;50; ;2; ; ;1;2; ; ;1; ;12;2671,84127400309
3366761;1;2;2;2;25; ;2; ; ;1;2; ; ;1; ;12;2671,84127400309
3366761;1;3;1; ; ; ; ; ; ; ; ; ; ; ; ;12;2671,84127400309
3366762;1;1;2;2;25; ;2; ; ;1;2; ; ;1; ;12;2505,3521276951
3366762;1;2;2;2;15; ;2; ; ;1;2; ; ;1; ;12;2505,3521276951
3366762;1;3;1; ; ; ; ; ; ; ; ; ; ; ; ;12;2505,3521276951
3366762;1;4;1; ; ; ; ; ; ; ; ; ; ; ; ;12;2505,3521276951
3366763;1;1;1; ; ; ; ; ; ; ; ; ; ; ; ;12;2202,35619090129
3366763;1;2;2;2;68; ;2; ; ;1;2; ; ;1; ;12;2202,35619090129
3366763;1;3;1; ; ; ; ; ; ; ; ; ; ; ; ;12;2202,35619090129
3366763;1;4;1; ; ; ; ; ; ; ; ; ; ; ; ;12;2202,35619090129
3366763;1;5;1; ; ; ; ; ; ; ; ; ; ; ; ;12;2202,35619090129
3366764;1;1;1; ; ; ; ; ; ; ; ; ; ; ; ;12;2950,12847068583
3366764;1;2;1; ; ; ; ; ; ; ; ; ; ; ; ;12;2950,12847068583
3366764;1;3;1; ; ; ; ; ; ; ; ; ; ; ; ;12;2950,12847068583
3366765;1;1;2;2;68; ;2; ; ;1;2; ; ;1; ;12;2474,71238059536
3366765;1;2;1; ; ; ; ; ; ; ; ; ; ; ; ;12;2474,71238059536
3366765;1;3;2;2;73; ;2; ; ;1;2; ; ;1; ;12;2474,71238059536
3366765;1;4;1; ; ; ; ; ; ; ; ; ; ; ; ;12;2474,71238059536
3366766;1;1;1; ; ; ; ; ; ; ; ; ; ; ; ;12;2690,78488468473
3366766;1;2;1; ; ; ; ; ; ; ; ; ; ; ; ;12;2690,78488468473
3366766;1;3;1; ; ; ; ; ; ; ; ; ; ; ; ;12;2690,78488468473
3366766;1;4;1; ; ; ; ; ; ; ; ; ; ; ; ;12;2690,78488468473
3366767;1;1;1; ; ; ; ; ; ; ; ; ; ; ; ;12;2239,5251937426
3366767;1;2;1; ; ; ; ; ; ; ; ; ; ; ; ;12;2239,5251937426
3366767;1;3;1; ; ; ; ; ; ; ; ; ; ; ; ;12;2239,5251937426
3366767;1;4;1; ; ; ; ; ; ; ; ; ; ; ; ;12;2239,5251937426
3366767;1;5;1; ; ; ; ; ; ; ; ; ; ; ; ;12;2239,5251937426
3366768;1;1;2;2;15; ;2; ; ;1;2; ; ;1; ;12;2183,41258021965
3366768;1;2;2;2;15; ;2; ; ;1;2; ; ;1; ;12;2183,41258021965
3366768;1;3;2;2;15; ;2; ; ;1;2; ; ;1; ;12;2183,41258021965
3366768;1;4;2;2;15; ;2; ; ;1;2; ; ;1; ;12;2183,41258021965
3366769;1;1;2;2;73; ;3;25; ;1;3;25; ;1; ;12;2302,63661086879
3366769;1;2;2;1; ; ;3;25; ;1;2; ; ;1; ;12;2302,63661086879
3366769;1;3;2;1; ; ;3;25; ;1;2; ; ;1; ;12;2302,63661086879
3366769;1;4;2;1; ; ;1; ; ; ;2; ; ;1; ;12;2302,63661086879
3366770;1;1;2;2;15; ;2; ; ;1;2; ; ;1; ;12;2048,86265065693
3366770;1;2;2;2;15; ;2; ; ;1;2; ; ;1; ;12;2048,86265065693
3366770;1;3;1; ; ; ; ; ; ; ; ; ; ; ; ;12;2048,86265065693
3366770;1;4;2;2;15; ;3;15; ;2;3;85; ;1; ;12;2048,86265065693
3366771;1;1;2;2;27; ;2; ; ;1;2; ; ;1; ;12;2671,84127400309
3366771;1;2;2;2;27; ;3;27; ;1;2; ; ;1; ;12;2671,84127400309
3366771;1;3;2;2;27; ;1; ; ; ;2; ; ;1; ;12;2671,84127400309
3366772;1;1;1; ; ; ; ; ; ; ; ; ; ; ; ;12;2320,86200302846
3366772;1;2;1; ; ; ; ; ; ; ; ; ; ; ; ;12;2320,86200302846
3366772;1;3;1; ; ; ; ; ; ; ; ; ; ; ; ;12;2320,86200302846
3366773;1;1;2;2;73; ;3;95; ;1;2; ; ;1; ;12;2283,69300018715
3366773;1;2;2;2;50; ;3;95; ;1;2; ; ;1; ;12;2283,69300018715
3366773;1;3;1; ; ; ; ; ; ; ; ; ; ; ; ;12;2283,69300018715
3366774;1;1;2;2;73; ;2; ; ;1;2; ; ;1; ;12;2671,84127400309
3366774;1;2;1; ; ; ; ; ; ; ; ; ; ; ; ;12;2671,84127400309
3366774;1;3;1; ; ; ; ; ; ; ; ; ; ; ; ;12;2671,84127400309
3366775;1;1;1; ; ; ; ; ; ; ; ; ; ; ; ;12;2690,78488468473
3366775;1;2;2;2;73; ;2; ; ;1;2; ; ;1; ;12;2690,78488468473
3366775;1;3;1; ; ; ; ; ; ; ; ; ; ; ; ;12;2690,78488468473
3366775;1;4;1; ; ; ; ; ; ; ; ; ; ; ; ;12;2690,78488468473
3366776;1;1;2;2;73; ;2; ; ;1;2; ; ;1; ;12;2981,36646653848
3366776;1;2;1; ; ; ; ; ; ; ; ; ; ; ; ;12;2981,36646653848
3366777;1;1;1; ; ; ; ; ; ; ; ; ; ; ; ;12;3006,24108420877
3366777;1;2;1; ; ; ; ; ; ; ; ; ; ; ; ;12;3006,24108420877
3366777;1;3;1; ; ; ; ; ; ; ; ; ; ; ; ;12;3006,24108420877
3366777;1;4;1; ; ; ; ; ; ; ; ; ; ; ; ;12;3006,24108420877
3366778;1;1;1; ; ; ; ; ; ; ; ; ; ; ; ;12;2314,9309960398
3366778;1;2;1; ; ; ; ; ; ; ; ; ; ; ; ;12;2314,9309960398
3366780;1;1;2;2;25; ;2; ; ;1;2; ; ;1; ;12;1627,98556883012
3366780;1;2;2;2;15; ;2; ; ;1;2; ; ;1; ;12;1627,98556883012
3366780;1;3;2;1; ; ;2; ; ;1;2; ; ;1; ;12;1627,98556883012
3366780;1;4;1; ; ; ; ; ; ; ; ; ; ; ; ;12;1627,98556883012
3366780;1;5;1; ; ; ; ; ; ; ; ; ; ; ; ;12;1627,98556883012
3366780;1;6;1; ; ; ; ; ; ; ; ; ; ; ; ;12;1627,98556883012
3366780;1;7;1; ; ; ; ; ; ; ; ; ; ; ; ;12;1627,98556883012
3366780;1;8;1; ; ; ; ; ; ; ; ; ; ; ; ;12;1627,98556883012
3366783;1;1;2;2;13; ;2; ; ;1;2; ; ;1; ;12;2005,40580350442
3366783;1;2;2;2;05; ;2; ; ;1;2; ; ;1; ;12;2005,40580350442
3366783;1;3;1; ; ; ; ; ; ; ; ; ; ; ; ;12;2005,40580350442
3366784;1;1;2;2;15; ;2; ; ;1;2; ; ;1; ;12;2683,91071624218
3366784;1;2;2;2;15; ;2; ; ;1;2; ; ;1; ;12;2683,91071624218
3366784;1;3;1; ; ; ; ; ; ; ; ; ; ; ; ;12;2683,91071624218
3366784;1;4;1; ; ; ; ; ; ; ; ; ; ; ; ;12;2683,91071624218
3366785;1;1;2;2;73; ;2; ; ;1;2; ; ;1; ;12;2461,87828291325
3366786;1;1;2;2;73; ;2; ; ;1;2; ; ;1; ;12;2177,48157323099
3366786;1;2;1; ; ; ; ; ; ; ; ; ; ; ; ;12;2177,48157323099
3366786;1;3;1; ; ; ; ; ; ; ; ; ; ; ; ;12;2177,48157323099
3366787;1;1;1; ; ; ; ; ; ; ; ; ; ; ; ;12;2671,84127400309
3366787;1;2;1; ; ; ; ; ; ; ; ; ; ; ; ;12;2671,84127400309
3366787;1;3;1; ; ; ; ; ; ; ; ; ; ; ; ;12;2671,84127400309
3366788;1;1;2;2;25; ;2; ; ;1;2; ; ;1; ;12;3452,08172471729
3366788;1;2;1; ; ; ; ; ; ; ; ; ; ; ; ;12;3452,08172471729
3366788;1;3;1; ; ; ; ; ; ; ; ; ; ; ; ;12;3452,08172471729
3366788;1;4;1; ; ; ; ; ; ; ; ; ; ; ; ;12;3452,08172471729
3366788;1;5;1; ; ; ; ; ; ; ; ; ; ; ; ;12;3452,08172471729
3366789;1;1;2;2;25; ;2; ; ;1;2; ; ;1; ;12;2066,24817118992
3366789;1;2;1; ; ; ; ; ; ; ; ; ; ; ; ;12;2066,24817118992
3366790;1;1;2;2;73; ;2; ; ;1;2; ; ;1; ;12;2671,84127400309
3366790;1;2;2;2;15; ;2; ; ;1;2; ; ;1; ;12;2671,84127400309
3366790;1;3;1; ; ; ; ; ; ; ; ; ; ; ; ;12;2671,84127400309
3366791;1;1;2;2;41; ;2; ; ;1;2; ; ;1; ;12;5405,70865384762
3366791;1;2;2;2;73; ;2; ; ;1;2; ; ;1; ;12;5405,70865384762
3366791;1;3;1; ; ; ; ; ; ; ; ; ; ; ; ;12;5405,70865384762
3366791;1;4;1; ; ; ; ; ; ; ; ; ; ; ; ;12;5405,70865384762
3366791;1;5;1; ; ; ; ; ; ; ; ; ; ; ; ;12;5405,70865384762
3366792;1;1;2;2;73; ;2; ; ;1;2; ; ;1; ;12;2202,35619090129
3366792;1;2;2;2;73; ;2; ; ;1;2; ; ;1; ;12;2202,35619090129
3366792;1;3;2;1; ; ;2; ; ;1;2; ; ;1; ;12;2202,35619090129
3366792;1;4;2;2;25; ;2; ; ;1;2; ; ;1; ;12;2202,35619090129
3366792;1;5;1; ; ; ; ; ; ; ; ; ; ; ; ;12;2202,35619090129
3366793;1;1;1; ; ; ; ; ; ; ; ; ; ; ; ;12;2988,0156920491
3366793;1;2;2;2;50; ;2; ; ;1;2; ; ;1; ;12;2988,0156920491
3366793;1;3;1; ; ; ; ; ; ; ; ; ; ; ; ;12;2988,0156920491
3366793;1;4;1; ; ; ; ; ; ; ; ; ; ; ; ;12;2988,0156920491
3366793;1;5;1; ; ; ; ; ; ; ; ; ; ; ; ;12;2988,0156920491
3366794;1;1;2;2;15; ;2; ; ;1;2; ; ;1; ;12;2191,18463948988
3366794;1;2;2;2;15; ;2; ; ;1;2; ; ;1; ;12;2191,18463948988
3366794;1;3;1; ; ; ; ; ; ; ; ; ; ; ; ;12;2191,18463948988
3366795;1;1;2;1; ; ;2; ; ;1;2; ; ;1; ;12;1961,15520395879
3366795;1;2;2;2;15; ;3;15; ;1;2; ; ;1; ;12;1961,15520395879
3366795;1;3;2;2;15; ;3;15; ;1;2; ; ;1; ;12;1961,15520395879
3366795;1;4;2;2;15; ;3;15; ;1;2; ; ;1; ;12;1961,15520395879
3366796;1;1;2;1; ; ;2; ; ;1;2; ; ;1; ;12;2012,13038818701
3366796;1;2;1; ; ; ; ; ; ; ; ; ; ; ; ;12;2012,13038818701
3366796;1;3;1; ; ; ; ; ; ; ; ; ; ; ; ;12;2012,13038818701
3366796;1;4;1; ; ; ; ; ; ; ; ; ; ; ; ;12;2012,13038818701
3366796;1;5;1; ; ; ; ; ; ; ; ; ; ; ; ;12;2012,13038818701
3366796;1;6;1; ; ; ; ; ; ; ; ; ; ; ; ;12;2012,13038818701
3366796;1;7;1; ; ; ; ; ; ; ; ; ; ; ; ;12;2012,13038818701
3366796;1;8;1; ; ; ; ; ; ; ; ; ; ; ; ;12;2012,13038818701
3366797;1;1;1; ; ; ; ; ; ; ; ; ; ; ; ;12;2701,92868014009
3366797;1;2;1; ; ; ; ; ; ; ; ; ; ; ; ;12;2701,92868014009
3366797;1;3;1; ; ; ; ; ; ; ; ; ; ; ; ;12;2701,92868014009
3366797;1;4;1; ; ; ; ; ; ; ; ; ; ; ; ;12;2701,92868014009
3366798;1;1;2;2;25; ;2; ; ;1;2; ; ;1; ;12;2824,07140142265
3366799;1;1;2;2;15; ;2; ; ;1;2; ; ;1; ;12;2635,36273372769
3366799;1;2;1; ; ; ; ; ; ; ; ; ; ; ; ;12;2635,36273372769
3366799;1;3;1; ; ; ; ; ; ; ; ; ; ; ; ;12;2635,36273372769
3366800;1;1;2;2;15; ;2; ; ;1;2; ; ;1; ;12;1702,06548314053
3366800;1;2;2;2;19; ;2; ; ;1;2; ; ;1; ;12;1702,06548314053
3366800;1;3;1; ; ; ; ; ; ; ; ; ; ; ; ;12;1702,06548314053
3366800;1;4;1; ; ; ; ; ; ; ; ; ; ; ; ;12;1702,06548314053
3366801;1;1;2;2;73; ;3;25; ;1;2; ; ;1; ;12;2541,66426128038
3366802;1;1;1; ; ; ; ; ; ; ; ; ; ; ; ;12;2671,84127400309
3366802;1;2;1; ; ; ; ; ; ; ; ; ; ; ; ;12;2671,84127400309
3366802;1;3;1; ; ; ; ; ; ; ; ; ; ; ; ;12;2671,84127400309
3366803;1;1;1; ; ; ; ; ; ; ; ; ; ; ; ;12;2183,41258021965
3366803;1;2;2;2;05; ;2; ; ;1;2; ; ;1; ;12;2183,41258021965
3366803;1;3;1; ; ; ; ; ; ; ; ; ; ; ; ;12;2183,41258021965
3366803;1;4;1; ; ; ; ; ; ; ; ; ; ; ; ;12;2183,41258021965
3366804;1;1;1; ; ; ; ; ; ; ; ; ; ; ; ;12;2054,43682032305
3366804;1;2;2;2;15; ;2; ; ;1;2; ; ;1; ;12;2054,43682032305
3366804;1;3;1; ; ; ; ; ; ; ; ; ; ; ; ;12;2054,43682032305
3366804;1;4;1; ; ; ; ; ; ; ; ; ; ; ; ;12;2054,43682032305
3366804;1;5;1; ; ; ; ; ; ; ; ; ; ; ; ;12;2054,43682032305
3366805;1;1;2;2;25; ;2; ; ;1;2; ; ;1; ;12;2510,42626542773
3366805;1;2;2;2;25; ;2; ; ;1;2; ; ;1; ;12;2510,42626542773
3366806;1;1;2;2;25; ;2; ; ;1;2; ; ;1; ;12;2208,28719788995
3366806;1;2;2;2;25; ;2; ; ;1;2; ; ;1; ;12;2208,28719788995
3366806;1;3;1; ; ; ; ; ; ; ; ; ; ; ; ;12;2208,28719788995
3366806;1;4;2;2;25; ;2; ; ;1;2; ; ;1; ;12;2208,28719788995
3366806;1;5;1; ; ; ; ; ; ; ; ; ; ; ; ;12;2208,28719788995
3366806;1;6;1; ; ; ; ; ; ; ; ; ; ; ; ;12;2208,28719788995
3366807;1;1;1; ; ; ; ; ; ; ; ; ; ; ; ;12;4923,75656582649
3366808;1;1;2;2;15; ;2; ; ;1;2; ; ;1; ;12;4951,16269834427
3366809;1;1;2;2;15; ;2; ; ;1;2; ; ;1; ;12;2215,36879459426
3366809;1;2;2;2;25; ;2; ; ;1;2; ; ;1; ;12;2215,36879459426
3366809;1;3;1; ; ; ; ; ; ; ; ; ; ; ; ;12;2215,36879459426
3366809;1;4;1; ; ; ; ; ; ; ; ; ; ; ; ;12;2215,36879459426
3366809;1;5;1; ; ; ; ; ; ; ; ; ; ; ; ;12;2215,36879459426
3366813;1;1;1; ; ; ; ; ; ; ; ; ; ; ; ;12;2493,655991277
3366813;1;2;1; ; ; ; ; ; ; ; ; ; ; ; ;12;2493,655991277
3366813;1;3;1; ; ; ; ; ; ; ; ; ; ; ; ;12;2493,655991277
3366813;1;4;1; ; ; ; ; ; ; ; ; ; ; ; ;12;2493,655991277
3366813;1;5;1; ; ; ; ; ; ; ; ; ; ; ; ;12;2493,655991277
3366814;1;1;2;2;08; ;3;08; ;1;2; ; ;1; ;12;2213,77022201271
3366814;1;2;2;2;08; ;3;08; ;1;2; ; ;1; ;12;2213,77022201271
3366814;1;3;2;2;08; ;3;08; ;1;3;08; ;1; ;12;2213,77022201271
3366815;1;1;2;2;05; ;2; ; ;1;2; ; ;1; ;12;2441,23960719838
3366815;1;2;2;2;15; ;2; ; ;1;2; ; ;1; ;12;2441,23960719838
3366815;1;3;1; ; ; ; ; ; ; ; ; ; ; ; ;12;2441,23960719838
3366815;1;4;1; ; ; ; ; ; ; ; ; ; ; ; ;12;2441,23960719838
3366816;1;1;2;2;85; ;2; ; ;1;2; ; ;1; ;12;3022,65472946397
3366816;1;2;1; ; ; ; ; ; ; ; ; ; ; ; ;12;3022,65472946397
3366816;1;3;1; ; ; ; ; ; ; ; ; ; ; ; ;12;3022,65472946397
3366816;1;4;1; ; ; ; ; ; ; ; ; ; ; ; ;12;3022,65472946397
3366817;1;1;2;2;25; ;2; ; ;1;2; ; ;1; ;12;5083,32852256076
3366818;1;1;2;2;15; ;2; ; ;1;2; ; ;1; ;12;4442,59960316585
3366818;1;2;2;2;15; ;2; ; ;1;2; ; ;1; ;12;4442,59960316585
3366818;1;3;1; ; ; ; ; ; ; ; ; ; ; ; ;12;4442,59960316585
3366818;1;4;1; ; ; ; ; ; ; ; ; ; ; ; ;12;4442,59960316585
3366818;1;5;1; ; ; ; ; ; ; ; ; ; ; ; ;12;4442,59960316585
3366818;1;6;1; ; ; ; ; ; ; ; ; ; ; ; ;12;4442,59960316585
3366819;1;1;1; ; ; ; ; ; ; ; ; ; ; ; ;12;2200,72256688148
3366819;1;2;1; ; ; ; ; ; ; ; ; ; ; ; ;12;2200,72256688148
3366819;1;3;1; ; ; ; ; ; ; ; ; ; ; ; ;12;2200,72256688148
3366819;1;4;1; ; ; ; ; ; ; ; ; ; ; ; ;12;2200,72256688148
3366819;1;5;1; ; ; ; ; ; ; ; ; ; ; ; ;12;2200,72256688148
3366819;1;6;1; ; ; ; ; ; ; ; ; ; ; ; ;12;2200,72256688148
3366820;1;1;2;2;15; ;2; ; ;1;2; ; ;1; ;12;2672,53173656901
3366820;1;2;2;2;68; ;2; ; ;1;2; ; ;1; ;12;2672,53173656901
3366820;1;3;1; ; ; ; ; ; ; ; ; ; ; ; ;12;2672,53173656901
3366821;1;1;2;2;25; ;2; ; ;1;2; ; ;1; ;12;2734,09232277646
3366821;1;2;2;2;68; ;2; ; ;1;2; ; ;1; ;12;2734,09232277646
3366821;1;3;1; ; ; ; ; ; ; ; ; ; ; ; ;12;2734,09232277646
3366821;1;4;1; ; ; ; ; ; ; ; ; ; ; ; ;12;2734,09232277646
3366822;1;1;1; ; ; ; ; ; ; ; ; ; ; ; ;12;2956,05947767449
3366822;1;2;1; ; ; ; ; ; ; ; ; ; ; ; ;12;2956,05947767449
3366822;1;3;1; ; ; ; ; ; ; ; ; ; ; ; ;12;2956,05947767449
3366822;1;4;1; ; ; ; ; ; ; ; ; ; ; ; ;12;2956,05947767449
3366823;1;1;2;2;73; ;2; ; ;1;2; ; ;1; ;12;2649,06579998658
3366823;1;2;1; ; ; ; ; ; ; ; ; ; ; ; ;12;2649,06579998658
3366823;1;3;1; ; ; ; ; ; ; ; ; ; ; ; ;12;2649,06579998658
3366824;1;1;1; ; ; ; ; ; ; ; ; ; ; ; ;12;2494,41462936346
3366824;1;2;2;2;25; ;2; ; ;1;2; ; ;1; ;12;2494,41462936346
3366824;1;3;1; ; ; ; ; ; ; ; ; ; ; ; ;12;2494,41462936346
3366824;1;4;1; ; ; ; ; ; ; ; ; ; ; ; ;12;2494,41462936346
3366824;1;5;2;2;25; ;2; ; ;1;2; ; ;1; ;12;2494,41462936346
3366825;1;1;2;1; ; ;4; ;1; ;2; ; ;1; ;12;2755,19033764359
3366825;1;2;2;1; ; ;4; ;1; ;2; ; ;1; ;12;2755,19033764359
3366825;1;3;1; ; ; ; ; ; ; ; ; ; ; ; ;12;2755,19033764359
3366825;1;4;1; ; ; ; ; ; ; ; ; ; ; ; ;12;2755,19033764359
3366826;1;1;2;2;25; ;2; ; ;1;2; ; ;1; ;12;2975,00308835612
3366826;1;2;1; ; ; ; ; ; ; ; ; ; ; ; ;12;2975,00308835612
3366826;1;3;1; ; ; ; ; ; ; ; ; ; ; ; ;12;2975,00308835612
3366826;1;4;1; ; ; ; ; ; ; ; ; ; ; ; ;12;2975,00308835612
3366826;1;5;1; ; ; ; ; ; ; ; ; ; ; ; ;12;2975,00308835612
3366827;1;1;2;2;25; ;2; ; ;1;2; ; ;1; ;12;2296,52709786926
3366827;1;2;2;2;25; ;2; ; ;1;2; ; ;1; ;12;2296,52709786926
3366827;1;3;2;2;15; ;2; ; ;1;2; ; ;1; ;12;2296,52709786926
3366827;1;4;2;1; ; ;2; ; ;1;2; ; ;1; ;12;2296,52709786926
3366827;1;5;1; ; ; ; ; ; ; ; ; ; ; ; ;12;2296,52709786926
3366827;1;6;1; ; ; ; ; ; ; ; ; ; ; ; ;12;2296,52709786926
3366828;1;1;2;2;25; ;2; ; ;1;2; ; ;1; ;12;2461,87828291325
3366829;1;1;2;2;15; ;2; ; ;1;2; ; ;1; ;12;2177,48157323099
3366829;1;2;1; ; ; ; ; ; ; ; ; ; ; ; ;12;2177,48157323099
3366829;1;3;1; ; ; ; ; ; ; ; ; ; ; ; ;12;2177,48157323099
3366830;1;1;2;2;73; ;2; ; ;1;2; ; ;1; ;12;2524,12933168662
3366830;1;2;2;2;73; ;2; ; ;1;2; ; ;1; ;12;2524,12933168662
3366831;1;1;2;2;15; ;2; ; ;1;2; ; ;1; ;12;2695,99767315143
3366831;1;2;1; ; ; ; ; ; ; ; ; ; ; ; ;12;2695,99767315143
3366831;1;3;1; ; ; ; ; ; ; ; ; ; ; ; ;12;2695,99767315143
3366832;1;1;2;2;15; ;2; ; ;1;2; ; ;1; ;12;2474,71238059536
3366832;1;2;2;2;25; ;2; ; ;1;2; ; ;1; ;12;2474,71238059536
3366832;1;3;1; ; ; ; ; ; ; ; ; ; ; ; ;12;2474,71238059536
3366832;1;4;1; ; ; ; ; ; ; ; ; ; ; ; ;12;2474,71238059536
3366833;1;1;1; ; ; ; ; ; ; ; ; ; ; ; ;12;2684,13565917411
3366837;1;1;1; ; ; ; ; ; ; ; ; ; ; ; ;12;2671,84127400309
3366837;1;2;1; ; ; ; ; ; ; ; ; ; ; ; ;12;2671,84127400309
3366837;1;3;1; ; ; ; ; ; ; ; ; ; ; ; ;12;2671,84127400309
3366839;1;1;2;2;41; ;2; ; ;1;2; ; ;1; ;12;3277,67058639321
3366839;1;2;2;2;41; ;2; ; ;1;2; ; ;1; ;12;3277,67058639321
3366839;1;3;2;2;41; ;2; ; ;1;2; ; ;1; ;12;3277,67058639321
3366839;1;4;2;2;41; ;2; ; ;1;2; ; ;1; ;12;3277,67058639321
3366839;1;5;2;1; ; ;3;17; ;1;2; ; ;1; ;12;3277,67058639321
3366839;1;6;2;2;17; ;1; ; ; ;2; ; ;1; ;12;3277,67058639321
3366840;1;1;1; ; ; ; ; ; ; ; ; ; ; ; ;12;2982,3729546379
3366841;1;1;2;2;25; ;2; ; ;1;2; ; ;1; ;12;5334,28088418289
3366841;1;2;1; ; ; ; ; ; ; ; ; ; ; ; ;12;5334,28088418289
3366841;1;3;1; ; ; ; ; ; ; ; ; ; ; ; ;12;5334,28088418289
3366841;1;4;1; ; ; ; ; ; ; ; ; ; ; ; ;12;5334,28088418289
3366841;1;5;1; ; ; ; ; ; ; ; ; ; ; ; ;12;5334,28088418289
3366841;1;6;1; ; ; ; ; ; ; ; ; ; ; ; ;12;5334,28088418289
3366841;1;7;1; ; ; ; ; ; ; ; ; ; ; ; ;12;5334,28088418289
3366842;1;1;2;2;76; ;2; ; ;1;2; ; ;1; ;12;5962,73293307695
3366842;1;2;1; ; ; ; ; ; ; ; ; ; ; ; ;12;5962,73293307695
3366843;1;1;2;2;15; ;3;54; ;1;2; ; ;1; ;12;5317,65734062024
3366843;1;2;2;2;15; ;3;68; ;1;2; ; ;1; ;12;5317,65734062024
3366843;1;3;2;2;15; ;3;54; ;1;2; ; ;1; ;12;5317,65734062024
3366844;1;1;2;2;05; ;2; ; ;1;2; ; ;1; ;12;2658,82867031012
3366844;1;2;2;2;15; ;2; ; ;1;2; ; ;1; ;12;2658,82867031012
3366844;1;3;1; ; ; ; ; ; ; ; ; ; ; ; ;12;2658,82867031012
3366845;1;1;2;2;52; ;2; ; ;1;2; ; ;1; ;12;2524,12933168662
3366845;1;2;2;2;52; ;2; ; ;1;2; ; ;1; ;12;2524,12933168662
3366846;1;1;1; ; ; ; ; ; ; ; ; ; ; ; ;12;2196,42518391263
3366846;1;2;1; ; ; ; ; ; ; ; ; ; ; ; ;12;2196,42518391263
3366846;1;3;1; ; ; ; ; ; ; ; ; ; ; ; ;12;2196,42518391263
3366846;1;4;1; ; ; ; ; ; ; ; ; ; ; ; ;12;2196,42518391263
3366847;1;1;2;2;76; ;2; ; ;1;2; ; ;1; ;12;2480,64338758402
3366847;1;2;2;2;52; ;2; ; ;1;2; ; ;1; ;12;2480,64338758402
3366847;1;3;1; ; ; ; ; ; ; ; ; ; ; ; ;12;2480,64338758402
3366847;1;4;1; ; ; ; ; ; ; ; ; ; ; ; ;12;2480,64338758402
3366847;1;5;1; ; ; ; ; ; ; ; ; ; ; ; ;12;2480,64338758402
3366848;1;1;1; ; ; ; ; ; ; ; ; ; ; ; ;12;2683,91071624218
3366848;1;2;1; ; ; ; ; ; ; ; ; ; ; ; ;12;2683,91071624218
3366848;1;3;1; ; ; ; ; ; ; ; ; ; ; ; ;12;2683,91071624218
3366848;1;4;1; ; ; ; ; ; ; ; ; ; ; ; ;12;2683,91071624218
3366849;1;1;2;2;25; ;2; ; ;1;2; ; ;1; ;12;2524,12933168662
3366849;1;2;1; ; ; ; ; ; ; ; ; ; ; ; ;12;2524,12933168662
3366850;1;1;2;2;15; ;2; ; ;1;2; ; ;1; ;12;2981,36646653848
3366850;1;2;1; ; ; ; ; ; ; ; ; ; ; ; ;12;2981,36646653848
3366851;1;1;1; ; ; ; ; ; ; ; ; ; ; ; ;12;2177,48157323099
3366851;1;2;1; ; ; ; ; ; ; ; ; ; ; ; ;12;2177,48157323099
3366851;1;3;1; ; ; ; ; ; ; ; ; ; ; ; ;12;2177,48157323099
3366852;1;1;2;2;25; ;2; ; ;1;2; ; ;1; ;12;3094,04861299439
3366852;1;2;1; ; ; ; ; ; ; ; ; ; ; ; ;12;3094,04861299439
3366852;1;3;1; ; ; ; ; ; ; ; ; ; ; ; ;12;3094,04861299439
3366852;1;4;1; ; ; ; ; ; ; ; ; ; ; ; ;12;3094,04861299439
3366852;1;5;1; ; ; ; ; ; ; ; ; ; ; ; ;12;3094,04861299439
3366852;1;6;1; ; ; ; ; ; ; ; ; ; ; ; ;12;3094,04861299439
3366852;1;7;1; ; ; ; ; ; ; ; ; ; ; ; ;12;3094,04861299439
3366852;1;8;1; ; ; ; ; ; ; ; ; ; ; ; ;12;3094,04861299439
3366853;1;1;1; ; ; ; ; ; ; ; ; ; ; ; ;12;2862,8606544113
3366853;1;2;1; ; ; ; ; ; ; ; ; ; ; ; ;12;2862,8606544113
3366853;1;3;1; ; ; ; ; ; ; ; ; ; ; ; ;12;2862,8606544113
3366853;1;4;2;2;41; ;2; ; ;1;2; ; ;1; ;12;2862,8606544113
3366854;1;1;2;2;15; ;2; ; ;1;2; ; ;1; ;12;3066,17441999053
3366854;1;2;2;2;15; ;2; ; ;1;2; ; ;1; ;12;3066,17441999053
3366854;1;3;2;2;15; ;2; ; ;1;2; ; ;1; ;12;3066,17441999053
3366855;1;1;1; ; ; ; ; ; ; ; ; ; ; ; ;12;3277,92052298425
3366855;1;2;1; ; ; ; ; ; ; ; ; ; ; ; ;12;3277,92052298425
3366855;1;3;1; ; ; ; ; ; ; ; ; ; ; ; ;12;3277,92052298425
3366856;1;1;2;2;15; ;2; ; ;1;2; ; ;1; ;12;2115,00558152569
3366856;1;2;2;2;15; ;2; ; ;1;2; ; ;1; ;12;2115,00558152569
3366856;1;3;2;2;15; ;3;15; ;2;2; ; ;1; ;12;2115,00558152569
3366856;1;4;2;2;15; ;2; ; ;1;2; ; ;1; ;12;2115,00558152569
3366856;1;5;2;2;15; ;3;15; ;2;3;15; ;2;2;12;2115,00558152569
3366860;1;1;2;1; ; ;3;15; ;1;2; ; ;1; ;12;1986,46219282278
3366860;1;2;1; ; ; ; ; ; ; ; ; ; ; ; ;12;1986,46219282278
3366861;1;1;1; ; ; ; ; ; ; ; ; ; ; ; ;12;2547,37032533711
3366861;1;2;1; ; ; ; ; ; ; ; ; ; ; ; ;12;2547,37032533711
3366861;1;3;1; ; ; ; ; ; ; ; ; ; ; ; ;12;2547,37032533711
3366861;1;4;1; ; ; ; ; ; ; ; ; ; ; ; ;12;2547,37032533711
3366861;1;5;2;2;15; ;2; ; ;1;2; ; ;1; ;12;2547,37032533711
3366862;1;1;2;2;41; ;2; ; ;1;2; ; ;1; ;12;2543,07294236825
3366862;1;2;1; ; ; ; ; ; ; ; ; ; ; ; ;12;2543,07294236825
3366862;1;3;1; ; ; ; ; ; ; ; ; ; ; ; ;12;2543,07294236825
3366863;1;1;2;2;25; ;2; ; ;1;2; ; ;1; ;12;2461,87828291325
3366864;1;1;2;2;81; ;2; ; ;1;2; ; ;1; ;12;3100,41199117675
3366864;1;2;2;2;81; ;2; ; ;1;2; ; ;1; ;12;3100,41199117675
3366864;1;3;1; ; ; ; ; ; ; ; ; ; ; ; ;12;3100,41199117675
3366864;1;4;1; ; ; ; ; ; ; ; ; ; ; ; ;12;3100,41199117675
3366864;1;5;1; ; ; ; ; ; ; ; ; ; ; ; ;12;3100,41199117675
3366865;1;1;2;1; ; ;2; ; ;1;2; ; ;1; ;12;2474,48743766343
3366865;1;2;1; ; ; ; ; ; ; ; ; ; ; ; ;12;2474,48743766343
3366865;1;3;1; ; ; ; ; ; ; ; ; ; ; ; ;12;2474,48743766343
3366865;1;4;2;2;15; ;2; ; ;1;2; ; ;1; ;12;2474,48743766343
3366865;1;5;1; ; ; ; ; ; ; ; ; ; ; ; ;12;2474,48743766343
3366865;1;6;1; ; ; ; ; ; ; ; ; ; ; ; ;12;2474,48743766343
3366865;1;7;2;1; ; ;2; ; ;1;2; ; ;1; ;12;2474,48743766343
3366866;1;1;1; ; ; ; ; ; ; ; ; ; ; ; ;12;2239,73262200436
3366866;1;2;1; ; ; ; ; ; ; ; ; ; ; ; ;12;2239,73262200436
3366866;1;3;1; ; ; ; ; ; ; ; ; ; ; ; ;12;2239,73262200436
3366866;1;4;1; ; ; ; ; ; ; ; ; ; ; ; ;12;2239,73262200436
3366867;1;1;2;2;17; ;2; ; ;1;2; ; ;1; ;12;3052,24641079971
3366867;1;2;1; ; ; ; ; ; ; ; ; ; ; ; ;12;3052,24641079971
3366867;2;1;1; ; ; ; ; ; ; ; ; ; ; ; ;12;3052,24641079971
3366867;2;2;2;2;76; ;2; ; ;1;2; ; ;1; ;12;3052,24641079971
3366867;3;1;1; ; ; ; ; ; ; ; ; ; ; ; ;12;3052,24641079971
3366867;3;2;1; ; ; ; ; ; ; ; ; ; ; ; ;12;3052,24641079971
3366870;1;1;1; ; ; ; ; ; ; ; ; ; ; ; ;12;126,571674779971
3366870;1;2;1; ; ; ; ; ; ; ; ; ; ; ; ;12;126,571674779971
3366870;1;3;2;1; ; ;4; ;8; ;2; ; ;1; ;12;126,571674779971
3366872;1;1;1; ; ; ; ; ; ; ; ; ; ; ; ;12;213,796570423857
3366872;1;2;1; ; ; ; ; ; ; ; ; ; ; ; ;12;213,796570423857
3366872;1;3;1; ; ; ; ; ; ; ; ; ; ; ; ;12;213,796570423857
3366873;1;1;1; ; ; ; ; ; ; ; ; ; ; ; ;12;213,796570423857
3366873;1;2;1; ; ; ; ; ; ; ; ; ; ; ; ;12;213,796570423857
3366873;1;3;1; ; ; ; ; ; ; ; ; ; ; ; ;12;213,796570423857
3366874;1;1;2;2;52; ;3;52; ;1;2; ; ;1; ;12;99,3606785317048
3366874;1;2;2;1; ; ;3;52; ;1;2; ; ;1; ;12;99,3606785317048
3366874;1;3;2;1; ; ;3;52; ;1;2; ; ;1; ;12;99,3606785317048
3366874;1;4;2;1; ; ;3;52; ;1;2; ; ;1; ;12;99,3606785317048
3366877;1;1;2;2;52; ;2; ; ;1;2; ; ;1; ;12;190,603000125236
3366877;1;2;1; ; ; ; ; ; ; ; ; ; ; ; ;12;190,603000125236
3366877;1;3;1; ; ; ; ; ; ; ; ; ; ; ; ;12;190,603000125236
3366877;1;4;1; ; ; ; ; ; ; ; ; ; ; ; ;12;190,603000125236
3366878;1;1;1; ; ; ; ; ; ; ; ; ; ; ; ;12;156,564552862351
3366878;1;2;2;2;52; ;2; ; ;1;2; ; ;1; ;12;156,564552862351
3366880;1;1;2;1; ; ;2; ; ;1;4; ;3; ;1;12;371,40328574604
3366880;1;2;2;3; ;3;4; ;3; ;2; ; ;1; ;12;371,40328574604
3366881;1;1;2;2;13; ;2; ; ;1;2; ; ;1; ;12;342,586739901906
3366881;1;2;1; ; ; ; ; ; ; ; ; ; ; ; ;12;342,586739901906
3366881;1;3;1; ; ; ; ; ; ; ; ; ; ; ; ;12;342,586739901906
3366882;1;1;2;2;70; ;2; ; ;1;2; ; ;1; ;12;599,336365383693
3366882;1;2;2;2;70; ;2; ; ;1;2; ; ;1; ;12;599,336365383693
3366882;1;3;1; ; ; ; ; ; ; ; ; ; ; ; ;12;599,336365383693
3366882;1;4;1; ; ; ; ; ; ; ; ; ; ; ; ;12;599,336365383693
3366882;1;5;1; ; ; ; ; ; ; ; ; ; ; ; ;12;599,336365383693
3366882;1;6;1; ; ; ; ; ; ; ; ; ; ; ; ;12;599,336365383693
3366882;1;7;1; ; ; ; ; ; ; ; ; ; ; ; ;12;599,336365383693
3366883;1;1;1; ; ; ; ; ; ; ; ; ; ; ; ;12;409,889002571977
3366883;1;2;1; ; ; ; ; ; ; ; ; ; ; ; ;12;409,889002571977
3366883;1;3;1; ; ; ; ; ; ; ; ; ; ; ; ;12;409,889002571977
3366883;1;4;1; ; ; ; ; ; ; ; ; ; ; ; ;12;409,889002571977
3366883;1;5;1; ; ; ; ; ; ; ; ; ; ; ; ;12;409,889002571977
3366884;1;1;2;2;13; ;2; ; ;1;2; ; ;1; ;12;460,296809315029
3366884;1;2;2;2;13; ;2; ; ;1;2; ; ;1; ;12;460,296809315029
3366884;1;3;1; ; ; ; ; ; ; ; ; ; ; ; ;12;460,296809315029
3366884;1;4;1; ; ; ; ; ; ; ; ; ; ; ; ;12;460,296809315029
3366884;1;5;1; ; ; ; ; ; ; ; ; ; ; ; ;12;460,296809315029
3366884;1;6;1; ; ; ; ; ; ; ; ; ; ; ; ;12;460,296809315029
3366884;1;7;2;2;13; ;2; ; ;1;2; ; ;1; ;12;460,296809315029
3366885;1;1;2;1; ; ;3;18; ;2;2; ; ;1; ;12;371,40328574604
3366885;1;2;2;2;13; ;3;08; ;1;2; ; ;1; ;12;371,40328574604
3366887;1;1;2;2;13; ;2; ; ;1;2; ; ;1; ;12;643,941140134288
3366887;1;2;2;2;13; ;2; ; ;1;2; ; ;1; ;12;643,941140134288
3366887;1;3;2;2;70; ;3;70; ;1;2; ; ;1; ;12;643,941140134288
3366888;1;1;2;2;08; ;2; ; ;1;2; ; ;1; ;12;719,917786395553
3366888;1;2;1; ; ; ; ; ; ; ; ; ; ; ; ;12;719,917786395553
3366888;1;3;2;1; ; ;3;11; ;1;2; ; ;1; ;12;719,917786395553
3366888;1;4;1; ; ; ; ; ; ; ; ; ; ; ; ;12;719,917786395553
3366889;1;1;1; ; ; ; ; ; ; ; ; ; ; ; ;12;384,978990176566
3366889;1;2;2;2;20; ;2; ; ;1;2; ; ;1; ;12;384,978990176566
3366889;1;3;1; ; ; ; ; ; ; ; ; ; ; ; ;12;384,978990176566
3366889;1;4;1; ; ; ; ; ; ; ; ; ; ; ; ;12;384,978990176566
3366889;1;5;1; ; ; ; ; ; ; ; ; ; ; ; ;12;384,978990176566
3366890;1;1;1; ; ; ; ; ; ; ; ; ; ; ; ;12;416,44115479765
3366890;1;2;1; ; ; ; ; ; ; ; ; ; ; ; ;12;416,44115479765
3366890;1;3;1; ; ; ; ; ; ; ; ; ; ; ; ;12;416,44115479765
3366890;1;4;1; ; ; ; ; ; ; ; ; ; ; ; ;12;416,44115479765
3366891;1;1;1; ; ; ; ; ; ; ; ; ; ; ; ;12;487,409383437021
3366891;1;2;1; ; ; ; ; ; ; ; ; ; ; ; ;12;487,409383437021
3366891;1;3;1; ; ; ; ; ; ; ; ; ; ; ; ;12;487,409383437021
3366891;1;4;1; ; ; ; ; ; ; ; ; ; ; ; ;12;487,409383437021
3366891;1;5;1; ; ; ; ; ; ; ; ; ; ; ; ;12;487,409383437021
3366892;1;1;1; ; ; ; ; ; ; ; ; ; ; ; ;12;355,665050637127
3366892;1;2;1; ; ; ; ; ; ; ; ; ; ; ; ;12;355,665050637127
3366892;1;3;1; ; ; ; ; ; ; ; ; ; ; ; ;12;355,665050637127
3366892;1;4;1; ; ; ; ; ; ; ; ; ; ; ; ;12;355,665050637127
3366893;1;1;1; ; ; ; ; ; ; ; ; ; ; ; ;12;454,174720063747
3366893;1;2;1; ; ; ; ; ; ; ; ; ; ; ; ;12;454,174720063747
3366893;1;3;1; ; ; ; ; ; ; ; ; ; ; ; ;12;454,174720063747
3366894;1;1;2;2;05; ;2; ; ;1;2; ; ;1; ;12;505,366331077146
3366895;1;1;2;2;13; ;2; ; ;1;2; ; ;1; ;12;381,098450443967
3366895;1;2;1; ; ; ; ; ; ; ; ; ; ; ; ;12;381,098450443967
3366895;1;3;1; ; ; ; ; ; ; ; ; ; ; ; ;12;381,098450443967
3366896;1;1;2;2;54; ;2; ; ;1;2; ; ;1; ;12;295,158009937882
3366896;1;2;2;2;13; ;2; ; ;1;2; ; ;1; ;12;295,158009937882
3366896;1;3;1; ; ; ; ; ; ; ; ; ; ; ; ;12;295,158009937882
3366897;1;1;1; ; ; ; ; ; ; ; ; ; ; ; ;12;377,929444255589
3366897;1;2;1; ; ; ; ; ; ; ; ; ; ; ; ;12;377,929444255589
3366897;1;3;1; ; ; ; ; ; ; ; ; ; ; ; ;12;377,929444255589
3366897;1;4;1; ; ; ; ; ; ; ; ; ; ; ; ;12;377,929444255589
3366899;1;1;2;2;13; ;2; ; ;1;2; ; ;1; ;12;377,929444255589
3366899;1;2;2;2;13; ;2; ; ;1;2; ; ;1; ;12;377,929444255589
3366899;1;3;1; ; ; ; ; ; ; ; ; ; ; ; ;12;377,929444255589
3366899;1;4;1; ; ; ; ; ; ; ; ; ; ; ; ;12;377,929444255589
3366901;1;1;2;2;70; ;2; ; ;1;2; ; ;1; ;12;356,188438048556
3366901;1;2;2;2;70; ;2; ; ;1;2; ; ;1; ;12;356,188438048556
3366901;1;3;1; ; ; ; ; ; ; ; ; ; ; ; ;12;356,188438048556
3366902;1;1;1; ; ; ; ; ; ; ; ; ; ; ; ;12;380,575063032539
3366902;1;2;1; ; ; ; ; ; ; ; ; ; ; ; ;12;380,575063032539
3366902;1;3;1; ; ; ; ; ; ; ; ; ; ; ; ;12;380,575063032539
3366902;1;4;1; ; ; ; ; ; ; ; ; ; ; ; ;12;380,575063032539
3366903;1;1;1; ; ; ; ; ; ; ; ; ; ; ; ;12;379,528288209681
3366903;1;2;1; ; ; ; ; ; ; ; ; ; ; ; ;12;379,528288209681
3366903;1;3;1; ; ; ; ; ; ; ; ; ; ; ; ;12;379,528288209681
3366903;1;4;1; ; ; ; ; ; ; ; ; ; ; ; ;12;379,528288209681
3366903;1;5;1; ; ; ; ; ; ; ; ; ; ; ; ;12;379,528288209681
3366903;1;6;1; ; ; ; ; ; ; ; ; ; ; ; ;12;379,528288209681
3366904;1;1;1; ; ; ; ; ; ; ; ; ; ; ; ;12;400,448161824202
3366904;1;2;1; ; ; ; ; ; ; ; ; ; ; ; ;12;400,448161824202
3366904;1;3;1; ; ; ; ; ; ; ; ; ; ; ; ;12;400,448161824202
3366904;1;4;1; ; ; ; ; ; ; ; ; ; ; ; ;12;400,448161824202
3366905;1;1;1; ; ; ; ; ; ; ; ; ; ; ; ;12;421,210077442633
3366905;1;2;2;2;08; ;2; ; ;1;2; ; ;1; ;12;421,210077442633
3366905;1;3;1; ; ; ; ; ; ; ; ; ; ; ; ;12;421,210077442633
3366905;1;4;1; ; ; ; ; ; ; ; ; ; ; ; ;12;421,210077442633
3366906;1;1;1; ; ; ; ; ; ; ; ; ; ; ; ;12;371,40328574604
3366906;1;2;2;2;23; ;2; ; ;1;2; ; ;1; ;12;371,40328574604
3366907;1;1;1; ; ; ; ; ; ; ; ; ; ; ; ;12;485,50187888784
3366907;1;2;2;2;70; ;2; ; ;1;2; ; ;1; ;12;485,50187888784
3366907;1;3;1; ; ; ; ; ; ; ; ; ; ; ; ;12;485,50187888784
3366908;1;1;2;2;13; ;2; ; ;1;2; ; ;1; ;12;911,867230796499
3366908;1;2;2;2;68; ;2; ; ;1;2; ; ;1; ;12;911,867230796499
3366909;1;1;2;2;68; ;2; ; ;1;2; ; ;1; ;12;858,119296672324
3366909;1;2;2;2;68; ;2; ; ;1;2; ; ;1; ;12;858,119296672324
3366909;1;3;1; ; ; ; ; ; ; ; ; ; ; ; ;12;858,119296672324
3366909;1;4;1; ; ; ; ; ; ; ; ; ; ; ; ;12;858,119296672324
3366909;1;5;1; ; ; ; ; ; ; ; ; ; ; ; ;12;858,119296672324
3366909;1;6;1; ; ; ; ; ; ; ; ; ; ; ; ;12;858,119296672324
3366910;1;1;2;2;70; ;2; ; ;1;2; ; ;1; ;12;485,939181797315
3366910;1;2;2;2;44; ;2; ; ;1;2; ; ;1; ;12;485,939181797315
3366910;1;3;2;2;70; ;2; ; ;1;2; ; ;1; ;12;485,939181797315
3366911;1;1;2;2;13; ;2; ; ;1;2; ; ;1; ;12;480,092280471662
3366911;1;2;1; ; ; ; ; ; ; ; ; ; ; ; ;12;480,092280471662
3366911;1;3;1; ; ; ; ; ; ; ; ; ; ; ; ;12;480,092280471662
3366911;1;4;1; ; ; ; ; ; ; ; ; ; ; ; ;12;480,092280471662
3366911;1;5;1; ; ; ; ; ; ; ; ; ; ; ; ;12;480,092280471662
3366911;1;6;1; ; ; ; ; ; ; ; ; ; ; ; ;12;480,092280471662
3366912;1;1;2;2;13; ;2; ; ;1;2; ; ;1; ;12;355,665050637127
3366912;1;2;2;2;13; ;2; ; ;1;2; ; ;1; ;12;355,665050637127
3366912;1;3;2;2;13; ;2; ; ;1;2; ; ;1; ;12;355,665050637127
3366912;1;4;1; ; ; ; ; ; ; ; ; ; ; ; ;12;355,665050637127
3366913;1;1;1; ; ; ; ; ; ; ; ; ; ; ; ;12;377,40605684416
3366913;1;2;2;2;13; ;2; ; ;1;2; ; ;1; ;12;377,40605684416
3366913;1;3;1; ; ; ; ; ; ; ; ; ; ; ; ;12;377,40605684416
3366913;1;4;1; ; ; ; ; ; ; ; ; ; ; ; ;12;377,40605684416
3366913;1;5;1; ; ; ; ; ; ; ; ; ; ; ; ;12;377,40605684416
3366914;1;1;1; ; ; ; ; ; ; ; ; ; ; ; ;12;288,108464016904
3366914;1;2;1; ; ; ; ; ; ; ; ; ; ; ; ;12;288,108464016904
3366915;1;1;2;2;23; ;2; ; ;1;2; ; ;1; ;12;356,188438048556
3366915;1;2;2;2;05; ;2; ; ;1;2; ; ;1; ;12;356,188438048556
3366915;1;3;1; ; ; ; ; ; ; ; ; ; ; ; ;12;356,188438048556
3366916;1;1;1; ; ; ; ; ; ; ; ; ; ; ; ;12;380,575063032539
3366916;1;2;1; ; ; ; ; ; ; ; ; ; ; ; ;12;380,575063032539
3366916;1;3;1; ; ; ; ; ; ; ; ; ; ; ; ;12;380,575063032539
3366916;1;4;1; ; ; ; ; ; ; ; ; ; ; ; ;12;380,575063032539
3366917;1;1;2;2;23; ;2; ; ;1;2; ; ;1; ;12;370,879898334611
3366917;1;2;1; ; ; ; ; ; ; ; ; ; ; ; ;12;370,879898334611
3366917;1;3;1; ; ; ; ; ; ; ; ; ; ; ; ;12;370,879898334611
3366918;1;1;2;2;13; ;2; ; ;1;2; ; ;1; ;12;425,881561631042
3366918;1;2;1; ; ; ; ; ; ; ; ; ; ; ; ;12;425,881561631042
3366918;1;3;1; ; ; ; ; ; ; ; ; ; ; ; ;12;425,881561631042
3366919;1;1;1; ; ; ; ; ; ; ; ; ; ; ; ;12;385,392293004616
3366919;1;2;1; ; ; ; ; ; ; ; ; ; ; ; ;12;385,392293004616
3366919;1;3;1; ; ; ; ; ; ; ; ; ; ; ; ;12;385,392293004616
3366922;1;1;1; ; ; ; ; ; ; ; ; ; ; ; ;12;416,574076368499
3366922;1;2;1; ; ; ; ; ; ; ; ; ; ; ; ;12;416,574076368499
3366922;1;3;1; ; ; ; ; ; ; ; ; ; ; ; ;12;416,574076368499
3366922;1;4;1; ; ; ; ; ; ; ; ; ; ; ; ;12;416,574076368499
3366922;1;5;1; ; ; ; ; ; ; ; ; ; ; ; ;12;416,574076368499
3366922;1;6;1; ; ; ; ; ; ; ; ; ; ; ; ;12;416,574076368499
3366922;1;7;1; ; ; ; ; ; ; ; ; ; ; ; ;12;416,574076368499
3366922;1;8;1; ; ; ; ; ; ; ; ; ; ; ; ;12;416,574076368499
3366922;1;9;1; ; ; ; ; ; ; ; ; ; ; ; ;12;416,574076368499
3366923;1;1;1; ; ; ; ; ; ; ; ; ; ; ; ;12;378,452831667017
3366923;1;2;1; ; ; ; ; ; ; ; ; ; ; ; ;12;378,452831667017
3366923;1;3;1; ; ; ; ; ; ; ; ; ; ; ; ;12;378,452831667017
3366924;1;1;1; ; ; ; ; ; ; ; ; ; ; ; ;12;443,474471061094
3366924;1;2;1; ; ; ; ; ; ; ; ; ; ; ; ;12;443,474471061094
3366924;1;3;1; ; ; ; ; ; ; ; ; ; ; ; ;12;443,474471061094
3366924;1;4;1; ; ; ; ; ; ; ; ; ; ; ; ;12;443,474471061094
3366925;1;1;1; ; ; ; ; ; ; ; ; ; ; ; ;12;539,980154772842
3366925;1;2;1; ; ; ; ; ; ; ; ; ; ; ; ;12;539,980154772842
3366925;1;3;1; ; ; ; ; ; ; ; ; ; ; ; ;12;539,980154772842
3366925;1;4;1; ; ; ; ; ; ; ; ; ; ; ; ;12;539,980154772842
3366926;1;1;2;2;70; ;2; ; ;1;2; ; ;1; ;12;378,452831667017
3366926;1;2;2;2;70; ;2; ; ;1;2; ; ;1; ;12;378,452831667017
3366926;1;3;1; ; ; ; ; ; ; ; ; ; ; ; ;12;378,452831667017
3366927;1;1;2;2;70; ;2; ; ;1;2; ; ;1; ;12;337,075703504707
3366927;1;2;1; ; ; ; ; ; ; ; ; ; ; ; ;12;337,075703504707
3366927;1;3;1; ; ; ; ; ; ; ; ; ; ; ; ;12;337,075703504707
3366927;1;4;1; ; ; ; ; ; ; ; ; ; ; ; ;12;337,075703504707
3366927;1;5;1; ; ; ; ; ; ; ; ; ; ; ; ;12;337,075703504707
3366927;1;6;1; ; ; ; ; ; ; ; ; ; ; ; ;12;337,075703504707
3366927;1;7;1; ; ; ; ; ; ; ; ; ; ; ; ;12;337,075703504707
3366929;1;1;1; ; ; ; ; ; ; ; ; ; ; ; ;12;875,95333551625
3366929;1;2;1; ; ; ; ; ; ; ; ; ; ; ; ;12;875,95333551625
3366929;1;3;1; ; ; ; ; ; ; ; ; ; ; ; ;12;875,95333551625
3366929;1;4;1; ; ; ; ; ; ; ; ; ; ; ; ;12;875,95333551625
3366929;1;5;1; ; ; ; ; ; ; ; ; ; ; ; ;12;875,95333551625
3366929;1;6;1; ; ; ; ; ; ; ; ; ; ; ; ;12;875,95333551625
3366930;1;1;2;2;13; ;2; ; ;1;2; ; ;1; ;12;658,040231976243
3366930;1;2;1; ; ; ; ; ; ; ; ; ; ; ; ;12;658,040231976243
3366930;1;3;1; ; ; ; ; ; ; ; ; ; ; ; ;12;658,040231976243
3366930;1;4;1; ; ; ; ; ; ; ; ; ; ; ; ;12;658,040231976243
3366931;1;1;1; ; ; ; ; ; ; ; ; ; ; ; ;12;653,240349117931
3366931;1;2;1; ; ; ; ; ; ; ; ; ; ; ; ;12;653,240349117931
3366933;1;1;2;2;70; ;2; ; ;1;2; ; ;1; ;12;392,551923508972
3366933;1;2;1; ; ; ; ; ; ; ; ; ; ; ; ;12;392,551923508972
3366933;1;3;1; ; ; ; ; ; ; ; ; ; ; ; ;12;392,551923508972
3366933;1;4;1; ; ; ; ; ; ; ; ; ; ; ; ;12;392,551923508972
3366933;1;5;1; ; ; ; ; ; ; ; ; ; ; ; ;12;392,551923508972
3366934;1;1;2;2;13; ;2; ; ;1;2; ; ;1; ;12;302,207555858859
3366934;1;2;1; ; ; ; ; ; ; ; ; ; ; ; ;12;302,207555858859
3366934;1;3;1; ; ; ; ; ; ; ; ; ; ; ; ;12;302,207555858859
3366934;1;4;2;3; ;3;2; ; ;1;2; ; ;1; ;12;302,207555858859
3366935;1;1;2;2;13; ;2; ; ;1;2; ; ;1; ;12;305,97801100808
3366935;1;2;1; ; ; ; ; ; ; ; ; ; ; ; ;12;305,97801100808
3366935;1;3;2;2;13; ;2; ; ;1;2; ; ;1; ;12;305,97801100808
3366935;1;4;1; ; ; ; ; ; ; ; ; ; ; ; ;12;305,97801100808
3366935;1;5;1; ; ; ; ; ; ; ; ; ; ; ; ;12;305,97801100808
3366936;1;1;2;2;13; ;2; ; ;1;2; ; ;1; ;12;440,718767700766
3366936;1;2;2;2;13; ;2; ; ;1;2; ; ;1; ;12;440,718767700766
3366936;1;3;1; ; ; ; ; ; ; ; ; ; ; ; ;12;440,718767700766
3366937;1;1;2;2;20; ;2; ; ;1;2; ; ;1; ;12;377,929444255589
3366937;1;2;1; ; ; ; ; ; ; ; ; ; ; ; ;12;377,929444255589
3366937;1;3;1; ; ; ; ; ; ; ; ; ; ; ; ;12;377,929444255589
3366937;1;4;1; ; ; ; ; ; ; ; ; ; ; ; ;12;377,929444255589
3366938;1;1;2;2;47; ;2; ; ;1;2; ; ;1; ;12;402,207057158705
3366938;1;2;1; ; ; ; ; ; ; ; ; ; ; ; ;12;402,207057158705
3366938;1;3;1; ; ; ; ; ; ; ; ; ; ; ; ;12;402,207057158705
3366939;1;1;2;2;13; ;2; ; ;1;2; ; ;1; ;12;461,343584137886
3366939;1;2;2;2;13; ;2; ; ;1;2; ; ;1; ;12;461,343584137886
3366939;1;3;1; ; ; ; ; ; ; ; ; ; ; ; ;12;461,343584137886
3366939;1;4;1; ; ; ; ; ; ; ; ; ; ; ; ;12;461,343584137886
3366939;1;5;2;2;13; ;2; ; ;1;2; ; ;1; ;12;461,343584137886
3366940;1;1;1; ; ; ; ; ; ; ; ; ; ; ; ;12;470,287031190356
3366940;1;2;2;2;23; ;2; ; ;1;2; ; ;1; ;12;470,287031190356
3366940;1;3;1; ; ; ; ; ; ; ; ; ; ; ; ;12;470,287031190356
3366940;1;4;1; ; ; ; ; ; ; ; ; ; ; ; ;12;470,287031190356
3366941;1;1;1; ; ; ; ; ; ; ; ; ; ; ; ;12;1020,8237825665
3366941;1;2;1; ; ; ; ; ; ; ; ; ; ; ; ;12;1020,8237825665
3366941;1;3;2;1; ; ;2; ; ;1;2; ; ;1; ;12;1020,8237825665
3366942;1;1;2;2;13; ;2; ; ;1;2; ; ;1; ;12;485,50187888784
3366942;1;2;1; ; ; ; ; ; ; ; ; ; ; ; ;12;485,50187888784
3366942;1;3;1; ; ; ; ; ; ; ; ; ; ; ; ;12;485,50187888784
3366943;1;1;2;2;23; ;2; ; ;1;2; ; ;1; ;12;432,931107552019
3366943;1;2;1; ; ; ; ; ; ; ; ; ; ; ; ;12;432,931107552019
3366943;1;3;1; ; ; ; ; ; ; ; ; ; ; ; ;12;432,931107552019
3366943;1;4;1; ; ; ; ; ; ; ; ; ; ; ; ;12;432,931107552019
3366945;1;1;1; ; ; ; ; ; ; ; ; ; ; ; ;12;315,514196828108
3366945;1;2;1; ; ; ; ; ; ; ; ; ; ; ; ;12;315,514196828108
3366945;1;3;1; ; ; ; ; ; ; ; ; ; ; ; ;12;315,514196828108
3366945;1;4;1; ; ; ; ; ; ; ; ; ; ; ; ;12;315,514196828108
3366945;1;5;1; ; ; ; ; ; ; ; ; ; ; ; ;12;315,514196828108
3366945;2;1;1; ; ; ; ; ; ; ; ; ; ; ; ;12;315,514196828108
3366945;2;2;1; ; ; ; ; ; ; ; ; ; ; ; ;12;315,514196828108
3366945;2;3;1; ; ; ; ; ; ; ; ; ; ; ; ;12;315,514196828108
3366946;1;1;1; ; ; ; ; ; ; ; ; ; ; ; ;12;486,253596533297
3366946;1;2;1; ; ; ; ; ; ; ; ; ; ; ; ;12;486,253596533297
3366946;1;3;1; ; ; ; ; ; ; ; ; ; ; ; ;12;486,253596533297
3366946;1;4;2;1; ; ;2; ; ;1;2; ; ;1; ;12;486,253596533297
3366946;1;5;1; ; ; ; ; ; ; ; ; ; ; ; ;12;486,253596533297
3366948;1;1;1; ; ; ; ; ; ; ; ; ; ; ; ;12;378,452831667017
3366948;1;2;2;2;13; ;2; ; ;1;2; ; ;1; ;12;378,452831667017
3366948;1;3;1; ; ; ; ; ; ; ; ; ; ; ; ;12;378,452831667017
3366949;1;1;1; ; ; ; ; ; ; ; ; ; ; ; ;12;270,476327776498
3366949;1;2;1; ; ; ; ; ; ; ; ; ; ; ; ;12;270,476327776498
3366949;1;3;1; ; ; ; ; ; ; ; ; ; ; ; ;12;270,476327776498
3366949;2;1;1; ; ; ; ; ; ; ; ; ; ; ; ;12;270,476327776498
3366949;2;2;1; ; ; ; ; ; ; ; ; ; ; ; ;12;270,476327776498
3366949;2;3;1; ; ; ; ; ; ; ; ; ; ; ; ;12;270,476327776498
3366950;1;1;1; ; ; ; ; ; ; ; ; ; ; ; ;12;381,850168089424
3366950;1;2;1; ; ; ; ; ; ; ; ; ; ; ; ;12;381,850168089424
3366950;1;3;1; ; ; ; ; ; ; ; ; ; ; ; ;12;381,850168089424
3366950;1;4;1; ; ; ; ; ; ; ; ; ; ; ; ;12;381,850168089424
3366950;1;5;1; ; ; ; ; ; ; ; ; ; ; ; ;12;381,850168089424
3366951;1;1;2;2;13; ;2; ; ;1;2; ; ;1; ;12;342,586739901906
3366951;1;2;2;2;13; ;3;13; ;1;2; ; ;1; ;12;342,586739901906
3366951;1;3;2;2;13; ;3;13; ;1;2; ; ;1; ;12;342,586739901906
3366952;1;1;1; ; ; ; ; ; ; ; ; ; ; ; ;12;370,541853840662
3366952;1;2;1; ; ; ; ; ; ; ; ; ; ; ; ;12;370,541853840662
3366952;1;3;1; ; ; ; ; ; ; ; ; ; ; ; ;12;370,541853840662
3366952;1;4;1; ; ; ; ; ; ; ; ; ; ; ; ;12;370,541853840662
3366952;1;5;1; ; ; ; ; ; ; ; ; ; ; ; ;12;370,541853840662
3366954;1;1;1; ; ; ; ; ; ; ; ; ; ; ; ;12;409,256603079682
3366954;1;2;2;2;13; ;2; ; ;1;2; ; ;1; ;12;409,256603079682
3366954;1;3;2;2;13; ;2; ; ;1;2; ; ;1; ;12;409,256603079682
3366954;1;4;1; ; ; ; ; ; ; ; ; ; ; ; ;12;409,256603079682
3366955;1;1;2;2;13; ;2; ; ;1;2; ; ;1; ;12;415,175653634005
3366955;1;2;1; ; ; ; ; ; ; ; ; ; ; ; ;12;415,175653634005
3366955;1;3;1; ; ; ; ; ; ; ; ; ; ; ; ;12;415,175653634005
3366955;1;4;1; ; ; ; ; ; ; ; ; ; ; ; ;12;415,175653634005
3366955;1;5;1; ; ; ; ; ; ; ; ; ; ; ; ;12;415,175653634005
3366955;1;6;1; ; ; ; ; ; ; ; ; ; ; ; ;12;415,175653634005
3366955;1;7;1; ; ; ; ; ; ; ; ; ; ; ; ;12;415,175653634005
3366955;1;8;1; ; ; ; ; ; ; ; ; ; ; ; ;12;415,175653634005
3366955;1;9;1; ; ; ; ; ; ; ; ; ; ; ; ;12;415,175653634005
3366956;1;1;1; ; ; ; ; ; ; ; ; ; ; ; ;12;425,881561631042
3366956;1;2;2;2;13; ;2; ; ;1;2; ; ;1; ;12;425,881561631042
3366956;1;3;2;2;13; ;2; ; ;1;2; ; ;1; ;12;425,881561631042
3366957;1;1;1; ; ; ; ; ; ; ; ; ; ; ; ;12;370,879898334611
3366957;1;2;1; ; ; ; ; ; ; ; ; ; ; ; ;12;370,879898334611
3366957;1;3;1; ; ; ; ; ; ; ; ; ; ; ; ;12;370,879898334611
3366958;1;1;1; ; ; ; ; ; ; ; ; ; ; ; ;12;410,666713933558
3366958;1;2;1; ; ; ; ; ; ; ; ; ; ; ; ;12;410,666713933558
3366958;1;3;1; ; ; ; ; ; ; ; ; ; ; ; ;12;410,666713933558
3366958;1;4;1; ; ; ; ; ; ; ; ; ; ; ; ;12;410,666713933558
3366959;1;1;1; ; ; ; ; ; ; ; ; ; ; ; ;12;409,391608876672
3366959;1;2;1; ; ; ; ; ; ; ; ; ; ; ; ;12;409,391608876672
3366959;1;3;1; ; ; ; ; ; ; ; ; ; ; ; ;12;409,391608876672
3366960;1;1;1; ; ; ; ; ; ; ; ; ; ; ; ;12;400,97154923563
3366960;1;2;1; ; ; ; ; ; ; ; ; ; ; ; ;12;400,97154923563
3366960;1;3;1; ; ; ; ; ; ; ; ; ; ; ; ;12;400,97154923563
3366963;1;1;1; ; ; ; ; ; ; ; ; ; ; ; ;12;403,362844062429
3366963;1;2;1; ; ; ; ; ; ; ; ; ; ; ; ;12;403,362844062429
3366963;1;3;1; ; ; ; ; ; ; ; ; ; ; ; ;12;403,362844062429
3366964;1;1;1; ; ; ; ; ; ; ; ; ; ; ; ;12;439,980653472996
3366964;1;2;1; ; ; ; ; ; ; ; ; ; ; ; ;12;439,980653472996
3366964;1;3;1; ; ; ; ; ; ; ; ; ; ; ; ;12;439,980653472996
3366964;1;4;1; ; ; ; ; ; ; ; ; ; ; ; ;12;439,980653472996
3366964;1;5;1; ; ; ; ; ; ; ; ; ; ; ; ;12;439,980653472996
3366965;1;1;2;2;23; ;2; ; ;1;2; ; ;1; ;12;481,208036327191
3366965;1;2;1; ; ; ; ; ; ; ; ; ; ; ; ;12;481,208036327191
3366965;1;3;1; ; ; ; ; ; ; ; ; ; ; ; ;12;481,208036327191
3366966;1;1;2;2;68; ;3;68; ;1;2; ; ;1; ;12;409,914996288101
3366966;1;2;2;2;68; ;3;68; ;1;2; ; ;1; ;12;409,914996288101
3366967;1;1;1; ; ; ; ; ; ; ; ; ; ; ; ;12;446,128736440402
3366967;1;2;1; ; ; ; ; ; ; ; ; ; ; ; ;12;446,128736440402
3366967;1;3;1; ; ; ; ; ; ; ; ; ; ; ; ;12;446,128736440402
3366967;1;4;1; ; ; ; ; ; ; ; ; ; ; ; ;12;446,128736440402
3366967;1;5;1; ; ; ; ; ; ; ; ; ; ; ; ;12;446,128736440402
3366967;1;6;1; ; ; ; ; ; ; ; ; ; ; ; ;12;446,128736440402
3366968;1;1;1; ; ; ; ; ; ; ; ; ; ; ; ;12;292,402306577553
3366968;1;2;1; ; ; ; ; ; ; ; ; ; ; ; ;12;292,402306577553
3366969;1;1;1; ; ; ; ; ; ; ; ; ; ; ; ;12;409,256603079682
3366969;1;2;1; ; ; ; ; ; ; ; ; ; ; ; ;12;409,256603079682
3366969;1;3;1; ; ; ; ; ; ; ; ; ; ; ; ;12;409,256603079682
3366969;1;4;1; ; ; ; ; ; ; ; ; ; ; ; ;12;409,256603079682
3366970;1;1;1; ; ; ; ; ; ; ; ; ; ; ; ;12;511,163608928708
3366970;1;2;1; ; ; ; ; ; ; ; ; ; ; ; ;12;511,163608928708
3366970;1;3;1; ; ; ; ; ; ; ; ; ; ; ; ;12;511,163608928708
3366970;1;4;1; ; ; ; ; ; ; ; ; ; ; ; ;12;511,163608928708
3366970;1;5;1; ; ; ; ; ; ; ; ; ; ; ; ;12;511,163608928708
3366971;1;1;1; ; ; ; ; ; ; ; ; ; ; ; ;12;455,93361539825
3366971;1;2;1; ; ; ; ; ; ; ; ; ; ; ; ;12;455,93361539825
3366972;1;1;1; ; ; ; ; ; ; ; ; ; ; ; ;12;351,538833556735
3366972;1;2;1; ; ; ; ; ; ; ; ; ; ; ; ;12;351,538833556735
3366972;1;3;1; ; ; ; ; ; ; ; ; ; ; ; ;12;351,538833556735
3366972;1;4;1; ; ; ; ; ; ; ; ; ; ; ; ;12;351,538833556735
3366973;1;1;1; ; ; ; ; ; ; ; ; ; ; ; ;12;377,929444255589
3366973;1;2;2;2;15; ;2; ; ;1;2; ; ;1; ;12;377,929444255589
3366973;1;3;1; ; ; ; ; ; ; ; ; ; ; ; ;12;377,929444255589
3366973;1;4;1; ; ; ; ; ; ; ; ; ; ; ; ;12;377,929444255589
3366974;1;1;1; ; ; ; ; ; ; ; ; ; ; ; ;12;550,523518281917
3366974;1;2;1; ; ; ; ; ; ; ; ; ; ; ; ;12;550,523518281917
3366974;1;3;1; ; ; ; ; ; ; ; ; ; ; ; ;12;550,523518281917
3366974;1;4;1; ; ; ; ; ; ; ; ; ; ; ; ;12;550,523518281917
3366975;1;1;1; ; ; ; ; ; ; ; ; ; ; ; ;12;318,454872782459
3366975;1;2;1; ; ; ; ; ; ; ; ; ; ; ; ;12;318,454872782459
3366975;1;3;1; ; ; ; ; ; ; ; ; ; ; ; ;12;318,454872782459
3366975;1;4;1; ; ; ; ; ; ; ; ; ; ; ; ;12;318,454872782459
3366976;1;1;1; ; ; ; ; ; ; ; ; ; ; ; ;12;370,879898334611
3366976;1;2;1; ; ; ; ; ; ; ; ; ; ; ; ;12;370,879898334611
3366976;1;3;1; ; ; ; ; ; ; ; ; ; ; ; ;12;370,879898334611
3366977;1;1;1; ; ; ; ; ; ; ; ; ; ; ; ;12;425,129843985585
3366978;1;1;1; ; ; ; ; ; ; ; ; ; ; ; ;12;291,540874672176
3366978;1;2;1; ; ; ; ; ; ; ; ; ; ; ; ;12;291,540874672176
3366978;1;3;1; ; ; ; ; ; ; ; ; ; ; ; ;12;291,540874672176
3366978;1;4;1; ; ; ; ; ; ; ; ; ; ; ; ;12;291,540874672176
3366978;1;5;1; ; ; ; ; ; ; ; ; ; ; ; ;12;291,540874672176
3366979;1;1;1; ; ; ; ; ; ; ; ; ; ; ; ;12;333,146333068514
3366979;1;2;1; ; ; ; ; ; ; ; ; ; ; ; ;12;333,146333068514
3366979;1;3;1; ; ; ; ; ; ; ; ; ; ; ; ;12;333,146333068514
3366979;1;4;1; ; ; ; ; ; ; ; ; ; ; ; ;12;333,146333068514
3366980;1;1;1; ; ; ; ; ; ; ; ; ; ; ; ;12;409,391608876672
3366980;1;2;1; ; ; ; ; ; ; ; ; ; ; ; ;12;409,391608876672
3366980;1;3;1; ; ; ; ; ; ; ; ; ; ; ; ;12;409,391608876672
3366983;1;1;1; ; ; ; ; ; ; ; ; ; ; ; ;12;455,93361539825
3366983;1;2;2;2;13; ;2; ; ;1;2; ; ;1; ;12;455,93361539825
3366985;1;1;1; ; ; ; ; ; ; ; ; ; ; ; ;12;1781,36775328447
3366986;1;1;1; ; ; ; ; ; ; ; ; ; ; ; ;12;1339,06024592998
3366986;1;2;2;2;52; ;2; ; ;2;2; ; ;2; ;12;1339,06024592998
3366986;1;3;1; ; ; ; ; ; ; ; ; ; ; ; ;12;1339,06024592998
3366986;1;4;1; ; ; ; ; ; ; ; ; ; ; ; ;12;1339,06024592998
3366986;1;5;1; ; ; ; ; ; ; ; ; ; ; ; ;12;1339,06024592998
3366987;1;1;1; ; ; ; ; ; ; ; ; ; ; ; ;12;1041,72098530889
3366987;1;2;1; ; ; ; ; ; ; ; ; ; ; ; ;12;1041,72098530889
3366987;1;3;1; ; ; ; ; ; ; ; ; ; ; ; ;12;1041,72098530889
3366988;1;1;1; ; ; ; ; ; ; ; ; ; ; ; ;12;1027,14028760755
3366988;1;2;1; ; ; ; ; ; ; ; ; ; ; ; ;12;1027,14028760755
3366989;1;1;1; ; ; ; ; ; ; ; ; ; ; ; ;12;1261,18919303661
3366989;1;2;1; ; ; ; ; ; ; ; ; ; ; ; ;12;1261,18919303661
3366989;1;3;1; ; ; ; ; ; ; ; ; ; ; ; ;12;1261,18919303661
3366990;1;1;1; ; ; ; ; ; ; ; ; ; ; ; ;12;1440,66238827972
3366990;1;2;1; ; ; ; ; ; ; ; ; ; ; ; ;12;1440,66238827972
3366990;1;3;1; ; ; ; ; ; ; ; ; ; ; ; ;12;1440,66238827972
3366990;1;4;1; ; ; ; ; ; ; ; ; ; ; ; ;12;1440,66238827972
3366990;1;5;1; ; ; ; ; ; ; ; ; ; ; ; ;12;1440,66238827972
3366990;1;6;1; ; ; ; ; ; ; ; ; ; ; ; ;12;1440,66238827972
3366991;1;1;2;1; ; ;2; ; ;1;2; ; ;1; ;12;4696,05939371266
3366992;1;1;1; ; ; ; ; ; ; ; ; ; ; ; ;12;5717,54130696562
3366992;1;2;1; ; ; ; ; ; ; ; ; ; ; ; ;12;5717,54130696562
3366993;1;1;1; ; ; ; ; ; ; ; ; ; ; ; ;12;6903,58287497167
3366993;1;2;1; ; ; ; ; ; ; ; ; ; ; ; ;12;6903,58287497167
3366993;1;3;1; ; ; ; ; ; ; ; ; ; ; ; ;12;6903,58287497167
3366993;1;4;1; ; ; ; ; ; ; ; ; ; ; ; ;12;6903,58287497167
3366993;1;5;1; ; ; ; ; ; ; ; ; ; ; ; ;12;6903,58287497167
3366995;1;1;1; ; ; ; ; ; ; ; ; ; ; ; ;12;6773,23253003378
3366995;1;2;1; ; ; ; ; ; ; ; ; ; ; ; ;12;6773,23253003378
3366995;1;3;1; ; ; ; ; ; ; ; ; ; ; ; ;12;6773,23253003378
3366996;1;1;1; ; ; ; ; ; ; ; ; ; ; ; ;12;5566,57751195157
3366996;1;2;1; ; ; ; ; ; ; ; ; ; ; ; ;12;5566,57751195157
3366997;1;1;1; ; ; ; ; ; ; ; ; ; ; ; ;12;6822,06658374482
3366998;1;1;2;2;52; ;2; ; ;2;2; ; ;2; ;12;940,046320986323
3366998;1;2;1; ; ; ; ; ; ; ; ; ; ; ; ;12;940,046320986323
3366999;1;1;1; ; ; ; ; ; ; ; ; ; ; ; ;12;940,046320986323
3366999;1;2;1; ; ; ; ; ; ; ; ; ; ; ; ;12;940,046320986323
3367000;1;1;1; ; ; ; ; ; ; ; ; ; ; ; ;12;1010,31515538453
3367000;1;2;2;2;76; ;2; ; ;2;2; ; ;2; ;12;1010,31515538453
3367000;1;3;2;2;76; ;2; ; ;2;2; ; ;2; ;12;1010,31515538453
3367001;1;1;1; ; ; ; ; ; ; ; ; ; ; ; ;12;988,204761160859
3367002;1;1;1; ; ; ; ; ; ; ; ; ; ; ; ;12;1421,86648883085
3367002;1;2;1; ; ; ; ; ; ; ; ; ; ; ; ;12;1421,86648883085
3367002;1;3;1; ; ; ; ; ; ; ; ; ; ; ; ;12;1421,86648883085
3367002;1;4;1; ; ; ; ; ; ; ; ; ; ; ; ;12;1421,86648883085
3367003;1;1;1; ; ; ; ; ; ; ; ; ; ; ; ;12;2083,37157145668
3367003;1;2;1; ; ; ; ; ; ; ; ; ; ; ; ;12;2083,37157145668
3367003;1;3;1; ; ; ; ; ; ; ; ; ; ; ; ;12;2083,37157145668
3367003;1;4;1; ; ; ; ; ; ; ; ; ; ; ; ;12;2083,37157145668
3367003;1;5;1; ; ; ; ; ; ; ; ; ; ; ; ;12;2083,37157145668
3367003;1;6;1; ; ; ; ; ; ; ; ; ; ; ; ;12;2083,37157145668
3367003;1;7;1; ; ; ; ; ; ; ; ; ; ; ; ;12;2083,37157145668
3367003;1;8;1; ; ; ; ; ; ; ; ; ; ; ; ;12;2083,37157145668
3367003;1;9;1; ; ; ; ; ; ; ; ; ; ; ; ;12;2083,37157145668
3367003;1;10;1; ; ; ; ; ; ; ; ; ; ; ; ;12;2083,37157145668
3367004;1;1;1; ; ; ; ; ; ; ; ; ; ; ; ;12;1448,2824951827
3367004;1;2;1; ; ; ; ; ; ; ; ; ; ; ; ;12;1448,2824951827
3367004;1;3;1; ; ; ; ; ; ; ; ; ; ; ; ;12;1448,2824951827
3367004;1;4;1; ; ; ; ; ; ; ; ; ; ; ; ;12;1448,2824951827
3367005;1;1;1; ; ; ; ; ; ; ; ; ; ; ; ;12;1909,96303602941
3367005;1;2;1; ; ; ; ; ; ; ; ; ; ; ; ;12;1909,96303602941
3367005;1;3;1; ; ; ; ; ; ; ; ; ; ; ; ;12;1909,96303602941
3367005;1;4;1; ; ; ; ; ; ; ; ; ; ; ; ;12;1909,96303602941
3367005;1;5;1; ; ; ; ; ; ; ; ; ; ; ; ;12;1909,96303602941
3367005;1;6;1; ; ; ; ; ; ; ; ; ; ; ; ;12;1909,96303602941
3367005;1;7;1; ; ; ; ; ; ; ; ; ; ; ; ;12;1909,96303602941
3367006;1;1;2;2;52; ;2; ; ;1;2; ; ;1; ;12;5566,57751195157
3367006;1;2;1; ; ; ; ; ; ; ; ; ; ; ; ;12;5566,57751195157
3367007;1;1;1; ; ; ; ; ; ; ; ; ; ; ; ;12;1229,85588508508
3367007;1;2;1; ; ; ; ; ; ; ; ; ; ; ; ;12;1229,85588508508
3367007;1;3;1; ; ; ; ; ; ; ; ; ; ; ; ;12;1229,85588508508
3367008;1;1;1; ; ; ; ; ; ; ; ; ; ; ; ;12;1041,72098530889
3367008;1;2;1; ; ; ; ; ; ; ; ; ; ; ; ;12;1041,72098530889
3367008;1;3;1; ; ; ; ; ; ; ; ; ; ; ; ;12;1041,72098530889
3367009;1;1;1; ; ; ; ; ; ; ; ; ; ; ; ;12;1042,97430247718
3367009;1;2;1; ; ; ; ; ; ; ; ; ; ; ; ;12;1042,97430247718
3367009;1;3;1; ; ; ; ; ; ; ; ; ; ; ; ;12;1042,97430247718
3367010;1;1;1; ; ; ; ; ; ; ; ; ; ; ; ;12;940,046320986323
3367010;1;2;1; ; ; ; ; ; ; ; ; ; ; ; ;12;940,046320986323
3367011;1;1;1; ; ; ; ; ; ; ; ; ; ; ; ;12;1581,94876217392
3367011;1;2;1; ; ; ; ; ; ; ; ; ; ; ; ;12;1581,94876217392
3367011;1;3;1; ; ; ; ; ; ; ; ; ; ; ; ;12;1581,94876217392
3367012;1;1;1; ; ; ; ; ; ; ; ; ; ; ; ;12;1350,34433726434
3367012;1;2;2;1; ; ;3;11; ;1;2; ; ;2; ;12;1350,34433726434
3367012;1;3;1; ; ; ; ; ; ; ; ; ; ; ; ;12;1350,34433726434
3367013;1;1;1; ; ; ; ; ; ; ; ; ; ; ; ;12;3790,69209080344
3367013;1;2;1; ; ; ; ; ; ; ; ; ; ; ; ;12;3790,69209080344
3367014;1;1;1; ; ; ; ; ; ; ; ; ; ; ; ;12;2929,48095654564
3367014;1;2;2;2;52; ;2; ; ;1;2; ; ;1; ;12;2929,48095654564
3367014;1;3;2;1; ; ;3;52; ;1;2; ; ;1; ;12;2929,48095654564
3367014;1;4;2;1; ; ;3;52; ;1;2; ; ;1; ;12;2929,48095654564
3367014;1;5;2;2;52; ;3;52; ;1;2; ; ;1; ;12;2929,48095654564
3367015;1;1;1; ; ; ; ; ; ; ; ; ; ; ; ;12;4178,81896145442
3367015;1;2;1; ; ; ; ; ; ; ; ; ; ; ; ;12;4178,81896145442
3367016;1;1;2;2;52; ;2; ; ;1;2; ; ;1; ;12;4129,98490774339
3367016;1;2;2;1; ; ;3;52; ;1;2; ; ;1; ;12;4129,98490774339
3367016;1;3;1; ; ; ; ; ; ; ; ; ; ; ; ;12;4129,98490774339
3367016;1;4;1; ; ; ; ; ; ; ; ; ; ; ; ;12;4129,98490774339
3367018;1;1;1; ; ; ; ; ; ; ; ; ; ; ; ;12;2398,14999360863
3367018;1;2;1; ; ; ; ; ; ; ; ; ; ; ; ;12;2398,14999360863
3367018;1;3;1; ; ; ; ; ; ; ; ; ; ; ; ;12;2398,14999360863
3367018;1;4;1; ; ; ; ; ; ; ; ; ; ; ; ;12;2398,14999360863
3367018;1;5;1; ; ; ; ; ; ; ; ; ; ; ; ;12;2398,14999360863
3367018;1;6;1; ; ; ; ; ; ; ; ; ; ; ; ;12;2398,14999360863
3367018;1;7;1; ; ; ; ; ; ; ; ; ; ; ; ;12;2398,14999360863
3367019;1;1;1; ; ; ; ; ; ; ; ; ; ; ; ;12;1980,9805755254
3367019;1;2;1; ; ; ; ; ; ; ; ; ; ; ; ;12;1980,9805755254
3367019;1;3;1; ; ; ; ; ; ; ; ; ; ; ; ;12;1980,9805755254
3367020;1;1;2;1; ; ;2; ; ;1;2; ; ;1; ;12;4753,79676145698
3367020;1;2;1; ; ; ; ; ; ; ; ; ; ; ; ;12;4753,79676145698
3367020;1;3;2;1; ; ;2; ; ;1;2; ; ;1; ;12;4753,79676145698
3367021;1;1;2;1; ; ;2; ; ;2;2; ; ;2; ;12;791,888545286913
3367021;1;2;1; ; ; ; ; ; ; ; ; ; ; ; ;12;791,888545286913
3367022;1;1;1; ; ; ; ; ; ; ; ; ; ; ; ;12;940,046320986323
3367022;1;2;1; ; ; ; ; ; ; ; ; ; ; ; ;12;940,046320986323
3367023;1;1;2;1; ; ;2; ; ;2;2; ; ;2; ;12;1460,80201527753
3367023;1;2;1; ; ; ; ; ; ; ; ; ; ; ; ;12;1460,80201527753
3367023;1;3;1; ; ; ; ; ; ; ; ; ; ; ; ;12;1460,80201527753
3367023;1;4;1; ; ; ; ; ; ; ; ; ; ; ; ;12;1460,80201527753
3367023;1;5;1; ; ; ; ; ; ; ; ; ; ; ; ;12;1460,80201527753
3367024;1;1;1; ; ; ; ; ; ; ; ; ; ; ; ;12;1261,18919303661
3367024;1;2;1; ; ; ; ; ; ; ; ; ; ; ; ;12;1261,18919303661
3367024;1;3;1; ; ; ; ; ; ; ; ; ; ; ; ;12;1261,18919303661
3367025;1;1;2;2;76; ;2; ; ;1;2; ; ;1; ;12;3639,72829578939
3367025;1;2;2;2;52; ;2; ; ;1;2; ; ;1; ;12;3639,72829578939
3367026;1;1;2;1; ; ;2; ; ;1;2; ; ;1; ;12;4178,81896145442
3367026;1;2;1; ; ; ; ; ; ; ; ; ; ; ; ;12;4178,81896145442
3367028;1;1;1; ; ; ; ; ; ; ; ; ; ; ; ;12;3684,12066934809
3367028;1;2;1; ; ; ; ; ; ; ; ; ; ; ; ;12;3684,12066934809
3367029;1;1;1; ; ; ; ; ; ; ; ; ; ; ; ;12;1518,53344117309
3367029;1;2;2;1; ; ;2; ; ;2;2; ; ;2; ;12;1518,53344117309
3367029;1;3;2;1; ; ;2; ; ;2;2; ; ;2; ;12;1518,53344117309
3367029;1;4;2;1; ; ;2; ; ;2;2; ; ;2; ;12;1518,53344117309
3367029;1;5;2;1; ; ;2; ; ;2;2; ; ;2; ;12;1518,53344117309
3367029;1;6;2;1; ; ;2; ; ;2;2; ; ;2; ;12;1518,53344117309
3367029;1;7;2;1; ; ;2; ; ;2;2; ; ;2; ;12;1518,53344117309
3367029;1;8;2;1; ; ;2; ; ;2;2; ; ;2; ;12;1518,53344117309
3367030;1;1;1; ; ; ; ; ; ; ; ; ; ; ; ;12;1421,86648883085
3367030;1;2;1; ; ; ; ; ; ; ; ; ; ; ; ;12;1421,86648883085
3367030;1;3;1; ; ; ; ; ; ; ; ; ; ; ; ;12;1421,86648883085
3367030;1;4;1; ; ; ; ; ; ; ; ; ; ; ; ;12;1421,86648883085
3367031;1;1;2;2;05; ;3;05; ;1;3;11; ;1; ;12;5659,1640643662
3367031;1;2;2;2;05; ;3;05; ;1;3;11; ;1; ;12;5659,1640643662
3367032;1;1;1; ; ; ; ; ; ; ; ; ; ; ; ;12;656,03355276739
3367032;1;2;1; ; ; ; ; ; ; ; ; ; ; ; ;12;656,03355276739
3367033;1;1;2;1; ; ;2; ; ;2;2; ; ;2; ;12;1093,10350987758
3367033;1;2;1; ; ; ; ; ; ; ; ; ; ; ; ;12;1093,10350987758
3367033;1;3;1; ; ; ; ; ; ; ; ; ; ; ; ;12;1093,10350987758
3367033;1;4;1; ; ; ; ; ; ; ; ; ; ; ; ;12;1093,10350987758
3367033;1;5;1; ; ; ; ; ; ; ; ; ; ; ; ;12;1093,10350987758
3367034;1;1;1; ; ; ; ; ; ; ; ; ; ; ; ;12;951,312523912862
3367034;1;2;1; ; ; ; ; ; ; ; ; ; ; ; ;12;951,312523912862
3367034;1;3;1; ; ; ; ; ; ; ; ; ; ; ; ;12;951,312523912862
3367035;1;1;1; ; ; ; ; ; ; ; ; ; ; ; ;12;2141,65787131964
3367035;1;2;1; ; ; ; ; ; ; ; ; ; ; ; ;12;2141,65787131964
3367035;1;3;1; ; ; ; ; ; ; ; ; ; ; ; ;12;2141,65787131964
3367035;1;4;1; ; ; ; ; ; ; ; ; ; ; ; ;12;2141,65787131964
3367036;1;1;1; ; ; ; ; ; ; ; ; ; ; ; ;12;1409,34696873602
3367036;1;2;1; ; ; ; ; ; ; ; ; ; ; ; ;12;1409,34696873602
3367036;1;3;2;1; ; ;2; ; ;2;2; ; ;2; ;12;1409,34696873602
3367037;1;1;1; ; ; ; ; ; ; ; ; ; ; ; ;12;940,046320986323
3367037;1;2;1; ; ; ; ; ; ; ; ; ; ; ; ;12;940,046320986323
3367038;1;1;1; ; ; ; ; ; ; ; ; ; ; ; ;12;1980,9805755254
3367038;1;2;1; ; ; ; ; ; ; ; ; ; ; ; ;12;1980,9805755254
3367038;1;3;1; ; ; ; ; ; ; ; ; ; ; ; ;12;1980,9805755254
3367039;1;1;1; ; ; ; ; ; ; ; ; ; ; ; ;12;1459,54869810924
3367039;1;2;2;2;52; ;2; ; ;2;2; ; ;2; ;12;1459,54869810924
3367039;1;3;1; ; ; ; ; ; ; ; ; ; ; ; ;12;1459,54869810924
3367039;1;4;1; ; ; ; ; ; ; ; ; ; ; ; ;12;1459,54869810924
3367039;1;5;1; ; ; ; ; ; ; ; ; ; ; ; ;12;1459,54869810924
3367040;1;1;2;1; ; ;2; ; ;2;2; ; ;2; ;12;1812,23659764925
3367040;1;2;1; ; ; ; ; ; ; ; ; ; ; ; ;12;1812,23659764925
3367040;1;3;1; ; ; ; ; ; ; ; ; ; ; ; ;12;1812,23659764925
3367040;1;4;1; ; ; ; ; ; ; ; ; ; ; ; ;12;1812,23659764925
3367040;1;5;1; ; ; ; ; ; ; ; ; ; ; ; ;12;1812,23659764925
3367040;1;6;1; ; ; ; ; ; ; ; ; ; ; ; ;12;1812,23659764925
3367040;1;7;1; ; ; ; ; ; ; ; ; ; ; ; ;12;1812,23659764925
3367041;1;1;1; ; ; ; ; ; ; ; ; ; ; ; ;12;1263,90866536024
3367043;1;1;2;1; ; ;2; ; ;2;2; ; ;2; ;12;1190,9203586384
3367043;1;2;1; ; ; ; ; ; ; ; ; ; ; ; ;12;1190,9203586384
3367044;1;1;2;1; ; ;2; ; ;2;3;41; ;2; ;12;1980,9805755254
3367044;1;2;1; ; ; ; ; ; ; ; ; ; ; ; ;12;1980,9805755254
3367044;1;3;1; ; ; ; ; ; ; ; ; ; ; ; ;12;1980,9805755254
3367045;1;1;2;2;52; ;2; ; ;1;2; ; ;1; ;12;4696,05939371266
3367047;1;1;1; ; ; ; ; ; ; ; ; ; ; ; ;12;3790,69209080344
3367047;1;2;1; ; ; ; ; ; ; ; ; ; ; ; ;12;3790,69209080344
3367048;1;1;2;1; ; ;2; ; ;1;2; ; ;1; ;12;2929,48095654564
3367048;1;2;2;1; ; ;2; ; ;1;2; ; ;1; ;12;2929,48095654564
3367048;1;3;2;1; ; ;2; ; ;1;2; ; ;1; ;12;2929,48095654564
3367050;1;1;1; ; ; ; ; ; ; ; ; ; ; ; ;12;1339,65526838115
3367050;1;2;1; ; ; ; ; ; ; ; ; ; ; ; ;12;1339,65526838115
3367050;1;3;1; ; ; ; ; ; ; ; ; ; ; ; ;12;1339,65526838115
3367050;1;4;1; ; ; ; ; ; ; ; ; ; ; ; ;12;1339,65526838115
3367050;1;5;1; ; ; ; ; ; ; ; ; ; ; ; ;12;1339,65526838115
3367050;1;6;1; ; ; ; ; ; ; ; ; ; ; ; ;12;1339,65526838115
3367050;1;7;1; ; ; ; ; ; ; ; ; ; ; ; ;12;1339,65526838115
3367051;1;1;1; ; ; ; ; ; ; ; ; ; ; ; ;12;1980,9805755254
3367051;1;2;1; ; ; ; ; ; ; ; ; ; ; ; ;12;1980,9805755254
3367051;1;3;1; ; ; ; ; ; ; ; ; ; ; ; ;12;1980,9805755254
3367052;1;1;2;1; ; ;2; ; ;2;2; ; ;2; ;12;1389,27986371103
3367052;1;2;1; ; ; ; ; ; ; ; ; ; ; ; ;12;1389,27986371103
3367052;1;3;1; ; ; ; ; ; ; ; ; ; ; ; ;12;1389,27986371103
3367052;1;4;1; ; ; ; ; ; ; ; ; ; ; ; ;12;1389,27986371103
3367053;1;1;1; ; ; ; ; ; ; ; ; ; ; ; ;12;1781,36775328447
3367054;1;1;1; ; ; ; ; ; ; ; ; ; ; ; ;12;1261,18919303661
3367054;1;2;2;2;52; ;2; ; ;2;2; ; ;2; ;12;1261,18919303661
3367054;1;3;2;2;86; ;2; ; ;2;2; ; ;2; ;12;1261,18919303661
3367055;1;1;2;2;52; ;2; ; ;2;2; ; ;2; ;12;1097,40912200576
3367055;1;2;1; ; ; ; ; ; ; ; ; ; ; ; ;12;1097,40912200576
3367055;1;3;1; ; ; ; ; ; ; ; ; ; ; ; ;12;1097,40912200576
3367056;1;1;1; ; ; ; ; ; ; ; ; ; ; ; ;12;673,461270714167
3367056;1;2;1; ; ; ; ; ; ; ; ; ; ; ; ;12;673,461270714167
3367057;1;1;2;2;52; ;2; ; ;2;2; ; ;2; ;12;1457,50540891055
3367057;1;2;2;2;52; ;2; ; ;2;2; ; ;2; ;12;1457,50540891055
3367058;1;1;1; ; ; ; ; ; ; ; ; ; ; ; ;12;1010,31515538453
3367058;1;2;1; ; ; ; ; ; ; ; ; ; ; ; ;12;1010,31515538453
3367058;1;3;1; ; ; ; ; ; ; ; ; ; ; ; ;12;1010,31515538453
3367059;1;1;1; ; ; ; ; ; ; ; ; ; ; ; ;12;656,03355276739
3367059;1;2;1; ; ; ; ; ; ; ; ; ; ; ; ;12;656,03355276739
3367060;1;1;1; ; ; ; ; ; ; ; ; ; ; ; ;12;1350,34433726434
3367060;1;2;1; ; ; ; ; ; ; ; ; ; ; ; ;12;1350,34433726434
3367060;1;3;1; ; ; ; ; ; ; ; ; ; ; ; ;12;1350,34433726434
3367061;1;1;1; ; ; ; ; ; ; ; ; ; ; ; ;12;1229,85588508508
3367061;1;2;1; ; ; ; ; ; ; ; ; ; ; ; ;12;1229,85588508508
3367061;1;3;1; ; ; ; ; ; ; ; ; ; ; ; ;12;1229,85588508508
3367062;1;1;1; ; ; ; ; ; ; ; ; ; ; ; ;12;1229,85588508508
3367062;1;2;1; ; ; ; ; ; ; ; ; ; ; ; ;12;1229,85588508508
3367062;1;3;1; ; ; ; ; ; ; ; ; ; ; ; ;12;1229,85588508508
3367063;1;1;1; ; ; ; ; ; ; ; ; ; ; ; ;12;1457,50540891055
3367063;1;2;1; ; ; ; ; ; ; ; ; ; ; ; ;12;1457,50540891055
3367064;1;1;1; ; ; ; ; ; ; ; ; ; ; ; ;12;1190,9203586384
3367064;1;2;1; ; ; ; ; ; ; ; ; ; ; ; ;12;1190,9203586384
3367065;1;1;2;1; ; ;2; ; ;2;2; ; ;2; ;12;919,979215961339
3367065;1;2;2;1; ; ;2; ; ;2;2; ; ;2; ;12;919,979215961339
3367065;1;3;1; ; ; ; ; ; ; ; ; ; ; ; ;12;919,979215961339
3367066;1;1;2;2;52; ;2; ; ;2;2; ; ;2; ;12;1268,79141153177
3367066;1;2;2;1; ; ;2; ; ;2;2; ; ;2; ;12;1268,79141153177
3367066;1;3;2;2;52; ;2; ; ;2;2; ; ;2; ;12;1268,79141153177
3367066;1;4;2;2;52; ;2; ; ;2;2; ; ;2; ;12;1268,79141153177
3367067;1;1;1; ; ; ; ; ; ; ; ; ; ; ; ;12;830,824071733601
3367067;1;2;1; ; ; ; ; ; ; ; ; ; ; ; ;12;830,824071733601
3367067;1;3;1; ; ; ; ; ; ; ; ; ; ; ; ;12;830,824071733601
3367068;1;1;2;2;52; ;2; ; ;2;2; ; ;2; ;12;1297,82980468491
3367068;1;2;1; ; ; ; ; ; ; ; ; ; ; ; ;12;1297,82980468491
3367068;1;3;1; ; ; ; ; ; ; ; ; ; ; ; ;12;1297,82980468491
3367068;1;4;1; ; ; ; ; ; ; ; ; ; ; ; ;12;1297,82980468491
3367068;1;5;1; ; ; ; ; ; ; ; ; ; ; ; ;12;1297,82980468491
3367069;1;1;1; ; ; ; ; ; ; ; ; ; ; ; ;12;1421,27146637968
3367069;1;2;2;2;52; ;3;52; ;2;3;52; ;2; ;12;1421,27146637968
3367070;1;1;1; ; ; ; ; ; ; ; ; ; ; ; ;12;1851,17212409593
3367070;1;2;1; ; ; ; ; ; ; ; ; ; ; ; ;12;1851,17212409593
3367070;1;3;1; ; ; ; ; ; ; ; ; ; ; ; ;12;1851,17212409593
3367070;1;4;1; ; ; ; ; ; ; ; ; ; ; ; ;12;1851,17212409593
3367070;1;5;2;1; ; ;2; ; ;1;2; ; ;2; ;12;1851,17212409593
3367070;1;6;1; ; ; ; ; ; ; ; ; ; ; ; ;12;1851,17212409593
3367070;1;7;1; ; ; ; ; ; ; ; ; ; ; ; ;12;1851,17212409593
3367070;1;8;1; ; ; ; ; ; ; ; ; ; ; ; ;12;1851,17212409593
3367071;1;1;1; ; ; ; ; ; ; ; ; ; ; ; ;12;1080,65651175558
3367071;1;2;1; ; ; ; ; ; ; ; ; ; ; ; ;12;1080,65651175558
3367071;1;3;1; ; ; ; ; ; ; ; ; ; ; ; ;12;1080,65651175558
3367071;1;4;1; ; ; ; ; ; ; ; ; ; ; ; ;12;1080,65651175558
3367072;1;1;1; ; ; ; ; ; ; ; ; ; ; ; ;12;1389,27986371103
3367072;1;2;1; ; ; ; ; ; ; ; ; ; ; ; ;12;1389,27986371103
3367072;1;3;1; ; ; ; ; ; ; ; ; ; ; ; ;12;1389,27986371103
3367072;1;4;1; ; ; ; ; ; ; ; ; ; ; ; ;12;1389,27986371103
3367073;1;1;1; ; ; ; ; ; ; ; ; ; ; ; ;12;940,046320986323
3367073;1;2;1; ; ; ; ; ; ; ; ; ; ; ; ;12;940,046320986323
3367074;1;1;1; ; ; ; ; ; ; ; ; ; ; ; ;12;1190,9203586384
3367074;1;2;2;2;52; ;2; ; ;2;2; ; ;2; ;12;1190,9203586384
3367075;1;1;2;2;52; ;2; ; ;2;2; ; ;2; ;12;940,046320986323
3367075;1;2;1; ; ; ; ; ; ; ; ; ; ; ; ;12;940,046320986323
3367076;1;1;2;1; ; ;2; ; ;2;2; ; ;2; ;12;1229,85588508508
3367076;1;2;2;2;52; ;2; ; ;2;2; ; ;2; ;12;1229,85588508508
3367076;1;3;2;2;52; ;2; ; ;2;2; ; ;2; ;12;1229,85588508508
3367077;1;1;1; ; ; ; ; ; ; ; ; ; ; ; ;12;1142,76191846386
3367077;1;2;1; ; ; ; ; ; ; ; ; ; ; ; ;12;1142,76191846386
3367077;1;3;2;1; ; ;2; ; ;2;2; ; ;2; ;12;1142,76191846386
3367078;1;1;1; ; ; ; ; ; ; ; ; ; ; ; ;12;664,342416786938
3367078;1;2;1; ; ; ; ; ; ; ; ; ; ; ; ;12;664,342416786938
3367079;1;1;2;1; ; ;2; ; ;2;2; ; ;2; ;12;1251,96627930876
3367079;1;2;2;2;19; ;3;19; ;1;2; ; ;2; ;12;1251,96627930876
3367079;1;3;1; ; ; ; ; ; ; ; ; ; ; ; ;12;1251,96627930876
3367079;1;4;2;2;19; ;3;19; ;1;2; ; ;2; ;12;1251,96627930876
3367079;1;5;2;2;19; ;2; ; ;1;2; ; ;2; ;12;1251,96627930876
3367080;1;1;2;2;52; ;2; ; ;2;2; ; ;2; ;12;1549,88463753244
3367080;1;2;2;2;52; ;2; ; ;2;2; ; ;2; ;12;1549,88463753244
3367080;1;3;1; ; ; ; ; ; ; ; ; ; ; ; ;12;1549,88463753244
3367080;1;4;1; ; ; ; ; ; ; ; ; ; ; ; ;12;1549,88463753244
3367080;1;5;1; ; ; ; ; ; ; ; ; ; ; ; ;12;1549,88463753244
3367081;1;1;1; ; ; ; ; ; ; ; ; ; ; ; ;12;1409,34696873602
3367081;1;2;1; ; ; ; ; ; ; ; ; ; ; ; ;12;1409,34696873602
3367081;1;3;1; ; ; ; ; ; ; ; ; ; ; ; ;12;1409,34696873602
3367082;1;1;1; ; ; ; ; ; ; ; ; ; ; ; ;12;1582,54378462509
3367082;1;2;1; ; ; ; ; ; ; ; ; ; ; ; ;12;1582,54378462509
3367082;1;3;1; ; ; ; ; ; ; ; ; ; ; ; ;12;1582,54378462509
3367082;1;4;1; ; ; ; ; ; ; ; ; ; ; ; ;12;1582,54378462509
3367082;1;5;1; ; ; ; ; ; ; ; ; ; ; ; ;12;1582,54378462509
3367083;1;1;2;2;52; ;2; ; ;2;2; ; ;2; ;12;1351,59765443264
3367083;1;2;1; ; ; ; ; ; ; ; ; ; ; ; ;12;1351,59765443264
3367083;1;3;1; ; ; ; ; ; ; ; ; ; ; ; ;12;1351,59765443264
3367084;1;1;1; ; ; ; ; ; ; ; ; ; ; ; ;12;1781,36775328447
3367085;1;1;2;2;52; ;2; ; ;2;3;41; ;2; ;12;1350,34433726434
3367085;1;2;1; ; ; ; ; ; ; ; ; ; ; ; ;12;1350,34433726434
3367085;1;3;1; ; ; ; ; ; ; ; ; ; ; ; ;12;1350,34433726434
3367086;1;1;1; ; ; ; ; ; ; ; ; ; ; ; ;12;656,03355276739
3367086;1;2;1; ; ; ; ; ; ; ; ; ; ; ; ;12;656,03355276739
3367087;1;1;1; ; ; ; ; ; ; ; ; ; ; ; ;12;1351,59765443264
3367087;1;2;1; ; ; ; ; ; ; ; ; ; ; ; ;12;1351,59765443264
3367087;1;3;1; ; ; ; ; ; ; ; ; ; ; ; ;12;1351,59765443264
3367088;1;1;2;1; ; ;2; ; ;2;2; ; ;2; ;12;1229,85588508508
3367088;1;2;2;1; ; ;2; ; ;2;2; ; ;2; ;12;1229,85588508508
3367088;1;3;1; ; ; ; ; ; ; ; ; ; ; ; ;12;1229,85588508508
3367089;1;1;1; ; ; ; ; ; ; ; ; ; ; ; ;12;1268,79141153177
3367089;1;2;1; ; ; ; ; ; ; ; ; ; ; ; ;12;1268,79141153177
3367089;1;3;1; ; ; ; ; ; ; ; ; ; ; ; ;12;1268,79141153177
3367089;1;4;1; ; ; ; ; ; ; ; ; ; ; ; ;12;1268,79141153177
3367090;1;1;1; ; ; ; ; ; ; ; ; ; ; ; ;12;1041,72098530889
3367090;1;2;2;2;52; ;2; ; ;2;2; ; ;2; ;12;1041,72098530889
3367090;1;3;2;2;52; ;1; ; ; ;1; ; ; ; ;12;1041,72098530889
3367091;1;1;2;2;52; ;2; ; ;2;2; ; ;2; ;12;1457,50540891055
3367091;1;2;1; ; ; ; ; ; ; ; ; ; ; ; ;12;1457,50540891055
3367092;1;1;1; ; ; ; ; ; ; ; ; ; ; ; ;12;1512,27495022688
3367092;1;2;1; ; ; ; ; ; ; ; ; ; ; ; ;12;1512,27495022688
3367092;1;3;1; ; ; ; ; ; ; ; ; ; ; ; ;12;1512,27495022688
3367092;1;4;1; ; ; ; ; ; ; ; ; ; ; ; ;12;1512,27495022688
3367093;1;1;1; ; ; ; ; ; ; ; ; ; ; ; ;12;1509,76831589029
3367093;1;2;1; ; ; ; ; ; ; ; ; ; ; ; ;12;1509,76831589029
3367093;1;3;1; ; ; ; ; ; ; ; ; ; ; ; ;12;1509,76831589029
3367093;1;4;1; ; ; ; ; ; ; ; ; ; ; ; ;12;1509,76831589029
3367094;1;1;1; ; ; ; ; ; ; ; ; ; ; ; ;12;1017,85410161374
3367094;1;2;1; ; ; ; ; ; ; ; ; ; ; ; ;12;1017,85410161374
3367094;1;3;2;1; ; ;2; ; ;2;2; ; ;2; ;12;1017,85410161374
3367094;1;4;2;1; ; ;2; ; ;2;2; ; ;2; ;12;1017,85410161374
3367094;1;5;1; ; ; ; ; ; ; ; ; ; ; ; ;12;1017,85410161374
3367094;1;6;1; ; ; ; ; ; ; ; ; ; ; ; ;12;1017,85410161374
3367094;1;7;2;2;52; ;2; ; ;2;2; ; ;2; ;12;1017,85410161374
3367094;1;8;2;2;52; ;2; ; ;2;2; ; ;2; ;12;1017,85410161374
3367095;1;1;1; ; ; ; ; ; ; ; ; ; ; ; ;12;813,998939510588
3367095;1;2;2;2;52; ;2; ; ;2;2; ; ;2; ;12;813,998939510588
3367095;1;3;2;2;52; ;2; ; ;2;2; ; ;2; ;12;813,998939510588
3367095;1;4;2;2;52; ;2; ; ;2;2; ; ;2; ;12;813,998939510588
3367096;1;1;1; ; ; ; ; ; ; ; ; ; ; ; ;12;1261,18919303661
3367096;1;2;1; ; ; ; ; ; ; ; ; ; ; ; ;12;1261,18919303661
3367096;1;3;1; ; ; ; ; ; ; ; ; ; ; ; ;12;1261,18919303661
3367097;1;1;1; ; ; ; ; ; ; ; ; ; ; ; ;12;1659,16152035017
3367097;1;2;1; ; ; ; ; ; ; ; ; ; ; ; ;12;1659,16152035017
3367097;1;3;2;1; ; ;2; ; ;2;2; ; ;2; ;12;1659,16152035017
3367097;1;4;1; ; ; ; ; ; ; ; ; ; ; ; ;12;1659,16152035017
3367097;1;5;1; ; ; ; ; ; ; ; ; ; ; ; ;12;1659,16152035017
3367097;1;6;1; ; ; ; ; ; ; ; ; ; ; ; ;12;1659,16152035017
3367097;1;7;2;2;52; ;2; ; ;2;2; ; ;2; ;12;1659,16152035017
3367098;1;1;1; ; ; ; ; ; ; ; ; ; ; ; ;12;1510,42661060742
3367098;1;2;1; ; ; ; ; ; ; ; ; ; ; ; ;12;1510,42661060742
3367099;1;1;1; ; ; ; ; ; ; ; ; ; ; ; ;12;991,501367527841
3367099;1;2;2;1; ; ;2; ; ;2;2; ; ;2; ;12;991,501367527841
3367099;1;3;1; ; ; ; ; ; ; ; ; ; ; ; ;12;991,501367527841
3367099;1;4;2;2;52; ;1; ; ; ;2; ; ;2; ;12;991,501367527841
3367100;1;1;1; ; ; ; ; ; ; ; ; ; ; ; ;12;1616,9293875365
3367100;1;2;1; ; ; ; ; ; ; ; ; ; ; ; ;12;1616,9293875365
3367100;1;3;2;2;52; ;2; ; ;2;2; ; ;2; ;12;1616,9293875365
3367101;1;1;2;1; ; ;2; ; ;2;2; ; ;2; ;12;830,824071733601
3367101;1;2;1; ; ; ; ; ; ; ; ; ; ; ; ;12;830,824071733601
3367101;1;3;1; ; ; ; ; ; ; ; ; ; ; ; ;12;830,824071733601
3367102;1;1;2;2;52; ;2; ; ;2;2; ; ;2; ;12;1390,53318087932
3367102;1;2;2;2;52; ;2; ; ;2;2; ; ;2; ;12;1390,53318087932
3367102;1;3;1; ; ; ; ; ; ; ; ; ; ; ; ;12;1390,53318087932
3367102;1;4;1; ; ; ; ; ; ; ; ; ; ; ; ;12;1390,53318087932
3367103;1;1;1; ; ; ; ; ; ; ; ; ; ; ; ;12;712,396797160854
3367103;1;2;2;2;52; ;2; ; ;2;2; ; ;2; ;12;712,396797160854
3367103;1;3;1; ; ; ; ; ; ; ; ; ; ; ; ;12;712,396797160854
3367104;1;1;1; ; ; ; ; ; ; ; ; ; ; ; ;12;1924,08350456333
3367104;1;2;1; ; ; ; ; ; ; ; ; ; ; ; ;12;1924,08350456333
3367104;1;3;1; ; ; ; ; ; ; ; ; ; ; ; ;12;1924,08350456333
3367104;1;4;1; ; ; ; ; ; ; ; ; ; ; ; ;12;1924,08350456333
3367105;1;1;1; ; ; ; ; ; ; ; ; ; ; ; ;12;1720,99320450938
3367105;1;2;1; ; ; ; ; ; ; ; ; ; ; ; ;12;1720,99320450938
3367106;1;1;1; ; ; ; ; ; ; ; ; ; ; ; ;12;1529,59503286389
3367106;1;2;1; ; ; ; ; ; ; ; ; ; ; ; ;12;1529,59503286389
3367107;1;1;2;1; ; ;2; ; ;2;2; ; ;2; ;12;1358,45635571398
3367107;1;2;2;1; ; ;2; ; ;2;2; ; ;2; ;12;1358,45635571398
3367108;1;1;1; ; ; ; ; ; ; ; ; ; ; ; ;12;1529,59503286389
3367108;1;2;1; ; ; ; ; ; ; ; ; ; ; ; ;12;1529,59503286389
3367109;1;1;1; ; ; ; ; ; ; ; ; ; ; ; ;12;1358,45635571398
3367109;1;2;1; ; ; ; ; ; ; ; ; ; ; ; ;12;1358,45635571398
3367110;1;1;2;1; ; ;2; ; ;2;2; ; ;2; ;12;1777,25874396607
3367110;1;2;1; ; ; ; ; ; ; ; ; ; ; ; ;12;1777,25874396607
3367110;1;3;1; ; ; ; ; ; ; ; ; ; ; ; ;12;1777,25874396607
3367111;1;1;1; ; ; ; ; ; ; ; ; ; ; ; ;12;1099,0746657524
3367111;1;2;1; ; ; ; ; ; ; ; ; ; ; ; ;12;1099,0746657524
3367112;1;1;1; ; ; ; ; ; ; ; ; ; ; ; ;12;948,030888928346
3367112;1;2;1; ; ; ; ; ; ; ; ; ; ; ; ;12;948,030888928346
3367112;1;3;1; ; ; ; ; ; ; ; ; ; ; ; ;12;948,030888928346
3367112;1;4;1; ; ; ; ; ; ; ; ; ; ; ; ;12;948,030888928346
3367112;1;5;1; ; ; ; ; ; ; ; ; ; ; ; ;12;948,030888928346
3367113;1;1;1; ; ; ; ; ; ; ; ; ; ; ; ;12;1428,04988283691
3367114;1;1;1; ; ; ; ; ; ; ; ; ; ; ; ;12;973,215599172783
3367114;1;2;1; ; ; ; ; ; ; ; ; ; ; ; ;12;973,215599172783
3367115;1;1;2;1; ; ;2; ; ;2;2; ; ;2; ;12;2286,0664441878
3367115;1;2;2;1; ; ;2; ; ;2;2; ; ;2; ;12;2286,0664441878
3367115;1;3;1; ; ; ; ; ; ; ; ; ; ; ; ;12;2286,0664441878
3367116;1;1;2;1; ; ;2; ; ;2;2; ; ;2; ;12;1826,46825073376
3367117;1;1;1; ; ; ; ; ; ; ; ; ; ; ; ;12;1183,38778236667
3367117;1;2;1; ; ; ; ; ; ; ; ; ; ; ; ;12;1183,38778236667
3367117;1;3;1; ; ; ; ; ; ; ; ; ; ; ; ;12;1183,38778236667
3367117;1;4;1; ; ; ; ; ; ; ; ; ; ; ; ;12;1183,38778236667
3367118;1;1;2;1; ; ;2; ; ;2;2; ; ;2; ;12;2063,90709774025
3367118;1;2;2;2;52; ;2; ; ;2;2; ; ;2; ;12;2063,90709774025
3367118;1;3;2;2;52; ;2; ; ;2;2; ; ;2; ;12;2063,90709774025
3367118;1;4;2;2;52; ;2; ; ;2;2; ; ;2; ;12;2063,90709774025
3367118;1;5;1; ; ; ; ; ; ; ; ; ; ; ; ;12;2063,90709774025
3367119;1;1;2;1; ; ;2; ; ;2;2; ; ;2; ;12;948,030888928346
3367119;1;2;1; ; ; ; ; ; ; ; ; ; ; ; ;12;948,030888928346
3367119;1;3;2;1; ; ;2; ; ;2;2; ; ;2; ;12;948,030888928346
3367119;1;4;2;1; ; ;2; ; ;2;2; ; ;2; ;12;948,030888928346
3367119;1;5;2;1; ; ;2; ; ;2;2; ; ;2; ;12;948,030888928346
3367120;1;1;2;1; ; ;2; ; ;2;2; ; ;2; ;12;2181,75883314435
3367120;1;2;1; ; ; ; ; ; ; ; ; ; ; ; ;12;2181,75883314435
3367120;1;3;1; ; ; ; ; ; ; ; ; ; ; ; ;12;2181,75883314435
3367120;1;4;1; ; ; ; ; ; ; ; ; ; ; ; ;12;2181,75883314435
3367121;1;1;1; ; ; ; ; ; ; ; ; ; ; ; ;12;1924,08350456333
3367121;1;2;1; ; ; ; ; ; ; ; ; ; ; ; ;12;1924,08350456333
3367121;1;3;1; ; ; ; ; ; ; ; ; ; ; ; ;12;1924,08350456333
3367121;1;4;1; ; ; ; ; ; ; ; ; ; ; ; ;12;1924,08350456333
3367122;1;1;2;2;52; ;2; ; ;2;2; ; ;2; ;12;1645,9645735316
3367122;1;2;1; ; ; ; ; ; ; ; ; ; ; ; ;12;1645,9645735316
3367122;1;3;1; ; ; ; ; ; ; ; ; ; ; ; ;12;1645,9645735316
3367122;1;4;1; ; ; ; ; ; ; ; ; ; ; ; ;12;1645,9645735316
3367122;1;5;1; ; ; ; ; ; ; ; ; ; ; ; ;12;1645,9645735316
3367122;1;6;1; ; ; ; ; ; ; ; ; ; ; ; ;12;1645,9645735316
3367123;1;1;2;2;52; ;2; ; ;2;2; ; ;2; ;12;1651,39967738645
3367123;1;2;2;2;52; ;2; ; ;2;2; ; ;2; ;12;1651,39967738645
3367123;1;3;2;2;52; ;2; ; ;2;2; ; ;2; ;12;1651,39967738645
3367124;1;1;2;1; ; ;2; ; ;2;2; ; ;2; ;12;1275,00310314315
3367124;1;2;2;2;52; ;1; ; ; ;2; ; ;2; ;12;1275,00310314315
3367125;1;1;2;2;52; ;2; ; ;2;2; ; ;2; ;12;1331,26864259984
3367125;1;2;1; ; ; ; ; ; ; ; ; ; ; ; ;12;1331,26864259984
3367125;1;3;1; ; ; ; ; ; ; ; ; ; ; ; ;12;1331,26864259984
3367126;1;1;1; ; ; ; ; ; ; ; ; ; ; ; ;12;1953,18718135682
3367126;1;2;1; ; ; ; ; ; ; ; ; ; ; ; ;12;1953,18718135682
3367126;1;3;1; ; ; ; ; ; ; ; ; ; ; ; ;12;1953,18718135682
3367127;1;1;2;1; ; ;2; ; ;2;2; ; ;2; ;12;1572,53258465434
3367127;1;2;1; ; ; ; ; ; ; ; ; ; ; ; ;12;1572,53258465434
3367127;1;3;1; ; ; ; ; ; ; ; ; ; ; ; ;12;1572,53258465434
3367127;1;4;1; ; ; ; ; ; ; ; ; ; ; ; ;12;1572,53258465434
3367127;1;5;1; ; ; ; ; ; ; ; ; ; ; ; ;12;1572,53258465434
3367128;1;1;2;1; ; ;3;52; ;1;2; ; ;2; ;12;1478,0934031971
3367128;1;2;2;1; ; ;3;52; ;1;2; ; ;2; ;12;1478,0934031971
3367128;1;3;2;1; ; ;3;52; ;1;2; ; ;2; ;12;1478,0934031971
3367128;1;4;2;1; ; ;3;52; ;1;2; ; ;2; ;12;1478,0934031971
3367129;1;1;1; ; ; ; ; ; ; ; ; ; ; ; ;12;1720,99320450938
3367129;1;2;2;2;52; ;2; ; ;2;2; ; ;2; ;12;1720,99320450938
3367130;1;1;1; ; ; ; ; ; ; ; ; ; ; ; ;12;1826,46825073376
3367131;1;1;1; ; ; ; ; ; ; ; ; ; ; ; ;12;1358,45635571398
3367131;1;2;1; ; ; ; ; ; ; ; ; ; ; ; ;12;1358,45635571398
3367132;1;1;1; ; ; ; ; ; ; ; ; ; ; ; ;12;1951,37601882687
3367132;1;2;2;1; ; ;2; ; ;2;2; ; ;2; ;12;1951,37601882687
3367132;1;3;1; ; ; ; ; ; ; ; ; ; ; ; ;12;1951,37601882687
3367133;1;1;1; ; ; ; ; ; ; ; ; ; ; ; ;12;2630,51139552705
3367133;1;2;2;2;18; ;2; ; ;2;2; ; ;2; ;12;2630,51139552705
3367134;1;1;1; ; ; ; ; ; ; ; ; ; ; ; ;12;1252,9813094896
3367134;1;2;1; ; ; ; ; ; ; ; ; ; ; ; ;12;1252,9813094896
3367134;1;3;1; ; ; ; ; ; ; ; ; ; ; ; ;12;1252,9813094896
3367135;1;1;1; ; ; ; ; ; ; ; ; ; ; ; ;12;1720,99320450938
3367135;1;2;1; ; ; ; ; ; ; ; ; ; ; ; ;12;1720,99320450938
3367136;1;1;1; ; ; ; ; ; ; ; ; ; ; ; ;12;1433,98122780776
3367136;1;2;1; ; ; ; ; ; ; ; ; ; ; ; ;12;1433,98122780776
3367136;1;3;1; ; ; ; ; ; ; ; ; ; ; ; ;12;1433,98122780776
3367136;1;4;1; ; ; ; ; ; ; ; ; ; ; ; ;12;1433,98122780776
3367137;1;1;2;2;52; ;2; ; ;2;2; ; ;2; ;12;2063,90709774025
3367137;1;2;1; ; ; ; ; ; ; ; ; ; ; ; ;12;2063,90709774025
3367137;1;3;1; ; ; ; ; ; ; ; ; ; ; ; ;12;2063,90709774025
3367137;1;4;1; ; ; ; ; ; ; ; ; ; ; ; ;12;2063,90709774025
3367137;1;5;1; ; ; ; ; ; ; ; ; ; ; ; ;12;2063,90709774025
3367138;1;1;1; ; ; ; ; ; ; ; ; ; ; ; ;12;1910,75551689709
3367138;1;2;1; ; ; ; ; ; ; ; ; ; ; ; ;12;1910,75551689709
3367138;1;3;1; ; ; ; ; ; ; ; ; ; ; ; ;12;1910,75551689709
3367138;1;4;1; ; ; ; ; ; ; ; ; ; ; ; ;12;1910,75551689709
3367138;1;5;1; ; ; ; ; ; ; ; ; ; ; ; ;12;1910,75551689709
3367138;1;6;1; ; ; ; ; ; ; ; ; ; ; ; ;12;1910,75551689709
3367139;1;1;1; ; ; ; ; ; ; ; ; ; ; ; ;12;1074,76074919976
3367139;1;2;1; ; ; ; ; ; ; ; ; ; ; ; ;12;1074,76074919976
3367139;1;3;1; ; ; ; ; ; ; ; ; ; ; ; ;12;1074,76074919976
3367140;1;1;1; ; ; ; ; ; ; ; ; ; ; ; ;12;2284,25528165785
3367140;1;2;1; ; ; ; ; ; ; ; ; ; ; ; ;12;2284,25528165785
3367140;1;3;2;2;52; ;1; ; ; ;1; ; ; ; ;12;2284,25528165785
3367141;1;1;1; ; ; ; ; ; ; ; ; ; ; ; ;12;2784,41803926425
3367141;1;2;1; ; ; ; ; ; ; ; ; ; ; ; ;12;2784,41803926425
3367141;1;3;2;2;52; ;2; ; ;2;2; ; ;2; ;12;2784,41803926425
3367142;1;1;1; ; ; ; ; ; ; ; ; ; ; ; ;12;1822,53835453635
3367142;1;2;1; ; ; ; ; ; ; ; ; ; ; ; ;12;1822,53835453635
3367142;1;3;1; ; ; ; ; ; ; ; ; ; ; ; ;12;1822,53835453635
3367143;1;1;1; ; ; ; ; ; ; ; ; ; ; ; ;12;1720,99320450938
3367143;1;2;1; ; ; ; ; ; ; ; ; ; ; ; ;12;1720,99320450938
3367144;1;1;2;1; ; ;2; ; ;2;2; ; ;2; ;12;1428,04988283691
3367145;1;1;2;1; ; ;2; ; ;2;2; ; ;2; ;12;2574,24585607036
3367146;1;1;2;1; ; ;2; ; ;2;2; ; ;2; ;12;2052,92116885384
3367146;1;2;2;1; ; ;2; ; ;2;2; ; ;2; ;12;2052,92116885384
3367146;1;3;2;1; ; ;2; ; ;2;2; ; ;2; ;12;2052,92116885384
3367146;1;4;1; ; ; ; ; ; ; ; ; ; ; ; ;12;2052,92116885384
3367147;1;1;2;1; ; ;2; ; ;2;2; ; ;2; ;12;1822,53835453635
3367147;1;2;2;1; ; ;2; ; ;2;2; ; ;2; ;12;1822,53835453635
3367147;1;3;2;1; ; ;2; ; ;2;3;52; ;1;2;12;1822,53835453635
3367148;1;1;2;2;52; ;2; ; ;2;2; ; ;2; ;12;1428,04988283691
3367149;1;1;1; ; ; ; ; ; ; ; ; ; ; ; ;12;1331,26864259984
3367149;1;2;1; ; ; ; ; ; ; ; ; ; ; ; ;12;1331,26864259984
3367149;1;3;1; ; ; ; ; ; ; ; ; ; ; ; ;12;1331,26864259984
3367150;1;1;2;2;52; ;3;52; ;2;2; ; ;1; ;12;2019,18099557016
3367150;1;2;2;2;52; ;3;52; ;2;2; ; ;1; ;12;2019,18099557016
3367151;1;1;2;2;52; ;2; ; ;1;2; ; ;1; ;12;4575,01829125839
3367151;1;2;2;1; ; ;2; ; ;1;2; ; ;1; ;12;4575,01829125839
3367151;1;3;1; ; ; ; ; ; ; ; ; ; ; ; ;12;4575,01829125839
3367151;1;4;1; ; ; ; ; ; ; ; ; ; ; ; ;12;4575,01829125839
3367152;1;1;2;2;52; ;2; ; ;1;2; ; ;1; ;12;3870,18571586787
3367152;1;2;1; ; ; ; ; ; ; ; ; ; ; ; ;12;3870,18571586787
3367152;1;3;1; ; ; ; ; ; ; ; ; ; ; ; ;12;3870,18571586787
3367152;1;4;1; ; ; ; ; ; ; ; ; ; ; ; ;12;3870,18571586787
3367152;1;5;2;2;52; ;4; ;4; ;4; ;4; ;1;12;3870,18571586787
3367153;1;1;2;1; ; ;2; ; ;1;2; ; ;1; ;12;2019,18099557016
3367153;1;2;1; ; ; ; ; ; ; ; ; ; ; ; ;12;2019,18099557016
3367154;1;1;1; ; ; ; ; ; ; ; ; ; ; ; ;12;1428,04988283691
3367156;1;1;2;1; ; ;2; ; ;1;4; ;4; ;1;12;2905,17685289903
3367156;1;2;2;2;52; ;2; ; ;1;3;86; ;2;4;12;2905,17685289903
3367156;1;3;2;1; ; ;2; ; ;1;3;86; ;2;4;12;2905,17685289903
3367156;1;4;2;1; ; ;2; ; ;1;3;86; ;2;4;12;2905,17685289903
3367157;1;1;2;1; ; ;2; ; ;1;2; ; ;1; ;12;3003,0552337065
3367157;1;2;2;1; ; ;2; ; ;1;2; ; ;1; ;12;3003,0552337065
3367157;1;3;2;2;52; ;2; ; ;1;2; ; ;1; ;12;3003,0552337065
3367157;1;4;2;1; ; ;2; ; ;1;2; ; ;1; ;12;3003,0552337065
3367157;1;5;1; ; ; ; ; ; ; ; ; ; ; ; ;12;3003,0552337065
3367157;1;6;1; ; ; ; ; ; ; ; ; ; ; ; ;12;3003,0552337065
3367158;1;1;2;1; ; ;2; ; ;1;2; ; ;1; ;12;2320,60325182207
3367160;1;1;2;1; ; ;3;52; ;2;2; ; ;1; ;12;1831,64035111596
3367160;1;2;2;1; ; ;3;52; ;1;2; ; ;1; ;12;1831,64035111596
3367162;1;1;1; ; ; ; ; ; ; ; ; ; ; ; ;12;2342,05338829957
3367165;1;1;1; ; ; ; ; ; ; ; ; ; ; ; ;12;1042,80912629571
3367166;1;1;2;1; ; ;2; ; ;2;2; ; ;1; ;12;2824,80845056802
3367166;1;2;2;1; ; ;2; ; ;2;2; ; ;1; ;12;2824,80845056802
3367166;1;3;1; ; ; ; ; ; ; ; ; ; ; ; ;12;2824,80845056802
3367167;1;1;2;1; ; ;2; ; ;1;2; ; ;1; ;12;2200,77494775737
3367167;1;2;2;1; ; ;2; ; ;1;2; ; ;1; ;12;2200,77494775737
3367167;1;3;1; ; ; ; ; ; ; ; ; ; ; ; ;12;2200,77494775737
3367168;1;1;1; ; ; ; ; ; ; ; ; ; ; ; ;12;2252,26963820901
3367168;1;2;2;1; ; ;2; ; ;1;2; ; ;1; ;12;2252,26963820901
3367168;1;3;1; ; ; ; ; ; ; ; ; ; ; ; ;12;2252,26963820901
3367169;1;1;2;1; ; ;2; ; ;2;2; ; ;2; ;12;2036,64043392765
3367169;1;2;1; ; ; ; ; ; ; ; ; ; ; ; ;12;2036,64043392765
3367169;1;3;1; ; ; ; ; ; ; ; ; ; ; ; ;12;2036,64043392765
3367170;1;1;2;1; ; ;2; ; ;2;2; ; ;2; ;12;2314,08817089444
3367170;1;2;1; ; ; ; ; ; ; ; ; ; ; ; ;12;2314,08817089444
3367170;1;3;1; ; ; ; ; ; ; ; ; ; ; ; ;12;2314,08817089444
3367170;2;1;1; ; ; ; ; ; ; ; ; ; ; ; ;12;2314,08817089444
3367170;2;2;1; ; ; ; ; ; ; ; ; ; ; ; ;12;2314,08817089444
3367170;2;3;1; ; ; ; ; ; ; ; ; ; ; ; ;12;2314,08817089444
3367170;2;4;1; ; ; ; ; ; ; ; ; ; ; ; ;12;2314,08817089444
3367171;1;1;2;1; ; ;2; ; ;2;2; ; ;2; ;12;1099,0746657524
3367171;1;2;2;1; ; ;2; ; ;2;2; ; ;2; ;12;1099,0746657524
3367172;1;1;2;1; ; ;2; ; ;2;2; ; ;2; ;12;973,215599172783
3367172;1;2;1; ; ; ; ; ; ; ; ; ; ; ; ;12;973,215599172783
3367173;1;1;2;1; ; ;2; ; ;2;2; ; ;2; ;12;1358,45635571398
3367173;1;2;1; ; ; ; ; ; ; ; ; ; ; ; ;12;1358,45635571398
3367174;1;1;2;2;52; ;2; ; ;2;2; ; ;2; ;12;2962,43935987151
3367174;1;2;2;2;52; ;3;52; ;2;2; ; ;2; ;12;2962,43935987151
3367174;1;3;2;2;52; ;2; ; ;2;2; ; ;2; ;12;2962,43935987151
3367174;1;4;2;2;52; ;3;52; ;2;2; ; ;2; ;12;2962,43935987151
3367175;1;1;2;2;52; ;2; ; ;2;2; ; ;2; ;12;1331,26864259984
3367175;1;2;2;2;52; ;2; ; ;2;2; ; ;2; ;12;1331,26864259984
3367175;1;3;1; ; ; ; ; ; ; ; ; ; ; ; ;12;1331,26864259984
3367176;1;1;2;2;19; ;2; ; ;2;2; ; ;2; ;12;1313,15089469276
3367176;1;2;1; ; ; ; ; ; ; ; ; ; ; ; ;12;1313,15089469276
3367176;1;3;1; ; ; ; ; ; ; ; ; ; ; ; ;12;1313,15089469276
3367176;1;4;1; ; ; ; ; ; ; ; ; ; ; ; ;12;1313,15089469276
3367176;1;5;1; ; ; ; ; ; ; ; ; ; ; ; ;12;1313,15089469276
3367177;1;1;1; ; ; ; ; ; ; ; ; ; ; ; ;12;1358,45635571398
3367177;1;2;1; ; ; ; ; ; ; ; ; ; ; ; ;12;1358,45635571398
3367178;1;1;1; ; ; ; ; ; ; ; ; ; ; ; ;12;1517,12690924109
3367178;1;2;1; ; ; ; ; ; ; ; ; ; ; ; ;12;1517,12690924109
3367178;1;3;1; ; ; ; ; ; ; ; ; ; ; ; ;12;1517,12690924109
3367178;1;4;1; ; ; ; ; ; ; ; ; ; ; ; ;12;1517,12690924109
3367178;1;5;1; ; ; ; ; ; ; ; ; ; ; ; ;12;1517,12690924109
3367178;1;6;1; ; ; ; ; ; ; ; ; ; ; ; ;12;1517,12690924109
3367179;1;1;1; ; ; ; ; ; ; ; ; ; ; ; ;12;1797,53415269694
3367179;1;2;1; ; ; ; ; ; ; ; ; ; ; ; ;12;1797,53415269694
3367179;1;3;1; ; ; ; ; ; ; ; ; ; ; ; ;12;1797,53415269694
3367180;1;1;2;1; ; ;2; ; ;1;2; ; ;1; ;12;1831,64035111596
3367180;1;2;2;2;52; ;2; ; ;1;2; ; ;1; ;12;1831,64035111596
3367181;1;1;1; ; ; ; ; ; ; ; ; ; ; ; ;12;2314,3954133844
3367181;1;2;1; ; ; ; ; ; ; ; ; ; ; ; ;12;2314,3954133844
3367181;1;3;1; ; ; ; ; ; ; ; ; ; ; ; ;12;2314,3954133844
3367181;1;4;1; ; ; ; ; ; ; ; ; ; ; ; ;12;2314,3954133844
3367182;1;1;1; ; ; ; ; ; ; ; ; ; ; ; ;12;2734,47513160625
3367182;1;2;1; ; ; ; ; ; ; ; ; ; ; ; ;12;2734,47513160625
3367183;1;1;1; ; ; ; ; ; ; ; ; ; ; ; ;12;2905,17685289903
3367183;1;2;1; ; ; ; ; ; ; ; ; ; ; ; ;12;2905,17685289903
3367183;1;3;1; ; ; ; ; ; ; ; ; ; ; ; ;12;2905,17685289903
3367183;1;4;1; ; ; ; ; ; ; ; ; ; ; ; ;12;2905,17685289903
3367185;1;1;1; ; ; ; ; ; ; ; ; ; ; ; ;12;2342,05338829957
3367187;1;1;2;2;52; ;2; ; ;2;2; ; ;2; ;12;1414,72189517067
3367187;1;2;1; ; ; ; ; ; ; ; ; ; ; ; ;12;1414,72189517067
3367187;1;3;1; ; ; ; ; ; ; ; ; ; ; ; ;12;1414,72189517067
3367188;1;1;2;1; ; ;2; ; ;1;2; ; ;1; ;12;2689,73784846348
3367188;1;2;2;2;76; ;2; ; ;1;2; ; ;1; ;12;2689,73784846348
3367189;1;1;2;2;52; ;2; ; ;1;2; ; ;1; ;12;4306,98775802934
3367189;1;2;2;2;86; ;2; ; ;1;2; ; ;1; ;12;4306,98775802934
3367189;1;3;1; ; ; ; ; ; ; ; ; ; ; ; ;12;4306,98775802934
3367190;1;1;1; ; ; ; ; ; ; ; ; ; ; ; ;12;2342,05338829957
3367191;1;1;1; ; ; ; ; ; ; ; ; ; ; ; ;12;3189,38014119649
3367191;1;2;1; ; ; ; ; ; ; ; ; ; ; ; ;12;3189,38014119649
3367192;1;1;2;1; ; ;2; ; ;1;2; ; ;1; ;12;3654,74671143232
3367192;1;2;2;2;17; ;2; ; ;1;2; ; ;1; ;12;3654,74671143232
3367192;1;3;1; ; ; ; ; ; ; ; ; ; ; ; ;12;3654,74671143232
3367193;1;1;2;1; ; ;2; ; ;1;2; ; ;1; ;12;2269,10856137043
3367194;1;1;1; ; ; ; ; ; ; ; ; ; ; ; ;12;1415,50814450284
3367194;1;2;1; ; ; ; ; ; ; ; ; ; ; ; ;12;1415,50814450284
3367194;1;3;1; ; ; ; ; ; ; ; ; ; ; ; ;12;1415,50814450284
3367194;1;4;1; ; ; ; ; ; ; ; ; ; ; ; ;12;1415,50814450284
3367194;1;5;1; ; ; ; ; ; ; ; ; ; ; ; ;12;1415,50814450284
3367194;1;6;1; ; ; ; ; ; ; ; ; ; ; ; ;12;1415,50814450284
3367194;1;7;1; ; ; ; ; ; ; ; ; ; ; ; ;12;1415,50814450284
3367195;1;1;2;1; ; ;2; ; ;1;2; ; ;1; ;12;2689,73784846348
3367195;1;2;2;2;76; ;2; ; ;1;2; ; ;1; ;12;2689,73784846348
3367197;1;1;2;2;52; ;2; ; ;1;2; ; ;1; ;12;2734,47513160625
3367197;1;2;1; ; ; ; ; ; ; ; ; ; ; ; ;12;2734,47513160625
3367198;1;1;2;2;52; ;2; ; ;2;2; ; ;2; ;12;948,030888928346
3367198;1;2;2;2;52; ;2; ; ;2;2; ; ;2; ;12;948,030888928346
3367198;1;3;2;2;52; ;1; ; ; ;2; ; ;2; ;12;948,030888928346
3367199;1;1;2;2;52; ;2; ; ;2;2; ; ;2; ;12;2268,80856032415
3367199;1;2;1; ; ; ; ; ; ; ; ; ; ; ; ;12;2268,80856032415
3367199;1;3;2;2;52; ;2; ; ;2;2; ; ;2; ;12;2268,80856032415
3367199;1;4;1; ; ; ; ; ; ; ; ; ; ; ; ;12;2268,80856032415
3367199;1;5;2;2;52; ;2; ; ;2;2; ; ;2; ;12;2268,80856032415
3367199;1;6;2;2;52; ;2; ; ;2;2; ; ;2; ;12;2268,80856032415
3367199;1;7;1; ; ; ; ; ; ; ; ; ; ; ; ;12;2268,80856032415
3367200;1;1;2;2;52; ;2; ; ;2;2; ; ;2; ;12;1935,06943344974
3367200;1;2;1; ; ; ; ; ; ; ; ; ; ; ; ;12;1935,06943344974
3367200;1;3;2;2;52; ;2; ; ;2;2; ; ;2; ;12;1935,06943344974
3367200;1;4;2;2;52; ;2; ; ;2;2; ; ;2; ;12;1935,06943344974
3367200;1;5;2;2;52; ;2; ; ;2;2; ; ;2; ;12;1935,06943344974
3367201;1;1;1; ; ; ; ; ; ; ; ; ; ; ; ;12;2092,90597338434
3367201;1;2;1; ; ; ; ; ; ; ; ; ; ; ; ;12;2092,90597338434
3367201;1;3;1; ; ; ; ; ; ; ; ; ; ; ; ;12;2092,90597338434
3367201;1;4;1; ; ; ; ; ; ; ; ; ; ; ; ;12;2092,90597338434
3367202;1;1;2;2;52; ;2; ; ;2;2; ; ;2; ;12;2081,894194047
3367202;1;2;2;2;52; ;2; ; ;2;2; ; ;2; ;12;2081,894194047
3367202;1;3;2;2;86; ;2; ; ;2;2; ; ;2; ;12;2081,894194047
3367202;1;4;2;2;86; ;2; ; ;2;2; ; ;2; ;12;2081,894194047
3367202;1;5;1; ; ; ; ; ; ; ; ; ; ; ; ;12;2081,894194047
3367202;1;6;1; ; ; ; ; ; ; ; ; ; ; ; ;12;2081,894194047
3367203;1;1;1; ; ; ; ; ; ; ; ; ; ; ; ;12;1008,27034564737
3367203;1;2;2;1; ; ;2; ; ;2;4; ;4; ;1;12;1008,27034564737
3367203;1;3;1; ; ; ; ; ; ; ; ; ; ; ; ;12;1008,27034564737
3367203;1;4;1; ; ; ; ; ; ; ; ; ; ; ; ;12;1008,27034564737
3367203;1;5;1; ; ; ; ; ; ; ; ; ; ; ; ;12;1008,27034564737
3367204;1;1;1; ; ; ; ; ; ; ; ; ; ; ; ;12;1354,52645951657
3367204;1;2;1; ; ; ; ; ; ; ; ; ; ; ; ;12;1354,52645951657
3367204;1;3;2;1; ; ;2; ; ;2;2; ; ;2; ;12;1354,52645951657
3367204;1;4;1; ; ; ; ; ; ; ; ; ; ; ; ;12;1354,52645951657
3367205;1;1;1; ; ; ; ; ; ; ; ; ; ; ; ;12;2631,37125957049
3367205;1;2;1; ; ; ; ; ; ; ; ; ; ; ; ;12;2631,37125957049
3367205;1;3;1; ; ; ; ; ; ; ; ; ; ; ; ;12;2631,37125957049
3367205;1;4;1; ; ; ; ; ; ; ; ; ; ; ; ;12;2631,37125957049
3367206;1;1;1; ; ; ; ; ; ; ; ; ; ; ; ;12;117,110449590341
3367206;1;2;1; ; ; ; ; ; ; ; ; ; ; ; ;12;117,110449590341
3367206;1;3;1; ; ; ; ; ; ; ; ; ; ; ; ;12;117,110449590341
3367206;1;4;1; ; ; ; ; ; ; ; ; ; ; ; ;12;117,110449590341
3367206;1;5;1; ; ; ; ; ; ; ; ; ; ; ; ;12;117,110449590341
3367206;1;6;1; ; ; ; ; ; ; ; ; ; ; ; ;12;117,110449590341
3367206;1;7;1; ; ; ; ; ; ; ; ; ; ; ; ;12;117,110449590341
3367207;1;1;1; ; ; ; ; ; ; ; ; ; ; ; ;12;192,177630775014
3367207;1;2;1; ; ; ; ; ; ; ; ; ; ; ; ;12;192,177630775014
3367207;1;3;1; ; ; ; ; ; ; ; ; ; ; ; ;12;192,177630775014
3367207;1;4;1; ; ; ; ; ; ; ; ; ; ; ; ;12;192,177630775014
3367207;1;5;1; ; ; ; ; ; ; ; ; ; ; ; ;12;192,177630775014
3367207;2;1;1; ; ; ; ; ; ; ; ; ; ; ; ;12;192,177630775014
3367207;2;2;1; ; ; ; ; ; ; ; ; ; ; ; ;12;192,177630775014
3367207;2;3;1; ; ; ; ; ; ; ; ; ; ; ; ;12;192,177630775014
3367207;2;4;1; ; ; ; ; ; ; ; ; ; ; ; ;12;192,177630775014
3367207;2;5;1; ; ; ; ; ; ; ; ; ; ; ; ;12;192,177630775014
3367207;2;6;1; ; ; ; ; ; ; ; ; ; ; ; ;12;192,177630775014
3367207;2;7;1; ; ; ; ; ; ; ; ; ; ; ; ;12;192,177630775014
3367208;1;1;1; ; ; ; ; ; ; ; ; ; ; ; ;12;171,157630110825
3367208;1;2;1; ; ; ; ; ; ; ; ; ; ; ; ;12;171,157630110825
3367208;1;3;1; ; ; ; ; ; ; ; ; ; ; ; ;12;171,157630110825
3367208;1;4;1; ; ; ; ; ; ; ; ; ; ; ; ;12;171,157630110825
3367209;1;1;1; ; ; ; ; ; ; ; ; ; ; ; ;12;81,980714884755
3367209;1;2;1; ; ; ; ; ; ; ; ; ; ; ; ;12;81,980714884755
3367209;1;3;1; ; ; ; ; ; ; ; ; ; ; ; ;12;81,980714884755
3367209;1;4;1; ; ; ; ; ; ; ; ; ; ; ; ;12;81,980714884755
3367209;1;5;1; ; ; ; ; ; ; ; ; ; ; ; ;12;81,980714884755
3367209;1;6;1; ; ; ; ; ; ; ; ; ; ; ; ;12;81,980714884755
3367209;1;7;1; ; ; ; ; ; ; ; ; ; ; ; ;12;81,980714884755
3367210;1;1;2;2;05; ;2; ; ;1;2; ; ;1; ;12;142,01298679093
3367211;1;1;1; ; ; ; ; ; ; ; ; ; ; ; ;12;151,308563637399
3367211;1;2;1; ; ; ; ; ; ; ; ; ; ; ; ;12;151,308563637399
3367211;1;3;1; ; ; ; ; ; ; ; ; ; ; ; ;12;151,308563637399
3367212;1;1;1; ; ; ; ; ; ; ; ; ; ; ; ;12;122,123076374338
3367212;1;2;1; ; ; ; ; ; ; ; ; ; ; ; ;12;122,123076374338
3367212;1;3;1; ; ; ; ; ; ; ; ; ; ; ; ;12;122,123076374338
3367213;1;1;1; ; ; ; ; ; ; ; ; ; ; ; ;12;140,134938315338
3367213;1;2;1; ; ; ; ; ; ; ; ; ; ; ; ;12;140,134938315338
3367213;1;3;1; ; ; ; ; ; ; ; ; ; ; ; ;12;140,134938315338
3367213;1;4;1; ; ; ; ; ; ; ; ; ; ; ; ;12;140,134938315338
3367214;1;1;1; ; ; ; ; ; ; ; ; ; ; ; ;12;146,052289039491
3367214;1;2;1; ; ; ; ; ; ; ; ; ; ; ; ;12;146,052289039491
3367214;1;3;1; ; ; ; ; ; ; ; ; ; ; ; ;12;146,052289039491
3367214;1;4;1; ; ; ; ; ; ; ; ; ; ; ; ;12;146,052289039491
3367214;1;5;1; ; ; ; ; ; ; ; ; ; ; ; ;12;146,052289039491
3367215;1;1;1; ; ; ; ; ; ; ; ; ; ; ; ;12;142,01298679093
3367216;1;1;1; ; ; ; ; ; ; ; ; ; ; ; ;12;161,551093537404
3367216;1;2;1; ; ; ; ; ; ; ; ; ; ; ; ;12;161,551093537404
3367216;1;3;1; ; ; ; ; ; ; ; ; ; ; ; ;12;161,551093537404
3367217;1;1;1; ; ; ; ; ; ; ; ; ; ; ; ;12;158,006872568944
3367217;1;2;1; ; ; ; ; ; ; ; ; ; ; ; ;12;158,006872568944
3367217;1;3;1; ; ; ; ; ; ; ; ; ; ; ; ;12;158,006872568944
3367218;1;1;2;1; ; ;2; ; ;1;2; ; ;1; ;12;74,0783440908059
3367218;1;2;1; ; ; ; ; ; ; ; ; ; ; ; ;12;74,0783440908059
3367218;1;3;1; ; ; ; ; ; ; ; ; ; ; ; ;12;74,0783440908059
3367218;1;4;1; ; ; ; ; ; ; ; ; ; ; ; ;12;74,0783440908059
3367218;1;5;1; ; ; ; ; ; ; ; ; ; ; ; ;12;74,0783440908059
3367218;1;6;1; ; ; ; ; ; ; ; ; ; ; ; ;12;74,0783440908059
3367218;1;7;1; ; ; ; ; ; ; ; ; ; ; ; ;12;74,0783440908059
3367218;1;8;1; ; ; ; ; ; ; ; ; ; ; ; ;12;74,0783440908059
3367219;1;1;2;2;11; ;2; ; ;1;2; ; ;1; ;12;140,770931641923
3367219;1;2;1; ; ; ; ; ; ; ; ; ; ; ; ;12;140,770931641923
3367219;1;3;1; ; ; ; ; ; ; ; ; ; ; ; ;12;140,770931641923
3367220;1;1;1; ; ; ; ; ; ; ; ; ; ; ; ;12;142,01298679093
3367223;1;1;1; ; ; ; ; ; ; ; ; ; ; ; ;12;127,241473711551
3367223;1;2;1; ; ; ; ; ; ; ; ; ; ; ; ;12;127,241473711551
3367223;1;3;1; ; ; ; ; ; ; ; ; ; ; ; ;12;127,241473711551
3367223;1;4;1; ; ; ; ; ; ; ; ; ; ; ; ;12;127,241473711551
3367223;1;5;1; ; ; ; ; ; ; ; ; ; ; ; ;12;127,241473711551
3367223;1;6;1; ; ; ; ; ; ; ; ; ; ; ; ;12;127,241473711551
3367223;1;7;1; ; ; ; ; ; ; ; ; ; ; ; ;12;127,241473711551
3367224;1;1;2;1; ; ;3;08; ;1;2; ; ;1; ;12;140,134938315338
3367224;1;2;1; ; ; ; ; ; ; ; ; ; ; ; ;12;140,134938315338
3367224;1;3;1; ; ; ; ; ; ; ; ; ; ; ; ;12;140,134938315338
3367224;1;4;1; ; ; ; ; ; ; ; ; ; ; ; ;12;140,134938315338
3367225;1;1;1; ; ; ; ; ; ; ; ; ; ; ; ;12;136,10767740022
3367225;1;2;1; ; ; ; ; ; ; ; ; ; ; ; ;12;136,10767740022
3367225;1;3;1; ; ; ; ; ; ; ; ; ; ; ; ;12;136,10767740022
3367225;1;4;1; ; ; ; ; ; ; ; ; ; ; ; ;12;136,10767740022
3367225;1;5;1; ; ; ; ; ; ; ; ; ; ; ; ;12;136,10767740022
3367225;1;6;1; ; ; ; ; ; ; ; ; ; ; ; ;12;136,10767740022
3367225;1;7;1; ; ; ; ; ; ; ; ; ; ; ; ;12;136,10767740022
3367226;1;1;1; ; ; ; ; ; ; ; ; ; ; ; ;12;134,433432928148
3367226;1;2;1; ; ; ; ; ; ; ; ; ; ; ; ;12;134,433432928148
3367226;1;3;1; ; ; ; ; ; ; ; ; ; ; ; ;12;134,433432928148
3367226;1;4;1; ; ; ; ; ; ; ; ; ; ; ; ;12;134,433432928148
3367226;1;5;1; ; ; ; ; ; ; ; ; ; ; ; ;12;134,433432928148
3367227;1;1;2;2;76; ;3;23; ;1;2; ; ;1; ;12;151,944556963983
3367227;1;2;2;2;68; ;2; ; ;1;2; ; ;1; ;12;151,944556963983
3367228;1;1;1; ; ; ; ; ; ; ; ; ; ; ; ;12;137,674766148859
3367228;1;2;1; ; ; ; ; ; ; ; ; ; ; ; ;12;137,674766148859
3367228;1;3;1; ; ; ; ; ; ; ; ; ; ; ; ;12;137,674766148859
3367228;1;4;1; ; ; ; ; ; ; ; ; ; ; ; ;12;137,674766148859
3367228;1;5;1; ; ; ; ; ; ; ; ; ; ; ; ;12;137,674766148859
3367229;1;1;1; ; ; ; ; ; ; ; ; ; ; ; ;12;152,488267839528
3367229;1;2;1; ; ; ; ; ; ; ; ; ; ; ; ;12;152,488267839528
3367229;1;3;1; ; ; ; ; ; ; ; ; ; ; ; ;12;152,488267839528
3367230;1;1;2;2;47; ;2; ; ;1;2; ; ;1; ;12;151,308563637399
3367230;1;2;2;2;70; ;2; ; ;1;2; ; ;1; ;12;151,308563637399
3367230;1;3;1; ; ; ; ; ; ; ; ; ; ; ; ;12;151,308563637399
3367231;1;1;1; ; ; ; ; ; ; ; ; ; ; ; ;12;109,291962717428
3367231;1;2;1; ; ; ; ; ; ; ; ; ; ; ; ;12;109,291962717428
3367231;1;3;1; ; ; ; ; ; ; ; ; ; ; ; ;12;109,291962717428
3367231;1;4;1; ; ; ; ; ; ; ; ; ; ; ; ;12;109,291962717428
3367232;1;1;2;2;13; ;3;13; ;1;2; ; ;1; ;12;162,982926864625
3367232;1;2;2;2;13; ;3;13; ;1;2; ; ;1; ;12;162,982926864625
3367232;1;3;2;2;13; ;3;13; ;1;2; ; ;1; ;12;162,982926864625
3367232;1;4;2;2;13; ;3;13; ;1;2; ; ;1; ;12;162,982926864625
3367232;1;5;2;2;13; ;3;13; ;1;2; ; ;1; ;12;162,982926864625
3367232;1;6;2;2;13; ;1; ; ; ;2; ; ;1; ;12;162,982926864625
3367233;1;1;2;2;23; ;2; ; ;1;2; ; ;1; ;12;131,844849171245
3367233;1;2;2;2;13; ;2; ; ;1;2; ; ;1; ;12;131,844849171245
3367233;1;3;2;1; ; ;2; ; ;1;2; ; ;1; ;12;131,844849171245
3367233;1;4;2;2;13; ;2; ; ;1;2; ; ;1; ;12;131,844849171245
3367233;1;5;1; ; ; ; ; ; ; ; ; ; ; ; ;12;131,844849171245
3367233;1;6;2;2;23; ;3;23; ;1;2; ; ;1; ;12;131,844849171245
3367234;1;1;1; ; ; ; ; ; ; ; ; ; ; ; ;12;93,7244067905739
3367234;1;2;1; ; ; ; ; ; ; ; ; ; ; ; ;12;93,7244067905739
3367234;1;3;1; ; ; ; ; ; ; ; ; ; ; ; ;12;93,7244067905739
3367234;1;4;1; ; ; ; ; ; ; ; ; ; ; ; ;12;93,7244067905739
3367235;1;1;1; ; ; ; ; ; ; ; ; ; ; ; ;12;149,741474888759
3367235;1;2;1; ; ; ; ; ; ; ; ; ; ; ; ;12;149,741474888759
3367235;1;3;1; ; ; ; ; ; ; ; ; ; ; ; ;12;149,741474888759
3367235;1;4;1; ; ; ; ; ; ; ; ; ; ; ; ;12;149,741474888759
3367235;1;5;1; ; ; ; ; ; ; ; ; ; ; ; ;12;149,741474888759
3367238;1;1;1; ; ; ; ; ; ; ; ; ; ; ; ;12;170,702933651274
3367238;1;2;1; ; ; ; ; ; ; ; ; ; ; ; ;12;170,702933651274
3367238;1;3;1; ; ; ; ; ; ; ; ; ; ; ; ;12;170,702933651274
3367238;1;4;1; ; ; ; ; ; ; ; ; ; ; ; ;12;170,702933651274
3367238;1;5;1; ; ; ; ; ; ; ; ; ; ; ; ;12;170,702933651274
3367238;1;6;1; ; ; ; ; ; ; ; ; ; ; ; ;12;170,702933651274
3367238;1;7;1; ; ; ; ; ; ; ; ; ; ; ; ;12;170,702933651274
3367238;1;8;1; ; ; ; ; ; ; ; ; ; ; ; ;12;170,702933651274
3367238;1;9;1; ; ; ; ; ; ; ; ; ; ; ; ;12;170,702933651274
3367239;1;1;1; ; ; ; ; ; ; ; ; ; ; ; ;12;122,123076374338
3367239;1;2;1; ; ; ; ; ; ; ; ; ; ; ; ;12;122,123076374338
3367239;1;3;1; ; ; ; ; ; ; ; ; ; ; ; ;12;122,123076374338
3367240;1;1;2;2;05; ;3;05; ;1;2; ; ;1; ;12;153,717281522318
3367240;1;2;1; ; ; ; ; ; ; ; ; ; ; ; ;12;153,717281522318
3367240;1;3;1; ; ; ; ; ; ; ; ; ; ; ; ;12;153,717281522318
3367240;1;4;1; ; ; ; ; ; ; ; ; ; ; ; ;12;153,717281522318
3367241;1;1;1; ; ; ; ; ; ; ; ; ; ; ; ;12;116,071657434695
3367241;1;2;1; ; ; ; ; ; ; ; ; ; ; ; ;12;116,071657434695
3367243;1;1;2;2;25; ;2; ; ;1;2; ; ;1; ;12;150,672570310814
3367243;1;2;1; ; ; ; ; ; ; ; ; ; ; ; ;12;150,672570310814
3367243;1;3;1; ; ; ; ; ; ; ; ; ; ; ; ;12;150,672570310814
3367243;1;4;1; ; ; ; ; ; ; ; ; ; ; ; ;12;150,672570310814
3367244;1;1;2;2;68; ;2; ; ;1;2; ; ;1; ;12;111,585444378862
3367244;1;2;1; ; ; ; ; ; ; ; ; ; ; ; ;12;111,585444378862
3367244;1;3;1; ; ; ; ; ; ; ; ; ; ; ; ;12;111,585444378862
3367245;1;1;2;2;08; ;3;08; ;1;2; ; ;1; ;12;176,957615584278
3367245;1;2;1; ; ; ; ; ; ; ; ; ; ; ; ;12;176,957615584278
3367245;1;3;1; ; ; ; ; ; ; ; ; ; ; ; ;12;176,957615584278
3367246;1;1;2;2;23; ;3;23; ;1;2; ; ;1; ;12;174,789720827155
3367246;1;2;2;2;23; ;2; ; ;1;2; ; ;1; ;12;174,789720827155
3367246;1;3;1; ; ; ; ; ; ; ; ; ; ; ; ;12;174,789720827155
3367248;1;1;1; ; ; ; ; ; ; ; ; ; ; ; ;12;144,872584837361
3367248;1;2;2;2;86; ;3;05; ;1;2; ; ;1; ;12;144,872584837361
3367248;1;3;2;2;76; ;3;76; ;1;3;76; ;1; ;12;144,872584837361
3367248;1;4;2;2;05; ;3;76; ;1;3;76; ;1; ;12;144,872584837361
3367248;1;5;1; ; ; ; ; ; ; ; ; ; ; ; ;12;144,872584837361
3367251;1;1;1; ; ; ; ; ; ; ; ; ; ; ; ;12;135,577007990892
3367251;1;2;1; ; ; ; ; ; ; ; ; ; ; ; ;12;135,577007990892
3367251;1;3;1; ; ; ; ; ; ; ; ; ; ; ; ;12;135,577007990892
3367252;1;1;1; ; ; ; ; ; ; ; ; ; ; ; ;12;120,940547486093
3367252;1;2;1; ; ; ; ; ; ; ; ; ; ; ; ;12;120,940547486093
3367253;1;1;1; ; ; ; ; ; ; ; ; ; ; ; ;12;140,134938315338
3367253;1;2;1; ; ; ; ; ; ; ; ; ; ; ; ;12;140,134938315338
3367253;1;3;1; ; ; ; ; ; ; ; ; ; ; ; ;12;140,134938315338
3367253;1;4;1; ; ; ; ; ; ; ; ; ; ; ; ;12;140,134938315338
3367254;1;1;1; ; ; ; ; ; ; ; ; ; ; ; ;12;180,764166684247
3367254;1;2;1; ; ; ; ; ; ; ; ; ; ; ; ;12;180,764166684247
3367254;1;3;1; ; ; ; ; ; ; ; ; ; ; ; ;12;180,764166684247
3367254;1;4;1; ; ; ; ; ; ; ; ; ; ; ; ;12;180,764166684247
3367254;1;5;1; ; ; ; ; ; ; ; ; ; ; ; ;12;180,764166684247
3367255;1;1;2;2;68; ;3;68; ;1;2; ; ;1; ;12;151,308563637399
3367255;1;2;2;2;68; ;3;68; ;1;2; ; ;1; ;12;151,308563637399
3367255;1;3;2;2;68; ;1; ; ; ;2; ; ;1; ;12;151,308563637399
3367256;1;1;1; ; ; ; ; ; ; ; ; ; ; ; ;12;104,26203878605
3367256;1;2;1; ; ; ; ; ; ; ; ; ; ; ; ;12;104,26203878605
3367256;1;3;1; ; ; ; ; ; ; ; ; ; ; ; ;12;104,26203878605
3367256;1;4;2;2;23; ;3;23; ;1;3;23; ;1; ;12;104,26203878605
3367257;1;1;1; ; ; ; ; ; ; ; ; ; ; ; ;12;149,741474888759
3367257;1;2;1; ; ; ; ; ; ; ; ; ; ; ; ;12;149,741474888759
3367257;1;3;1; ; ; ; ; ; ; ; ; ; ; ; ;12;149,741474888759
3367257;1;4;1; ; ; ; ; ; ; ; ; ; ; ; ;12;149,741474888759
3367257;1;5;2;2;23; ;3;23; ;1;3;05; ;1; ;12;149,741474888759
3367258;1;1;1; ; ; ; ; ; ; ; ; ; ; ; ;12;157,180116705057
3367258;1;2;1; ; ; ; ; ; ; ; ; ; ; ; ;12;157,180116705057
3367258;1;3;1; ; ; ; ; ; ; ; ; ; ; ; ;12;157,180116705057
3367258;1;4;1; ; ; ; ; ; ; ; ; ; ; ; ;12;157,180116705057
3367258;1;5;1; ; ; ; ; ; ; ; ; ; ; ; ;12;157,180116705057
3367258;1;6;1; ; ; ; ; ; ; ; ; ; ; ; ;12;157,180116705057
3367259;1;1;1; ; ; ; ; ; ; ; ; ; ; ; ;12;125,970471417471
3367259;1;2;2;2;23; ;2; ; ;1;2; ; ;1; ;12;125,970471417471
3367260;1;1;2;2;70; ;2; ; ;1;2; ; ;1; ;12;139,616310239454
3367260;1;2;2;2;70; ;2; ; ;1;2; ; ;1; ;12;139,616310239454
3367260;1;3;2;2;70; ;2; ; ;1;2; ; ;1; ;12;139,616310239454
3367260;1;4;2;2;23; ;2; ; ;1;2; ; ;1; ;12;139,616310239454
3367260;1;5;1; ; ; ; ; ; ; ; ; ; ; ; ;12;139,616310239454
3367260;1;6;1; ; ; ; ; ; ; ; ; ; ; ; ;12;139,616310239454
3367260;1;7;2;2;23; ;2; ; ;1;2; ; ;1; ;12;139,616310239454
3367261;1;1;1; ; ; ; ; ; ; ; ; ; ; ; ;12;106,716554327464
3367261;1;2;1; ; ; ; ; ; ; ; ; ; ; ; ;12;106,716554327464
3367261;1;3;1; ; ; ; ; ; ; ; ; ; ; ; ;12;106,716554327464
3367262;1;1;2;2;23; ;2; ; ;1;2; ; ;1; ;12;158,258306035134
3367262;1;2;1; ; ; ; ; ; ; ; ; ; ; ; ;12;158,258306035134
3367262;1;3;1; ; ; ; ; ; ; ; ; ; ; ; ;12;158,258306035134
3367262;1;4;1; ; ; ; ; ; ; ; ; ; ; ; ;12;158,258306035134
3367262;1;5;1; ; ; ; ; ; ; ; ; ; ; ; ;12;158,258306035134
3367263;1;1;1; ; ; ; ; ; ; ; ; ; ; ; ;12;139,498944988754
3367263;1;2;2;2;08; ;2; ; ;1;1; ; ; ; ;12;139,498944988754
3367263;1;3;2;2;08; ;2; ; ;1;2; ; ;1; ;12;139,498944988754
3367263;1;4;2;2;08; ;2; ; ;1;2; ; ;1; ;12;139,498944988754
3367263;1;5;2;2;08; ;2; ; ;1;2; ; ;1; ;12;139,498944988754
3367264;1;1;2;2;68; ;2; ; ;1;2; ; ;1; ;12;183,467986664636
3367264;1;2;2;2;05; ;2; ; ;1;2; ; ;1; ;12;183,467986664636
3367264;1;3;2;2;05; ;2; ; ;1;2; ; ;1; ;12;183,467986664636
3367264;1;4;2;2;05; ;2; ; ;1;2; ; ;1; ;12;183,467986664636
3367264;1;5;2;2;68; ;2; ; ;1;2; ; ;1; ;12;183,467986664636
3367264;1;6;2;2;68; ;2; ; ;1;2; ; ;1; ;12;183,467986664636
3367265;1;1;2;2;27; ;2; ; ;1;2; ; ;1; ;12;105,395945331685
3367265;1;2;1; ; ; ; ; ; ; ; ; ; ; ; ;12;105,395945331685
3367265;1;3;1; ; ; ; ; ; ; ; ; ; ; ; ;12;105,395945331685
3367265;1;4;1; ; ; ; ; ; ; ; ; ; ; ; ;12;105,395945331685
3367265;1;5;1; ; ; ; ; ; ; ; ; ; ; ; ;12;105,395945331685
3367265;1;6;1; ; ; ; ; ; ; ; ; ; ; ; ;12;105,395945331685
3367266;1;1;2;2;23; ;2; ; ;1;2; ; ;1; ;12;153,717281522318
3367266;1;2;1; ; ; ; ; ; ; ; ; ; ; ; ;12;153,717281522318
3367266;1;3;1; ; ; ; ; ; ; ; ; ; ; ; ;12;153,717281522318
3367266;1;4;1; ; ; ; ; ; ; ; ; ; ; ; ;12;153,717281522318
3367267;1;1;2;2;23; ;2; ; ;1;2; ; ;1; ;12;162,33845222686
3367267;1;2;1; ; ; ; ; ; ; ; ; ; ; ; ;12;162,33845222686
3367267;1;3;2;2;11; ;2; ; ;1;2; ; ;1; ;12;162,33845222686
3367267;1;4;2;2;23; ;2; ; ;1;2; ; ;1; ;12;162,33845222686
3367267;1;5;1; ; ; ; ; ; ; ; ; ; ; ; ;12;162,33845222686
3367267;1;6;1; ; ; ; ; ; ; ; ; ; ; ; ;12;162,33845222686
3367268;1;1;1; ; ; ; ; ; ; ; ; ; ; ; ;12;140,770931641923
3367268;1;2;1; ; ; ; ; ; ; ; ; ; ; ; ;12;140,770931641923
3367268;1;3;1; ; ; ; ; ; ; ; ; ; ; ; ;12;140,770931641923
3367269;1;1;1; ; ; ; ; ; ; ; ; ; ; ; ;12;140,770931641923
3367269;1;2;1; ; ; ; ; ; ; ; ; ; ; ; ;12;140,770931641923
3367269;1;3;1; ; ; ; ; ; ; ; ; ; ; ; ;12;140,770931641923
3367270;1;1;1; ; ; ; ; ; ; ; ; ; ; ; ;12;151,944556963983
3367270;1;2;2;2;23; ;3;11; ;1;2; ; ;1; ;12;151,944556963983
3367271;1;1;1; ; ; ; ; ; ; ; ; ; ; ; ;12;132,114172808153
3367272;1;1;1; ; ; ; ; ; ; ; ; ; ; ; ;12;165,783990262218
3367272;1;2;2;2;23; ;3;05; ;1;2; ; ;1; ;12;165,783990262218
3367272;1;3;1; ; ; ; ; ; ; ; ; ; ; ; ;12;165,783990262218
3367272;1;4;1; ; ; ; ; ; ; ; ; ; ; ; ;12;165,783990262218
3367273;1;1;2;2;23; ;3;23; ;2;2; ; ;1; ;12;171,157630110825
3367273;1;2;2;2;23; ;3;23; ;2;2; ; ;1; ;12;171,157630110825
3367273;1;3;2;2;23; ;3;23; ;2;2; ; ;1; ;12;171,157630110825
3367273;1;4;2;2;23; ;3;23; ;2;2; ; ;1; ;12;171,157630110825
3367274;1;1;1; ; ; ; ; ; ; ; ; ; ; ; ;12;109,130928837448
3367274;1;2;1; ; ; ; ; ; ; ; ; ; ; ; ;12;109,130928837448
3367274;1;3;1; ; ; ; ; ; ; ; ; ; ; ; ;12;109,130928837448
3367274;1;4;1; ; ; ; ; ; ; ; ; ; ; ; ;12;109,130928837448
3367275;1;1;1; ; ; ; ; ; ; ; ; ; ; ; ;12;160,279106884235
3367275;1;2;1; ; ; ; ; ; ; ; ; ; ; ; ;12;160,279106884235
3367275;1;3;1; ; ; ; ; ; ; ; ; ; ; ; ;12;160,279106884235
3367275;1;4;1; ; ; ; ; ; ; ; ; ; ; ; ;12;160,279106884235
3367275;1;5;1; ; ; ; ; ; ; ; ; ; ; ; ;12;160,279106884235
3367276;1;1;2;2;23; ;2; ; ;1;2; ; ;1; ;12;144,424529361964
3367276;1;2;1; ; ; ; ; ; ; ; ; ; ; ; ;12;144,424529361964
3367276;1;3;1; ; ; ; ; ; ; ; ; ; ; ; ;12;144,424529361964
3367277;1;1;1; ; ; ; ; ; ; ; ; ; ; ; ;12;160,91510021082
3367277;1;2;2;2;23; ;2; ; ;1;2; ; ;1; ;12;160,91510021082
3367277;1;3;1; ; ; ; ; ; ; ; ; ; ; ; ;12;160,91510021082
3367277;1;4;1; ; ; ; ; ; ; ; ; ; ; ; ;12;160,91510021082
3367278;1;1;1; ; ; ; ; ; ; ; ; ; ; ; ;12;151,944556963983
3367278;1;2;1; ; ; ; ; ; ; ; ; ; ; ; ;12;151,944556963983
3367279;1;1;1; ; ; ; ; ; ; ; ; ; ; ; ;12;120,403237092611
3367279;1;2;1; ; ; ; ; ; ; ; ; ; ; ; ;12;120,403237092611
3367279;1;3;1; ; ; ; ; ; ; ; ; ; ; ; ;12;120,403237092611
3367279;1;4;1; ; ; ; ; ; ; ; ; ; ; ; ;12;120,403237092611
3367279;1;5;1; ; ; ; ; ; ; ; ; ; ; ; ;12;120,403237092611
3367280;1;1;1; ; ; ; ; ; ; ; ; ; ; ; ;12;158,129894444709
3367280;1;2;1; ; ; ; ; ; ; ; ; ; ; ; ;12;158,129894444709
3367280;1;3;1; ; ; ; ; ; ; ; ; ; ; ; ;12;158,129894444709
3367280;1;4;1; ; ; ; ; ; ; ; ; ; ; ; ;12;158,129894444709
3367280;1;5;1; ; ; ; ; ; ; ; ; ; ; ; ;12;158,129894444709
3367281;1;1;1; ; ; ; ; ; ; ; ; ; ; ; ;12;167,90568655172
3367281;1;2;1; ; ; ; ; ; ; ; ; ; ; ; ;12;167,90568655172
3367281;1;3;1; ; ; ; ; ; ; ; ; ; ; ; ;12;167,90568655172
3367282;1;1;1; ; ; ; ; ; ; ; ; ; ; ; ;12;102,658377549095
3367282;1;2;1; ; ; ; ; ; ; ; ; ; ; ; ;12;102,658377549095
3367282;1;3;1; ; ; ; ; ; ; ; ; ; ; ; ;12;102,658377549095
3367282;1;4;1; ; ; ; ; ; ; ; ; ; ; ; ;12;102,658377549095
3367282;1;5;2;1; ; ;3;05; ;1;2; ; ;1; ;12;102,658377549095
3367282;1;6;2;2;23; ;2; ; ;1;2; ; ;1; ;12;102,658377549095
3367282;1;7;1; ; ; ; ; ; ; ; ; ; ; ; ;12;102,658377549095
3367282;1;8;1; ; ; ; ; ; ; ; ; ; ; ; ;12;102,658377549095
3367282;1;9;1; ; ; ; ; ; ; ; ; ; ; ; ;12;102,658377549095
3367282;1;10;1; ; ; ; ; ; ; ; ; ; ; ; ;12;102,658377549095
3367282;1;11;1; ; ; ; ; ; ; ; ; ; ; ; ;12;102,658377549095
3367282;1;12;1; ; ; ; ; ; ; ; ; ; ; ; ;12;102,658377549095
3367282;1;13;1; ; ; ; ; ; ; ; ; ; ; ; ;12;102,658377549095
3367284;1;1;1; ; ; ; ; ; ; ; ; ; ; ; ;12;127,689326340109
3367284;1;2;1; ; ; ; ; ; ; ; ; ; ; ; ;12;127,689326340109
3367284;1;3;1; ; ; ; ; ; ; ; ; ; ; ; ;12;127,689326340109
3367284;1;4;1; ; ; ; ; ; ; ; ; ; ; ; ;12;127,689326340109
3367284;1;5;1; ; ; ; ; ; ; ; ; ; ; ; ;12;127,689326340109
3367284;1;6;1; ; ; ; ; ; ; ; ; ; ; ; ;12;127,689326340109
3367284;1;7;1; ; ; ; ; ; ; ; ; ; ; ; ;12;127,689326340109
3367285;1;1;1; ; ; ; ; ; ; ; ; ; ; ; ;12;170,521636784241
3367285;1;2;1; ; ; ; ; ; ; ; ; ; ; ; ;12;170,521636784241
3367285;1;3;1; ; ; ; ; ; ; ; ; ; ; ; ;12;170,521636784241
3367285;1;4;1; ; ; ; ; ; ; ; ; ; ; ; ;12;170,521636784241
3367285;1;5;1; ; ; ; ; ; ; ; ; ; ; ; ;12;170,521636784241
3367286;1;1;1; ; ; ; ; ; ; ; ; ; ; ; ;12;129,597306319862
3367286;1;2;1; ; ; ; ; ; ; ; ; ; ; ; ;12;129,597306319862
3367286;1;3;1; ; ; ; ; ; ; ; ; ; ; ; ;12;129,597306319862
3367286;1;4;1; ; ; ; ; ; ; ; ; ; ; ; ;12;129,597306319862
3367287;1;1;1; ; ; ; ; ; ; ; ; ; ; ; ;12;128,325319666693
3367287;1;2;1; ; ; ; ; ; ; ; ; ; ; ; ;12;128,325319666693
3367287;1;3;1; ; ; ; ; ; ; ; ; ; ; ; ;12;128,325319666693
3367287;1;4;1; ; ; ; ; ; ; ; ; ; ; ; ;12;128,325319666693
3367287;1;5;1; ; ; ; ; ; ; ; ; ; ; ; ;12;128,325319666693
3367287;1;6;1; ; ; ; ; ; ; ; ; ; ; ; ;12;128,325319666693
3367288;1;1;1; ; ; ; ; ; ; ; ; ; ; ; ;12;166,419983588802
3367288;1;2;1; ; ; ; ; ; ; ; ; ; ; ; ;12;166,419983588802
3367288;1;3;1; ; ; ; ; ; ; ; ; ; ; ; ;12;166,419983588802
3367289;1;1;1; ; ; ; ; ; ; ; ; ; ; ; ;12;151,619523364351
3367289;1;2;1; ; ; ; ; ; ; ; ; ; ; ; ;12;151,619523364351
3367290;1;1;1; ; ; ; ; ; ; ; ; ; ; ; ;12;164,36826687645
3367290;1;2;1; ; ; ; ; ; ; ; ; ; ; ; ;12;164,36826687645
3367290;1;3;1; ; ; ; ; ; ; ; ; ; ; ; ;12;164,36826687645
3367290;1;4;1; ; ; ; ; ; ; ; ; ; ; ; ;12;164,36826687645
3367290;1;5;1; ; ; ; ; ; ; ; ; ; ; ; ;12;164,36826687645
3367290;1;6;1; ; ; ; ; ; ; ; ; ; ; ; ;12;164,36826687645
3367290;2;1;1; ; ; ; ; ; ; ; ; ; ; ; ;12;164,36826687645
3367290;2;2;1; ; ; ; ; ; ; ; ; ; ; ; ;12;164,36826687645
3367290;2;3;1; ; ; ; ; ; ; ; ; ; ; ; ;12;164,36826687645
3367290;2;4;1; ; ; ; ; ; ; ; ; ; ; ; ;12;164,36826687645
3367291;1;1;1; ; ; ; ; ; ; ; ; ; ; ; ;12;164,273595835391
3367291;1;2;1; ; ; ; ; ; ; ; ; ; ; ; ;12;164,273595835391
3367291;1;3;1; ; ; ; ; ; ; ; ; ; ; ; ;12;164,273595835391
3367291;1;4;1; ; ; ; ; ; ; ; ; ; ; ; ;12;164,273595835391
3367292;1;1;1; ; ; ; ; ; ; ; ; ; ; ; ;12;157,180116705057
3367292;1;2;1; ; ; ; ; ; ; ; ; ; ; ; ;12;157,180116705057
3367292;1;3;1; ; ; ; ; ; ; ; ; ; ; ; ;12;157,180116705057
3367292;1;4;1; ; ; ; ; ; ; ; ; ; ; ; ;12;157,180116705057
3367292;1;5;1; ; ; ; ; ; ; ; ; ; ; ; ;12;157,180116705057
3367292;1;6;1; ; ; ; ; ; ; ; ; ; ; ; ;12;157,180116705057
3367293;1;1;1; ; ; ; ; ; ; ; ; ; ; ; ;12;140,770931641923
3367293;1;2;1; ; ; ; ; ; ; ; ; ; ; ; ;12;140,770931641923
3367293;1;3;1; ; ; ; ; ; ; ; ; ; ; ; ;12;140,770931641923
3367294;1;1;1; ; ; ; ; ; ; ; ; ; ; ; ;12;154,959336671325
3367294;1;2;1; ; ; ; ; ; ; ; ; ; ; ; ;12;154,959336671325
3367295;1;1;2;2;05; ;3;05; ;1;2; ; ;1; ;12;129,91109073293
3367295;1;2;2;2;05; ;2; ; ;2;3;05; ;1; ;12;129,91109073293
3367295;1;3;2;2;23; ;3;05; ;1;2; ; ;1; ;12;129,91109073293
3367295;1;4;2;2;23; ;3;05; ;1;2; ; ;1; ;12;129,91109073293
3367296;1;1;2;2;05; ;2; ; ;1;2; ; ;1; ;12;160,718478201613
3367296;1;2;2;2;05; ;2; ; ;1;2; ; ;1; ;12;160,718478201613
3367296;1;3;1; ; ; ; ; ; ; ; ; ; ; ; ;12;160,718478201613
3367296;1;4;1; ; ; ; ; ; ; ; ; ; ; ; ;12;160,718478201613
3367297;1;1;2;2;23; ;3;44; ;1;2; ; ;1; ;12;165,783990262218
3367297;1;2;2;2;23; ;3;23; ;1;3;23; ;1; ;12;165,783990262218
3367297;1;3;2;2;23; ;1; ; ; ;3;23; ;1; ;12;165,783990262218
3367297;1;4;2;2;23; ;1; ; ; ;3;23; ;1; ;12;165,783990262218
3367298;1;1;1; ; ; ; ; ; ; ; ; ; ; ; ;12;177,837256724773
3367298;1;2;2;2;17; ;2; ; ;1;2; ; ;1; ;12;177,837256724773
3367298;1;3;1; ; ; ; ; ; ; ; ; ; ; ; ;12;177,837256724773
3367298;1;4;1; ; ; ; ; ; ; ; ; ; ; ; ;12;177,837256724773
3367299;1;1;1; ; ; ; ; ; ; ; ; ; ; ; ;12;139,203842893283
3367299;1;2;1; ; ; ; ; ; ; ; ; ; ; ; ;12;139,203842893283
3367299;1;3;1; ; ; ; ; ; ; ; ; ; ; ; ;12;139,203842893283
3367299;1;4;1; ; ; ; ; ; ; ; ; ; ; ; ;12;139,203842893283
3367299;1;5;1; ; ; ; ; ; ; ; ; ; ; ; ;12;139,203842893283
3367300;1;1;2;2;23; ;2; ; ;1;2; ; ;1; ;12;147,680744375919
3367300;1;2;2;2;23; ;2; ; ;1;2; ; ;1; ;12;147,680744375919
3367300;1;3;2;2;23; ;2; ; ;1;2; ; ;1; ;12;147,680744375919
3367300;1;4;1; ; ; ; ; ; ; ; ; ; ; ; ;12;147,680744375919
3367300;1;5;2;2;05; ;2; ; ;1;2; ; ;1; ;12;147,680744375919
3367300;2;1;2;2;23; ;2; ; ;1;2; ; ;1; ;12;147,680744375919
3367300;2;2;2;2;05; ;2; ; ;1;2; ; ;1; ;12;147,680744375919
3367300;2;3;1; ; ; ; ; ; ; ; ; ; ; ; ;12;147,680744375919
3367301;1;1;1; ; ; ; ; ; ; ; ; ; ; ; ;12;145,164862246716
3367301;1;2;2;2;05; ;2; ; ;1;2; ; ;1; ;12;145,164862246716
3367301;1;3;2;2;23; ;2; ; ;1;2; ; ;1; ;12;145,164862246716
3367301;1;4;1; ; ; ; ; ; ; ; ; ; ; ; ;12;145,164862246716
3367302;1;1;2;2;17; ;2; ; ;1;2; ; ;1; ;12;107,260265203009
3367302;1;2;2;2;23; ;2; ; ;1;2; ; ;1; ;12;107,260265203009
3367302;1;3;2;2;23; ;2; ; ;1;2; ; ;1; ;12;107,260265203009
3367302;1;4;2;2;23; ;2; ; ;1;2; ; ;1; ;12;107,260265203009
3367303;1;1;1; ; ; ; ; ; ; ; ; ; ; ; ;12;177,013325547002
3367303;1;2;1; ; ; ; ; ; ; ; ; ; ; ; ;12;177,013325547002
3367303;1;3;1; ; ; ; ; ; ; ; ; ; ; ; ;12;177,013325547002
3367303;1;4;2;2;05; ;2; ; ;1;2; ; ;1; ;12;177,013325547002
3367303;1;5;1; ; ; ; ; ; ; ; ; ; ; ; ;12;177,013325547002
3367303;1;6;1; ; ; ; ; ; ; ; ; ; ; ; ;12;177,013325547002
3367303;1;7;1; ; ; ; ; ; ; ; ; ; ; ; ;12;177,013325547002
3367303;1;8;1; ; ; ; ; ; ; ; ; ; ; ; ;12;177,013325547002
3367304;1;1;1; ; ; ; ; ; ; ; ; ; ; ; ;12;145,800855573301
3367304;1;2;1; ; ; ; ; ; ; ; ; ; ; ; ;12;145,800855573301
3367304;1;3;1; ; ; ; ; ; ; ; ; ; ; ; ;12;145,800855573301
3367305;1;1;1; ; ; ; ; ; ; ; ; ; ; ; ;12;146,295936853401
3367305;1;2;1; ; ; ; ; ; ; ; ; ; ; ; ;12;146,295936853401
3367305;1;3;1; ; ; ; ; ; ; ; ; ; ; ; ;12;146,295936853401
3367305;1;4;1; ; ; ; ; ; ; ; ; ; ; ; ;12;146,295936853401
3367305;1;5;1; ; ; ; ; ; ; ; ; ; ; ; ;12;146,295936853401
3367305;2;1;1; ; ; ; ; ; ; ; ; ; ; ; ;12;146,295936853401
3367305;2;2;1; ; ; ; ; ; ; ; ; ; ; ; ;12;146,295936853401
3367307;1;1;1; ; ; ; ; ; ; ; ; ; ; ; ;12;177,593608910863
3367307;1;2;1; ; ; ; ; ; ; ; ; ; ; ; ;12;177,593608910863
3367308;1;1;1; ; ; ; ; ; ; ; ; ; ; ; ;12;197,667640880603
3367308;1;2;1; ; ; ; ; ; ; ; ; ; ; ; ;12;197,667640880603
3367308;1;3;1; ; ; ; ; ; ; ; ; ; ; ; ;12;197,667640880603
3367308;1;4;1; ; ; ; ; ; ; ; ; ; ; ; ;12;197,667640880603
3367308;1;5;1; ; ; ; ; ; ; ; ; ; ; ; ;12;197,667640880603
3367309;1;1;1; ; ; ; ; ; ; ; ; ; ; ; ;12;132,657883683699
3367309;1;2;2;2;23; ;2; ; ;1;2; ; ;1; ;12;132,657883683699
3367310;1;1;1; ; ; ; ; ; ; ; ; ; ; ; ;12;121,05291648566
3367310;1;2;1; ; ; ; ; ; ; ; ; ; ; ; ;12;121,05291648566
3367310;1;3;1; ; ; ; ; ; ; ; ; ; ; ; ;12;121,05291648566
3367310;1;4;1; ; ; ; ; ; ; ; ; ; ; ; ;12;121,05291648566
3367310;1;5;1; ; ; ; ; ; ; ; ; ; ; ; ;12;121,05291648566
3367310;1;6;1; ; ; ; ; ; ; ; ; ; ; ; ;12;121,05291648566
3367310;1;7;1; ; ; ; ; ; ; ; ; ; ; ; ;12;121,05291648566
3367310;1;8;1; ; ; ; ; ; ; ; ; ; ; ; ;12;121,05291648566
3367310;1;9;1; ; ; ; ; ; ; ; ; ; ; ; ;12;121,05291648566
3367310;1;10;1; ; ; ; ; ; ; ; ; ; ; ; ;12;121,05291648566
3367310;1;11;1; ; ; ; ; ; ; ; ; ; ; ; ;12;121,05291648566
3367310;1;12;1; ; ; ; ; ; ; ; ; ; ; ; ;12;121,05291648566
3367310;1;13;1; ; ; ; ; ; ; ; ; ; ; ; ;12;121,05291648566
3367310;1;14;1; ; ; ; ; ; ; ; ; ; ; ; ;12;121,05291648566
3367310;1;15;1; ; ; ; ; ; ; ; ; ; ; ; ;12;121,05291648566
3367311;1;1;1; ; ; ; ; ; ; ; ; ; ; ; ;12;154,818424624841
3367311;1;2;2;2;23; ;2; ; ;1;2; ; ;1; ;12;154,818424624841
3367311;1;3;1; ; ; ; ; ; ; ; ; ; ; ; ;12;154,818424624841
3367311;1;4;1; ; ; ; ; ; ; ; ; ; ; ; ;12;154,818424624841
3367311;1;5;1; ; ; ; ; ; ; ; ; ; ; ; ;12;154,818424624841
3367311;1;6;1; ; ; ; ; ; ; ; ; ; ; ; ;12;154,818424624841
3367311;1;7;1; ; ; ; ; ; ; ; ; ; ; ; ;12;154,818424624841
3367312;1;1;2;2;05; ;2; ; ;1;2; ; ;1; ;12;130,547084059514
3367312;1;2;1; ; ; ; ; ; ; ; ; ; ; ; ;12;130,547084059514
3367312;1;3;1; ; ; ; ; ; ; ; ; ; ; ; ;12;130,547084059514
3367313;1;1;1; ; ; ; ; ; ; ; ; ; ; ; ;12;124,728416268464
3367313;1;2;1; ; ; ; ; ; ; ; ; ; ; ; ;12;124,728416268464
3367313;1;3;1; ; ; ; ; ; ; ; ; ; ; ; ;12;124,728416268464
3367313;1;4;1; ; ; ; ; ; ; ; ; ; ; ; ;12;124,728416268464
3367314;1;1;2;2;23; ;2; ; ;1;2; ; ;1; ;12;161,551093537404
3367314;1;2;1; ; ; ; ; ; ; ; ; ; ; ; ;12;161,551093537404
3367314;1;3;1; ; ; ; ; ; ; ; ; ; ; ; ;12;161,551093537404
3367315;1;1;1; ; ; ; ; ; ; ; ; ; ; ; ;12;140,233621248441
3367315;1;2;1; ; ; ; ; ; ; ; ; ; ; ; ;12;140,233621248441
3367315;1;3;1; ; ; ; ; ; ; ; ; ; ; ; ;12;140,233621248441
3367315;1;4;1; ; ; ; ; ; ; ; ; ; ; ; ;12;140,233621248441
3367315;1;5;1; ; ; ; ; ; ; ; ; ; ; ; ;12;140,233621248441
3367315;1;6;1; ; ; ; ; ; ; ; ; ; ; ; ;12;140,233621248441
3367317;1;1;1; ; ; ; ; ; ; ; ; ; ; ; ;12;194,327827573629
3367317;1;2;1; ; ; ; ; ; ; ; ; ; ; ; ;12;194,327827573629
3367317;1;3;1; ; ; ; ; ; ; ; ; ; ; ; ;12;194,327827573629
3367317;1;4;1; ; ; ; ; ; ; ; ; ; ; ; ;12;194,327827573629
3367317;1;5;1; ; ; ; ; ; ; ; ; ; ; ; ;12;194,327827573629
3367318;1;1;1; ; ; ; ; ; ; ; ; ; ; ; ;12;137,478144139652
3367318;1;2;1; ; ; ; ; ; ; ; ; ; ; ; ;12;137,478144139652
3367318;1;3;1; ; ; ; ; ; ; ; ; ; ; ; ;12;137,478144139652
3367318;1;4;1; ; ; ; ; ; ; ; ; ; ; ; ;12;137,478144139652
3367318;1;5;1; ; ; ; ; ; ; ; ; ; ; ; ;12;137,478144139652
3367319;1;1;1; ; ; ; ; ; ; ; ; ; ; ; ;12;173,861450091215
3367319;1;2;1; ; ; ; ; ; ; ; ; ; ; ; ;12;173,861450091215
3367319;1;3;1; ; ; ; ; ; ; ; ; ; ; ; ;12;173,861450091215
3367319;1;4;1; ; ; ; ; ; ; ; ; ; ; ; ;12;173,861450091215
3367319;1;5;1; ; ; ; ; ; ; ; ; ; ; ; ;12;173,861450091215
3367320;1;1;1; ; ; ; ; ; ; ; ; ; ; ; ;12;135,820655804803
3367320;1;2;1; ; ; ; ; ; ; ; ; ; ; ; ;12;135,820655804803
3367320;1;3;1; ; ; ; ; ; ; ; ; ; ; ; ;12;135,820655804803
3367320;1;4;1; ; ; ; ; ; ; ; ; ; ; ; ;12;135,820655804803
3367320;1;5;1; ; ; ; ; ; ; ; ; ; ; ; ;12;135,820655804803
3367321;1;1;1; ; ; ; ; ; ; ; ; ; ; ; ;12;190,852758845236
3367321;1;2;1; ; ; ; ; ; ; ; ; ; ; ; ;12;190,852758845236
3367321;1;3;1; ; ; ; ; ; ; ; ; ; ; ; ;12;190,852758845236
3367321;1;4;1; ; ; ; ; ; ; ; ; ; ; ; ;12;190,852758845236
3367321;1;5;1; ; ; ; ; ; ; ; ; ; ; ; ;12;190,852758845236
3367321;1;6;1; ; ; ; ; ; ; ; ; ; ; ; ;12;190,852758845236
3367321;1;7;1; ; ; ; ; ; ; ; ; ; ; ; ;12;190,852758845236
3367321;1;8;1; ; ; ; ; ; ; ; ; ; ; ; ;12;190,852758845236
3367321;1;9;1; ; ; ; ; ; ; ; ; ; ; ; ;12;190,852758845236
3367321;1;10;1; ; ; ; ; ; ; ; ; ; ; ; ;12;190,852758845236
3367322;1;1;1; ; ; ; ; ; ; ; ; ; ; ; ;12;88,7632342881366
3367322;1;2;1; ; ; ; ; ; ; ; ; ; ; ; ;12;88,7632342881366
3367322;1;3;1; ; ; ; ; ; ; ; ; ; ; ; ;12;88,7632342881366
3367322;1;4;1; ; ; ; ; ; ; ; ; ; ; ; ;12;88,7632342881366
3367322;1;5;1; ; ; ; ; ; ; ; ; ; ; ; ;12;88,7632342881366
3367322;1;6;1; ; ; ; ; ; ; ; ; ; ; ; ;12;88,7632342881366
3367323;1;1;1; ; ; ; ; ; ; ; ; ; ; ; ;12;154,959336671325
3367323;1;2;1; ; ; ; ; ; ; ; ; ; ; ; ;12;154,959336671325
3367324;1;1;2;2;23; ;2; ; ;1;2; ; ;1; ;12;139,498944988754
3367324;1;2;1; ; ; ; ; ; ; ; ; ; ; ; ;12;139,498944988754
3367324;1;3;1; ; ; ; ; ; ; ; ; ; ; ; ;12;139,498944988754
3367324;1;4;1; ; ; ; ; ; ; ; ; ; ; ; ;12;139,498944988754
3367324;1;5;1; ; ; ; ; ; ; ; ; ; ; ; ;12;139,498944988754
3367325;1;1;1; ; ; ; ; ; ; ; ; ; ; ; ;12;164,890906844378
3367325;1;2;2;2;23; ;2; ; ;1;2; ; ;1; ;12;164,890906844378
3367325;1;3;1; ; ; ; ; ; ; ; ; ; ; ; ;12;164,890906844378
3367326;1;1;2;2;23; ;2; ; ;1;2; ; ;1; ;12;174,998181322965
3367326;1;2;1; ; ; ; ; ; ; ; ; ; ; ; ;12;174,998181322965
3367326;1;3;1; ; ; ; ; ; ; ; ; ; ; ; ;12;174,998181322965
3367326;1;4;1; ; ; ; ; ; ; ; ; ; ; ; ;12;174,998181322965
3367326;1;5;1; ; ; ; ; ; ; ; ; ; ; ; ;12;174,998181322965
3367326;2;1;1; ; ; ; ; ; ; ; ; ; ; ; ;12;174,998181322965
3367326;2;2;1; ; ; ; ; ; ; ; ; ; ; ; ;12;174,998181322965
3367326;2;3;1; ; ; ; ; ; ; ; ; ; ; ; ;12;174,998181322965
3367327;1;1;2;2;23; ;3;20; ;2;2; ; ;1; ;12;203,298370820466
3367327;1;2;2;2;05; ;3;20; ;2;2; ; ;1; ;12;203,298370820466
3367327;1;3;2;2;05; ;3;20; ;2;2; ; ;1; ;12;203,298370820466
3367327;1;4;2;2;05; ;3;20; ;2;2; ; ;1; ;12;203,298370820466
3367327;1;5;2;2;05; ;3;20; ;2;2; ; ;1; ;12;203,298370820466
3367327;1;6;2;2;05; ;3;20; ;2;2; ; ;1; ;12;203,298370820466
3367327;1;7;2;2;20; ;3;20; ;2;2; ; ;1; ;12;203,298370820466
3367328;1;1;1; ; ; ; ; ; ; ; ; ; ; ; ;12;118,423680997802
3367328;1;2;2;2;05; ;2; ; ;1;2; ; ;1; ;12;118,423680997802
3367328;1;3;2;2;05; ;2; ; ;1;2; ; ;1; ;12;118,423680997802
3367328;1;4;1; ; ; ; ; ; ; ; ; ; ; ; ;12;118,423680997802
3367328;1;5;1; ; ; ; ; ; ; ; ; ; ; ; ;12;118,423680997802
3367329;1;1;2;2;05; ;2; ; ;1;2; ; ;1; ;12;140,134938315338
3367329;1;2;1; ; ; ; ; ; ; ; ; ; ; ; ;12;140,134938315338
3367329;1;3;1; ; ; ; ; ; ; ; ; ; ; ; ;12;140,134938315338
3367329;1;4;1; ; ; ; ; ; ; ; ; ; ; ; ;12;140,134938315338
3367330;1;1;1; ; ; ; ; ; ; ; ; ; ; ; ;12;157,370879242359
3367330;1;2;2;1; ; ;3;13; ;1;3;13; ;1; ;12;157,370879242359
3367330;1;3;1; ; ; ; ; ; ; ; ; ; ; ; ;12;157,370879242359
3367330;1;4;1; ; ; ; ; ; ; ; ; ; ; ; ;12;157,370879242359
3367331;1;1;2;2;23; ;2; ; ;1;2; ; ;1; ;12;140,386371781528
3367331;1;2;1; ; ; ; ; ; ; ; ; ; ; ; ;12;140,386371781528
3367331;1;3;1; ; ; ; ; ; ; ; ; ; ; ; ;12;140,386371781528
3367331;1;4;1; ; ; ; ; ; ; ; ; ; ; ; ;12;140,386371781528
3367331;1;5;1; ; ; ; ; ; ; ; ; ; ; ; ;12;140,386371781528
3367331;1;6;1; ; ; ; ; ; ; ; ; ; ; ; ;12;140,386371781528
3367332;1;1;2;2;23; ;2; ; ;1;2; ; ;1; ;12;145,060522688548
3367332;1;2;1; ; ; ; ; ; ; ; ; ; ; ; ;12;145,060522688548
3367333;1;1;1; ; ; ; ; ; ; ; ; ; ; ; ;12;120,940547486093
3367333;1;2;1; ; ; ; ; ; ; ; ; ; ; ; ;12;120,940547486093
3367334;1;1;1; ; ; ; ; ; ; ; ; ; ; ; ;12;74,0783440908059
3367334;1;2;1; ; ; ; ; ; ; ; ; ; ; ; ;12;74,0783440908059
3367334;1;3;1; ; ; ; ; ; ; ; ; ; ; ; ;12;74,0783440908059
3367334;1;4;1; ; ; ; ; ; ; ; ; ; ; ; ;12;74,0783440908059
3367334;1;5;1; ; ; ; ; ; ; ; ; ; ; ; ;12;74,0783440908059
3367334;1;6;1; ; ; ; ; ; ; ; ; ; ; ; ;12;74,0783440908059
3367334;1;7;1; ; ; ; ; ; ; ; ; ; ; ; ;12;74,0783440908059
3367334;1;8;1; ; ; ; ; ; ; ; ; ; ; ; ;12;74,0783440908059
3367334;1;9;1; ; ; ; ; ; ; ; ; ; ; ; ;12;74,0783440908059
3367334;1;10;1; ; ; ; ; ; ; ; ; ; ; ; ;12;74,0783440908059
3367334;1;11;1; ; ; ; ; ; ; ; ; ; ; ; ;12;74,0783440908059
3367334;1;12;1; ; ; ; ; ; ; ; ; ; ; ; ;12;74,0783440908059
3367334;1;13;1; ; ; ; ; ; ; ; ; ; ; ; ;12;74,0783440908059
3367335;1;1;1; ; ; ; ; ; ; ; ; ; ; ; ;12;130,798517525704
3367335;1;2;2;2;23; ;2; ; ;1;2; ; ;1; ;12;130,798517525704
3367335;1;3;2;2;05; ;2; ; ;1;2; ; ;1; ;12;130,798517525704
3367335;1;4;1; ; ; ; ; ; ; ; ; ; ; ; ;12;130,798517525704
3367335;1;5;1; ; ; ; ; ; ; ; ; ; ; ; ;12;130,798517525704
3367336;1;1;1; ; ; ; ; ; ; ; ; ; ; ; ;12;142,589453856752
3367336;1;2;1; ; ; ; ; ; ; ; ; ; ; ; ;12;142,589453856752
3367336;1;3;1; ; ; ; ; ; ; ; ; ; ; ; ;12;142,589453856752
3367337;1;1;1; ; ; ; ; ; ; ; ; ; ; ; ;12;3116,69593436292
3367337;1;2;1; ; ; ; ; ; ; ; ; ; ; ; ;12;3116,69593436292
3367337;1;3;1; ; ; ; ; ; ; ; ; ; ; ; ;12;3116,69593436292
3367338;1;1;1; ; ; ; ; ; ; ; ; ; ; ; ;12;731,89479559513
3367338;1;2;1; ; ; ; ; ; ; ; ; ; ; ; ;12;731,89479559513
3367338;1;3;1; ; ; ; ; ; ; ; ; ; ; ; ;12;731,89479559513
3367338;1;4;1; ; ; ; ; ; ; ; ; ; ; ; ;12;731,89479559513
3367339;1;1;1; ; ; ; ; ; ; ; ; ; ; ; ;12;1439,05417542656
3367341;1;1;1; ; ; ; ; ; ; ; ; ; ; ; ;12;529,967953887775
3367341;1;2;1; ; ; ; ; ; ; ; ; ; ; ; ;12;529,967953887775
3367341;1;3;1; ; ; ; ; ; ; ; ; ; ; ; ;12;529,967953887775
3367341;1;4;1; ; ; ; ; ; ; ; ; ; ; ; ;12;529,967953887775
3367341;1;5;1; ; ; ; ; ; ; ; ; ; ; ; ;12;529,967953887775
3367341;1;6;1; ; ; ; ; ; ; ; ; ; ; ; ;12;529,967953887775
3367341;1;7;1; ; ; ; ; ; ; ; ; ; ; ; ;12;529,967953887775
3367341;1;8;1; ; ; ; ; ; ; ; ; ; ; ; ;12;529,967953887775
3367341;1;9;1; ; ; ; ; ; ; ; ; ; ; ; ;12;529,967953887775
3367341;1;10;1; ; ; ; ; ; ; ; ; ; ; ; ;12;529,967953887775
3367342;1;1;1; ; ; ; ; ; ; ; ; ; ; ; ;12;1138,52214751552
3367342;1;2;1; ; ; ; ; ; ; ; ; ; ; ; ;12;1138,52214751552
3367342;1;3;1; ; ; ; ; ; ; ; ; ; ; ; ;12;1138,52214751552
3367343;1;1;1; ; ; ; ; ; ; ; ; ; ; ; ;12;1021,03175433086
3367344;1;1;1; ; ; ; ; ; ; ; ; ; ; ; ;12;1439,05417542656
3367345;1;1;1; ; ; ; ; ; ; ; ; ; ; ; ;12;711,739391145705
3367345;1;2;1; ; ; ; ; ; ; ; ; ; ; ; ;12;711,739391145705
3367346;1;1;1; ; ; ; ; ; ; ; ; ; ; ; ;12;981,368637222576
3367346;1;2;1; ; ; ; ; ; ; ; ; ; ; ; ;12;981,368637222576
3367346;1;3;1; ; ; ; ; ; ; ; ; ; ; ; ;12;981,368637222576
3367346;1;4;1; ; ; ; ; ; ; ; ; ; ; ; ;12;981,368637222576
3367346;1;5;1; ; ; ; ; ; ; ; ; ; ; ; ;12;981,368637222576
3367346;1;6;1; ; ; ; ; ; ; ; ; ; ; ; ;12;981,368637222576
3367346;1;7;1; ; ; ; ; ; ; ; ; ; ; ; ;12;981,368637222576
3367346;1;8;1; ; ; ; ; ; ; ; ; ; ; ; ;12;981,368637222576
3367347;1;1;1; ; ; ; ; ; ; ; ; ; ; ; ;12;1220,65866871318
3367347;1;2;1; ; ; ; ; ; ; ; ; ; ; ; ;12;1220,65866871318
3367347;1;3;1; ; ; ; ; ; ; ; ; ; ; ; ;12;1220,65866871318
3367347;1;4;1; ; ; ; ; ; ; ; ; ; ; ; ;12;1220,65866871318
3367348;1;1;1; ; ; ; ; ; ; ; ; ; ; ; ;12;3098,60309449368
3367348;1;2;1; ; ; ; ; ; ; ; ; ; ; ; ;12;3098,60309449368
3367348;1;3;1; ; ; ; ; ; ; ; ; ; ; ; ;12;3098,60309449368
3367351;1;1;1; ; ; ; ; ; ; ; ; ; ; ; ;12;855,073773767141
3367351;1;2;1; ; ; ; ; ; ; ; ; ; ; ; ;12;855,073773767141
3367352;1;1;1; ; ; ; ; ; ; ; ; ; ; ; ;12;529,967953887775
3367352;1;2;1; ; ; ; ; ; ; ; ; ; ; ; ;12;529,967953887775
3367352;1;3;1; ; ; ; ; ; ; ; ; ; ; ; ;12;529,967953887775
3367353;1;1;1; ; ; ; ; ; ; ; ; ; ; ; ;12;1276,94372822176
3367353;1;2;1; ; ; ; ; ; ; ; ; ; ; ; ;12;1276,94372822176
3367353;1;3;1; ; ; ; ; ; ; ; ; ; ; ; ;12;1276,94372822176
3367354;1;1;1; ; ; ; ; ; ; ; ; ; ; ; ;12;1122,31120442323
3367354;1;2;1; ; ; ; ; ; ; ; ; ; ; ; ;12;1122,31120442323
3367354;1;3;1; ; ; ; ; ; ; ; ; ; ; ; ;12;1122,31120442323
3367354;1;4;1; ; ; ; ; ; ; ; ; ; ; ; ;12;1122,31120442323
3367355;1;1;2;2;52; ;3;19; ;1;2; ; ;2; ;12;1021,03175433086
3367356;1;1;1; ; ; ; ; ; ; ; ; ; ; ; ;12;1021,03175433086
3367357;1;1;1; ; ; ; ; ; ; ; ; ; ; ; ;12;529,967953887775
3367357;1;2;1; ; ; ; ; ; ; ; ; ; ; ; ;12;529,967953887775
3367357;1;3;1; ; ; ; ; ; ; ; ; ; ; ; ;12;529,967953887775
3367357;1;4;1; ; ; ; ; ; ; ; ; ; ; ; ;12;529,967953887775
3367358;1;1;1; ; ; ; ; ; ; ; ; ; ; ; ;12;1232,80435515099
3367358;1;2;1; ; ; ; ; ; ; ; ; ; ; ; ;12;1232,80435515099
3367358;1;3;1; ; ; ; ; ; ; ; ; ; ; ; ;12;1232,80435515099
3367358;1;4;1; ; ; ; ; ; ; ; ; ; ; ; ;12;1232,80435515099
3367358;1;5;1; ; ; ; ; ; ; ; ; ; ; ; ;12;1232,80435515099
3367358;1;6;1; ; ; ; ; ; ; ; ; ; ; ; ;12;1232,80435515099
3367358;1;7;1; ; ; ; ; ; ; ; ; ; ; ; ;12;1232,80435515099
3367358;1;8;1; ; ; ; ; ; ; ; ; ; ; ; ;12;1232,80435515099
3367358;1;9;1; ; ; ; ; ; ; ; ; ; ; ; ;12;1232,80435515099
3367359;1;1;1; ; ; ; ; ; ; ; ; ; ; ; ;12;2419,95300012614
3367359;1;2;1; ; ; ; ; ; ; ; ; ; ; ; ;12;2419,95300012614
3367359;1;3;1; ; ; ; ; ; ; ; ; ; ; ; ;12;2419,95300012614
3367360;1;1;1; ; ; ; ; ; ; ; ; ; ; ; ;12;556,192389777072
3367360;1;2;1; ; ; ; ; ; ; ; ; ; ; ; ;12;556,192389777072
3367360;1;3;1; ; ; ; ; ; ; ; ; ; ; ; ;12;556,192389777072
3367360;1;4;1; ; ; ; ; ; ; ; ; ; ; ; ;12;556,192389777072
3367360;1;5;1; ; ; ; ; ; ; ; ; ; ; ; ;12;556,192389777072
3367360;1;6;1; ; ; ; ; ; ; ; ; ; ; ; ;12;556,192389777072
3367360;1;7;1; ; ; ; ; ; ; ; ; ; ; ; ;12;556,192389777072
3367362;1;1;1; ; ; ; ; ; ; ; ; ; ; ; ;12;1021,03175433086
3367363;1;1;2;2;19; ;3;19; ;2;2; ; ;1; ;12;3098,60309449368
3367363;1;2;2;2;19; ;3;19; ;2;2; ; ;1; ;12;3098,60309449368
3367363;1;3;1; ; ; ; ; ; ; ; ; ; ; ; ;12;3098,60309449368
3367364;1;1;1; ; ; ; ; ; ; ; ; ; ; ; ;12;2976,92709100213
3367364;1;2;2;2;19; ;2; ; ;2;2; ; ;2;1;12;2976,92709100213
3367364;1;3;2;2;19; ;2; ; ;2;2; ; ;2;2;12;2976,92709100213
3367364;1;4;2;2;19; ;2; ; ;2;2; ; ;2;2;12;2976,92709100213
3367364;2;1;2;2;19; ;2; ; ;2;2; ; ;1; ;12;2976,92709100213
3367364;2;2;2;2;19; ;2; ; ;2;2; ; ;1; ;12;2976,92709100213
3367364;2;3;1; ; ; ; ; ; ; ; ; ; ; ; ;12;2976,92709100213
3367365;1;1;2;2;19; ;2; ; ;1;2; ; ;1; ;12;3072,50325799407
3367365;1;2;1; ; ; ; ; ; ; ; ; ; ; ; ;12;3072,50325799407
3367365;1;3;1; ; ; ; ; ; ; ; ; ; ; ; ;12;3072,50325799407
3367366;1;1;1; ; ; ; ; ; ; ; ; ; ; ; ;12;1400,15002198188
3367366;1;2;1; ; ; ; ; ; ; ; ; ; ; ; ;12;1400,15002198188
3367367;1;1;1; ; ; ; ; ; ; ; ; ; ; ; ;12;935,842452033434
3367367;1;2;1; ; ; ; ; ; ; ; ; ; ; ; ;12;935,842452033434
3367367;1;3;1; ; ; ; ; ; ; ; ; ; ; ; ;12;935,842452033434
3367367;1;4;1; ; ; ; ; ; ; ; ; ; ; ; ;12;935,842452033434
3367367;1;5;1; ; ; ; ; ; ; ; ; ; ; ; ;12;935,842452033434
3367367;1;6;1; ; ; ; ; ; ; ; ; ; ; ; ;12;935,842452033434
3367368;1;1;1; ; ; ; ; ; ; ; ; ; ; ; ;12;1337,66838094847
3367368;1;2;1; ; ; ; ; ; ; ; ; ; ; ; ;12;1337,66838094847
3367368;1;3;1; ; ; ; ; ; ; ; ; ; ; ; ;12;1337,66838094847
3367368;1;4;1; ; ; ; ; ; ; ; ; ; ; ; ;12;1337,66838094847
3367369;1;1;1; ; ; ; ; ; ; ; ; ; ; ; ;12;1183,98383812346
3367369;1;2;1; ; ; ; ; ; ; ; ; ; ; ; ;12;1183,98383812346
3367369;1;3;1; ; ; ; ; ; ; ; ; ; ; ; ;12;1183,98383812346
3367369;1;4;1; ; ; ; ; ; ; ; ; ; ; ; ;12;1183,98383812346
3367369;1;5;1; ; ; ; ; ; ; ; ; ; ; ; ;12;1183,98383812346
3367369;1;6;1; ; ; ; ; ; ; ; ; ; ; ; ;12;1183,98383812346
3367369;1;7;1; ; ; ; ; ; ; ; ; ; ; ; ;12;1183,98383812346
3367369;1;8;1; ; ; ; ; ; ; ; ; ; ; ; ;12;1183,98383812346
3367369;1;9;1; ; ; ; ; ; ; ; ; ; ; ; ;12;1183,98383812346
3367369;1;10;1; ; ; ; ; ; ; ; ; ; ; ; ;12;1183,98383812346
3367369;1;11;1; ; ; ; ; ; ; ; ; ; ; ; ;12;1183,98383812346
3367369;1;12;1; ; ; ; ; ; ; ; ; ; ; ; ;12;1183,98383812346
3367369;1;13;1; ; ; ; ; ; ; ; ; ; ; ; ;12;1183,98383812346
3367369;1;14;1; ; ; ; ; ; ; ; ; ; ; ; ;12;1183,98383812346
3367370;1;1;1; ; ; ; ; ; ; ; ; ; ; ; ;12;2604,8329209309
3367370;1;2;1; ; ; ; ; ; ; ; ; ; ; ; ;12;2604,8329209309
3367370;1;3;1; ; ; ; ; ; ; ; ; ; ; ; ;12;2604,8329209309
3367370;1;4;1; ; ; ; ; ; ; ; ; ; ; ; ;12;2604,8329209309
3367370;1;5;1; ; ; ; ; ; ; ; ; ; ; ; ;12;2604,8329209309
3367371;1;1;2;2;19; ;2; ; ;2;2; ; ;2; ;12;1599,29625541483
3367371;1;2;1; ; ; ; ; ; ; ; ; ; ; ; ;12;1599,29625541483
3367371;1;3;1; ; ; ; ; ; ; ; ; ; ; ; ;12;1599,29625541483
3367373;1;1;1; ; ; ; ; ; ; ; ; ; ; ; ;12;759,403879864507
3367373;1;2;1; ; ; ; ; ; ; ; ; ; ; ; ;12;759,403879864507
3367374;1;1;1; ; ; ; ; ; ; ; ; ; ; ; ;12;1400,15002198188
3367374;1;2;1; ; ; ; ; ; ; ; ; ; ; ; ;12;1400,15002198188
3367375;1;1;1; ; ; ; ; ; ; ; ; ; ; ; ;12;1400,15002198188
3367375;1;2;2;2;76; ;2; ; ;2;2; ; ;2; ;12;1400,15002198188
3367376;1;1;1; ; ; ; ; ; ; ; ; ; ; ; ;12;855,073773767141
3367376;1;2;1; ; ; ; ; ; ; ; ; ; ; ; ;12;855,073773767141
3367377;1;1;1; ; ; ; ; ; ; ; ; ; ; ; ;12;872,935360780402
3367377;1;2;1; ; ; ; ; ; ; ; ; ; ; ; ;12;872,935360780402
3367377;1;3;1; ; ; ; ; ; ; ; ; ; ; ; ;12;872,935360780402
3367377;1;4;1; ; ; ; ; ; ; ; ; ; ; ; ;12;872,935360780402
3367378;1;1;1; ; ; ; ; ; ; ; ; ; ; ; ;12;1021,03175433086
3367379;1;1;1; ; ; ; ; ; ; ; ; ; ; ; ;12;1439,05417542656
3367380;1;1;1; ; ; ; ; ; ; ; ; ; ; ; ;12;993,522670061487
3367380;1;2;1; ; ; ; ; ; ; ; ; ; ; ; ;12;993,522670061487
3367380;1;3;1; ; ; ; ; ; ; ; ; ; ; ; ;12;993,522670061487
3367381;1;1;2;2;19; ;2; ; ;1;2; ; ;1; ;12;2152,79492454083
3367381;1;2;1; ; ; ; ; ; ; ; ; ; ; ; ;12;2152,79492454083
3367381;1;3;1; ; ; ; ; ; ; ; ; ; ; ; ;12;2152,79492454083
3367383;1;1;1; ; ; ; ; ; ; ; ; ; ; ; ;12;1277,42440917113
3367383;1;2;1; ; ; ; ; ; ; ; ; ; ; ; ;12;1277,42440917113
3367383;1;3;1; ; ; ; ; ; ; ; ; ; ; ; ;12;1277,42440917113
3367383;1;4;1; ; ; ; ; ; ; ; ; ; ; ; ;12;1277,42440917113
3367383;1;5;1; ; ; ; ; ; ; ; ; ; ; ; ;12;1277,42440917113
3367385;1;1;1; ; ; ; ; ; ; ; ; ; ; ; ;12;1197,04991080428
3367385;1;2;1; ; ; ; ; ; ; ; ; ; ; ; ;12;1197,04991080428
3367385;1;3;1; ; ; ; ; ; ; ; ; ; ; ; ;12;1197,04991080428
3367385;1;4;1; ; ; ; ; ; ; ; ; ; ; ; ;12;1197,04991080428
3367385;1;5;1; ; ; ; ; ; ; ; ; ; ; ; ;12;1197,04991080428
3367385;1;6;1; ; ; ; ; ; ; ; ; ; ; ; ;12;1197,04991080428
3367386;1;1;1; ; ; ; ; ; ; ; ; ; ; ; ;12;962,069124434971
3367386;1;2;1; ; ; ; ; ; ; ; ; ; ; ; ;12;962,069124434971
3367387;1;1;1; ; ; ; ; ; ; ; ; ; ; ; ;12;1050,28841051943
3367387;1;2;1; ; ; ; ; ; ; ; ; ; ; ; ;12;1050,28841051943
3367387;1;3;1; ; ; ; ; ; ; ; ; ; ; ; ;12;1050,28841051943
3367387;1;4;1; ; ; ; ; ; ; ; ; ; ; ; ;12;1050,28841051943
3367388;1;1;1; ; ; ; ; ; ; ; ; ; ; ; ;12;1527,7541424604
3367388;1;2;1; ; ; ; ; ; ; ; ; ; ; ; ;12;1527,7541424604
3367388;1;3;1; ; ; ; ; ; ; ; ; ; ; ; ;12;1527,7541424604
3367388;1;4;1; ; ; ; ; ; ; ; ; ; ; ; ;12;1527,7541424604
3367388;1;5;1; ; ; ; ; ; ; ; ; ; ; ; ;12;1527,7541424604
3367389;1;1;1; ; ; ; ; ; ; ; ; ; ; ; ;12;1277,42440917113
3367389;1;2;2;2;19; ;2; ; ;2;2; ; ;2; ;12;1277,42440917113
3367389;1;3;1; ; ; ; ; ; ; ; ; ; ; ; ;12;1277,42440917113
3367389;1;4;1; ; ; ; ; ; ; ; ; ; ; ; ;12;1277,42440917113
3367389;1;5;1; ; ; ; ; ; ; ; ; ; ; ; ;12;1277,42440917113
3367390;1;1;1; ; ; ; ; ; ; ; ; ; ; ; ;12;614,404402410474
3367390;1;2;1; ; ; ; ; ; ; ; ; ; ; ; ;12;614,404402410474
3367391;1;1;1; ; ; ; ; ; ; ; ; ; ; ; ;12;1021,03175433086
3367392;1;1;1; ; ; ; ; ; ; ; ; ; ; ; ;12;2707,86230038694
3367392;1;2;1; ; ; ; ; ; ; ; ; ; ; ; ;12;2707,86230038694
3367394;1;1;1; ; ; ; ; ; ; ; ; ; ; ; ;12;1439,05417542656
3367395;1;1;1; ; ; ; ; ; ; ; ; ; ; ; ;12;1276,94372822176
3367395;1;2;1; ; ; ; ; ; ; ; ; ; ; ; ;12;1276,94372822176
3367395;1;3;1; ; ; ; ; ; ; ; ; ; ; ; ;12;1276,94372822176
3367396;1;1;1; ; ; ; ; ; ; ; ; ; ; ; ;12;2152,79492454083
3367396;2;1;1; ; ; ; ; ; ; ; ; ; ; ; ;12;2152,79492454083
3367396;3;1;1; ; ; ; ; ; ; ; ; ; ; ; ;12;2152,79492454083
3367397;1;1;2;1; ; ;2; ; ;1;2; ; ;1; ;12;3560,06887558904
3367397;1;2;1; ; ; ; ; ; ; ; ; ; ; ; ;12;3560,06887558904
3367397;1;3;1; ; ; ; ; ; ; ; ; ; ; ; ;12;3560,06887558904
3367397;1;4;1; ; ; ; ; ; ; ; ; ; ; ; ;12;3560,06887558904
3367398;1;1;1; ; ; ; ; ; ; ; ; ; ; ; ;12;1021,03175433086
3367399;1;1;1; ; ; ; ; ; ; ; ; ; ; ; ;12;915,798426493851
3367399;1;2;2;2;19; ;2; ; ;2;2; ; ;2; ;12;915,798426493851
3367399;1;3;1; ; ; ; ; ; ; ; ; ; ; ; ;12;915,798426493851
3367400;1;1;1; ; ; ; ; ; ; ; ; ; ; ; ;12;1422,40943571354
3367400;1;2;1; ; ; ; ; ; ; ; ; ; ; ; ;12;1422,40943571354
3367400;1;3;1; ; ; ; ; ; ; ; ; ; ; ; ;12;1422,40943571354
3367400;1;4;1; ; ; ; ; ; ; ; ; ; ; ; ;12;1422,40943571354
3367400;1;5;1; ; ; ; ; ; ; ; ; ; ; ; ;12;1422,40943571354
3367400;1;6;1; ; ; ; ; ; ; ; ; ; ; ; ;12;1422,40943571354
3367400;1;7;1; ; ; ; ; ; ; ; ; ; ; ; ;12;1422,40943571354
3367400;1;8;1; ; ; ; ; ; ; ; ; ; ; ; ;12;1422,40943571354
3367401;1;1;2;2;19; ;2; ; ;2;2; ; ;2; ;12;1180,0894204359
3367401;1;2;2;2;19; ;2; ; ;2;2; ; ;2; ;12;1180,0894204359
3367401;1;3;1; ; ; ; ; ; ; ; ; ; ; ; ;12;1180,0894204359
3367401;1;4;2;1; ; ;3;19; ;2;2; ; ;2; ;12;1180,0894204359
3367401;1;5;1; ; ; ; ; ; ; ; ; ; ; ; ;12;1180,0894204359
3367402;1;1;1; ; ; ; ; ; ; ; ; ; ; ; ;12;798,308033309194
3367403;1;1;1; ; ; ; ; ; ; ; ; ; ; ; ;12;2656,99447762307
3367403;1;2;1; ; ; ; ; ; ; ; ; ; ; ; ;12;2656,99447762307
3367404;1;1;1; ; ; ; ; ; ; ; ; ; ; ; ;12;786,366718616913
3367404;1;2;1; ; ; ; ; ; ; ; ; ; ; ; ;12;786,366718616913
3367404;1;3;1; ; ; ; ; ; ; ; ; ; ; ; ;12;786,366718616913
3367404;1;4;1; ; ; ; ; ; ; ; ; ; ; ; ;12;786,366718616913
3367404;1;5;1; ; ; ; ; ; ; ; ; ; ; ; ;12;786,366718616913
3367405;1;1;1; ; ; ; ; ; ; ; ; ; ; ; ;12;962,069124434971
3367405;1;2;1; ; ; ; ; ; ; ; ; ; ; ; ;12;962,069124434971
3367406;1;1;1; ; ; ; ; ; ; ; ; ; ; ; ;12;1357,18061188271
3367406;1;2;1; ; ; ; ; ; ; ; ; ; ; ; ;12;1357,18061188271
3367406;1;3;1; ; ; ; ; ; ; ; ; ; ; ; ;12;1357,18061188271
3367406;1;4;1; ; ; ; ; ; ; ; ; ; ; ; ;12;1357,18061188271
3367406;1;5;1; ; ; ; ; ; ; ; ; ; ; ; ;12;1357,18061188271
3367406;1;6;1; ; ; ; ; ; ; ; ; ; ; ; ;12;1357,18061188271
3367406;1;7;1; ; ; ; ; ; ; ; ; ; ; ; ;12;1357,18061188271
3367406;1;8;1; ; ; ; ; ; ; ; ; ; ; ; ;12;1357,18061188271
3367406;1;9;1; ; ; ; ; ; ; ; ; ; ; ; ;12;1357,18061188271
3367407;1;1;1; ; ; ; ; ; ; ; ; ; ; ; ;12;1502,59853152186
3367407;1;2;1; ; ; ; ; ; ; ; ; ; ; ; ;12;1502,59853152186
3367407;1;3;1; ; ; ; ; ; ; ; ; ; ; ; ;12;1502,59853152186
3367407;1;4;1; ; ; ; ; ; ; ; ; ; ; ; ;12;1502,59853152186
3367407;1;5;1; ; ; ; ; ; ; ; ; ; ; ; ;12;1502,59853152186
3367407;1;6;1; ; ; ; ; ; ; ; ; ; ; ; ;12;1502,59853152186
3367407;1;7;1; ; ; ; ; ; ; ; ; ; ; ; ;12;1502,59853152186
3367407;1;8;1; ; ; ; ; ; ; ; ; ; ; ; ;12;1502,59853152186
3367407;1;9;1; ; ; ; ; ; ; ; ; ; ; ; ;12;1502,59853152186
3367408;1;1;1; ; ; ; ; ; ; ; ; ; ; ; ;12;1615,13198779466
3367408;1;2;1; ; ; ; ; ; ; ; ; ; ; ; ;12;1615,13198779466
3367408;1;3;1; ; ; ; ; ; ; ; ; ; ; ; ;12;1615,13198779466
3367408;2;1;1; ; ; ; ; ; ; ; ; ; ; ; ;12;1615,13198779466
3367408;2;2;1; ; ; ; ; ; ; ; ; ; ; ; ;12;1615,13198779466
3367408;2;3;1; ; ; ; ; ; ; ; ; ; ; ; ;12;1615,13198779466
3367408;2;4;1; ; ; ; ; ; ; ; ; ; ; ; ;12;1615,13198779466
3367408;2;5;1; ; ; ; ; ; ; ; ; ; ; ; ;12;1615,13198779466
3367409;1;1;2;1; ; ;2; ; ;2;2; ; ;2; ;12;744,205412326939
3367409;1;2;2;2;76; ;2; ; ;2;2; ; ;2; ;12;744,205412326939
3367409;1;3;2;2;76; ;3;76; ;2;2; ; ;2; ;12;744,205412326939
3367410;1;1;1; ; ; ; ; ; ; ; ; ; ; ; ;12;1647,42697417138
3367410;1;2;1; ; ; ; ; ; ; ; ; ; ; ; ;12;1647,42697417138
3367410;1;3;1; ; ; ; ; ; ; ; ; ; ; ; ;12;1647,42697417138
3367410;1;4;1; ; ; ; ; ; ; ; ; ; ; ; ;12;1647,42697417138
3367410;1;5;1; ; ; ; ; ; ; ; ; ; ; ; ;12;1647,42697417138
3367410;1;6;1; ; ; ; ; ; ; ; ; ; ; ; ;12;1647,42697417138
3367410;1;7;1; ; ; ; ; ; ; ; ; ; ; ; ;12;1647,42697417138
3367410;1;8;1; ; ; ; ; ; ; ; ; ; ; ; ;12;1647,42697417138
3367411;1;1;1; ; ; ; ; ; ; ; ; ; ; ; ;12;1471,79760517323
3367411;1;2;1; ; ; ; ; ; ; ; ; ; ; ; ;12;1471,79760517323
3367411;1;3;1; ; ; ; ; ; ; ; ; ; ; ; ;12;1471,79760517323
3367411;1;4;1; ; ; ; ; ; ; ; ; ; ; ; ;12;1471,79760517323
3367411;1;5;1; ; ; ; ; ; ; ; ; ; ; ; ;12;1471,79760517323
3367411;1;6;1; ; ; ; ; ; ; ; ; ; ; ; ;12;1471,79760517323
3367411;1;7;1; ; ; ; ; ; ; ; ; ; ; ; ;12;1471,79760517323
3367411;1;8;1; ; ; ; ; ; ; ; ; ; ; ; ;12;1471,79760517323
3367412;1;1;1; ; ; ; ; ; ; ; ; ; ; ; ;12;762,0669993402
3367412;1;2;1; ; ; ; ; ; ; ; ; ; ; ; ;12;762,0669993402
3367412;1;3;2;1; ; ;2; ; ;2;2; ; ;2; ;12;762,0669993402
3367412;1;4;2;2;76; ;1; ; ; ;2; ; ;2; ;12;762,0669993402
3367412;1;5;1; ; ; ; ; ; ; ; ; ; ; ; ;12;762,0669993402
3367413;1;1;1; ; ; ; ; ; ; ; ; ; ; ; ;12;1050,28841051943
3367413;1;2;1; ; ; ; ; ; ; ; ; ; ; ; ;12;1050,28841051943
3367413;1;3;1; ; ; ; ; ; ; ; ; ; ; ; ;12;1050,28841051943
3367413;1;4;1; ; ; ; ; ; ; ; ; ; ; ; ;12;1050,28841051943
3367414;1;1;2;1; ; ;2; ; ;1;2; ; ;1; ;12;2207,41698042914
3367414;1;2;1; ; ; ; ; ; ; ; ; ; ; ; ;12;2207,41698042914
3367414;1;3;1; ; ; ; ; ; ; ; ; ; ; ; ;12;2207,41698042914
3367414;1;4;1; ; ; ; ; ; ; ; ; ; ; ; ;12;2207,41698042914
3367415;1;1;1; ; ; ; ; ; ; ; ; ; ; ; ;12;1024,976215688
3367415;1;2;1; ; ; ; ; ; ; ; ; ; ; ; ;12;1024,976215688
3367415;1;3;1; ; ; ; ; ; ; ; ; ; ; ; ;12;1024,976215688
3367415;1;4;1; ; ; ; ; ; ; ; ; ; ; ; ;12;1024,976215688
3367416;1;1;2;1; ; ;3;19; ;2;2; ; ;2; ;12;1471,14498589535
3367416;1;2;2;2;19; ;2; ; ;2;2; ; ;2; ;12;1471,14498589535
3367416;1;3;2;2;19; ;2; ; ;2;2; ; ;2; ;12;1471,14498589535
3367416;1;4;1; ; ; ; ; ; ; ; ; ; ; ; ;12;1471,14498589535
3367416;1;5;1; ; ; ; ; ; ; ; ; ; ; ; ;12;1471,14498589535
3367416;1;6;2;2;19; ;2; ; ;2;2; ; ;2; ;12;1471,14498589535
3367416;1;7;1; ; ; ; ; ; ; ; ; ; ; ; ;12;1471,14498589535
3367416;1;8;2;2;19; ;1; ; ; ;1; ; ; ; ;12;1471,14498589535
3367417;1;1;1; ; ; ; ; ; ; ; ; ; ; ; ;12;1138,52214751552
3367417;1;2;1; ; ; ; ; ; ; ; ; ; ; ; ;12;1138,52214751552
3367417;1;3;1; ; ; ; ; ; ; ; ; ; ; ; ;12;1138,52214751552
3367418;1;1;2;2;73; ;2; ; ;2;2; ; ;2; ;12;759,403879864507
3367418;1;2;2;2;73; ;2; ; ;2;2; ; ;2; ;12;759,403879864507
3367419;1;1;1; ; ; ; ; ; ; ; ; ; ; ; ;12;1021,03175433086
3367420;1;1;2;2;19; ;3;19; ;2;3;19; ;2; ;12;1439,05417542656
3367422;1;1;2;2;19; ;2; ; ;1;2; ; ;1; ;12;1740,92519748648
3367422;1;2;1; ; ; ; ; ; ; ; ; ; ; ; ;12;1740,92519748648
3367422;1;3;1; ; ; ; ; ; ; ; ; ; ; ; ;12;1740,92519748648
3367422;1;4;1; ; ; ; ; ; ; ; ; ; ; ; ;12;1740,92519748648
3367422;1;5;1; ; ; ; ; ; ; ; ; ; ; ; ;12;1740,92519748648
3367423;1;1;1; ; ; ; ; ; ; ; ; ; ; ; ;12;2656,99447762307
3367423;1;2;1; ; ; ; ; ; ; ; ; ; ; ; ;12;2656,99447762307
3367424;1;1;2;1; ; ;2; ; ;1;2; ; ;1; ;12;4882,88203765264
3367424;1;2;2;1; ; ;2; ; ;1;2; ; ;1; ;12;4882,88203765264
3367424;1;3;1; ; ; ; ; ; ; ; ; ; ; ; ;12;4882,88203765264
3367424;1;4;2;1; ; ;3;76; ;1;3;76; ;1; ;12;4882,88203765264
3367424;1;5;2;2;76; ;3;76; ;1;3;76; ;1; ;12;4882,88203765264
3367424;1;6;1; ; ; ; ; ; ; ; ; ; ; ; ;12;4882,88203765264
3367425;1;1;1; ; ; ; ; ; ; ; ; ; ; ; ;12;2638,90163775383
3367425;1;2;1; ; ; ; ; ; ; ; ; ; ; ; ;12;2638,90163775383
3367426;1;1;2;1; ; ;2; ; ;2;2; ; ;2; ;12;1211,54296606242
3367426;1;2;2;2;50; ;2; ; ;2;2; ; ;2; ;12;1211,54296606242
3367426;1;3;2;2;76; ;2; ; ;2;2; ; ;2; ;12;1211,54296606242
3367426;1;4;2;2;76; ;2; ; ;2;2; ; ;2; ;12;1211,54296606242
3367426;1;5;2;2;76; ;2; ; ;2;2; ; ;2; ;12;1211,54296606242
3367426;1;6;1; ; ; ; ; ; ; ; ; ; ; ; ;12;1211,54296606242
3367427;1;1;1; ; ; ; ; ; ; ; ; ; ; ; ;12;1035,84056024436
3367427;1;2;1; ; ; ; ; ; ; ; ; ; ; ; ;12;1035,84056024436
3367427;1;3;1; ; ; ; ; ; ; ; ; ; ; ; ;12;1035,84056024436
3367427;1;4;1; ; ; ; ; ; ; ; ; ; ; ; ;12;1035,84056024436
3367427;1;5;1; ; ; ; ; ; ; ; ; ; ; ; ;12;1035,84056024436
3367427;1;6;1; ; ; ; ; ; ; ; ; ; ; ; ;12;1035,84056024436
3367427;1;7;1; ; ; ; ; ; ; ; ; ; ; ; ;12;1035,84056024436
3367427;1;8;1; ; ; ; ; ; ; ; ; ; ; ; ;12;1035,84056024436
3367427;1;9;1; ; ; ; ; ; ; ; ; ; ; ; ;12;1035,84056024436
3367428;1;1;2;1; ; ;3;76; ;1;2; ; ;2; ;12;1091,87013435144
3367428;1;2;2;1; ; ;2; ; ;2;2; ; ;2; ;12;1091,87013435144
3367428;1;3;1; ; ; ; ; ; ; ; ; ; ; ; ;12;1091,87013435144
3367429;1;1;2;1; ; ;2; ; ;2;2; ; ;2; ;12;696,482337699852
3367429;1;2;1; ; ; ; ; ; ; ; ; ; ; ; ;12;696,482337699852
3367429;1;3;1; ; ; ; ; ; ; ; ; ; ; ; ;12;696,482337699852
3367430;1;1;1; ; ; ; ; ; ; ; ; ; ; ; ;12;1484,26878971921
3367430;1;2;1; ; ; ; ; ; ; ; ; ; ; ; ;12;1484,26878971921
3367430;1;3;1; ; ; ; ; ; ; ; ; ; ; ; ;12;1484,26878971921
3367430;2;1;2;2;52; ;3;76; ;1;2; ; ;1; ;12;1484,26878971921
3367430;2;2;1; ; ; ; ; ; ; ; ; ; ; ; ;12;1484,26878971921
3367430;2;3;1; ; ; ; ; ; ; ; ; ; ; ; ;12;1484,26878971921
3367431;1;1;1; ; ; ; ; ; ; ; ; ; ; ; ;12;1520,75690000349
3367431;1;2;1; ; ; ; ; ; ; ; ; ; ; ; ;12;1520,75690000349
3367431;1;3;1; ; ; ; ; ; ; ; ; ; ; ; ;12;1520,75690000349
3367431;1;4;1; ; ; ; ; ; ; ; ; ; ; ; ;12;1520,75690000349
3367431;1;5;1; ; ; ; ; ; ; ; ; ; ; ; ;12;1520,75690000349
3367431;1;6;1; ; ; ; ; ; ; ; ; ; ; ; ;12;1520,75690000349
3367431;1;7;1; ; ; ; ; ; ; ; ; ; ; ; ;12;1520,75690000349
3367431;1;8;1; ; ; ; ; ; ; ; ; ; ; ; ;12;1520,75690000349
3367432;1;1;1; ; ; ; ; ; ; ; ; ; ; ; ;12;759,403879864507
3367432;1;2;1; ; ; ; ; ; ; ; ; ; ; ; ;12;759,403879864507
3367433;1;1;1; ; ; ; ; ; ; ; ; ; ; ; ;12;759,403879864507
3367433;1;2;1; ; ; ; ; ; ; ; ; ; ; ; ;12;759,403879864507
3367435;1;1;1; ; ; ; ; ; ; ; ; ; ; ; ;12;816,169620322454
3367435;1;2;1; ; ; ; ; ; ; ; ; ; ; ; ;12;816,169620322454
3367435;1;3;1; ; ; ; ; ; ; ; ; ; ; ; ;12;816,169620322454
3367436;1;1;1; ; ; ; ; ; ; ; ; ; ; ; ;12;974,570648682284
3367436;1;2;1; ; ; ; ; ; ; ; ; ; ; ; ;12;974,570648682284
3367436;1;3;1; ; ; ; ; ; ; ; ; ; ; ; ;12;974,570648682284
3367436;1;4;1; ; ; ; ; ; ; ; ; ; ; ; ;12;974,570648682284
3367436;1;5;1; ; ; ; ; ; ; ; ; ; ; ; ;12;974,570648682284
3367436;1;6;1; ; ; ; ; ; ; ; ; ; ; ; ;12;974,570648682284
3367436;1;7;1; ; ; ; ; ; ; ; ; ; ; ; ;12;974,570648682284
3367436;1;8;1; ; ; ; ; ; ; ; ; ; ; ; ;12;974,570648682284
3367436;1;9;1; ; ; ; ; ; ; ; ; ; ; ; ;12;974,570648682284
3367436;1;10;1; ; ; ; ; ; ; ; ; ; ; ; ;12;974,570648682284
3367437;1;1;1; ; ; ; ; ; ; ; ; ; ; ; ;12;1284,57823552094
3367437;1;2;1; ; ; ; ; ; ; ; ; ; ; ; ;12;1284,57823552094
3367437;1;3;1; ; ; ; ; ; ; ; ; ; ; ; ;12;1284,57823552094
3367437;1;4;1; ; ; ; ; ; ; ; ; ; ; ; ;12;1284,57823552094
3367437;1;5;1; ; ; ; ; ; ; ; ; ; ; ; ;12;1284,57823552094
3367437;1;6;1; ; ; ; ; ; ; ; ; ; ; ; ;12;1284,57823552094
3367438;1;1;1; ; ; ; ; ; ; ; ; ; ; ; ;12;1282,5532844115
3367438;1;2;1; ; ; ; ; ; ; ; ; ; ; ; ;12;1282,5532844115
3367438;1;3;1; ; ; ; ; ; ; ; ; ; ; ; ;12;1282,5532844115
3367438;1;4;1; ; ; ; ; ; ; ; ; ; ; ; ;12;1282,5532844115
3367438;1;5;1; ; ; ; ; ; ; ; ; ; ; ; ;12;1282,5532844115
3367438;1;6;1; ; ; ; ; ; ; ; ; ; ; ; ;12;1282,5532844115
3367439;1;1;1; ; ; ; ; ; ; ; ; ; ; ; ;12;544,046703339271
3367439;1;2;1; ; ; ; ; ; ; ; ; ; ; ; ;12;544,046703339271
3367440;1;1;1; ; ; ; ; ; ; ; ; ; ; ; ;12;798,308033309194
3367441;1;1;1; ; ; ; ; ; ; ; ; ; ; ; ;12;1398,27653654909
3367441;1;2;1; ; ; ; ; ; ; ; ; ; ; ; ;12;1398,27653654909
3367441;1;3;1; ; ; ; ; ; ; ; ; ; ; ; ;12;1398,27653654909
3367442;1;1;1; ; ; ; ; ; ; ; ; ; ; ; ;12;791,97627480665
3367442;1;2;1; ; ; ; ; ; ; ; ; ; ; ; ;12;791,97627480665
3367442;1;3;1; ; ; ; ; ; ; ; ; ; ; ; ;12;791,97627480665
3367442;1;4;1; ; ; ; ; ; ; ; ; ; ; ; ;12;791,97627480665
3367442;1;5;1; ; ; ; ; ; ; ; ; ; ; ; ;12;791,97627480665
3367442;1;6;1; ; ; ; ; ; ; ; ; ; ; ; ;12;791,97627480665
3367442;1;7;1; ; ; ; ; ; ; ; ; ; ; ; ;12;791,97627480665
3367442;1;8;1; ; ; ; ; ; ; ; ; ; ; ; ;12;791,97627480665
3367443;1;1;1; ; ; ; ; ; ; ; ; ; ; ; ;12;759,403879864507
3367443;1;2;1; ; ; ; ; ; ; ; ; ; ; ; ;12;759,403879864507
3367444;1;1;1; ; ; ; ; ; ; ; ; ; ; ; ;12;1021,03175433086
3367446;1;1;1; ; ; ; ; ; ; ; ; ; ; ; ;12;1113,19550177247
3367446;1;2;1; ; ; ; ; ; ; ; ; ; ; ; ;12;1113,19550177247
3367446;1;3;1; ; ; ; ; ; ; ; ; ; ; ; ;12;1113,19550177247
3367446;1;4;1; ; ; ; ; ; ; ; ; ; ; ; ;12;1113,19550177247
3367446;1;5;1; ; ; ; ; ; ; ; ; ; ; ; ;12;1113,19550177247
3367446;1;6;1; ; ; ; ; ; ; ; ; ; ; ; ;12;1113,19550177247
3367448;1;1;1; ; ; ; ; ; ; ; ; ; ; ; ;12;1252,1122143397
3367448;1;2;2;2;19; ;2; ; ;2;2; ; ;2; ;12;1252,1122143397
3367448;1;3;1; ; ; ; ; ; ; ; ; ; ; ; ;12;1252,1122143397
3367448;1;4;1; ; ; ; ; ; ; ; ; ; ; ; ;12;1252,1122143397
3367448;1;5;1; ; ; ; ; ; ; ; ; ; ; ; ;12;1252,1122143397
3367449;1;1;1; ; ; ; ; ; ; ; ; ; ; ; ;12;1439,05417542656
3367450;1;1;2;2;19; ;2; ; ;2;2; ; ;2; ;12;529,967953887775
3367450;1;2;2;2;19; ;3;19; ;1;2; ; ;2; ;12;529,967953887775
3367450;1;3;2;2;19; ;2; ; ;2;2; ; ;2; ;12;529,967953887775
3367452;1;1;1; ; ; ; ; ; ; ; ; ; ; ; ;12;2749,93490933362
3367452;1;2;1; ; ; ; ; ; ; ; ; ; ; ; ;12;2749,93490933362
3367452;1;3;1; ; ; ; ; ; ; ; ; ; ; ; ;12;2749,93490933362
3367452;1;4;1; ; ; ; ; ; ; ; ; ; ; ; ;12;2749,93490933362
3367455;1;1;1; ; ; ; ; ; ; ; ; ; ; ; ;12;2207,41698042914
3367455;1;2;1; ; ; ; ; ; ; ; ; ; ; ; ;12;2207,41698042914
3367455;1;3;1; ; ; ; ; ; ; ; ; ; ; ; ;12;2207,41698042914
3367455;1;4;1; ; ; ; ; ; ; ; ; ; ; ; ;12;2207,41698042914
3367456;1;1;1; ; ; ; ; ; ; ; ; ; ; ; ;12;529,967953887775
3367456;1;2;1; ; ; ; ; ; ; ; ; ; ; ; ;12;529,967953887775
3367456;1;3;1; ; ; ; ; ; ; ; ; ; ; ; ;12;529,967953887775
3367456;1;4;1; ; ; ; ; ; ; ; ; ; ; ; ;12;529,967953887775
3367456;1;5;1; ; ; ; ; ; ; ; ; ; ; ; ;12;529,967953887775
3367457;1;1;1; ; ; ; ; ; ; ; ; ; ; ; ;12;923,164970990284
3367457;1;2;1; ; ; ; ; ; ; ; ; ; ; ; ;12;923,164970990284
3367457;2;1;1; ; ; ; ; ; ; ; ; ; ; ; ;12;923,164970990284
3367458;1;1;1; ; ; ; ; ; ; ; ; ; ; ; ;12;1600,30873096955
3367458;1;2;1; ; ; ; ; ; ; ; ; ; ; ; ;12;1600,30873096955
3367458;1;3;1; ; ; ; ; ; ; ; ; ; ; ; ;12;1600,30873096955
3367459;1;1;1; ; ; ; ; ; ; ; ; ; ; ; ;12;1021,03175433086
3367460;1;1;1; ; ; ; ; ; ; ; ; ; ; ; ;12;1056,42976131452
3367460;1;2;2;1; ; ;3;76; ;1;3;41; ;1;4;12;1056,42976131452
3367460;1;3;1; ; ; ; ; ; ; ; ; ; ; ; ;12;1056,42976131452
3367460;1;4;2;1; ; ;2; ; ;2;2; ; ;2; ;12;1056,42976131452
3367460;1;5;2;1; ; ;2; ; ;2;2; ; ;2; ;12;1056,42976131452
3367461;1;1;1; ; ; ; ; ; ; ; ; ; ; ; ;12;1033,23602667695
3367461;1;2;1; ; ; ; ; ; ; ; ; ; ; ; ;12;1033,23602667695
3367461;1;3;1; ; ; ; ; ; ; ; ; ; ; ; ;12;1033,23602667695
3367461;1;4;1; ; ; ; ; ; ; ; ; ; ; ; ;12;1033,23602667695
3367461;1;5;1; ; ; ; ; ; ; ; ; ; ; ; ;12;1033,23602667695
3367461;1;6;1; ; ; ; ; ; ; ; ; ; ; ; ;12;1033,23602667695
3367462;1;1;1; ; ; ; ; ; ; ; ; ; ; ; ;12;948,633749714613
3367462;1;2;1; ; ; ; ; ; ; ; ; ; ; ; ;12;948,633749714613
3367462;1;3;1; ; ; ; ; ; ; ; ; ; ; ; ;12;948,633749714613
3367462;1;4;1; ; ; ; ; ; ; ; ; ; ; ; ;12;948,633749714613
3367462;1;5;1; ; ; ; ; ; ; ; ; ; ; ; ;12;948,633749714613
3367462;1;6;1; ; ; ; ; ; ; ; ; ; ; ; ;12;948,633749714613
3367462;1;7;1; ; ; ; ; ; ; ; ; ; ; ; ;12;948,633749714613
3367463;1;1;1; ; ; ; ; ; ; ; ; ; ; ; ;12;529,967953887775
3367463;1;2;1; ; ; ; ; ; ; ; ; ; ; ; ;12;529,967953887775
3367463;1;3;1; ; ; ; ; ; ; ; ; ; ; ; ;12;529,967953887775
3367463;1;4;1; ; ; ; ; ; ; ; ; ; ; ; ;12;529,967953887775
3367465;1;1;1; ; ; ; ; ; ; ; ; ; ; ; ;12;1091,38945340207
3367466;1;1;2;2;52; ;3;52; ;2;3;86; ;2; ;12;607,434475541673
3367466;1;2;2;2;52; ;3;52; ;2;3;86; ;2; ;12;607,434475541673
3367466;1;3;2;2;52; ;3;52; ;2;3;86; ;2; ;12;607,434475541673
3367466;2;1;2;2;52; ;3;52; ;2;3;86; ;2; ;12;607,434475541673
3367466;2;2;2;2;52; ;3;52; ;2;3;86; ;2; ;12;607,434475541673
3367466;2;3;2;2;52; ;1; ; ; ;3;86; ;2; ;12;607,434475541673
3367467;1;1;1; ; ; ; ; ; ; ; ; ; ; ; ;12;1050,28841051943
3367467;1;2;2;1; ; ;2; ; ;2;2; ; ;2; ;12;1050,28841051943
3367467;1;3;1; ; ; ; ; ; ; ; ; ; ; ; ;12;1050,28841051943
3367467;1;4;1; ; ; ; ; ; ; ; ; ; ; ; ;12;1050,28841051943
3367468;1;1;1; ; ; ; ; ; ; ; ; ; ; ; ;12;1867,48757571735
3367468;1;2;1; ; ; ; ; ; ; ; ; ; ; ; ;12;1867,48757571735
3367468;1;3;1; ; ; ; ; ; ; ; ; ; ; ; ;12;1867,48757571735
3367468;1;4;1; ; ; ; ; ; ; ; ; ; ; ; ;12;1867,48757571735
3367468;1;5;1; ; ; ; ; ; ; ; ; ; ; ; ;12;1867,48757571735
3367469;1;1;1; ; ; ; ; ; ; ; ; ; ; ; ;12;856,724417688116
3367469;1;2;1; ; ; ; ; ; ; ; ; ; ; ; ;12;856,724417688116
3367469;1;3;1; ; ; ; ; ; ; ; ; ; ; ; ;12;856,724417688116
3367469;1;4;1; ; ; ; ; ; ; ; ; ; ; ; ;12;856,724417688116
3367469;1;5;1; ; ; ; ; ; ; ; ; ; ; ; ;12;856,724417688116
3367471;1;1;1; ; ; ; ; ; ; ; ; ; ; ; ;12;759,403879864507
3367471;1;2;1; ; ; ; ; ; ; ; ; ; ; ; ;12;759,403879864507
3367473;1;1;1; ; ; ; ; ; ; ; ; ; ; ; ;12;582,950856783958
3367474;1;1;1; ; ; ; ; ; ; ; ; ; ; ; ;12;1262,16735572528
3367474;1;2;2;1; ; ;2; ; ;2;2; ; ;2; ;12;1262,16735572528
3367474;1;3;1; ; ; ; ; ; ; ; ; ; ; ; ;12;1262,16735572528
3367474;1;4;1; ; ; ; ; ; ; ; ; ; ; ; ;12;1262,16735572528
3367474;1;5;1; ; ; ; ; ; ; ; ; ; ; ; ;12;1262,16735572528
3367474;1;6;2;1; ; ;3;76; ;1;3;76; ;1;4;12;1262,16735572528
3367475;1;1;1; ; ; ; ; ; ; ; ; ; ; ; ;12;798,308033309194
3367476;1;1;1; ; ; ; ; ; ; ; ; ; ; ; ;12;533,840095889702
3367476;1;2;1; ; ; ; ; ; ; ; ; ; ; ; ;12;533,840095889702
3367476;1;3;1; ; ; ; ; ; ; ; ; ; ; ; ;12;533,840095889702
3367476;1;4;1; ; ; ; ; ; ; ; ; ; ; ; ;12;533,840095889702
3367476;1;5;1; ; ; ; ; ; ; ; ; ; ; ; ;12;533,840095889702
3367476;1;6;1; ; ; ; ; ; ; ; ; ; ; ; ;12;533,840095889702
3367476;1;7;1; ; ; ; ; ; ; ; ; ; ; ; ;12;533,840095889702
3367477;1;1;1; ; ; ; ; ; ; ; ; ; ; ; ;12;1339,85081947479
3367477;1;2;1; ; ; ; ; ; ; ; ; ; ; ; ;12;1339,85081947479
3367477;1;3;1; ; ; ; ; ; ; ; ; ; ; ; ;12;1339,85081947479
3367477;1;4;1; ; ; ; ; ; ; ; ; ; ; ; ;12;1339,85081947479
3367477;1;5;1; ; ; ; ; ; ; ; ; ; ; ; ;12;1339,85081947479
3367478;1;1;1; ; ; ; ; ; ; ; ; ; ; ; ;12;1495,81991588451
3367478;1;2;1; ; ; ; ; ; ; ; ; ; ; ; ;12;1495,81991588451
3367479;1;1;1; ; ; ; ; ; ; ; ; ; ; ; ;12;759,403879864507
3367479;1;2;1; ; ; ; ; ; ; ; ; ; ; ; ;12;759,403879864507
3367480;1;1;1; ; ; ; ; ; ; ; ; ; ; ; ;12;759,403879864507
3367480;1;2;1; ; ; ; ; ; ; ; ; ; ; ; ;12;759,403879864507
3367481;1;1;1; ; ; ; ; ; ; ; ; ; ; ; ;12;786,366718616913
3367481;1;2;1; ; ; ; ; ; ; ; ; ; ; ; ;12;786,366718616913
3367481;1;3;1; ; ; ; ; ; ; ; ; ; ; ; ;12;786,366718616913
3367481;1;4;1; ; ; ; ; ; ; ; ; ; ; ; ;12;786,366718616913
3367481;1;5;1; ; ; ; ; ; ; ; ; ; ; ; ;12;786,366718616913
3367482;1;1;2;1; ; ;2; ; ;2;2; ; ;2; ;12;1439,05417542656
3367483;1;1;2;1; ; ;3;15; ;2;2; ; ;2; ;12;1600,30873096955
3367483;1;2;2;2;52; ;2; ; ;2;2; ; ;2; ;12;1600,30873096955
3367483;1;3;2;2;76; ;1; ; ; ;2; ; ;2; ;12;1600,30873096955
3367484;1;1;1; ; ; ; ; ; ; ; ; ; ; ; ;12;962,069124434971
3367484;1;2;1; ; ; ; ; ; ; ; ; ; ; ; ;12;962,069124434971
3367485;1;1;1; ; ; ; ; ; ; ; ; ; ; ; ;12;544,046703339271
3367485;1;2;2;2;17; ;2; ; ;2;2; ; ;2; ;12;544,046703339271
3367487;1;1;1; ; ; ; ; ; ; ; ; ; ; ; ;12;544,046703339271
3367487;1;2;1; ; ; ; ; ; ; ; ; ; ; ; ;12;544,046703339271
3367488;1;1;2;2;52; ;2; ; ;1;2; ; ;2; ;12;2267,44852630396
3367489;1;1;2;2;19; ;2; ; ;2;2; ; ;2; ;12;2262,56980074288
3367489;1;2;2;2;19; ;2; ; ;2;2; ; ;2; ;12;2262,56980074288
3367489;1;3;1; ; ; ; ; ; ; ; ; ; ; ; ;12;2262,56980074288
3367490;1;1;2;2;19; ;2; ; ;2;2; ; ;2; ;12;3320,99748957724
3367490;1;2;2;2;19; ;2; ; ;2;2; ; ;2; ;12;3320,99748957724
3367490;1;3;2;2;19; ;2; ; ;2;2; ; ;2; ;12;3320,99748957724
3367490;1;4;2;2;19; ;2; ; ;2;2; ; ;2; ;12;3320,99748957724
3367490;1;5;2;2;19; ;2; ; ;2;2; ; ;2; ;12;3320,99748957724
3367490;1;6;2;2;19; ;2; ; ;2;2; ; ;2; ;12;3320,99748957724
3367490;1;7;1; ; ; ; ; ; ; ; ; ; ; ; ;12;3320,99748957724
3367490;1;8;1; ; ; ; ; ; ; ; ; ; ; ; ;12;3320,99748957724
3367491;1;1;2;2;19; ;2; ; ;2;2; ; ;2; ;12;1176,92231503484
3367491;1;2;1; ; ; ; ; ; ; ; ; ; ; ; ;12;1176,92231503484
3367491;1;3;2;2;19; ;2; ; ;2;2; ; ;2; ;12;1176,92231503484
3367492;1;1;1; ; ; ; ; ; ; ; ; ; ; ; ;12;2332,42002369174
3367492;1;2;2;2;19; ;2; ; ;2;2; ; ;2; ;12;2332,42002369174
3367492;1;3;1; ; ; ; ; ; ; ; ; ; ; ; ;12;2332,42002369174
3367492;1;4;1; ; ; ; ; ; ; ; ; ; ; ; ;12;2332,42002369174
3367493;1;1;2;1; ; ;2; ; ;2;2; ; ;2; ;12;696,482337699852
3367493;1;2;1; ; ; ; ; ; ; ; ; ; ; ; ;12;696,482337699852
3367493;1;3;1; ; ; ; ; ; ; ; ; ; ; ; ;12;696,482337699852
3367494;1;1;2;2;52; ;2; ; ;2;2; ; ;2; ;12;2906,68079335361
3367494;1;2;2;2;19; ;2; ; ;2;2; ; ;2; ;12;2906,68079335361
3367494;1;3;1; ; ; ; ; ; ; ; ; ; ; ; ;12;2906,68079335361
3367494;1;4;1; ; ; ; ; ; ; ; ; ; ; ; ;12;2906,68079335361
3367494;1;5;1; ; ; ; ; ; ; ; ; ; ; ; ;12;2906,68079335361
3367494;1;6;1; ; ; ; ; ; ; ; ; ; ; ; ;12;2906,68079335361
3367495;1;1;1; ; ; ; ; ; ; ; ; ; ; ; ;12;2067,0052225996
3367495;1;2;1; ; ; ; ; ; ; ; ; ; ; ; ;12;2067,0052225996
3367495;1;3;1; ; ; ; ; ; ; ; ; ; ; ; ;12;2067,0052225996
3367495;1;4;1; ; ; ; ; ; ; ; ; ; ; ; ;12;2067,0052225996
3367495;1;5;1; ; ; ; ; ; ; ; ; ; ; ; ;12;2067,0052225996
3367497;1;1;1; ; ; ; ; ; ; ; ; ; ; ; ;12;1598,76446080948
3367497;1;2;2;1; ; ;2; ; ;2;2; ; ;2; ;12;1598,76446080948
3367497;1;3;2;2;76; ;2; ; ;2;2; ; ;2; ;12;1598,76446080948
3367497;1;4;1; ; ; ; ; ; ; ; ; ; ; ; ;12;1598,76446080948
3367497;1;5;1; ; ; ; ; ; ; ; ; ; ; ; ;12;1598,76446080948
3367498;1;1;2;1; ; ;2; ; ;2;2; ; ;2; ;12;1177,42630096021
3367498;1;2;1; ; ; ; ; ; ; ; ; ; ; ; ;12;1177,42630096021
3367499;1;1;2;1; ; ;2; ; ;2;2; ; ;2; ;12;1439,05417542656
3367500;1;1;2;1; ; ;2; ; ;2;2; ; ;2; ;12;927,096567670942
3367500;1;2;2;2;19; ;2; ; ;2;2; ; ;2; ;12;927,096567670942
3367501;1;1;1; ; ; ; ; ; ; ; ; ; ; ; ;12;1625,62092580098
3367501;1;2;1; ; ; ; ; ; ; ; ; ; ; ; ;12;1625,62092580098
3367501;1;3;1; ; ; ; ; ; ; ; ; ; ; ; ;12;1625,62092580098
3367502;1;1;2;1; ; ;2; ; ;2;2; ; ;2; ;12;816,169620322454
3367502;1;2;1; ; ; ; ; ; ; ; ; ; ; ; ;12;816,169620322454
3367502;1;3;2;1; ; ;2; ; ;2;2; ; ;2; ;12;816,169620322454
3367503;1;1;1; ; ; ; ; ; ; ; ; ; ; ; ;12;1238,61277373824
3367503;1;2;1; ; ; ; ; ; ; ; ; ; ; ; ;12;1238,61277373824
3367504;1;1;1; ; ; ; ; ; ; ; ; ; ; ; ;12;2680,73045212106
3367504;1;2;1; ; ; ; ; ; ; ; ; ; ; ; ;12;2680,73045212106
3367504;1;3;1; ; ; ; ; ; ; ; ; ; ; ; ;12;2680,73045212106
3367504;1;4;1; ; ; ; ; ; ; ; ; ; ; ; ;12;2680,73045212106
3367505;1;1;1; ; ; ; ; ; ; ; ; ; ; ; ;12;2615,30835700852
3367505;1;2;1; ; ; ; ; ; ; ; ; ; ; ; ;12;2615,30835700852
3367505;1;3;1; ; ; ; ; ; ; ; ; ; ; ; ;12;2615,30835700852
3367506;1;1;1; ; ; ; ; ; ; ; ; ; ; ; ;12;2931,13864785519
3367506;1;2;1; ; ; ; ; ; ; ; ; ; ; ; ;12;2931,13864785519
3367506;1;3;1; ; ; ; ; ; ; ; ; ; ; ; ;12;2931,13864785519
3367506;1;4;1; ; ; ; ; ; ; ; ; ; ; ; ;12;2931,13864785519
3367506;1;5;1; ; ; ; ; ; ; ; ; ; ; ; ;12;2931,13864785519
3367506;1;6;1; ; ; ; ; ; ; ; ; ; ; ; ;12;2931,13864785519
3367506;1;7;1; ; ; ; ; ; ; ; ; ; ; ; ;12;2931,13864785519
3367507;1;1;2;2;15; ;2; ; ;1;2; ; ;1; ;12;795,626607779339
3367507;1;2;1; ; ; ; ; ; ; ; ; ; ; ; ;12;795,626607779339
3367507;1;3;1; ; ; ; ; ; ; ; ; ; ; ; ;12;795,626607779339
3367508;1;1;1; ; ; ; ; ; ; ; ; ; ; ; ;12;1379,70564157954
3367508;1;2;1; ; ; ; ; ; ; ; ; ; ; ; ;12;1379,70564157954
3367509;1;1;1; ; ; ; ; ; ; ; ; ; ; ; ;12;1606,56795169227
3367510;1;1;1; ; ; ; ; ; ; ; ; ; ; ; ;12;1190,80939552169
3367510;1;2;2;2;68; ;2; ; ;1;2; ; ;1; ;12;1190,80939552169
3367510;1;3;1; ; ; ; ; ; ; ; ; ; ; ; ;12;1190,80939552169
3367510;1;4;2;2;68; ;1; ; ; ;2; ; ;1; ;12;1190,80939552169
3367510;1;5;1; ; ; ; ; ; ; ; ; ; ; ; ;12;1190,80939552169
3367510;1;6;1; ; ; ; ; ; ; ; ; ; ; ; ;12;1190,80939552169
3367511;1;1;1; ; ; ; ; ; ; ; ; ; ; ; ;12;1364,39090544595
3367512;1;1;1; ; ; ; ; ; ; ; ; ; ; ; ;12;1750,68574486744
3367513;1;1;1; ; ; ; ; ; ; ; ; ; ; ; ;12;1750,68574486744
3367514;1;1;1; ; ; ; ; ; ; ; ; ; ; ; ;12;1450,02537861003
3367515;1;1;1; ; ; ; ; ; ; ; ; ; ; ; ;12;1811,91312232063
3367515;1;2;1; ; ; ; ; ; ; ; ; ; ; ; ;12;1811,91312232063
3367515;1;3;1; ; ; ; ; ; ; ; ; ; ; ; ;12;1811,91312232063
3367515;1;4;1; ; ; ; ; ; ; ; ; ; ; ; ;12;1811,91312232063
3367516;1;1;2;2;68; ;2; ; ;1;2; ; ;1; ;12;1750,68574486744
3367520;1;1;1; ; ; ; ; ; ; ; ; ; ; ; ;12;1911,05413228752
3367520;1;2;1; ; ; ; ; ; ; ; ; ; ; ; ;12;1911,05413228752
3367520;1;3;1; ; ; ; ; ; ; ; ; ; ; ; ;12;1911,05413228752
3367520;1;4;1; ; ; ; ; ; ; ; ; ; ; ; ;12;1911,05413228752
3367521;1;1;1; ; ; ; ; ; ; ; ; ; ; ; ;12;1911,05413228752
3367521;1;2;1; ; ; ; ; ; ; ; ; ; ; ; ;12;1911,05413228752
3367521;1;3;1; ; ; ; ; ; ; ; ; ; ; ; ;12;1911,05413228752
3367521;1;4;1; ; ; ; ; ; ; ; ; ; ; ; ;12;1911,05413228752
3367522;1;1;1; ; ; ; ; ; ; ; ; ; ; ; ;12;1896,75769110295
3367523;1;1;1; ; ; ; ; ; ; ; ; ; ; ; ;12;2555,24878497751
3367523;1;2;1; ; ; ; ; ; ; ; ; ; ; ; ;12;2555,24878497751
3367523;1;3;1; ; ; ; ; ; ; ; ; ; ; ; ;12;2555,24878497751
3367523;1;4;1; ; ; ; ; ; ; ; ; ; ; ; ;12;2555,24878497751
3367523;1;5;1; ; ; ; ; ; ; ; ; ; ; ; ;12;2555,24878497751
3367524;1;1;1; ; ; ; ; ; ; ; ; ; ; ; ;12;1450,02537861003
3367525;1;1;1; ; ; ; ; ; ; ; ; ; ; ; ;12;1401,91936711273
3367525;1;2;2;2;73; ;2; ; ;2;2; ; ;2; ;12;1401,91936711273
3367526;1;1;1; ; ; ; ; ; ; ; ; ; ; ; ;12;1318,84319267752
3367526;1;2;1; ; ; ; ; ; ; ; ; ; ; ; ;12;1318,84319267752
3367527;1;1;1; ; ; ; ; ; ; ; ; ; ; ; ;12;1013,96993851773
3367527;1;2;1; ; ; ; ; ; ; ; ; ; ; ; ;12;1013,96993851773
3367527;1;3;1; ; ; ; ; ; ; ; ; ; ; ; ;12;1013,96993851773
3367528;1;1;1; ; ; ; ; ; ; ; ; ; ; ; ;12;1533,10155304525
3367529;1;1;2;2;68; ;2; ; ;1;2; ; ;1; ;12;1606,56795169227
3367530;1;1;1; ; ; ; ; ; ; ; ; ; ; ; ;12;2489,83171880758
3367530;1;2;2;2;68; ;2; ; ;1;2; ; ;1; ;12;2489,83171880758
3367530;1;3;1; ; ; ; ; ; ; ; ; ; ; ; ;12;2489,83171880758
3367530;1;4;1; ; ; ; ; ; ; ; ; ; ; ; ;12;2489,83171880758
3367530;1;5;1; ; ; ; ; ; ; ; ; ; ; ; ;12;2489,83171880758
3367530;1;6;1; ; ; ; ; ; ; ; ; ; ; ; ;12;2489,83171880758
3367530;1;7;1; ; ; ; ; ; ; ; ; ; ; ; ;12;2489,83171880758
3367530;1;8;1; ; ; ; ; ; ; ; ; ; ; ; ;12;2489,83171880758
3367530;1;9;1; ; ; ; ; ; ; ; ; ; ; ; ;12;2489,83171880758
3367531;1;1;1; ; ; ; ; ; ; ; ; ; ; ; ;12;1379,70564157954
3367531;1;2;1; ; ; ; ; ; ; ; ; ; ; ; ;12;1379,70564157954
3367532;1;1;1; ; ; ; ; ; ; ; ; ; ; ; ;12;1297,91734943688
3367533;1;1;1; ; ; ; ; ; ; ; ; ; ; ; ;12;1848,98536852217
3367533;1;2;1; ; ; ; ; ; ; ; ; ; ; ; ;12;1848,98536852217
3367533;1;3;2;1; ; ;3;68; ;1;2; ; ;1; ;12;1848,98536852217
3367534;1;1;2;2;68; ;2; ; ;1;2; ; ;1; ;12;1711,27776698291
3367534;1;2;1; ; ; ; ; ; ; ; ; ; ; ; ;12;1711,27776698291
3367534;1;3;2;2;68; ;1; ; ; ;2; ; ;1; ;12;1711,27776698291
3367535;1;1;1; ; ; ; ; ; ; ; ; ; ; ; ;12;1324,98292756142
3367535;1;2;1; ; ; ; ; ; ; ; ; ; ; ; ;12;1324,98292756142
3367535;1;3;2;2;68; ;2; ; ;1;2; ; ;1; ;12;1324,98292756142
3367536;1;1;2;2;15; ;2; ; ;2;2; ; ;2; ;12;1155,53659930302
3367536;1;2;1; ; ; ; ; ; ; ; ; ; ; ; ;12;1155,53659930302
3367537;1;1;1; ; ; ; ; ; ; ; ; ; ; ; ;12;1379,70564157954
3367537;1;2;1; ; ; ; ; ; ; ; ; ; ; ; ;12;1379,70564157954
3367540;1;1;2;2;68; ;2; ; ;1;2; ; ;1; ;12;1623,32730866295
3367540;2;1;1; ; ; ; ; ; ; ; ; ; ; ; ;12;1623,32730866295
3367540;2;2;2;2;68; ;3;68; ;1;3;68; ;1; ;12;1623,32730866295
3367540;2;3;2;2;68; ;1; ; ; ;1; ; ; ; ;12;1623,32730866295
3367541;1;1;2;2;68; ;2; ; ;1;2; ; ;1; ;12;1516,83063197849
3367541;1;2;2;2;68; ;2; ; ;1;2; ; ;1; ;12;1516,83063197849
3367541;1;3;2;2;68; ;2; ; ;1;2; ; ;1; ;12;1516,83063197849
3367542;1;1;2;2;68; ;2; ; ;1;2; ; ;1; ;12;1511,79287649297
3367542;1;2;2;2;68; ;2; ; ;1;2; ; ;1; ;12;1511,79287649297
3367542;1;3;2;2;68; ;2; ; ;1;2; ; ;1; ;12;1511,79287649297
3367543;1;1;2;2;68; ;3;20; ;2;3;20; ;2; ;12;1257,38650616373
3367544;1;1;2;2;68; ;2; ; ;2;2; ; ;2; ;12;1002,0211706465
3367544;1;2;2;2;54; ;2; ; ;2;2; ; ;2; ;12;1002,0211706465
3367545;1;1;2;2;54; ;2; ; ;2;2; ; ;2; ;12;1332,28725946052
3367545;1;2;2;2;68; ;2; ; ;2;2; ; ;2; ;12;1332,28725946052
3367545;1;3;2;2;68; ;1; ; ; ;2; ; ;2; ;12;1332,28725946052
3367546;1;1;2;2;68; ;3;68; ;1;2; ; ;2; ;12;879,26193372561
3367546;1;2;2;2;68; ;3;68; ;1;2; ; ;2; ;12;879,26193372561
3367546;1;3;2;2;68; ;3;68; ;1;2; ; ;2; ;12;879,26193372561
3367546;1;4;2;2;68; ;3;68; ;1;2; ; ;2; ;12;879,26193372561
3367546;1;5;2;2;68; ;3;68; ;1;2; ; ;2; ;12;879,26193372561
3367547;1;1;1; ; ; ; ; ; ; ; ; ; ; ; ;12;1776,57213963809
3367547;1;2;1; ; ; ; ; ; ; ; ; ; ; ; ;12;1776,57213963809
3367547;1;3;2;2;68; ;2; ; ;2;2; ; ;2; ;12;1776,57213963809
3367548;1;1;1; ; ; ; ; ; ; ; ; ; ; ; ;12;1940,4545610237
3367548;1;2;2;2;54; ;3;68; ;1;2; ; ;1;3;12;1940,4545610237
3367548;1;3;2;2;05; ;3;05; ;1;2; ; ;1;1;12;1940,4545610237
3367548;1;4;1; ; ; ; ; ; ; ; ; ; ; ; ;12;1940,4545610237
3367549;1;1;2;2;20; ;2; ; ;1;2; ; ;2; ;12;2396,57195402314
3367549;1;2;2;2;68; ;3;68; ;1;2; ; ;2; ;12;2396,57195402314
3367550;1;1;2;2;68; ;2; ; ;2;2; ; ;2; ;12;1143,63214512026
3367550;1;2;2;2;68; ;2; ; ;1;2; ; ;1;3;12;1143,63214512026
3367551;1;1;2;2;54; ;2; ; ;2;2; ; ;2; ;12;879,26193372561
3367551;1;2;2;2;54; ;2; ; ;2;2; ; ;2; ;12;879,26193372561
3367551;1;3;2;2;81; ;2; ; ;2;2; ; ;2; ;12;879,26193372561
3367552;1;1;2;2;68; ;2; ; ;2;2; ; ;2; ;12;1143,63214512026
3367552;1;2;2;2;54; ;2; ; ;2;2; ; ;2; ;12;1143,63214512026
3367553;1;1;2;2;73; ;2; ; ;2;2; ; ;2; ;12;879,26193372561
3367553;1;2;2;2;68; ;2; ; ;2;2; ; ;2; ;12;879,26193372561
3367553;1;3;1; ; ; ; ; ; ; ; ; ; ; ; ;12;879,26193372561
3367554;1;1;1; ; ; ; ; ; ; ; ; ; ; ; ;12;1644,76950640775
3367555;1;1;2;2;68; ;3;20; ;2;2; ; ;2; ;12;1828,03790826723
3367555;1;2;2;2;47; ;3;47; ;1;2; ; ;2; ;12;1828,03790826723
3367556;1;1;1; ; ; ; ; ; ; ; ; ; ; ; ;12;1143,63214512026
3367556;1;2;1; ; ; ; ; ; ; ; ; ; ; ; ;12;1143,63214512026
3367557;1;1;1; ; ; ; ; ; ; ; ; ; ; ; ;12;1074,06050337782
3367557;1;2;2;2;68; ;2; ; ;2;2; ; ;2; ;12;1074,06050337782
3367558;1;1;1; ; ; ; ; ; ; ; ; ; ; ; ;12;3862,75203276637
3367558;1;2;1; ; ; ; ; ; ; ; ; ; ; ; ;12;3862,75203276637
3367558;1;3;1; ; ; ; ; ; ; ; ; ; ; ; ;12;3862,75203276637
3367558;1;4;1; ; ; ; ; ; ; ; ; ; ; ; ;12;3862,75203276637
3367558;1;5;1; ; ; ; ; ; ; ; ; ; ; ; ;12;3862,75203276637
3367558;1;6;1; ; ; ; ; ; ; ; ; ; ; ; ;12;3862,75203276637
3367559;1;1;2;2;68; ;2; ; ;2;2; ; ;2; ;12;1215,67147785158
3367559;1;2;1; ; ; ; ; ; ; ; ; ; ; ; ;12;1215,67147785158
3367560;1;1;1; ; ; ; ; ; ; ; ; ; ; ; ;12;2340,85387030957
3367560;1;2;2;2;11; ;2; ; ;1;2; ; ;1; ;12;2340,85387030957
3367560;1;3;2;2;68; ;2; ; ;1;2; ; ;1; ;12;2340,85387030957
3367561;1;1;1; ; ; ; ; ; ; ; ; ; ; ; ;12;1443,8573465643
3367562;1;1;1; ; ; ; ; ; ; ; ; ; ; ; ;12;2079,66544739752
3367562;1;2;1; ; ; ; ; ; ; ; ; ; ; ; ;12;2079,66544739752
3367562;1;3;2;2;68; ;2; ; ;1;2; ; ;1; ;12;2079,66544739752
3367562;1;4;2;2;68; ;1; ; ; ;1; ; ; ; ;12;2079,66544739752
3367563;1;1;1; ; ; ; ; ; ; ; ; ; ; ; ;12;1917,44467260563
3367563;1;2;2;2;68; ;2; ; ;1;2; ; ;1; ;12;1917,44467260563
3367563;1;3;2;2;68; ;2; ; ;1;2; ; ;1; ;12;1917,44467260563
3367563;1;4;2;2;68; ;1; ; ; ;2; ; ;1; ;12;1917,44467260563
3367564;1;1;2;2;68; ;2; ; ;1;2; ; ;1; ;12;1861,71481168262
3367564;1;2;2;2;68; ;3;13; ;1;2; ; ;1; ;12;1861,71481168262
3367564;1;3;2;2;68; ;2; ; ;1;2; ; ;1; ;12;1861,71481168262
3367565;1;1;1; ; ; ; ; ; ; ; ; ; ; ; ;12;1933,74798328063
3367565;1;2;1; ; ; ; ; ; ; ; ; ; ; ; ;12;1933,74798328063
3367565;1;3;1; ; ; ; ; ; ; ; ; ; ; ; ;12;1933,74798328063
3367566;1;1;2;2;54; ;3;68; ;1;2; ; ;1; ;12;1852,65121906251
3367567;1;1;2;2;68; ;2; ; ;1;2; ; ;1; ;12;1810,94799592117
3367567;1;2;2;2;68; ;2; ; ;1;2; ; ;1; ;12;1810,94799592117
3367567;1;3;1; ; ; ; ; ; ; ; ; ; ; ; ;12;1810,94799592117
3367568;1;1;2;2;54; ;2; ; ;1;2; ; ;1; ;12;1609,38228775998
3367568;1;2;2;2;54; ;2; ; ;1;2; ; ;1; ;12;1609,38228775998
3367568;1;3;1; ; ; ; ; ; ; ; ; ; ; ; ;12;1609,38228775998
3367568;1;4;2;2;68; ;2; ; ;1;2; ; ;1; ;12;1609,38228775998
3367568;1;5;1; ; ; ; ; ; ; ; ; ; ; ; ;12;1609,38228775998
3367569;1;1;1; ; ; ; ; ; ; ; ; ; ; ; ;12;1533,10155304525
3367570;1;1;2;2;54; ;2; ; ;1;2; ; ;1; ;12;1511,79287649297
3367570;1;2;2;1; ; ;3;68; ;1;2; ; ;1; ;12;1511,79287649297
3367570;1;3;2;2;68; ;2; ; ;1;2; ; ;1; ;12;1511,79287649297
3367572;1;1;1; ; ; ; ; ; ; ; ; ; ; ; ;12;1238,61277373824
3367572;1;2;1; ; ; ; ; ; ; ; ; ; ; ; ;12;1238,61277373824
3367573;1;1;2;2;15; ;2; ; ;2;2; ; ;2; ;12;2401,04999664079
3367573;1;2;1; ; ; ; ; ; ; ; ; ; ; ; ;12;2401,04999664079
3367573;1;3;1; ; ; ; ; ; ; ; ; ; ; ; ;12;2401,04999664079
3367573;1;4;1; ; ; ; ; ; ; ; ; ; ; ; ;12;2401,04999664079
3367574;1;1;1; ; ; ; ; ; ; ; ; ; ; ; ;12;1599,76073851011
3367574;1;2;1; ; ; ; ; ; ; ; ; ; ; ; ;12;1599,76073851011
3367574;1;3;1; ; ; ; ; ; ; ; ; ; ; ; ;12;1599,76073851011
3367575;1;1;2;1; ; ;2; ; ;2;2; ; ;2; ;12;1318,84319267752
3367575;1;2;2;1; ; ;2; ; ;2;2; ; ;2; ;12;1318,84319267752
3367576;1;1;1; ; ; ; ; ; ; ; ; ; ; ; ;12;1238,61277373824
3367576;1;2;1; ; ; ; ; ; ; ; ; ; ; ; ;12;1238,61277373824
3367577;1;1;2;1; ; ;2; ; ;2;2; ; ;2; ;12;1693,49596520287
3367577;1;2;1; ; ; ; ; ; ; ; ; ; ; ; ;12;1693,49596520287
3367577;1;3;1; ; ; ; ; ; ; ; ; ; ; ; ;12;1693,49596520287
3367578;1;1;1; ; ; ; ; ; ; ; ; ; ; ; ;12;2615,30835700852
3367578;1;2;1; ; ; ; ; ; ; ; ; ; ; ; ;12;2615,30835700852
3367578;1;3;1; ; ; ; ; ; ; ; ; ; ; ; ;12;2615,30835700852
3367579;1;1;1; ; ; ; ; ; ; ; ; ; ; ; ;12;1533,10155304525
3367580;1;1;2;1; ; ;2; ; ;1;2; ; ;1; ;12;1520,80575136494
3367580;1;2;1; ; ; ; ; ; ; ; ; ; ; ; ;12;1520,80575136494
3367580;1;3;1; ; ; ; ; ; ; ; ; ; ; ; ;12;1520,80575136494
3367580;1;4;1; ; ; ; ; ; ; ; ; ; ; ; ;12;1520,80575136494
3367580;1;5;1; ; ; ; ; ; ; ; ; ; ; ; ;12;1520,80575136494
3367581;1;1;2;2;47; ;2; ; ;1;2; ; ;1; ;12;1544,53751841705
3367581;1;2;2;1; ; ;2; ; ;1;2; ; ;1; ;12;1544,53751841705
3367581;1;3;2;2;47; ;2; ; ;1;2; ; ;1; ;12;1544,53751841705
3367581;1;4;2;1; ; ;2; ; ;1;3;68; ;1; ;12;1544,53751841705
3367581;1;5;1; ; ; ; ; ; ; ; ; ; ; ; ;12;1544,53751841705
3367582;1;1;2;1; ; ;2; ; ;1;2; ; ;1; ;12;1468,14857380313
3367582;1;2;2;2;68; ;2; ; ;2;2; ; ;1; ;12;1468,14857380313
3367582;1;3;2;2;68; ;3;68; ;1;2; ; ;1; ;12;1468,14857380313
3367582;1;4;1; ; ; ; ; ; ; ; ; ; ; ; ;12;1468,14857380313
3367582;1;5;2;2;68; ;3;68; ;1;2; ; ;1; ;12;1468,14857380313
3367582;1;6;1; ; ; ; ; ; ; ; ; ; ; ; ;12;1468,14857380313
3367583;1;1;1; ; ; ; ; ; ; ; ; ; ; ; ;12;1616,04175917393
3367583;1;2;1; ; ; ; ; ; ; ; ; ; ; ; ;12;1616,04175917393
3367583;1;3;1; ; ; ; ; ; ; ; ; ; ; ; ;12;1616,04175917393
3367583;1;4;1; ; ; ; ; ; ; ; ; ; ; ; ;12;1616,04175917393
3367584;1;1;1; ; ; ; ; ; ; ; ; ; ; ; ;12;1035,21095558226
3367584;1;2;1; ; ; ; ; ; ; ; ; ; ; ; ;12;1035,21095558226
3367584;1;3;1; ; ; ; ; ; ; ; ; ; ; ; ;12;1035,21095558226
3367584;1;4;1; ; ; ; ; ; ; ; ; ; ; ; ;12;1035,21095558226
3367585;1;1;2;2;11; ;2; ; ;1;2; ; ;1; ;12;1364,39090544595
3367586;1;1;2;1; ; ;2; ; ;2;2; ; ;2; ;12;2632,11297147893
3367586;1;2;2;1; ; ;2; ; ;2;2; ; ;2; ;12;2632,11297147893
3367586;1;3;1; ; ; ; ; ; ; ; ; ; ; ; ;12;2632,11297147893
3367586;1;4;1; ; ; ; ; ; ; ; ; ; ; ; ;12;2632,11297147893
3367586;1;5;1; ; ; ; ; ; ; ; ; ; ; ; ;12;2632,11297147893
3367587;1;1;1; ; ; ; ; ; ; ; ; ; ; ; ;12;1688,01645358459
3367587;1;2;1; ; ; ; ; ; ; ; ; ; ; ; ;12;1688,01645358459
3367587;1;3;1; ; ; ; ; ; ; ; ; ; ; ; ;12;1688,01645358459
3367590;1;1;1; ; ; ; ; ; ; ; ; ; ; ; ;12;1238,61277373824
3367590;1;2;1; ; ; ; ; ; ; ; ; ; ; ; ;12;1238,61277373824
3367591;1;1;1; ; ; ; ; ; ; ; ; ; ; ; ;12;1013,96993851773
3367591;1;2;1; ; ; ; ; ; ; ; ; ; ; ; ;12;1013,96993851773
3367591;1;3;1; ; ; ; ; ; ; ; ; ; ; ; ;12;1013,96993851773
3367592;1;1;1; ; ; ; ; ; ; ; ; ; ; ; ;12;1987,91831878895
3367592;1;2;1; ; ; ; ; ; ; ; ; ; ; ; ;12;1987,91831878895
3367592;1;3;1; ; ; ; ; ; ; ; ; ; ; ; ;12;1987,91831878895
3367592;1;4;1; ; ; ; ; ; ; ; ; ; ; ; ;12;1987,91831878895
3367593;1;1;1; ; ; ; ; ; ; ; ; ; ; ; ;12;2334,324385455
3367593;1;2;1; ; ; ; ; ; ; ; ; ; ; ; ;12;2334,324385455
3367593;1;3;1; ; ; ; ; ; ; ; ; ; ; ; ;12;2334,324385455
3367593;1;4;1; ; ; ; ; ; ; ; ; ; ; ; ;12;2334,324385455
3367594;1;1;1; ; ; ; ; ; ; ; ; ; ; ; ;12;2615,30835700852
3367594;1;2;1; ; ; ; ; ; ; ; ; ; ; ; ;12;2615,30835700852
3367594;1;3;1; ; ; ; ; ; ; ; ; ; ; ; ;12;2615,30835700852
3367595;1;1;1; ; ; ; ; ; ; ; ; ; ; ; ;12;2334,324385455
3367595;1;2;1; ; ; ; ; ; ; ; ; ; ; ; ;12;2334,324385455
3367595;1;3;1; ; ; ; ; ; ; ; ; ; ; ; ;12;2334,324385455
3367595;1;4;1; ; ; ; ; ; ; ; ; ; ; ; ;12;2334,324385455
3367596;1;1;1; ; ; ; ; ; ; ; ; ; ; ; ;12;1457,34987874564
3367596;1;2;1; ; ; ; ; ; ; ; ; ; ; ; ;12;1457,34987874564
3367597;1;1;2;1; ; ;2; ; ;2;2; ; ;2; ;12;2415,79189474661
3367597;1;2;2;1; ; ;2; ; ;2;2; ; ;2; ;12;2415,79189474661
3367597;1;3;1; ; ; ; ; ; ; ; ; ; ; ; ;12;2415,79189474661
3367597;1;4;1; ; ; ; ; ; ; ; ; ; ; ; ;12;2415,79189474661
3367597;1;5;1; ; ; ; ; ; ; ; ; ; ; ; ;12;2415,79189474661
3367598;1;1;2;1; ; ;2; ; ;1;2; ; ;1; ;12;1297,91734943688
3367599;1;1;2;2;11; ;3;68; ;1;2; ; ;1; ;12;1941,94434182186
3367599;1;2;2;2;05; ;3;68; ;1;3;68; ;1; ;12;1941,94434182186
3367599;1;3;2;2;68; ;3;68; ;1;3;68; ;1; ;12;1941,94434182186
3367599;1;4;2;2;68; ;1; ; ; ;3;68; ;1; ;12;1941,94434182186
3367600;1;1;2;1; ; ;3;68; ;1;2; ; ;1; ;12;1297,91734943688
3367601;1;1;2;1; ; ;3;68; ;1;2; ; ;1; ;12;1297,91734943688
3367602;1;1;1; ; ; ; ; ; ; ; ; ; ; ; ;12;1941,94434182186
3367602;1;2;1; ; ; ; ; ; ; ; ; ; ; ; ;12;1941,94434182186
3367602;1;3;1; ; ; ; ; ; ; ; ; ; ; ; ;12;1941,94434182186
3367602;1;4;1; ; ; ; ; ; ; ; ; ; ; ; ;12;1941,94434182186
3367603;1;1;1; ; ; ; ; ; ; ; ; ; ; ; ;12;1313,23208557047
3367603;1;2;1; ; ; ; ; ; ; ; ; ; ; ; ;12;1313,23208557047
3367604;1;1;2;2;68; ;2; ; ;1;2; ; ;1; ;12;1297,91734943688
3367607;1;1;2;2;68; ;2; ; ;1;2; ; ;1; ;12;1460,06406136203
3367607;1;2;2;2;54; ;2; ; ;1;2; ; ;1; ;12;1460,06406136203
3367608;1;1;2;1; ; ;2; ; ;2;2; ; ;2; ;12;1013,96993851773
3367608;1;2;1; ; ; ; ; ; ; ; ; ; ; ; ;12;1013,96993851773
3367608;1;3;2;1; ; ;2; ; ;2;2; ; ;2; ;12;1013,96993851773
3367609;1;1;1; ; ; ; ; ; ; ; ; ; ; ; ;12;1890,35677467002
3367609;1;2;2;2;68; ;2; ; ;1;2; ; ;1; ;12;1890,35677467002
3367609;1;3;1; ; ; ; ; ; ; ; ; ; ; ; ;12;1890,35677467002
3367609;1;4;2;2;68; ;2; ; ;1;3;25; ;1; ;12;1890,35677467002
3367609;1;5;1; ; ; ; ; ; ; ; ; ; ; ; ;12;1890,35677467002
3367610;1;1;2;2;68; ;2; ; ;1;2; ; ;1; ;12;1685,54901598776
3367610;1;2;2;2;68; ;2; ; ;1;2; ; ;1; ;12;1685,54901598776
3367610;1;3;2;2;68; ;2; ; ;1;2; ; ;1; ;12;1685,54901598776
3367610;1;4;2;2;68; ;2; ; ;1;2; ; ;1; ;12;1685,54901598776
3367611;1;1;2;2;68; ;2; ; ;2;2; ; ;2; ;12;1257,38650616373
3367612;1;1;2;2;11; ;3;68; ;1;2; ; ;2; ;12;1257,38650616373
3367613;1;1;2;2;54; ;2; ; ;2;2; ; ;2; ;12;3021,83663416168
3367613;1;2;1; ; ; ; ; ; ; ; ; ; ; ; ;12;3021,83663416168
3367613;1;3;1; ; ; ; ; ; ; ; ; ; ; ; ;12;3021,83663416168
3367614;1;1;2;2;68; ;3;20; ;2;2; ; ;2; ;12;1957,55193959906
3367614;1;2;2;2;20; ;3;20; ;2;2; ; ;2; ;12;1957,55193959906
3367614;1;3;2;2;20; ;1; ; ; ;2; ; ;2; ;12;1957,55193959906
3367614;1;4;1; ; ; ; ; ; ; ; ; ; ; ; ;12;1957,55193959906
3367615;1;1;2;2;68; ;3;68; ;2;3;68; ;2; ;12;1590,51401554323
3367615;1;2;2;2;68; ;3;68; ;2;3;68; ;2; ;12;1590,51401554323
3367615;1;3;2;2;68; ;3;68; ;2;3;68; ;2; ;12;1590,51401554323
3367615;1;4;2;2;68; ;3;68; ;2;3;68; ;2; ;12;1590,51401554323
3367616;1;1;1; ; ; ; ; ; ; ; ; ; ; ; ;12;1004,88259121197
3367616;1;2;1; ; ; ; ; ; ; ; ; ; ; ; ;12;1004,88259121197
3367616;1;3;1; ; ; ; ; ; ; ; ; ; ; ; ;12;1004,88259121197
3367616;1;4;1; ; ; ; ; ; ; ; ; ; ; ; ;12;1004,88259121197
3367617;1;1;1; ; ; ; ; ; ; ; ; ; ; ; ;12;1699,32518351635
3367617;1;2;1; ; ; ; ; ; ; ; ; ; ; ; ;12;1699,32518351635
3367617;1;3;1; ; ; ; ; ; ; ; ; ; ; ; ;12;1699,32518351635
3367618;1;1;1; ; ; ; ; ; ; ; ; ; ; ; ;12;879,26193372561
3367618;1;2;1; ; ; ; ; ; ; ; ; ; ; ; ;12;879,26193372561
3367618;1;3;1; ; ; ; ; ; ; ; ; ; ; ; ;12;879,26193372561
3367619;1;1;2;1; ; ;2; ; ;2;2; ; ;2; ;12;1450,02537861003
3367620;1;1;1; ; ; ; ; ; ; ; ; ; ; ; ;12;1143,63214512026
3367620;1;2;1; ; ; ; ; ; ; ; ; ; ; ; ;12;1143,63214512026
3367621;1;1;2;2;68; ;2; ; ;2;2; ; ;2; ;12;1468,51152145351
3367621;1;2;1; ; ; ; ; ; ; ; ; ; ; ; ;12;1468,51152145351
3367621;1;3;1; ; ; ; ; ; ; ; ; ; ; ; ;12;1468,51152145351
3367622;1;1;1; ; ; ; ; ; ; ; ; ; ; ; ;12;1547,56127109007
3367622;1;2;1; ; ; ; ; ; ; ; ; ; ; ; ;12;1547,56127109007
3367622;1;3;1; ; ; ; ; ; ; ; ; ; ; ; ;12;1547,56127109007
3367622;1;4;1; ; ; ; ; ; ; ; ; ; ; ; ;12;1547,56127109007
3367622;1;5;1; ; ; ; ; ; ; ; ; ; ; ; ;12;1547,56127109007
3367622;1;6;2;2;68; ;2; ; ;2;2; ; ;2; ;12;1547,56127109007
3367623;1;1;1; ; ; ; ; ; ; ; ; ; ; ; ;12;879,26193372561
3367623;1;2;1; ; ; ; ; ; ; ; ; ; ; ; ;12;879,26193372561
3367623;1;3;2;2;68; ;3;68; ;1;3;68; ;1;1;12;879,26193372561
3367624;1;1;1; ; ; ; ; ; ; ; ; ; ; ; ;12;1699,32518351635
3367624;1;2;2;2;44; ;4; ;3; ;2; ; ;2; ;12;1699,32518351635
3367624;1;3;1; ; ; ; ; ; ; ; ; ; ; ; ;12;1699,32518351635
3367625;1;1;1; ; ; ; ; ; ; ; ; ; ; ; ;12;1074,06050337782
3367625;1;2;1; ; ; ; ; ; ; ; ; ; ; ; ;12;1074,06050337782
3367626;1;1;1; ; ; ; ; ; ; ; ; ; ; ; ;12;1257,38650616373
3367627;1;1;1; ; ; ; ; ; ; ; ; ; ; ; ;12;879,26193372561
3367627;1;2;2;1; ; ;2; ; ;2;2; ; ;2; ;12;879,26193372561
3367627;1;3;1; ; ; ; ; ; ; ; ; ; ; ; ;12;879,26193372561
3367628;1;1;1; ; ; ; ; ; ; ; ; ; ; ; ;12;1143,63214512026
3367628;1;2;1; ; ; ; ; ; ; ; ; ; ; ; ;12;1143,63214512026
3367629;1;1;1; ; ; ; ; ; ; ; ; ; ; ; ;12;1590,51401554323
3367629;1;2;1; ; ; ; ; ; ; ; ; ; ; ; ;12;1590,51401554323
3367629;1;3;1; ; ; ; ; ; ; ; ; ; ; ; ;12;1590,51401554323
3367629;1;4;1; ; ; ; ; ; ; ; ; ; ; ; ;12;1590,51401554323
3367630;1;1;2;2;11; ;2; ; ;2;2; ; ;2; ;12;1450,02537861003
3367631;1;1;1; ; ; ; ; ; ; ; ; ; ; ; ;12;1460,89645568302
3367631;1;2;1; ; ; ; ; ; ; ; ; ; ; ; ;12;1460,89645568302
3367631;1;3;1; ; ; ; ; ; ; ; ; ; ; ; ;12;1460,89645568302
3367631;1;4;1; ; ; ; ; ; ; ; ; ; ; ; ;12;1460,89645568302
3367631;1;5;1; ; ; ; ; ; ; ; ; ; ; ; ;12;1460,89645568302
3367631;1;6;1; ; ; ; ; ; ; ; ; ; ; ; ;12;1460,89645568302
3367631;1;7;1; ; ; ; ; ; ; ; ; ; ; ; ;12;1460,89645568302
3367632;1;1;2;2;68; ;2; ; ;1;2; ; ;1; ;12;1359,28120728143
3367632;1;2;2;2;54; ;2; ; ;1;2; ; ;1; ;12;1359,28120728143
3367632;1;3;1; ; ; ; ; ; ; ; ; ; ; ; ;12;1359,28120728143
3367633;1;1;2;2;68; ;2; ; ;1;2; ; ;1; ;12;1373,51216043556
3367634;1;1;2;2;68; ;2; ; ;1;2; ; ;1; ;12;1689,6466576571
3367634;1;2;2;2;68; ;1; ; ; ;2; ; ;1; ;12;1689,6466576571
3367635;1;1;2;2;68; ;3;68; ;2;2; ; ;1; ;12;1542,23054444483
3367635;1;2;2;2;68; ;3;68; ;2;2; ; ;1; ;12;1542,23054444483
3367636;1;1;2;2;68; ;2; ; ;1;2; ; ;1; ;12;1612,57573057357
3367636;1;2;1; ; ; ; ; ; ; ; ; ; ; ; ;12;1612,57573057357
3367637;1;1;2;2;54; ;2; ; ;1;2; ; ;1; ;12;1377,53799757014
3367637;1;2;2;2;54; ;2; ; ;1;2; ; ;1; ;12;1377,53799757014
3367637;1;3;2;2;54; ;2; ; ;1;2; ; ;1; ;12;1377,53799757014
3367638;1;1;2;2;54; ;2; ; ;1;2; ; ;1; ;12;1724,11016274354
3367638;1;2;2;2;47; ;3;20; ;1;2; ; ;1; ;12;1724,11016274354
3367638;1;3;1; ; ; ; ; ; ; ; ; ; ; ; ;12;1724,11016274354
3367640;1;1;2;2;54; ;2; ; ;1;2; ; ;1; ;12;1785,54808345484
3367640;1;2;2;2;54; ;2; ; ;1;2; ; ;1; ;12;1785,54808345484
3367640;1;3;2;2;54; ;2; ; ;1;2; ; ;1; ;12;1785,54808345484
3367640;1;4;1; ; ; ; ; ; ; ; ; ; ; ; ;12;1785,54808345484
3367641;1;1;2;1; ; ;2; ; ;2;2; ; ;2; ;12;1450,02537861003
3367642;1;1;2;2;68; ;2; ; ;1;2; ; ;1; ;12;1443,8573465643
3367644;1;1;1; ; ; ; ; ; ; ; ; ; ; ; ;12;1482,08336033108
3367644;1;2;1; ; ; ; ; ; ; ; ; ; ; ; ;12;1482,08336033108
3367644;1;3;1; ; ; ; ; ; ; ; ; ; ; ; ;12;1482,08336033108
3367644;1;4;2;1; ; ;2; ; ;2;2; ; ;2; ;12;1482,08336033108
3367645;1;1;2;1; ; ;2; ; ;2;2; ; ;2; ;12;1974,41351103546
3367645;1;2;2;1; ; ;2; ; ;2;2; ; ;2; ;12;1974,41351103546
3367645;1;3;1; ; ; ; ; ; ; ; ; ; ; ; ;12;1974,41351103546
3367645;1;4;1; ; ; ; ; ; ; ; ; ; ; ; ;12;1974,41351103546
3367646;1;1;1; ; ; ; ; ; ; ; ; ; ; ; ;12;1450,02537861003
3367647;1;1;1; ; ; ; ; ; ; ; ; ; ; ; ;12;1401,91936711273
3367647;1;2;1; ; ; ; ; ; ; ; ; ; ; ; ;12;1401,91936711273
3367648;1;1;1; ; ; ; ; ; ; ; ; ; ; ; ;12;1318,84319267752
3367648;1;2;1; ; ; ; ; ; ; ; ; ; ; ; ;12;1318,84319267752
3367649;1;1;1; ; ; ; ; ; ; ; ; ; ; ; ;12;1450,02537861003
3367650;1;1;1; ; ; ; ; ; ; ; ; ; ; ; ;12;1533,10155304525
3367651;1;1;1; ; ; ; ; ; ; ; ; ; ; ; ;12;1385,10498910829
3367651;1;2;1; ; ; ; ; ; ; ; ; ; ; ; ;12;1385,10498910829
3367651;1;3;1; ; ; ; ; ; ; ; ; ; ; ; ;12;1385,10498910829
3367651;1;4;1; ; ; ; ; ; ; ; ; ; ; ; ;12;1385,10498910829
3367652;1;1;1; ; ; ; ; ; ; ; ; ; ; ; ;12;1263,90871908109
3367652;1;2;1; ; ; ; ; ; ; ; ; ; ; ; ;12;1263,90871908109
3367652;1;3;1; ; ; ; ; ; ; ; ; ; ; ; ;12;1263,90871908109
3367652;1;4;1; ; ; ; ; ; ; ; ; ; ; ; ;12;1263,90871908109
3367652;1;5;1; ; ; ; ; ; ; ; ; ; ; ; ;12;1263,90871908109
3367653;1;1;1; ; ; ; ; ; ; ; ; ; ; ; ;12;1658,62058942109
3367653;1;2;1; ; ; ; ; ; ; ; ; ; ; ; ;12;1658,62058942109
3367653;1;3;1; ; ; ; ; ; ; ; ; ; ; ; ;12;1658,62058942109
3367653;1;4;1; ; ; ; ; ; ; ; ; ; ; ; ;12;1658,62058942109
3367654;1;1;2;1; ; ;2; ; ;1;2; ; ;1; ;12;1379,70564157954
3367654;1;2;2;1; ; ;2; ; ;1;2; ; ;1; ;12;1379,70564157954
3367655;1;1;1; ; ; ; ; ; ; ; ; ; ; ; ;12;1941,94434182186
3367655;1;2;1; ; ; ; ; ; ; ; ; ; ; ; ;12;1941,94434182186
3367655;1;3;1; ; ; ; ; ; ; ; ; ; ; ; ;12;1941,94434182186
3367655;1;4;1; ; ; ; ; ; ; ; ; ; ; ; ;12;1941,94434182186
3367656;1;1;1; ; ; ; ; ; ; ; ; ; ; ; ;12;1206,48560635412
3367656;1;2;1; ; ; ; ; ; ; ; ; ; ; ; ;12;1206,48560635412
3367656;1;3;1; ; ; ; ; ; ; ; ; ; ; ; ;12;1206,48560635412
3367656;1;4;1; ; ; ; ; ; ; ; ; ; ; ; ;12;1206,48560635412
3367657;1;1;1; ; ; ; ; ; ; ; ; ; ; ; ;12;1364,39090544595
3367658;1;1;2;1; ; ;2; ; ;2;2; ; ;2; ;12;1765,57550517044
3367658;1;2;1; ; ; ; ; ; ; ; ; ; ; ; ;12;1765,57550517044
3367659;1;1;1; ; ; ; ; ; ; ; ; ; ; ; ;12;1364,39090544595
3367661;1;1;1; ; ; ; ; ; ; ; ; ; ; ; ;12;1401,91936711273
3367661;1;2;1; ; ; ; ; ; ; ; ; ; ; ; ;12;1401,91936711273
3367662;1;1;1; ; ; ; ; ; ; ; ; ; ; ; ;12;1013,96993851773
3367662;1;2;1; ; ; ; ; ; ; ; ; ; ; ; ;12;1013,96993851773
3367663;1;1;1; ; ; ; ; ; ; ; ; ; ; ; ;12;2680,73045212106
3367663;1;2;1; ; ; ; ; ; ; ; ; ; ; ; ;12;2680,73045212106
3367663;1;3;1; ; ; ; ; ; ; ; ; ; ; ; ;12;2680,73045212106
3367663;1;4;1; ; ; ; ; ; ; ; ; ; ; ; ;12;2680,73045212106
3367664;1;1;1; ; ; ; ; ; ; ; ; ; ; ; ;12;2238,98049361863
3367664;1;2;2;1; ; ;2; ; ;2;2; ; ;2; ;12;2238,98049361863
3367664;1;3;2;1; ; ;2; ; ;2;2; ; ;2; ;12;2238,98049361863
3367664;1;4;2;1; ; ;2; ; ;2;2; ; ;2; ;12;2238,98049361863
3367664;1;5;2;1; ; ;2; ; ;2;2; ; ;2; ;12;2238,98049361863
3367665;1;1;1; ; ; ; ; ; ; ; ; ; ; ; ;12;1155,53659930302
3367665;1;2;1; ; ; ; ; ; ; ; ; ; ; ; ;12;1155,53659930302
3367666;1;1;1; ; ; ; ; ; ; ; ; ; ; ; ;12;3403,0263816648
3367666;1;2;1; ; ; ; ; ; ; ; ; ; ; ; ;12;3403,0263816648
3367666;1;3;1; ; ; ; ; ; ; ; ; ; ; ; ;12;3403,0263816648
3367666;1;4;1; ; ; ; ; ; ; ; ; ; ; ; ;12;3403,0263816648
3367666;1;5;1; ; ; ; ; ; ; ; ; ; ; ; ;12;3403,0263816648
3367666;1;6;1; ; ; ; ; ; ; ; ; ; ; ; ;12;3403,0263816648
3367667;1;1;2;2;68; ;3;68; ;1;2; ; ;1; ;12;1909,37762529573
3367667;1;2;1; ; ; ; ; ; ; ; ; ; ; ; ;12;1909,37762529573
3367667;1;3;1; ; ; ; ; ; ; ; ; ; ; ; ;12;1909,37762529573
3367668;1;1;1; ; ; ; ; ; ; ; ; ; ; ; ;12;1171,69039466188
3367668;1;2;1; ; ; ; ; ; ; ; ; ; ; ; ;12;1171,69039466188
3367668;1;3;1; ; ; ; ; ; ; ; ; ; ; ; ;12;1171,69039466188
3367669;1;1;1; ; ; ; ; ; ; ; ; ; ; ; ;12;2285,70690481288
3367669;1;2;1; ; ; ; ; ; ; ; ; ; ; ; ;12;2285,70690481288
3367669;1;3;1; ; ; ; ; ; ; ; ; ; ; ; ;12;2285,70690481288
3367669;1;4;1; ; ; ; ; ; ; ; ; ; ; ; ;12;2285,70690481288
3367669;1;5;1; ; ; ; ; ; ; ; ; ; ; ; ;12;2285,70690481288
3367670;1;1;2;2;15; ;2; ; ;1;2; ; ;1; ;12;1811,91312232063
3367670;1;2;1; ; ; ; ; ; ; ; ; ; ; ; ;12;1811,91312232063
3367670;1;3;1; ; ; ; ; ; ; ; ; ; ; ; ;12;1811,91312232063
3367670;1;4;1; ; ; ; ; ; ; ; ; ; ; ; ;12;1811,91312232063
3367671;1;1;2;2;25; ;3;68; ;1;2; ; ;1; ;12;2081,98767504412
3367671;1;2;2;2;68; ;3;68; ;1;2; ; ;1; ;12;2081,98767504412
3367671;1;3;1; ; ; ; ; ; ; ; ; ; ; ; ;12;2081,98767504412
3367672;1;1;2;1; ; ;2; ; ;1;2; ; ;1; ;12;1528,58392427583
3367672;1;2;1; ; ; ; ; ; ; ; ; ; ; ; ;12;1528,58392427583
3367673;1;1;1; ; ; ; ; ; ; ; ; ; ; ; ;12;1202,68134162789
3367673;1;2;1; ; ; ; ; ; ; ; ; ; ; ; ;12;1202,68134162789
3367674;1;1;2;1; ; ;3;68; ;1;2; ; ;1; ;12;1606,56795169227
3367675;1;1;2;1; ; ;2; ; ;1;2; ; ;1; ;12;1941,94434182186
3367675;1;2;1; ; ; ; ; ; ; ; ; ; ; ; ;12;1941,94434182186
3367675;1;3;1; ; ; ; ; ; ; ; ; ; ; ; ;12;1941,94434182186
3367675;1;4;1; ; ; ; ; ; ; ; ; ; ; ; ;12;1941,94434182186
3367677;1;1;1; ; ; ; ; ; ; ; ; ; ; ; ;12;1790,51979722117
3367677;1;2;1; ; ; ; ; ; ; ; ; ; ; ; ;12;1790,51979722117
3367677;1;3;1; ; ; ; ; ; ; ; ; ; ; ; ;12;1790,51979722117
3367677;1;4;1; ; ; ; ; ; ; ; ; ; ; ; ;12;1790,51979722117
3367677;1;5;1; ; ; ; ; ; ; ; ; ; ; ; ;12;1790,51979722117
3367677;1;6;1; ; ; ; ; ; ; ; ; ; ; ; ;12;1790,51979722117
3367677;1;7;1; ; ; ; ; ; ; ; ; ; ; ; ;12;1790,51979722117
3367677;1;8;1; ; ; ; ; ; ; ; ; ; ; ; ;12;1790,51979722117
3367677;1;9;1; ; ; ; ; ; ; ; ; ; ; ; ;12;1790,51979722117
3367677;2;1;1; ; ; ; ; ; ; ; ; ; ; ; ;12;1790,51979722117
3367678;1;1;1; ; ; ; ; ; ; ; ; ; ; ; ;12;1898,54236935667
3367678;1;2;1; ; ; ; ; ; ; ; ; ; ; ; ;12;1898,54236935667
3367678;1;3;1; ; ; ; ; ; ; ; ; ; ; ; ;12;1898,54236935667
3367678;1;4;1; ; ; ; ; ; ; ; ; ; ; ; ;12;1898,54236935667
3367678;1;5;1; ; ; ; ; ; ; ; ; ; ; ; ;12;1898,54236935667
3367678;1;6;1; ; ; ; ; ; ; ; ; ; ; ; ;12;1898,54236935667
3367679;1;1;1; ; ; ; ; ; ; ; ; ; ; ; ;12;1696,71797529997
3367679;1;2;1; ; ; ; ; ; ; ; ; ; ; ; ;12;1696,71797529997
3367679;1;3;1; ; ; ; ; ; ; ; ; ; ; ; ;12;1696,71797529997
3367679;1;4;1; ; ; ; ; ; ; ; ; ; ; ; ;12;1696,71797529997
3367679;1;5;1; ; ; ; ; ; ; ; ; ; ; ; ;12;1696,71797529997
3367680;1;1;1; ; ; ; ; ; ; ; ; ; ; ; ;12;1450,02537861003
3367681;1;1;1; ; ; ; ; ; ; ; ; ; ; ; ;12;1628,35859112384
3367681;1;2;1; ; ; ; ; ; ; ; ; ; ; ; ;12;1628,35859112384
3367681;1;3;1; ; ; ; ; ; ; ; ; ; ; ; ;12;1628,35859112384
3367681;1;4;1; ; ; ; ; ; ; ; ; ; ; ; ;12;1628,35859112384
3367682;1;1;1; ; ; ; ; ; ; ; ; ; ; ; ;12;2798,88482809772
3367682;1;2;1; ; ; ; ; ; ; ; ; ; ; ; ;12;2798,88482809772
3367682;1;3;1; ; ; ; ; ; ; ; ; ; ; ; ;12;2798,88482809772
3367682;1;4;1; ; ; ; ; ; ; ; ; ; ; ; ;12;2798,88482809772
3367682;1;5;1; ; ; ; ; ; ; ; ; ; ; ; ;12;2798,88482809772
3367682;1;6;1; ; ; ; ; ; ; ; ; ; ; ; ;12;2798,88482809772
3367682;1;7;1; ; ; ; ; ; ; ; ; ; ; ; ;12;2798,88482809772
3367683;1;1;1; ; ; ; ; ; ; ; ; ; ; ; ;12;2483,92743763238
3367683;1;2;2;2;20; ;3;20; ;2;2; ; ;2; ;12;2483,92743763238
3367683;1;3;2;2;20; ;3;20; ;2;2; ; ;2; ;12;2483,92743763238
3367683;1;4;1; ; ; ; ; ; ; ; ; ; ; ; ;12;2483,92743763238
3367683;1;5;1; ; ; ; ; ; ; ; ; ; ; ; ;12;2483,92743763238
3367684;1;1;1; ; ; ; ; ; ; ; ; ; ; ; ;12;1143,63214512026
3367684;1;2;1; ; ; ; ; ; ; ; ; ; ; ; ;12;1143,63214512026
3367685;1;1;2;2;68; ;3;68; ;2;2; ; ;2; ;12;1468,51152145351
3367685;1;2;2;2;68; ;3;68; ;2;2; ; ;2; ;12;1468,51152145351
3367685;1;3;2;2;68; ;3;68; ;1;2; ; ;2; ;12;1468,51152145351
3367686;1;1;1; ; ; ; ; ; ; ; ; ; ; ; ;12;2211,46472353979
3367686;1;2;1; ; ; ; ; ; ; ; ; ; ; ; ;12;2211,46472353979
3367686;1;3;1; ; ; ; ; ; ; ; ; ; ; ; ;12;2211,46472353979
3367686;1;4;1; ; ; ; ; ; ; ; ; ; ; ; ;12;2211,46472353979
3367686;1;5;1; ; ; ; ; ; ; ; ; ; ; ; ;12;2211,46472353979
3367686;1;6;1; ; ; ; ; ; ; ; ; ; ; ; ;12;2211,46472353979
3367687;1;1;1; ; ; ; ; ; ; ; ; ; ; ; ;12;879,26193372561
3367687;1;2;1; ; ; ; ; ; ; ; ; ; ; ; ;12;879,26193372561
3367687;1;3;1; ; ; ; ; ; ; ; ; ; ; ; ;12;879,26193372561
3367687;1;4;1; ; ; ; ; ; ; ; ; ; ; ; ;12;879,26193372561
3367688;1;1;1; ; ; ; ; ; ; ; ; ; ; ; ;12;1970,33534603244
3367688;1;2;1; ; ; ; ; ; ; ; ; ; ; ; ;12;1970,33534603244
3367688;1;3;1; ; ; ; ; ; ; ; ; ; ; ; ;12;1970,33534603244
3367688;1;4;1; ; ; ; ; ; ; ; ; ; ; ; ;12;1970,33534603244
3367688;1;5;1; ; ; ; ; ; ; ; ; ; ; ; ;12;1970,33534603244
3367689;1;1;1; ; ; ; ; ; ; ; ; ; ; ; ;12;2048,69863237756
3367689;1;2;1; ; ; ; ; ; ; ; ; ; ; ; ;12;2048,69863237756
3367689;1;3;1; ; ; ; ; ; ; ; ; ; ; ; ;12;2048,69863237756
3367689;1;4;1; ; ; ; ; ; ; ; ; ; ; ; ;12;2048,69863237756
3367689;1;5;1; ; ; ; ; ; ; ; ; ; ; ; ;12;2048,69863237756
3367690;1;1;1; ; ; ; ; ; ; ; ; ; ; ; ;12;879,26193372561
3367690;1;2;1; ; ; ; ; ; ; ; ; ; ; ; ;12;879,26193372561
3367690;1;3;1; ; ; ; ; ; ; ; ; ; ; ; ;12;879,26193372561
3367691;1;1;1; ; ; ; ; ; ; ; ; ; ; ; ;12;1155,53659930302
3367691;1;2;1; ; ; ; ; ; ; ; ; ; ; ; ;12;1155,53659930302
3367692;1;1;2;2;68; ;2; ; ;2;2; ; ;2; ;12;1143,63214512026
3367692;1;2;2;2;68; ;2; ; ;2;2; ; ;2; ;12;1143,63214512026
3367693;1;1;2;2;68; ;2; ; ;2;2; ; ;2; ;12;1134,03883537328
3367693;1;2;2;2;68; ;2; ; ;2;2; ; ;2; ;12;1134,03883537328
3367693;1;3;2;2;68; ;2; ; ;2;2; ; ;2; ;12;1134,03883537328
3367694;1;1;1; ; ; ; ; ; ; ; ; ; ; ; ;12;879,26193372561
3367694;1;2;2;2;68; ;2; ; ;2;2; ; ;2; ;12;879,26193372561
3367694;1;3;1; ; ; ; ; ; ; ; ; ; ; ; ;12;879,26193372561
3367695;1;1;2;2;68; ;2; ; ;2;2; ; ;2; ;12;1398,93987971107
3367695;1;2;2;2;68; ;2; ; ;2;2; ; ;2; ;12;1398,93987971107
3367695;1;3;1; ; ; ; ; ; ; ; ; ; ; ; ;12;1398,93987971107
3367696;1;1;1; ; ; ; ; ; ; ; ; ; ; ; ;12;1712,10858994973
3367696;1;2;1; ; ; ; ; ; ; ; ; ; ; ; ;12;1712,10858994973
3367696;1;3;1; ; ; ; ; ; ; ; ; ; ; ; ;12;1712,10858994973
3367696;1;4;1; ; ; ; ; ; ; ; ; ; ; ; ;12;1712,10858994973
3367697;1;1;1; ; ; ; ; ; ; ; ; ; ; ; ;12;1644,76950640775
3367698;1;1;1; ; ; ; ; ; ; ; ; ; ; ; ;12;1644,76950640775
3367699;1;1;1; ; ; ; ; ; ; ; ; ; ; ; ;12;1917,44467260563
3367699;1;2;1; ; ; ; ; ; ; ; ; ; ; ; ;12;1917,44467260563
3367699;1;3;1; ; ; ; ; ; ; ; ; ; ; ; ;12;1917,44467260563
3367699;1;4;1; ; ; ; ; ; ; ; ; ; ; ; ;12;1917,44467260563
3367700;1;1;1; ; ; ; ; ; ; ; ; ; ; ; ;12;1654,44104373314
3367700;1;2;2;1; ; ;2; ; ;1;2; ; ;1; ;12;1654,44104373314
3367700;1;3;1; ; ; ; ; ; ; ; ; ; ; ; ;12;1654,44104373314
3367700;1;4;1; ; ; ; ; ; ; ; ; ; ; ; ;12;1654,44104373314
3367700;1;5;1; ; ; ; ; ; ; ; ; ; ; ; ;12;1654,44104373314
3367701;1;1;2;2;68; ;2; ; ;1;2; ; ;1; ;12;1810,94799592117
3367701;1;2;1; ; ; ; ; ; ; ; ; ; ; ; ;12;1810,94799592117
3367701;1;3;1; ; ; ; ; ; ; ; ; ; ; ; ;12;1810,94799592117
3367702;1;1;1; ; ; ; ; ; ; ; ; ; ; ; ;12;1896,75769110295
3367703;1;1;2;2;68; ;2; ; ;1;2; ; ;1; ;12;2161,54599822916
3367703;1;2;2;1; ; ;2; ; ;1;2; ; ;1; ;12;2161,54599822916
3367703;1;3;1; ; ; ; ; ; ; ; ; ; ; ; ;12;2161,54599822916
3367703;1;4;1; ; ; ; ; ; ; ; ; ; ; ; ;12;2161,54599822916
3367703;1;5;1; ; ; ; ; ; ; ; ; ; ; ; ;12;2161,54599822916
3367704;1;1;2;2;05; ;2; ; ;1;2; ; ;1; ;12;1937,10351611245
3367704;1;2;2;2;68; ;2; ; ;1;2; ; ;1; ;12;1937,10351611245
3367704;1;3;2;2;68; ;2; ; ;1;2; ; ;1; ;12;1937,10351611245
3367704;1;4;1; ; ; ; ; ; ; ; ; ; ; ; ;12;1937,10351611245
3367704;1;5;1; ; ; ; ; ; ; ; ; ; ; ; ;12;1937,10351611245
3367705;1;1;1; ; ; ; ; ; ; ; ; ; ; ; ;12;1443,8573465643
3367706;1;1;1; ; ; ; ; ; ; ; ; ; ; ; ;12;1460,06406136203
3367706;1;2;1; ; ; ; ; ; ; ; ; ; ; ; ;12;1460,06406136203
3367707;1;1;1; ; ; ; ; ; ; ; ; ; ; ; ;12;1542,23054444483
3367707;1;2;2;2;54; ;3;54; ;1;2; ; ;1; ;12;1542,23054444483
3367708;1;1;1; ; ; ; ; ; ; ; ; ; ; ; ;12;1929,65034161129
3367708;1;2;1; ; ; ; ; ; ; ; ; ; ; ; ;12;1929,65034161129
3367708;1;3;1; ; ; ; ; ; ; ; ; ; ; ; ;12;1929,65034161129
3367708;1;4;1; ; ; ; ; ; ; ; ; ; ; ; ;12;1929,65034161129
3367708;1;5;1; ; ; ; ; ; ; ; ; ; ; ; ;12;1929,65034161129
3367709;1;1;2;2;68; ;2; ; ;1;2; ; ;1; ;12;1389,71887523329
3367709;1;2;2;2;68; ;2; ; ;1;2; ; ;1; ;12;1389,71887523329
3367710;1;1;1; ; ; ; ; ; ; ; ; ; ; ; ;12;3297,58272830574
3367710;1;2;1; ; ; ; ; ; ; ; ; ; ; ; ;12;3297,58272830574
3367710;1;3;1; ; ; ; ; ; ; ; ; ; ; ; ;12;3297,58272830574
3367710;1;4;1; ; ; ; ; ; ; ; ; ; ; ; ;12;3297,58272830574
3367710;1;5;1; ; ; ; ; ; ; ; ; ; ; ; ;12;3297,58272830574
3367710;1;6;1; ; ; ; ; ; ; ; ; ; ; ; ;12;3297,58272830574
3367710;1;7;1; ; ; ; ; ; ; ; ; ; ; ; ;12;3297,58272830574
3367710;1;8;1; ; ; ; ; ; ; ; ; ; ; ; ;12;3297,58272830574
3367710;1;9;1; ; ; ; ; ; ; ; ; ; ; ; ;12;3297,58272830574
3367711;1;1;1; ; ; ; ; ; ; ; ; ; ; ; ;12;1450,02537861003
3367712;1;1;1; ; ; ; ; ; ; ; ; ; ; ; ;12;2054,64392997474
3367712;1;2;1; ; ; ; ; ; ; ; ; ; ; ; ;12;2054,64392997474
3367712;1;3;1; ; ; ; ; ; ; ; ; ; ; ; ;12;2054,64392997474
3367712;1;4;1; ; ; ; ; ; ; ; ; ; ; ; ;12;2054,64392997474
3367713;1;1;1; ; ; ; ; ; ; ; ; ; ; ; ;12;1401,91936711273
3367713;1;2;1; ; ; ; ; ; ; ; ; ; ; ; ;12;1401,91936711273
3367714;1;1;2;2;54; ;2; ; ;1;2; ; ;1; ;12;912,641477273768
3367715;1;1;2;2;08; ;2; ; ;1;2; ; ;1; ;12;1000,5733705327
3367715;1;2;2;2;23; ;2; ; ;1;2; ; ;1; ;12;1000,5733705327
3367715;1;3;1; ; ; ; ; ; ; ; ; ; ; ; ;12;1000,5733705327
3367715;1;4;1; ; ; ; ; ; ; ; ; ; ; ; ;12;1000,5733705327
3367715;1;5;1; ; ; ; ; ; ; ; ; ; ; ; ;12;1000,5733705327
3367716;1;1;2;2;20; ;3;20; ;1;3;20; ;1; ;12;903,484425795117
3367716;1;2;2;2;20; ;2; ; ;1;2; ; ;1; ;12;903,484425795117
3367717;1;1;1; ; ; ; ; ; ; ; ; ; ; ; ;12;937,303926737996
3367717;1;2;1; ; ; ; ; ; ; ; ; ; ; ; ;12;937,303926737996
3367717;1;3;1; ; ; ; ; ; ; ; ; ; ; ; ;12;937,303926737996
3367718;1;1;2;2;47; ;2; ; ;1;2; ; ;1; ;12;980,021617608903
3367718;1;2;2;2;13; ;2; ; ;1;2; ; ;1; ;12;980,021617608903
3367718;1;3;1; ; ; ; ; ; ; ; ; ; ; ; ;12;980,021617608903
3367719;1;1;2;2;73; ;2; ; ;1;2; ; ;1; ;12;1178,71149575164
3367719;1;2;2;2;25; ;2; ; ;1;2; ; ;1; ;12;1178,71149575164
3367719;1;3;2;2;11; ;2; ; ;1;2; ; ;1; ;12;1178,71149575164
3367719;1;4;1; ; ; ; ; ; ; ; ; ; ; ; ;12;1178,71149575164
3367719;1;5;1; ; ; ; ; ; ; ; ; ; ; ; ;12;1178,71149575164
3367720;1;1;1; ; ; ; ; ; ; ; ; ; ; ; ;12;971,123427680876
3367720;1;2;1; ; ; ; ; ; ; ; ; ; ; ; ;12;971,123427680876
3367720;1;3;1; ; ; ; ; ; ; ; ; ; ; ; ;12;971,123427680876
3367720;1;4;1; ; ; ; ; ; ; ; ; ; ; ; ;12;971,123427680876
3367721;1;1;2;2;47; ;2; ; ;1;2; ; ;1; ;12;556,709899850778
3367721;1;2;2;2;70; ;2; ; ;1;2; ; ;1; ;12;556,709899850778
3367721;1;3;2;2;47; ;2; ; ;1;2; ; ;1; ;12;556,709899850778
3367721;1;4;2;2;44; ;3;68; ;1;2; ; ;1; ;12;556,709899850778
3367722;1;1;2;2;08; ;3;08; ;1;2; ; ;1; ;12;957,648719285198
3367722;1;2;2;2;08; ;3;08; ;1;2; ; ;1; ;12;957,648719285198
3367723;1;1;2;2;23; ;2; ; ;1;2; ; ;1; ;12;1243,84585718103
3367723;1;2;2;2;47; ;2; ; ;1;2; ; ;1; ;12;1243,84585718103
3367723;1;3;1; ; ; ; ; ; ; ; ; ; ; ; ;12;1243,84585718103
3367723;1;4;2;2;08; ;3;08; ;1;2; ; ;1; ;12;1243,84585718103
3367723;1;5;1; ; ; ; ; ; ; ; ; ; ; ; ;12;1243,84585718103
3367724;1;1;1; ; ; ; ; ; ; ; ; ; ; ; ;12;1183,08949117721
3367724;1;2;1; ; ; ; ; ; ; ; ; ; ; ; ;12;1183,08949117721
3367724;1;3;1; ; ; ; ; ; ; ; ; ; ; ; ;12;1183,08949117721
3367725;1;1;2;2;54; ;2; ; ;1;2; ; ;1; ;12;887,927126635515
3367725;1;2;2;2;08; ;2; ; ;1;2; ; ;1; ;12;887,927126635515
3367726;1;1;2;2;20; ;3;20; ;1;2; ; ;1; ;12;1408,77398907604
3367726;1;2;2;2;20; ;3;20; ;1;2; ; ;1; ;12;1408,77398907604
3367727;1;1;1; ; ; ; ; ; ; ; ; ; ; ; ;12;1153,83137315817
3367727;1;2;1; ; ; ; ; ; ; ; ; ; ; ; ;12;1153,83137315817
3367727;1;3;1; ; ; ; ; ; ; ; ; ; ; ; ;12;1153,83137315817
3367729;1;1;2;2;47; ;2; ; ;1;2; ; ;1; ;12;1095,51519470628
3367729;1;2;2;2;08; ;2; ; ;1;2; ; ;1; ;12;1095,51519470628
3367729;1;3;1; ; ; ; ; ; ; ; ; ; ; ; ;12;1095,51519470628
3367736;1;1;2;2;68; ;2; ; ;1;2; ; ;1; ;12;1162,98842463682
3367736;1;2;2;2;68; ;3;68; ;1;3;68; ;1; ;12;1162,98842463682
3367742;1;1;2;2;44; ;2; ; ;1;2; ; ;1; ;12;1244,06353031027
3367742;1;2;2;2;44; ;2; ; ;1;2; ; ;1; ;12;1244,06353031027
3367742;1;3;2;2;44; ;2; ; ;1;2; ; ;1; ;12;1244,06353031027
3367742;1;4;1; ; ; ; ; ; ; ; ; ; ; ; ;12;1244,06353031027
3367742;1;5;1; ; ; ; ; ; ; ; ; ; ; ; ;12;1244,06353031027
3367744;1;1;2;2;23; ;2; ; ;1;2; ; ;1; ;12;948,491667806547
3367744;1;2;1; ; ; ; ; ; ; ; ; ; ; ; ;12;948,491667806547
3367744;1;3;1; ; ; ; ; ; ; ; ; ; ; ; ;12;948,491667806547
3367745;1;1;1; ; ; ; ; ; ; ; ; ; ; ; ;12;1395,23894217181
3367745;1;2;1; ; ; ; ; ; ; ; ; ; ; ; ;12;1395,23894217181
3367745;1;3;1; ; ; ; ; ; ; ; ; ; ; ; ;12;1395,23894217181
3367745;1;4;1; ; ; ; ; ; ; ; ; ; ; ; ;12;1395,23894217181
3367745;1;5;1; ; ; ; ; ; ; ; ; ; ; ; ;12;1395,23894217181
3367746;1;1;1; ; ; ; ; ; ; ; ; ; ; ; ;12;962,117012613627
3367746;1;2;1; ; ; ; ; ; ; ; ; ; ; ; ;12;962,117012613627
3367746;1;3;1; ; ; ; ; ; ; ; ; ; ; ; ;12;962,117012613627
3367746;1;4;1; ; ; ; ; ; ; ; ; ; ; ; ;12;962,117012613627
3367746;1;5;1; ; ; ; ; ; ; ; ; ; ; ; ;12;962,117012613627
3367746;1;6;1; ; ; ; ; ; ; ; ; ; ; ; ;12;962,117012613627
3367747;1;1;2;2;23; ;2; ; ;1;2; ; ;1; ;12;912,641477273768
3367749;1;1;2;2;18; ;3;18; ;2;2; ; ;1; ;12;84,8508164713873
3367749;1;2;2;1; ; ;3;18; ;2;2; ; ;1; ;12;84,8508164713873
3367749;1;3;2;2;18; ;3;18; ;2;2; ; ;1; ;12;84,8508164713873
3367749;1;4;1; ; ; ; ; ; ; ; ; ; ; ; ;12;84,8508164713873
3367750;1;1;1; ; ; ; ; ; ; ; ; ; ; ; ;12;57,1038509181424
3367750;1;2;1; ; ; ; ; ; ; ; ; ; ; ; ;12;57,1038509181424
3367750;1;3;1; ; ; ; ; ; ; ; ; ; ; ; ;12;57,1038509181424
3367751;1;1;2;2;41; ;2; ; ;1;2; ; ;1; ;12;73,9957717636526
3367752;1;1;2;2;86; ;2; ; ;1;2; ; ;1; ;12;83,2722691200429
3367752;1;2;1; ; ; ; ; ; ; ; ; ; ; ; ;12;83,2722691200429
3367753;1;1;1; ; ; ; ; ; ; ; ; ; ; ; ;12;75,1286696433218
3367753;1;2;2;2;41; ;2; ; ;1;2; ; ;1; ;12;75,1286696433218
3367754;1;1;2;2;41; ;2; ; ;1;2; ; ;1; ;12;70,7783874036246
3367754;1;2;1; ; ; ; ; ; ; ; ; ; ; ; ;12;70,7783874036246
3367755;1;1;2;2;41; ;2; ; ;1;2; ; ;1; ;12;66,817581215499
3367756;1;1;1; ; ; ; ; ; ; ; ; ; ; ; ;12;63,5814494175502
3367756;1;2;1; ; ; ; ; ; ; ; ; ; ; ; ;12;63,5814494175502
3367756;1;3;1; ; ; ; ; ; ; ; ; ; ; ; ;12;63,5814494175502
3367756;1;4;1; ; ; ; ; ; ; ; ; ; ; ; ;12;63,5814494175502
3367757;1;1;2;2;41; ;3;18; ;1;2; ; ;1; ;12;63,6892207912417
3367757;1;2;2;2;18; ;3;18; ;1;2; ; ;1; ;12;63,6892207912417
3367757;1;3;1; ; ; ; ; ; ; ; ; ; ; ; ;12;63,6892207912417
3367757;1;4;2;2;18; ;3;18; ;1;2; ; ;1; ;12;63,6892207912417
3367757;1;5;2;2;18; ;3;18; ;1;2; ; ;1; ;12;63,6892207912417
3367758;1;1;1; ; ; ; ; ; ; ; ; ; ; ; ;12;73,6650059152164
3367758;1;2;2;2;50; ;2; ; ;1;2; ; ;1; ;12;73,6650059152164
3367758;1;3;1; ; ; ; ; ; ; ; ; ; ; ; ;12;73,6650059152164
3367758;1;4;1; ; ; ; ; ; ; ; ; ; ; ; ;12;73,6650059152164
3367758;1;5;1; ; ; ; ; ; ; ; ; ; ; ; ;12;73,6650059152164
3367759;1;1;1; ; ; ; ; ; ; ; ; ; ; ; ;12;187,238623595829
3367759;1;2;1; ; ; ; ; ; ; ; ; ; ; ; ;12;187,238623595829
3367759;1;3;1; ; ; ; ; ; ; ; ; ; ; ; ;12;187,238623595829
3367760;1;1;2;2;18; ;2; ; ;1;2; ; ;1; ;12;145,49140060459
3367760;1;2;1; ; ; ; ; ; ; ; ; ; ; ; ;12;145,49140060459
3367760;1;3;1; ; ; ; ; ; ; ; ; ; ; ; ;12;145,49140060459
3367760;1;4;1; ; ; ; ; ; ; ; ; ; ; ; ;12;145,49140060459
3367760;1;5;1; ; ; ; ; ; ; ; ; ; ; ; ;12;145,49140060459
3367760;1;6;1; ; ; ; ; ; ; ; ; ; ; ; ;12;145,49140060459
3367761;1;1;1; ; ; ; ; ; ; ; ; ; ; ; ;12;183,583759770907
3367761;1;2;2;2;68; ;2; ; ;1;2; ; ;1; ;12;183,583759770907
3367761;1;3;2;2;68; ;2; ; ;1;2; ; ;1; ;12;183,583759770907
3367761;1;4;1; ; ; ; ; ; ; ; ; ; ; ; ;12;183,583759770907
3367762;1;1;2;2;41; ;2; ; ;1;2; ; ;1; ;12;114,939664448773
3367763;1;1;1; ; ; ; ; ; ; ; ; ; ; ; ;12;149,808304609778
3367763;1;2;1; ; ; ; ; ; ; ; ; ; ; ; ;12;149,808304609778
3367764;1;1;2;2;68; ;2; ; ;1;2; ; ;1; ;12;122,841997305884
3367764;1;2;1; ; ; ; ; ; ; ; ; ; ; ; ;12;122,841997305884
3367764;1;3;1; ; ; ; ; ; ; ; ; ; ; ; ;12;122,841997305884
3367765;1;1;1; ; ; ; ; ; ; ; ; ; ; ; ;12;220,341247898188
3367765;1;2;1; ; ; ; ; ; ; ; ; ; ; ; ;12;220,341247898188
3367765;1;3;1; ; ; ; ; ; ; ; ; ; ; ; ;12;220,341247898188
3367766;1;1;1; ; ; ; ; ; ; ; ; ; ; ; ;12;185,785547252
3367766;1;2;2;2;17; ;3;17; ;2;2; ; ;1; ;12;185,785547252
3367766;1;3;1; ; ; ; ; ; ; ; ; ; ; ; ;12;185,785547252
3367767;1;1;1; ; ; ; ; ; ; ; ; ; ; ; ;12;247,446482611891
3367767;1;2;1; ; ; ; ; ; ; ; ; ; ; ; ;12;247,446482611891
3367768;1;1;1; ; ; ; ; ; ; ; ; ; ; ; ;12;250,998384347101
3367768;1;2;1; ; ; ; ; ; ; ; ; ; ; ; ;12;250,998384347101
3367768;1;3;1; ; ; ; ; ; ; ; ; ; ; ; ;12;250,998384347101
3367769;1;1;1; ; ; ; ; ; ; ; ; ; ; ; ;12;110,362519493148
3367769;1;2;1; ; ; ; ; ; ; ; ; ; ; ; ;12;110,362519493148
3367769;1;3;1; ; ; ; ; ; ; ; ; ; ; ; ;12;110,362519493148
3367769;1;4;1; ; ; ; ; ; ; ; ; ; ; ; ;12;110,362519493148
3367770;1;1;1; ; ; ; ; ; ; ; ; ; ; ; ;12;188,113314834208
3367770;1;2;1; ; ; ; ; ; ; ; ; ; ; ; ;12;188,113314834208
3367771;1;1;1; ; ; ; ; ; ; ; ; ; ; ; ;12;192,146432163617
3367771;1;2;2;1; ; ;2; ; ;1;2; ; ;1; ;12;192,146432163617
3367772;1;1;2;1; ; ;2; ; ;1;2; ; ;1; ;12;177,996947733736
3367772;1;2;1; ; ; ; ; ; ; ; ; ; ; ; ;12;177,996947733736
3367772;1;3;1; ; ; ; ; ; ; ; ; ; ; ; ;12;177,996947733736
3367773;1;1;2;1; ; ;2; ; ;1;2; ; ;1; ;12;153,225981463812
3367773;1;2;1; ; ; ; ; ; ; ; ; ; ; ; ;12;153,225981463812
3367773;1;3;2;1; ; ;2; ; ;1;2; ; ;1; ;12;153,225981463812
3367774;1;1;1; ; ; ; ; ; ; ; ; ; ; ; ;12;200,867364069929
3367774;1;2;1; ; ; ; ; ; ; ; ; ; ; ; ;12;200,867364069929
3367774;1;3;1; ; ; ; ; ; ; ; ; ; ; ; ;12;200,867364069929
3367775;1;1;1; ; ; ; ; ; ; ; ; ; ; ; ;12;177,996947733736
3367775;1;2;1; ; ; ; ; ; ; ; ; ; ; ; ;12;177,996947733736
3367775;1;3;1; ; ; ; ; ; ; ; ; ; ; ; ;12;177,996947733736
3367776;1;1;2;3; ;2;4; ;2; ;2; ; ;1; ;12;181,104861752045
3367776;1;2;1; ; ; ; ; ; ; ; ; ; ; ; ;12;181,104861752045
3367776;1;3;1; ; ; ; ; ; ; ; ; ; ; ; ;12;181,104861752045
3367776;1;4;2;3; ;2;2; ; ;1;2; ; ;1; ;12;181,104861752045
3367777;1;1;1; ; ; ; ; ; ; ; ; ; ; ; ;12;171,471356861394
3367779;1;1;1; ; ; ; ; ; ; ; ; ; ; ; ;12;210,695112680776
3367779;1;2;1; ; ; ; ; ; ; ; ; ; ; ; ;12;210,695112680776
3367779;1;3;1; ; ; ; ; ; ; ; ; ; ; ; ;12;210,695112680776
3367781;1;1;1; ; ; ; ; ; ; ; ; ; ; ; ;12;255,776108918213
3367781;1;2;1; ; ; ; ; ; ; ; ; ; ; ; ;12;255,776108918213
3367781;1;3;1; ; ; ; ; ; ; ; ; ; ; ; ;12;255,776108918213
3367781;1;4;1; ; ; ; ; ; ; ; ; ; ; ; ;12;255,776108918213
3367781;1;5;1; ; ; ; ; ; ; ; ; ; ; ; ;12;255,776108918213
3367781;1;6;1; ; ; ; ; ; ; ; ; ; ; ; ;12;255,776108918213
3367783;1;1;1; ; ; ; ; ; ; ; ; ; ; ; ;12;161,354989760922
3367783;1;2;1; ; ; ; ; ; ; ; ; ; ; ; ;12;161,354989760922
3367784;1;1;2;2;73; ;2; ; ;1;2; ; ;1; ;12;153,225981463812
3367784;1;2;2;2;73; ;2; ; ;1;2; ; ;1; ;12;153,225981463812
3367784;1;3;2;2;17; ;2; ; ;1;2; ; ;1; ;12;153,225981463812
3367785;1;1;2;2;17; ;2; ; ;1;2; ; ;1; ;12;254,424272931773
3367785;1;2;1; ; ; ; ; ; ; ; ; ; ; ; ;12;254,424272931773
3367785;1;3;1; ; ; ; ; ; ; ; ; ; ; ; ;12;254,424272931773
3367785;1;4;1; ; ; ; ; ; ; ; ; ; ; ; ;12;254,424272931773
3367785;1;5;2;2;17; ;2; ; ;1;2; ; ;1; ;12;254,424272931773
3367788;1;1;2;2;76; ;2; ; ;1;2; ; ;1; ;12;196,750162929855
3367788;1;2;2;2;23; ;2; ; ;1;2; ; ;1; ;12;196,750162929855
3367789;1;1;2;2;05; ;3;05; ;1;2; ; ;1; ;12;179,392382927896
3367790;1;1;1; ; ; ; ; ; ; ; ; ; ; ; ;12;261,424839981864
3367790;1;2;1; ; ; ; ; ; ; ; ; ; ; ; ;12;261,424839981864
3367790;1;3;1; ; ; ; ; ; ; ; ; ; ; ; ;12;261,424839981864
3367790;1;4;1; ; ; ; ; ; ; ; ; ; ; ; ;12;261,424839981864
3367792;1;1;2;2;73; ;2; ; ;1;2; ; ;1; ;12;171,001124978334
3367792;1;2;2;2;17; ;2; ; ;1;2; ; ;1; ;12;171,001124978334
3367794;1;1;1; ; ; ; ; ; ; ; ; ; ; ; ;12;163,474926829839
3367794;1;2;2;2;17; ;2; ; ;1;2; ; ;1; ;12;163,474926829839
3367794;1;3;2;2;17; ;2; ; ;1;2; ; ;1; ;12;163,474926829839
3367794;1;4;1; ; ; ; ; ; ; ; ; ; ; ; ;12;163,474926829839
3367794;1;5;2;2;17; ;2; ; ;1;2; ; ;1; ;12;163,474926829839
3367795;1;1;2;2;17; ;2; ; ;1;2; ; ;1; ;12;171,471356861394
3367796;1;1;2;2;17; ;2; ; ;1;2; ; ;1; ;12;218,635609354322
3367796;1;2;1; ; ; ; ; ; ; ; ; ; ; ; ;12;218,635609354322
3367796;1;3;2;2;17; ;2; ; ;1;2; ; ;1; ;12;218,635609354322
3367796;1;4;2;2;17; ;2; ; ;1;2; ; ;1; ;12;218,635609354322
3367796;1;5;1; ; ; ; ; ; ; ; ; ; ; ; ;12;218,635609354322
3367797;1;1;2;2;17; ;2; ; ;1;2; ; ;1; ;12;188,113314834208
3367797;1;2;2;2;17; ;2; ; ;1;2; ; ;1; ;12;188,113314834208
3367798;1;1;2;2;17; ;2; ; ;1;2; ; ;1; ;12;171,001124978334
3367798;1;2;2;2;17; ;2; ; ;1;2; ; ;1; ;12;171,001124978334
3367801;1;1;2;2;05; ;2; ; ;1;2; ; ;1; ;12;188,113314834208
3367801;1;2;2;2;17; ;2; ; ;1;2; ; ;1; ;12;188,113314834208
3367803;1;1;1; ; ; ; ; ; ; ; ; ; ; ; ;12;178,734079935254
3367803;1;2;1; ; ; ; ; ; ; ; ; ; ; ; ;12;178,734079935254
3367803;1;3;1; ; ; ; ; ; ; ; ; ; ; ; ;12;178,734079935254
3367803;1;4;1; ; ; ; ; ; ; ; ; ; ; ; ;12;178,734079935254
3367803;1;5;1; ; ; ; ; ; ; ; ; ; ; ; ;12;178,734079935254
3367805;1;1;2;2;15; ;2; ; ;1;2; ; ;1; ;12;117,004976567411
3367805;1;2;1; ; ; ; ; ; ; ; ; ; ; ; ;12;117,004976567411
3367806;1;1;2;2;15; ;2; ; ;1;2; ; ;1; ;12;92,3251746412907
3367806;1;2;2;1; ; ;2; ; ;1;3;25; ;1; ;12;92,3251746412907
3367806;1;3;1; ; ; ; ; ; ; ; ; ; ; ; ;12;92,3251746412907
3367807;1;1;1; ; ; ; ; ; ; ; ; ; ; ; ;12;89,1102772783003
3367807;1;2;1; ; ; ; ; ; ; ; ; ; ; ; ;12;89,1102772783003
3367807;1;3;1; ; ; ; ; ; ; ; ; ; ; ; ;12;89,1102772783003
3367807;1;4;1; ; ; ; ; ; ; ; ; ; ; ; ;12;89,1102772783003
3367808;1;1;2;2;15; ;2; ; ;1;2; ; ;1; ;12;115,548049910221
3367808;1;2;2;2;15; ;2; ; ;1;2; ; ;1; ;12;115,548049910221
3367808;1;3;2;2;15; ;2; ; ;1;2; ; ;1; ;12;115,548049910221
3367809;1;1;1; ; ; ; ; ; ; ; ; ; ; ; ;12;99,3925788893295
3367810;1;1;2;2;15; ;2; ; ;1;2; ; ;1; ;12;96,0380563373106
3367811;1;1;1; ; ; ; ; ; ; ; ; ; ; ; ;12;93,3959377760602
3367811;1;2;1; ; ; ; ; ; ; ; ; ; ; ; ;12;93,3959377760602
3367812;1;1;2;2;68; ;3;68; ;1;2; ; ;1; ;12;78,2423281875518
3367813;1;1;2;2;25; ;3;15; ;1;2; ; ;1; ;12;74,6333225656565
3367813;1;2;2;2;25; ;3;15; ;1;2; ; ;1; ;12;74,6333225656565
3367814;1;1;1; ; ; ; ; ; ; ; ; ; ; ; ;12;96,0380563373106
3367815;1;1;2;2;05; ;2; ; ;1;2; ; ;1; ;12;95,7835732674342
3367815;1;2;2;2;05; ;2; ; ;1;2; ; ;1; ;12;95,7835732674342
3367817;1;1;1; ; ; ; ; ; ; ; ; ; ; ; ;12;93,3959377760602
3367817;1;2;1; ; ; ; ; ; ; ; ; ; ; ; ;12;93,3959377760602
3367818;1;1;2;2;15; ;2; ; ;1;2; ; ;1; ;12;96,0380563373106
3367819;1;1;2;2;15; ;2; ; ;1;2; ; ;1; ;12;99,3925788893295
3367820;1;1;2;2;15; ;3;15; ;1;2; ; ;1; ;12;177,225863117537
3367820;1;2;2;2;15; ;2; ; ;1;2; ; ;1; ;12;177,225863117537
3367820;1;3;1; ; ; ; ; ; ; ; ; ; ; ; ;12;177,225863117537
3367821;1;1;2;2;05; ;3;05; ;2;3;05; ;2;1;12;92,8231589743203
3367821;1;2;2;2;05; ;1; ; ; ;3;05; ;2;4;12;92,8231589743203
3367822;1;1;2;2;18; ;3;18; ;1;3;18; ;1; ;12;2460,84674654323
3367822;1;2;2;2;18; ;3;41; ;2;2; ; ;1; ;12;2460,84674654323
3367822;1;3;2;2;41; ;1; ; ; ;2; ; ;1; ;12;2460,84674654323
3367822;1;4;1; ; ; ; ; ; ; ; ; ; ; ; ;12;2460,84674654323
3367823;1;1;2;2;76; ;2; ; ;1;2; ; ;1; ;12;603,191381817528
3367823;1;2;2;2;27; ;2; ; ;1;2; ; ;1; ;12;603,191381817528
3367823;1;3;2;2;76; ;2; ; ;1;2; ; ;1; ;12;603,191381817528
3367823;1;4;2;2;27; ;3;76; ;1;3;27; ;1; ;12;603,191381817528
3367824;1;1;2;2;19; ;2; ; ;1;2; ; ;1; ;12;2533,40380363362
3367824;1;2;2;2;41; ;2; ; ;1;2; ; ;1; ;12;2533,40380363362
3367824;1;3;2;2;41; ;2; ; ;1;2; ; ;1; ;12;2533,40380363362
3367824;1;4;2;2;41; ;2; ; ;1;2; ; ;1; ;12;2533,40380363362
3367824;1;5;1; ; ; ; ; ; ; ; ; ; ; ; ;12;2533,40380363362
3367824;1;6;2;2;19; ;2; ; ;1;2; ; ;1; ;12;2533,40380363362
3367824;1;7;2;2;41; ;2; ; ;1;2; ; ;1; ;12;2533,40380363362
3367824;1;8;2;2;41; ;2; ; ;1;2; ; ;1; ;12;2533,40380363362
3367824;1;9;1; ; ; ; ; ; ; ; ; ; ; ; ;12;2533,40380363362
3367824;1;10;2;2;19; ;1; ; ; ;1; ; ; ; ;12;2533,40380363362
3367824;1;11;2;2;41; ;2; ; ;1;2; ; ;1; ;12;2533,40380363362
3367824;1;12;2;2;41; ;2; ; ;1;2; ; ;1; ;12;2533,40380363362
3367824;1;13;1; ; ; ; ; ; ; ; ; ; ; ; ;12;2533,40380363362
3367825;1;1;2;2;41; ;2; ; ;1;2; ; ;1; ;12;2167,53887459212
3367825;1;2;2;2;18; ;2; ; ;1;2; ; ;1; ;12;2167,53887459212
3367825;1;3;1; ; ; ; ; ; ; ; ; ; ; ; ;12;2167,53887459212
3367825;1;4;1; ; ; ; ; ; ; ; ; ; ; ; ;12;2167,53887459212
3367826;1;1;2;2;41; ;3;41; ;1;2; ; ;1; ;12;2533,40380363362
3367826;1;2;2;2;18; ;3;41; ;1;2; ; ;1; ;12;2533,40380363362
3367826;1;3;2;2;41; ;2; ; ;1;2; ; ;1; ;12;2533,40380363362
3367826;1;4;2;2;41; ;3;41; ;1;2; ; ;1; ;12;2533,40380363362
3367826;1;5;2;2;41; ;1; ; ; ;2; ; ;1; ;12;2533,40380363362
3367827;1;1;2;1; ; ;3;41; ;2;2; ; ;1; ;12;610,434110680889
3367828;1;1;2;2;41; ;2; ; ;1;2; ; ;1; ;12;603,191381817528
3367830;1;1;2;2;41; ;2; ; ;1;2; ; ;1; ;12;2533,40380363362
3367830;1;2;2;2;41; ;3;41; ;1;2; ; ;1; ;12;2533,40380363362
3367830;1;3;1; ; ; ; ; ; ; ; ; ; ; ; ;12;2533,40380363362
3367830;1;4;2;2;41; ;2; ; ;1;2; ; ;1; ;12;2533,40380363362
3367830;1;5;1; ; ; ; ; ; ; ; ; ; ; ; ;12;2533,40380363362
3367830;1;6;1; ; ; ; ; ; ; ; ; ; ; ; ;12;2533,40380363362
3367831;1;1;1; ; ; ; ; ; ; ; ; ; ; ; ;12;603,191381817528
3367831;1;2;1; ; ; ; ; ; ; ; ; ; ; ; ;12;603,191381817528
3367832;1;1;2;2;73; ;2; ; ;1;2; ; ;1; ;12;1572,44404230417
3367832;1;2;1; ; ; ; ; ; ; ; ; ; ; ; ;12;1572,44404230417
3367832;1;3;1; ; ; ; ; ; ; ; ; ; ; ; ;12;1572,44404230417
3367833;1;1;2;2;41; ;2; ; ;1;2; ; ;1; ;12;2213,64954860549
3367833;1;2;2;2;41; ;2; ; ;1;2; ; ;1; ;12;2213,64954860549
3367833;1;3;2;2;41; ;2; ; ;1;2; ; ;1; ;12;2213,64954860549
3367833;1;4;2;2;41; ;2; ; ;1;2; ; ;1; ;12;2213,64954860549
3367833;1;5;1; ; ; ; ; ; ; ; ; ; ; ; ;12;2213,64954860549
3367833;1;6;1; ; ; ; ; ; ; ; ; ; ; ; ;12;2213,64954860549
3367834;1;1;2;1; ; ;2; ; ;2;2; ; ;2;1;12;1232,64940693505
3367835;1;1;2;2;41; ;3;41; ;2;2; ; ;1; ;12;636,70075398088
3367835;1;2;2;2;41; ;3;41; ;1;2; ; ;1; ;12;636,70075398088
3367836;1;1;1; ; ; ; ; ; ; ; ; ; ; ; ;12;2533,40380363362
3367836;1;2;1; ; ; ; ; ; ; ; ; ; ; ; ;12;2533,40380363362
3367836;1;3;1; ; ; ; ; ; ; ; ; ; ; ; ;12;2533,40380363362
3367837;1;1;2;2;41; ;2; ; ;1;2; ; ;1; ;12;603,191381817528
3367837;1;2;2;2;41; ;2; ; ;1;2; ; ;1; ;12;603,191381817528
3367837;1;3;1; ; ; ; ; ; ; ; ; ; ; ; ;12;603,191381817528
3367837;1;4;2;2;41; ;2; ; ;1;2; ; ;1; ;12;603,191381817528
3367838;1;1;2;2;41; ;3;41; ;1;2; ; ;1; ;12;610,434110680889
3367839;1;1;2;2;41; ;2; ; ;1;2; ; ;1; ;12;666,36459271935
3367839;1;2;2;2;41; ;2; ; ;1;2; ; ;1; ;12;666,36459271935
3367839;1;3;1; ; ; ; ; ; ; ; ; ; ; ; ;12;666,36459271935
3367839;1;4;1; ; ; ; ; ; ; ; ; ; ; ; ;12;666,36459271935
3367840;1;1;2;2;63; ;2; ; ;1;2; ; ;1; ;12;684,361507697559
3367840;1;2;2;2;50; ;3;11; ;1;2; ; ;1; ;12;684,361507697559
3367840;1;3;2;2;50; ;3;63; ;1;2; ; ;1; ;12;684,361507697559
3367840;1;4;2;2;63; ;2; ; ;1;2; ; ;1; ;12;684,361507697559
3367840;1;5;2;2;63; ;2; ; ;1;2; ; ;1; ;12;684,361507697559
3367841;1;1;2;2;41; ;3;41; ;1;3;41; ;1; ;12;1922,36948761926
3367841;1;2;2;2;41; ;3;41; ;1;3;41; ;1; ;12;1922,36948761926
3367841;1;3;2;2;41; ;3;76; ;1;2; ; ;1; ;12;1922,36948761926
3367841;1;4;2;2;41; ;3;76; ;1;3;41; ;1; ;12;1922,36948761926
3367841;1;5;2;2;76; ;3;76; ;1;3;41; ;1; ;12;1922,36948761926
3367842;1;1;2;2;41; ;3;15; ;1;2; ; ;2; ;12;1188,52542111433
3367842;1;2;2;2;15; ;3;15; ;1;2; ; ;2; ;12;1188,52542111433
3367843;1;1;2;2;18; ;3;86; ;2;2; ; ;2; ;12;1893,41594064122
3367843;1;2;2;2;11; ;3;86; ;2;2; ; ;2; ;12;1893,41594064122
3367843;1;3;1; ; ; ; ; ; ; ; ; ; ; ; ;12;1893,41594064122
3367843;1;4;2;2;86; ;1; ; ; ;2; ; ;2; ;12;1893,41594064122
3367844;1;1;1; ; ; ; ; ; ; ; ; ; ; ; ;12;603,191381817528
3367845;1;1;2;2;17; ;2; ; ;2;2; ; ;2; ;12;1623,14101767916
3367845;1;2;1; ; ; ; ; ; ; ; ; ; ; ; ;12;1623,14101767916
3367845;1;3;2;2;11; ;2; ; ;2;2; ; ;2; ;12;1623,14101767916
3367845;1;4;1; ; ; ; ; ; ; ; ; ; ; ; ;12;1623,14101767916
3367846;1;1;1; ; ; ; ; ; ; ; ; ; ; ; ;12;1288,92722669767
3367846;1;2;2;2;19; ;2; ; ;2;2; ; ;2; ;12;1288,92722669767
3367846;1;3;1; ; ; ; ; ; ; ; ; ; ; ; ;12;1288,92722669767
3367848;1;1;2;2;73; ;2; ; ;2;2; ; ;2; ;12;1541,01069604241
3367848;1;2;2;2;73; ;2; ; ;2;2; ; ;2; ;12;1541,01069604241
3367848;1;3;2;2;73; ;2; ; ;2;2; ; ;2; ;12;1541,01069604241
3367848;1;4;2;2;73; ;2; ; ;2;2; ; ;2; ;12;1541,01069604241
3367848;1;5;1; ; ; ; ; ; ; ; ; ; ; ; ;12;1541,01069604241
3367849;1;1;1; ; ; ; ; ; ; ; ; ; ; ; ;12;2618,17108660477
3367849;1;2;2;2;41; ;2; ; ;2;2; ; ;2; ;12;2618,17108660477
3367849;1;3;1; ; ; ; ; ; ; ; ; ; ; ; ;12;2618,17108660477
3367849;2;1;2;2;18; ;2; ; ;2;2; ; ;2; ;12;2618,17108660477
3367849;2;2;1; ; ; ; ; ; ; ; ; ; ; ; ;12;2618,17108660477
3367849;2;3;1; ; ; ; ; ; ; ; ; ; ; ; ;12;2618,17108660477
3367850;1;1;2;2;18; ;2; ; ;2;2; ; ;2; ;12;2058,10561032723
3367850;1;2;2;2;41; ;2; ; ;2;2; ; ;2; ;12;2058,10561032723
3367850;1;3;1; ; ; ; ; ; ; ; ; ; ; ; ;12;2058,10561032723
3367850;1;4;1; ; ; ; ; ; ; ; ; ; ; ; ;12;2058,10561032723
3367850;1;5;1; ; ; ; ; ; ; ; ; ; ; ; ;12;2058,10561032723
3367850;1;6;1; ; ; ; ; ; ; ; ; ; ; ; ;12;2058,10561032723
3367852;1;1;2;1; ; ;3;41; ;2;2; ; ;2; ;12;1228,51978312887
3367852;1;2;2;2;41; ;3;41; ;2;2; ; ;2; ;12;1228,51978312887
3367852;1;3;2;2;25; ;3;41; ;2;2; ; ;2; ;12;1228,51978312887
3367852;1;4;2;2;41; ;3;41; ;2;2; ; ;2; ;12;1228,51978312887
3367852;1;5;1; ; ; ; ; ; ; ; ; ; ; ; ;12;1228,51978312887
3367852;1;6;1; ; ; ; ; ; ; ; ; ; ; ; ;12;1228,51978312887
3367855;1;1;2;2;41; ;3;41; ;2;2; ; ;1; ;12;603,191381817528
3367857;1;1;2;2;19; ;2; ; ;1;2; ; ;1; ;12;603,191381817528
3367857;1;2;2;2;19; ;3;19; ;1;2; ; ;1; ;12;603,191381817528
3367857;1;3;2;2;19; ;2; ; ;1;2; ; ;1; ;12;603,191381817528
3367857;1;4;1; ; ; ; ; ; ; ; ; ; ; ; ;12;603,191381817528
3367858;1;1;1; ; ; ; ; ; ; ; ; ; ; ; ;12;603,191381817528
3367858;1;2;1; ; ; ; ; ; ; ; ; ; ; ; ;12;603,191381817528
3367858;1;3;1; ; ; ; ; ; ; ; ; ; ; ; ;12;603,191381817528
3367859;1;1;2;2;52; ;2; ; ;1;2; ; ;1; ;12;603,191381817528
3367860;1;1;1; ; ; ; ; ; ; ; ; ; ; ; ;12;603,191381817528
3367860;1;2;1; ; ; ; ; ; ; ; ; ; ; ; ;12;603,191381817528
3367860;1;3;1; ; ; ; ; ; ; ; ; ; ; ; ;12;603,191381817528
3367860;1;4;1; ; ; ; ; ; ; ; ; ; ; ; ;12;603,191381817528
3367860;1;5;1; ; ; ; ; ; ; ; ; ; ; ; ;12;603,191381817528
3367860;1;6;1; ; ; ; ; ; ; ; ; ; ; ; ;12;603,191381817528
3367860;1;7;1; ; ; ; ; ; ; ; ; ; ; ; ;12;603,191381817528
3367861;1;1;2;2;41; ;2; ; ;1;2; ; ;1; ;12;610,434110680889
3367864;1;1;2;2;41; ;2; ; ;1;2; ; ;1; ;12;603,191381817528
3367864;1;2;2;2;41; ;2; ; ;1;2; ; ;1; ;12;603,191381817528
3367864;1;3;2;2;15; ;2; ; ;1;2; ; ;1; ;12;603,191381817528
3367864;1;4;1; ; ; ; ; ; ; ; ; ; ; ; ;12;603,191381817528
3367865;1;1;2;2;41; ;2; ; ;1;2; ; ;1; ;12;603,191381817528
3367865;1;2;2;2;41; ;2; ; ;1;2; ; ;1; ;12;603,191381817528
3367865;1;3;2;2;41; ;2; ; ;1;3;11; ;1; ;12;603,191381817528
3367866;1;1;2;2;52; ;3;18; ;2;3;18; ;2;1;12;960,22924930482
3367866;1;2;2;2;81; ;3;18; ;2;3;18; ;2;4;12;960,22924930482
3367866;1;3;2;2;18; ;3;18; ;2;3;18; ;2;4;12;960,22924930482
3367867;1;1;2;2;41; ;2; ; ;1;2; ; ;1; ;12;2533,40380363362
3367867;1;2;2;2;41; ;2; ; ;1;2; ; ;1; ;12;2533,40380363362
3367867;1;3;2;2;41; ;2; ; ;1;2; ; ;1; ;12;2533,40380363362
3367867;1;4;2;2;41; ;2; ; ;1;2; ; ;1; ;12;2533,40380363362
3367867;1;5;2;2;41; ;2; ; ;1;2; ; ;1; ;12;2533,40380363362
3367867;1;6;2;2;41; ;2; ; ;1;2; ; ;1; ;12;2533,40380363362
3367867;1;7;1; ; ; ; ; ; ; ; ; ; ; ; ;12;2533,40380363362
3367868;1;1;2;2;41; ;3;11; ;1;2; ; ;1; ;12;603,191381817528
3367868;1;2;2;1; ; ;2; ; ;1;2; ; ;1; ;12;603,191381817528
3367869;1;1;2;2;41; ;2; ; ;1;2; ; ;1; ;12;771,431165919313
3367869;1;2;2;2;41; ;2; ; ;1;2; ; ;1; ;12;771,431165919313
3367869;1;3;2;2;41; ;2; ; ;1;2; ; ;1; ;12;771,431165919313
3367869;1;4;2;2;41; ;2; ; ;1;2; ; ;1; ;12;771,431165919313
3367869;1;5;2;2;41; ;2; ; ;1;2; ; ;1; ;12;771,431165919313
3367869;1;6;1; ; ; ; ; ; ; ; ; ; ; ; ;12;771,431165919313
3367869;1;7;2;2;41; ;2; ; ;1;2; ; ;1; ;12;771,431165919313
3367869;1;8;2;2;41; ;1; ; ; ;2; ; ;1; ;12;771,431165919313
3367870;1;1;2;2;41; ;2; ; ;1;2; ; ;1; ;12;603,191381817528
3367870;1;2;2;2;18; ;2; ; ;1;2; ; ;1; ;12;603,191381817528
3367870;1;3;2;2;41; ;2; ; ;1;2; ; ;1; ;12;603,191381817528
3367870;1;4;2;2;73; ;3;18; ;1;2; ; ;1; ;12;603,191381817528
3367870;1;5;2;2;76; ;3;18; ;1;2; ; ;1; ;12;603,191381817528
3367870;1;6;2;2;18; ;3;18; ;1;2; ; ;1; ;12;603,191381817528
3367871;1;1;2;2;41; ;2; ; ;1;2; ; ;1; ;12;640,27864464907
3367871;1;2;1; ; ; ; ; ; ; ; ; ; ; ; ;12;640,27864464907
3367873;1;1;2;1; ; ;2; ; ;1;2; ; ;1; ;12;610,434110680889
3367874;1;1;2;2;41; ;2; ; ;1;2; ; ;1; ;12;1003,93602294866
3367874;1;2;2;2;18; ;2; ; ;1;2; ; ;1; ;12;1003,93602294866
3367874;1;3;2;2;41; ;2; ; ;1;2; ; ;1; ;12;1003,93602294866
3367874;1;4;2;2;41; ;1; ; ; ;2; ; ;1; ;12;1003,93602294866
3367874;1;5;2;2;41; ;3;86; ;1;3;86; ;1; ;12;1003,93602294866
3367874;1;6;2;2;41; ;2; ; ;1;2; ; ;1; ;12;1003,93602294866
3367875;1;1;2;2;41; ;2; ; ;1;2; ; ;1; ;12;603,191381817528
3367875;1;2;2;2;41; ;2; ; ;1;2; ; ;1; ;12;603,191381817528
3367875;1;3;1; ; ; ; ; ; ; ; ; ; ; ; ;12;603,191381817528
3367875;1;4;1; ; ; ; ; ; ; ; ; ; ; ; ;12;603,191381817528
3367875;1;5;1; ; ; ; ; ; ; ; ; ; ; ; ;12;603,191381817528
3367876;1;1;2;2;41; ;2; ; ;1;2; ; ;1; ;12;2533,40380363362
3367876;1;2;2;2;41; ;2; ; ;1;2; ; ;1; ;12;2533,40380363362
3367876;2;1;2;2;41; ;2; ; ;1;2; ; ;1; ;12;2533,40380363362
3367876;2;2;2;2;41; ;2; ; ;1;2; ; ;1; ;12;2533,40380363362
3367876;2;3;2;2;41; ;2; ; ;1;2; ; ;1; ;12;2533,40380363362
3367876;2;4;1; ; ; ; ; ; ; ; ; ; ; ; ;12;2533,40380363362
3367876;2;5;1; ; ; ; ; ; ; ; ; ; ; ; ;12;2533,40380363362
3367878;1;1;2;1; ; ;2; ; ;1;2; ; ;1; ;12;610,434110680889
3367879;1;1;2;2;41; ;3;41; ;1;2; ; ;1; ;12;603,191381817528
3367879;1;2;2;2;41; ;3;41; ;1;2; ; ;1; ;12;603,191381817528
3367879;1;3;2;2;41; ;3;41; ;1;2; ; ;1; ;12;603,191381817528
3367880;1;1;2;2;41; ;2; ; ;1;2; ; ;1; ;12;603,191381817528
3367880;1;2;2;2;41; ;2; ; ;1;2; ; ;1; ;12;603,191381817528
3367880;1;3;1; ; ; ; ; ; ; ; ; ; ; ; ;12;603,191381817528
3367880;1;4;1; ; ; ; ; ; ; ; ; ; ; ; ;12;603,191381817528
3367881;1;1;2;1; ; ;2; ; ;1;2; ; ;1; ;12;1920,52237188409
3367881;1;2;2;2;19; ;2; ; ;1;2; ; ;1; ;12;1920,52237188409
3367881;1;3;1; ; ; ; ; ; ; ; ; ; ; ; ;12;1920,52237188409
3367881;1;4;1; ; ; ; ; ; ; ; ; ; ; ; ;12;1920,52237188409
3367881;1;5;1; ; ; ; ; ; ; ; ; ; ; ; ;12;1920,52237188409
3367882;1;1;1; ; ; ; ; ; ; ; ; ; ; ; ;12;931,558705635302
3367882;1;2;2;2;41; ;2; ; ;1;2; ; ;1; ;12;931,558705635302
3367882;1;3;1; ; ; ; ; ; ; ; ; ; ; ; ;12;931,558705635302
3367883;1;1;2;2;41; ;2; ; ;1;2; ; ;1; ;12;603,191381817528
3367884;1;1;2;2;41; ;2; ; ;1;3;41; ;1; ;12;1872,6809229377
3367884;1;2;2;1; ; ;2; ; ;1;3;41; ;1; ;12;1872,6809229377
3367884;1;3;2;1; ; ;1; ; ; ;3;41; ;1; ;12;1872,6809229377
3367885;1;1;2;2;41; ;2; ; ;1;2; ; ;1; ;12;603,191381817528
3367886;1;1;2;2;25; ;3;25; ;1;3;25; ;1; ;12;2533,40380363362
3367886;1;2;2;2;25; ;3;25; ;1;3;25; ;1; ;12;2533,40380363362
3367886;1;3;2;2;25; ;1; ; ; ;3;25; ;1; ;12;2533,40380363362
3367886;1;4;2;2;52; ;1; ; ; ;3;25; ;1; ;12;2533,40380363362
3367887;1;1;1; ; ; ; ; ; ; ; ; ; ; ; ;12;1296,96107916467
3367887;1;2;1; ; ; ; ; ; ; ; ; ; ; ; ;12;1296,96107916467
3367889;1;1;2;2;41; ;2; ; ;2;2; ; ;2; ;12;1071,44493037363
3367889;1;2;2;1; ; ;2; ; ;2;2; ; ;2; ;12;1071,44493037363
3367890;1;1;1; ; ; ; ; ; ; ; ; ; ; ; ;12;893,892140578227
3367890;1;2;2;1; ; ;2; ; ;2;2; ; ;2; ;12;893,892140578227
3367890;1;3;1; ; ; ; ; ; ; ; ; ; ; ; ;12;893,892140578227
3367890;1;4;1; ; ; ; ; ; ; ; ; ; ; ; ;12;893,892140578227
3367891;1;1;1; ; ; ; ; ; ; ; ; ; ; ; ;12;1822,76568162575
3367891;1;2;2;2;11; ;2; ; ;2;2; ; ;2; ;12;1822,76568162575
3367891;1;3;1; ; ; ; ; ; ; ; ; ; ; ; ;12;1822,76568162575
3367891;1;4;1; ; ; ; ; ; ; ; ; ; ; ; ;12;1822,76568162575
3367893;1;1;2;2;19; ;2; ; ;2;2; ; ;2; ;12;1302,14624212253
3367894;1;1;2;2;18; ;2; ; ;2;2; ; ;2; ;12;1419,29158834914
3367894;1;2;2;2;18; ;2; ; ;2;3;18; ;1;4;12;1419,29158834914
3367895;1;1;2;2;41; ;2; ; ;2;2; ; ;2; ;12;2128,05562917767
3367895;1;2;1; ; ; ; ; ; ; ; ; ; ; ; ;12;2128,05562917767
3367895;1;3;1; ; ; ; ; ; ; ; ; ; ; ; ;12;2128,05562917767
3367895;1;4;2;1; ; ;2; ; ;2;2; ; ;2; ;12;2128,05562917767
3367895;1;5;2;1; ; ;2; ; ;2;2; ; ;2; ;12;2128,05562917767
3367895;1;6;1; ; ; ; ; ; ; ; ; ; ; ; ;12;2128,05562917767
3367896;1;1;2;2;86; ;2; ; ;1;2; ; ;1; ;12;2460,35984757009
3367896;1;2;2;1; ; ;3;18; ;2;2; ; ;1; ;12;2460,35984757009
3367898;1;1;2;2;19; ;2; ; ;2;2; ; ;2; ;12;1857,43171013239
3367898;1;2;2;2;41; ;2; ; ;2;2; ; ;2; ;12;1857,43171013239
3367898;1;3;2;2;41; ;2; ; ;2;2; ; ;2; ;12;1857,43171013239
3367898;1;4;1; ; ; ; ; ; ; ; ; ; ; ; ;12;1857,43171013239
3367898;1;5;1; ; ; ; ; ; ; ; ; ; ; ; ;12;1857,43171013239
3367898;1;6;1; ; ; ; ; ; ; ; ; ; ; ; ;12;1857,43171013239
3367899;1;1;2;2;41; ;2; ; ;2;2; ; ;2; ;12;1188,59027660025
3367899;1;2;2;2;41; ;2; ; ;2;2; ; ;2; ;12;1188,59027660025
3367899;1;3;1; ; ; ; ; ; ; ; ; ; ; ; ;12;1188,59027660025
3367900;1;1;2;2;41; ;2; ; ;2;2; ; ;2; ;12;2052,84213230524
3367900;1;2;2;2;41; ;2; ; ;2;2; ; ;2; ;12;2052,84213230524
3367900;1;3;2;2;18; ;2; ; ;2;2; ; ;2; ;12;2052,84213230524
3367900;1;4;2;2;73; ;1; ; ; ;2; ; ;2; ;12;2052,84213230524
3367900;1;5;1; ; ; ; ; ; ; ; ; ; ; ; ;12;2052,84213230524
3367901;1;1;2;2;73; ;3;41; ;2;3;41; ;1;1;12;1588,53984465845
3367901;1;2;2;2;41; ;3;41; ;2;3;41; ;1;3;12;1588,53984465845
3367901;1;3;2;2;41; ;1; ; ; ;2; ; ;2; ;12;1588,53984465845
3367902;1;1;2;2;15; ;2; ; ;2;2; ; ;2; ;12;1323,52839971838
3367902;1;2;1; ; ; ; ; ; ; ; ; ; ; ; ;12;1323,52839971838
3367902;1;3;2;2;11; ;2; ; ;2;2; ; ;2; ;12;1323,52839971838
3367902;1;4;1; ; ; ; ; ; ; ; ; ; ; ; ;12;1323,52839971838
3367903;1;1;2;2;41; ;2; ; ;2;2; ; ;2; ;12;914,520147400682
3367903;1;2;1; ; ; ; ; ; ; ; ; ; ; ; ;12;914,520147400682
3367903;1;3;1; ; ; ; ; ; ; ; ; ; ; ; ;12;914,520147400682
3367904;1;1;2;2;25; ;2; ; ;2;2; ; ;2; ;12;692,312779921253
3367904;1;2;2;2;41; ;2; ; ;2;2; ; ;2; ;12;692,312779921253
3367904;1;3;2;1; ; ;2; ; ;2;2; ; ;2; ;12;692,312779921253
3367904;1;4;1; ; ; ; ; ; ; ; ; ; ; ; ;12;692,312779921253
3367908;1;1;2;2;19; ;2; ; ;2;2; ; ;2; ;12;1223,19144962096
3367908;1;2;2;1; ; ;2; ; ;2;2; ; ;2; ;12;1223,19144962096
3367908;1;3;1; ; ; ; ; ; ; ; ; ; ; ; ;12;1223,19144962096
3367908;1;4;1; ; ; ; ; ; ; ; ; ; ; ; ;12;1223,19144962096
3367909;1;1;2;2;41; ;2; ; ;2;2; ; ;2; ;12;1766,44852976932
3367909;1;2;2;1; ; ;2; ; ;2;2; ; ;2; ;12;1766,44852976932
3367909;1;3;2;2;86; ;1; ; ; ;2; ; ;2; ;12;1766,44852976932
3367912;1;1;2;2;41; ;3;76; ;1;2; ; ;1; ;12;603,191381817528
3367912;1;2;2;2;76; ;3;76; ;1;2; ; ;1; ;12;603,191381817528
3367912;1;3;2;2;76; ;3;76; ;1;2; ; ;1; ;12;603,191381817528
3367912;1;4;2;2;76; ;3;76; ;1;2; ; ;1; ;12;603,191381817528
3367913;1;1;2;1; ; ;2; ; ;1;2; ; ;1; ;12;603,191381817528
3367914;1;1;2;2;41; ;2; ; ;1;2; ; ;1; ;12;603,191381817528
3367914;1;2;2;2;41; ;2; ; ;1;2; ; ;1; ;12;603,191381817528
3367915;1;1;2;2;41; ;2; ; ;1;2; ; ;1; ;12;640,27864464907
3367915;1;2;2;2;11; ;2; ; ;1;2; ; ;1; ;12;640,27864464907
3367917;1;1;2;2;52; ;2; ; ;2;2; ; ;2; ;12;780,336175055944
3367917;1;2;2;2;52; ;2; ; ;2;2; ; ;2; ;12;780,336175055944
3367917;1;3;2;2;52; ;2; ; ;2;2; ; ;2; ;12;780,336175055944
3367917;1;4;2;2;52; ;2; ; ;2;2; ; ;2; ;12;780,336175055944
3367917;1;5;2;2;52; ;2; ; ;2;2; ; ;2; ;12;780,336175055944
3367917;1;6;1; ; ; ; ; ; ; ; ; ; ; ; ;12;780,336175055944
3367919;1;1;2;2;41; ;2; ; ;2;2; ; ;2; ;12;1506,06052693847
3367919;1;2;1; ; ; ; ; ; ; ; ; ; ; ; ;12;1506,06052693847
3367919;1;3;1; ; ; ; ; ; ; ; ; ; ; ; ;12;1506,06052693847
3367919;1;4;1; ; ; ; ; ; ; ; ; ; ; ; ;12;1506,06052693847
3367920;1;1;1; ; ; ; ; ; ; ; ; ; ; ; ;12;2345,18892941847
3367920;1;2;1; ; ; ; ; ; ; ; ; ; ; ; ;12;2345,18892941847
3367920;1;3;2;2;41; ;2; ; ;2;2; ; ;2; ;12;2345,18892941847
3367920;1;4;1; ; ; ; ; ; ; ; ; ; ; ; ;12;2345,18892941847
3367920;1;5;1; ; ; ; ; ; ; ; ; ; ; ; ;12;2345,18892941847
3367920;1;6;1; ; ; ; ; ; ; ; ; ; ; ; ;12;2345,18892941847
3367920;1;7;1; ; ; ; ; ; ; ; ; ; ; ; ;12;2345,18892941847
3367922;1;1;1; ; ; ; ; ; ; ; ; ; ; ; ;12;1050,81692355118
3367922;1;2;1; ; ; ; ; ; ; ; ; ; ; ; ;12;1050,81692355118
3367922;1;3;1; ; ; ; ; ; ; ; ; ; ; ; ;12;1050,81692355118
3367924;1;1;1; ; ; ; ; ; ; ; ; ; ; ; ;12;2236,34811667796
3367924;1;2;1; ; ; ; ; ; ; ; ; ; ; ; ;12;2236,34811667796
3367924;1;3;2;2;41; ;1; ; ; ;2; ; ;2; ;12;2236,34811667796
3367925;1;1;2;2;41; ;2; ; ;2;2; ; ;2; ;12;1523,15306366497
3367925;1;2;2;2;41; ;2; ; ;2;2; ; ;2; ;12;1523,15306366497
3367925;1;3;1; ; ; ; ; ; ; ; ; ; ; ; ;12;1523,15306366497
3367925;1;4;1; ; ; ; ; ; ; ; ; ; ; ; ;12;1523,15306366497
3367927;1;1;2;2;19; ;2; ; ;2;2; ; ;2; ;12;692,312779921253
3367927;1;2;2;2;41; ;2; ; ;2;2; ; ;2; ;12;692,312779921253
3367927;1;3;1; ; ; ; ; ; ; ; ; ; ; ; ;12;692,312779921253
3367927;1;4;1; ; ; ; ; ; ; ; ; ; ; ; ;12;692,312779921253
3367927;1;5;1; ; ; ; ; ; ; ; ; ; ; ; ;12;692,312779921253
3367927;1;6;1; ; ; ; ; ; ; ; ; ; ; ; ;12;692,312779921253
3367928;1;1;2;2;41; ;2; ; ;1;2; ; ;1; ;12;603,191381817528
3367929;1;1;2;2;73; ;2; ; ;1;2; ; ;1; ;12;2167,53887459212
3367929;1;2;2;2;73; ;2; ; ;1;2; ; ;1; ;12;2167,53887459212
3367929;1;3;1; ; ; ; ; ; ; ; ; ; ; ; ;12;2167,53887459212
3367929;1;4;1; ; ; ; ; ; ; ; ; ; ; ; ;12;2167,53887459212
3367930;1;1;2;2;41; ;2; ; ;1;2; ; ;1; ;12;603,191381817528
3367930;1;2;2;2;41; ;2; ; ;1;2; ; ;1; ;12;603,191381817528
3367930;1;3;2;2;41; ;2; ; ;1;2; ; ;1; ;12;603,191381817528
3367930;1;4;2;2;41; ;2; ; ;1;2; ; ;1; ;12;603,191381817528
3367930;1;5;1; ; ; ; ; ; ; ; ; ; ; ; ;12;603,191381817528
3367930;1;6;2;2;41; ;3;41; ;2;2; ; ;1; ;12;603,191381817528
3367930;1;7;2;2;41; ;3;41; ;2;2; ; ;1; ;12;603,191381817528
3367930;1;8;2;2;41; ;3;41; ;2;2; ; ;1; ;12;603,191381817528
3367930;1;9;1; ; ; ; ; ; ; ; ; ; ; ; ;12;603,191381817528
3367931;1;1;2;2;52; ;2; ; ;1;2; ; ;1; ;12;1893,56863725858
3367931;1;2;2;2;52; ;2; ; ;1;2; ; ;1; ;12;1893,56863725858
3367931;1;3;1; ; ; ; ; ; ; ; ; ; ; ; ;12;1893,56863725858
3367931;1;4;1; ; ; ; ; ; ; ; ; ; ; ; ;12;1893,56863725858
3367931;1;5;1; ; ; ; ; ; ; ; ; ; ; ; ;12;1893,56863725858
3367932;1;1;2;2;41; ;2; ; ;1;2; ; ;1; ;12;603,191381817528
3367932;1;2;2;2;41; ;2; ; ;1;2; ; ;1; ;12;603,191381817528
3367932;1;3;1; ; ; ; ; ; ; ; ; ; ; ; ;12;603,191381817528
3367932;1;4;1; ; ; ; ; ; ; ; ; ; ; ; ;12;603,191381817528
3367933;1;1;2;2;52; ;2; ; ;1;2; ; ;1; ;12;603,191381817528
3367933;1;2;2;2;52; ;3;86; ;1;2; ; ;1; ;12;603,191381817528
3367934;1;1;2;2;41; ;2; ; ;1;2; ; ;1; ;12;603,191381817528
3367934;1;2;1; ; ; ; ; ; ; ; ; ; ; ; ;12;603,191381817528
3367936;1;1;1; ; ; ; ; ; ; ; ; ; ; ; ;12;977,669379648665
3367936;1;2;2;2;05; ;3;05; ;1;3;05; ;1; ;12;977,669379648665
3367936;1;3;1; ; ; ; ; ; ; ; ; ; ; ; ;12;977,669379648665
3367936;1;4;1; ; ; ; ; ; ; ; ; ; ; ; ;12;977,669379648665
3367936;1;5;1; ; ; ; ; ; ; ; ; ; ; ; ;12;977,669379648665
3367937;1;1;2;1; ; ;3;11; ;1;2; ; ;1; ;12;640,27864464907
3367937;1;2;1; ; ; ; ; ; ; ; ; ; ; ; ;12;640,27864464907
3367938;1;1;1; ; ; ; ; ; ; ; ; ; ; ; ;12;2167,53887459212
3367938;1;2;2;2;19; ;2; ; ;1;2; ; ;1; ;12;2167,53887459212
3367938;1;3;1; ; ; ; ; ; ; ; ; ; ; ; ;12;2167,53887459212
3367938;1;4;1; ; ; ; ; ; ; ; ; ; ; ; ;12;2167,53887459212
3367939;1;1;2;2;41; ;3;11; ;1;2; ; ;2;1;12;603,191381817528
3367939;1;2;2;2;41; ;3;11; ;1;2; ; ;2;1;12;603,191381817528
3367939;1;3;2;2;41; ;3;11; ;1;2; ; ;2;1;12;603,191381817528
3367940;1;1;2;2;41; ;2; ; ;1;2; ; ;1; ;12;1526,33336829081
3367942;1;1;2;2;41; ;2; ; ;1;2; ; ;1; ;12;603,191381817528
3367942;1;2;2;2;41; ;2; ; ;1;2; ; ;1; ;12;603,191381817528
3367943;1;1;2;2;41; ;2; ; ;1;2; ; ;1; ;12;2167,53887459212
3367943;1;2;2;2;41; ;2; ; ;1;2; ; ;1; ;12;2167,53887459212
3367943;1;3;1; ; ; ; ; ; ; ; ; ; ; ; ;12;2167,53887459212
3367943;1;4;1; ; ; ; ; ; ; ; ; ; ; ; ;12;2167,53887459212
3367944;1;1;2;2;41; ;2; ; ;1;2; ; ;1; ;12;603,191381817528
3367944;1;2;2;2;41; ;2; ; ;1;2; ; ;1; ;12;603,191381817528
3367944;1;3;2;2;41; ;2; ; ;1;2; ; ;1; ;12;603,191381817528
3367944;1;4;1; ; ; ; ; ; ; ; ; ; ; ; ;12;603,191381817528
3367945;1;1;2;1; ; ;3;41; ;1;3;41; ;1; ;12;2533,40380363362
3367945;1;2;2;1; ; ;3;18; ;1;3;18; ;1; ;12;2533,40380363362
3367945;1;3;1; ; ; ; ; ; ; ; ; ; ; ; ;12;2533,40380363362
3367946;1;1;2;1; ; ;3;41; ;1;3;41; ;1; ;12;640,27864464907
3367946;1;2;2;1; ; ;3;41; ;1;3;41; ;1; ;12;640,27864464907
3367947;1;1;1; ; ; ; ; ; ; ; ; ; ; ; ;12;603,191381817528
3367947;1;2;1; ; ; ; ; ; ; ; ; ; ; ; ;12;603,191381817528
3367947;1;3;1; ; ; ; ; ; ; ; ; ; ; ; ;12;603,191381817528
3367947;1;4;2;2;76; ;2; ; ;1;2; ; ;1; ;12;603,191381817528
3367947;1;5;1; ; ; ; ; ; ; ; ; ; ; ; ;12;603,191381817528
3367948;1;1;2;2;41; ;2; ; ;1;2; ; ;1; ;12;603,191381817528
3367949;1;1;2;2;41; ;2; ; ;2;2; ; ;2; ;12;1519,62853844656
3367949;1;2;2;1; ; ;3;41; ;2;2; ; ;2; ;12;1519,62853844656
3367950;1;1;2;2;41; ;2; ; ;1;2; ; ;1; ;12;666,36459271935
3367950;1;2;1; ; ; ; ; ; ; ; ; ; ; ; ;12;666,36459271935
3367950;1;3;1; ; ; ; ; ; ; ; ; ; ; ; ;12;666,36459271935
3367950;1;4;1; ; ; ; ; ; ; ; ; ; ; ; ;12;666,36459271935
3367951;1;1;2;2;41; ;3;41; ;2;2; ; ;2; ;12;1193,85375462223
3367951;1;2;2;2;18; ;3;18; ;2;3;18; ;2; ;12;1193,85375462223
3367951;1;3;2;2;18; ;2; ; ;2;3;18; ;2; ;12;1193,85375462223
3367951;1;4;2;2;18; ;3;18; ;2;3;18; ;2; ;12;1193,85375462223
3367953;1;1;2;2;41; ;2; ; ;2;2; ; ;2; ;12;976,371458298204
3367953;1;2;1; ; ; ; ; ; ; ; ; ; ; ; ;12;976,371458298204
3367953;1;3;1; ; ; ; ; ; ; ; ; ; ; ; ;12;976,371458298204
3367955;1;1;2;2;19; ;2; ; ;2;2; ; ;2; ;12;2254,2057490554
3367955;1;2;1; ; ; ; ; ; ; ; ; ; ; ; ;12;2254,2057490554
3367955;1;3;2;2;41; ;2; ; ;2;2; ; ;2; ;12;2254,2057490554
3367955;1;4;2;2;41; ;2; ; ;2;2; ; ;2; ;12;2254,2057490554
3367956;1;1;2;2;18; ;2; ; ;2;2; ; ;2; ;12;1766,44852976932
3367956;1;2;2;2;50; ;3;18; ;1;2; ; ;2; ;12;1766,44852976932
3367956;1;3;2;2;18; ;1; ; ; ;2; ; ;2; ;12;1766,44852976932
3367958;1;1;2;2;91; ;2; ; ;1;2; ; ;2; ;12;933,67157732457
3367958;1;2;2;2;05; ;2; ; ;1;2; ; ;2; ;12;933,67157732457
3367959;1;1;1; ; ; ; ; ; ; ; ; ; ; ; ;12;2422,07094787659
3367959;1;2;1; ; ; ; ; ; ; ; ; ; ; ; ;12;2422,07094787659
3367959;1;3;1; ; ; ; ; ; ; ; ; ; ; ; ;12;2422,07094787659
3367959;1;4;1; ; ; ; ; ; ; ; ; ; ; ; ;12;2422,07094787659
3367959;1;5;1; ; ; ; ; ; ; ; ; ; ; ; ;12;2422,07094787659
3367959;1;6;1; ; ; ; ; ; ; ; ; ; ; ; ;12;2422,07094787659
3367959;1;7;1; ; ; ; ; ; ; ; ; ; ; ; ;12;2422,07094787659
3367959;1;8;1; ; ; ; ; ; ; ; ; ; ; ; ;12;2422,07094787659
3367960;1;1;2;2;41; ;2; ; ;1;2; ; ;1; ;12;2193,80551789211
3367960;1;2;2;2;41; ;2; ; ;1;2; ; ;1; ;12;2193,80551789211
3367960;1;3;1; ; ; ; ; ; ; ; ; ; ; ; ;12;2193,80551789211
3367960;1;4;1; ; ; ; ; ; ; ; ; ; ; ; ;12;2193,80551789211
3367960;1;5;1; ; ; ; ; ; ; ; ; ; ; ; ;12;2193,80551789211
3367961;1;1;1; ; ; ; ; ; ; ; ; ; ; ; ;12;1610,61171880963
3367961;1;2;2;2;41; ;2; ; ;2;2; ; ;2; ;12;1610,61171880963
3367961;1;3;1; ; ; ; ; ; ; ; ; ; ; ; ;12;1610,61171880963
3367961;1;4;1; ; ; ; ; ; ; ; ; ; ; ; ;12;1610,61171880963
3367961;1;5;1; ; ; ; ; ; ; ; ; ; ; ; ;12;1610,61171880963
3367962;1;1;1; ; ; ; ; ; ; ; ; ; ; ; ;12;1106,04610339435
3367962;1;2;2;2;41; ;2; ; ;2;2; ; ;2; ;12;1106,04610339435
3367962;1;3;1; ; ; ; ; ; ; ; ; ; ; ; ;12;1106,04610339435
3367963;1;1;1; ; ; ; ; ; ; ; ; ; ; ; ;12;1210,66215075143
3367963;1;2;1; ; ; ; ; ; ; ; ; ; ; ; ;12;1210,66215075143
3367963;1;3;2;2;41; ;2; ; ;2;2; ; ;2; ;12;1210,66215075143
3367963;1;4;1; ; ; ; ; ; ; ; ; ; ; ; ;12;1210,66215075143
3367963;1;5;1; ; ; ; ; ; ; ; ; ; ; ; ;12;1210,66215075143
3367964;1;1;2;2;41; ;2; ; ;2;2; ; ;2; ;12;906,486294933681
3367964;1;2;1; ; ; ; ; ; ; ; ; ; ; ; ;12;906,486294933681
3367964;1;3;1; ; ; ; ; ; ; ; ; ; ; ; ;12;906,486294933681
3367964;1;4;2;2;41; ;3;11; ;1;2; ; ;2; ;12;906,486294933681
3367965;1;1;1; ; ; ; ; ; ; ; ; ; ; ; ;12;1593,80332268044
3367965;1;2;2;2;41; ;2; ; ;2;2; ; ;2; ;12;1593,80332268044
3367965;1;3;1; ; ; ; ; ; ; ; ; ; ; ; ;12;1593,80332268044
3367965;1;4;1; ; ; ; ; ; ; ; ; ; ; ; ;12;1593,80332268044
3367967;1;1;2;2;18; ;2; ; ;2;2; ; ;2; ;12;1376,32102635641
3367967;1;2;1; ; ; ; ; ; ; ; ; ; ; ; ;12;1376,32102635641
3367967;1;3;1; ; ; ; ; ; ; ; ; ; ; ; ;12;1376,32102635641
3367969;1;1;2;2;41; ;2; ; ;1;2; ; ;1;1;12;859,226112071593
3367969;1;2;2;2;41; ;2; ; ;1;2; ; ;1;4;12;859,226112071593
3367970;1;1;2;2;41; ;2; ; ;2;2; ; ;2; ;12;996,999465120658
3367970;1;2;2;2;41; ;2; ; ;2;2; ; ;2; ;12;996,999465120658
3367971;1;1;2;2;41; ;2; ; ;1;2; ; ;1; ;12;603,191381817528
3367972;1;1;2;2;41; ;2; ; ;1;2; ; ;1; ;12;603,191381817528
3367972;1;2;1; ; ; ; ; ; ; ; ; ; ; ; ;12;603,191381817528
3367972;1;3;1; ; ; ; ; ; ; ; ; ; ; ; ;12;603,191381817528
3367973;1;1;1; ; ; ; ; ; ; ; ; ; ; ; ;12;603,191381817528
3367973;1;2;2;2;41; ;2; ; ;1;2; ; ;1; ;12;603,191381817528
3367974;1;1;1; ; ; ; ; ; ; ; ; ; ; ; ;12;2533,40380363362
3367974;1;2;1; ; ; ; ; ; ; ; ; ; ; ; ;12;2533,40380363362
3367974;1;3;1; ; ; ; ; ; ; ; ; ; ; ; ;12;2533,40380363362
3367974;1;4;1; ; ; ; ; ; ; ; ; ; ; ; ;12;2533,40380363362
3367974;1;5;1; ; ; ; ; ; ; ; ; ; ; ; ;12;2533,40380363362
3367974;1;6;2;2;19; ;2; ; ;1;2; ; ;1; ;12;2533,40380363362
3367975;1;1;1; ; ; ; ; ; ; ; ; ; ; ; ;12;1846,41427963771
3367975;1;2;2;2;11; ;3;11; ;1;2; ; ;1; ;12;1846,41427963771
3367976;1;1;2;2;41; ;2; ; ;1;2; ; ;1; ;12;2533,40380363362
3367976;1;2;2;2;41; ;2; ; ;1;2; ; ;1; ;12;2533,40380363362
3367976;1;3;1; ; ; ; ; ; ; ; ; ; ; ; ;12;2533,40380363362
3367976;1;4;1; ; ; ; ; ; ; ; ; ; ; ; ;12;2533,40380363362
3367977;1;1;1; ; ; ; ; ; ; ; ; ; ; ; ;12;603,191381817528
3367977;1;2;1; ; ; ; ; ; ; ; ; ; ; ; ;12;603,191381817528
3367978;1;1;2;2;52; ;2; ; ;1;2; ; ;1; ;12;603,191381817528
3367978;1;2;1; ; ; ; ; ; ; ; ; ; ; ; ;12;603,191381817528
3367978;1;3;1; ; ; ; ; ; ; ; ; ; ; ; ;12;603,191381817528
3367979;1;1;1; ; ; ; ; ; ; ; ; ; ; ; ;12;2533,40380363362
3367979;1;2;2;1; ; ;2; ; ;1;2; ; ;1; ;12;2533,40380363362
3367979;1;3;1; ; ; ; ; ; ; ; ; ; ; ; ;12;2533,40380363362
3367979;1;4;1; ; ; ; ; ; ; ; ; ; ; ; ;12;2533,40380363362
3367979;1;5;2;1; ; ;2; ; ;1;3;18; ;1; ;12;2533,40380363362
3367979;1;6;2;2;63; ;3;86; ;1;3;18; ;1; ;12;2533,40380363362
3367979;1;7;1; ; ; ; ; ; ; ; ; ; ; ; ;12;2533,40380363362
3367979;1;8;1; ; ; ; ; ; ; ; ; ; ; ; ;12;2533,40380363362
3367979;1;9;1; ; ; ; ; ; ; ; ; ; ; ; ;12;2533,40380363362
3367979;1;10;1; ; ; ; ; ; ; ; ; ; ; ; ;12;2533,40380363362
3367980;1;1;2;2;19; ;2; ; ;1;2; ; ;1; ;12;603,191381817528
3367980;1;2;2;2;41; ;2; ; ;1;2; ; ;1; ;12;603,191381817528
3367980;1;3;2;2;41; ;2; ; ;1;2; ; ;1; ;12;603,191381817528
3367981;1;1;2;1; ; ;2; ; ;1;2; ; ;1; ;12;1894,2557285841
3367981;1;2;2;2;25; ;2; ; ;1;2; ; ;1; ;12;1894,2557285841
3367981;1;3;1; ; ; ; ; ; ; ; ; ; ; ; ;12;1894,2557285841
3367981;1;4;1; ; ; ; ; ; ; ; ; ; ; ; ;12;1894,2557285841
3367982;1;1;1; ; ; ; ; ; ; ; ; ; ; ; ;12;1232,64940693505
3367983;1;1;2;2;41; ;2; ; ;1;2; ; ;1; ;12;603,191381817528
3367983;1;2;1; ; ; ; ; ; ; ; ; ; ; ; ;12;603,191381817528
3367983;1;3;1; ; ; ; ; ; ; ; ; ; ; ; ;12;603,191381817528
3367983;1;4;1; ; ; ; ; ; ; ; ; ; ; ; ;12;603,191381817528
3367984;1;1;2;1; ; ;2; ; ;2;2; ; ;2;4;12;603,191381817528
3367984;1;2;2;2;41; ;3;41; ;2;3;41; ;2;1;12;603,191381817528
3367984;1;3;2;2;41; ;2; ; ;2;3;41; ;2;1;12;603,191381817528
3367984;1;4;2;1; ; ;3;41; ;2;2; ; ;1; ;12;603,191381817528
3367984;1;5;1; ; ; ; ; ; ; ; ; ; ; ; ;12;603,191381817528
3367984;2;1;2;2;41; ;3;41; ;2;3;41; ;2;4;12;603,191381817528
3367984;2;2;2;1; ; ;3;41; ;2;3;41; ;2;1;12;603,191381817528
3367984;2;3;2;2;41; ;3;41; ;2;3;41; ;2;4;12;603,191381817528
3367984;2;4;2;2;41; ;3;41; ;2;3;41; ;2;4;12;603,191381817528
3367985;1;1;2;2;41; ;3;41; ;1;2; ; ;1; ;12;603,191381817528
3367985;1;2;2;2;41; ;3;41; ;1;2; ; ;1; ;12;603,191381817528
3367985;1;3;2;2;41; ;3;41; ;1;2; ; ;1; ;12;603,191381817528
3367985;1;4;2;2;41; ;3;41; ;1;2; ; ;1; ;12;603,191381817528
3367986;1;1;2;2;41; ;2; ; ;1;2; ; ;1; ;12;666,54528794906
3367986;1;2;2;2;41; ;2; ; ;1;2; ; ;1; ;12;666,54528794906
3367986;1;3;1; ; ; ; ; ; ; ; ; ; ; ; ;12;666,54528794906
3367987;1;1;2;2;41; ;3;25; ;1;2; ; ;1; ;12;603,191381817528
3367987;1;2;2;2;25; ;3;11; ;1;2; ; ;1; ;12;603,191381817528
3367987;1;3;2;1; ; ;3;25; ;1;2; ; ;1; ;12;603,191381817528
3367988;1;1;2;2;41; ;2; ; ;1;2; ; ;1; ;12;603,191381817528
3367988;1;2;2;2;41; ;2; ; ;1;2; ; ;1; ;12;603,191381817528
3367988;1;3;2;1; ; ;2; ; ;1;2; ; ;1; ;12;603,191381817528
3367988;1;4;2;2;63; ;2; ; ;1;2; ; ;1; ;12;603,191381817528
3367988;1;5;2;1; ; ;2; ; ;1;2; ; ;1; ;12;603,191381817528
3367988;1;6;1; ; ; ; ; ; ; ; ; ; ; ; ;12;603,191381817528
3367988;1;7;1; ; ; ; ; ; ; ; ; ; ; ; ;12;603,191381817528
3367989;1;1;1; ; ; ; ; ; ; ; ; ; ; ; ;12;2533,40380363362
3367989;1;2;1; ; ; ; ; ; ; ; ; ; ; ; ;12;2533,40380363362
3367989;1;3;1; ; ; ; ; ; ; ; ; ; ; ; ;12;2533,40380363362
3367990;1;1;2;1; ; ;2; ; ;1;2; ; ;1; ;12;1526,33336829081
3367991;1;1;2;2;73; ;2; ; ;1;2; ; ;1; ;12;603,191381817528
3367991;1;2;2;2;73; ;2; ; ;1;3;11; ;1; ;12;603,191381817528
3367992;1;1;2;1; ; ;2; ; ;1;2; ; ;1; ;12;603,191381817528
3367992;1;2;2;1; ; ;2; ; ;1;2; ; ;1; ;12;603,191381817528
3367992;1;3;1; ; ; ; ; ; ; ; ; ; ; ; ;12;603,191381817528
3367992;1;4;1; ; ; ; ; ; ; ; ; ; ; ; ;12;603,191381817528
3367993;1;1;2;1; ; ;2; ; ;1;2; ; ;1; ;12;2533,40380363362
3367993;1;2;2;1; ; ;2; ; ;1;3;11; ;1; ;12;2533,40380363362
3367993;1;3;1; ; ; ; ; ; ; ; ; ; ; ; ;12;2533,40380363362
3367993;1;4;1; ; ; ; ; ; ; ; ; ; ; ; ;12;2533,40380363362
3367993;1;5;2;2;54; ;2; ; ;1;2; ; ;1; ;12;2533,40380363362
3367994;1;1;2;1; ; ;2; ; ;1;2; ; ;1; ;12;2533,40380363362
3367994;1;2;2;2;41; ;2; ; ;1;2; ; ;1; ;12;2533,40380363362
3367994;1;3;1; ; ; ; ; ; ; ; ; ; ; ; ;12;2533,40380363362
3367994;1;4;1; ; ; ; ; ; ; ; ; ; ; ; ;12;2533,40380363362
3367995;1;1;2;2;52; ;2; ; ;1;2; ; ;1; ;12;2533,40380363362
3367995;1;2;1; ; ; ; ; ; ; ; ; ; ; ; ;12;2533,40380363362
3367995;1;3;2;2;41; ;1; ; ; ;2; ; ;1; ;12;2533,40380363362
3367996;1;1;2;2;41; ;2; ; ;1;2; ; ;1; ;12;692,631236019341
3367996;1;2;1; ; ; ; ; ; ; ; ; ; ; ; ;12;692,631236019341
3367996;1;3;2;1; ; ;2; ; ;1;2; ; ;1; ;12;692,631236019341
3367996;1;4;1; ; ; ; ; ; ; ; ; ; ; ; ;12;692,631236019341
3367996;1;5;1; ; ; ; ; ; ; ; ; ; ; ; ;12;692,631236019341
3367997;1;1;1; ; ; ; ; ; ; ; ; ; ; ; ;12;1223,19144962096
3367997;1;2;2;2;41; ;2; ; ;2;2; ; ;2; ;12;1223,19144962096
3367997;1;3;1; ; ; ; ; ; ; ; ; ; ; ; ;12;1223,19144962096
3367997;1;4;1; ; ; ; ; ; ; ; ; ; ; ; ;12;1223,19144962096
3367999;1;1;2;2;41; ;3;18; ;2;2; ; ;2; ;12;1093,51680452481
3367999;1;2;2;2;18; ;3;18; ;2;2; ; ;2; ;12;1093,51680452481
3367999;1;3;2;2;41; ;3;18; ;2;2; ; ;2; ;12;1093,51680452481
3367999;1;4;2;2;41; ;3;41; ;1;2; ; ;2; ;12;1093,51680452481
3368000;1;1;2;2;41; ;3;41; ;2;2; ; ;1;1;12;859,226112071593
3368000;1;2;2;2;41; ;3;41; ;1;2; ; ;1;1;12;859,226112071593
3368001;1;1;2;2;18; ;2; ; ;1;2; ; ;1; ;12;2533,40380363362
3368001;1;2;1; ; ; ; ; ; ; ; ; ; ; ; ;12;2533,40380363362
3368001;1;3;1; ; ; ; ; ; ; ; ; ; ; ; ;12;2533,40380363362
3368001;1;4;1; ; ; ; ; ; ; ; ; ; ; ; ;12;2533,40380363362
3368001;1;5;1; ; ; ; ; ; ; ; ; ; ; ; ;12;2533,40380363362
3368001;1;6;1; ; ; ; ; ; ; ; ; ; ; ; ;12;2533,40380363362
3368002;1;1;2;2;41; ;3;41; ;2;3;41; ;2; ;12;1210,66215075143
3368002;1;2;2;2;41; ;3;41; ;2;3;41; ;2; ;12;1210,66215075143
3368002;1;3;2;2;41; ;3;41; ;2;3;41; ;2; ;12;1210,66215075143
3368002;1;4;2;2;41; ;3;41; ;2;3;41; ;2; ;12;1210,66215075143
3368002;1;5;2;2;41; ;3;41; ;2;3;41; ;2; ;12;1210,66215075143
3368003;1;1;2;1; ; ;3;11; ;1;2; ; ;2; ;12;1302,14624212253
3368004;1;1;2;2;18; ;2; ; ;2;2; ; ;2; ;12;2283,54344405413
3368004;1;2;2;2;41; ;3;18; ;2;2; ; ;2; ;12;2283,54344405413
3368004;1;3;1; ; ; ; ; ; ; ; ; ; ; ; ;12;2283,54344405413
3368004;1;4;1; ; ; ; ; ; ; ; ; ; ; ; ;12;2283,54344405413
3368005;1;1;1; ; ; ; ; ; ; ; ; ; ; ; ;12;1376,67002243963
3368005;1;2;1; ; ; ; ; ; ; ; ; ; ; ; ;12;1376,67002243963
3368005;1;3;1; ; ; ; ; ; ; ; ; ; ; ; ;12;1376,67002243963
3368007;1;1;2;2;19; ;2; ; ;2;2; ; ;2; ;12;1218,0062866631
3368007;1;2;1; ; ; ; ; ; ; ; ; ; ; ; ;12;1218,0062866631
3368007;1;3;1; ; ; ; ; ; ; ; ; ; ; ; ;12;1218,0062866631
3368007;1;4;1; ; ; ; ; ; ; ; ; ; ; ; ;12;1218,0062866631
3368007;1;5;2;2;63; ;2; ; ;2;2; ; ;2; ;12;1218,0062866631
3368009;1;1;1; ; ; ; ; ; ; ; ; ; ; ; ;12;1811,28561900447
3368009;1;2;1; ; ; ; ; ; ; ; ; ; ; ; ;12;1811,28561900447
3368009;1;3;1; ; ; ; ; ; ; ; ; ; ; ; ;12;1811,28561900447
3368009;1;4;1; ; ; ; ; ; ; ; ; ; ; ; ;12;1811,28561900447
3368009;1;5;1; ; ; ; ; ; ; ; ; ; ; ; ;12;1811,28561900447
3368010;1;1;1; ; ; ; ; ; ; ; ; ; ; ; ;12;2095,74783881205
3368010;1;2;1; ; ; ; ; ; ; ; ; ; ; ; ;12;2095,74783881205
3368010;1;3;1; ; ; ; ; ; ; ; ; ; ; ; ;12;2095,74783881205
3368011;1;1;2;2;41; ;2; ; ;2;2; ; ;2; ;12;1210,66215075143
3368011;1;2;2;2;41; ;2; ; ;2;2; ; ;2; ;12;1210,66215075143
3368011;1;3;1; ; ; ; ; ; ; ; ; ; ; ; ;12;1210,66215075143
3368011;1;4;1; ; ; ; ; ; ; ; ; ; ; ; ;12;1210,66215075143
3368011;1;5;1; ; ; ; ; ; ; ; ; ; ; ; ;12;1210,66215075143
3368013;1;1;2;2;19; ;2; ; ;2;2; ; ;2; ;12;1623,14101767916
3368013;1;2;2;1; ; ;2; ; ;2;2; ; ;2; ;12;1623,14101767916
3368013;1;3;1; ; ; ; ; ; ; ; ; ; ; ; ;12;1623,14101767916
3368013;1;4;1; ; ; ; ; ; ; ; ; ; ; ; ;12;1623,14101767916
3368014;1;1;2;2;19; ;2; ; ;2;2; ; ;2; ;12;1385,44456610182
3368014;1;2;2;2;41; ;2; ; ;2;2; ; ;2; ;12;1385,44456610182
3368014;1;3;1; ; ; ; ; ; ; ; ; ; ; ; ;12;1385,44456610182
3368014;1;4;1; ; ; ; ; ; ; ; ; ; ; ; ;12;1385,44456610182
3368014;1;5;1; ; ; ; ; ; ; ; ; ; ; ; ;12;1385,44456610182
3368015;1;1;1; ; ; ; ; ; ; ; ; ; ; ; ;12;1106,04610339435
3368015;1;2;2;2;41; ;3;41; ;1;2; ; ;2; ;12;1106,04610339435
3368015;1;3;1; ; ; ; ; ; ; ; ; ; ; ; ;12;1106,04610339435
3368016;1;1;2;2;41; ;2; ; ;2;2; ; ;2; ;12;2409,54164900706
3368016;1;2;2;2;19; ;2; ; ;2;2; ; ;2; ;12;2409,54164900706
3368016;1;3;1; ; ; ; ; ; ; ; ; ; ; ; ;12;2409,54164900706
3368016;1;4;1; ; ; ; ; ; ; ; ; ; ; ; ;12;2409,54164900706
3368016;1;5;1; ; ; ; ; ; ; ; ; ; ; ; ;12;2409,54164900706
3368016;1;6;1; ; ; ; ; ; ; ; ; ; ; ; ;12;2409,54164900706
3368016;1;7;1; ; ; ; ; ; ; ; ; ; ; ; ;12;2409,54164900706
3368016;1;8;1; ; ; ; ; ; ; ; ; ; ; ; ;12;2409,54164900706
3368016;1;9;1; ; ; ; ; ; ; ; ; ; ; ; ;12;2409,54164900706
3368017;1;1;1; ; ; ; ; ; ; ; ; ; ; ; ;12;1323,52839971838
3368017;1;2;1; ; ; ; ; ; ; ; ; ; ; ; ;12;1323,52839971838
3368017;1;3;1; ; ; ; ; ; ; ; ; ; ; ; ;12;1323,52839971838
3368017;1;4;1; ; ; ; ; ; ; ; ; ; ; ; ;12;1323,52839971838
3368021;1;1;2;1; ; ;2; ; ;1;2; ; ;1; ;12;2167,53887459212
3368021;1;2;2;2;18; ;2; ; ;1;2; ; ;1; ;12;2167,53887459212
3368021;1;3;2;2;18; ;2; ; ;1;2; ; ;1; ;12;2167,53887459212
3368021;1;4;1; ; ; ; ; ; ; ; ; ; ; ; ;12;2167,53887459212
3368022;1;1;1; ; ; ; ; ; ; ; ; ; ; ; ;12;603,191381817528
3368022;1;2;2;1; ; ;2; ; ;1;2; ; ;1; ;12;603,191381817528
3368022;1;3;1; ; ; ; ; ; ; ; ; ; ; ; ;12;603,191381817528
3368022;1;4;1; ; ; ; ; ; ; ; ; ; ; ; ;12;603,191381817528
3368023;1;1;2;2;41; ;3;41; ;1;2; ; ;1; ;12;603,191381817528
3368024;1;1;2;2;11; ;2; ; ;1;2; ; ;1; ;12;1876,25881360589
3368024;1;2;2;1; ; ;2; ; ;1;2; ; ;1; ;12;1876,25881360589
3368024;1;3;1; ; ; ; ; ; ; ; ; ; ; ; ;12;1876,25881360589
3368025;1;1;1; ; ; ; ; ; ; ; ; ; ; ; ;12;1042,46956149922
3368025;1;2;1; ; ; ; ; ; ; ; ; ; ; ; ;12;1042,46956149922
3368025;1;3;1; ; ; ; ; ; ; ; ; ; ; ; ;12;1042,46956149922
3368025;1;4;2;2;52; ;2; ; ;1;2; ; ;1; ;12;1042,46956149922
3368026;1;1;2;2;76; ;2; ; ;1;2; ; ;1; ;12;942,543242466333
3368026;1;2;2;2;63; ;2; ; ;1;2; ; ;1; ;12;942,543242466333
3368027;1;1;2;2;19; ;2; ; ;1;2; ; ;1; ;12;643,084536017362
3368027;1;2;2;2;76; ;2; ; ;1;2; ; ;1; ;12;643,084536017362
3368027;1;3;1; ; ; ; ; ; ; ; ; ; ; ; ;12;643,084536017362
3368027;1;4;1; ; ; ; ; ; ; ; ; ; ; ; ;12;643,084536017362
3368027;1;5;1; ; ; ; ; ; ; ; ; ; ; ; ;12;643,084536017362
3368028;1;1;2;2;19; ;2; ; ;1;2; ; ;1; ;12;1141,52645499817
3368029;1;1;2;2;66; ;2; ; ;1;2; ; ;1; ;12;1022,88877899689
3368029;1;2;2;2;76; ;2; ; ;1;2; ; ;1; ;12;1022,88877899689
3368029;1;3;1; ; ; ; ; ; ; ; ; ; ; ; ;12;1022,88877899689
3368029;1;4;1; ; ; ; ; ; ; ; ; ; ; ; ;12;1022,88877899689
3368029;1;5;2;2;76; ;2; ; ;1;2; ; ;1; ;12;1022,88877899689
3368030;1;1;1; ; ; ; ; ; ; ; ; ; ; ; ;12;942,543242466333
3368030;1;2;2;1; ; ;2; ; ;1;2; ; ;1; ;12;942,543242466333
3368031;1;1;2;2;63; ;2; ; ;1;2; ; ;1; ;12;942,543242466333
3368031;1;2;1; ; ; ; ; ; ; ; ; ; ; ; ;12;942,543242466333
3368032;1;1;2;2;52; ;2; ; ;1;2; ; ;1; ;12;737,91739997989
3368033;1;1;1; ; ; ; ; ; ; ; ; ; ; ; ;12;521,509368191736
3368033;1;2;1; ; ; ; ; ; ; ; ; ; ; ; ;12;521,509368191736
3368033;1;3;1; ; ; ; ; ; ; ; ; ; ; ; ;12;521,509368191736
3368033;1;4;2;1; ; ;4; ;11; ;2; ; ;1; ;12;521,509368191736
3368034;1;1;2;2;41; ;2; ; ;1;2; ; ;1; ;12;1057,39761158631
3368034;1;2;2;2;41; ;2; ; ;1;2; ; ;1; ;12;1057,39761158631
3368034;1;3;1; ; ; ; ; ; ; ; ; ; ; ; ;12;1057,39761158631
3368035;1;1;1; ; ; ; ; ; ; ; ; ; ; ; ;12;617,861123560425
3368035;1;2;1; ; ; ; ; ; ; ; ; ; ; ; ;12;617,861123560425
3368035;1;3;2;3; ;3;2; ; ;1;2; ; ;1; ;12;617,861123560425
3368035;1;4;2;3; ;3;2; ; ;1;2; ; ;1; ;12;617,861123560425
3368036;1;1;1; ; ; ; ; ; ; ; ; ; ; ; ;12;1042,46956149922
3368036;1;2;1; ; ; ; ; ; ; ; ; ; ; ; ;12;1042,46956149922
3368036;1;3;1; ; ; ; ; ; ; ; ; ; ; ; ;12;1042,46956149922
3368036;1;4;1; ; ; ; ; ; ; ; ; ; ; ; ;12;1042,46956149922
3368037;1;1;1; ; ; ; ; ; ; ; ; ; ; ; ;12;1224,05223174661
3368037;1;2;2;2;76; ;2; ; ;1;2; ; ;1; ;12;1224,05223174661
3368037;1;3;1; ; ; ; ; ; ; ; ; ; ; ; ;12;1224,05223174661
3368038;1;1;2;2;17; ;2; ; ;1;2; ; ;1; ;12;718,336617477564
3368038;1;2;2;2;76; ;2; ; ;1;2; ; ;1; ;12;718,336617477564
3368039;1;1;2;2;73; ;2; ; ;1;2; ; ;1; ;12;578,064392621966
3368039;1;2;1; ; ; ; ; ; ; ; ; ; ; ; ;12;578,064392621966
3368039;1;3;1; ; ; ; ; ; ; ; ; ; ; ; ;12;578,064392621966
3368040;1;1;2;2;17; ;2; ; ;1;2; ; ;1; ;12;1214,61631787724
3368040;1;2;2;2;17; ;2; ; ;1;2; ; ;1; ;12;1214,61631787724
3368040;1;3;1; ; ; ; ; ; ; ; ; ; ; ; ;12;1214,61631787724
3368040;1;4;1; ; ; ; ; ; ; ; ; ; ; ; ;12;1214,61631787724
3368041;1;1;2;2;25; ;2; ; ;1;2; ; ;1; ;12;521,509368191736
3368041;1;2;2;2;11; ;2; ; ;1;2; ; ;1; ;12;521,509368191736
3368041;1;3;2;2;08; ;2; ; ;1;2; ; ;1; ;12;521,509368191736
3368042;1;1;2;2;05; ;2; ; ;1;2; ; ;1; ;12;1023,43795388114
3368043;1;1;1; ; ; ; ; ; ; ; ; ; ; ; ;12;850,803993797429
3368043;1;2;2;2;63; ;2; ; ;1;2; ; ;1; ;12;850,803993797429
3368043;1;3;1; ; ; ; ; ; ; ; ; ; ; ; ;12;850,803993797429
3368043;1;4;2;2;76; ;3;76; ;1;2; ; ;1; ;12;850,803993797429
3368043;1;5;1; ; ; ; ; ; ; ; ; ; ; ; ;12;850,803993797429
3368044;1;1;1; ; ; ; ; ; ; ; ; ; ; ; ;12;1003,33935632531
3368044;1;2;1; ; ; ; ; ; ; ; ; ; ; ; ;12;1003,33935632531
3368044;1;3;1; ; ; ; ; ; ; ; ; ; ; ; ;12;1003,33935632531
3368045;1;1;1; ; ; ; ; ; ; ; ; ; ; ; ;12;816,844336092258
3368045;1;2;2;2;76; ;2; ; ;1;2; ; ;1; ;12;816,844336092258
3368045;1;3;1; ; ; ; ; ; ; ; ; ; ; ; ;12;816,844336092258
3368046;1;1;2;2;76; ;2; ; ;1;2; ; ;1; ;12;922,962459964006
3368046;1;2;2;1; ; ;2; ; ;1;2; ; ;1; ;12;922,962459964006
3368046;1;3;2;2;66; ;2; ; ;1;2; ; ;1; ;12;922,962459964006
3368047;1;1;2;2;19; ;2; ; ;1;2; ; ;1; ;12;934,93283720928
3368047;1;2;2;2;19; ;2; ; ;1;2; ; ;1; ;12;934,93283720928
3368047;1;3;2;2;19; ;2; ; ;1;2; ; ;1; ;12;934,93283720928
3368048;1;1;2;2;19; ;2; ; ;1;2; ; ;1; ;12;580,149518804711
3368048;1;2;2;1; ; ;2; ; ;1;2; ; ;1; ;12;580,149518804711
3368048;1;3;1; ; ; ; ; ; ; ; ; ; ; ; ;12;580,149518804711
3368048;1;4;2;2;54; ;2; ; ;1;2; ; ;1; ;12;580,149518804711
3368049;1;1;1; ; ; ; ; ; ; ; ; ; ; ; ;12;1064,13547018429
3368049;1;2;1; ; ; ; ; ; ; ; ; ; ; ; ;12;1064,13547018429
3368049;1;3;1; ; ; ; ; ; ; ; ; ; ; ; ;12;1064,13547018429
3368049;1;4;1; ; ; ; ; ; ; ; ; ; ; ; ;12;1064,13547018429
3368050;1;1;1; ; ; ; ; ; ; ; ; ; ; ; ;12;1505,56122102688
3368050;1;2;1; ; ; ; ; ; ; ; ; ; ; ; ;12;1505,56122102688
3368050;1;3;1; ; ; ; ; ; ; ; ; ; ; ; ;12;1505,56122102688
3368050;1;4;1; ; ; ; ; ; ; ; ; ; ; ; ;12;1505,56122102688
3368051;1;1;1; ; ; ; ; ; ; ; ; ; ; ; ;12;824,454741349311
3368051;1;2;2;2;66; ;2; ; ;1;2; ; ;1; ;12;824,454741349311
3368052;1;1;2;2;52; ;2; ; ;1;2; ; ;1; ;12;1076,97839408864
3368052;1;2;1; ; ; ; ; ; ; ; ; ; ; ; ;12;1076,97839408864
3368053;1;1;1; ; ; ; ; ; ; ; ; ; ; ; ;12;625,471528817479
3368053;1;2;2;2;17; ;2; ; ;1;2; ; ;1; ;12;625,471528817479
3368053;1;3;2;2;11; ;3;11; ;1;3;11; ;1; ;12;625,471528817479
3368054;1;1;2;2;76; ;2; ; ;1;2; ; ;1; ;12;981,673447640241
3368054;1;2;1; ; ; ; ; ; ; ; ; ; ; ; ;12;981,673447640241
3368054;1;3;1; ; ; ; ; ; ; ; ; ; ; ; ;12;981,673447640241
3368055;1;1;2;2;13; ;3;47; ;2;3;47; ;2;4;12;119,440832349953
3368055;1;2;2;2;13; ;3;47; ;2;3;47; ;2;4;12;119,440832349953
3368056;1;1;2;2;47; ;2; ; ;1;2; ; ;1; ;12;119,440832349953
3368056;1;2;2;2;47; ;2; ; ;1;2; ; ;1; ;12;119,440832349953
3368057;1;1;2;2;47; ;2; ; ;1;2; ; ;1; ;12;173,116784120955
3368057;1;2;2;2;05; ;2; ; ;1;2; ; ;1; ;12;173,116784120955
3368057;1;3;1; ; ; ; ; ; ; ; ; ; ; ; ;12;173,116784120955
3368057;1;4;1; ; ; ; ; ; ; ; ; ; ; ; ;12;173,116784120955
3368057;1;5;1; ; ; ; ; ; ; ; ; ; ; ; ;12;173,116784120955
3368057;1;6;1; ; ; ; ; ; ; ; ; ; ; ; ;12;173,116784120955
3368057;1;7;1; ; ; ; ; ; ; ; ; ; ; ; ;12;173,116784120955
3368058;1;1;1; ; ; ; ; ; ; ; ; ; ; ; ;12;113,786331139283
3368059;1;1;2;2;44; ;2; ; ;1;2; ; ;1; ;12;113,786331139283
3368060;1;1;1; ; ; ; ; ; ; ; ; ; ; ; ;12;190,707132632213
3368060;1;2;1; ; ; ; ; ; ; ; ; ; ; ; ;12;190,707132632213
3368060;1;3;1; ; ; ; ; ; ; ; ; ; ; ; ;12;190,707132632213
3368061;1;1;2;2;20; ;2; ; ;1;2; ; ;1; ;12;183,580955484274
3368062;1;1;1; ; ; ; ; ; ; ; ; ; ; ; ;12;183,580955484274
3368063;1;1;2;2;20; ;2; ; ;1;2; ; ;1; ;12;113,786331139283
3368064;1;1;2;2;20; ;2; ; ;1;2; ; ;1; ;12;144,560443298242
3368064;1;2;2;2;20; ;2; ; ;1;2; ; ;1; ;12;144,560443298242
3368064;1;3;2;2;20; ;2; ; ;1;2; ; ;1; ;12;144,560443298242
3368064;1;4;2;2;20; ;2; ; ;1;2; ; ;1; ;12;144,560443298242
3368064;1;5;2;2;20; ;2; ; ;1;2; ; ;1; ;12;144,560443298242
3368065;1;1;1; ; ; ; ; ; ; ; ; ; ; ; ;12;155,243487338241
3368066;1;1;1; ; ; ; ; ; ; ; ; ; ; ; ;12;140,295551291487
3368066;1;2;1; ; ; ; ; ; ; ; ; ; ; ; ;12;140,295551291487
3368066;1;3;1; ; ; ; ; ; ; ; ; ; ; ; ;12;140,295551291487
3368066;1;4;1; ; ; ; ; ; ; ; ; ; ; ; ;12;140,295551291487
3368066;1;5;1; ; ; ; ; ; ; ; ; ; ; ; ;12;140,295551291487
3368067;1;1;1; ; ; ; ; ; ; ; ; ; ; ; ;12;155,243487338241
3368068;1;1;2;2;20; ;3;08; ;1;2; ; ;1; ;12;163,724567537078
3368068;1;2;1; ; ; ; ; ; ; ; ; ; ; ; ;12;163,724567537078
3368068;1;3;1; ; ; ; ; ; ; ; ; ; ; ; ;12;163,724567537078
3368068;2;1;1; ; ; ; ; ; ; ; ; ; ; ; ;12;163,724567537078
3368068;2;2;1; ; ; ; ; ; ; ; ; ; ; ; ;12;163,724567537078
3368068;2;3;1; ; ; ; ; ; ; ; ; ; ; ; ;12;163,724567537078
3368068;2;4;1; ; ; ; ; ; ; ; ; ; ; ; ;12;163,724567537078
3368069;1;1;1; ; ; ; ; ; ; ; ; ; ; ; ;12;158,843549420318
3368069;1;2;1; ; ; ; ; ; ; ; ; ; ; ; ;12;158,843549420318
3368069;1;3;1; ; ; ; ; ; ; ; ; ; ; ; ;12;158,843549420318
3368069;1;4;1; ; ; ; ; ; ; ; ; ; ; ; ;12;158,843549420318
3368069;1;5;1; ; ; ; ; ; ; ; ; ; ; ; ;12;158,843549420318
3368070;1;1;2;2;08; ;2; ; ;1;2; ; ;1; ;12;168,501942884745
3368070;1;2;1; ; ; ; ; ; ; ; ; ; ; ; ;12;168,501942884745
3368070;1;3;1; ; ; ; ; ; ; ; ; ; ; ; ;12;168,501942884745
3368071;1;1;1; ; ; ; ; ; ; ; ; ; ; ; ;12;122,595980830056
3368071;1;2;1; ; ; ; ; ; ; ; ; ; ; ; ;12;122,595980830056
3368071;1;3;1; ; ; ; ; ; ; ; ; ; ; ; ;12;122,595980830056
3368071;1;4;1; ; ; ; ; ; ; ; ; ; ; ; ;12;122,595980830056
3368071;1;5;1; ; ; ; ; ; ; ; ; ; ; ; ;12;122,595980830056
3368072;1;1;1; ; ; ; ; ; ; ; ; ; ; ; ;12;84,4734155651096
3368072;1;2;1; ; ; ; ; ; ; ; ; ; ; ; ;12;84,4734155651096
3368072;1;3;1; ; ; ; ; ; ; ; ; ; ; ; ;12;84,4734155651096
3368072;1;4;1; ; ; ; ; ; ; ; ; ; ; ; ;12;84,4734155651096
3368072;1;5;1; ; ; ; ; ; ; ; ; ; ; ; ;12;84,4734155651096
3368073;1;1;1; ; ; ; ; ; ; ; ; ; ; ; ;12;74,7944930637854
3368073;1;2;1; ; ; ; ; ; ; ; ; ; ; ; ;12;74,7944930637854
3368073;1;3;1; ; ; ; ; ; ; ; ; ; ; ; ;12;74,7944930637854
3368073;1;4;1; ; ; ; ; ; ; ; ; ; ; ; ;12;74,7944930637854
3368073;1;5;1; ; ; ; ; ; ; ; ; ; ; ; ;12;74,7944930637854
3368073;1;6;1; ; ; ; ; ; ; ; ; ; ; ; ;12;74,7944930637854
3368073;1;7;1; ; ; ; ; ; ; ; ; ; ; ; ;12;74,7944930637854
3368073;1;8;1; ; ; ; ; ; ; ; ; ; ; ; ;12;74,7944930637854
3368073;1;9;1; ; ; ; ; ; ; ; ; ; ; ; ;12;74,7944930637854
3368073;1;10;1; ; ; ; ; ; ; ; ; ; ; ; ;12;74,7944930637854
3368073;1;11;1; ; ; ; ; ; ; ; ; ; ; ; ;12;74,7944930637854
3368073;1;12;1; ; ; ; ; ; ; ; ; ; ; ; ;12;74,7944930637854
3368073;1;13;1; ; ; ; ; ; ; ; ; ; ; ; ;12;74,7944930637854
3368073;1;14;1; ; ; ; ; ; ; ; ; ; ; ; ;12;74,7944930637854
3368073;1;15;1; ; ; ; ; ; ; ; ; ; ; ; ;12;74,7944930637854
3368074;1;1;1; ; ; ; ; ; ; ; ; ; ; ; ;12;74,7944930637854
3368074;1;2;1; ; ; ; ; ; ; ; ; ; ; ; ;12;74,7944930637854
3368074;1;3;1; ; ; ; ; ; ; ; ; ; ; ; ;12;74,7944930637854
3368074;1;4;1; ; ; ; ; ; ; ; ; ; ; ; ;12;74,7944930637854
3368074;1;5;1; ; ; ; ; ; ; ; ; ; ; ; ;12;74,7944930637854
3368074;1;6;1; ; ; ; ; ; ; ; ; ; ; ; ;12;74,7944930637854
3368074;1;7;2;2;08; ;2; ; ;1;2; ; ;1; ;12;74,7944930637854
3368075;1;1;2;2;20; ;2; ; ;1;2; ; ;1; ;12;128,126527647815
3368075;1;2;1; ; ; ; ; ; ; ; ; ; ; ; ;12;128,126527647815
3368075;1;3;1; ; ; ; ; ; ; ; ; ; ; ; ;12;128,126527647815
3368076;1;1;1; ; ; ; ; ; ; ; ; ; ; ; ;12;999,079490185954
3368076;1;2;1; ; ; ; ; ; ; ; ; ; ; ; ;12;999,079490185954
3368076;1;3;2;2;15; ;2; ; ;1;2; ; ;2; ;12;999,079490185954
3368076;1;4;1; ; ; ; ; ; ; ; ; ; ; ; ;12;999,079490185954
3368076;1;5;1; ; ; ; ; ; ; ; ; ; ; ; ;12;999,079490185954
3368077;1;1;2;1; ; ;2; ; ;1;2; ; ;1; ;12;4900,37279627591
3368077;1;2;2;2;15; ;2; ; ;1;2; ; ;1; ;12;4900,37279627591
3368077;1;3;1; ; ; ; ; ; ; ; ; ; ; ; ;12;4900,37279627591
3368079;1;1;1; ; ; ; ; ; ; ; ; ; ; ; ;12;3726,23077851141
3368079;1;2;1; ; ; ; ; ; ; ; ; ; ; ; ;12;3726,23077851141
3368079;1;3;2;2;15; ;2; ; ;1;2; ; ;1; ;12;3726,23077851141
3368079;1;4;2;2;15; ;2; ; ;1;2; ; ;1; ;12;3726,23077851141
3368079;1;5;2;2;15; ;2; ; ;1;2; ; ;1; ;12;3726,23077851141
3368079;1;6;1; ; ; ; ; ; ; ; ; ; ; ; ;12;3726,23077851141
3368080;1;1;2;2;15; ;2; ; ;1;2; ; ;1; ;12;4784,38807363312
3368080;1;2;1; ; ; ; ; ; ; ; ; ; ; ; ;12;4784,38807363312
3368080;1;3;1; ; ; ; ; ; ; ; ; ; ; ; ;12;4784,38807363312
3368081;1;1;1; ; ; ; ; ; ; ; ; ; ; ; ;12;4571,86166864467
3368081;1;2;1; ; ; ; ; ; ; ; ; ; ; ; ;12;4571,86166864467
3368081;1;3;1; ; ; ; ; ; ; ; ; ; ; ; ;12;4571,86166864467
3368081;1;4;1; ; ; ; ; ; ; ; ; ; ; ; ;12;4571,86166864467
3368082;1;1;1; ; ; ; ; ; ; ; ; ; ; ; ;12;549,363550065548
3368082;1;2;1; ; ; ; ; ; ; ; ; ; ; ; ;12;549,363550065548
3368083;1;1;2;2;11; ;2; ; ;2;2; ; ;2; ;12;1114,42752550716
3368083;1;2;2;2;11; ;2; ; ;2;2; ; ;2; ;12;1114,42752550716
3368083;1;3;2;2;11; ;2; ; ;2;2; ; ;2; ;12;1114,42752550716
3368083;1;4;2;2;11; ;2; ; ;2;2; ; ;2; ;12;1114,42752550716
3368084;1;1;1; ; ; ; ; ; ; ; ; ; ; ; ;12;743,27351718129
3368085;1;1;1; ; ; ; ; ; ; ; ; ; ; ; ;12;516,808880243425
3368085;1;2;1; ; ; ; ; ; ; ; ; ; ; ; ;12;516,808880243425
3368086;1;1;1; ; ; ; ; ; ; ; ; ; ; ; ;12;741,149468350756
3368086;1;2;1; ; ; ; ; ; ; ; ; ; ; ; ;12;741,149468350756
3368086;1;3;1; ; ; ; ; ; ; ; ; ; ; ; ;12;741,149468350756
3368086;1;4;1; ; ; ; ; ; ; ; ; ; ; ; ;12;741,149468350756
3368087;1;1;1; ; ; ; ; ; ; ; ; ; ; ; ;12;743,27351718129
3368088;1;1;1; ; ; ; ; ; ; ; ; ; ; ; ;12;743,27351718129
3368089;1;1;1; ; ; ; ; ; ; ; ; ; ; ; ;12;890,397151069926
3368089;1;2;1; ; ; ; ; ; ; ; ; ; ; ; ;12;890,397151069926
3368089;1;3;1; ; ; ; ; ; ; ; ; ; ; ; ;12;890,397151069926
3368089;1;4;1; ; ; ; ; ; ; ; ; ; ; ; ;12;890,397151069926
3368089;1;5;1; ; ; ; ; ; ; ; ; ; ; ; ;12;890,397151069926
3368090;1;1;1; ; ; ; ; ; ; ; ; ; ; ; ;12;516,808880243425
3368090;1;2;1; ; ; ; ; ; ; ; ; ; ; ; ;12;516,808880243425
3368091;1;1;1; ; ; ; ; ; ; ; ; ; ; ; ;12;485,369363245738
3368091;1;2;1; ; ; ; ; ; ; ; ; ; ; ; ;12;485,369363245738
3368095;1;1;1; ; ; ; ; ; ; ; ; ; ; ; ;12;658,330234952027
3368095;1;2;1; ; ; ; ; ; ; ; ; ; ; ; ;12;658,330234952027
3368095;1;3;1; ; ; ; ; ; ; ; ; ; ; ; ;12;658,330234952027
3368096;1;1;1; ; ; ; ; ; ; ; ; ; ; ; ;12;1072,62304411989
3368096;1;2;1; ; ; ; ; ; ; ; ; ; ; ; ;12;1072,62304411989
3368096;1;3;1; ; ; ; ; ; ; ; ; ; ; ; ;12;1072,62304411989
3368096;1;4;1; ; ; ; ; ; ; ; ; ; ; ; ;12;1072,62304411989
3368096;1;5;1; ; ; ; ; ; ; ; ; ; ; ; ;12;1072,62304411989
3368096;1;6;1; ; ; ; ; ; ; ; ; ; ; ; ;12;1072,62304411989
3368097;1;1;1; ; ; ; ; ; ; ; ; ; ; ; ;12;550,656629806842
3368097;1;2;1; ; ; ; ; ; ; ; ; ; ; ; ;12;550,656629806842
3368097;1;3;1; ; ; ; ; ; ; ; ; ; ; ; ;12;550,656629806842
3368097;1;4;1; ; ; ; ; ; ; ; ; ; ; ; ;12;550,656629806842
3368098;1;1;1; ; ; ; ; ; ; ; ; ; ; ; ;12;1019,22364644107
3368098;1;2;1; ; ; ; ; ; ; ; ; ; ; ; ;12;1019,22364644107
3368098;1;3;1; ; ; ; ; ; ; ; ; ; ; ; ;12;1019,22364644107
3368098;1;4;1; ; ; ; ; ; ; ; ; ; ; ; ;12;1019,22364644107
3368098;1;5;1; ; ; ; ; ; ; ; ; ; ; ; ;12;1019,22364644107
3368098;1;6;1; ; ; ; ; ; ; ; ; ; ; ; ;12;1019,22364644107
3368099;1;1;2;2;15; ;2; ; ;1;2; ; ;1; ;12;3186,0059222342
3368099;1;2;2;2;15; ;2; ; ;1;2; ; ;1; ;12;3186,0059222342
3368099;1;3;1; ; ; ; ; ; ; ; ; ; ; ; ;12;3186,0059222342
3368099;1;4;1; ; ; ; ; ; ; ; ; ; ; ; ;12;3186,0059222342
3368100;1;1;2;2;15; ;2; ; ;1;2; ; ;1; ;12;3703,22775442981
3368100;1;2;1; ; ; ; ; ; ; ; ; ; ; ; ;12;3703,22775442981
3368101;1;1;1; ; ; ; ; ; ; ; ; ; ; ; ;12;3662,12191692903
3368103;1;1;1; ; ; ; ; ; ; ; ; ; ; ; ;12;516,808880243425
3368103;1;2;1; ; ; ; ; ; ; ; ; ; ; ; ;12;516,808880243425
3368104;1;1;2;1; ; ;2; ; ;1;2; ; ;1; ;12;5746,01830290385
3368104;2;1;1; ; ; ; ; ; ; ; ; ; ; ; ;12;5746,01830290385
3368104;2;2;2;2;11; ;2; ; ;1;2; ; ;1; ;12;5746,01830290385
3368105;1;1;2;1; ; ;2; ; ;1;2; ; ;1; ;12;3662,12191692903
3368106;1;1;1; ; ; ; ; ; ; ; ; ; ; ; ;12;4337,57064879367
3368106;1;2;1; ; ; ; ; ; ; ; ; ; ; ; ;12;4337,57064879367
3368106;1;3;1; ; ; ; ; ; ; ; ; ; ; ; ;12;4337,57064879367
3368106;1;4;1; ; ; ; ; ; ; ; ; ; ; ; ;12;4337,57064879367
3368108;1;1;1; ; ; ; ; ; ; ; ; ; ; ; ;12;2747,68467343484
3368108;1;2;1; ; ; ; ; ; ; ; ; ; ; ; ;12;2747,68467343484
3368108;1;3;1; ; ; ; ; ; ; ; ; ; ; ; ;12;2747,68467343484
3368108;1;4;1; ; ; ; ; ; ; ; ; ; ; ; ;12;2747,68467343484
3368108;1;5;1; ; ; ; ; ; ; ; ; ; ; ; ;12;2747,68467343484
3368109;1;1;2;1; ; ;2; ; ;1;2; ; ;1; ;12;4316,24147205292
3368109;1;2;2;1; ; ;2; ; ;1;2; ; ;1; ;12;4316,24147205292
3368109;1;3;1; ; ; ; ; ; ; ; ; ; ; ; ;12;4316,24147205292
3368109;1;4;1; ; ; ; ; ; ; ; ; ; ; ; ;12;4316,24147205292
3368109;1;5;1; ; ; ; ; ; ; ; ; ; ; ; ;12;4316,24147205292
3368110;1;1;1; ; ; ; ; ; ; ; ; ; ; ; ;12;3656,0101948787
3368110;1;2;1; ; ; ; ; ; ; ; ; ; ; ; ;12;3656,0101948787
3368110;1;3;1; ; ; ; ; ; ; ; ; ; ; ; ;12;3656,0101948787
3368111;1;1;1; ; ; ; ; ; ; ; ; ; ; ; ;12;3343,82170552135
3368111;1;2;1; ; ; ; ; ; ; ; ; ; ; ; ;12;3343,82170552135
3368111;1;3;1; ; ; ; ; ; ; ; ; ; ; ; ;12;3343,82170552135
3368111;1;4;1; ; ; ; ; ; ; ; ; ; ; ; ;12;3343,82170552135
3368112;1;1;1; ; ; ; ; ; ; ; ; ; ; ; ;12;568,214626579368
3368113;1;1;1; ; ; ; ; ; ; ; ; ; ; ; ;12;516,808880243425
3368113;1;2;1; ; ; ; ; ; ; ; ; ; ; ; ;12;516,808880243425
3368114;1;1;1; ; ; ; ; ; ; ; ; ; ; ; ;12;549,363550065548
3368114;1;2;1; ; ; ; ; ; ; ; ; ; ; ; ;12;549,363550065548
3368115;1;1;1; ; ; ; ; ; ; ; ; ; ; ; ;12;626,890717954341
3368115;1;2;1; ; ; ; ; ; ; ; ; ; ; ; ;12;626,890717954341
3368115;1;3;1; ; ; ; ; ; ; ; ; ; ; ; ;12;626,890717954341
3368116;1;1;2;2;15; ;3;11; ;1;2; ; ;2; ;12;975,676676904188
3368116;1;2;2;1; ; ;3;11; ;1;2; ; ;2; ;12;975,676676904188
3368116;1;3;2;2;15; ;1; ; ; ;2; ; ;2; ;12;975,676676904188
3368116;1;4;2;2;15; ;1; ; ; ;2; ; ;2; ;12;975,676676904188
3368117;1;1;1; ; ; ; ; ; ; ; ; ; ; ; ;12;568,214626579368
3368118;1;1;1; ; ; ; ; ; ; ; ; ; ; ; ;12;516,808880243425
3368118;1;2;1; ; ; ; ; ; ; ; ; ; ; ; ;12;516,808880243425
3368119;1;1;1; ; ; ; ; ; ; ; ; ; ; ; ;12;868,937252946445
3368119;1;2;1; ; ; ; ; ; ; ; ; ; ; ; ;12;868,937252946445
3368119;1;3;1; ; ; ; ; ; ; ; ; ; ; ; ;12;868,937252946445
3368119;1;4;1; ; ; ; ; ; ; ; ; ; ; ; ;12;868,937252946445
3368119;1;5;1; ; ; ; ; ; ; ; ; ; ; ; ;12;868,937252946445
3368119;1;6;2;2;15; ;3;15; ;2;2; ; ;2; ;12;868,937252946445
3368119;1;7;2;2;15; ;1; ; ; ;2; ; ;2; ;12;868,937252946445
3368119;1;8;2;2;15; ;1; ; ; ;1; ; ; ; ;12;868,937252946445
3368120;1;1;1; ; ; ; ; ; ; ; ; ; ; ; ;12;1151,66974869355
3368120;1;2;1; ; ; ; ; ; ; ; ; ; ; ; ;12;1151,66974869355
3368120;1;3;1; ; ; ; ; ; ; ; ; ; ; ; ;12;1151,66974869355
3368120;1;4;1; ; ; ; ; ; ; ; ; ; ; ; ;12;1151,66974869355
3368120;1;5;2;2;15; ;1; ; ; ;1; ; ; ; ;12;1151,66974869355
3368120;1;6;1; ; ; ; ; ; ; ; ; ; ; ; ;12;1151,66974869355
3368120;1;7;1; ; ; ; ; ; ; ; ; ; ; ; ;12;1151,66974869355
3368121;1;1;1; ; ; ; ; ; ; ; ; ; ; ; ;12;568,214626579368
3368122;1;1;1; ; ; ; ; ; ; ; ; ; ; ; ;12;568,214626579368
3368123;1;1;1; ; ; ; ; ; ; ; ; ; ; ; ;12;397,339631758617
3368123;1;2;1; ; ; ; ; ; ; ; ; ; ; ; ;12;397,339631758617
3368123;1;3;1; ; ; ; ; ; ; ; ; ; ; ; ;12;397,339631758617
3368123;1;4;1; ; ; ; ; ; ; ; ; ; ; ; ;12;397,339631758617
3368124;1;1;1; ; ; ; ; ; ; ; ; ; ; ; ;12;397,339631758617
3368124;1;2;2;2;15; ;2; ; ;2;2; ; ;2; ;12;397,339631758617
3368124;1;3;2;2;15; ;2; ; ;2;2; ; ;2; ;12;397,339631758617
3368125;1;1;1; ; ; ; ; ; ; ; ; ; ; ; ;12;838,991404733982
3368125;1;2;2;1; ; ;2; ; ;1;2; ; ;1;1;12;838,991404733982
3368125;1;3;2;2;15; ;2; ; ;2;2; ; ;2; ;12;838,991404733982
3368125;1;4;2;2;15; ;2; ; ;2;2; ; ;2; ;12;838,991404733982
3368125;1;5;1; ; ; ; ; ; ; ; ; ; ; ; ;12;838,991404733982
3368125;1;6;2;1; ; ;2; ; ;2;2; ; ;2; ;12;838,991404733982
3368126;1;1;1; ; ; ; ; ; ; ; ; ; ; ; ;12;1339,80287752023
3368126;1;2;1; ; ; ; ; ; ; ; ; ; ; ; ;12;1339,80287752023
3368126;1;3;1; ; ; ; ; ; ; ; ; ; ; ; ;12;1339,80287752023
3368126;1;4;1; ; ; ; ; ; ; ; ; ; ; ; ;12;1339,80287752023
3368126;1;5;1; ; ; ; ; ; ; ; ; ; ; ; ;12;1339,80287752023
3368127;1;1;2;1; ; ;2; ; ;2;2; ; ;1; ;12;2874,78765659482
3368127;1;2;2;2;15; ;3;15; ;1;2; ; ;1; ;12;2874,78765659482
3368128;1;1;2;1; ; ;2; ; ;2;2; ; ;1; ;12;3662,12191692903
3368129;1;1;2;2;15; ;2; ; ;1;2; ; ;1; ;12;3662,12191692903
3368130;1;1;1; ; ; ; ; ; ; ; ; ; ; ; ;12;1031,4337329994
3368130;1;2;2;1; ; ;2; ; ;2;2; ; ;2; ;12;1031,4337329994
3368130;1;3;1; ; ; ; ; ; ; ; ; ; ; ; ;12;1031,4337329994
3368130;1;4;1; ; ; ; ; ; ; ; ; ; ; ; ;12;1031,4337329994
3368130;1;5;2;2;15; ;2; ; ;2;2; ; ;2; ;12;1031,4337329994
3368131;1;1;2;2;15; ;2; ; ;2;2; ; ;2; ;12;895,689216579862
3368131;1;2;2;2;15; ;2; ; ;2;2; ; ;2; ;12;895,689216579862
3368131;1;3;2;2;15; ;2; ; ;2;2; ; ;2; ;12;895,689216579862
3368131;1;4;2;2;15; ;2; ; ;2;2; ; ;2; ;12;895,689216579862
3368131;1;5;2;2;15; ;2; ; ;2;2; ; ;2; ;12;895,689216579862
3368132;1;1;1; ; ; ; ; ; ; ; ; ; ; ; ;12;432,980750838599
3368132;1;2;1; ; ; ; ; ; ; ; ; ; ; ; ;12;432,980750838599
3368132;1;3;1; ; ; ; ; ; ; ; ; ; ; ; ;12;432,980750838599
3368132;1;4;1; ; ; ; ; ; ; ; ; ; ; ; ;12;432,980750838599
3368133;1;1;1; ; ; ; ; ; ; ; ; ; ; ; ;12;600,769296401492
3368134;1;1;1; ; ; ; ; ; ; ; ; ; ; ; ;12;516,808880243425
3368134;1;2;1; ; ; ; ; ; ; ; ; ; ; ; ;12;516,808880243425
3368135;1;1;1; ; ; ; ; ; ; ; ; ; ; ; ;12;1589,35852703447
3368135;1;2;1; ; ; ; ; ; ; ; ; ; ; ; ;12;1589,35852703447
3368135;1;3;1; ; ; ; ; ; ; ; ; ; ; ; ;12;1589,35852703447
3368135;1;4;1; ; ; ; ; ; ; ; ; ; ; ; ;12;1589,35852703447
3368136;1;1;1; ; ; ; ; ; ; ; ; ; ; ; ;12;663,622300461963
3368136;1;2;1; ; ; ; ; ; ; ; ; ; ; ; ;12;663,622300461963
3368136;1;3;1; ; ; ; ; ; ; ; ; ; ; ; ;12;663,622300461963
3368137;1;1;1; ; ; ; ; ; ; ; ; ; ; ; ;12;568,214626579368
3368138;1;1;1; ; ; ; ; ; ; ; ; ; ; ; ;12;1037,21057128846
3368138;1;2;1; ; ; ; ; ; ; ; ; ; ; ; ;12;1037,21057128846
3368138;1;3;1; ; ; ; ; ; ; ; ; ; ; ; ;12;1037,21057128846
3368138;1;4;1; ; ; ; ; ; ; ; ; ; ; ; ;12;1037,21057128846
3368138;1;5;1; ; ; ; ; ; ; ; ; ; ; ; ;12;1037,21057128846
3368138;1;6;1; ; ; ; ; ; ; ; ; ; ; ; ;12;1037,21057128846
3368139;1;1;1; ; ; ; ; ; ; ; ; ; ; ; ;12;600,769296401492
3368140;1;1;1; ; ; ; ; ; ; ; ; ; ; ; ;12;1031,4337329994
3368140;1;2;1; ; ; ; ; ; ; ; ; ; ; ; ;12;1031,4337329994
3368140;1;3;1; ; ; ; ; ; ; ; ; ; ; ; ;12;1031,4337329994
3368140;1;4;1; ; ; ; ; ; ; ; ; ; ; ; ;12;1031,4337329994
3368140;1;5;1; ; ; ; ; ; ; ; ; ; ; ; ;12;1031,4337329994
3368141;1;1;1; ; ; ; ; ; ; ; ; ; ; ; ;12;914,740720102356
3368141;1;2;1; ; ; ; ; ; ; ; ; ; ; ; ;12;914,740720102356
3368141;1;3;1; ; ; ; ; ; ; ; ; ; ; ; ;12;914,740720102356
3368141;1;4;1; ; ; ; ; ; ; ; ; ; ; ; ;12;914,740720102356
3368142;1;1;1; ; ; ; ; ; ; ; ; ; ; ; ;12;397,339631758617
3368142;1;2;1; ; ; ; ; ; ; ; ; ; ; ; ;12;397,339631758617
3368142;1;3;1; ; ; ; ; ; ; ; ; ; ; ; ;12;397,339631758617
3368143;1;1;2;2;15; ;3;15; ;2;2; ; ;2; ;12;485,369363245738
3368143;1;2;2;2;15; ;3;15; ;2;2; ; ;2; ;12;485,369363245738
3368144;1;1;2;2;15; ;3;15; ;2;2; ; ;2; ;12;718,755389039832
3368144;1;2;1; ; ; ; ; ; ; ; ; ; ; ; ;12;718,755389039832
3368144;1;3;1; ; ; ; ; ; ; ; ; ; ; ; ;12;718,755389039832
3368144;1;4;1; ; ; ; ; ; ; ; ; ; ; ; ;12;718,755389039832
3368145;1;1;1; ; ; ; ; ; ; ; ; ; ; ; ;12;914,740720102356
3368145;1;2;1; ; ; ; ; ; ; ; ; ; ; ; ;12;914,740720102356
3368145;1;3;1; ; ; ; ; ; ; ; ; ; ; ; ;12;914,740720102356
3368145;1;4;1; ; ; ; ; ; ; ; ; ; ; ; ;12;914,740720102356
3368146;1;1;1; ; ; ; ; ; ; ; ; ; ; ; ;12;769,39493873414
3368146;1;2;1; ; ; ; ; ; ; ; ; ; ; ; ;12;769,39493873414
3368146;1;3;1; ; ; ; ; ; ; ; ; ; ; ; ;12;769,39493873414
3368147;1;1;1; ; ; ; ; ; ; ; ; ; ; ; ;12;1218,75855486392
3368147;1;2;1; ; ; ; ; ; ; ; ; ; ; ; ;12;1218,75855486392
3368148;1;1;1; ; ; ; ; ; ; ; ; ; ; ; ;12;568,214626579368
3368149;1;1;1; ; ; ; ; ; ; ; ; ; ; ; ;12;743,27351718129
3368150;1;1;1; ; ; ; ; ; ; ; ; ; ; ; ;12;1589,35852703447
3368150;1;2;1; ; ; ; ; ; ; ; ; ; ; ; ;12;1589,35852703447
3368150;1;3;1; ; ; ; ; ; ; ; ; ; ; ; ;12;1589,35852703447
3368150;1;4;1; ; ; ; ; ; ; ; ; ; ; ; ;12;1589,35852703447
3368150;1;5;1; ; ; ; ; ; ; ; ; ; ; ; ;12;1589,35852703447
3368150;1;6;1; ; ; ; ; ; ; ; ; ; ; ; ;12;1589,35852703447
3368150;1;7;1; ; ; ; ; ; ; ; ; ; ; ; ;12;1589,35852703447
3368150;1;8;1; ; ; ; ; ; ; ; ; ; ; ; ;12;1589,35852703447
3368150;1;9;1; ; ; ; ; ; ; ; ; ; ; ; ;12;1589,35852703447
3368150;1;10;1; ; ; ; ; ; ; ; ; ; ; ; ;12;1589,35852703447
3368151;1;1;1; ; ; ; ; ; ; ; ; ; ; ; ;12;1503,09434402241
3368151;1;2;1; ; ; ; ; ; ; ; ; ; ; ; ;12;1503,09434402241
3368151;1;3;1; ; ; ; ; ; ; ; ; ; ; ; ;12;1503,09434402241
3368151;1;4;1; ; ; ; ; ; ; ; ; ; ; ; ;12;1503,09434402241
3368151;1;5;1; ; ; ; ; ; ; ; ; ; ; ; ;12;1503,09434402241
3368151;1;6;1; ; ; ; ; ; ; ; ; ; ; ; ;12;1503,09434402241
3368152;1;1;1; ; ; ; ; ; ; ; ; ; ; ; ;12;516,808880243425
3368152;1;2;1; ; ; ; ; ; ; ; ; ; ; ; ;12;516,808880243425
3368153;1;1;1; ; ; ; ; ; ; ; ; ; ; ; ;12;979,219679701292
3368153;1;2;1; ; ; ; ; ; ; ; ; ; ; ; ;12;979,219679701292
3368153;1;3;1; ; ; ; ; ; ; ; ; ; ; ; ;12;979,219679701292
3368153;1;4;1; ; ; ; ; ; ; ; ; ; ; ; ;12;979,219679701292
3368153;1;5;1; ; ; ; ; ; ; ; ; ; ; ; ;12;979,219679701292
3368154;1;1;1; ; ; ; ; ; ; ; ; ; ; ; ;12;1083,01403844437
3368154;1;2;1; ; ; ; ; ; ; ; ; ; ; ; ;12;1083,01403844437
3368155;1;1;1; ; ; ; ; ; ; ; ; ; ; ; ;12;890,397151069926
3368155;1;2;1; ; ; ; ; ; ; ; ; ; ; ; ;12;890,397151069926
3368155;1;3;1; ; ; ; ; ; ; ; ; ; ; ; ;12;890,397151069926
3368155;1;4;1; ; ; ; ; ; ; ; ; ; ; ; ;12;890,397151069926
3368155;1;5;1; ; ; ; ; ; ; ; ; ; ; ; ;12;890,397151069926
3368156;1;1;1; ; ; ; ; ; ; ; ; ; ; ; ;12;397,339631758617
3368156;1;2;1; ; ; ; ; ; ; ; ; ; ; ; ;12;397,339631758617
3368156;1;3;1; ; ; ; ; ; ; ; ; ; ; ; ;12;397,339631758617
3368156;1;4;1; ; ; ; ; ; ; ; ; ; ; ; ;12;397,339631758617
3368156;1;5;1; ; ; ; ; ; ; ; ; ; ; ; ;12;397,339631758617
3368157;1;1;1; ; ; ; ; ; ; ; ; ; ; ; ;12;400,426081016476
3368157;1;2;1; ; ; ; ; ; ; ; ; ; ; ; ;12;400,426081016476
3368157;1;3;1; ; ; ; ; ; ; ; ; ; ; ; ;12;400,426081016476
3368157;1;4;1; ; ; ; ; ; ; ; ; ; ; ; ;12;400,426081016476
3368158;1;1;1; ; ; ; ; ; ; ; ; ; ; ; ;12;743,27351718129
3368159;1;1;1; ; ; ; ; ; ; ; ; ; ; ; ;12;3302,71586802057
3368159;1;2;2;2;15; ;3;15; ;1;3;15; ;1; ;12;3302,71586802057
3368159;1;3;2;1; ; ;3;11; ;1;3;11; ;1; ;12;3302,71586802057
3368160;1;1;1; ; ; ; ; ; ; ; ; ; ; ; ;12;452,814693423615
3368160;1;2;1; ; ; ; ; ; ; ; ; ; ; ; ;12;452,814693423615
3368161;1;1;1; ; ; ; ; ; ; ; ; ; ; ; ;12;1349,88891524803
3368161;1;2;1; ; ; ; ; ; ; ; ; ; ; ; ;12;1349,88891524803
3368161;1;3;1; ; ; ; ; ; ; ; ; ; ; ; ;12;1349,88891524803
3368161;1;4;1; ; ; ; ; ; ; ; ; ; ; ; ;12;1349,88891524803
3368161;1;5;1; ; ; ; ; ; ; ; ; ; ; ; ;12;1349,88891524803
3368161;1;6;2;2;25; ;3;25; ;1;2; ; ;2; ;12;1349,88891524803
3368161;1;7;1; ; ; ; ; ; ; ; ; ; ; ; ;12;1349,88891524803
3368162;1;1;1; ; ; ; ; ; ; ; ; ; ; ; ;12;516,808880243425
3368162;1;2;1; ; ; ; ; ; ; ; ; ; ; ; ;12;516,808880243425
3368163;1;1;1; ; ; ; ; ; ; ; ; ; ; ; ;12;485,369363245738
3368163;1;2;1; ; ; ; ; ; ; ; ; ; ; ; ;12;485,369363245738
3368164;1;1;2;2;73; ;3;25; ;1;2; ; ;2; ;12;773,704138172879
3368164;1;2;2;2;25; ;3;25; ;1;2; ; ;2; ;12;773,704138172879
3368164;1;3;2;2;73; ;3;25; ;1;2; ; ;2; ;12;773,704138172879
3368164;1;4;2;2;73; ;3;25; ;1;2; ; ;2; ;12;773,704138172879
3368165;1;1;2;2;17; ;3;17; ;2;2; ; ;2; ;12;1307,40652438625
3368165;1;2;2;2;73; ;3;17; ;1;2; ; ;2; ;12;1307,40652438625
3368165;1;3;2;2;17; ;3;17; ;1;2; ; ;2; ;12;1307,40652438625
3368165;1;4;2;2;11; ;1; ; ; ;2; ; ;2; ;12;1307,40652438625
3368166;1;1;1; ; ; ; ; ; ; ; ; ; ; ; ;12;431,83956807926
3368166;1;2;1; ; ; ; ; ; ; ; ; ; ; ; ;12;431,83956807926
3368166;1;3;1; ; ; ; ; ; ; ; ; ; ; ; ;12;431,83956807926
3368166;1;4;1; ; ; ; ; ; ; ; ; ; ; ; ;12;431,83956807926
3368166;1;5;1; ; ; ; ; ; ; ; ; ; ; ; ;12;431,83956807926
3368166;1;6;1; ; ; ; ; ; ; ; ; ; ; ; ;12;431,83956807926
3368167;1;1;1; ; ; ; ; ; ; ; ; ; ; ; ;12;820,800685070083
3368167;1;2;1; ; ; ; ; ; ; ; ; ; ; ; ;12;820,800685070083
3368168;1;1;1; ; ; ; ; ; ; ; ; ; ; ; ;12;516,808880243425
3368168;1;2;1; ; ; ; ; ; ; ; ; ; ; ; ;12;516,808880243425
3368169;1;1;1; ; ; ; ; ; ; ; ; ; ; ; ;12;743,27351718129
3368170;1;1;1; ; ; ; ; ; ; ; ; ; ; ; ;12;4698,96465180466
3368171;1;1;1; ; ; ; ; ; ; ; ; ; ; ; ;12;767,927299883818
3368171;1;2;1; ; ; ; ; ; ; ; ; ; ; ; ;12;767,927299883818
3368171;1;3;1; ; ; ; ; ; ; ; ; ; ; ; ;12;767,927299883818
3368172;1;1;1; ; ; ; ; ; ; ; ; ; ; ; ;12;1167,35280852797
3368172;1;2;1; ; ; ; ; ; ; ; ; ; ; ; ;12;1167,35280852797
3368172;1;3;1; ; ; ; ; ; ; ; ; ; ; ; ;12;1167,35280852797
3368173;1;1;1; ; ; ; ; ; ; ; ; ; ; ; ;12;1197,29865674044
3368173;1;2;1; ; ; ; ; ; ; ; ; ; ; ; ;12;1197,29865674044
3368173;1;3;1; ; ; ; ; ; ; ; ; ; ; ; ;12;1197,29865674044
3368173;1;4;1; ; ; ; ; ; ; ; ; ; ; ; ;12;1197,29865674044
3368173;1;5;1; ; ; ; ; ; ; ; ; ; ; ; ;12;1197,29865674044
3368174;1;1;2;2;15; ;3;11; ;1;2; ; ;2; ;12;715,028046797907
3368174;1;2;2;2;11; ;3;11; ;1;2; ; ;2; ;12;715,028046797907
3368175;1;1;1; ; ; ; ; ; ; ; ; ; ; ; ;12;594,336048132218
3368175;1;2;1; ; ; ; ; ; ; ; ; ; ; ; ;12;594,336048132218
3368175;1;3;1; ; ; ; ; ; ; ; ; ; ; ; ;12;594,336048132218
3368176;1;1;1; ; ; ; ; ; ; ; ; ; ; ; ;12;743,27351718129
3368177;1;1;1; ; ; ; ; ; ; ; ; ; ; ; ;12;568,214626579368
3368178;1;1;1; ; ; ; ; ; ; ; ; ; ; ; ;12;767,927299883818
3368178;1;2;1; ; ; ; ; ; ; ; ; ; ; ; ;12;767,927299883818
3368178;1;3;1; ; ; ; ; ; ; ; ; ; ; ; ;12;767,927299883818
3368179;1;1;1; ; ; ; ; ; ; ; ; ; ; ; ;12;691,867770845347
3368179;1;2;1; ; ; ; ; ; ; ; ; ; ; ; ;12;691,867770845347
3368180;1;1;1; ; ; ; ; ; ; ; ; ; ; ; ;12;891,380017141122
3368180;1;2;1; ; ; ; ; ; ; ; ; ; ; ; ;12;891,380017141122
3368180;1;3;1; ; ; ; ; ; ; ; ; ; ; ; ;12;891,380017141122
3368180;1;4;1; ; ; ; ; ; ; ; ; ; ; ; ;12;891,380017141122
3368181;1;1;1; ; ; ; ; ; ; ; ; ; ; ; ;12;4197,93517484471
3368181;1;2;1; ; ; ; ; ; ; ; ; ; ; ; ;12;4197,93517484471
3368181;1;3;1; ; ; ; ; ; ; ; ; ; ; ; ;12;4197,93517484471
3368181;1;4;1; ; ; ; ; ; ; ; ; ; ; ; ;12;4197,93517484471
3368181;1;5;1; ; ; ; ; ; ; ; ; ; ; ; ;12;4197,93517484471
3368182;1;1;2;2;15; ;2; ; ;1;2; ; ;1; ;12;4517,97833978053
3368182;1;2;2;2;15; ;2; ; ;1;2; ; ;1; ;12;4517,97833978053
3368182;1;3;2;2;15; ;2; ; ;1;2; ; ;1; ;12;4517,97833978053
3368183;1;1;1; ; ; ; ; ; ; ; ; ; ; ; ;12;5133,41570166263
3368183;1;2;2;2;11; ;2; ; ;1;2; ; ;1; ;12;5133,41570166263
3368183;1;3;1; ; ; ; ; ; ; ; ; ; ; ; ;12;5133,41570166263
3368183;1;4;1; ; ; ; ; ; ; ; ; ; ; ; ;12;5133,41570166263
3368183;1;5;1; ; ; ; ; ; ; ; ; ; ; ; ;12;5133,41570166263
3368184;1;1;1; ; ; ; ; ; ; ; ; ; ; ; ;12;4698,96465180466
3368185;1;1;1; ; ; ; ; ; ; ; ; ; ; ; ;12;4312,14227787969
3368186;1;1;1; ; ; ; ; ; ; ; ; ; ; ; ;12;1078,53027989661
3368186;1;2;1; ; ; ; ; ; ; ; ; ; ; ; ;12;1078,53027989661
3368186;1;3;1; ; ; ; ; ; ; ; ; ; ; ; ;12;1078,53027989661
3368187;1;1;1; ; ; ; ; ; ; ; ; ; ; ; ;12;1589,35852703447
3368187;1;2;1; ; ; ; ; ; ; ; ; ; ; ; ;12;1589,35852703447
3368187;1;3;1; ; ; ; ; ; ; ; ; ; ; ; ;12;1589,35852703447
3368187;1;4;1; ; ; ; ; ; ; ; ; ; ; ; ;12;1589,35852703447
3368187;1;5;1; ; ; ; ; ; ; ; ; ; ; ; ;12;1589,35852703447
3368188;1;1;1; ; ; ; ; ; ; ; ; ; ; ; ;12;1288,35502086376
3368188;1;2;1; ; ; ; ; ; ; ; ; ; ; ; ;12;1288,35502086376
3368188;1;3;1; ; ; ; ; ; ; ; ; ; ; ; ;12;1288,35502086376
3368188;1;4;1; ; ; ; ; ; ; ; ; ; ; ; ;12;1288,35502086376
3368188;1;5;1; ; ; ; ; ; ; ; ; ; ; ; ;12;1288,35502086376
3368189;1;1;1; ; ; ; ; ; ; ; ; ; ; ; ;12;4154,14437344249
3368189;1;2;1; ; ; ; ; ; ; ; ; ; ; ; ;12;4154,14437344249
3368189;1;3;1; ; ; ; ; ; ; ; ; ; ; ; ;12;4154,14437344249
3368189;1;4;1; ; ; ; ; ; ; ; ; ; ; ; ;12;4154,14437344249
3368189;1;5;1; ; ; ; ; ; ; ; ; ; ; ; ;12;4154,14437344249
3368190;1;1;1; ; ; ; ; ; ; ; ; ; ; ; ;12;1167,66302219807
3368190;1;2;2;1; ; ;2; ; ;2;2; ; ;2; ;12;1167,66302219807
3368190;1;3;2;2;11; ;2; ; ;2;2; ; ;2; ;12;1167,66302219807
3368190;1;4;1; ; ; ; ; ; ; ; ; ; ; ; ;12;1167,66302219807
3368190;1;5;1; ; ; ; ; ; ; ; ; ; ; ; ;12;1167,66302219807
3368190;1;6;1; ; ; ; ; ; ; ; ; ; ; ; ;12;1167,66302219807
3368191;1;1;1; ; ; ; ; ; ; ; ; ; ; ; ;12;549,363550065548
3368191;1;2;1; ; ; ; ; ; ; ; ; ; ; ; ;12;549,363550065548
3368192;1;1;1; ; ; ; ; ; ; ; ; ; ; ; ;12;1505,97801493136
3368192;1;2;1; ; ; ; ; ; ; ; ; ; ; ; ;12;1505,97801493136
3368192;1;3;1; ; ; ; ; ; ; ; ; ; ; ; ;12;1505,97801493136
3368192;1;4;1; ; ; ; ; ; ; ; ; ; ; ; ;12;1505,97801493136
3368192;1;5;1; ; ; ; ; ; ; ; ; ; ; ; ;12;1505,97801493136
3368192;1;6;1; ; ; ; ; ; ; ; ; ; ; ; ;12;1505,97801493136
3368192;1;7;1; ; ; ; ; ; ; ; ; ; ; ; ;12;1505,97801493136
3368192;1;8;1; ; ; ; ; ; ; ; ; ; ; ; ;12;1505,97801493136
3368193;1;1;1; ; ; ; ; ; ; ; ; ; ; ; ;12;659,623314693321
3368193;1;2;1; ; ; ; ; ; ; ; ; ; ; ; ;12;659,623314693321
3368193;1;3;1; ; ; ; ; ; ; ; ; ; ; ; ;12;659,623314693321
3368193;1;4;1; ; ; ; ; ; ; ; ; ; ; ; ;12;659,623314693321
3368193;1;5;1; ; ; ; ; ; ; ; ; ; ; ; ;12;659,623314693321
3368194;1;1;1; ; ; ; ; ; ; ; ; ; ; ; ;12;726,607591275675
3368194;1;2;2;2;15; ;3;15; ;2;2; ; ;2; ;12;726,607591275675
3368194;1;3;1; ; ; ; ; ; ; ; ; ; ; ; ;12;726,607591275675
3368194;1;4;1; ; ; ; ; ; ; ; ; ; ; ; ;12;726,607591275675
3368194;1;5;1; ; ; ; ; ; ; ; ; ; ; ; ;12;726,607591275675
3368194;1;6;1; ; ; ; ; ; ; ; ; ; ; ; ;12;726,607591275675
3368195;1;1;1; ; ; ; ; ; ; ; ; ; ; ; ;12;1255,94888021576
3368195;1;2;1; ; ; ; ; ; ; ; ; ; ; ; ;12;1255,94888021576
3368195;1;3;1; ; ; ; ; ; ; ; ; ; ; ; ;12;1255,94888021576
3368195;1;4;1; ; ; ; ; ; ; ; ; ; ; ; ;12;1255,94888021576
3368195;1;5;1; ; ; ; ; ; ; ; ; ; ; ; ;12;1255,94888021576
3368196;1;1;2;1; ; ;2; ; ;2;2; ; ;2; ;12;1486,1182044467
3368196;1;2;2;2;15; ;2; ; ;2;2; ; ;2; ;12;1486,1182044467
3368196;1;3;2;2;15; ;2; ; ;2;2; ; ;2; ;12;1486,1182044467
3368196;1;4;2;2;15; ;2; ; ;2;2; ; ;2; ;12;1486,1182044467
3368196;1;5;2;2;15; ;2; ; ;2;2; ; ;2; ;12;1486,1182044467
3368196;1;6;2;2;15; ;2; ; ;2;2; ; ;2; ;12;1486,1182044467
3368196;1;7;2;2;15; ;2; ; ;2;2; ; ;2; ;12;1486,1182044467
3368196;1;8;1; ; ; ; ; ; ; ; ; ; ; ; ;12;1486,1182044467
3368197;1;1;1; ; ; ; ; ; ; ; ; ; ; ; ;12;3656,0101948787
3368197;1;2;1; ; ; ; ; ; ; ; ; ; ; ; ;12;3656,0101948787
3368197;1;3;1; ; ; ; ; ; ; ; ; ; ; ; ;12;3656,0101948787
3368198;1;1;2;2;15; ;2; ; ;2;2; ; ;2; ;12;485,369363245738
3368198;1;2;1; ; ; ; ; ; ; ; ; ; ; ; ;12;485,369363245738
3368199;1;1;1; ; ; ; ; ; ; ; ; ; ; ; ;12;743,27351718129
3368200;1;1;1; ; ; ; ; ; ; ; ; ; ; ; ;12;4102,82761971814
3368200;1;2;1; ; ; ; ; ; ; ; ; ; ; ; ;12;4102,82761971814
3368201;1;1;1; ; ; ; ; ; ; ; ; ; ; ; ;12;843,300604172722
3368201;1;2;2;2;73; ;2; ; ;2;2; ; ;2; ;12;843,300604172722
3368201;1;3;2;2;11; ;2; ; ;2;2; ; ;2; ;12;843,300604172722
3368201;1;4;2;2;11; ;2; ; ;2;2; ; ;2; ;12;843,300604172722
3368201;1;5;1; ; ; ; ; ; ; ; ; ; ; ; ;12;843,300604172722
3368201;1;6;1; ; ; ; ; ; ; ; ; ; ; ; ;12;843,300604172722
3368201;1;7;1; ; ; ; ; ; ; ; ; ; ; ; ;12;843,300604172722
3368202;1;1;1; ; ; ; ; ; ; ; ; ; ; ; ;12;485,369363245738
3368202;1;2;1; ; ; ; ; ; ; ; ; ; ; ; ;12;485,369363245738
3368203;1;1;1; ; ; ; ; ; ; ; ; ; ; ; ;12;549,363550065548
3368203;1;2;1; ; ; ; ; ; ; ; ; ; ; ; ;12;549,363550065548
3368204;1;1;1; ; ; ; ; ; ; ; ; ; ; ; ;12;452,814693423615
3368204;1;2;1; ; ; ; ; ; ; ; ; ; ; ; ;12;452,814693423615
3368205;1;1;1; ; ; ; ; ; ; ; ; ; ; ; ;12;397,339631758617
3368205;1;2;1; ; ; ; ; ; ; ; ; ; ; ; ;12;397,339631758617
3368205;1;3;1; ; ; ; ; ; ; ; ; ; ; ; ;12;397,339631758617
3368206;1;1;1; ; ; ; ; ; ; ; ; ; ; ; ;12;679,279330361481
3368207;1;1;2;1; ; ;2; ; ;2;2; ; ;2; ;12;542,930301796274
3368207;1;2;2;2;15; ;2; ; ;2;2; ; ;2; ;12;542,930301796274
3368207;1;3;1; ; ; ; ; ; ; ; ; ; ; ; ;12;542,930301796274
3368207;1;4;2;2;15; ;3;15; ;1;2; ; ;2; ;12;542,930301796274
3368208;1;1;2;2;15; ;2; ; ;2;2; ; ;2; ;12;743,27351718129
3368209;1;1;1; ; ; ; ; ; ; ; ; ; ; ; ;12;632,182783464277
3368209;1;2;1; ; ; ; ; ; ; ; ; ; ; ; ;12;632,182783464277
3368209;1;3;1; ; ; ; ; ; ; ; ; ; ; ; ;12;632,182783464277
3368210;1;1;2;2;11; ;2; ; ;2;2; ; ;2; ;12;773,704138172879
3368210;1;2;2;2;15; ;2; ; ;2;2; ; ;2; ;12;773,704138172879
3368210;1;3;2;3; ;1;2; ; ;2;2; ; ;2; ;12;773,704138172879
3368210;1;4;2;3; ;1;2; ; ;2;2; ; ;2; ;12;773,704138172879
3368211;1;1;1; ; ; ; ; ; ; ; ; ; ; ; ;12;4019,51543796038
3368211;1;2;1; ; ; ; ; ; ; ; ; ; ; ; ;12;4019,51543796038
3368211;1;3;1; ; ; ; ; ; ; ; ; ; ; ; ;12;4019,51543796038
3368211;1;4;1; ; ; ; ; ; ; ; ; ; ; ; ;12;4019,51543796038
3368211;1;5;1; ; ; ; ; ; ; ; ; ; ; ; ;12;4019,51543796038
3368213;1;1;2;2;50; ;3;15; ;1;3;15; ;1; ;12;4698,96465180466
3368214;1;1;1; ; ; ; ; ; ; ; ; ; ; ; ;12;3662,12191692903
3368215;1;1;1; ; ; ; ; ; ; ; ; ; ; ; ;12;4713,45688335151
3368215;1;2;1; ; ; ; ; ; ; ; ; ; ; ; ;12;4713,45688335151
3368215;1;3;1; ; ; ; ; ; ; ; ; ; ; ; ;12;4713,45688335151
3368216;1;1;1; ; ; ; ; ; ; ; ; ; ; ; ;12;1256,00077805031
3368216;1;2;1; ; ; ; ; ; ; ; ; ; ; ; ;12;1256,00077805031
3368216;1;3;1; ; ; ; ; ; ; ; ; ; ; ; ;12;1256,00077805031
3368216;1;4;1; ; ; ; ; ; ; ; ; ; ; ; ;12;1256,00077805031
3368216;1;5;1; ; ; ; ; ; ; ; ; ; ; ; ;12;1256,00077805031
3368217;1;1;1; ; ; ; ; ; ; ; ; ; ; ; ;12;516,808880243425
3368217;1;2;1; ; ; ; ; ; ; ; ; ; ; ; ;12;516,808880243425
3368218;1;1;2;2;15; ;3;15; ;1;3;15; ;2; ;12;883,812005818697
3368218;1;2;1; ; ; ; ; ; ; ; ; ; ; ; ;12;883,812005818697
3368218;1;3;1; ; ; ; ; ; ; ; ; ; ; ; ;12;883,812005818697
3368219;1;1;2;2;52; ;2; ; ;1;2; ; ;1; ;12;235,371348859643
3368219;1;2;1; ; ; ; ; ; ; ; ; ; ; ; ;12;235,371348859643
3368219;1;3;1; ; ; ; ; ; ; ; ; ; ; ; ;12;235,371348859643
3368219;1;4;1; ; ; ; ; ; ; ; ; ; ; ; ;12;235,371348859643
3368219;1;5;1; ; ; ; ; ; ; ; ; ; ; ; ;12;235,371348859643
3368220;1;1;2;2;52; ;2; ; ;1;2; ; ;1; ;12;205,406172149998
3368220;1;2;2;2;52; ;2; ; ;1;2; ; ;1; ;12;205,406172149998
3368221;1;1;1; ; ; ; ; ; ; ; ; ; ; ; ;12;207,550426662976
3368221;1;2;1; ; ; ; ; ; ; ; ; ; ; ; ;12;207,550426662976
3368221;1;3;1; ; ; ; ; ; ; ; ; ; ; ; ;12;207,550426662976
3368221;1;4;1; ; ; ; ; ; ; ; ; ; ; ; ;12;207,550426662976
3368221;1;5;1; ; ; ; ; ; ; ; ; ; ; ; ;12;207,550426662976
3368222;1;1;1; ; ; ; ; ; ; ; ; ; ; ; ;12;215,755574925586
3368222;1;2;2;1; ; ;2; ; ;1;2; ; ;1; ;12;215,755574925586
3368222;1;3;1; ; ; ; ; ; ; ; ; ; ; ; ;12;215,755574925586
3368223;1;1;2;2;52; ;2; ; ;1;2; ; ;1; ;12;234,397216210355
3368223;1;2;2;2;52; ;2; ; ;1;2; ; ;1; ;12;234,397216210355
3368223;1;3;1; ; ; ; ; ; ; ; ; ; ; ; ;12;234,397216210355
3368224;1;1;1; ; ; ; ; ; ; ; ; ; ; ; ;12;226,006817936496
3368224;1;2;1; ; ; ; ; ; ; ; ; ; ; ; ;12;226,006817936496
3368225;1;1;2;2;52; ;2; ; ;1;2; ; ;1; ;12;119,45515186382
3368225;1;2;1; ; ; ; ; ; ; ; ; ; ; ; ;12;119,45515186382
3368225;1;3;1; ; ; ; ; ; ; ; ; ; ; ; ;12;119,45515186382
3368225;1;4;1; ; ; ; ; ; ; ; ; ; ; ; ;12;119,45515186382
3368225;1;5;2;2;52; ;2; ; ;1;2; ; ;1; ;12;119,45515186382
3368226;1;1;2;2;52; ;2; ; ;1;2; ; ;1; ;12;205,406172149998
3368226;1;2;2;2;52; ;2; ; ;1;2; ; ;1; ;12;205,406172149998
3368227;1;1;2;2;86; ;3;86; ;1;2; ; ;1; ;12;224,341704679702
3368227;1;2;2;2;41; ;3;41; ;2;2; ; ;1; ;12;224,341704679702
3368227;1;3;2;2;41; ;1; ; ; ;1; ; ; ; ;12;224,341704679702
3368227;1;4;2;2;86; ;3;86; ;1;2; ; ;1; ;12;224,341704679702
3368227;1;5;2;2;86; ;3;86; ;1;2; ; ;1; ;12;224,341704679702
3368228;1;1;2;2;52; ;3;52; ;2;2; ; ;1; ;12;219,547722791633
3368228;1;2;2;2;52; ;3;52; ;2;2; ; ;1; ;12;219,547722791633
3368228;1;3;2;1; ; ;3;52; ;2;2; ; ;1; ;12;219,547722791633
3368228;1;4;1; ; ; ; ; ; ; ; ; ; ; ; ;12;219,547722791633
3368228;1;5;2;2;52; ;3;52; ;1;2; ; ;1; ;12;219,547722791633
3368229;1;1;2;3; ;4;2; ; ;1;2; ; ;1; ;12;156,564552862351
3368229;1;2;1; ; ; ; ; ; ; ; ; ; ; ; ;12;156,564552862351
3368230;1;1;1; ; ; ; ; ; ; ; ; ; ; ; ;12;172,510145378068
3368230;1;2;1; ; ; ; ; ; ; ; ; ; ; ; ;12;172,510145378068
3368230;1;3;1; ; ; ; ; ; ; ; ; ; ; ; ;12;172,510145378068
3368230;1;4;1; ; ; ; ; ; ; ; ; ; ; ; ;12;172,510145378068
3368230;1;5;1; ; ; ; ; ; ; ; ; ; ; ; ;12;172,510145378068
3368231;1;1;2;2;52; ;2; ; ;1;2; ; ;1; ;12;205,406172149998
3368231;1;2;1; ; ; ; ; ; ; ; ; ; ; ; ;12;205,406172149998
3368232;1;1;2;2;73; ;3;19; ;1;2; ; ;1; ;12;141,1130103445
3368232;1;2;2;1; ; ;3;19; ;1;2; ; ;1; ;12;141,1130103445
3368232;1;3;2;2;73; ;3;19; ;1;2; ; ;1; ;12;141,1130103445
3368233;1;1;1; ; ; ; ; ; ; ; ; ; ; ; ;12;156,564552862351
3368233;1;2;1; ; ; ; ; ; ; ; ; ; ; ; ;12;156,564552862351
3368234;1;1;1; ; ; ; ; ; ; ; ; ; ; ; ;12;170,619312179549
3368234;1;2;1; ; ; ; ; ; ; ; ; ; ; ; ;12;170,619312179549
3368234;1;3;1; ; ; ; ; ; ; ; ; ; ; ; ;12;170,619312179549
3368235;1;1;2;2;52; ;2; ; ;1;2; ; ;1; ;12;183,850013735438
3368235;1;2;1; ; ; ; ; ; ; ; ; ; ; ; ;12;183,850013735438
3368235;1;3;1; ; ; ; ; ; ; ; ; ; ; ; ;12;183,850013735438
3368235;1;4;1; ; ; ; ; ; ; ; ; ; ; ; ;12;183,850013735438
3368236;1;1;1; ; ; ; ; ; ; ; ; ; ; ; ;12;191,660212819417
3368236;1;2;1; ; ; ; ; ; ; ; ; ; ; ; ;12;191,660212819417
3368237;1;1;1; ; ; ; ; ; ; ; ; ; ; ; ;12;242,207415294335
3368238;1;1;2;2;52; ;2; ; ;1;2; ; ;1; ;12;170,605045570291
3368238;1;2;1; ; ; ; ; ; ; ; ; ; ; ; ;12;170,605045570291
3368238;1;3;1; ; ; ; ; ; ; ; ; ; ; ; ;12;170,605045570291
3368238;1;4;1; ; ; ; ; ; ; ; ; ; ; ; ;12;170,605045570291
3368238;1;5;1; ; ; ; ; ; ; ; ; ; ; ; ;12;170,605045570291
3368238;1;6;1; ; ; ; ; ; ; ; ; ; ; ; ;12;170,605045570291
3368238;1;7;1; ; ; ; ; ; ; ; ; ; ; ; ;12;170,605045570291
3368238;1;8;1; ; ; ; ; ; ; ; ; ; ; ; ;12;170,605045570291
3368239;1;1;2;2;52; ;2; ; ;1;2; ; ;1; ;12;194,112625186589
3368239;1;2;1; ; ; ; ; ; ; ; ; ; ; ; ;12;194,112625186589
3368239;1;3;1; ; ; ; ; ; ; ; ; ; ; ; ;12;194,112625186589
3368240;1;1;2;1; ; ;2; ; ;1;2; ; ;1; ;12;200,612190261929
3368240;1;2;2;1; ; ;2; ; ;1;2; ; ;1; ;12;200,612190261929
3368241;1;1;2;2;52; ;2; ; ;1;2; ; ;1; ;12;162,687788780286
3368241;1;2;1; ; ; ; ; ; ; ; ; ; ; ; ;12;162,687788780286
3368241;1;3;1; ; ; ; ; ; ; ; ; ; ; ; ;12;162,687788780286
3368241;1;4;2;1; ; ;2; ; ;1;2; ; ;1; ;12;162,687788780286
3368241;1;5;1; ; ; ; ; ; ; ; ; ; ; ; ;12;162,687788780286
3368243;1;1;1; ; ; ; ; ; ; ; ; ; ; ; ;12;193,551046017936
3368243;1;2;1; ; ; ; ; ; ; ; ; ; ; ; ;12;193,551046017936
3368243;1;3;1; ; ; ; ; ; ; ; ; ; ; ; ;12;193,551046017936
3368243;1;4;1; ; ; ; ; ; ; ; ; ; ; ; ;12;193,551046017936
3368244;1;1;1; ; ; ; ; ; ; ; ; ; ; ; ;12;202,739224871181
3368244;1;2;2;2;86; ;2; ; ;1;2; ; ;1; ;12;202,739224871181
3368244;1;3;1; ; ; ; ; ; ; ; ; ; ; ; ;12;202,739224871181
3368244;1;4;1; ; ; ; ; ; ; ; ; ; ; ; ;12;202,739224871181
3368244;1;5;1; ; ; ; ; ; ; ; ; ; ; ; ;12;202,739224871181
3368244;1;6;1; ; ; ; ; ; ; ; ; ; ; ; ;12;202,739224871181
3368244;1;7;1; ; ; ; ; ; ; ; ; ; ; ; ;12;202,739224871181
3368245;1;1;1; ; ; ; ; ; ; ; ; ; ; ; ;12;170,619312179549
3368245;1;2;1; ; ; ; ; ; ; ; ; ; ; ; ;12;170,619312179549
3368245;1;3;1; ; ; ; ; ; ; ; ; ; ; ; ;12;170,619312179549
3368246;1;1;2;2;68; ;2; ; ;1;2; ; ;1; ;12;207,111755337268
3368247;1;1;1; ; ; ; ; ; ; ; ; ; ; ; ;12;213,796570423857
3368247;1;2;1; ; ; ; ; ; ; ; ; ; ; ; ;12;213,796570423857
3368247;1;3;1; ; ; ; ; ; ; ; ; ; ; ; ;12;213,796570423857
3368248;1;1;1; ; ; ; ; ; ; ; ; ; ; ; ;12;183,803692341477
3368248;1;2;1; ; ; ; ; ; ; ; ; ; ; ; ;12;183,803692341477
3368248;1;3;1; ; ; ; ; ; ; ; ; ; ; ; ;12;183,803692341477
3368248;1;4;1; ; ; ; ; ; ; ; ; ; ; ; ;12;183,803692341477
3368249;1;1;2;2;52; ;2; ; ;1;2; ; ;1; ;12;178,661082668738
3368249;1;2;2;2;52; ;2; ; ;1;2; ; ;1; ;12;178,661082668738
3368249;1;3;1; ; ; ; ; ; ; ; ; ; ; ; ;12;178,661082668738
3368249;1;4;1; ; ; ; ; ; ; ; ; ; ; ; ;12;178,661082668738
3368250;1;1;1; ; ; ; ; ; ; ; ; ; ; ; ;12;215,755574925586
3368250;1;2;1; ; ; ; ; ; ; ; ; ; ; ; ;12;215,755574925586
3368250;1;3;1; ; ; ; ; ; ; ; ; ; ; ; ;12;215,755574925586
3368251;1;1;2;2;52; ;2; ; ;1;2; ; ;1; ;12;249,540600874013
3368251;1;2;2;2;52; ;2; ; ;1;2; ; ;1; ;12;249,540600874013
3368251;1;3;2;1; ; ;2; ; ;1;2; ; ;1; ;12;249,540600874013
3368251;1;4;1; ; ; ; ; ; ; ; ; ; ; ; ;12;249,540600874013
3368252;1;1;2;2;52; ;3;86; ;1;3;52; ;1; ;12;207,111755337268
3368253;1;1;2;2;52; ;2; ; ;1;2; ; ;1; ;12;207,405646582204
3368253;1;2;2;2;52; ;2; ; ;1;2; ; ;1; ;12;207,405646582204
3368253;1;3;1; ; ; ; ; ; ; ; ; ; ; ; ;12;207,405646582204
3368253;1;4;1; ; ; ; ; ; ; ; ; ; ; ; ;12;207,405646582204
3368254;1;1;2;2;52; ;3;76; ;1;2; ; ;1; ;12;228,939955087514
3368254;1;2;2;2;47; ;3;76; ;1;2; ; ;1; ;12;228,939955087514
3368254;1;3;2;1; ; ;3;76; ;1;2; ; ;1; ;12;228,939955087514
3368254;1;4;2;2;68; ;3;76; ;1;2; ; ;1; ;12;228,939955087514
3368255;1;1;2;2;52; ;2; ; ;1;2; ; ;1; ;12;165,644732614333
3368255;1;2;1; ; ; ; ; ; ; ; ; ; ; ; ;12;165,644732614333
3368255;1;3;2;2;52; ;2; ; ;1;2; ; ;1; ;12;165,644732614333
3368255;1;4;1; ; ; ; ; ; ; ; ; ; ; ; ;12;165,644732614333
3368255;1;5;1; ; ; ; ; ; ; ; ; ; ; ; ;12;165,644732614333
3368255;1;6;2;2;52; ;3;52; ;1;2; ; ;1; ;12;165,644732614333
3368255;1;7;2;2;52; ;3;52; ;1;2; ; ;1; ;12;165,644732614333
3368255;1;8;2;2;52; ;3;52; ;1;2; ; ;1; ;12;165,644732614333
3368257;1;1;1; ; ; ; ; ; ; ; ; ; ; ; ;12;185,160647744077
3368257;1;2;2;2;52; ;2; ; ;1;2; ; ;1; ;12;185,160647744077
3368257;1;3;1; ; ; ; ; ; ; ; ; ; ; ; ;12;185,160647744077
3368258;1;1;1; ; ; ; ; ; ; ; ; ; ; ; ;12;249,540600874013
3368258;1;2;1; ; ; ; ; ; ; ; ; ; ; ; ;12;249,540600874013
3368258;1;3;1; ; ; ; ; ; ; ; ; ; ; ; ;12;249,540600874013
3368258;1;4;1; ; ; ; ; ; ; ; ; ; ; ; ;12;249,540600874013
3368259;1;1;1; ; ; ; ; ; ; ; ; ; ; ; ;12;218,899352298543
3368259;1;2;2;1; ; ;2; ; ;1;2; ; ;1; ;12;218,899352298543
3368259;1;3;1; ; ; ; ; ; ; ; ; ; ; ; ;12;218,899352298543
3368259;1;4;1; ; ; ; ; ; ; ; ; ; ; ; ;12;218,899352298543
3368260;1;1;1; ; ; ; ; ; ; ; ; ; ; ; ;12;156,564552862351
3368260;1;2;1; ; ; ; ; ; ; ; ; ; ; ; ;12;156,564552862351
3368261;1;1;2;2;52; ;2; ; ;1;2; ; ;1; ;12;200,304032407735
3368261;1;2;2;2;52; ;2; ; ;1;2; ; ;1; ;12;200,304032407735
3368261;1;3;1; ; ; ; ; ; ; ; ; ; ; ; ;12;200,304032407735
3368261;1;4;1; ; ; ; ; ; ; ; ; ; ; ; ;12;200,304032407735
3368263;1;1;1; ; ; ; ; ; ; ; ; ; ; ; ;12;146,418930839125
3368263;1;2;2;2;19; ;2; ; ;1;2; ; ;1; ;12;146,418930839125
3368263;1;3;1; ; ; ; ; ; ; ; ; ; ; ; ;12;146,418930839125
3368263;1;4;2;2;18; ;2; ; ;1;2; ; ;1; ;12;146,418930839125
3368263;1;5;1; ; ; ; ; ; ; ; ; ; ; ; ;12;146,418930839125
3368263;1;6;1; ; ; ; ; ; ; ; ; ; ; ; ;12;146,418930839125
3368263;1;7;1; ; ; ; ; ; ; ; ; ; ; ; ;12;146,418930839125
3368264;1;1;1; ; ; ; ; ; ; ; ; ; ; ; ;12;247,158803948851
3368264;1;2;1; ; ; ; ; ; ; ; ; ; ; ; ;12;247,158803948851
3368265;1;1;2;2;73; ;2; ; ;1;2; ; ;1; ;12;231,004215880269
3368265;1;2;1; ; ; ; ; ; ; ; ; ; ; ; ;12;231,004215880269
3368265;1;3;1; ; ; ; ; ; ; ; ; ; ; ; ;12;231,004215880269
3368265;1;4;1; ; ; ; ; ; ; ; ; ; ; ; ;12;231,004215880269
3368265;1;5;1; ; ; ; ; ; ; ; ; ; ; ; ;12;231,004215880269
3368266;1;1;2;2;25; ;2; ; ;1;2; ; ;1; ;12;196,614223152917
3368267;1;1;1; ; ; ; ; ; ; ; ; ; ; ; ;12;200,937070295275
3368267;1;2;1; ; ; ; ; ; ; ; ; ; ; ; ;12;200,937070295275
3368268;1;1;1; ; ; ; ; ; ; ; ; ; ; ; ;12;187,046101980412
3368268;1;2;1; ; ; ; ; ; ; ; ; ; ; ; ;12;187,046101980412
3368268;1;3;1; ; ; ; ; ; ; ; ; ; ; ; ;12;187,046101980412
3368268;1;4;1; ; ; ; ; ; ; ; ; ; ; ; ;12;187,046101980412
3368268;1;5;1; ; ; ; ; ; ; ; ; ; ; ; ;12;187,046101980412
3368268;1;6;1; ; ; ; ; ; ; ; ; ; ; ; ;12;187,046101980412
3368268;1;7;1; ; ; ; ; ; ; ; ; ; ; ; ;12;187,046101980412
3368269;1;1;1; ; ; ; ; ; ; ; ; ; ; ; ;12;212,904100871758
3368269;1;2;1; ; ; ; ; ; ; ; ; ; ; ; ;12;212,904100871758
3368269;1;3;2;2;85; ;2; ; ;1;2; ; ;1; ;12;212,904100871758
3368269;1;4;1; ; ; ; ; ; ; ; ; ; ; ; ;12;212,904100871758
3368269;1;5;1; ; ; ; ; ; ; ; ; ; ; ; ;12;212,904100871758
3368270;1;1;2;1; ; ;3;25; ;1;3;25; ;1; ;12;244,113756012173
3368270;1;2;2;2;25; ;3;25; ;1;3;25; ;1; ;12;244,113756012173
3368270;1;3;2;2;25; ;3;25; ;1;3;25; ;1; ;12;244,113756012173
3368270;1;4;2;2;25; ;3;25; ;1;3;25; ;1; ;12;244,113756012173
3368270;1;5;2;2;25; ;3;25; ;1;3;25; ;1; ;12;244,113756012173
3368275;1;1;2;2;68; ;2; ; ;1;2; ; ;1; ;12;201,5539420346
3368275;1;2;1; ; ; ; ; ; ; ; ; ; ; ; ;12;201,5539420346
3368275;1;3;1; ; ; ; ; ; ; ; ; ; ; ; ;12;201,5539420346
3368275;1;4;1; ; ; ; ; ; ; ; ; ; ; ; ;12;201,5539420346
3368275;1;5;1; ; ; ; ; ; ; ; ; ; ; ; ;12;201,5539420346
3368275;1;6;1; ; ; ; ; ; ; ; ; ; ; ; ;12;201,5539420346
3368276;1;1;1; ; ; ; ; ; ; ; ; ; ; ; ;12;154,302605760858
3368276;1;2;1; ; ; ; ; ; ; ; ; ; ; ; ;12;154,302605760858
3368276;1;3;1; ; ; ; ; ; ; ; ; ; ; ; ;12;154,302605760858
3368276;1;4;1; ; ; ; ; ; ; ; ; ; ; ; ;12;154,302605760858
3368277;1;1;2;2;76; ;2; ; ;1;2; ; ;1; ;12;182,614452673428
3368278;1;1;2;2;91; ;2; ; ;1;2; ; ;1; ;12;60,8039397424541
3368278;1;2;2;2;73; ;2; ; ;1;2; ; ;1; ;12;60,8039397424541
3368279;1;1;1; ; ; ; ; ; ; ; ; ; ; ; ;12;77,1653349295141
3368279;1;2;1; ; ; ; ; ; ; ; ; ; ; ; ;12;77,1653349295141
3368279;1;3;1; ; ; ; ; ; ; ; ; ; ; ; ;12;77,1653349295141
3368279;1;4;2;2;41; ;1; ; ; ;2; ; ;1; ;12;77,1653349295141
3368279;1;5;2;2;41; ;1; ; ; ;2; ; ;1; ;12;77,1653349295141
3368280;1;1;2;2;18; ;2; ; ;1;2; ; ;1; ;12;189,534095912664
3368280;1;2;2;1; ; ;2; ; ;1;2; ; ;1; ;12;189,534095912664
3368280;1;3;1; ; ; ; ; ; ; ; ; ; ; ; ;12;189,534095912664
3368281;1;1;2;2;41; ;2; ; ;1;2; ; ;1; ;12;96,37422579836
3368281;1;2;2;2;41; ;2; ; ;1;2; ; ;1; ;12;96,37422579836
3368281;1;3;2;2;41; ;2; ; ;1;2; ; ;1; ;12;96,37422579836
3368281;1;4;2;2;41; ;2; ; ;1;2; ; ;1; ;12;96,37422579836
3368281;1;5;2;2;41; ;2; ; ;1;2; ; ;1; ;12;96,37422579836
3368282;1;1;2;2;41; ;2; ; ;1;2; ; ;1; ;12;143,899215426358
3368282;1;2;1; ; ; ; ; ; ; ; ; ; ; ; ;12;143,899215426358
3368282;1;3;1; ; ; ; ; ; ; ; ; ; ; ; ;12;143,899215426358
3368282;1;4;1; ; ; ; ; ; ; ; ; ; ; ; ;12;143,899215426358
3368282;1;5;1; ; ; ; ; ; ; ; ; ; ; ; ;12;143,899215426358
3368282;1;6;1; ; ; ; ; ; ; ; ; ; ; ; ;12;143,899215426358
3368283;1;1;2;2;68; ;3;13; ;1;2; ; ;1; ;12;168,501942884745
3368283;1;2;2;1; ; ;3;13; ;1;2; ; ;1; ;12;168,501942884745
3368283;1;3;2;2;13; ;1; ; ; ;2; ; ;1; ;12;168,501942884745
3368284;1;1;2;2;44; ;2; ; ;1;2; ; ;1; ;12;119,890606973225
3368284;1;2;1; ; ; ; ; ; ; ; ; ; ; ; ;12;119,890606973225
3368284;1;3;1; ; ; ; ; ; ; ; ; ; ; ; ;12;119,890606973225
3368284;1;4;1; ; ; ; ; ; ; ; ; ; ; ; ;12;119,890606973225
3368285;1;1;2;2;08; ;2; ; ;1;2; ; ;1; ;12;197,85419018491
3368285;1;2;1; ; ; ; ; ; ; ; ; ; ; ; ;12;197,85419018491
3368285;1;3;1; ; ; ; ; ; ; ; ; ; ; ; ;12;197,85419018491
3368286;1;1;2;2;47; ;2; ; ;1;2; ; ;1; ;12;119,440832349953
3368286;1;2;2;2;47; ;2; ; ;1;2; ; ;1; ;12;119,440832349953
3368287;1;1;2;2;08; ;2; ; ;1;2; ; ;1; ;12;176,098206279776
3368287;1;2;2;2;08; ;2; ; ;1;2; ; ;1; ;12;176,098206279776
3368287;1;3;2;2;08; ;2; ; ;1;2; ; ;1; ;12;176,098206279776
3368287;1;4;1; ; ; ; ; ; ; ; ; ; ; ; ;12;176,098206279776
3368288;1;1;2;2;68; ;2; ; ;1;2; ; ;1; ;12;186,286329341105
3368288;1;2;2;2;68; ;2; ; ;1;2; ; ;1; ;12;186,286329341105
3368289;1;1;1; ; ; ; ; ; ; ; ; ; ; ; ;12;108,885001398704
3368289;1;2;1; ; ; ; ; ; ; ; ; ; ; ; ;12;108,885001398704
3368290;1;1;1; ; ; ; ; ; ; ; ; ; ; ; ;12;161,365325534426
3368290;1;2;1; ; ; ; ; ; ; ; ; ; ; ; ;12;161,365325534426
3368291;1;1;2;2;27; ;2; ; ;1;2; ; ;1; ;12;126,577449700271
3368291;1;2;2;2;47; ;2; ; ;1;2; ; ;1; ;12;126,577449700271
3368291;1;3;1; ; ; ; ; ; ; ; ; ; ; ; ;12;126,577449700271
3368292;1;1;2;1; ; ;3;47; ;1;2; ; ;1; ;12;168,501942884745
3368292;1;2;2;1; ; ;3;47; ;1;2; ; ;1; ;12;168,501942884745
3368292;1;3;2;2;47; ;3;47; ;1;2; ; ;1; ;12;168,501942884745
3368293;1;1;2;2;47; ;2; ; ;1;2; ; ;1; ;12;87,0370793387755
3368293;1;2;2;2;47; ;2; ; ;1;2; ; ;1; ;12;87,0370793387755
3368293;1;3;1; ; ; ; ; ; ; ; ; ; ; ; ;12;87,0370793387755
3368293;1;4;1; ; ; ; ; ; ; ; ; ; ; ; ;12;87,0370793387755
3368293;1;5;1; ; ; ; ; ; ; ; ; ; ; ; ;12;87,0370793387755
3368294;1;1;1; ; ; ; ; ; ; ; ; ; ; ; ;12;173,392832422944
3368294;1;2;1; ; ; ; ; ; ; ; ; ; ; ; ;12;173,392832422944
3368294;1;3;1; ; ; ; ; ; ; ; ; ; ; ; ;12;173,392832422944
3368295;1;1;1; ; ; ; ; ; ; ; ; ; ; ; ;12;197,843749982531
3368295;1;2;2;2;54; ;2; ; ;1;2; ; ;1; ;12;197,843749982531
3368295;1;3;1; ; ; ; ; ; ; ; ; ; ; ; ;12;197,843749982531
3368295;1;4;1; ; ; ; ; ; ; ; ; ; ; ; ;12;197,843749982531
3368296;1;1;2;2;47; ;2; ; ;1;2; ; ;1; ;12;140,295551291487
3368296;1;2;1; ; ; ; ; ; ; ; ; ; ; ; ;12;140,295551291487
3368296;1;3;1; ; ; ; ; ; ; ; ; ; ; ; ;12;140,295551291487
3368296;1;4;1; ; ; ; ; ; ; ; ; ; ; ; ;12;140,295551291487
3368296;1;5;1; ; ; ; ; ; ; ; ; ; ; ; ;12;140,295551291487
3368297;1;1;1; ; ; ; ; ; ; ; ; ; ; ; ;12;97,2252024001052
3368297;1;2;1; ; ; ; ; ; ; ; ; ; ; ; ;12;97,2252024001052
3368297;1;3;1; ; ; ; ; ; ; ; ; ; ; ; ;12;97,2252024001052
3368298;1;1;2;2;47; ;2; ; ;1;2; ; ;1; ;12;148,730079107687
3368298;1;2;2;2;44; ;2; ; ;1;2; ; ;1; ;12;148,730079107687
3368298;1;3;1; ; ; ; ; ; ; ; ; ; ; ; ;12;148,730079107687
3368298;1;4;1; ; ; ; ; ; ; ; ; ; ; ; ;12;148,730079107687
3368298;1;5;1; ; ; ; ; ; ; ; ; ; ; ; ;12;148,730079107687
3368298;1;6;1; ; ; ; ; ; ; ; ; ; ; ; ;12;148,730079107687
3368298;1;7;1; ; ; ; ; ; ; ; ; ; ; ; ;12;148,730079107687
3368299;1;1;2;2;68; ;2; ; ;1;2; ; ;1; ;12;119,440832349953
3368299;1;2;2;2;68; ;2; ; ;1;2; ; ;1; ;12;119,440832349953
3368300;1;1;2;2;13; ;2; ; ;1;2; ; ;1; ;12;147,778300495986
3368300;1;2;1; ; ; ; ; ; ; ; ; ; ; ; ;12;147,778300495986
3368301;1;1;2;2;44; ;2; ; ;1;2; ; ;1; ;12;176,098206279776
3368301;1;2;2;2;44; ;2; ; ;1;3;44; ;1; ;12;176,098206279776
3368301;1;3;2;2;44; ;3;44; ;1;2; ; ;1; ;12;176,098206279776
3368301;1;4;2;2;44; ;3;44; ;1;2; ; ;1; ;12;176,098206279776
3368302;1;1;1; ; ; ; ; ; ; ; ; ; ; ; ;12;156,463995793848
3368302;1;2;1; ; ; ; ; ; ; ; ; ; ; ; ;12;156,463995793848
3368302;1;3;1; ; ; ; ; ; ; ; ; ; ; ; ;12;156,463995793848
3368303;1;1;1; ; ; ; ; ; ; ; ; ; ; ; ;12;120,276070553398
3368303;1;2;1; ; ; ; ; ; ; ; ; ; ; ; ;12;120,276070553398
3368303;1;3;1; ; ; ; ; ; ; ; ; ; ; ; ;12;120,276070553398
3368303;1;4;1; ; ; ; ; ; ; ; ; ; ; ; ;12;120,276070553398
3368304;1;1;2;2;19; ;2; ; ;1;2; ; ;1; ;12;578,064392621966
3368304;1;2;2;2;76; ;2; ; ;1;2; ; ;1; ;12;578,064392621966
3368304;1;3;1; ; ; ; ; ; ; ; ; ; ; ; ;12;578,064392621966
3368305;1;1;1; ; ; ; ; ; ; ; ; ; ; ; ;12;1198,63437601099
3368305;1;2;1; ; ; ; ; ; ; ; ; ; ; ; ;12;1198,63437601099
3368305;1;3;1; ; ; ; ; ; ; ; ; ; ; ; ;12;1198,63437601099
3368305;1;4;1; ; ; ; ; ; ; ; ; ; ; ; ;12;1198,63437601099
3368305;1;5;1; ; ; ; ; ; ; ; ; ; ; ; ;12;1198,63437601099
3368306;1;1;2;2;73; ;2; ; ;1;2; ; ;1; ;12;1566,35733488586
3368306;1;2;2;2;05; ;2; ; ;1;2; ; ;1; ;12;1566,35733488586
3368306;1;3;1; ; ; ; ; ; ; ; ; ; ; ; ;12;1566,35733488586
3368306;1;4;1; ; ; ; ; ; ; ; ; ; ; ; ;12;1566,35733488586
3368306;1;5;1; ; ; ; ; ; ; ; ; ; ; ; ;12;1566,35733488586
3368307;1;1;2;2;05; ;2; ; ;1;2; ; ;1; ;12;981,673447640241
3368307;1;2;1; ; ; ; ; ; ; ; ; ; ; ; ;12;981,673447640241
3368307;1;3;1; ; ; ; ; ; ; ; ; ; ; ; ;12;981,673447640241
3368308;1;1;1; ; ; ; ; ; ; ; ; ; ; ; ;12;1004,82171094789
3368308;1;2;1; ; ; ; ; ; ; ; ; ; ; ; ;12;1004,82171094789
3368308;1;3;1; ; ; ; ; ; ; ; ; ; ; ; ;12;1004,82171094789
3368308;1;4;1; ; ; ; ; ; ; ; ; ; ; ; ;12;1004,82171094789
3368308;1;5;1; ; ; ; ; ; ; ; ; ; ; ; ;12;1004,82171094789
3368309;1;1;2;2;41; ;2; ; ;1;2; ; ;1; ;12;1164,67471830582
3368309;1;2;1; ; ; ; ; ; ; ; ; ; ; ; ;12;1164,67471830582
3368309;1;3;1; ; ; ; ; ; ; ; ; ; ; ; ;12;1164,67471830582
3368310;1;1;2;1; ; ;2; ; ;1;2; ; ;1; ;12;1015,27837373984
3368310;1;2;1; ; ; ; ; ; ; ; ; ; ; ; ;12;1015,27837373984
3368310;1;3;1; ; ; ; ; ; ; ; ; ; ; ; ;12;1015,27837373984
3368310;1;4;2;1; ; ;2; ; ;1;2; ; ;1; ;12;1015,27837373984
3368310;1;5;2;2;76; ;2; ; ;1;2; ; ;1; ;12;1015,27837373984
3368310;1;6;2;2;54; ;2; ; ;1;2; ; ;1; ;12;1015,27837373984
3368311;1;1;2;2;11; ;2; ; ;1;2; ; ;1; ;12;877,995181556809
3368311;1;2;2;2;08; ;2; ; ;1;2; ; ;1; ;12;877,995181556809
3368311;1;3;1; ; ; ; ; ; ; ; ; ; ; ; ;12;877,995181556809
3368312;1;1;2;2;19; ;2; ; ;1;2; ; ;1; ;12;1023,43795388114
3368313;1;1;1; ; ; ; ; ; ; ; ; ; ; ; ;12;1121,27914673129
3368313;1;2;2;1; ; ;3;11; ;1;2; ; ;1; ;12;1121,27914673129
3368314;1;1;2;2;76; ;2; ; ;1;2; ; ;1; ;12;1132,3129830777
3368314;1;2;1; ; ; ; ; ; ; ; ; ; ; ; ;12;1132,3129830777
3368314;1;3;1; ; ; ; ; ; ; ; ; ; ; ; ;12;1132,3129830777
3368314;1;4;1; ; ; ; ; ; ; ; ; ; ; ; ;12;1132,3129830777
3368314;1;5;1; ; ; ; ; ; ; ; ; ; ; ; ;12;1132,3129830777
3368314;1;6;1; ; ; ; ; ; ; ; ; ; ; ; ;12;1132,3129830777
3368315;1;1;2;2;11; ;2; ; ;1;2; ; ;1; ;12;883,165729025546
3368315;1;2;1; ; ; ; ; ; ; ; ; ; ; ; ;12;883,165729025546
3368316;1;1;2;2;19; ;2; ; ;1;2; ; ;1; ;12;1208,07028988035
3368316;1;2;1; ; ; ; ; ; ; ; ; ; ; ; ;12;1208,07028988035
3368316;1;3;1; ; ; ; ; ; ; ; ; ; ; ; ;12;1208,07028988035
3368316;1;4;1; ; ; ; ; ; ; ; ; ; ; ; ;12;1208,07028988035
3368317;1;1;1; ; ; ; ; ; ; ; ; ; ; ; ;12;678,657237419406
3368317;1;2;1; ; ; ; ; ; ; ; ; ; ; ; ;12;678,657237419406
3368317;1;3;1; ; ; ; ; ; ; ; ; ; ; ; ;12;678,657237419406
3368317;1;4;1; ; ; ; ; ; ; ; ; ; ; ; ;12;678,657237419406
3368317;1;5;1; ; ; ; ; ; ; ; ; ; ; ; ;12;678,657237419406
3368318;1;1;1; ; ; ; ; ; ; ; ; ; ; ; ;12;777,047605153798
3368318;1;2;1; ; ; ; ; ; ; ; ; ; ; ; ;12;777,047605153798
3368319;1;1;2;2;52; ;2; ; ;1;2; ; ;1; ;12;1456,99510198361
3368319;1;2;2;2;52; ;2; ; ;1;2; ; ;1; ;12;1456,99510198361
3368319;1;3;1; ; ; ; ; ; ; ; ; ; ; ; ;12;1456,99510198361
3368319;1;4;1; ; ; ; ; ; ; ; ; ; ; ; ;12;1456,99510198361
3368320;1;1;2;2;52; ;2; ; ;1;2; ; ;1; ;12;1284,84834560559
3368320;1;2;2;2;19; ;2; ; ;1;2; ; ;1; ;12;1284,84834560559
3368320;1;3;2;2;18; ;2; ; ;1;2; ; ;1; ;12;1284,84834560559
3368320;1;4;1; ; ; ; ; ; ; ; ; ; ; ; ;12;1284,84834560559
3368321;1;1;1; ; ; ; ; ; ; ; ; ; ; ; ;12;983,758573822987
3368321;1;2;2;2;19; ;2; ; ;1;2; ; ;1; ;12;983,758573822987
3368321;1;3;1; ; ; ; ; ; ; ; ; ; ; ; ;12;983,758573822987
3368321;1;4;2;2;19; ;2; ; ;1;2; ; ;1; ;12;983,758573822987
3368322;1;1;2;2;19; ;2; ; ;1;2; ; ;1; ;12;1084,23406774012
3368322;1;2;1; ; ; ; ; ; ; ; ; ; ; ; ;12;1084,23406774012
3368323;1;1;1; ; ; ; ; ; ; ; ; ; ; ; ;12;1137,77450794762
3368323;1;2;1; ; ; ; ; ; ; ; ; ; ; ; ;12;1137,77450794762
3368323;1;3;1; ; ; ; ; ; ; ; ; ; ; ; ;12;1137,77450794762
3368324;1;1;2;2;52; ;2; ; ;1;2; ; ;1; ;12;1141,52645499817
3368326;1;1;1; ; ; ; ; ; ; ; ; ; ; ; ;12;1777,5705422334
3368326;1;2;2;2;19; ;2; ; ;1;2; ; ;1; ;12;1777,5705422334
3368326;1;3;1; ; ; ; ; ; ; ; ; ; ; ; ;12;1777,5705422334
3368326;1;4;1; ; ; ; ; ; ; ; ; ; ; ; ;12;1777,5705422334
3368326;1;5;1; ; ; ; ; ; ; ; ; ; ; ; ;12;1777,5705422334
3368327;1;1;2;2;19; ;2; ; ;1;2; ; ;1; ;12;1234,31445125987
3368327;1;2;2;2;19; ;2; ; ;1;2; ; ;1; ;12;1234,31445125987
3368327;1;3;1; ; ; ; ; ; ; ; ; ; ; ; ;12;1234,31445125987
3368327;2;1;2;2;19; ;2; ; ;1;2; ; ;1; ;12;1234,31445125987
3368327;2;2;2;2;19; ;2; ; ;1;2; ; ;1; ;12;1234,31445125987
3368327;2;3;2;2;19; ;2; ; ;1;2; ; ;1; ;12;1234,31445125987
3368327;2;4;1; ; ; ; ; ; ; ; ; ; ; ; ;12;1234,31445125987
3368328;1;1;1; ; ; ; ; ; ; ; ; ; ; ; ;12;981,673447640241
3368328;1;2;1; ; ; ; ; ; ; ; ; ; ; ; ;12;981,673447640241
3368328;1;3;1; ; ; ; ; ; ; ; ; ; ; ; ;12;981,673447640241
3368329;1;1;1; ; ; ; ; ; ; ; ; ; ; ; ;12;942,543242466333
3368329;1;2;2;2;41; ;2; ; ;1;2; ; ;1; ;12;942,543242466333
3368330;1;1;2;2;73; ;2; ; ;1;2; ; ;1; ;12;521,509368191736
3368330;1;2;2;2;68; ;2; ; ;1;2; ; ;1; ;12;521,509368191736
3368330;1;3;2;2;73; ;4; ;2; ;4; ;2; ;3;12;521,509368191736
3368331;1;1;2;2;19; ;2; ; ;1;2; ; ;1; ;12;737,91739997989
3368332;1;1;2;2;73; ;2; ; ;1;2; ; ;1; ;12;718,336617477564
3368332;1;2;2;2;76; ;2; ; ;1;2; ; ;1; ;12;718,336617477564
3368333;1;1;2;2;63; ;2; ; ;1;2; ; ;1; ;12;1176,90471312153
3368333;1;2;2;2;63; ;2; ; ;1;2; ; ;1; ;12;1176,90471312153
3368333;1;3;2;2;63; ;2; ; ;1;2; ; ;1; ;12;1176,90471312153
3368333;1;4;2;2;63; ;2; ; ;1;2; ; ;1; ;12;1176,90471312153
3368334;1;1;2;2;19; ;2; ; ;1;2; ; ;1; ;12;1125,54451313191
3368334;1;2;1; ; ; ; ; ; ; ; ; ; ; ; ;12;1125,54451313191
3368335;1;1;1; ; ; ; ; ; ; ; ; ; ; ; ;12;926,466186564946
3368335;1;2;1; ; ; ; ; ; ; ; ; ; ; ; ;12;926,466186564946
3368335;1;3;1; ; ; ; ; ; ; ; ; ; ; ; ;12;926,466186564946
3368335;1;4;1; ; ; ; ; ; ; ; ; ; ; ; ;12;926,466186564946
3368335;1;5;1; ; ; ; ; ; ; ; ; ; ; ; ;12;926,466186564946
3368336;1;1;1; ; ; ; ; ; ; ; ; ; ; ; ;12;1679,12657782309
3368336;1;2;1; ; ; ; ; ; ; ; ; ; ; ; ;12;1679,12657782309
3368336;1;3;1; ; ; ; ; ; ; ; ; ; ; ; ;12;1679,12657782309
3368336;1;4;2;2;63; ;1; ; ; ;2; ; ;1; ;12;1679,12657782309
3368336;1;5;1; ; ; ; ; ; ; ; ; ; ; ; ;12;1679,12657782309
3368337;1;1;2;1; ; ;2; ; ;1;2; ; ;1; ;12;521,509368191736
3368337;1;2;2;2;76; ;2; ; ;1;2; ; ;1; ;12;521,509368191736
3368338;1;1;2;2;52; ;2; ; ;1;2; ; ;1; ;12;1121,94567249584
3368338;1;2;1; ; ; ; ; ; ; ; ; ; ; ; ;12;1121,94567249584
3368339;1;1;1; ; ; ; ; ; ; ; ; ; ; ; ;12;1164,67471830582
3368339;1;2;1; ; ; ; ; ; ; ; ; ; ; ; ;12;1164,67471830582
3368339;1;3;1; ; ; ; ; ; ; ; ; ; ; ; ;12;1164,67471830582
3368340;1;1;2;1; ; ;2; ; ;1;2; ; ;1; ;12;883,165729025546
3368340;1;2;2;3; ;1;2; ; ;1;2; ; ;1; ;12;883,165729025546
3368341;1;1;2;2;41; ;2; ; ;1;2; ; ;1; ;12;737,91739997989
3368342;1;1;2;2;19; ;2; ; ;1;2; ; ;1; ;12;1121,94567249584
3368342;1;2;1; ; ; ; ; ; ; ; ; ; ; ; ;12;1121,94567249584
3368343;1;1;2;2;17; ;2; ; ;1;2; ; ;1; ;12;1003,85717137882
3368343;1;2;2;2;76; ;2; ; ;1;2; ; ;1; ;12;1003,85717137882
3368345;1;1;2;2;63; ;2; ; ;1;2; ; ;1; ;12;696,788059672793
3368345;1;2;2;2;66; ;2; ; ;1;2; ; ;1; ;12;696,788059672793
3368345;1;3;2;2;66; ;2; ; ;1;2; ; ;1; ;12;696,788059672793
3368345;1;4;1; ; ; ; ; ; ; ; ; ; ; ; ;12;696,788059672793
3368345;1;5;2;2;66; ;2; ; ;1;2; ; ;1; ;12;696,788059672793
3368345;1;6;2;2;66; ;2; ; ;1;2; ; ;1; ;12;696,788059672793
3368346;1;1;1; ; ; ; ; ; ; ; ; ; ; ; ;12;572,893845153228
3368346;1;2;1; ; ; ; ; ; ; ; ; ; ; ; ;12;572,893845153228
3368346;1;3;1; ; ; ; ; ; ; ; ; ; ; ; ;12;572,893845153228
3368346;1;4;1; ; ; ; ; ; ; ; ; ; ; ; ;12;572,893845153228
3368347;1;1;2;2;11; ;2; ; ;1;2; ; ;1; ;12;698,755834975237
3368347;1;2;2;2;73; ;2; ; ;1;2; ; ;1; ;12;698,755834975237
3368347;2;1;1; ; ; ; ; ; ; ; ; ; ; ; ;12;698,755834975237
3368348;1;1;2;2;63; ;2; ; ;1;2; ; ;1; ;12;779,132731336544
3368348;1;2;2;2;63; ;2; ; ;1;2; ; ;1; ;12;779,132731336544
3368348;1;3;2;2;19; ;3;19; ;1;2; ; ;1; ;12;779,132731336544
3368349;1;1;1; ; ; ; ; ; ; ; ; ; ; ; ;12;716,36884217512
3368349;1;2;1; ; ; ; ; ; ; ; ; ; ; ; ;12;716,36884217512
3368349;1;3;1; ; ; ; ; ; ; ; ; ; ; ; ;12;716,36884217512
3368349;1;4;1; ; ; ; ; ; ; ; ; ; ; ; ;12;716,36884217512
3368349;1;5;1; ; ; ; ; ; ; ; ; ; ; ; ;12;716,36884217512
3368350;1;1;2;2;76; ;2; ; ;1;2; ; ;1; ;12;1417,10325701002
3368350;1;2;1; ; ; ; ; ; ; ; ; ; ; ; ;12;1417,10325701002
3368350;1;3;1; ; ; ; ; ; ; ; ; ; ; ; ;12;1417,10325701002
3368350;1;4;1; ; ; ; ; ; ; ; ; ; ; ; ;12;1417,10325701002
3368350;1;5;1; ; ; ; ; ; ; ; ; ; ; ; ;12;1417,10325701002
3368351;1;1;2;2;76; ;2; ; ;1;2; ; ;1; ;12;1121,94567249584
3368351;1;2;1; ; ; ; ; ; ; ; ; ; ; ; ;12;1121,94567249584
3368352;1;1;2;2;76; ;2; ; ;1;2; ; ;1; ;12;942,543242466333
3368352;1;2;1; ; ; ; ; ; ; ; ; ; ; ; ;12;942,543242466333
3368353;1;1;1; ; ; ; ; ; ; ; ; ; ; ; ;12;120,613982189306
3368354;1;1;1; ; ; ; ; ; ; ; ; ; ; ; ;12;74,5294464915319
3368354;1;2;1; ; ; ; ; ; ; ; ; ; ; ; ;12;74,5294464915319
3368354;1;3;1; ; ; ; ; ; ; ; ; ; ; ; ;12;74,5294464915319
3368355;1;1;2;2;15; ;2; ; ;1;2; ; ;1; ;12;91,5733458518823
3368355;1;2;2;2;25; ;2; ; ;1;2; ; ;1; ;12;91,5733458518823
3368355;1;3;2;2;15; ;2; ; ;1;2; ; ;1; ;12;91,5733458518823
3368356;1;1;2;2;25; ;3;25; ;1;2; ; ;1; ;12;94,9990210021001
3368356;1;2;2;2;25; ;3;11; ;1;3;11; ;1; ;12;94,9990210021001
3368356;1;3;2;2;70; ;3;11; ;1;3;11; ;1; ;12;94,9990210021001
3368357;1;1;1; ; ; ; ; ; ; ; ; ; ; ; ;12;91,9390111188706
3368357;1;2;1; ; ; ; ; ; ; ; ; ; ; ; ;12;91,9390111188706
3368357;1;3;1; ; ; ; ; ; ; ; ; ; ; ; ;12;91,9390111188706
3368358;1;1;1; ; ; ; ; ; ; ; ; ; ; ; ;12;116,901100493286
3368358;1;2;1; ; ; ; ; ; ; ; ; ; ; ; ;12;116,901100493286
3368358;1;3;1; ; ; ; ; ; ; ; ; ; ; ; ;12;116,901100493286
3368359;1;1;2;2;15; ;2; ; ;1;2; ; ;1; ;12;120,613982189306
3368360;1;1;1; ; ; ; ; ; ; ; ; ; ; ; ;12;73,1763959084669
3368360;1;2;1; ; ; ; ; ; ; ; ; ; ; ; ;12;73,1763959084669
3368360;1;3;1; ; ; ; ; ; ; ; ; ; ; ; ;12;73,1763959084669
3368361;1;1;2;2;15; ;3;15; ;2;2; ; ;1; ;12;88,9779582122591
3368361;1;2;2;2;25; ;3;25; ;1;2; ; ;1; ;12;88,9779582122591
3368361;1;3;2;1; ; ;2; ; ;1;2; ; ;1; ;12;88,9779582122591
3368361;1;4;1; ; ; ; ; ; ; ; ; ; ; ; ;12;88,9779582122591
3368361;1;5;1; ; ; ; ; ; ; ; ; ; ; ; ;12;88,9779582122591
3368362;1;1;2;2;15; ;2; ; ;1;2; ; ;1; ;12;111,220108917736
3368362;1;2;1; ; ; ; ; ; ; ; ; ; ; ; ;12;111,220108917736
3368363;1;1;1; ; ; ; ; ; ; ; ; ; ; ; ;12;110,310543709347
3368363;1;2;1; ; ; ; ; ; ; ; ; ; ; ; ;12;110,310543709347
3368363;1;3;1; ; ; ; ; ; ; ; ; ; ; ; ;12;110,310543709347
3368363;1;4;1; ; ; ; ; ; ; ; ; ; ; ; ;12;110,310543709347
3368363;1;5;1; ; ; ; ; ; ; ; ; ; ; ; ;12;110,310543709347
3368363;1;6;1; ; ; ; ; ; ; ; ; ; ; ; ;12;110,310543709347
3368364;1;1;1; ; ; ; ; ; ; ; ; ; ; ; ;12;132,670407991758
3368364;1;2;1; ; ; ; ; ; ; ; ; ; ; ; ;12;132,670407991758
3368364;1;3;1; ; ; ; ; ; ; ; ; ; ; ; ;12;132,670407991758
3368364;1;4;1; ; ; ; ; ; ; ; ; ; ; ; ;12;132,670407991758
3368364;1;5;1; ; ; ; ; ; ; ; ; ; ; ; ;12;132,670407991758
3368365;1;1;1; ; ; ; ; ; ; ; ; ; ; ; ;12;96,0380563373106
3368366;1;1;1; ; ; ; ; ; ; ; ; ; ; ; ;12;107,976768562829
3368366;1;2;1; ; ; ; ; ; ; ; ; ; ; ; ;12;107,976768562829
3368366;1;3;1; ; ; ; ; ; ; ; ; ; ; ; ;12;107,976768562829
3368367;1;1;1; ; ; ; ; ; ; ; ; ; ; ; ;12;113,160414418847
3368367;1;2;1; ; ; ; ; ; ; ; ; ; ; ; ;12;113,160414418847
3368367;1;3;1; ; ; ; ; ; ; ; ; ; ; ; ;12;113,160414418847
3368368;1;1;2;2;23; ;3;11; ;1;2; ; ;1; ;12;96,431525982718
3368368;1;2;2;2;11; ;3;11; ;1;2; ; ;1; ;12;96,431525982718
3368368;1;3;2;2;11; ;3;11; ;1;2; ; ;1; ;12;96,431525982718
3368369;1;1;1; ; ; ; ; ; ; ; ; ; ; ; ;12;95,1823514737776
3368369;1;2;1; ; ; ; ; ; ; ; ; ; ; ; ;12;95,1823514737776
3368370;1;1;1; ; ; ; ; ; ; ; ; ; ; ; ;12;131,585807354179
3368370;1;2;2;2;15; ;2; ; ;1;2; ; ;1; ;12;131,585807354179
3368370;1;3;1; ; ; ; ; ; ; ; ; ; ; ; ;12;131,585807354179
3368371;1;1;1; ; ; ; ; ; ; ; ; ; ; ; ;12;116,901100493286
3368371;1;2;1; ; ; ; ; ; ; ; ; ; ; ; ;12;116,901100493286
3368371;1;3;1; ; ; ; ; ; ; ; ; ; ; ; ;12;116,901100493286
3368372;1;1;1; ; ; ; ; ; ; ; ; ; ; ; ;12;144,028396679051
3368372;1;2;1; ; ; ; ; ; ; ; ; ; ; ; ;12;144,028396679051
3368372;1;3;1; ; ; ; ; ; ; ; ; ; ; ; ;12;144,028396679051
3368372;1;4;1; ; ; ; ; ; ; ; ; ; ; ; ;12;144,028396679051
3368372;2;1;1; ; ; ; ; ; ; ; ; ; ; ; ;12;144,028396679051
3368372;2;2;1; ; ; ; ; ; ; ; ; ; ; ; ;12;144,028396679051
3368372;2;3;1; ; ; ; ; ; ; ; ; ; ; ; ;12;144,028396679051
3368373;1;1;2;2;15; ;2; ; ;1;2; ; ;1; ;12;66,5063847269753
3368373;1;2;2;2;15; ;2; ; ;1;2; ; ;1; ;12;66,5063847269753
3368373;1;3;1; ; ; ; ; ; ; ; ; ; ; ; ;12;66,5063847269753
3368373;1;4;1; ; ; ; ; ; ; ; ; ; ; ; ;12;66,5063847269753
3368373;1;5;1; ; ; ; ; ; ; ; ; ; ; ; ;12;66,5063847269753
3368373;1;6;2;2;15; ;3;15; ;2;2; ; ;1; ;12;66,5063847269753
3368374;1;1;2;2;15; ;2; ; ;1;2; ; ;1; ;12;87,0832180135155
3368374;1;2;2;1; ; ;2; ; ;1;2; ; ;1; ;12;87,0832180135155
3368374;1;3;1; ; ; ; ; ; ; ; ; ; ; ; ;12;87,0832180135155
3368374;1;4;1; ; ; ; ; ; ; ; ; ; ; ; ;12;87,0832180135155
3368374;1;5;1; ; ; ; ; ; ; ; ; ; ; ; ;12;87,0832180135155
3368374;2;1;2;2;15; ;2; ; ;1;2; ; ;1; ;12;87,0832180135155
3368374;2;2;2;2;15; ;3;15; ;2;3;15; ;2;4;12;87,0832180135155
3368374;2;3;2;2;15; ;1; ; ; ;3;15; ;2;4;12;87,0832180135155
3368375;1;1;2;2;15; ;2; ; ;1;2; ; ;1; ;12;88,7161690193953
3368375;1;2;2;2;15; ;2; ; ;1;2; ; ;1; ;12;88,7161690193953
3368375;1;3;1; ; ; ; ; ; ; ; ; ; ; ; ;12;88,7161690193953
3368375;1;4;1; ; ; ; ; ; ; ; ; ; ; ; ;12;88,7161690193953
3368376;1;1;1; ; ; ; ; ; ; ; ; ; ; ; ;12;94,143316138567
3368376;1;2;1; ; ; ; ; ; ; ; ; ; ; ; ;12;94,143316138567
3368376;1;3;1; ; ; ; ; ; ; ; ; ; ; ; ;12;94,143316138567
3368376;1;4;1; ; ; ; ; ; ; ; ; ; ; ; ;12;94,143316138567
3368378;1;1;1; ; ; ; ; ; ; ; ; ; ; ; ;12;154,298408783785
3368378;1;2;1; ; ; ; ; ; ; ; ; ; ; ; ;12;154,298408783785
3368378;1;3;1; ; ; ; ; ; ; ; ; ; ; ; ;12;154,298408783785
3368378;1;4;1; ; ; ; ; ; ; ; ; ; ; ; ;12;154,298408783785
3368378;1;5;1; ; ; ; ; ; ; ; ; ; ; ; ;12;154,298408783785
3368378;1;6;1; ; ; ; ; ; ; ; ; ; ; ; ;12;154,298408783785
3368378;1;7;1; ; ; ; ; ; ; ; ; ; ; ; ;12;154,298408783785
3368378;1;8;1; ; ; ; ; ; ; ; ; ; ; ; ;12;154,298408783785
3368378;1;9;1; ; ; ; ; ; ; ; ; ; ; ; ;12;154,298408783785
3368378;1;10;1; ; ; ; ; ; ; ; ; ; ; ; ;12;154,298408783785
3368378;2;1;1; ; ; ; ; ; ; ; ; ; ; ; ;12;154,298408783785
3368379;1;1;1; ; ; ; ; ; ; ; ; ; ; ; ;12;91,755680647193
3368379;1;2;1; ; ; ; ; ; ; ; ; ; ; ; ;12;91,755680647193
3368379;1;3;1; ; ; ; ; ; ; ; ; ; ; ; ;12;91,755680647193
3368379;1;4;1; ; ; ; ; ; ; ; ; ; ; ; ;12;91,755680647193
3368380;1;1;1; ; ; ; ; ; ; ; ; ; ; ; ;12;116,901100493286
3368380;1;2;2;2;15; ;2; ; ;1;2; ; ;1; ;12;116,901100493286
3368380;1;3;1; ; ; ; ; ; ; ; ; ; ; ; ;12;116,901100493286
3368381;1;1;1; ; ; ; ; ; ; ; ; ; ; ; ;12;93,0302725090718
3368381;1;2;2;2;15; ;2; ; ;1;2; ; ;1; ;12;93,0302725090718
3368382;1;1;1; ; ; ; ; ; ; ; ; ; ; ; ;12;112,794749151859
3368382;1;2;2;2;15; ;2; ; ;1;2; ; ;1; ;12;112,794749151859
3368382;1;3;1; ; ; ; ; ; ; ; ; ; ; ; ;12;112,794749151859
3368383;1;1;2;2;15; ;2; ; ;1;2; ; ;1; ;12;50,9871098714786
3368383;1;2;1; ; ; ; ; ; ; ; ; ; ; ; ;12;50,9871098714786
3368383;1;3;1; ; ; ; ; ; ; ; ; ; ; ; ;12;50,9871098714786
3368383;1;4;1; ; ; ; ; ; ; ; ; ; ; ; ;12;50,9871098714786
3368383;1;5;1; ; ; ; ; ; ; ; ; ; ; ; ;12;50,9871098714786
3368384;1;1;2;2;15; ;2; ; ;1;2; ; ;1; ;12;183,727156073325
3368384;1;2;1; ; ; ; ; ; ; ; ; ; ; ; ;12;183,727156073325
3368384;1;3;1; ; ; ; ; ; ; ; ; ; ; ; ;12;183,727156073325
3368384;1;4;1; ; ; ; ; ; ; ; ; ; ; ; ;12;183,727156073325
3368385;1;1;2;2;15; ;3;85; ;1;2; ; ;1; ;12;222,232465687222
3368385;1;2;2;2;85; ;3;85; ;1;2; ; ;1; ;12;222,232465687222
3368385;1;3;2;2;85; ;3;85; ;1;2; ; ;1; ;12;222,232465687222
3368386;1;1;2;2;66; ;3;11; ;1;2; ; ;1; ;12;262,963862560109
3368386;1;2;2;2;76; ;3;11; ;1;2; ; ;1; ;12;262,963862560109
3368386;1;3;2;2;25; ;3;11; ;1;2; ; ;1; ;12;262,963862560109
3368386;1;4;2;2;11; ;3;11; ;1;2; ; ;1; ;12;262,963862560109
3368387;1;1;2;2;15; ;2; ; ;1;2; ; ;1; ;12;145,986130873579
3368387;1;2;2;2;11; ;2; ; ;1;2; ; ;1; ;12;145,986130873579
3368387;1;3;2;1; ; ;2; ; ;1;2; ; ;1; ;12;145,986130873579
3368387;1;4;2;2;15; ;2; ; ;1;2; ; ;1; ;12;145,986130873579
3368388;1;1;2;2;15; ;2; ; ;1;2; ; ;1; ;12;50,883233797354
3368388;1;2;1; ; ; ; ; ; ; ; ; ; ; ; ;12;50,883233797354
3368388;1;3;1; ; ; ; ; ; ; ; ; ; ; ; ;12;50,883233797354
3368388;1;4;1; ; ; ; ; ; ; ; ; ; ; ; ;12;50,883233797354
3368388;1;5;1; ; ; ; ; ; ; ; ; ; ; ; ;12;50,883233797354
3368388;1;6;1; ; ; ; ; ; ; ; ; ; ; ; ;12;50,883233797354
3368389;1;1;1; ; ; ; ; ; ; ; ; ; ; ; ;12;110,518295857597
3368389;1;2;1; ; ; ; ; ; ; ; ; ; ; ; ;12;110,518295857597
3368389;1;3;1; ; ; ; ; ; ; ; ; ; ; ; ;12;110,518295857597
3368389;1;4;1; ; ; ; ; ; ; ; ; ; ; ; ;12;110,518295857597
3368390;1;1;2;2;17; ;2; ; ;1;2; ; ;1; ;12;2412,59747737003
3368391;1;1;1; ; ; ; ; ; ; ; ; ; ; ; ;12;4004,42246286631
3368391;1;2;1; ; ; ; ; ; ; ; ; ; ; ; ;12;4004,42246286631
3368392;1;1;1; ; ; ; ; ; ; ; ; ; ; ; ;12;2414,45314408862
3368392;1;2;2;2;17; ;2; ; ;1;2; ; ;1; ;12;2414,45314408862
3368393;1;1;2;2;17; ;2; ; ;2;2; ; ;2; ;12;883,73579400848
3368393;1;2;2;2;17; ;2; ; ;2;2; ; ;2; ;12;883,73579400848
3368393;1;3;2;2;17; ;2; ; ;2;2; ; ;2; ;12;883,73579400848
3368394;1;1;2;2;15; ;2; ; ;2;2; ; ;2; ;12;1496,07028171591
3368394;1;2;2;2;17; ;2; ; ;2;2; ; ;2; ;12;1496,07028171591
3368394;1;3;2;2;17; ;2; ; ;2;2; ; ;2; ;12;1496,07028171591
3368394;1;4;2;2;17; ;3;17; ;1;2; ; ;2; ;12;1496,07028171591
3368394;1;5;2;2;17; ;3;17; ;1;2; ; ;2; ;12;1496,07028171591
3368395;1;1;1; ; ; ; ; ; ; ; ; ; ; ; ;12;895,135046725864
3368395;1;2;2;2;41; ;2; ; ;2;2; ; ;2; ;12;895,135046725864
3368395;1;3;1; ; ; ; ; ; ; ; ; ; ; ; ;12;895,135046725864
3368396;1;1;1; ; ; ; ; ; ; ; ; ; ; ; ;12;682,1944623197
3368396;1;2;2;2;17; ;2; ; ;2;2; ; ;2; ;12;682,1944623197
3368396;1;3;1; ; ; ; ; ; ; ; ; ; ; ; ;12;682,1944623197
3368397;1;1;2;2;17; ;2; ; ;2;2; ; ;2; ;12;977,060555346152
3368398;1;1;2;2;17; ;3;17; ;2;2; ; ;2; ;12;2160,57807075323
3368398;1;2;2;2;17; ;3;17; ;2;2; ; ;2; ;12;2160,57807075323
3368398;1;3;2;2;17; ;3;17; ;2;2; ; ;2; ;12;2160,57807075323
3368398;1;4;2;2;17; ;3;17; ;2;2; ; ;2; ;12;2160,57807075323
3368398;1;5;2;2;17; ;1; ; ; ;2; ; ;2; ;12;2160,57807075323
3368398;1;6;2;2;17; ;1; ; ; ;2; ; ;2; ;12;2160,57807075323
3368400;1;1;1; ; ; ; ; ; ; ; ; ; ; ; ;12;895,135046725864
3368400;1;2;1; ; ; ; ; ; ; ; ; ; ; ; ;12;895,135046725864
3368400;1;3;1; ; ; ; ; ; ; ; ; ; ; ; ;12;895,135046725864
3368401;1;1;1; ; ; ; ; ; ; ; ; ; ; ; ;12;953,433919730075
3368401;1;2;2;2;17; ;2; ; ;1;2; ; ;1; ;12;953,433919730075
3368401;1;3;1; ; ; ; ; ; ; ; ; ; ; ; ;12;953,433919730075
3368402;1;1;1; ; ; ; ; ; ; ; ; ; ; ; ;12;969,788934562351
3368402;1;2;1; ; ; ; ; ; ; ; ; ; ; ; ;12;969,788934562351
3368403;1;1;1; ; ; ; ; ; ; ; ; ; ; ; ;12;977,060555346152
3368404;1;1;2;2;17; ;3;17; ;2;2; ; ;2; ;12;1436,57134956676
3368404;1;2;2;2;66; ;2; ; ;2;2; ; ;2; ;12;1436,57134956676
3368404;1;3;2;2;17; ;2; ; ;2;2; ; ;2; ;12;1436,57134956676
3368404;1;4;1; ; ; ; ; ; ; ; ; ; ; ; ;12;1436,57134956676
3368404;1;5;1; ; ; ; ; ; ; ; ; ; ; ; ;12;1436,57134956676
3368404;1;6;1; ; ; ; ; ; ; ; ; ; ; ; ;12;1436,57134956676
3368406;1;1;2;2;17; ;3;17; ;2;2; ; ;2; ;12;1123,3014715475
3368406;1;2;2;2;17; ;3;17; ;2;2; ; ;2; ;12;1123,3014715475
3368406;1;3;2;2;17; ;3;17; ;2;2; ; ;2; ;12;1123,3014715475
3368406;1;4;2;2;17; ;1; ; ; ;1; ; ; ; ;12;1123,3014715475
3368406;1;5;2;2;17; ;2; ; ;2;2; ; ;2; ;12;1123,3014715475
3368408;1;1;1; ; ; ; ; ; ; ; ; ; ; ; ;12;1197,95535938399
3368408;1;2;1; ; ; ; ; ; ; ; ; ; ; ; ;12;1197,95535938399
3368408;1;3;1; ; ; ; ; ; ; ; ; ; ; ; ;12;1197,95535938399
3368408;1;4;1; ; ; ; ; ; ; ; ; ; ; ; ;12;1197,95535938399
3368410;1;1;1; ; ; ; ; ; ; ; ; ; ; ; ;12;1457,80093637976
3368410;1;2;1; ; ; ; ; ; ; ; ; ; ; ; ;12;1457,80093637976
3368410;1;3;1; ; ; ; ; ; ; ; ; ; ; ; ;12;1457,80093637976
3368410;1;4;1; ; ; ; ; ; ; ; ; ; ; ; ;12;1457,80093637976
3368410;1;5;1; ; ; ; ; ; ; ; ; ; ; ; ;12;1457,80093637976
3368411;1;1;2;2;17; ;2; ; ;2;2; ; ;2; ;12;969,788934562351
3368411;1;2;1; ; ; ; ; ; ; ; ; ; ; ; ;12;969,788934562351
3368412;1;1;1; ; ; ; ; ; ; ; ; ; ; ; ;12;969,788934562351
3368412;1;2;2;2;17; ;2; ; ;2;2; ; ;2; ;12;969,788934562351
3368413;1;1;2;2;17; ;2; ; ;2;2; ; ;2; ;12;1548,86316890654
3368413;1;2;1; ; ; ; ; ; ; ; ; ; ; ; ;12;1548,86316890654
3368413;1;3;2;2;17; ;3;17; ;2;3;17; ;2; ;12;1548,86316890654
3368414;1;1;2;2;17; ;2; ; ;2;2; ; ;2; ;12;845,087170172143
3368414;1;2;2;2;17; ;2; ; ;2;2; ; ;2; ;12;845,087170172143
3368416;1;1;2;2;17; ;2; ; ;2;2; ; ;2; ;12;777,704903119458
3368416;1;2;2;2;17; ;2; ; ;2;2; ; ;2; ;12;777,704903119458
3368417;1;1;2;2;66; ;3;66; ;1;3;66; ;1;1;12;1375,45001096483
3368417;1;2;2;2;66; ;3;66; ;1;3;66; ;2; ;12;1375,45001096483
3368418;1;1;2;2;17; ;3;17; ;1;2; ; ;2; ;12;809,081906171993
3368418;1;2;2;2;17; ;2; ; ;2;2; ; ;2; ;12;809,081906171993
3368418;1;3;2;1; ; ;3;17; ;1;2; ; ;2; ;12;809,081906171993
3368418;1;4;2;2;17; ;3;17; ;1;2; ; ;2; ;12;809,081906171993
3368419;1;1;2;2;17; ;2; ; ;2;2; ; ;2; ;12;1155,23780577487
3368419;1;2;2;2;17; ;2; ; ;2;2; ; ;2; ;12;1155,23780577487
3368419;1;3;2;2;66; ;2; ; ;2;2; ; ;2; ;12;1155,23780577487
3368420;1;1;2;2;27; ;3;76; ;2;2; ; ;2; ;12;1080,58391793838
3368420;1;2;2;1; ; ;3;76; ;2;2; ; ;2; ;12;1080,58391793838
3368420;1;3;2;2;27; ;3;76; ;2;2; ; ;2; ;12;1080,58391793838
3368420;1;4;2;1; ; ;3;76; ;2;2; ; ;2; ;12;1080,58391793838
3368422;1;1;1; ; ; ; ; ; ; ; ; ; ; ; ;12;953,433919730075
3368422;1;2;2;2;17; ;2; ; ;1;2; ; ;1; ;12;953,433919730075
3368422;1;3;2;2;17; ;2; ; ;1;3;17; ;1; ;12;953,433919730075
3368423;1;1;1; ; ; ; ; ; ; ; ; ; ; ; ;12;1008,43755839869
3368423;1;2;2;2;17; ;2; ; ;2;2; ; ;2; ;12;1008,43755839869
3368423;1;3;2;2;17; ;3;17; ;2;2; ; ;2; ;12;1008,43755839869
3368424;1;1;1; ; ; ; ; ; ; ; ; ; ; ; ;12;626,627887435709
3368424;1;2;2;2;17; ;2; ; ;2;2; ; ;2; ;12;626,627887435709
3368424;1;3;2;2;17; ;2; ; ;2;2; ; ;2; ;12;626,627887435709
3368429;1;1;1; ; ; ; ; ; ; ; ; ; ; ; ;12;953,433919730075
3368429;1;2;2;2;17; ;1; ; ; ;2; ; ;1; ;12;953,433919730075
3368430;1;1;2;2;17; ;2; ; ;1;2; ; ;1; ;12;953,433919730075
3368431;1;1;2;2;17; ;2; ; ;1;2; ; ;1; ;12;953,433919730075
3368431;1;2;1; ; ; ; ; ; ; ; ; ; ; ; ;12;953,433919730075
3368431;1;3;1; ; ; ; ; ; ; ; ; ; ; ; ;12;953,433919730075
3368431;1;4;1; ; ; ; ; ; ; ; ; ; ; ; ;12;953,433919730075
3368432;1;1;2;2;17; ;2; ; ;1;2; ; ;1; ;12;2412,59747737003
3368433;1;1;2;2;66; ;3;50; ;1;2; ; ;1; ;12;4004,42246286631
3368433;1;2;2;2;17; ;3;50; ;1;2; ; ;1; ;12;4004,42246286631
3368433;1;3;2;1; ; ;3;50; ;1;2; ; ;1; ;12;4004,42246286631
3368433;1;4;2;2;17; ;3;50; ;1;2; ; ;1; ;12;4004,42246286631
3368433;1;5;1; ; ; ; ; ; ; ; ; ; ; ; ;12;4004,42246286631
3368434;1;1;1; ; ; ; ; ; ; ; ; ; ; ; ;12;2994,15362804609
3368434;1;2;1; ; ; ; ; ; ; ; ; ; ; ; ;12;2994,15362804609
3368434;1;3;2;2;05; ;2; ; ;1;2; ; ;1; ;12;2994,15362804609
3368434;1;4;2;2;05; ;2; ; ;1;2; ; ;1; ;12;2994,15362804609
3368435;1;1;2;2;66; ;2; ; ;1;2; ; ;1; ;12;1053,28859920273
3368435;1;2;2;2;05; ;2; ; ;1;2; ; ;1; ;12;1053,28859920273
3368435;1;3;2;2;66; ;2; ; ;1;2; ; ;1; ;12;1053,28859920273
3368435;1;4;1; ; ; ; ; ; ; ; ; ; ; ; ;12;1053,28859920273
3368436;1;1;2;2;17; ;2; ; ;1;2; ; ;1; ;12;953,433919730075
3368436;1;2;2;2;17; ;2; ; ;1;2; ; ;1; ;12;953,433919730075
3368436;1;3;1; ; ; ; ; ; ; ; ; ; ; ; ;12;953,433919730075
3368436;1;4;2;2;17; ;2; ; ;1;2; ; ;1; ;12;953,433919730075
3368436;1;5;2;2;17; ;2; ; ;1;2; ; ;1; ;12;953,433919730075
3368437;1;1;1; ; ; ; ; ; ; ; ; ; ; ; ;12;883,73579400848
3368437;1;2;1; ; ; ; ; ; ; ; ; ; ; ; ;12;883,73579400848
3368437;1;3;1; ; ; ; ; ; ; ; ; ; ; ; ;12;883,73579400848
3368439;1;1;1; ; ; ; ; ; ; ; ; ; ; ; ;12;626,627887435709
3368439;1;2;1; ; ; ; ; ; ; ; ; ; ; ; ;12;626,627887435709
3368439;1;3;1; ; ; ; ; ; ; ; ; ; ; ; ;12;626,627887435709
3368440;1;1;2;2;76; ;2; ; ;2;2; ; ;2; ;12;1426,42393332722
3368440;1;2;1; ; ; ; ; ; ; ; ; ; ; ; ;12;1426,42393332722
3368440;1;3;1; ; ; ; ; ; ; ; ; ; ; ; ;12;1426,42393332722
3368441;1;1;1; ; ; ; ; ; ; ; ; ; ; ; ;12;895,205931453997
3368441;1;2;1; ; ; ; ; ; ; ; ; ; ; ; ;12;895,205931453997
3368441;1;3;1; ; ; ; ; ; ; ; ; ; ; ; ;12;895,205931453997
3368441;1;4;1; ; ; ; ; ; ; ; ; ; ; ; ;12;895,205931453997
3368441;1;5;1; ; ; ; ; ; ; ; ; ; ; ; ;12;895,205931453997
3368442;1;1;1; ; ; ; ; ; ; ; ; ; ; ; ;12;845,087170172143
3368442;1;2;1; ; ; ; ; ; ; ; ; ; ; ; ;12;845,087170172143
3368443;1;1;1; ; ; ; ; ; ; ; ; ; ; ; ;12;977,060555346152
3368444;1;1;2;2;17; ;2; ; ;1;2; ; ;2; ;12;1598,85234329947
3368444;1;2;1; ; ; ; ; ; ; ; ; ; ; ; ;12;1598,85234329947
3368444;1;3;1; ; ; ; ; ; ; ; ; ; ; ; ;12;1598,85234329947
3368445;1;1;1; ; ; ; ; ; ; ; ; ; ; ; ;12;777,704903119458
3368445;1;2;1; ; ; ; ; ; ; ; ; ; ; ; ;12;777,704903119458
3368447;1;1;2;2;13; ;2; ; ;1;2; ; ;1; ;12;4004,42246286631
3368447;1;2;1; ; ; ; ; ; ; ; ; ; ; ; ;12;4004,42246286631
3368447;1;3;1; ; ; ; ; ; ; ; ; ; ; ; ;12;4004,42246286631
3368447;1;4;1; ; ; ; ; ; ; ; ; ; ; ; ;12;4004,42246286631
3368447;1;5;1; ; ; ; ; ; ; ; ; ; ; ; ;12;4004,42246286631
3368448;1;1;1; ; ; ; ; ; ; ; ; ; ; ; ;12;626,627887435709
3368448;1;2;1; ; ; ; ; ; ; ; ; ; ; ; ;12;626,627887435709
3368448;1;3;1; ; ; ; ; ; ; ; ; ; ; ; ;12;626,627887435709
3368450;1;1;2;2;05; ;2; ; ;2;2; ; ;2; ;12;969,788934562351
3368450;1;2;1; ; ; ; ; ; ; ; ; ; ; ; ;12;969,788934562351
3368451;1;1;1; ; ; ; ; ; ; ; ; ; ; ; ;12;883,73579400848
3368451;1;2;1; ; ; ; ; ; ; ; ; ; ; ; ;12;883,73579400848
3368451;1;3;1; ; ; ; ; ; ; ; ; ; ; ; ;12;883,73579400848
3368452;1;1;1; ; ; ; ; ; ; ; ; ; ; ; ;12;953,433919730075
3368452;1;2;1; ; ; ; ; ; ; ; ; ; ; ; ;12;953,433919730075
3368452;1;3;1; ; ; ; ; ; ; ; ; ; ; ; ;12;953,433919730075
3368452;1;4;1; ; ; ; ; ; ; ; ; ; ; ; ;12;953,433919730075
3368453;1;1;2;2;17; ;2; ; ;2;2; ; ;2; ;12;1213,16901723213
3368453;1;2;2;2;17; ;2; ; ;2;2; ; ;2; ;12;1213,16901723213
3368453;1;3;1; ; ; ; ; ; ; ; ; ; ; ; ;12;1213,16901723213
3368453;1;4;1; ; ; ; ; ; ; ; ; ; ; ; ;12;1213,16901723213
3368453;1;5;1; ; ; ; ; ; ; ; ; ; ; ; ;12;1213,16901723213
3368454;1;1;1; ; ; ; ; ; ; ; ; ; ; ; ;12;1469,14148693634
3368454;1;2;1; ; ; ; ; ; ; ; ; ; ; ; ;12;1469,14148693634
3368454;1;3;1; ; ; ; ; ; ; ; ; ; ; ; ;12;1469,14148693634
3368454;1;4;1; ; ; ; ; ; ; ; ; ; ; ; ;12;1469,14148693634
3368455;1;1;1; ; ; ; ; ; ; ; ; ; ; ; ;12;1819,80429697299
3368455;1;2;1; ; ; ; ; ; ; ; ; ; ; ; ;12;1819,80429697299
3368455;1;3;1; ; ; ; ; ; ; ; ; ; ; ; ;12;1819,80429697299
3368455;1;4;2;2;17; ;2; ; ;2;2; ; ;2; ;12;1819,80429697299
3368455;1;5;1; ; ; ; ; ; ; ; ; ; ; ; ;12;1819,80429697299
3368456;1;1;1; ; ; ; ; ; ; ; ; ; ; ; ;12;953,433919730075
3368458;1;1;1; ; ; ; ; ; ; ; ; ; ; ; ;12;953,433919730075
3368458;1;2;1; ; ; ; ; ; ; ; ; ; ; ; ;12;953,433919730075
3368459;1;1;1; ; ; ; ; ; ; ; ; ; ; ; ;12;777,704903119458
3368459;1;2;1; ; ; ; ; ; ; ; ; ; ; ; ;12;777,704903119458
3368460;1;1;1; ; ; ; ; ; ; ; ; ; ; ; ;12;967,281406265559
3368460;1;2;1; ; ; ; ; ; ; ; ; ; ; ; ;12;967,281406265559
3368460;1;3;1; ; ; ; ; ; ; ; ; ; ; ; ;12;967,281406265559
3368460;1;4;1; ; ; ; ; ; ; ; ; ; ; ; ;12;967,281406265559
3368462;1;1;1; ; ; ; ; ; ; ; ; ; ; ; ;12;1638,28685391381
3368462;1;2;1; ; ; ; ; ; ; ; ; ; ; ; ;12;1638,28685391381
3368462;1;3;1; ; ; ; ; ; ; ; ; ; ; ; ;12;1638,28685391381
3368462;1;4;1; ; ; ; ; ; ; ; ; ; ; ; ;12;1638,28685391381
3368462;1;5;1; ; ; ; ; ; ; ; ; ; ; ; ;12;1638,28685391381
3368462;1;6;1; ; ; ; ; ; ; ; ; ; ; ; ;12;1638,28685391381
3368462;1;7;1; ; ; ; ; ; ; ; ; ; ; ; ;12;1638,28685391381
3368462;1;8;1; ; ; ; ; ; ; ; ; ; ; ; ;12;1638,28685391381
3368462;1;9;1; ; ; ; ; ; ; ; ; ; ; ; ;12;1638,28685391381
3368462;1;10;1; ; ; ; ; ; ; ; ; ; ; ; ;12;1638,28685391381
3368462;1;11;1; ; ; ; ; ; ; ; ; ; ; ; ;12;1638,28685391381
3368463;1;1;1; ; ; ; ; ; ; ; ; ; ; ; ;12;2066,88659478172
3368463;1;2;1; ; ; ; ; ; ; ; ; ; ; ; ;12;2066,88659478172
3368463;1;3;1; ; ; ; ; ; ; ; ; ; ; ; ;12;2066,88659478172
3368463;1;4;1; ; ; ; ; ; ; ; ; ; ; ; ;12;2066,88659478172
3368464;1;1;1; ; ; ; ; ; ; ; ; ; ; ; ;12;974,55302704936
3368464;1;2;1; ; ; ; ; ; ; ; ; ; ; ; ;12;974,55302704936
3368464;1;3;1; ; ; ; ; ; ; ; ; ; ; ; ;12;974,55302704936
3368465;1;1;1; ; ; ; ; ; ; ; ; ; ; ; ;12;969,788934562351
3368465;1;2;1; ; ; ; ; ; ; ; ; ; ; ; ;12;969,788934562351
3368469;1;1;1; ; ; ; ; ; ; ; ; ; ; ; ;12;953,433919730075
3368469;1;2;1; ; ; ; ; ; ; ; ; ; ; ; ;12;953,433919730075
3368469;1;3;1; ; ; ; ; ; ; ; ; ; ; ; ;12;953,433919730075
3368469;1;4;1; ; ; ; ; ; ; ; ; ; ; ; ;12;953,433919730075
3368472;1;1;2;2;17; ;2; ; ;1;2; ; ;1; ;12;2065,23945993135
3368472;1;2;2;2;76; ;2; ; ;1;2; ; ;1; ;12;2065,23945993135
3368472;1;3;1; ; ; ; ; ; ; ; ; ; ; ; ;12;2065,23945993135
3368472;1;4;2;2;17; ;2; ; ;1;2; ; ;1; ;12;2065,23945993135
3368472;1;5;1; ; ; ; ; ; ; ; ; ; ; ; ;12;2065,23945993135
3368473;1;1;1; ; ; ; ; ; ; ; ; ; ; ; ;12;953,433919730075
3368474;1;1;2;2;76; ;2; ; ;1;2; ; ;1; ;12;953,433919730075
3368474;1;2;2;2;17; ;2; ; ;1;2; ; ;1; ;12;953,433919730075
3368475;1;1;1; ; ; ; ; ; ; ; ; ; ; ; ;12;953,433919730075
3368475;1;2;2;2;17; ;2; ; ;1;2; ; ;1; ;12;953,433919730075
3368475;1;3;1; ; ; ; ; ; ; ; ; ; ; ; ;12;953,433919730075
3368477;1;1;1; ; ; ; ; ; ; ; ; ; ; ; ;12;977,060555346152
3368478;1;1;1; ; ; ; ; ; ; ; ; ; ; ; ;12;953,433919730075
3368478;1;2;1; ; ; ; ; ; ; ; ; ; ; ; ;12;953,433919730075
3368479;1;1;1; ; ; ; ; ; ; ; ; ; ; ; ;12;964,882132648716
3368480;1;1;1; ; ; ; ; ; ; ; ; ; ; ; ;12;964,882132648716
3368481;1;1;1; ; ; ; ; ; ; ; ; ; ; ; ;12;953,433919730075
3368481;1;2;1; ; ; ; ; ; ; ; ; ; ; ; ;12;953,433919730075
3368482;1;1;1; ; ; ; ; ; ; ; ; ; ; ; ;12;1006,40047895566
3368482;1;2;2;2;17; ;3;17; ;1;3;76; ;1; ;12;1006,40047895566
3368483;1;1;1; ; ; ; ; ; ; ; ; ; ; ; ;12;2485,48227312671
3368483;1;2;1; ; ; ; ; ; ; ; ; ; ; ; ;12;2485,48227312671
3368483;1;3;1; ; ; ; ; ; ; ; ; ; ; ; ;12;2485,48227312671
3368484;1;1;1; ; ; ; ; ; ; ; ; ; ; ; ;12;1001,10723545409
3368484;1;2;1; ; ; ; ; ; ; ; ; ; ; ; ;12;1001,10723545409
3368484;1;3;1; ; ; ; ; ; ; ; ; ; ; ; ;12;1001,10723545409
3368485;1;1;2;2;17; ;3;66; ;2;3;17; ;2; ;12;969,788934562351
3368485;1;2;2;2;17; ;3;66; ;2;3;17; ;2; ;12;969,788934562351
3368486;1;1;2;2;05; ;3;17; ;2;3;17; ;2; ;12;1351,77004549073
3368486;1;2;2;2;17; ;3;17; ;2;3;17; ;2; ;12;1351,77004549073
3368486;1;3;2;2;17; ;3;17; ;2;3;17; ;2; ;12;1351,77004549073
3368486;1;4;2;2;17; ;3;17; ;2;3;17; ;2; ;12;1351,77004549073
3368488;1;1;1; ; ; ; ; ; ; ; ; ; ; ; ;12;953,433919730075
3368488;1;2;1; ; ; ; ; ; ; ; ; ; ; ; ;12;953,433919730075
3368488;1;3;1; ; ; ; ; ; ; ; ; ; ; ; ;12;953,433919730075
3368489;1;1;1; ; ; ; ; ; ; ; ; ; ; ; ;12;953,433919730075
3368489;1;2;1; ; ; ; ; ; ; ; ; ; ; ; ;12;953,433919730075
3368492;1;1;1; ; ; ; ; ; ; ; ; ; ; ; ;12;2129,25976986149
3368492;1;2;1; ; ; ; ; ; ; ; ; ; ; ; ;12;2129,25976986149
3368492;1;3;1; ; ; ; ; ; ; ; ; ; ; ; ;12;2129,25976986149
3368492;1;4;1; ; ; ; ; ; ; ; ; ; ; ; ;12;2129,25976986149
3368492;1;5;1; ; ; ; ; ; ; ; ; ; ; ; ;12;2129,25976986149
3368493;1;1;1; ; ; ; ; ; ; ; ; ; ; ; ;12;969,788934562351
3368493;1;2;1; ; ; ; ; ; ; ; ; ; ; ; ;12;969,788934562351
3368494;1;1;1; ; ; ; ; ; ; ; ; ; ; ; ;12;969,788934562351
3368494;1;2;1; ; ; ; ; ; ; ; ; ; ; ; ;12;969,788934562351
3368496;1;1;2;2;05; ;2; ; ;2;2; ; ;2; ;12;1245,98415408762
3368497;1;1;1; ; ; ; ; ; ; ; ; ; ; ; ;12;1618,20581564852
3368497;1;2;1; ; ; ; ; ; ; ; ; ; ; ; ;12;1618,20581564852
3368497;1;3;1; ; ; ; ; ; ; ; ; ; ; ; ;12;1618,20581564852
3368497;1;4;1; ; ; ; ; ; ; ; ; ; ; ; ;12;1618,20581564852
3368497;1;5;1; ; ; ; ; ; ; ; ; ; ; ; ;12;1618,20581564852
3368497;1;6;1; ; ; ; ; ; ; ; ; ; ; ; ;12;1618,20581564852
3368498;1;1;1; ; ; ; ; ; ; ; ; ; ; ; ;12;1178,60188703493
3368500;1;1;1; ; ; ; ; ; ; ; ; ; ; ; ;12;953,433919730075
3368500;1;2;1; ; ; ; ; ; ; ; ; ; ; ; ;12;953,433919730075
3368500;1;3;1; ; ; ; ; ; ; ; ; ; ; ; ;12;953,433919730075
3368500;1;4;1; ; ; ; ; ; ; ; ; ; ; ; ;12;953,433919730075
3368501;1;1;1; ; ; ; ; ; ; ; ; ; ; ; ;12;977,060555346152
3368502;1;1;1; ; ; ; ; ; ; ; ; ; ; ; ;12;1080,58391793838
3368502;1;2;1; ; ; ; ; ; ; ; ; ; ; ; ;12;1080,58391793838
3368502;1;3;1; ; ; ; ; ; ; ; ; ; ; ; ;12;1080,58391793838
3368502;1;4;1; ; ; ; ; ; ; ; ; ; ; ; ;12;1080,58391793838
3368504;1;1;1; ; ; ; ; ; ; ; ; ; ; ; ;12;1245,98415408762
3368505;1;1;1; ; ; ; ; ; ; ; ; ; ; ; ;12;777,704903119458
3368505;1;2;2;2;17; ;2; ; ;2;2; ; ;2; ;12;777,704903119458
3368506;1;1;1; ; ; ; ; ; ; ; ; ; ; ; ;12;1080,58391793838
3368506;1;2;2;2;17; ;2; ; ;2;2; ; ;2; ;12;1080,58391793838
3368506;1;3;2;2;66; ;2; ; ;2;2; ; ;2; ;12;1080,58391793838
3368506;1;4;1; ; ; ; ; ; ; ; ; ; ; ; ;12;1080,58391793838
3368507;1;1;1; ; ; ; ; ; ; ; ; ; ; ; ;12;667,5925185913
3368507;1;2;1; ; ; ; ; ; ; ; ; ; ; ; ;12;667,5925185913
3368507;1;3;1; ; ; ; ; ; ; ; ; ; ; ; ;12;667,5925185913
3368507;1;4;1; ; ; ; ; ; ; ; ; ; ; ; ;12;667,5925185913
3368509;1;1;1; ; ; ; ; ; ; ; ; ; ; ; ;12;777,704903119458
3368509;1;2;1; ; ; ; ; ; ; ; ; ; ; ; ;12;777,704903119458
3368510;1;1;2;2;17; ;3;05; ;2;2; ; ;2; ;12;1442,58727853161
3368510;1;2;2;2;05; ;3;05; ;2;2; ; ;2; ;12;1442,58727853161
3368510;1;3;2;2;05; ;3;05; ;2;2; ; ;2; ;12;1442,58727853161
3368510;1;4;2;2;05; ;1; ; ; ;2; ; ;2; ;12;1442,58727853161
3368511;1;1;2;2;17; ;3;17; ;1;2; ; ;1; ;12;4004,42246286631
3368511;1;2;1; ; ; ; ; ; ; ; ; ; ; ; ;12;4004,42246286631
3368511;1;3;1; ; ; ; ; ; ; ; ; ; ; ; ;12;4004,42246286631
3368511;1;4;1; ; ; ; ; ; ; ; ; ; ; ; ;12;4004,42246286631
3368511;1;5;1; ; ; ; ; ; ; ; ; ; ; ; ;12;4004,42246286631
3368511;1;6;1; ; ; ; ; ; ; ; ; ; ; ; ;12;4004,42246286631
3368511;1;7;1; ; ; ; ; ; ; ; ; ; ; ; ;12;4004,42246286631
3368511;1;8;1; ; ; ; ; ; ; ; ; ; ; ; ;12;4004,42246286631
3368511;1;9;1; ; ; ; ; ; ; ; ; ; ; ; ;12;4004,42246286631
3368513;1;1;1; ; ; ; ; ; ; ; ; ; ; ; ;12;777,704903119458
3368513;1;2;1; ; ; ; ; ; ; ; ; ; ; ; ;12;777,704903119458
3368514;1;1;1; ; ; ; ; ; ; ; ; ; ; ; ;12;1178,60188703493
3368515;1;1;1; ; ; ; ; ; ; ; ; ; ; ; ;12;974,55302704936
3368515;1;2;1; ; ; ; ; ; ; ; ; ; ; ; ;12;974,55302704936
3368515;1;3;2;2;17; ;2; ; ;2;2; ; ;2; ;12;974,55302704936
3368516;1;1;1; ; ; ; ; ; ; ; ; ; ; ; ;12;817,9724617755
3368516;1;2;1; ; ; ; ; ; ; ; ; ; ; ; ;12;817,9724617755
3368516;1;3;1; ; ; ; ; ; ; ; ; ; ; ; ;12;817,9724617755
3368517;1;1;1; ; ; ; ; ; ; ; ; ; ; ; ;12;890,544439726826
3368517;1;2;1; ; ; ; ; ; ; ; ; ; ; ; ;12;890,544439726826
3368517;1;3;1; ; ; ; ; ; ; ; ; ; ; ; ;12;890,544439726826
3368518;1;1;2;2;73; ;2; ; ;2;2; ; ;2; ;12;892,835813638953
3368519;1;1;1; ; ; ; ; ; ; ; ; ; ; ; ;12;721,70542128822
3368519;1;2;1; ; ; ; ; ; ; ; ; ; ; ; ;12;721,70542128822
3368519;1;3;1; ; ; ; ; ; ; ; ; ; ; ; ;12;721,70542128822
3368519;1;4;1; ; ; ; ; ; ; ; ; ; ; ; ;12;721,70542128822
3368519;1;5;1; ; ; ; ; ; ; ; ; ; ; ; ;12;721,70542128822
3368519;1;6;1; ; ; ; ; ; ; ; ; ; ; ; ;12;721,70542128822
3368520;1;1;1; ; ; ; ; ; ; ; ; ; ; ; ;12;1256,8832330197
3368520;1;2;1; ; ; ; ; ; ; ; ; ; ; ; ;12;1256,8832330197
3368521;1;1;2;2;17; ;2; ; ;1;2; ; ;1; ;12;953,433919730075
3368521;1;2;2;2;17; ;2; ; ;1;2; ; ;1; ;12;953,433919730075
3368521;1;3;1; ; ; ; ; ; ; ; ; ; ; ; ;12;953,433919730075
3368522;1;1;1; ; ; ; ; ; ; ; ; ; ; ; ;12;953,433919730075
3368522;1;2;1; ; ; ; ; ; ; ; ; ; ; ; ;12;953,433919730075
3368523;1;1;2;2;17; ;2; ; ;1;2; ; ;1; ;12;953,433919730075
3368524;1;1;2;2;17; ;2; ; ;1;2; ; ;1; ;12;953,433919730075
3368524;1;2;1; ; ; ; ; ; ; ; ; ; ; ; ;12;953,433919730075
3368524;1;3;2;1; ; ;2; ; ;1;2; ; ;1; ;12;953,433919730075
3368524;1;4;1; ; ; ; ; ; ; ; ; ; ; ; ;12;953,433919730075
3368525;1;1;1; ; ; ; ; ; ; ; ; ; ; ; ;12;953,433919730075
3368525;1;2;1; ; ; ; ; ; ; ; ; ; ; ; ;12;953,433919730075
3368525;1;3;1; ; ; ; ; ; ; ; ; ; ; ; ;12;953,433919730075
3368525;1;4;1; ; ; ; ; ; ; ; ; ; ; ; ;12;953,433919730075
3368526;1;1;1; ; ; ; ; ; ; ; ; ; ; ; ;12;953,433919730075
3368526;1;2;1; ; ; ; ; ; ; ; ; ; ; ; ;12;953,433919730075
3368526;1;3;1; ; ; ; ; ; ; ; ; ; ; ; ;12;953,433919730075
3368527;1;1;1; ; ; ; ; ; ; ; ; ; ; ; ;12;953,433919730075
3368527;1;2;1; ; ; ; ; ; ; ; ; ; ; ; ;12;953,433919730075
3368527;1;3;1; ; ; ; ; ; ; ; ; ; ; ; ;12;953,433919730075
3368528;1;1;1; ; ; ; ; ; ; ; ; ; ; ; ;12;953,433919730075
3368529;1;1;1; ; ; ; ; ; ; ; ; ; ; ; ;12;953,433919730075
3368529;1;2;1; ; ; ; ; ; ; ; ; ; ; ; ;12;953,433919730075
3368530;1;1;1; ; ; ; ; ; ; ; ; ; ; ; ;12;953,433919730075
3368530;1;2;1; ; ; ; ; ; ; ; ; ; ; ; ;12;953,433919730075
3368531;1;1;1; ; ; ; ; ; ; ; ; ; ; ; ;12;1075,81982545137
3368531;1;2;1; ; ; ; ; ; ; ; ; ; ; ; ;12;1075,81982545137
3368531;1;3;1; ; ; ; ; ; ; ; ; ; ; ; ;12;1075,81982545137
3368532;1;1;1; ; ; ; ; ; ; ; ; ; ; ; ;12;1245,73915460171
3368532;1;2;1; ; ; ; ; ; ; ; ; ; ; ; ;12;1245,73915460171
3368532;1;3;1; ; ; ; ; ; ; ; ; ; ; ; ;12;1245,73915460171
3368534;1;1;1; ; ; ; ; ; ; ; ; ; ; ; ;12;951,118061061165
3368534;1;2;1; ; ; ; ; ; ; ; ; ; ; ; ;12;951,118061061165
3368534;1;3;1; ; ; ; ; ; ; ; ; ; ; ; ;12;951,118061061165
3368535;1;1;2;2;17; ;2; ; ;1;2; ; ;1; ;12;953,433919730075
3368535;1;2;1; ; ; ; ; ; ; ; ; ; ; ; ;12;953,433919730075
3368535;1;3;1; ; ; ; ; ; ; ; ; ; ; ; ;12;953,433919730075
3368536;1;1;1; ; ; ; ; ; ; ; ; ; ; ; ;12;953,433919730075
3368537;1;1;1; ; ; ; ; ; ; ; ; ; ; ; ;12;953,433919730075
3368537;1;2;1; ; ; ; ; ; ; ; ; ; ; ; ;12;953,433919730075
3368539;1;1;1; ; ; ; ; ; ; ; ; ; ; ; ;12;953,433919730075
3368539;1;2;1; ; ; ; ; ; ; ; ; ; ; ; ;12;953,433919730075
3368539;1;3;1; ; ; ; ; ; ; ; ; ; ; ; ;12;953,433919730075
3368539;1;4;1; ; ; ; ; ; ; ; ; ; ; ; ;12;953,433919730075
3368540;1;1;1; ; ; ; ; ; ; ; ; ; ; ; ;12;777,704903119458
3368540;1;2;1; ; ; ; ; ; ; ; ; ; ; ; ;12;777,704903119458
3368541;1;1;1; ; ; ; ; ; ; ; ; ; ; ; ;12;1261,26869666389
3368541;1;2;1; ; ; ; ; ; ; ; ; ; ; ; ;12;1261,26869666389
3368541;1;3;1; ; ; ; ; ; ; ; ; ; ; ; ;12;1261,26869666389
3368541;1;4;1; ; ; ; ; ; ; ; ; ; ; ; ;12;1261,26869666389
3368543;1;1;1; ; ; ; ; ; ; ; ; ; ; ; ;12;974,55302704936
3368543;1;2;1; ; ; ; ; ; ; ; ; ; ; ; ;12;974,55302704936
3368543;1;3;1; ; ; ; ; ; ; ; ; ; ; ; ;12;974,55302704936
3368544;1;1;1; ; ; ; ; ; ; ; ; ; ; ; ;12;2180,93040746321
3368544;1;2;1; ; ; ; ; ; ; ; ; ; ; ; ;12;2180,93040746321
3368544;1;3;1; ; ; ; ; ; ; ; ; ; ; ; ;12;2180,93040746321
3368544;1;4;1; ; ; ; ; ; ; ; ; ; ; ; ;12;2180,93040746321
3368544;1;5;1; ; ; ; ; ; ; ; ; ; ; ; ;12;2180,93040746321
3368544;1;6;1; ; ; ; ; ; ; ; ; ; ; ; ;12;2180,93040746321
3368544;1;7;1; ; ; ; ; ; ; ; ; ; ; ; ;12;2180,93040746321
3368544;1;8;1; ; ; ; ; ; ; ; ; ; ; ; ;12;2180,93040746321
3368544;1;9;1; ; ; ; ; ; ; ; ; ; ; ; ;12;2180,93040746321
3368545;1;1;1; ; ; ; ; ; ; ; ; ; ; ; ;12;1171,40115097926
3368545;1;2;1; ; ; ; ; ; ; ; ; ; ; ; ;12;1171,40115097926
3368545;1;3;1; ; ; ; ; ; ; ; ; ; ; ; ;12;1171,40115097926
3368545;1;4;1; ; ; ; ; ; ; ; ; ; ; ; ;12;1171,40115097926
3368547;1;1;1; ; ; ; ; ; ; ; ; ; ; ; ;12;626,627887435709
3368547;1;2;1; ; ; ; ; ; ; ; ; ; ; ; ;12;626,627887435709
3368547;1;3;1; ; ; ; ; ; ; ; ; ; ; ; ;12;626,627887435709
3368547;1;4;1; ; ; ; ; ; ; ; ; ; ; ; ;12;626,627887435709
3368547;1;5;1; ; ; ; ; ; ; ; ; ; ; ; ;12;626,627887435709
3368548;1;1;1; ; ; ; ; ; ; ; ; ; ; ; ;12;953,433919730075
3368548;1;2;1; ; ; ; ; ; ; ; ; ; ; ; ;12;953,433919730075
3368548;1;3;1; ; ; ; ; ; ; ; ; ; ; ; ;12;953,433919730075
3368549;1;1;1; ; ; ; ; ; ; ; ; ; ; ; ;12;964,882132648716
3368550;1;1;1; ; ; ; ; ; ; ; ; ; ; ; ;12;1171,33026625113
3368550;1;2;1; ; ; ; ; ; ; ; ; ; ; ; ;12;1171,33026625113
3368552;1;1;1; ; ; ; ; ; ; ; ; ; ; ; ;12;1181,8507163404
3368552;1;2;1; ; ; ; ; ; ; ; ; ; ; ; ;12;1181,8507163404
3368552;1;3;1; ; ; ; ; ; ; ; ; ; ; ; ;12;1181,8507163404
3368552;1;4;1; ; ; ; ; ; ; ; ; ; ; ; ;12;1181,8507163404
3368553;1;1;1; ; ; ; ; ; ; ; ; ; ; ; ;12;1245,98415408762
3368554;1;1;1; ; ; ; ; ; ; ; ; ; ; ; ;12;974,55302704936
3368554;1;2;1; ; ; ; ; ; ; ; ; ; ; ; ;12;974,55302704936
3368554;1;3;1; ; ; ; ; ; ; ; ; ; ; ; ;12;974,55302704936
3368555;1;1;1; ; ; ; ; ; ; ; ; ; ; ; ;12;977,060555346152
3368556;1;1;1; ; ; ; ; ; ; ; ; ; ; ; ;12;977,060555346152
3368557;1;1;1; ; ; ; ; ; ; ; ; ; ; ; ;12;1238,71253330382
3368557;1;2;1; ; ; ; ; ; ; ; ; ; ; ; ;12;1238,71253330382
3368558;1;1;1; ; ; ; ; ; ; ; ; ; ; ; ;12;969,788934562351
3368558;1;2;1; ; ; ; ; ; ; ; ; ; ; ; ;12;969,788934562351
3368559;1;1;1; ; ; ; ; ; ; ; ; ; ; ; ;12;4004,42246286631
3368559;1;2;1; ; ; ; ; ; ; ; ; ; ; ; ;12;4004,42246286631
3368559;1;3;1; ; ; ; ; ; ; ; ; ; ; ; ;12;4004,42246286631
3368559;1;4;1; ; ; ; ; ; ; ; ; ; ; ; ;12;4004,42246286631
3368559;1;5;1; ; ; ; ; ; ; ; ; ; ; ; ;12;4004,42246286631
3368559;1;6;1; ; ; ; ; ; ; ; ; ; ; ; ;12;4004,42246286631
3368561;1;1;1; ; ; ; ; ; ; ; ; ; ; ; ;12;969,788934562351
3368561;1;2;1; ; ; ; ; ; ; ; ; ; ; ; ;12;969,788934562351
3368562;1;1;1; ; ; ; ; ; ; ; ; ; ; ; ;12;954,185702942637
3368562;1;2;1; ; ; ; ; ; ; ; ; ; ; ; ;12;954,185702942637
3368562;1;3;1; ; ; ; ; ; ; ; ; ; ; ; ;12;954,185702942637
3368563;1;1;1; ; ; ; ; ; ; ; ; ; ; ; ;12;1498,3363904829
3368563;1;2;1; ; ; ; ; ; ; ; ; ; ; ; ;12;1498,3363904829
3368563;1;3;2;3; ;4;2; ; ;2;2; ; ;2; ;12;1498,3363904829
3368564;1;1;1; ; ; ; ; ; ; ; ; ; ; ; ;12;572,6112027205
3368564;1;2;1; ; ; ; ; ; ; ; ; ; ; ; ;12;572,6112027205
3368564;1;3;1; ; ; ; ; ; ; ; ; ; ; ; ;12;572,6112027205
3368564;1;4;1; ; ; ; ; ; ; ; ; ; ; ; ;12;572,6112027205
3368564;1;5;1; ; ; ; ; ; ; ; ; ; ; ; ;12;572,6112027205
3368564;1;6;1; ; ; ; ; ; ; ; ; ; ; ; ;12;572,6112027205
3368564;1;7;1; ; ; ; ; ; ; ; ; ; ; ; ;12;572,6112027205
3368565;1;1;1; ; ; ; ; ; ; ; ; ; ; ; ;12;886,191022358152
3368565;1;2;1; ; ; ; ; ; ; ; ; ; ; ; ;12;886,191022358152
3368567;1;1;1; ; ; ; ; ; ; ; ; ; ; ; ;12;953,433919730075
3368567;1;2;1; ; ; ; ; ; ; ; ; ; ; ; ;12;953,433919730075
3368567;1;3;1; ; ; ; ; ; ; ; ; ; ; ; ;12;953,433919730075
3368567;1;4;1; ; ; ; ; ; ; ; ; ; ; ; ;12;953,433919730075
3368567;1;5;1; ; ; ; ; ; ; ; ; ; ; ; ;12;953,433919730075
3368568;1;1;1; ; ; ; ; ; ; ; ; ; ; ; ;12;953,433919730075
3368568;1;2;1; ; ; ; ; ; ; ; ; ; ; ; ;12;953,433919730075
3368568;1;3;1; ; ; ; ; ; ; ; ; ; ; ; ;12;953,433919730075
3368568;1;4;1; ; ; ; ; ; ; ; ; ; ; ; ;12;953,433919730075
3368569;1;1;1; ; ; ; ; ; ; ; ; ; ; ; ;12;953,433919730075
3368569;1;2;1; ; ; ; ; ; ; ; ; ; ; ; ;12;953,433919730075
3368570;1;1;1; ; ; ; ; ; ; ; ; ; ; ; ;12;3467,63673537049
3368570;1;2;1; ; ; ; ; ; ; ; ; ; ; ; ;12;3467,63673537049
3368570;1;3;1; ; ; ; ; ; ; ; ; ; ; ; ;12;3467,63673537049
3368570;1;4;1; ; ; ; ; ; ; ; ; ; ; ; ;12;3467,63673537049
3368570;1;5;1; ; ; ; ; ; ; ; ; ; ; ; ;12;3467,63673537049
3368571;1;1;1; ; ; ; ; ; ; ; ; ; ; ; ;12;953,433919730075
3368571;1;2;1; ; ; ; ; ; ; ; ; ; ; ; ;12;953,433919730075
3368571;1;3;1; ; ; ; ; ; ; ; ; ; ; ; ;12;953,433919730075
3368572;1;1;1; ; ; ; ; ; ; ; ; ; ; ; ;12;2994,15362804609
3368572;1;2;1; ; ; ; ; ; ; ; ; ; ; ; ;12;2994,15362804609
3368572;1;3;1; ; ; ; ; ; ; ; ; ; ; ; ;12;2994,15362804609
3368572;1;4;1; ; ; ; ; ; ; ; ; ; ; ; ;12;2994,15362804609
3368573;1;1;1; ; ; ; ; ; ; ; ; ; ; ; ;12;177,118877254889
3368573;1;2;1; ; ; ; ; ; ; ; ; ; ; ; ;12;177,118877254889
3368574;1;1;2;2;52; ;2; ; ;1;2; ; ;1; ;12;182,997589799712
3368574;1;2;2;2;52; ;2; ; ;1;2; ; ;1; ;12;182,997589799712
3368574;1;3;2;2;52; ;2; ; ;1;2; ; ;1; ;12;182,997589799712
3368574;1;4;2;2;52; ;2; ; ;1;2; ; ;1; ;12;182,997589799712
3368574;1;5;2;2;52; ;2; ; ;1;2; ; ;1; ;12;182,997589799712
3368574;1;6;1; ; ; ; ; ; ; ; ; ; ; ; ;12;182,997589799712
3368574;1;7;2;2;52; ;2; ; ;1;2; ; ;1; ;12;182,997589799712
3368575;1;1;2;2;52; ;2; ; ;1;2; ; ;1; ;12;215,697885091384
3368575;1;2;2;2;52; ;3;52; ;2;2; ; ;1; ;12;215,697885091384
3368575;1;3;2;2;52; ;1; ; ; ;2; ; ;1; ;12;215,697885091384
3368576;1;1;2;1; ; ;2; ; ;1;2; ; ;1; ;12;145,729215971856
3368576;1;2;2;2;19; ;2; ; ;1;2; ; ;1; ;12;145,729215971856
3368576;1;3;1; ; ; ; ; ; ; ; ; ; ; ; ;12;145,729215971856
3368576;1;4;1; ; ; ; ; ; ; ; ; ; ; ; ;12;145,729215971856
3368576;1;5;1; ; ; ; ; ; ; ; ; ; ; ; ;12;145,729215971856
3368577;1;1;2;2;52; ;2; ; ;1;2; ; ;1; ;12;201,941444291795
3368577;1;2;1; ; ; ; ; ; ; ; ; ; ; ; ;12;201,941444291795
3368577;1;3;1; ; ; ; ; ; ; ; ; ; ; ; ;12;201,941444291795
3368577;1;4;1; ; ; ; ; ; ; ; ; ; ; ; ;12;201,941444291795
3368577;1;5;2;1; ; ;3;11; ;1;3;11; ;1; ;12;201,941444291795
3368578;1;1;2;2;52; ;2; ; ;1;2; ; ;1; ;12;152,940435103827
3368578;1;2;1; ; ; ; ; ; ; ; ; ; ; ; ;12;152,940435103827
3368578;1;3;1; ; ; ; ; ; ; ; ; ; ; ; ;12;152,940435103827
3368578;1;4;1; ; ; ; ; ; ; ; ; ; ; ; ;12;152,940435103827
3368578;1;5;1; ; ; ; ; ; ; ; ; ; ; ; ;12;152,940435103827
3368580;1;1;2;2;52; ;2; ; ;1;2; ; ;1; ;12;181,164446435395
3368580;1;2;1; ; ; ; ; ; ; ; ; ; ; ; ;12;181,164446435395
3368580;1;3;1; ; ; ; ; ; ; ; ; ; ; ; ;12;181,164446435395
3368580;1;4;1; ; ; ; ; ; ; ; ; ; ; ; ;12;181,164446435395
3368580;1;5;1; ; ; ; ; ; ; ; ; ; ; ; ;12;181,164446435395
3368581;1;1;1; ; ; ; ; ; ; ; ; ; ; ; ;12;166,021061771737
3368581;1;2;1; ; ; ; ; ; ; ; ; ; ; ; ;12;166,021061771737
3368581;1;3;1; ; ; ; ; ; ; ; ; ; ; ; ;12;166,021061771737
3368581;1;4;1; ; ; ; ; ; ; ; ; ; ; ; ;12;166,021061771737
3368582;1;1;2;2;52; ;2; ; ;1;2; ; ;1; ;12;160,563800648896
3368582;1;2;1; ; ; ; ; ; ; ; ; ; ; ; ;12;160,563800648896
3368582;1;3;1; ; ; ; ; ; ; ; ; ; ; ; ;12;160,563800648896
3368582;1;4;1; ; ; ; ; ; ; ; ; ; ; ; ;12;160,563800648896
3368582;1;5;1; ; ; ; ; ; ; ; ; ; ; ; ;12;160,563800648896
3368583;1;1;2;2;52; ;3;52; ;2;2; ; ;1; ;12;234,397216210355
3368583;1;2;2;2;52; ;3;52; ;2;3;52; ;2;2;12;234,397216210355
3368583;1;3;2;2;52; ;3;52; ;2;3;52; ;2;2;12;234,397216210355
3368584;1;1;2;2;52; ;3;66; ;1;2; ; ;1; ;12;207,111755337268
3368585;1;1;1; ; ; ; ; ; ; ; ; ; ; ; ;12;242,207415294335
3368586;1;1;2;2;86; ;2; ; ;1;2; ; ;1; ;12;242,124335249442
3368586;1;2;1; ; ; ; ; ; ; ; ; ; ; ; ;12;242,124335249442
3368586;1;3;1; ; ; ; ; ; ; ; ; ; ; ; ;12;242,124335249442
3368586;1;4;1; ; ; ; ; ; ; ; ; ; ; ; ;12;242,124335249442
3368586;1;5;1; ; ; ; ; ; ; ; ; ; ; ; ;12;242,124335249442
3368587;1;1;1; ; ; ; ; ; ; ; ; ; ; ; ;12;249,540600874013
3368587;1;2;2;1; ; ;3;11; ;1;2; ; ;1; ;12;249,540600874013
3368587;1;3;2;2;11; ;3;11; ;1;2; ; ;1; ;12;249,540600874013
3368587;1;4;1; ; ; ; ; ; ; ; ; ; ; ; ;12;249,540600874013
3368588;1;1;2;2;52; ;2; ; ;1;2; ; ;1; ;12;170,242983022145
3368588;1;2;2;2;52; ;2; ; ;1;2; ; ;1; ;12;170,242983022145
3368588;1;3;1; ; ; ; ; ; ; ; ; ; ; ; ;12;170,242983022145
3368588;1;4;1; ; ; ; ; ; ; ; ; ; ; ; ;12;170,242983022145
3368588;1;5;1; ; ; ; ; ; ; ; ; ; ; ; ;12;170,242983022145
3368588;1;6;1; ; ; ; ; ; ; ; ; ; ; ; ;12;170,242983022145
3368588;1;7;1; ; ; ; ; ; ; ; ; ; ; ; ;12;170,242983022145
3368589;1;1;2;2;52; ;3;52; ;1;2; ; ;1; ;12;168,72847898103
3368590;1;1;2;2;52; ;2; ; ;1;2; ; ;1; ;12;148,174154588492
3368591;1;1;2;2;52; ;2; ; ;1;2; ; ;1; ;12;192,22179198807
3368592;1;1;1; ; ; ; ; ; ; ; ; ; ; ; ;12;148,174154588492
3368593;1;1;1; ; ; ; ; ; ; ; ; ; ; ; ;12;215,755574925586
3368593;1;2;1; ; ; ; ; ; ; ; ; ; ; ; ;12;215,755574925586
3368593;1;3;1; ; ; ; ; ; ; ; ; ; ; ; ;12;215,755574925586
3368594;1;1;2;2;52; ;2; ; ;1;2; ; ;1; ;12;207,111755337268
3368595;1;1;2;2;52; ;2; ; ;1;2; ; ;1; ;12;242,207415294335
3368596;1;1;1; ; ; ; ; ; ; ; ; ; ; ; ;12;162,22891390569
3368596;1;2;1; ; ; ; ; ; ; ; ; ; ; ; ;12;162,22891390569
3368597;1;1;1; ; ; ; ; ; ; ; ; ; ; ; ;12;226,980950585785
3368597;1;2;2;2;52; ;2; ; ;1;2; ; ;1; ;12;226,980950585785
3368597;1;3;1; ; ; ; ; ; ; ; ; ; ; ; ;12;226,980950585785
3368597;1;4;2;1; ; ;3;86; ;1;2; ; ;1; ;12;226,980950585785
3368598;1;1;1; ; ; ; ; ; ; ; ; ; ; ; ;12;207,111755337268
3368600;1;1;2;2;86; ;2; ; ;1;2; ; ;1; ;12;162,22891390569
3368600;1;2;2;1; ; ;2; ; ;1;2; ; ;1; ;12;162,22891390569
3368601;1;1;2;2;23; ;2; ; ;1;2; ; ;1; ;12;200,612190261929
3368601;1;2;2;2;23; ;2; ; ;1;2; ; ;1; ;12;200,612190261929
3368602;1;1;2;2;52; ;2; ; ;1;2; ; ;1; ;12;207,111755337268
3368603;1;1;2;2;52; ;2; ; ;1;2; ; ;1; ;12;207,111755337268
3368604;1;1;1; ; ; ; ; ; ; ; ; ; ; ; ;12;220,836506891023
3368604;1;2;1; ; ; ; ; ; ; ; ; ; ; ; ;12;220,836506891023
3368604;1;3;1; ; ; ; ; ; ; ; ; ; ; ; ;12;220,836506891023
3368604;1;4;1; ; ; ; ; ; ; ; ; ; ; ; ;12;220,836506891023
3368604;1;5;1; ; ; ; ; ; ; ; ; ; ; ; ;12;220,836506891023
3368604;1;6;2;2;52; ;2; ; ;1;2; ; ;1; ;12;220,836506891023
3368606;1;1;2;2;52; ;2; ; ;1;2; ; ;1; ;12;148,174154588492
3368607;1;1;2;2;52; ;2; ; ;1;2; ; ;1; ;12;191,660212819417
3368607;1;2;2;2;52; ;2; ; ;1;2; ; ;1; ;12;191,660212819417
3368608;1;1;2;2;52; ;2; ; ;1;2; ; ;1; ;12;215,755574925586
3368608;1;2;2;2;52; ;2; ; ;1;3;52; ;1; ;12;215,755574925586
3368608;1;3;2;1; ; ;3;52; ;1;2; ; ;1; ;12;215,755574925586
3368609;1;1;2;2;86; ;2; ; ;1;2; ; ;1; ;12;192,515683233005
3368609;1;2;1; ; ; ; ; ; ; ; ; ; ; ; ;12;192,515683233005
3368609;1;3;1; ; ; ; ; ; ; ; ; ; ; ; ;12;192,515683233005
3368609;1;4;1; ; ; ; ; ; ; ; ; ; ; ; ;12;192,515683233005
3368610;1;1;2;1; ; ;2; ; ;1;2; ; ;1; ;12;192,515683233005
3368610;1;2;2;1; ; ;2; ; ;1;2; ; ;1; ;12;192,515683233005
3368610;1;3;2;1; ; ;3;76; ;1;2; ; ;1; ;12;192,515683233005
3368610;1;4;1; ; ; ; ; ; ; ; ; ; ; ; ;12;192,515683233005
3368611;1;1;2;2;52; ;3;52; ;1;3;52; ;1; ;12;140,626434097169
3368611;1;2;2;2;52; ;3;52; ;1;3;52; ;1; ;12;140,626434097169
3368611;1;3;2;1; ; ;3;52; ;1;3;52; ;1; ;12;140,626434097169
3368611;1;4;2;1; ; ;3;52; ;1;3;52; ;1; ;12;140,626434097169
3368612;1;1;2;2;52; ;2; ; ;1;2; ; ;1; ;12;185,762696843207
3368612;1;2;2;2;52; ;2; ; ;1;2; ; ;1; ;12;185,762696843207
3368612;1;3;1; ; ; ; ; ; ; ; ; ; ; ; ;12;185,762696843207
3368612;1;4;1; ; ; ; ; ; ; ; ; ; ; ; ;12;185,762696843207
3368613;1;1;1; ; ; ; ; ; ; ; ; ; ; ; ;12;148,174154588492
3368614;1;1;2;2;50; ;2; ; ;1;2; ; ;1; ;12;162,853541683875
3368614;1;2;2;2;11; ;2; ; ;1;2; ; ;1; ;12;162,853541683875
3368614;1;3;1; ; ; ; ; ; ; ; ; ; ; ; ;12;162,853541683875
3368615;1;1;2;2;85; ;2; ; ;1;2; ; ;1; ;12;172,363772343997
3368615;1;2;1; ; ; ; ; ; ; ; ; ; ; ; ;12;172,363772343997
3368615;1;3;1; ; ; ; ; ; ; ; ; ; ; ; ;12;172,363772343997
3368615;1;4;1; ; ; ; ; ; ; ; ; ; ; ; ;12;172,363772343997
3368616;1;1;2;2;15; ;2; ; ;1;2; ; ;1; ;12;158,025213966501
3368616;1;2;2;2;73; ;2; ; ;1;2; ; ;1; ;12;158,025213966501
3368616;1;3;2;2;50; ;2; ; ;1;2; ; ;1; ;12;158,025213966501
3368616;1;4;1; ; ; ; ; ; ; ; ; ; ; ; ;12;158,025213966501
3368617;1;1;2;2;25; ;2; ; ;1;2; ; ;1; ;12;168,027670748446
3368617;1;2;2;2;25; ;3;25; ;1;2; ; ;1; ;12;168,027670748446
3368617;1;3;2;2;25; ;3;25; ;1;2; ; ;1; ;12;168,027670748446
3368617;1;4;1; ; ; ; ; ; ; ; ; ; ; ; ;12;168,027670748446
3368620;1;1;2;2;11; ;3;11; ;1;2; ; ;1; ;12;192,150377305729
3368620;1;2;1; ; ; ; ; ; ; ; ; ; ; ; ;12;192,150377305729
3368620;1;3;2;2;11; ;3;11; ;1;2; ; ;1; ;12;192,150377305729
3368621;1;1;2;2;11; ;2; ; ;1;2; ; ;1; ;12;229,194427193186
3368621;1;2;1; ; ; ; ; ; ; ; ; ; ; ; ;12;229,194427193186
3368621;1;3;1; ; ; ; ; ; ; ; ; ; ; ; ;12;229,194427193186
3368621;1;4;1; ; ; ; ; ; ; ; ; ; ; ; ;12;229,194427193186
3368621;1;5;1; ; ; ; ; ; ; ; ; ; ; ; ;12;229,194427193186
3368626;1;1;2;2;50; ;2; ; ;1;2; ; ;1; ;12;173,450023360504
3368626;1;2;2;2;73; ;2; ; ;1;2; ; ;1; ;12;173,450023360504
3368627;1;1;2;2;17; ;2; ; ;1;2; ; ;1; ;12;250,75187241663
3368627;1;2;1; ; ; ; ; ; ; ; ; ; ; ; ;12;250,75187241663
3368627;1;3;1; ; ; ; ; ; ; ; ; ; ; ; ;12;250,75187241663
3368627;1;4;1; ; ; ; ; ; ; ; ; ; ; ; ;12;250,75187241663
3368628;1;1;2;2;68; ;2; ; ;1;2; ; ;1; ;12;182,614452673428
3368629;1;1;1; ; ; ; ; ; ; ; ; ; ; ; ;12;238,372110959305
3368629;1;2;1; ; ; ; ; ; ; ; ; ; ; ; ;12;238,372110959305
3368629;1;3;1; ; ; ; ; ; ; ; ; ; ; ; ;12;238,372110959305
3368630;1;1;1; ; ; ; ; ; ; ; ; ; ; ; ;12;236,184585948843
3368630;1;2;1; ; ; ; ; ; ; ; ; ; ; ; ;12;236,184585948843
3368630;1;3;1; ; ; ; ; ; ; ; ; ; ; ; ;12;236,184585948843
3368631;1;1;1; ; ; ; ; ; ; ; ; ; ; ; ;12;521,399732291774
3368631;1;2;2;2;68; ;2; ; ;1;2; ; ;1; ;12;521,399732291774
3368631;1;3;1; ; ; ; ; ; ; ; ; ; ; ; ;12;521,399732291774
3368631;1;4;1; ; ; ; ; ; ; ; ; ; ; ; ;12;521,399732291774
3368631;1;5;1; ; ; ; ; ; ; ; ; ; ; ; ;12;521,399732291774
3368632;1;1;1; ; ; ; ; ; ; ; ; ; ; ; ;12;422,215133275738
3368632;1;2;1; ; ; ; ; ; ; ; ; ; ; ; ;12;422,215133275738
3368632;1;3;1; ; ; ; ; ; ; ; ; ; ; ; ;12;422,215133275738
3368632;1;4;1; ; ; ; ; ; ; ; ; ; ; ; ;12;422,215133275738
3368633;1;1;2;2;15; ;2; ; ;1;2; ; ;1; ;12;450,420735897672
3368633;1;2;2;2;20; ;2; ; ;1;2; ; ;1; ;12;450,420735897672
3368633;1;3;2;2;15; ;2; ; ;1;2; ; ;1; ;12;450,420735897672
3368633;1;4;2;2;15; ;2; ; ;1;2; ; ;1; ;12;450,420735897672
3368634;1;1;2;2;73; ;2; ; ;1;2; ; ;1; ;12;207,575186699732
3368639;1;1;2;2;17; ;2; ; ;1;2; ; ;1; ;12;159,747251847371
3368639;1;2;1; ; ; ; ; ; ; ; ; ; ; ; ;12;159,747251847371
3368639;1;3;1; ; ; ; ; ; ; ; ; ; ; ; ;12;159,747251847371
3368639;1;4;1; ; ; ; ; ; ; ; ; ; ; ; ;12;159,747251847371
3368640;1;1;1; ; ; ; ; ; ; ; ; ; ; ; ;12;213,822865697801
3368640;1;2;1; ; ; ; ; ; ; ; ; ; ; ; ;12;213,822865697801
3368640;1;3;1; ; ; ; ; ; ; ; ; ; ; ; ;12;213,822865697801
3368640;1;4;1; ; ; ; ; ; ; ; ; ; ; ; ;12;213,822865697801
3368641;1;1;1; ; ; ; ; ; ; ; ; ; ; ; ;12;248,95533818274
3368641;1;2;2;2;73; ;2; ; ;1;2; ; ;1; ;12;248,95533818274
3368641;1;3;2;1; ; ;3;41; ;1;3;41; ;1; ;12;248,95533818274
3368642;1;1;1; ; ; ; ; ; ; ; ; ; ; ; ;12;206,771465042318
3368642;1;2;1; ; ; ; ; ; ; ; ; ; ; ; ;12;206,771465042318
3368642;1;3;1; ; ; ; ; ; ; ; ; ; ; ; ;12;206,771465042318
3368642;1;4;1; ; ; ; ; ; ; ; ; ; ; ; ;12;206,771465042318
3368643;1;1;2;2;85; ;2; ; ;1;2; ; ;1; ;12;230,632720560893
3368643;1;2;1; ; ; ; ; ; ; ; ; ; ; ; ;12;230,632720560893
3368644;1;1;2;2;85; ;2; ; ;1;2; ; ;1; ;12;158,011959513308
3368644;1;2;2;2;50; ;2; ; ;1;2; ; ;1; ;12;158,011959513308
3368644;1;3;1; ; ; ; ; ; ; ; ; ; ; ; ;12;158,011959513308
3368644;1;4;2;2;50; ;2; ; ;1;2; ; ;1; ;12;158,011959513308
3368644;1;5;2;2;76; ;2; ; ;1;2; ; ;1; ;12;158,011959513308
3368645;1;1;2;2;76; ;2; ; ;1;2; ; ;1; ;12;174,538042901265
3368645;1;2;1; ; ; ; ; ; ; ; ; ; ; ; ;12;174,538042901265
3368645;1;3;1; ; ; ; ; ; ; ; ; ; ; ; ;12;174,538042901265
3368645;1;4;1; ; ; ; ; ; ; ; ; ; ; ; ;12;174,538042901265
3368645;1;5;1; ; ; ; ; ; ; ; ; ; ; ; ;12;174,538042901265
3368646;1;1;2;2;11; ;2; ; ;1;2; ; ;1; ;12;458,26637058672
3368646;1;2;2;2;50; ;2; ; ;1;2; ; ;1; ;12;458,26637058672
3368646;1;3;1; ; ; ; ; ; ; ; ; ; ; ; ;12;458,26637058672
3368647;1;1;1; ; ; ; ; ; ; ; ; ; ; ; ;12;192,752199105633
3368647;1;2;1; ; ; ; ; ; ; ; ; ; ; ; ;12;192,752199105633
3368647;1;3;1; ; ; ; ; ; ; ; ; ; ; ; ;12;192,752199105633
3368647;1;4;1; ; ; ; ; ; ; ; ; ; ; ; ;12;192,752199105633
3368647;1;5;1; ; ; ; ; ; ; ; ; ; ; ; ;12;192,752199105633
3368647;1;6;1; ; ; ; ; ; ; ; ; ; ; ; ;12;192,752199105633
3368647;1;7;1; ; ; ; ; ; ; ; ; ; ; ; ;12;192,752199105633
3368647;1;8;1; ; ; ; ; ; ; ; ; ; ; ; ;12;192,752199105633
3368648;1;1;2;2;25; ;3;25; ;1;2; ; ;1; ;12;234,036009363753
3368648;1;2;1; ; ; ; ; ; ; ; ; ; ; ; ;12;234,036009363753
3368648;1;3;1; ; ; ; ; ; ; ; ; ; ; ; ;12;234,036009363753
3368649;1;1;2;2;11; ;3;11; ;1;2; ; ;1; ;12;238,372110959305
3368649;1;2;2;2;11; ;3;11; ;1;3;11; ;1; ;12;238,372110959305
3368649;1;3;2;2;11; ;3;11; ;1;3;11; ;1; ;12;238,372110959305
3368650;1;1;1; ; ; ; ; ; ; ; ; ; ; ; ;12;161,354006416341
3368650;1;2;1; ; ; ; ; ; ; ; ; ; ; ; ;12;161,354006416341
3368650;1;3;1; ; ; ; ; ; ; ; ; ; ; ; ;12;161,354006416341
3368650;1;4;1; ; ; ; ; ; ; ; ; ; ; ; ;12;161,354006416341
3368651;1;1;1; ; ; ; ; ; ; ; ; ; ; ; ;12;175,976336268972
3368651;1;2;1; ; ; ; ; ; ; ; ; ; ; ; ;12;175,976336268972
3368652;1;1;1; ; ; ; ; ; ; ; ; ; ; ; ;12;378,318261275708
3368652;1;2;1; ; ; ; ; ; ; ; ; ; ; ; ;12;378,318261275708
3368652;1;3;1; ; ; ; ; ; ; ; ; ; ; ; ;12;378,318261275708
3368652;1;4;1; ; ; ; ; ; ; ; ; ; ; ; ;12;378,318261275708
3368652;1;5;1; ; ; ; ; ; ; ; ; ; ; ; ;12;378,318261275708
3368652;1;6;1; ; ; ; ; ; ; ; ; ; ; ; ;12;378,318261275708
3368653;1;1;2;2;68; ;2; ; ;1;2; ; ;1; ;12;496,303233050652
3368653;1;2;1; ; ; ; ; ; ; ; ; ; ; ; ;12;496,303233050652
3368653;1;3;1; ; ; ; ; ; ; ; ; ; ; ; ;12;496,303233050652
3368653;1;4;1; ; ; ; ; ; ; ; ; ; ; ; ;12;496,303233050652
3368653;1;5;1; ; ; ; ; ; ; ; ; ; ; ; ;12;496,303233050652
3368653;1;6;1; ; ; ; ; ; ; ; ; ; ; ; ;12;496,303233050652
3368654;1;1;1; ; ; ; ; ; ; ; ; ; ; ; ;12;440,692984607627
3368654;1;2;1; ; ; ; ; ; ; ; ; ; ; ; ;12;440,692984607627
3368654;1;3;1; ; ; ; ; ; ; ; ; ; ; ; ;12;440,692984607627
3368654;1;4;1; ; ; ; ; ; ; ; ; ; ; ; ;12;440,692984607627
3368655;1;1;1; ; ; ; ; ; ; ; ; ; ; ; ;12;379,925704590536
3368655;1;2;1; ; ; ; ; ; ; ; ; ; ; ; ;12;379,925704590536
3368655;1;3;1; ; ; ; ; ; ; ; ; ; ; ; ;12;379,925704590536
3368656;1;1;1; ; ; ; ; ; ; ; ; ; ; ; ;12;440,692984607627
3368656;1;2;1; ; ; ; ; ; ; ; ; ; ; ; ;12;440,692984607627
3368656;1;3;1; ; ; ; ; ; ; ; ; ; ; ; ;12;440,692984607627
3368656;1;4;1; ; ; ; ; ; ; ; ; ; ; ; ;12;440,692984607627
3368657;1;1;1; ; ; ; ; ; ; ; ; ; ; ; ;12;275,605940511681
3368657;1;2;1; ; ; ; ; ; ; ; ; ; ; ; ;12;275,605940511681
3368657;1;3;1; ; ; ; ; ; ; ; ; ; ; ; ;12;275,605940511681
3368657;1;4;1; ; ; ; ; ; ; ; ; ; ; ; ;12;275,605940511681
3368657;1;5;1; ; ; ; ; ; ; ; ; ; ; ; ;12;275,605940511681
3368657;1;6;1; ; ; ; ; ; ; ; ; ; ; ; ;12;275,605940511681
3368658;1;1;1; ; ; ; ; ; ; ; ; ; ; ; ;12;436,317934586705
3368658;1;2;1; ; ; ; ; ; ; ; ; ; ; ; ;12;436,317934586705
3368658;1;3;1; ; ; ; ; ; ; ; ; ; ; ; ;12;436,317934586705
3368658;1;4;1; ; ; ; ; ; ; ; ; ; ; ; ;12;436,317934586705
3368662;1;1;1; ; ; ; ; ; ; ; ; ; ; ; ;12;173,450023360504
3368662;1;2;1; ; ; ; ; ; ; ; ; ; ; ; ;12;173,450023360504
3368664;1;1;2;2;63; ;3;63; ;1;2; ; ;1; ;12;197,984772052771
3368664;1;2;2;2;76; ;3;63; ;1;2; ; ;1; ;12;197,984772052771
3368664;1;3;2;2;63; ;3;63; ;1;2; ; ;1; ;12;197,984772052771
3368664;1;4;2;2;63; ;2; ; ;1;2; ; ;1; ;12;197,984772052771
3368664;1;5;2;2;63; ;1; ; ; ;2; ; ;1; ;12;197,984772052771
3368665;1;1;2;2;15; ;2; ; ;1;2; ; ;1; ;12;237,994374635926
3368665;1;2;2;2;11; ;3;11; ;1;2; ; ;1; ;12;237,994374635926
3368665;1;3;2;2;15; ;3;11; ;1;3;11; ;1; ;12;237,994374635926
3368666;1;1;2;2;11; ;2; ; ;1;2; ; ;1; ;12;222,143026537703
3368666;1;2;1; ; ; ; ; ; ; ; ; ; ; ; ;12;222,143026537703
3368666;1;3;1; ; ; ; ; ; ; ; ; ; ; ; ;12;222,143026537703
3368666;1;4;1; ; ; ; ; ; ; ; ; ; ; ; ;12;222,143026537703
3368666;1;5;1; ; ; ; ; ; ; ; ; ; ; ; ;12;222,143026537703
3368667;1;1;2;2;05; ;2; ; ;1;2; ; ;1; ;12;451,582276780653
3368667;1;2;1; ; ; ; ; ; ; ; ; ; ; ; ;12;451,582276780653
3368667;2;1;2;2;25; ;2; ; ;1;2; ; ;1; ;12;451,582276780653
3368667;2;2;2;2;17; ;2; ; ;1;2; ; ;1; ;12;451,582276780653
3368668;1;1;2;2;25; ;2; ; ;1;2; ; ;1; ;12;346,900046721007
3368668;1;2;1; ; ; ; ; ; ; ; ; ; ; ; ;12;346,900046721007
3368669;1;1;1; ; ; ; ; ; ; ; ; ; ; ; ;12;380,707686143679
3368669;1;2;1; ; ; ; ; ; ; ; ; ; ; ; ;12;380,707686143679
3368670;1;1;2;2;25; ;2; ; ;1;2; ; ;1; ;12;365,228905346857
3368673;1;1;2;2;25; ;2; ; ;1;2; ; ;1; ;12;171,937233639777
3368673;1;2;1; ; ; ; ; ; ; ; ; ; ; ; ;12;171,937233639777
3368673;1;3;1; ; ; ; ; ; ; ; ; ; ; ; ;12;171,937233639777
3368673;1;4;1; ; ; ; ; ; ; ; ; ; ; ; ;12;171,937233639777
3368674;1;1;2;2;25; ;3;25; ;1;2; ; ;1; ;12;198,398056303798
3368674;1;2;2;2;25; ;3;25; ;1;2; ; ;1; ;12;198,398056303798
3368674;1;3;2;1; ; ;3;25; ;1;2; ; ;1; ;12;198,398056303798
3368674;1;4;2;1; ; ;1; ; ; ;2; ; ;1; ;12;198,398056303798
3368674;1;5;2;1; ; ;3;25; ;1;2; ; ;1; ;12;198,398056303798
3368674;1;6;1; ; ; ; ; ; ; ; ; ; ; ; ;12;198,398056303798
3368675;1;1;2;2;50; ;2; ; ;1;2; ; ;1; ;12;237,981120182733
3368675;1;2;2;2;50; ;2; ; ;1;2; ; ;1; ;12;237,981120182733
3368675;1;3;2;2;95; ;2; ; ;1;2; ; ;1; ;12;237,981120182733
3368675;1;4;1; ; ; ; ; ; ; ; ; ; ; ; ;12;237,981120182733
3368676;1;1;2;2;73; ;2; ; ;1;2; ; ;1; ;12;199,140536061386
3368677;1;1;1; ; ; ; ; ; ; ; ; ; ; ; ;12;230,929719527249
3368677;1;2;2;2;73; ;2; ; ;1;2; ; ;1; ;12;230,929719527249
3368677;1;3;2;2;73; ;2; ; ;1;2; ; ;1; ;12;230,929719527249
3368677;1;4;1; ; ; ; ; ; ; ; ; ; ; ; ;12;230,929719527249
3368678;1;1;2;2;73; ;2; ; ;1;2; ; ;1; ;12;178,98863429526
3368678;1;2;2;2;73; ;2; ; ;1;2; ; ;1; ;12;178,98863429526
3368678;1;3;2;2;73; ;2; ; ;1;2; ; ;1; ;12;178,98863429526
3368678;1;4;2;2;73; ;2; ; ;1;2; ; ;1; ;12;178,98863429526
3368679;1;1;2;2;73; ;2; ; ;1;2; ; ;1; ;12;171,134754098405
3368679;1;2;2;2;11; ;2; ; ;1;2; ; ;1; ;12;171,134754098405
3368679;1;3;2;2;11; ;2; ; ;1;2; ; ;1; ;12;171,134754098405
3368679;1;4;2;2;73; ;2; ; ;1;2; ; ;1; ;12;171,134754098405
3368680;1;1;1; ; ; ; ; ; ; ; ; ; ; ; ;12;182,614452673428
3368681;1;1;2;2;50; ;2; ; ;1;2; ; ;1; ;12;189,976106748461
3368681;1;2;2;2;25; ;2; ; ;1;2; ; ;1; ;12;189,976106748461
3368682;1;1;1; ; ; ; ; ; ; ; ; ; ; ; ;12;184,410986907318
3368682;1;2;1; ; ; ; ; ; ; ; ; ; ; ; ;12;184,410986907318
3368684;1;1;2;2;25; ;2; ; ;1;2; ; ;1; ;12;196,614223152917
3368685;1;1;1; ; ; ; ; ; ; ; ; ; ; ; ;12;220,346492303814
3368685;1;2;1; ; ; ; ; ; ; ; ; ; ; ; ;12;220,346492303814
3368685;1;3;1; ; ; ; ; ; ; ; ; ; ; ; ;12;220,346492303814
3368685;1;4;1; ; ; ; ; ; ; ; ; ; ; ; ;12;220,346492303814
3368686;1;1;1; ; ; ; ; ; ; ; ; ; ; ; ;12;250,212426777154
3368686;1;2;1; ; ; ; ; ; ; ; ; ; ; ; ;12;250,212426777154
3368686;1;3;1; ; ; ; ; ; ; ; ; ; ; ; ;12;250,212426777154
3368686;1;4;1; ; ; ; ; ; ; ; ; ; ; ; ;12;250,212426777154
3368686;1;5;1; ; ; ; ; ; ; ; ; ; ; ; ;12;250,212426777154
3368686;1;6;1; ; ; ; ; ; ; ; ; ; ; ; ;12;250,212426777154
3368686;1;7;1; ; ; ; ; ; ; ; ; ; ; ; ;12;250,212426777154
3368686;1;8;1; ; ; ; ; ; ; ; ; ; ; ; ;12;250,212426777154
3368686;2;1;1; ; ; ; ; ; ; ; ; ; ; ; ;12;250,212426777154
3368687;1;1;2;2;11; ;2; ; ;1;2; ; ;1; ;12;238,372110959305
3368687;1;2;2;2;05; ;2; ; ;1;2; ; ;1; ;12;238,372110959305
3368687;1;3;2;2;05; ;2; ; ;1;2; ; ;1; ;12;238,372110959305
3368688;1;1;2;2;85; ;2; ; ;1;2; ; ;1; ;12;223,994604156437
3368688;1;2;1; ; ; ; ; ; ; ; ; ; ; ; ;12;223,994604156437
3368688;1;3;1; ; ; ; ; ; ; ; ; ; ; ; ;12;223,994604156437
3368689;1;1;1; ; ; ; ; ; ; ; ; ; ; ; ;12;194,264988826359
3368689;1;2;1; ; ; ; ; ; ; ; ; ; ; ; ;12;194,264988826359
3368689;1;3;1; ; ; ; ; ; ; ; ; ; ; ; ;12;194,264988826359
3368689;1;4;1; ; ; ; ; ; ; ; ; ; ; ; ;12;194,264988826359
3368689;1;5;1; ; ; ; ; ; ; ; ; ; ; ; ;12;194,264988826359
3368689;1;6;1; ; ; ; ; ; ; ; ; ; ; ; ;12;194,264988826359
3368690;1;1;1; ; ; ; ; ; ; ; ; ; ; ; ;12;138,900089841311
3368690;1;2;1; ; ; ; ; ; ; ; ; ; ; ; ;12;138,900089841311
3368690;1;3;1; ; ; ; ; ; ; ; ; ; ; ; ;12;138,900089841311
3368690;1;4;1; ; ; ; ; ; ; ; ; ; ; ; ;12;138,900089841311
3368690;1;5;1; ; ; ; ; ; ; ; ; ; ; ; ;12;138,900089841311
3368690;1;6;1; ; ; ; ; ; ; ; ; ; ; ; ;12;138,900089841311
3368690;1;7;1; ; ; ; ; ; ; ; ; ; ; ; ;12;138,900089841311
3368690;1;8;1; ; ; ; ; ; ; ; ; ; ; ; ;12;138,900089841311
3368691;1;1;1; ; ; ; ; ; ; ; ; ; ; ; ;12;146,876032197204
3368691;1;2;1; ; ; ; ; ; ; ; ; ; ; ; ;12;146,876032197204
3368691;1;3;1; ; ; ; ; ; ; ; ; ; ; ; ;12;146,876032197204
3368691;1;4;1; ; ; ; ; ; ; ; ; ; ; ; ;12;146,876032197204
3368691;1;5;1; ; ; ; ; ; ; ; ; ; ; ; ;12;146,876032197204
3368691;1;6;1; ; ; ; ; ; ; ; ; ; ; ; ;12;146,876032197204
3368691;1;7;1; ; ; ; ; ; ; ; ; ; ; ; ;12;146,876032197204
3368691;1;8;1; ; ; ; ; ; ; ; ; ; ; ; ;12;146,876032197204
3368691;1;9;1; ; ; ; ; ; ; ; ; ; ; ; ;12;146,876032197204
3368691;1;10;2;2;41; ;2; ; ;1;2; ; ;1; ;12;146,876032197204
3368691;1;11;1; ; ; ; ; ; ; ; ; ; ; ; ;12;146,876032197204
3368697;1;1;1; ; ; ; ; ; ; ; ; ; ; ; ;12;218,591972891064
3368697;1;2;1; ; ; ; ; ; ; ; ; ; ; ; ;12;218,591972891064
3368697;1;3;1; ; ; ; ; ; ; ; ; ; ; ; ;12;218,591972891064
3368698;1;1;2;2;73; ;2; ; ;1;2; ; ;1; ;12;313,41010469747
3368698;1;2;1; ; ; ; ; ; ; ; ; ; ; ; ;12;313,41010469747
3368698;1;3;1; ; ; ; ; ; ; ; ; ; ; ; ;12;313,41010469747
3368699;1;1;1; ; ; ; ; ; ; ; ; ; ; ; ;12;196,462812479365
3368699;1;2;1; ; ; ; ; ; ; ; ; ; ; ; ;12;196,462812479365
3368700;1;1;2;2;63; ;2; ; ;1;2; ; ;1; ;12;134,543625914321
3368700;1;2;1; ; ; ; ; ; ; ; ; ; ; ; ;12;134,543625914321
3368700;1;3;2;2;73; ;2; ; ;1;2; ; ;1; ;12;134,543625914321
3368701;1;1;1; ; ; ; ; ; ; ; ; ; ; ; ;12;179,547196396359
3368701;1;2;1; ; ; ; ; ; ; ; ; ; ; ; ;12;179,547196396359
3368701;1;3;1; ; ; ; ; ; ; ; ; ; ; ; ;12;179,547196396359
3368703;1;1;1; ; ; ; ; ; ; ; ; ; ; ; ;12;270,048723288756
3368703;1;2;1; ; ; ; ; ; ; ; ; ; ; ; ;12;270,048723288756
3368703;1;3;1; ; ; ; ; ; ; ; ; ; ; ; ;12;270,048723288756
3368704;1;1;2;2;73; ;2; ; ;1;2; ; ;1; ;12;198,700870584604
3368704;1;2;1; ; ; ; ; ; ; ; ; ; ; ; ;12;198,700870584604
3368705;1;1;2;2;54; ;2; ; ;1;2; ; ;1; ;12;184,647954707685
3368705;1;2;2;1; ; ;2; ; ;1;2; ; ;1; ;12;184,647954707685
3368708;1;1;2;1; ; ;2; ; ;1;2; ; ;1; ;12;261,161839955072
3368708;1;2;1; ; ; ; ; ; ; ; ; ; ; ; ;12;261,161839955072
3368708;1;3;2;2;76; ;2; ; ;1;2; ; ;1; ;12;261,161839955072
3368708;1;4;1; ; ; ; ; ; ; ; ; ; ; ; ;12;261,161839955072
3368709;1;1;2;2;73; ;2; ; ;1;2; ; ;1; ;12;190,380274341761
3368710;1;1;1; ; ; ; ; ; ; ; ; ; ; ; ;12;134,543625914321
3368710;1;2;2;1; ; ;3;05; ;1;2; ; ;1; ;12;134,543625914321
3368711;1;1;1; ; ; ; ; ; ; ; ; ; ; ; ;12;134,543625914321
3368711;1;2;1; ; ; ; ; ; ; ; ; ; ; ; ;12;134,543625914321
3368711;1;3;1; ; ; ; ; ; ; ; ; ; ; ; ;12;134,543625914321
3368712;1;1;2;2;05; ;2; ; ;1;2; ; ;1; ;12;264,336712020845
3368712;1;2;1; ; ; ; ; ; ; ; ; ; ; ; ;12;264,336712020845
3368712;1;3;1; ; ; ; ; ; ; ; ; ; ; ; ;12;264,336712020845
3368713;1;1;2;2;73; ;2; ; ;1;2; ; ;1; ;12;242,619418723412
3368713;1;2;2;1; ; ;2; ; ;1;2; ; ;1; ;12;242,619418723412
3368713;1;3;2;1; ; ;2; ; ;1;2; ; ;1; ;12;242,619418723412
3368713;1;4;2;3; ;2;2; ; ;1;2; ; ;1; ;12;242,619418723412
3368713;1;5;1; ; ; ; ; ; ; ; ; ; ; ; ;12;242,619418723412
3368713;1;6;2;1; ; ;2; ; ;1;2; ; ;1; ;12;242,619418723412
3368714;1;1;2;2;73; ;2; ; ;1;2; ; ;1; ;12;356,762365745437
3368714;1;2;2;2;73; ;2; ; ;1;2; ; ;1; ;12;356,762365745437
3368714;1;3;1; ; ; ; ; ; ; ; ; ; ; ; ;12;356,762365745437
3368714;1;4;1; ; ; ; ; ; ; ; ; ; ; ; ;12;356,762365745437
3368714;2;1;1; ; ; ; ; ; ; ; ; ; ; ; ;12;356,762365745437
3368714;2;2;1; ; ; ; ; ; ; ; ; ; ; ; ;12;356,762365745437
3368714;2;3;1; ; ; ; ; ; ; ; ; ; ; ; ;12;356,762365745437
3368714;2;4;1; ; ; ; ; ; ; ; ; ; ; ; ;12;356,762365745437
3368714;2;5;1; ; ; ; ; ; ; ; ; ; ; ; ;12;356,762365745437
3368715;1;1;2;2;76; ;3;73; ;1;2; ; ;1; ;12;218,591972891064
3368715;1;2;2;2;73; ;3;73; ;1;2; ; ;1; ;12;218,591972891064
3368715;1;3;2;2;73; ;3;73; ;1;2; ; ;1; ;12;218,591972891064
3368716;1;1;2;2;25; ;2; ; ;1;2; ; ;1; ;12;182,788085793622
3368716;1;2;1; ; ; ; ; ; ; ; ; ; ; ; ;12;182,788085793622
3368716;1;3;1; ; ; ; ; ; ; ; ; ; ; ; ;12;182,788085793622
3368716;1;4;1; ; ; ; ; ; ; ; ; ; ; ; ;12;182,788085793622
3368717;1;1;2;2;17; ;3;66; ;1;3;66; ;1; ;12;111,139926185826
3368717;1;2;2;1; ; ;3;66; ;1;3;66; ;1; ;12;111,139926185826
3368717;1;3;2;2;17; ;2; ; ;1;2; ; ;1; ;12;111,139926185826
3368718;1;1;1; ; ; ; ; ; ; ; ; ; ; ; ;12;183,644533926631
3368718;1;2;1; ; ; ; ; ; ; ; ; ; ; ; ;12;183,644533926631
3368718;1;3;1; ; ; ; ; ; ; ; ; ; ; ; ;12;183,644533926631
3368718;1;4;1; ; ; ; ; ; ; ; ; ; ; ; ;12;183,644533926631
3368718;1;5;1; ; ; ; ; ; ; ; ; ; ; ; ;12;183,644533926631
3368718;1;6;1; ; ; ; ; ; ; ; ; ; ; ; ;12;183,644533926631
3368718;1;7;2;2;63; ;1; ; ; ;2; ; ;1; ;12;183,644533926631
3368718;1;8;1; ; ; ; ; ; ; ; ; ; ; ; ;12;183,644533926631
3368719;1;1;1; ; ; ; ; ; ; ; ; ; ; ; ;12;162,589943905013
3368720;1;1;2;2;05; ;2; ; ;1;2; ; ;1; ;12;81,3271023458524
3368720;1;2;2;2;05; ;2; ; ;1;2; ; ;1; ;12;81,3271023458524
3368720;1;3;2;2;66; ;2; ; ;1;2; ; ;1; ;12;81,3271023458524
3368720;1;4;2;2;05; ;2; ; ;1;2; ; ;1; ;12;81,3271023458524
3368720;1;5;2;2;66; ;2; ; ;1;2; ; ;1; ;12;81,3271023458524
3368720;1;6;1; ; ; ; ; ; ; ; ; ; ; ; ;12;81,3271023458524
3368721;1;1;1; ; ; ; ; ; ; ; ; ; ; ; ;12;161,025666664863
3368721;1;2;2;2;66; ;2; ; ;1;2; ; ;1; ;12;161,025666664863
3368721;1;3;1; ; ; ; ; ; ; ; ; ; ; ; ;12;161,025666664863
3368721;1;4;1; ; ; ; ; ; ; ; ; ; ; ; ;12;161,025666664863
3368722;1;1;2;2;63; ;2; ; ;1;2; ; ;1; ;12;116,437809979258
3368722;1;2;1; ; ; ; ; ; ; ; ; ; ; ; ;12;116,437809979258
3368722;1;3;2;2;63; ;2; ; ;1;2; ; ;1; ;12;116,437809979258
3368723;1;1;2;1; ; ;3;63; ;1;2; ; ;1; ;12;162,589943905013
3368724;1;1;2;2;05; ;2; ; ;1;2; ; ;1; ;12;162,589943905013
3368725;1;1;2;2;73; ;3;63; ;1;2; ; ;1; ;12;123,826571263913
3368725;1;2;2;2;17; ;2; ; ;1;2; ; ;1; ;12;123,826571263913
3368726;1;1;2;2;63; ;2; ; ;1;2; ; ;1; ;12;91,0461750721453
3368726;1;2;1; ; ; ; ; ; ; ; ; ; ; ; ;12;91,0461750721453
3368726;1;3;1; ; ; ; ; ; ; ; ; ; ; ; ;12;91,0461750721453
3368727;1;1;1; ; ; ; ; ; ; ; ; ; ; ; ;12;123,826571263913
3368727;1;2;2;2;66; ;2; ; ;1;2; ; ;1; ;12;123,826571263913
3368728;1;1;2;3; ;2;4; ;2; ;4; ;2; ;4;12;130,727951413212
3368729;1;1;2;1; ; ;2; ; ;1;3;91; ;1; ;12;65,5254440916518
3368729;1;2;1; ; ; ; ; ; ; ; ; ; ; ; ;12;65,5254440916518
3368729;1;3;1; ; ; ; ; ; ; ; ; ; ; ; ;12;65,5254440916518
3368729;1;4;1; ; ; ; ; ; ; ; ; ; ; ; ;12;65,5254440916518
3368729;1;5;1; ; ; ; ; ; ; ; ; ; ; ; ;12;65,5254440916518
3368729;1;6;1; ; ; ; ; ; ; ; ; ; ; ; ;12;65,5254440916518
3368730;1;1;2;2;41; ;2; ; ;1;2; ; ;1; ;12;130,727951413212
3368731;1;1;1; ; ; ; ; ; ; ; ; ; ; ; ;12;105,610524391295
3368731;1;2;2;2;63; ;2; ; ;1;2; ; ;1; ;12;105,610524391295
3368731;1;3;1; ; ; ; ; ; ; ; ; ; ; ; ;12;105,610524391295
3368731;1;4;1; ; ; ; ; ; ; ; ; ; ; ; ;12;105,610524391295
3368732;1;1;1; ; ; ; ; ; ; ; ; ; ; ; ;12;137,963338361915
3368732;1;2;2;2;76; ;2; ; ;1;2; ; ;1; ;12;137,963338361915
3368732;1;3;2;2;76; ;3;63; ;2;2; ; ;1; ;12;137,963338361915
3368732;1;4;1; ; ; ; ; ; ; ; ; ; ; ; ;12;137,963338361915
3368732;1;5;1; ; ; ; ; ; ; ; ; ; ; ; ;12;137,963338361915
3368733;1;1;2;2;05; ;2; ; ;1;2; ; ;1; ;12;126,027212275068
3368733;1;2;2;2;73; ;2; ; ;1;2; ; ;1; ;12;126,027212275068
3368733;1;3;2;2;73; ;2; ; ;1;2; ; ;1; ;12;126,027212275068
3368734;1;1;1; ; ; ; ; ; ; ; ; ; ; ; ;12;118,364243105217
3368735;1;1;1; ; ; ; ; ; ; ; ; ; ; ; ;12;126,518033753887
3368735;1;2;2;2;41; ;2; ; ;1;2; ; ;1; ;12;126,518033753887
3368735;1;3;1; ; ; ; ; ; ; ; ; ; ; ; ;12;126,518033753887
3368735;1;4;1; ; ; ; ; ; ; ; ; ; ; ; ;12;126,518033753887
3368736;1;1;2;2;76; ;2; ; ;1;2; ; ;1; ;12;203,387633108674
3368736;1;2;2;2;63; ;2; ; ;1;2; ; ;1; ;12;203,387633108674
3368736;1;3;2;2;76; ;3;20; ;1;2; ; ;1; ;12;203,387633108674
3368736;1;4;2;2;20; ;2; ; ;1;2; ; ;1; ;12;203,387633108674
3368736;1;5;2;2;20; ;2; ; ;1;2; ; ;1; ;12;203,387633108674
3368736;1;6;2;2;20; ;2; ; ;1;2; ; ;1; ;12;203,387633108674
3368736;1;7;2;2;20; ;2; ; ;1;2; ; ;1; ;12;203,387633108674
3368736;1;8;1; ; ; ; ; ; ; ; ; ; ; ; ;12;203,387633108674
3368736;1;9;2;2;20; ;2; ; ;1;2; ; ;1; ;12;203,387633108674
3368736;1;10;2;2;66; ;2; ; ;1;2; ; ;1; ;12;203,387633108674
3368736;1;11;1; ; ; ; ; ; ; ; ; ; ; ; ;12;203,387633108674
3368737;1;1;2;2;17; ;3;17; ;1;2; ; ;1; ;12;149,580362056834
3368737;1;2;2;2;17; ;3;17; ;1;2; ; ;1; ;12;149,580362056834
3368737;1;3;2;2;05; ;2; ; ;1;2; ; ;1; ;12;149,580362056834
3368738;1;1;1; ; ; ; ; ; ; ; ; ; ; ; ;12;65,5254440916518
3368738;1;2;1; ; ; ; ; ; ; ; ; ; ; ; ;12;65,5254440916518
3368738;1;3;1; ; ; ; ; ; ; ; ; ; ; ; ;12;65,5254440916518
3368738;1;4;1; ; ; ; ; ; ; ; ; ; ; ; ;12;65,5254440916518
3368738;1;5;1; ; ; ; ; ; ; ; ; ; ; ; ;12;65,5254440916518
3368738;1;6;1; ; ; ; ; ; ; ; ; ; ; ; ;12;65,5254440916518
3368738;1;7;1; ; ; ; ; ; ; ; ; ; ; ; ;12;65,5254440916518
3368738;1;8;1; ; ; ; ; ; ; ; ; ; ; ; ;12;65,5254440916518
3368738;1;9;1; ; ; ; ; ; ; ; ; ; ; ; ;12;65,5254440916518
3368739;1;1;2;2;25; ;2; ; ;1;2; ; ;1; ;12;118,364243105217
3368740;1;1;2;2;73; ;2; ; ;1;2; ; ;1; ;12;112,162720660721
3368740;1;2;2;2;63; ;2; ; ;1;2; ; ;1; ;12;112,162720660721
3368740;1;3;1; ; ; ; ; ; ; ; ; ; ; ; ;12;112,162720660721
3368740;1;4;2;1; ; ;2; ; ;1;2; ; ;1; ;12;112,162720660721
3368740;1;5;2;2;76; ;4; ;3; ;4; ;3; ;4;12;112,162720660721
3368742;1;1;1; ; ; ; ; ; ; ; ; ; ; ; ;12;197,500450294194
3368742;1;2;1; ; ; ; ; ; ; ; ; ; ; ; ;12;197,500450294194
3368742;1;3;1; ; ; ; ; ; ; ; ; ; ; ; ;12;197,500450294194
3368742;1;4;1; ; ; ; ; ; ; ; ; ; ; ; ;12;197,500450294194
3368743;1;1;2;2;73; ;3;73; ;1;3;73; ;1; ;12;92,2875155422036
3368745;1;1;1; ; ; ; ; ; ; ; ; ; ; ; ;12;129,124455057345
3368745;1;2;1; ; ; ; ; ; ; ; ; ; ; ; ;12;129,124455057345
3368746;1;1;2;2;76; ;2; ; ;1;2; ; ;1; ;12;160,663510779054
3368746;1;2;1; ; ; ; ; ; ; ; ; ; ; ; ;12;160,663510779054
3368746;1;3;1; ; ; ; ; ; ; ; ; ; ; ; ;12;160,663510779054
3368748;1;1;2;2;68; ;2; ; ;1;2; ; ;1; ;12;118,041306335125
3368748;1;2;2;2;17; ;2; ; ;1;2; ; ;1; ;12;118,041306335125
3368749;1;1;1; ; ; ; ; ; ; ; ; ; ; ; ;12;135,271875871941
3368749;1;2;1; ; ; ; ; ; ; ; ; ; ; ; ;12;135,271875871941
3368749;1;3;1; ; ; ; ; ; ; ; ; ; ; ; ;12;135,271875871941
3368750;1;1;1; ; ; ; ; ; ; ; ; ; ; ; ;12;65,5254440916518
3368750;1;2;1; ; ; ; ; ; ; ; ; ; ; ; ;12;65,5254440916518
3368750;1;3;1; ; ; ; ; ; ; ; ; ; ; ; ;12;65,5254440916518
3368750;1;4;1; ; ; ; ; ; ; ; ; ; ; ; ;12;65,5254440916518
3368750;1;5;1; ; ; ; ; ; ; ; ; ; ; ; ;12;65,5254440916518
3368751;1;1;1; ; ; ; ; ; ; ; ; ; ; ; ;12;157,078886861421
3368751;1;2;2;2;17; ;2; ; ;1;2; ; ;1; ;12;157,078886861421
3368751;1;3;1; ; ; ; ; ; ; ; ; ; ; ; ;12;157,078886861421
3368751;1;4;1; ; ; ; ; ; ; ; ; ; ; ; ;12;157,078886861421
3368752;1;1;2;2;66; ;2; ; ;1;2; ; ;1; ;12;149,903298826926
3368752;1;2;2;2;17; ;2; ; ;1;2; ; ;1; ;12;149,903298826926
3368753;1;1;2;2;76; ;2; ; ;1;2; ; ;1; ;12;208,271139469728
3368753;1;2;2;2;66; ;2; ; ;1;2; ; ;1; ;12;208,271139469728
3368753;1;3;2;2;63; ;3;63; ;1;2; ; ;1; ;12;208,271139469728
3368753;1;4;1; ; ; ; ; ; ; ; ; ; ; ; ;12;208,271139469728
3368754;1;1;2;2;05; ;3;63; ;1;2; ; ;1; ;12;118,364243105217
3368755;1;1;1; ; ; ; ; ; ; ; ; ; ; ; ;12;126,518033753887
3368755;1;2;2;2;17; ;2; ; ;1;2; ; ;1; ;12;126,518033753887
3368755;1;3;1; ; ; ; ; ; ; ; ; ; ; ; ;12;126,518033753887
3368755;1;4;1; ; ; ; ; ; ; ; ; ; ; ; ;12;126,518033753887
3368756;1;1;1; ; ; ; ; ; ; ; ; ; ; ; ;12;136,617607116928
3368756;1;2;2;2;50; ;2; ; ;1;2; ; ;1; ;12;136,617607116928
3368756;1;3;2;2;50; ;2; ; ;1;2; ; ;1; ;12;136,617607116928
3368756;1;4;2;2;50; ;2; ; ;1;2; ; ;1; ;12;136,617607116928
3368757;1;1;2;2;63; ;2; ; ;1;2; ; ;1; ;12;92,2875155422036
3368758;1;1;2;2;63; ;2; ; ;1;2; ; ;1; ;12;95,510951028254
3368758;1;2;2;2;73; ;2; ; ;1;2; ; ;1; ;12;95,510951028254
3368758;1;3;1; ; ; ; ; ; ; ; ; ; ; ; ;12;95,510951028254
3368758;1;4;1; ; ; ; ; ; ; ; ; ; ; ; ;12;95,510951028254
3368759;1;1;1; ; ; ; ; ; ; ; ; ; ; ; ;12;160,663510779054
3368759;1;2;1; ; ; ; ; ; ; ; ; ; ; ; ;12;160,663510779054
3368759;1;3;1; ; ; ; ; ; ; ; ; ; ; ; ;12;160,663510779054
3368760;1;1;2;2;63; ;2; ; ;1;2; ; ;1; ;12;120,7327688251
3368760;1;2;2;2;73; ;2; ; ;1;2; ; ;1; ;12;120,7327688251
3368760;1;3;1; ; ; ; ; ; ; ; ; ; ; ; ;12;120,7327688251
3368760;1;4;1; ; ; ; ; ; ; ; ; ; ; ; ;12;120,7327688251
3368761;1;1;1; ; ; ; ; ; ; ; ; ; ; ; ;12;95,4474570944552
3368761;1;2;1; ; ; ; ; ; ; ; ; ; ; ; ;12;95,4474570944552
3368761;1;3;2;1; ; ;3;11; ;1;2; ; ;1; ;12;95,4474570944552
3368761;1;4;2;2;11; ;3;11; ;1;2; ; ;1; ;12;95,4474570944552
3368761;1;5;2;2;63; ;2; ; ;1;2; ; ;1; ;12;95,4474570944552
3368762;1;1;2;2;73; ;2; ; ;1;2; ; ;1; ;12;135,271875871941
3368762;1;2;2;2;66; ;2; ; ;1;2; ; ;1; ;12;135,271875871941
3368762;1;3;1; ; ; ; ; ; ; ; ; ; ; ; ;12;135,271875871941
3368764;1;1;1; ; ; ; ; ; ; ; ; ; ; ; ;12;160,663510779054
3368764;1;2;1; ; ; ; ; ; ; ; ; ; ; ; ;12;160,663510779054
3368764;1;3;1; ; ; ; ; ; ; ; ; ; ; ; ;12;160,663510779054
3368765;1;1;1; ; ; ; ; ; ; ; ; ; ; ; ;12;162,589943905013
3368766;1;1;1; ; ; ; ; ; ; ; ; ; ; ; ;12;94,9789780321781
3368766;1;2;1; ; ; ; ; ; ; ; ; ; ; ; ;12;94,9789780321781
3368766;1;3;1; ; ; ; ; ; ; ; ; ; ; ; ;12;94,9789780321781
3368767;1;1;2;2;63; ;2; ; ;1;2; ; ;1; ;12;65,5254440916518
3368767;1;2;1; ; ; ; ; ; ; ; ; ; ; ; ;12;65,5254440916518
3368767;1;3;1; ; ; ; ; ; ; ; ; ; ; ; ;12;65,5254440916518
3368768;1;1;2;2;76; ;2; ; ;1;2; ; ;1; ;12;118,364243105217
3368769;1;1;1; ; ; ; ; ; ; ; ; ; ; ; ;12;137,472516883096
3368769;1;2;1; ; ; ; ; ; ; ; ; ; ; ; ;12;137,472516883096
3368769;1;3;1; ; ; ; ; ; ; ; ; ; ; ; ;12;137,472516883096
3368769;1;4;1; ; ; ; ; ; ; ; ; ; ; ; ;12;137,472516883096
3368770;1;1;2;2;05; ;2; ; ;1;3;05; ;1; ;12;105,933461161387
3368770;1;2;2;2;05; ;3;05; ;1;3;05; ;1; ;12;105,933461161387
3368770;1;3;2;2;05; ;3;05; ;1;3;05; ;1; ;12;105,933461161387
3368771;1;1;1; ; ; ; ; ; ; ; ; ; ; ; ;12;172,108815387082
3368771;1;2;1; ; ; ; ; ; ; ; ; ; ; ; ;12;172,108815387082
3368771;1;3;1; ; ; ; ; ; ; ; ; ; ; ; ;12;172,108815387082
3368771;1;4;1; ; ; ; ; ; ; ; ; ; ; ; ;12;172,108815387082
3368772;1;1;2;1; ; ;2; ; ;1;2; ; ;1; ;12;281,717758459288
3368772;1;2;1; ; ; ; ; ; ; ; ; ; ; ; ;12;281,717758459288
3368772;1;3;1; ; ; ; ; ; ; ; ; ; ; ; ;12;281,717758459288
3368772;1;4;1; ; ; ; ; ; ; ; ; ; ; ; ;12;281,717758459288
3368772;1;5;1; ; ; ; ; ; ; ; ; ; ; ; ;12;281,717758459288
3368773;1;1;2;2;17; ;2; ; ;1;2; ; ;1; ;12;149,808304609778
3368773;1;2;2;2;17; ;3;17; ;2;2; ; ;1; ;12;149,808304609778
3368774;1;1;1; ; ; ; ; ; ; ; ; ; ; ; ;12;161,354989760922
3368774;1;2;1; ; ; ; ; ; ; ; ; ; ; ; ;12;161,354989760922
3368775;1;1;1; ; ; ; ; ; ; ; ; ; ; ; ;12;163,474926829839
3368775;1;2;1; ; ; ; ; ; ; ; ; ; ; ; ;12;163,474926829839
3368775;1;3;1; ; ; ; ; ; ; ; ; ; ; ; ;12;163,474926829839
3368775;1;4;1; ; ; ; ; ; ; ; ; ; ; ; ;12;163,474926829839
3368775;1;5;1; ; ; ; ; ; ; ; ; ; ; ; ;12;163,474926829839
3368777;1;1;1; ; ; ; ; ; ; ; ; ; ; ; ;12;160,36701281153
3368777;1;2;1; ; ; ; ; ; ; ; ; ; ; ; ;12;160,36701281153
3368777;1;3;1; ; ; ; ; ; ; ; ; ; ; ; ;12;160,36701281153
3368777;1;4;1; ; ; ; ; ; ; ; ; ; ; ; ;12;160,36701281153
3368778;1;1;2;1; ; ;2; ; ;1;2; ; ;1; ;12;250,415028706408
3368778;1;2;1; ; ; ; ; ; ; ; ; ; ; ; ;12;250,415028706408
3368778;1;3;1; ; ; ; ; ; ; ; ; ; ; ; ;12;250,415028706408
3368779;1;1;1; ; ; ; ; ; ; ; ; ; ; ; ;12;131,338252845008
3368779;1;2;1; ; ; ; ; ; ; ; ; ; ; ; ;12;131,338252845008
3368779;1;3;1; ; ; ; ; ; ; ; ; ; ; ; ;12;131,338252845008
3368780;1;1;2;1; ; ;2; ; ;1;2; ; ;1; ;12;161,354989760922
3368780;1;2;1; ; ; ; ; ; ; ; ; ; ; ; ;12;161,354989760922
3368781;1;1;1; ; ; ; ; ; ; ; ; ; ; ; ;12;222,731500322023
3368781;1;2;1; ; ; ; ; ; ; ; ; ; ; ; ;12;222,731500322023
3368781;1;3;1; ; ; ; ; ; ; ; ; ; ; ; ;12;222,731500322023
3368781;1;4;1; ; ; ; ; ; ; ; ; ; ; ; ;12;222,731500322023
3368782;1;1;1; ; ; ; ; ; ; ; ; ; ; ; ;12;158,247075742613
3368783;1;1;2;2;19; ;2; ; ;1;2; ; ;1; ;12;171,471356861394
3368784;1;1;2;2;17; ;2; ; ;1;2; ; ;1; ;12;220,341247898188
3368784;1;2;1; ; ; ; ; ; ; ; ; ; ; ; ;12;220,341247898188
3368784;1;3;1; ; ; ; ; ; ; ; ; ; ; ; ;12;220,341247898188
3368785;1;1;1; ; ; ; ; ; ; ; ; ; ; ; ;12;206,599221713074
3368785;1;2;1; ; ; ; ; ; ; ; ; ; ; ; ;12;206,599221713074
3368785;1;3;1; ; ; ; ; ; ; ; ; ; ; ; ;12;206,599221713074
3368785;1;4;1; ; ; ; ; ; ; ; ; ; ; ; ;12;206,599221713074
3368786;1;1;1; ; ; ; ; ; ; ; ; ; ; ; ;12;188,113314834208
3368786;1;2;1; ; ; ; ; ; ; ; ; ; ; ; ;12;188,113314834208
3368787;1;1;1; ; ; ; ; ; ; ; ; ; ; ; ;12;205,88845834873
3368789;1;1;1; ; ; ; ; ; ; ; ; ; ; ; ;12;184,225406097115
3368789;1;2;1; ; ; ; ; ; ; ; ; ; ; ; ;12;184,225406097115
3368790;1;1;1; ; ; ; ; ; ; ; ; ; ; ; ;12;204,893583169208
3368790;1;2;1; ; ; ; ; ; ; ; ; ; ; ; ;12;204,893583169208
3368790;1;3;2;1; ; ;2; ; ;1;2; ; ;1; ;12;204,893583169208
3368790;1;4;1; ; ; ; ; ; ; ; ; ; ; ; ;12;204,893583169208
3368790;1;5;1; ; ; ; ; ; ; ; ; ; ; ; ;12;204,893583169208
3368790;1;6;1; ; ; ; ; ; ; ; ; ; ; ; ;12;204,893583169208
3368793;1;1;1; ; ; ; ; ; ; ; ; ; ; ; ;12;160,36701281153
3368793;1;2;1; ; ; ; ; ; ; ; ; ; ; ; ;12;160,36701281153
3368793;1;3;1; ; ; ; ; ; ; ; ; ; ; ; ;12;160,36701281153
3368793;1;4;1; ; ; ; ; ; ; ; ; ; ; ; ;12;160,36701281153
3368794;1;1;1; ; ; ; ; ; ; ; ; ; ; ; ;12;190,233251903125
3368794;1;2;1; ; ; ; ; ; ; ; ; ; ; ; ;12;190,233251903125
3368794;1;3;1; ; ; ; ; ; ; ; ; ; ; ; ;12;190,233251903125
3368794;1;4;1; ; ; ; ; ; ; ; ; ; ; ; ;12;190,233251903125
3368794;1;5;1; ; ; ; ; ; ; ; ; ; ; ; ;12;190,233251903125
3368795;1;1;1; ; ; ; ; ; ; ; ; ; ; ; ;12;194,382388150729
3368795;1;2;1; ; ; ; ; ; ; ; ; ; ; ; ;12;194,382388150729
3368795;1;3;2;2;17; ;3;17; ;1;3;17; ;1; ;12;194,382388150729
3368795;1;4;2;2;17; ;3;17; ;1;2; ; ;1; ;12;194,382388150729
3368796;1;1;1; ; ; ; ; ; ; ; ; ; ; ; ;12;147,4049813452
3368796;1;2;1; ; ; ; ; ; ; ; ; ; ; ; ;12;147,4049813452
3368796;1;3;1; ; ; ; ; ; ; ; ; ; ; ; ;12;147,4049813452
3368796;1;4;1; ; ; ; ; ; ; ; ; ; ; ; ;12;147,4049813452
3368797;1;1;1; ; ; ; ; ; ; ; ; ; ; ; ;12;184,225406097115
3368797;1;2;1; ; ; ; ; ; ; ; ; ; ; ; ;12;184,225406097115
3368798;1;1;1; ; ; ; ; ; ; ; ; ; ; ; ;12;136,584023490997
3368798;1;2;1; ; ; ; ; ; ; ; ; ; ; ; ;12;136,584023490997
3368799;1;1;1; ; ; ; ; ; ; ; ; ; ; ; ;12;130,763023372386
3368799;1;2;1; ; ; ; ; ; ; ; ; ; ; ; ;12;130,763023372386
3368799;1;3;1; ; ; ; ; ; ; ; ; ; ; ; ;12;130,763023372386
3368800;1;1;1; ; ; ; ; ; ; ; ; ; ; ; ;12;188,113314834208
3368800;1;2;1; ; ; ; ; ; ; ; ; ; ; ; ;12;188,113314834208
3368801;1;1;2;1; ; ;2; ; ;1;2; ; ;1; ;12;209,776367085823
3368802;1;1;1; ; ; ; ; ; ; ; ; ; ; ; ;12;161,354989760922
3368802;1;2;1; ; ; ; ; ; ; ; ; ; ; ; ;12;161,354989760922
3368803;1;1;1; ; ; ; ; ; ; ; ; ; ; ; ;12;160,36701281153
3368803;1;2;1; ; ; ; ; ; ; ; ; ; ; ; ;12;160,36701281153
3368803;1;3;1; ; ; ; ; ; ; ; ; ; ; ; ;12;160,36701281153
3368803;1;4;1; ; ; ; ; ; ; ; ; ; ; ; ;12;160,36701281153
3368805;1;1;1; ; ; ; ; ; ; ; ; ; ; ; ;12;205,88845834873
3368806;1;1;1; ; ; ; ; ; ; ; ; ; ; ; ;12;128,849843111894
3368806;1;2;1; ; ; ; ; ; ; ; ; ; ; ; ;12;128,849843111894
3368806;1;3;1; ; ; ; ; ; ; ; ; ; ; ; ;12;128,849843111894
3368806;1;4;1; ; ; ; ; ; ; ; ; ; ; ; ;12;128,849843111894
3368806;1;5;1; ; ; ; ; ; ; ; ; ; ; ; ;12;128,849843111894
3368806;1;6;1; ; ; ; ; ; ; ; ; ; ; ; ;12;128,849843111894
3368808;1;1;1; ; ; ; ; ; ; ; ; ; ; ; ;12;184,225406097115
3368808;1;2;1; ; ; ; ; ; ; ; ; ; ; ; ;12;184,225406097115
3368809;1;1;1; ; ; ; ; ; ; ; ; ; ; ; ;12;188,113314834208
3368809;1;2;1; ; ; ; ; ; ; ; ; ; ; ; ;12;188,113314834208
3368811;1;1;1; ; ; ; ; ; ; ; ; ; ; ; ;12;143,919699434253
3368811;1;2;1; ; ; ; ; ; ; ; ; ; ; ; ;12;143,919699434253
3368812;1;1;1; ; ; ; ; ; ; ; ; ; ; ; ;12;205,88845834873
3368814;1;1;1; ; ; ; ; ; ; ; ; ; ; ; ;12;135,596046541605
3368814;1;2;1; ; ; ; ; ; ; ; ; ; ; ; ;12;135,596046541605
3368814;1;3;1; ; ; ; ; ; ; ; ; ; ; ; ;12;135,596046541605
3368814;1;4;2;2;17; ;2; ; ;1;2; ; ;1; ;12;135,596046541605
3368816;1;1;2;2;66; ;2; ; ;1;2; ; ;1; ;12;244,73909493346
3368817;1;1;2;2;17; ;2; ; ;1;2; ; ;1; ;12;160,36701281153
3368817;1;2;1; ; ; ; ; ; ; ; ; ; ; ; ;12;160,36701281153
3368817;1;3;1; ; ; ; ; ; ; ; ; ; ; ; ;12;160,36701281153
3368817;1;4;1; ; ; ; ; ; ; ; ; ; ; ; ;12;160,36701281153
3368818;1;1;2;2;17; ;2; ; ;1;2; ; ;1; ;12;239,795079100414
3368818;1;2;2;2;17; ;2; ; ;1;2; ; ;1; ;12;239,795079100414
3368818;1;3;2;1; ; ;3;76; ;1;2; ; ;1; ;12;239,795079100414
3368818;1;4;1; ; ; ; ; ; ; ; ; ; ; ; ;12;239,795079100414
3368818;1;5;2;2;17; ;3;17; ;1;2; ; ;1; ;12;239,795079100414
3368819;1;1;2;2;66; ;2; ; ;1;2; ; ;1; ;12;182,500296946205
3368819;1;2;2;1; ; ;3;73; ;2;2; ; ;1; ;12;182,500296946205
3368820;1;1;2;2;05; ;2; ; ;1;2; ; ;1; ;12;105,114366974634
3368820;1;2;1; ; ; ; ; ; ; ; ; ; ; ; ;12;105,114366974634
3368820;1;3;1; ; ; ; ; ; ; ; ; ; ; ; ;12;105,114366974634
3368820;1;4;1; ; ; ; ; ; ; ; ; ; ; ; ;12;105,114366974634
3368821;1;1;2;2;76; ;2; ; ;1;2; ; ;1; ;12;117,558653374632
3368821;1;2;2;2;05; ;3;11; ;1;3;17; ;1; ;12;117,558653374632
3368821;1;3;1; ; ; ; ; ; ; ; ; ; ; ; ;12;117,558653374632
3368821;1;4;1; ; ; ; ; ; ; ; ; ; ; ; ;12;117,558653374632
3368821;1;5;1; ; ; ; ; ; ; ; ; ; ; ; ;12;117,558653374632
3368822;1;1;1; ; ; ; ; ; ; ; ; ; ; ; ;12;220,341247898188
3368822;1;2;1; ; ; ; ; ; ; ; ; ; ; ; ;12;220,341247898188
3368822;1;3;1; ; ; ; ; ; ; ; ; ; ; ; ;12;220,341247898188
3368823;1;1;2;2;66; ;2; ; ;1;2; ; ;1; ;12;149,808304609778
3368823;1;2;2;2;17; ;2; ; ;1;2; ; ;1; ;12;149,808304609778
3368824;1;1;1; ; ; ; ; ; ; ; ; ; ; ; ;12;205,88845834873
3368825;1;1;1; ; ; ; ; ; ; ; ; ; ; ; ;12;171,001124978334
3368825;1;2;2;2;05; ;3;17; ;1;2; ; ;1; ;12;171,001124978334
3368826;1;1;1; ; ; ; ; ; ; ; ; ; ; ; ;12;232,377635539435
3368826;1;2;1; ; ; ; ; ; ; ; ; ; ; ; ;12;232,377635539435
3368826;1;3;1; ; ; ; ; ; ; ; ; ; ; ; ;12;232,377635539435
3368826;1;4;1; ; ; ; ; ; ; ; ; ; ; ; ;12;232,377635539435
3368827;1;1;2;2;17; ;2; ; ;1;2; ; ;1; ;12;139,691937509307
3368827;1;2;2;2;66; ;2; ; ;1;2; ; ;1; ;12;139,691937509307
3368827;2;1;1; ; ; ; ; ; ; ; ; ; ; ; ;12;139,691937509307
3368828;1;1;1; ; ; ; ; ; ; ; ; ; ; ; ;12;152,23800451442
3368828;1;2;2;2;17; ;2; ; ;1;2; ; ;1; ;12;152,23800451442
3368828;1;3;1; ; ; ; ; ; ; ; ; ; ; ; ;12;152,23800451442
3368828;1;4;1; ; ; ; ; ; ; ; ; ; ; ; ;12;152,23800451442
3368828;1;5;1; ; ; ; ; ; ; ; ; ; ; ; ;12;152,23800451442
3368829;1;1;2;2;17; ;2; ; ;1;2; ; ;1; ;12;228,074202855108
3368829;1;2;1; ; ; ; ; ; ; ; ; ; ; ; ;12;228,074202855108
3368829;1;3;1; ; ; ; ; ; ; ; ; ; ; ; ;12;228,074202855108
3368829;1;4;1; ; ; ; ; ; ; ; ; ; ; ; ;12;228,074202855108
3368829;1;5;1; ; ; ; ; ; ; ; ; ; ; ; ;12;228,074202855108
3368829;1;6;1; ; ; ; ; ; ; ; ; ; ; ; ;12;228,074202855108
3368830;1;1;1; ; ; ; ; ; ; ; ; ; ; ; ;12;311,113765667824
3368830;1;2;1; ; ; ; ; ; ; ; ; ; ; ; ;12;311,113765667824
3368830;1;3;1; ; ; ; ; ; ; ; ; ; ; ; ;12;311,113765667824
3368830;1;4;1; ; ; ; ; ; ; ; ; ; ; ; ;12;311,113765667824
3368830;1;5;1; ; ; ; ; ; ; ; ; ; ; ; ;12;311,113765667824
3368830;1;6;2;2;15; ;2; ; ;1;2; ; ;1; ;12;311,113765667824
3368830;1;7;1; ; ; ; ; ; ; ; ; ; ; ; ;12;311,113765667824
3368831;1;1;2;2;17; ;2; ; ;1;2; ; ;1; ;12;171,001124978334
3368831;1;2;1; ; ; ; ; ; ; ; ; ; ; ; ;12;171,001124978334
3368832;1;1;2;2;76; ;2; ; ;1;2; ; ;1; ;12;79,2779336940251
3368832;1;2;1; ; ; ; ; ; ; ; ; ; ; ; ;12;79,2779336940251
3368832;1;3;1; ; ; ; ; ; ; ; ; ; ; ; ;12;79,2779336940251
3368833;1;1;1; ; ; ; ; ; ; ; ; ; ; ; ;12;105,67759802713
3368833;1;2;1; ; ; ; ; ; ; ; ; ; ; ; ;12;105,67759802713
3368834;1;1;1; ; ; ; ; ; ; ; ; ; ; ; ;12;118,041306335125
3368834;1;2;1; ; ; ; ; ; ; ; ; ; ; ; ;12;118,041306335125
3368835;1;1;2;1; ; ;2; ; ;1;2; ; ;1; ;12;122,585230793854
3368835;1;2;1; ; ; ; ; ; ; ; ; ; ; ; ;12;122,585230793854
3368835;1;3;1; ; ; ; ; ; ; ; ; ; ; ; ;12;122,585230793854
3368835;1;4;1; ; ; ; ; ; ; ; ; ; ; ; ;12;122,585230793854
3368836;1;1;1; ; ; ; ; ; ; ; ; ; ; ; ;12;91,9645787721118
3368836;1;2;2;2;66; ;2; ; ;1;2; ; ;1; ;12;91,9645787721118
3368837;1;1;1; ; ; ; ; ; ; ; ; ; ; ; ;12;170,461694624721
3368837;1;2;1; ; ; ; ; ; ; ; ; ; ; ; ;12;170,461694624721
3368837;1;3;1; ; ; ; ; ; ; ; ; ; ; ; ;12;170,461694624721
3368837;1;4;1; ; ; ; ; ; ; ; ; ; ; ; ;12;170,461694624721
3368837;1;5;1; ; ; ; ; ; ; ; ; ; ; ; ;12;170,461694624721
3368837;1;6;1; ; ; ; ; ; ; ; ; ; ; ; ;12;170,461694624721
3368837;1;7;1; ; ; ; ; ; ; ; ; ; ; ; ;12;170,461694624721
3368837;1;8;1; ; ; ; ; ; ; ; ; ; ; ; ;12;170,461694624721
3368837;1;9;1; ; ; ; ; ; ; ; ; ; ; ; ;12;170,461694624721
3368839;1;1;2;2;05; ;2; ; ;1;2; ; ;1; ;12;126,027212275068
3368839;1;2;2;2;05; ;2; ; ;1;2; ; ;1; ;12;126,027212275068
3368839;1;3;2;2;11; ;2; ; ;1;2; ; ;1; ;12;126,027212275068
3368840;1;1;1; ; ; ; ; ; ; ; ; ; ; ; ;12;110,816989415734
3368840;1;2;1; ; ; ; ; ; ; ; ; ; ; ; ;12;110,816989415734
3368840;1;3;1; ; ; ; ; ; ; ; ; ; ; ; ;12;110,816989415734
3368840;1;4;1; ; ; ; ; ; ; ; ; ; ; ; ;12;110,816989415734
3368841;1;1;2;2;73; ;2; ; ;1;2; ; ;1; ;12;65,5254440916518
3368841;1;2;1; ; ; ; ; ; ; ; ; ; ; ; ;12;65,5254440916518
3368841;1;3;1; ; ; ; ; ; ; ; ; ; ; ; ;12;65,5254440916518
3368841;1;4;2;2;11; ;2; ; ;1;2; ; ;1; ;12;65,5254440916518
3368841;1;5;1; ; ; ; ; ; ; ; ; ; ; ; ;12;65,5254440916518
3368841;1;6;1; ; ; ; ; ; ; ; ; ; ; ; ;12;65,5254440916518
3368842;1;1;1; ; ; ; ; ; ; ; ; ; ; ; ;12;130,727951413212
3368843;1;1;1; ; ; ; ; ; ; ; ; ; ; ; ;12;93,310310017099
3368843;1;2;1; ; ; ; ; ; ; ; ; ; ; ; ;12;93,310310017099
3368843;1;3;1; ; ; ; ; ; ; ; ; ; ; ; ;12;93,310310017099
3368844;1;1;1; ; ; ; ; ; ; ; ; ; ; ; ;12;118,041306335125
3368844;1;2;1; ; ; ; ; ; ; ; ; ; ; ; ;12;118,041306335125
3368845;1;1;2;1; ; ;3;05; ;1;2; ; ;1; ;12;118,041306335125
3368845;1;2;2;1; ; ;3;05; ;1;2; ; ;1; ;12;118,041306335125
3368847;1;1;2;2;76; ;2; ; ;1;2; ; ;1; ;12;131,3250960685
3368847;1;2;1; ; ; ; ; ; ; ; ; ; ; ; ;12;131,3250960685
3368847;1;3;1; ; ; ; ; ; ; ; ; ; ; ; ;12;131,3250960685
3368848;1;1;2;2;54; ;3;50; ;1;3;50; ;1; ;12;126,027212275068
3368848;1;2;2;2;18; ;2; ; ;1;2; ; ;1; ;12;126,027212275068
3368848;1;3;2;2;18; ;2; ; ;1;2; ; ;1; ;12;126,027212275068
3368850;1;1;1; ; ; ; ; ; ; ; ; ; ; ; ;12;118,041306335125
3368850;1;2;2;2;17; ;2; ; ;1;2; ; ;1; ;12;118,041306335125
3368851;1;1;2;2;17; ;2; ; ;1;2; ; ;1; ;12;81,8015114752719
3368851;1;2;2;2;76; ;2; ; ;1;2; ; ;1; ;12;81,8015114752719
3368851;1;3;1; ; ; ; ; ; ; ; ; ; ; ; ;12;81,8015114752719
3368852;1;1;1; ; ; ; ; ; ; ; ; ; ; ; ;12;163,93567515
3368852;1;2;2;1; ; ;2; ; ;1;4; ;4; ;1;12;163,93567515
3368853;1;1;2;2;63; ;2; ; ;1;2; ; ;1; ;12;95,510951028254
3368853;1;2;2;2;63; ;2; ; ;1;2; ; ;1; ;12;95,510951028254
3368853;1;3;1; ; ; ; ; ; ; ; ; ; ; ; ;12;95,510951028254
3368853;1;4;1; ; ; ; ; ; ; ; ; ; ; ; ;12;95,510951028254
3368854;1;1;1; ; ; ; ; ; ; ; ; ; ; ; ;12;183,55411999511
3368854;1;2;1; ; ; ; ; ; ; ; ; ; ; ; ;12;183,55411999511
3368854;1;3;1; ; ; ; ; ; ; ; ; ; ; ; ;12;183,55411999511
3368854;1;4;1; ; ; ; ; ; ; ; ; ; ; ; ;12;183,55411999511
3368854;1;5;1; ; ; ; ; ; ; ; ; ; ; ; ;12;183,55411999511
3368855;1;1;2;2;08; ;2; ; ;1;2; ; ;1; ;12;149,903298826926
3368855;1;2;2;2;23; ;4; ;2; ;2; ; ;1; ;12;149,903298826926
3368856;1;1;2;2;63; ;2; ; ;1;2; ; ;1; ;12;111,139926185826
3368856;1;2;1; ; ; ; ; ; ; ; ; ; ; ; ;12;111,139926185826
3368856;1;3;2;2;17; ;2; ; ;1;2; ; ;1; ;12;111,139926185826
3368857;1;1;2;2;73; ;2; ; ;1;2; ; ;1; ;12;91,0461750721453
3368857;1;2;2;2;73; ;2; ; ;1;2; ; ;1; ;12;91,0461750721453
3368857;1;3;1; ; ; ; ; ; ; ; ; ; ; ; ;12;91,0461750721453
3368858;1;1;2;2;73; ;2; ; ;1;2; ; ;1; ;12;105,67759802713
3368858;1;2;2;2;73; ;3;66; ;1;2; ; ;1; ;12;105,67759802713
3368859;1;1;2;1; ; ;2; ; ;1;2; ; ;1; ;12;167,681356570067
3368859;1;2;2;1; ; ;3;73; ;1;2; ; ;1; ;12;167,681356570067
3368859;1;3;2;1; ; ;3;76; ;1;3;76; ;1; ;12;167,681356570067
3368859;1;4;2;2;11; ;3;73; ;1;2; ; ;1; ;12;167,681356570067
3368859;1;5;2;2;73; ;3;73; ;1;2; ; ;1; ;12;167,681356570067
3368859;1;6;1; ; ; ; ; ; ; ; ; ; ; ; ;12;167,681356570067
3368859;1;7;1; ; ; ; ; ; ; ; ; ; ; ; ;12;167,681356570067
3368859;1;8;1; ; ; ; ; ; ; ; ; ; ; ; ;12;167,681356570067
3368860;1;1;2;2;76; ;2; ; ;1;2; ; ;1; ;12;130,40501464312
3368860;1;2;2;2;63; ;2; ; ;1;2; ; ;1; ;12;130,40501464312
3368861;1;1;2;2;18; ;2; ; ;1;2; ; ;1; ;12;63,942859087151
3368861;1;2;2;2;18; ;2; ; ;1;2; ; ;1; ;12;63,942859087151
3368861;1;3;1; ; ; ; ; ; ; ; ; ; ; ; ;12;63,942859087151
3368862;1;1;1; ; ; ; ; ; ; ; ; ; ; ; ;12;71,8158501760792
3368862;1;2;1; ; ; ; ; ; ; ; ; ; ; ; ;12;71,8158501760792
3368862;1;3;1; ; ; ; ; ; ; ; ; ; ; ; ;12;71,8158501760792
3368862;1;4;1; ; ; ; ; ; ; ; ; ; ; ; ;12;71,8158501760792
3368863;1;1;2;2;18; ;3;18; ;1;2; ; ;1; ;12;47,3349378537291
3368863;1;2;1; ; ; ; ; ; ; ; ; ; ; ; ;12;47,3349378537291
3368863;1;3;1; ; ; ; ; ; ; ; ; ; ; ; ;12;47,3349378537291
3368863;1;4;2;2;18; ;2; ; ;1;2; ; ;1; ;12;47,3349378537291
3368863;1;5;2;2;18; ;2; ; ;1;2; ; ;1; ;12;47,3349378537291
3368863;1;6;2;2;18; ;2; ; ;1;2; ; ;1; ;12;47,3349378537291
3368864;1;1;1; ; ; ; ; ; ; ; ; ; ; ; ;12;66,9372489724344
3368864;1;2;1; ; ; ; ; ; ; ; ; ; ; ; ;12;66,9372489724344
3368864;1;3;1; ; ; ; ; ; ; ; ; ; ; ; ;12;66,9372489724344
3368864;1;4;1; ; ; ; ; ; ; ; ; ; ; ; ;12;66,9372489724344
3368864;1;5;1; ; ; ; ; ; ; ; ; ; ; ; ;12;66,9372489724344
3368864;1;6;2;2;41; ;2; ; ;1;2; ; ;1; ;12;66,9372489724344
3368864;1;7;1; ; ; ; ; ; ; ; ; ; ; ; ;12;66,9372489724344
3368865;1;1;2;2;11; ;2; ; ;1;2; ; ;1; ;12;77,0562260930184
3368865;1;2;1; ; ; ; ; ; ; ; ; ; ; ; ;12;77,0562260930184
3368865;1;3;2;2;18; ;1; ; ; ;2; ; ;1; ;12;77,0562260930184
3368865;1;4;2;2;18; ;1; ; ; ;2; ; ;1; ;12;77,0562260930184
3368866;1;1;2;2;05; ;2; ; ;1;2; ; ;1; ;12;75,1286696433218
3368866;1;2;2;2;18; ;2; ; ;1;2; ; ;1; ;12;75,1286696433218
3368867;1;1;1; ; ; ; ; ; ; ; ; ; ; ; ;12;60,0811204032525
3368867;1;2;1; ; ; ; ; ; ; ; ; ; ; ; ;12;60,0811204032525
3368867;1;3;1; ; ; ; ; ; ; ; ; ; ; ; ;12;60,0811204032525
3368867;1;4;1; ; ; ; ; ; ; ; ; ; ; ; ;12;60,0811204032525
3368868;1;1;2;2;18; ;3;18; ;1;2; ; ;1; ;12;61,3708840088121
3368868;1;2;2;1; ; ;3;18; ;1;2; ; ;1; ;12;61,3708840088121
3368868;1;3;1; ; ; ; ; ; ; ; ; ; ; ; ;12;61,3708840088121
3368868;1;4;1; ; ; ; ; ; ; ; ; ; ; ; ;12;61,3708840088121
3368869;1;1;2;2;41; ;2; ; ;1;2; ; ;1; ;12;66,817581215499
3368870;1;1;2;2;73; ;2; ; ;1;2; ; ;1; ;12;69,5950908905951
3368870;1;2;1; ; ; ; ; ; ; ; ; ; ; ; ;12;69,5950908905951
3368870;1;3;1; ; ; ; ; ; ; ; ; ; ; ; ;12;69,5950908905951
3368871;1;1;1; ; ; ; ; ; ; ; ; ; ; ; ;12;57,1038509181424
3368871;1;2;2;2;73; ;2; ; ;1;2; ; ;1; ;12;57,1038509181424
3368871;1;3;1; ; ; ; ; ; ; ; ; ; ; ; ;12;57,1038509181424
3368872;1;1;2;2;52; ;2; ; ;1;2; ; ;1; ;12;75,1286696433218
3368872;1;2;1; ; ; ; ; ; ; ; ; ; ; ; ;12;75,1286696433218
3368873;1;1;2;2;15; ;3;15; ;1;2; ; ;1; ;12;130,88399429404
3368873;1;2;2;2;15; ;3;15; ;1;2; ; ;1; ;12;130,88399429404
3368873;1;3;2;2;15; ;2; ; ;1;2; ; ;1; ;12;130,88399429404
3368873;1;4;2;2;15; ;2; ; ;1;2; ; ;1; ;12;130,88399429404
3368873;1;5;2;2;15; ;3;15; ;1;2; ; ;1; ;12;130,88399429404
3368875;1;1;2;2;15; ;2; ; ;1;2; ; ;1; ;12;89,2141533524249
3368875;1;2;1; ; ; ; ; ; ; ; ; ; ; ; ;12;89,2141533524249
3368875;1;3;1; ; ; ; ; ; ; ; ; ; ; ; ;12;89,2141533524249
3368876;1;1;1; ; ; ; ; ; ; ; ; ; ; ; ;12;124,160682575637
3368876;1;2;1; ; ; ; ; ; ; ; ; ; ; ; ;12;124,160682575637
3368876;1;3;1; ; ; ; ; ; ; ; ; ; ; ; ;12;124,160682575637
3368876;1;4;1; ; ; ; ; ; ; ; ; ; ; ; ;12;124,160682575637
3368876;1;5;2;2;11; ;3;68; ;1;2; ; ;1; ;12;124,160682575637
3368877;1;1;2;2;15; ;2; ; ;1;2; ; ;1; ;12;126,519875075094
3368877;1;2;2;2;15; ;2; ; ;1;2; ; ;1; ;12;126,519875075094
3368877;1;3;1; ; ; ; ; ; ; ; ; ; ; ; ;12;126,519875075094
3368877;1;4;2;2;15; ;2; ; ;1;2; ; ;1; ;12;126,519875075094
3368877;1;5;2;2;15; ;2; ; ;1;2; ; ;1; ;12;126,519875075094
3368878;1;1;1; ; ; ; ; ; ; ; ; ; ; ; ;12;146,062762066823
3368878;1;2;2;2;15; ;2; ; ;1;2; ; ;1; ;12;146,062762066823
3368878;1;3;1; ; ; ; ; ; ; ; ; ; ; ; ;12;146,062762066823
3368878;1;4;1; ; ; ; ; ; ; ; ; ; ; ; ;12;146,062762066823
3368878;1;5;1; ; ; ; ; ; ; ; ; ; ; ; ;12;146,062762066823
3368879;1;1;1; ; ; ; ; ; ; ; ; ; ; ; ;12;117,004976567411
3368879;1;2;1; ; ; ; ; ; ; ; ; ; ; ; ;12;117,004976567411
3368880;1;1;1; ; ; ; ; ; ; ; ; ; ; ; ;12;50,1241418764312
3368880;1;2;1; ; ; ; ; ; ; ; ; ; ; ; ;12;50,1241418764312
3368880;1;3;1; ; ; ; ; ; ; ; ; ; ; ; ;12;50,1241418764312
3368880;1;4;2;2;15; ;2; ; ;1;2; ; ;1; ;12;50,1241418764312
3368881;1;1;1; ; ; ; ; ; ; ; ; ; ; ; ;12;146,166638140948
3368881;1;2;2;2;68; ;2; ; ;1;2; ; ;1; ;12;146,166638140948
3368881;1;3;1; ; ; ; ; ; ; ; ; ; ; ; ;12;146,166638140948
3368881;1;4;1; ; ; ; ; ; ; ; ; ; ; ; ;12;146,166638140948
3368882;1;1;2;2;25; ;3;11; ;1;2; ; ;1; ;12;57,1038509181424
3368882;1;2;2;2;19; ;2; ; ;1;2; ; ;1; ;12;57,1038509181424
3368882;1;3;1; ; ; ; ; ; ; ; ; ; ; ; ;12;57,1038509181424
3368883;1;1;2;2;18; ;3;18; ;1;2; ; ;1; ;12;55,8198620993259
3368883;1;2;2;2;18; ;3;18; ;2;2; ; ;1; ;12;55,8198620993259
3368883;1;3;2;2;18; ;3;18; ;2;2; ; ;1; ;12;55,8198620993259
3368883;1;4;2;2;18; ;3;18; ;2;2; ; ;1; ;12;55,8198620993259
3368883;1;5;2;2;18; ;3;18; ;2;2; ; ;1; ;12;55,8198620993259
3368883;1;6;2;2;18; ;3;18; ;2;2; ; ;1; ;12;55,8198620993259
3368883;1;7;1; ; ; ; ; ; ; ; ; ; ; ; ;12;55,8198620993259
3368884;1;1;2;2;18; ;2; ; ;1;2; ; ;1; ;12;40,1870610382107
3368884;1;2;1; ; ; ; ; ; ; ; ; ; ; ; ;12;40,1870610382107
3368884;1;3;2;2;25; ;3;11; ;1;2; ; ;1; ;12;40,1870610382107
3368884;1;4;1; ; ; ; ; ; ; ; ; ; ; ; ;12;40,1870610382107
3368884;1;5;1; ; ; ; ; ; ; ; ; ; ; ; ;12;40,1870610382107
3368884;1;6;1; ; ; ; ; ; ; ; ; ; ; ; ;12;40,1870610382107
3368885;1;1;2;2;18; ;2; ; ;1;2; ; ;1; ;12;80,0484735885709
3368885;1;2;2;1; ; ;3;18; ;2;2; ; ;1; ;12;80,0484735885709
3368885;1;3;2;2;18; ;3;18; ;1;2; ; ;1; ;12;80,0484735885709
3368885;1;4;2;2;18; ;3;18; ;2;2; ; ;1; ;12;80,0484735885709
3368885;1;5;2;2;18; ;3;18; ;2;2; ; ;1; ;12;80,0484735885709
3368885;1;6;2;2;18; ;3;18; ;2;2; ; ;1; ;12;80,0484735885709
3368885;1;7;1; ; ; ; ; ; ; ; ; ; ; ; ;12;80,0484735885709
3368886;1;1;2;2;18; ;3;18; ;2;2; ; ;1; ;12;57,2037565309389
3368886;1;2;2;2;18; ;3;18; ;2;2; ; ;1; ;12;57,2037565309389
3368886;1;3;2;2;18; ;3;18; ;2;2; ; ;1; ;12;57,2037565309389
3368886;1;4;2;2;18; ;1; ; ; ;2; ; ;1; ;12;57,2037565309389
3368886;1;5;2;2;18; ;1; ; ; ;2; ; ;1; ;12;57,2037565309389
3368886;1;6;1; ; ; ; ; ; ; ; ; ; ; ; ;12;57,2037565309389
3368887;1;1;2;2;18; ;2; ; ;1;3;11; ;1; ;12;141,774992480241
3368887;1;2;2;2;18; ;2; ; ;1;2; ; ;1; ;12;141,774992480241
3368887;1;3;1; ; ; ; ; ; ; ; ; ; ; ; ;12;141,774992480241
3368888;1;1;2;2;86; ;2; ; ;1;2; ; ;1; ;12;147,991543527305
3368889;1;1;2;2;76; ;2; ; ;1;2; ; ;1; ;12;127,885718174302
3368889;1;2;2;2;18; ;2; ; ;1;2; ; ;1; ;12;127,885718174302
3368889;1;3;1; ; ; ; ; ; ; ; ; ; ; ; ;12;127,885718174302
3368890;1;1;2;2;41; ;2; ; ;1;2; ; ;1; ;12;57,1038509181424
3368890;1;2;1; ; ; ; ; ; ; ; ; ; ; ; ;12;57,1038509181424
3368890;1;3;1; ; ; ; ; ; ; ; ; ; ; ; ;12;57,1038509181424
3368891;1;1;2;2;17; ;2; ; ;1;2; ; ;1; ;12;83,9224625354284
3368891;1;2;2;2;18; ;2; ; ;1;2; ; ;1; ;12;83,9224625354284
3368891;1;3;1; ; ; ; ; ; ; ; ; ; ; ; ;12;83,9224625354284
3368892;1;1;1; ; ; ; ; ; ; ; ; ; ; ; ;12;85,9708129975179
3368892;1;2;1; ; ; ; ; ; ; ; ; ; ; ; ;12;85,9708129975179
3368892;1;3;1; ; ; ; ; ; ; ; ; ; ; ; ;12;85,9708129975179
3368892;1;4;1; ; ; ; ; ; ; ; ; ; ; ; ;12;85,9708129975179
3368893;1;1;1; ; ; ; ; ; ; ; ; ; ; ; ;12;52,0101468503475
3368894;1;1;2;2;18; ;2; ; ;1;2; ; ;1; ;12;58,5067208009037
3368894;1;2;2;2;18; ;2; ; ;1;2; ; ;1; ;12;58,5067208009037
3368894;1;3;2;2;18; ;2; ; ;1;2; ; ;1; ;12;58,5067208009037
3368894;1;4;1; ; ; ; ; ; ; ; ; ; ; ; ;12;58,5067208009037
3368894;1;5;2;2;18; ;3;18; ;2;3;18; ;2;4;12;58,5067208009037
3368894;1;6;1; ; ; ; ; ; ; ; ; ; ; ; ;12;58,5067208009037
3368894;1;7;1; ; ; ; ; ; ; ; ; ; ; ; ;12;58,5067208009037
3368894;1;8;2;2;18; ;2; ; ;1;2; ; ;1; ;12;58,5067208009037
3368894;1;9;1; ; ; ; ; ; ; ; ; ; ; ; ;12;58,5067208009037
3368894;1;10;1; ; ; ; ; ; ; ; ; ; ; ; ;12;58,5067208009037
3368894;1;11;1; ; ; ; ; ; ; ; ; ; ; ; ;12;58,5067208009037
3368895;1;1;1; ; ; ; ; ; ; ; ; ; ; ; ;12;70,055568064423
3368895;1;2;2;2;25; ;2; ; ;1;2; ; ;1; ;12;70,055568064423
3368895;1;3;1; ; ; ; ; ; ; ; ; ; ; ; ;12;70,055568064423
3368895;1;4;1; ; ; ; ; ; ; ; ; ; ; ; ;12;70,055568064423
3368896;1;1;2;2;18; ;3;11; ;1;2; ; ;1; ;12;60,8039397424541
3368896;1;2;1; ; ; ; ; ; ; ; ; ; ; ; ;12;60,8039397424541
3368897;1;1;2;2;41; ;2; ; ;1;2; ; ;1; ;12;98,1255975963668
3368897;1;2;1; ; ; ; ; ; ; ; ; ; ; ; ;12;98,1255975963668
3368897;1;3;1; ; ; ; ; ; ; ; ; ; ; ; ;12;98,1255975963668
3368897;1;4;1; ; ; ; ; ; ; ; ; ; ; ; ;12;98,1255975963668
3368897;1;5;1; ; ; ; ; ; ; ; ; ; ; ; ;12;98,1255975963668
3368897;1;6;1; ; ; ; ; ; ; ; ; ; ; ; ;12;98,1255975963668
3368898;1;1;1; ; ; ; ; ; ; ; ; ; ; ; ;12;66,817581215499
3368899;1;1;2;2;41; ;2; ; ;1;2; ; ;1; ;12;73,9957717636526
3368900;1;1;2;2;66; ;2; ; ;1;2; ; ;1; ;12;61,9368376221234
3368900;1;2;2;2;76; ;2; ; ;1;2; ; ;1; ;12;61,9368376221234
3368900;1;3;2;2;18; ;2; ; ;1;2; ; ;1; ;12;61,9368376221234
3368901;1;1;1; ; ; ; ; ; ; ; ; ; ; ; ;12;63,5814494175502
3368901;1;2;2;2;18; ;2; ; ;1;2; ; ;1; ;12;63,5814494175502
3368901;1;3;1; ; ; ; ; ; ; ; ; ; ; ; ;12;63,5814494175502
3368901;1;4;1; ; ; ; ; ; ; ; ; ; ; ; ;12;63,5814494175502
3368902;1;1;1; ; ; ; ; ; ; ; ; ; ; ; ;12;140,97968062575
3368902;1;2;1; ; ; ; ; ; ; ; ; ; ; ; ;12;140,97968062575
3368903;1;1;1; ; ; ; ; ; ; ; ; ; ; ; ;12;71,3899822107495
3368903;1;2;1; ; ; ; ; ; ; ; ; ; ; ; ;12;71,3899822107495
3368903;1;3;1; ; ; ; ; ; ; ; ; ; ; ; ;12;71,3899822107495
3368904;1;1;1; ; ; ; ; ; ; ; ; ; ; ; ;12;51,9933574449625
3368904;1;2;1; ; ; ; ; ; ; ; ; ; ; ; ;12;51,9933574449625
3368904;1;3;1; ; ; ; ; ; ; ; ; ; ; ; ;12;51,9933574449625
3368904;1;4;1; ; ; ; ; ; ; ; ; ; ; ; ;12;51,9933574449625
3368904;1;5;1; ; ; ; ; ; ; ; ; ; ; ; ;12;51,9933574449625
3368904;1;6;1; ; ; ; ; ; ; ; ; ; ; ; ;12;51,9933574449625
3368904;1;7;1; ; ; ; ; ; ; ; ; ; ; ; ;12;51,9933574449625
3368904;1;8;1; ; ; ; ; ; ; ; ; ; ; ; ;12;51,9933574449625
3368904;1;9;1; ; ; ; ; ; ; ; ; ; ; ; ;12;51,9933574449625
3368904;1;10;1; ; ; ; ; ; ; ; ; ; ; ; ;12;51,9933574449625
3368905;1;1;1; ; ; ; ; ; ; ; ; ; ; ; ;12;116,797224419162
3368905;1;2;1; ; ; ; ; ; ; ; ; ; ; ; ;12;116,797224419162
3368905;1;3;1; ; ; ; ; ; ; ; ; ; ; ; ;12;116,797224419162
3368905;1;4;1; ; ; ; ; ; ; ; ; ; ; ; ;12;116,797224419162
3368906;1;1;1; ; ; ; ; ; ; ; ; ; ; ; ;12;90,9721240582257
3368906;1;2;1; ; ; ; ; ; ; ; ; ; ; ; ;12;90,9721240582257
3368906;1;3;1; ; ; ; ; ; ; ; ; ; ; ; ;12;90,9721240582257
3368907;1;1;1; ; ; ; ; ; ; ; ; ; ; ; ;12;131,585807354179
3368907;1;2;1; ; ; ; ; ; ; ; ; ; ; ; ;12;131,585807354179
3368907;1;3;1; ; ; ; ; ; ; ; ; ; ; ; ;12;131,585807354179
3368908;1;1;2;2;15; ;2; ; ;1;2; ; ;1; ;12;94,9990210021001
3368908;1;2;2;2;15; ;2; ; ;1;2; ; ;1; ;12;94,9990210021001
3368908;1;3;2;2;11; ;2; ; ;1;2; ; ;1; ;12;94,9990210021001
3368909;1;1;2;2;85; ;2; ; ;1;2; ; ;1; ;12;69,7497250818823
3368909;1;2;2;2;15; ;3;85; ;1;2; ; ;1; ;12;69,7497250818823
3368909;1;3;1; ; ; ; ; ; ; ; ; ; ; ; ;12;69,7497250818823
3368909;1;4;1; ; ; ; ; ; ; ; ; ; ; ; ;12;69,7497250818823
3368909;1;5;1; ; ; ; ; ; ; ; ; ; ; ; ;12;69,7497250818823
3368910;1;1;1; ; ; ; ; ; ; ; ; ; ; ; ;12;116,797224419162
3368910;1;2;1; ; ; ; ; ; ; ; ; ; ; ; ;12;116,797224419162
3368910;1;3;1; ; ; ; ; ; ; ; ; ; ; ; ;12;116,797224419162
3368910;1;4;1; ; ; ; ; ; ; ; ; ; ; ; ;12;116,797224419162
3368911;1;1;2;2;11; ;3;15; ;1;2; ; ;1; ;12;69,7497250818823
3368911;1;2;2;2;15; ;3;15; ;1;2; ; ;1; ;12;69,7497250818823
3368911;1;3;2;2;15; ;3;15; ;1;2; ; ;1; ;12;69,7497250818823
3368911;1;4;2;2;15; ;3;15; ;1;2; ; ;1; ;12;69,7497250818823
3368911;1;5;2;2;15; ;3;15; ;1;2; ; ;1; ;12;69,7497250818823
3368912;1;1;2;1; ; ;2; ; ;1;2; ; ;1; ;12;131,481931280055
3368912;1;2;1; ; ; ; ; ; ; ; ; ; ; ; ;12;131,481931280055
3368912;1;3;1; ; ; ; ; ; ; ; ; ; ; ; ;12;131,481931280055
3368912;1;4;1; ; ; ; ; ; ; ; ; ; ; ; ;12;131,481931280055
3368913;1;1;2;2;15; ;2; ; ;1;2; ; ;1; ;12;117,370641834399
3368913;1;2;1; ; ; ; ; ; ; ; ; ; ; ; ;12;117,370641834399
3368914;1;1;1; ; ; ; ; ; ; ; ; ; ; ; ;12;104,733428207922
3368914;1;2;1; ; ; ; ; ; ; ; ; ; ; ; ;12;104,733428207922
3368914;1;3;1; ; ; ; ; ; ; ; ; ; ; ; ;12;104,733428207922
3368914;1;4;1; ; ; ; ; ; ; ; ; ; ; ; ;12;104,733428207922
3368915;1;1;2;2;52; ;3;05; ;1;2; ; ;1; ;12;96,5354020568426
3368915;1;2;2;1; ; ;1; ; ; ;2; ; ;1; ;12;96,5354020568426
3368916;1;1;1; ; ; ; ; ; ; ; ; ; ; ; ;12;131,481931280055
3368916;1;2;2;2;15; ;2; ; ;1;2; ; ;1; ;12;131,481931280055
3368916;1;3;1; ; ; ; ; ; ; ; ; ; ; ; ;12;131,481931280055
3368916;1;4;1; ; ; ; ; ; ; ; ; ; ; ; ;12;131,481931280055
3368917;1;1;1; ; ; ; ; ; ; ; ; ; ; ; ;12;120,613982189306
3368918;1;1;2;2;15; ;3;85; ;1;2; ; ;1; ;12;86,3364782645062
3368918;1;2;2;1; ; ;2; ; ;1;2; ; ;1; ;12;86,3364782645062
3368918;1;3;2;2;85; ;1; ; ; ;2; ; ;1; ;12;86,3364782645062
3368918;1;4;2;2;85; ;3;85; ;1;3;85; ;1; ;12;86,3364782645062
3368919;1;1;2;2;15; ;2; ; ;1;2; ; ;1; ;12;106,308068442045
3368919;1;2;1; ; ; ; ; ; ; ; ; ; ; ; ;12;106,308068442045
3368919;1;3;1; ; ; ; ; ; ; ; ; ; ; ; ;12;106,308068442045
3368919;1;4;1; ; ; ; ; ; ; ; ; ; ; ; ;12;106,308068442045
3368919;1;5;2;1; ; ;2; ; ;1;2; ; ;1; ;12;106,308068442045
3368920;1;1;1; ; ; ; ; ; ; ; ; ; ; ; ;12;95,1823514737776
3368920;1;2;2;2;15; ;2; ; ;1;2; ; ;1; ;12;95,1823514737776
3368921;1;1;2;2;15; ;2; ; ;1;2; ; ;1; ;12;70,4230951501046
3368921;1;2;1; ; ; ; ; ; ; ; ; ; ; ; ;12;70,4230951501046
3368921;1;3;1; ; ; ; ; ; ; ; ; ; ; ; ;12;70,4230951501046
3368922;1;1;1; ; ; ; ; ; ; ; ; ; ; ; ;12;93,3959377760602
3368922;1;2;1; ; ; ; ; ; ; ; ; ; ; ; ;12;93,3959377760602
3368923;1;1;2;2;15; ;2; ; ;1;2; ; ;1; ;12;131,585807354179
3368923;1;2;2;2;15; ;2; ; ;1;2; ; ;1; ;12;131,585807354179
3368923;1;3;1; ; ; ; ; ; ; ; ; ; ; ; ;12;131,585807354179
3368924;1;1;2;2;15; ;2; ; ;1;2; ; ;1; ;12;98,5041505498708
3368924;1;2;2;2;15; ;3;15; ;1;2; ; ;1; ;12;98,5041505498708
3368924;1;3;1; ; ; ; ; ; ; ; ; ; ; ; ;12;98,5041505498708
3368925;1;1;2;2;15; ;2; ; ;1;2; ; ;1; ;12;91,5733458518823
3368925;1;2;2;2;15; ;2; ; ;1;2; ; ;1; ;12;91,5733458518823
3368925;1;3;2;1; ; ;2; ; ;1;2; ; ;1; ;12;91,5733458518823
3368926;1;1;1; ; ; ; ; ; ; ; ; ; ; ; ;12;71,3899822107495
3368926;1;2;1; ; ; ; ; ; ; ; ; ; ; ; ;12;71,3899822107495
3368926;1;3;1; ; ; ; ; ; ; ; ; ; ; ; ;12;71,3899822107495
3368927;1;1;1; ; ; ; ; ; ; ; ; ; ; ; ;12;175,64340426385
3368927;1;2;1; ; ; ; ; ; ; ; ; ; ; ; ;12;175,64340426385
3368927;1;3;1; ; ; ; ; ; ; ; ; ; ; ; ;12;175,64340426385
3368927;1;4;1; ; ; ; ; ; ; ; ; ; ; ; ;12;175,64340426385
3368928;1;1;2;2;25; ;2; ; ;1;2; ; ;1; ;12;147,778300495986
3368928;1;2;2;2;44; ;2; ; ;1;2; ; ;1; ;12;147,778300495986
3368929;1;1;2;2;08; ;2; ; ;1;2; ; ;1; ;12;180,519009570883
3368929;1;2;2;2;20; ;2; ; ;1;2; ; ;1; ;12;180,519009570883
3368929;1;3;2;2;20; ;2; ; ;1;2; ; ;1; ;12;180,519009570883
3368929;1;4;1; ; ; ; ; ; ; ; ; ; ; ; ;12;180,519009570883
3368929;1;5;1; ; ; ; ; ; ; ; ; ; ; ; ;12;180,519009570883
3368930;1;1;1; ; ; ; ; ; ; ; ; ; ; ; ;12;82,135749598197
3368930;1;2;2;2;47; ;2; ; ;1;2; ; ;1; ;12;82,135749598197
3368930;1;3;1; ; ; ; ; ; ; ; ; ; ; ; ;12;82,135749598197
3368930;1;4;1; ; ; ; ; ; ; ; ; ; ; ; ;12;82,135749598197
3368930;1;5;1; ; ; ; ; ; ; ; ; ; ; ; ;12;82,135749598197
3368930;1;6;1; ; ; ; ; ; ; ; ; ; ; ; ;12;82,135749598197
3368931;1;1;1; ; ; ; ; ; ; ; ; ; ; ; ;12;198,815840218052
3368931;1;2;1; ; ; ; ; ; ; ; ; ; ; ; ;12;198,815840218052
3368931;1;3;1; ; ; ; ; ; ; ; ; ; ; ; ;12;198,815840218052
3368931;1;4;1; ; ; ; ; ; ; ; ; ; ; ; ;12;198,815840218052
3368931;1;5;1; ; ; ; ; ; ; ; ; ; ; ; ;12;198,815840218052
3368931;1;6;1; ; ; ; ; ; ; ; ; ; ; ; ;12;198,815840218052
3368932;1;1;2;2;47; ;2; ; ;1;2; ; ;1; ;12;119,440832349953
3368932;1;2;2;2;47; ;2; ; ;1;2; ; ;1; ;12;119,440832349953
3368933;1;1;1; ; ; ; ; ; ; ; ; ; ; ; ;12;166,55715448266
3368933;1;2;1; ; ; ; ; ; ; ; ; ; ; ; ;12;166,55715448266
3368933;1;3;1; ; ; ; ; ; ; ; ; ; ; ; ;12;166,55715448266
3368933;1;4;1; ; ; ; ; ; ; ; ; ; ; ; ;12;166,55715448266
3368934;1;1;2;2;20; ;2; ; ;1;2; ; ;1; ;12;166,305987000997
3368934;1;2;2;2;54; ;3;54; ;1;2; ; ;1; ;12;166,305987000997
3368934;1;3;1; ; ; ; ; ; ; ; ; ; ; ; ;12;166,305987000997
3368934;1;4;2;2;54; ;2; ; ;1;2; ; ;1; ;12;166,305987000997
3368934;1;5;1; ; ; ; ; ; ; ; ; ; ; ; ;12;166,305987000997
3368935;1;1;2;2;13; ;2; ; ;1;2; ; ;1; ;12;209,871256871049
3368935;1;2;2;2;44; ;2; ; ;1;2; ; ;1; ;12;209,871256871049
3368935;1;3;1; ; ; ; ; ; ; ; ; ; ; ; ;12;209,871256871049
3368935;1;4;1; ; ; ; ; ; ; ; ; ; ; ; ;12;209,871256871049
3368935;1;5;1; ; ; ; ; ; ; ; ; ; ; ; ;12;209,871256871049
3368936;1;1;2;2;68; ;2; ; ;1;2; ; ;1; ;12;173,392832422944
3368936;1;2;2;2;47; ;2; ; ;1;2; ; ;1; ;12;173,392832422944
3368936;1;3;1; ; ; ; ; ; ; ; ; ; ; ; ;12;173,392832422944
3368937;1;1;2;2;44; ;2; ; ;1;2; ; ;1; ;12;130,831901504646
3368937;1;2;2;2;20; ;2; ; ;1;2; ; ;1; ;12;130,831901504646
3368937;1;3;1; ; ; ; ; ; ; ; ; ; ; ; ;12;130,831901504646
3368937;1;4;1; ; ; ; ; ; ; ; ; ; ; ; ;12;130,831901504646
3368938;1;1;2;2;47; ;2; ; ;1;2; ; ;1; ;12;119,440832349953
3368938;1;2;2;2;13; ;2; ; ;1;2; ; ;1; ;12;119,440832349953
3368939;1;1;1; ; ; ; ; ; ; ; ; ; ; ; ;12;94,4881565533586
3368939;1;2;1; ; ; ; ; ; ; ; ; ; ; ; ;12;94,4881565533586
3368940;1;1;1; ; ; ; ; ; ; ; ; ; ; ; ;12;96,6887975645135
3368940;1;2;1; ; ; ; ; ; ; ; ; ; ; ; ;12;96,6887975645135
3368940;1;3;1; ; ; ; ; ; ; ; ; ; ; ; ;12;96,6887975645135
3368941;1;1;2;2;73; ;2; ; ;1;2; ; ;1; ;12;94,1652197832667
3368941;1;2;2;2;73; ;2; ; ;1;2; ; ;1; ;12;94,1652197832667
3368941;1;3;2;2;73; ;2; ; ;1;2; ; ;1; ;12;94,1652197832667
3368943;1;1;2;1; ; ;2; ; ;1;4; ;2; ;1;12;127,372943520055
3368943;1;2;1; ; ; ; ; ; ; ; ; ; ; ; ;12;127,372943520055
3368943;1;3;1; ; ; ; ; ; ; ; ; ; ; ; ;12;127,372943520055
3368943;1;4;1; ; ; ; ; ; ; ; ; ; ; ; ;12;127,372943520055
3368944;1;1;1; ; ; ; ; ; ; ; ; ; ; ; ;12;473,456972420868
3368945;1;1;2;2;63; ;2; ; ;1;2; ; ;1; ;12;325,91429882072
3368945;1;2;1; ; ; ; ; ; ; ; ; ; ; ; ;12;325,91429882072
3368945;1;3;1; ; ; ; ; ; ; ; ; ; ; ; ;12;325,91429882072
3368945;1;4;1; ; ; ; ; ; ; ; ; ; ; ; ;12;325,91429882072
3368946;1;1;2;2;68; ;3;11; ;1;2; ; ;1; ;12;790,001801176778
3368946;1;2;2;2;54; ;3;11; ;1;2; ; ;1; ;12;790,001801176778
3368946;1;3;2;2;11; ;3;11; ;1;2; ; ;1; ;12;790,001801176778
3368946;1;4;2;2;68; ;1; ; ; ;2; ; ;1; ;12;790,001801176778
3368947;1;1;1; ; ; ; ; ; ; ; ; ; ; ; ;12;354,438283515819
3368947;1;2;1; ; ; ; ; ; ; ; ; ; ; ; ;12;354,438283515819
3368947;1;3;1; ; ; ; ; ; ; ; ; ; ; ; ;12;354,438283515819
3368947;1;4;1; ; ; ; ; ; ; ; ; ; ; ; ;12;354,438283515819
3368947;1;5;1; ; ; ; ; ; ; ; ; ; ; ; ;12;354,438283515819
3368948;1;1;2;2;63; ;2; ; ;1;2; ; ;1; ;12;377,952626213434
3368948;1;2;1; ; ; ; ; ; ; ; ; ; ; ; ;12;377,952626213434
3368949;1;1;2;3; ;3;3;70; ;1;2; ; ;1; ;12;495,30628505565
3368949;1;2;2;2;08; ;3;70; ;1;2; ; ;1; ;12;495,30628505565
3368950;1;1;2;2;63; ;2; ; ;1;2; ; ;1; ;12;655,7427006
3368950;1;2;1; ; ; ; ; ; ; ; ; ; ; ; ;12;655,7427006
3368951;1;1;1; ; ; ; ; ; ; ; ; ; ; ; ;12;125,1723025089
3368951;1;2;1; ; ; ; ; ; ; ; ; ; ; ; ;12;125,1723025089
3368951;1;3;1; ; ; ; ; ; ; ; ; ; ; ; ;12;125,1723025089
3368952;1;1;2;2;63; ;2; ; ;1;2; ; ;1; ;12;117,718369565033
3368952;1;2;2;2;63; ;2; ; ;1;2; ; ;1; ;12;117,718369565033
3368952;1;3;2;2;76; ;2; ; ;1;2; ; ;1; ;12;117,718369565033
3368953;1;1;1; ; ; ; ; ; ; ; ; ; ; ; ;12;160,340574008962
3368953;1;2;1; ; ; ; ; ; ; ; ; ; ; ; ;12;160,340574008962
3368953;1;3;2;2;76; ;2; ; ;1;2; ; ;1; ;12;160,340574008962
3368953;1;4;1; ; ; ; ; ; ; ; ; ; ; ; ;12;160,340574008962
3368954;1;1;2;2;63; ;2; ; ;1;2; ; ;1; ;12;149,903298826926
3368954;1;2;1; ; ; ; ; ; ; ; ; ; ; ; ;12;149,903298826926
3368955;1;1;1; ; ; ; ; ; ; ; ; ; ; ; ;12;147,976865700967
3368955;1;2;1; ; ; ; ; ; ; ; ; ; ; ; ;12;147,976865700967
3368955;1;3;2;2;63; ;2; ; ;1;2; ; ;1; ;12;147,976865700967
3368955;1;4;1; ; ; ; ; ; ; ; ; ; ; ; ;12;147,976865700967
3368956;1;1;2;2;73; ;2; ; ;1;2; ; ;1; ;12;149,903298826926
3368956;1;2;1; ; ; ; ; ; ; ; ; ; ; ; ;12;149,903298826926
3368957;1;1;2;1; ; ;2; ; ;1;2; ; ;1; ;12;181,442354548635
3368957;1;2;2;2;76; ;2; ; ;1;2; ; ;1; ;12;181,442354548635
3368957;1;3;1; ; ; ; ; ; ; ; ; ; ; ; ;12;181,442354548635
3368958;1;1;1; ; ; ; ; ; ; ; ; ; ; ; ;12;135,271875871941
3368958;1;2;1; ; ; ; ; ; ; ; ; ; ; ; ;12;135,271875871941
3368958;1;3;1; ; ; ; ; ; ; ; ; ; ; ; ;12;135,271875871941
3368959;1;1;1; ; ; ; ; ; ; ; ; ; ; ; ;12;165,064792801363
3368959;1;2;1; ; ; ; ; ; ; ; ; ; ; ; ;12;165,064792801363
3368959;1;3;1; ; ; ; ; ; ; ; ; ; ; ; ;12;165,064792801363
3368959;1;4;1; ; ; ; ; ; ; ; ; ; ; ; ;12;165,064792801363
3368959;1;5;1; ; ; ; ; ; ; ; ; ; ; ; ;12;165,064792801363
3368960;1;1;2;2;73; ;2; ; ;1;2; ; ;1; ;12;118,364243105217
3368961;1;1;2;2;63; ;2; ; ;1;2; ; ;1; ;12;119,387037580112
3368961;1;2;2;2;63; ;2; ; ;1;2; ; ;1; ;12;119,387037580112
3368961;1;3;2;2;11; ;2; ; ;1;2; ; ;1; ;12;119,387037580112
3368962;1;1;1; ; ; ; ; ; ; ; ; ; ; ; ;12;118,041306335125
3368962;1;2;2;2;17; ;2; ; ;1;2; ; ;1; ;12;118,041306335125
3368963;1;1;1; ; ; ; ; ; ; ; ; ; ; ; ;12;91,9645787721118
3368963;1;2;1; ; ; ; ; ; ; ; ; ; ; ; ;12;91,9645787721118
3368964;1;1;2;2;11; ;3;11; ;1;2; ; ;1; ;12;91,9645787721118
3368964;1;2;2;2;76; ;3;11; ;1;2; ; ;1; ;12;91,9645787721118
3368965;1;1;2;2;63; ;2; ; ;1;2; ; ;1; ;12;105,354661257039
3368965;1;2;2;1; ; ;4; ;1; ;4; ;1; ;4;12;105,354661257039
3368965;1;3;2;1; ; ;2; ; ;1;2; ; ;1; ;12;105,354661257039
3368966;1;1;1; ; ; ; ; ; ; ; ; ; ; ; ;12;146,717180479969
3368966;1;2;2;2;63; ;2; ; ;1;2; ; ;1; ;12;146,717180479969
3368966;1;3;1; ; ; ; ; ; ; ; ; ; ; ; ;12;146,717180479969
3368966;1;4;1; ; ; ; ; ; ; ; ; ; ; ; ;12;146,717180479969
3368968;1;1;2;2;73; ;2; ; ;1;2; ; ;1; ;12;149,580362056834
3368968;1;2;2;1; ; ;2; ; ;1;2; ; ;1; ;12;149,580362056834
3368968;1;3;2;1; ; ;2; ; ;1;2; ; ;1; ;12;149,580362056834
3368970;1;1;1; ; ; ; ; ; ; ; ; ; ; ; ;12;117,909733928018
3368970;1;2;1; ; ; ; ; ; ; ; ; ; ; ; ;12;117,909733928018
3368970;1;3;1; ; ; ; ; ; ; ; ; ; ; ; ;12;117,909733928018
3368970;1;4;1; ; ; ; ; ; ; ; ; ; ; ; ;12;117,909733928018
3368970;1;5;1; ; ; ; ; ; ; ; ; ; ; ; ;12;117,909733928018
3368970;1;6;1; ; ; ; ; ; ; ; ; ; ; ; ;12;117,909733928018
3368970;1;7;2;1; ; ;2; ; ;1;2; ; ;1; ;12;117,909733928018
3368970;1;8;2;1; ; ;3;76; ;1;2; ; ;1; ;12;117,909733928018
3368971;1;1;2;1; ; ;2; ; ;1;2; ; ;1; ;12;118,364243105217
3368972;1;1;2;1; ; ;2; ; ;1;2; ; ;1; ;12;149,580362056834
3368972;1;2;2;2;63; ;2; ; ;1;2; ; ;1; ;12;149,580362056834
3368972;1;3;1; ; ; ; ; ; ; ; ; ; ; ; ;12;149,580362056834
3368973;1;1;1; ; ; ; ; ; ; ; ; ; ; ; ;12;123,826571263913
3368973;1;2;2;2;54; ;3;54; ;1;2; ; ;1; ;12;123,826571263913
3368974;1;1;1; ; ; ; ; ; ; ; ; ; ; ; ;12;162,589943905013
3368975;1;1;2;2;63; ;2; ; ;1;2; ; ;1; ;12;118,041306335125
3368975;1;2;2;2;63; ;2; ; ;1;2; ; ;1; ;12;118,041306335125
3368976;1;1;2;2;63; ;2; ; ;1;2; ; ;1; ;12;161,62281132015
3368976;1;2;2;2;63; ;2; ; ;1;2; ; ;1; ;12;161,62281132015
3368976;1;3;1; ; ; ; ; ; ; ; ; ; ; ; ;12;161,62281132015
3368976;1;4;1; ; ; ; ; ; ; ; ; ; ; ; ;12;161,62281132015
3368976;1;5;1; ; ; ; ; ; ; ; ; ; ; ; ;12;161,62281132015
3368976;1;6;2;2;63; ;3;63; ;2;2; ; ;1; ;12;161,62281132015
3368979;1;1;1; ; ; ; ; ; ; ; ; ; ; ; ;12;257,574381795455
3368979;1;2;1; ; ; ; ; ; ; ; ; ; ; ; ;12;257,574381795455
3368979;1;3;1; ; ; ; ; ; ; ; ; ; ; ; ;12;257,574381795455
3368979;1;4;1; ; ; ; ; ; ; ; ; ; ; ; ;12;257,574381795455
3368980;1;1;1; ; ; ; ; ; ; ; ; ; ; ; ;12;293,755238988897
3368981;1;1;2;2;17; ;2; ; ;1;2; ; ;1; ;12;293,755238988897
3368982;1;1;2;2;66; ;2; ; ;1;2; ; ;1; ;12;330,129837221899
3368982;1;2;2;2;66; ;2; ; ;1;2; ; ;1; ;12;330,129837221899
3368982;1;3;1; ; ; ; ; ; ; ; ; ; ; ; ;12;330,129837221899
3368982;1;4;1; ; ; ; ; ; ; ; ; ; ; ; ;12;330,129837221899
3368982;1;5;1; ; ; ; ; ; ; ; ; ; ; ; ;12;330,129837221899
3368982;2;1;2;2;76; ;2; ; ;1;2; ; ;1; ;12;330,129837221899
3368983;1;1;2;2;05; ;2; ; ;1;2; ; ;1; ;12;412,406782249475
3368983;1;2;2;2;18; ;2; ; ;1;2; ; ;1; ;12;412,406782249475
3368983;1;3;1; ; ; ; ; ; ; ; ; ; ; ; ;12;412,406782249475
3368983;1;4;1; ; ; ; ; ; ; ; ; ; ; ; ;12;412,406782249475
3368983;1;5;1; ; ; ; ; ; ; ; ; ; ; ; ;12;412,406782249475
3368984;1;1;1; ; ; ; ; ; ; ; ; ; ; ; ;12;259,600599275105
3368984;1;2;2;2;05; ;2; ; ;1;2; ; ;1; ;12;259,600599275105
3368985;1;1;1; ; ; ; ; ; ; ; ; ; ; ; ;12;284,562542103901
3368985;1;2;2;2;23; ;2; ; ;1;2; ; ;1; ;12;284,562542103901
3368985;1;3;1; ; ; ; ; ; ; ; ; ; ; ; ;12;284,562542103901
3368986;1;1;2;2;17; ;2; ; ;1;2; ; ;1; ;12;246,478408791044
3368986;1;2;2;2;17; ;2; ; ;1;2; ; ;1; ;12;246,478408791044
3368986;1;3;1; ; ; ; ; ; ; ; ; ; ; ; ;12;246,478408791044
3368987;1;1;1; ; ; ; ; ; ; ; ; ; ; ; ;12;242,58659295745
3368987;1;2;1; ; ; ; ; ; ; ; ; ; ; ; ;12;242,58659295745
3368988;1;1;1; ; ; ; ; ; ; ; ; ; ; ; ;12;189,526705601551
3368988;1;2;1; ; ; ; ; ; ; ; ; ; ; ; ;12;189,526705601551
3368988;1;3;1; ; ; ; ; ; ; ; ; ; ; ; ;12;189,526705601551
3368989;1;1;2;2;05; ;3;05; ;1;3;11; ;1; ;12;345,40546669554
3368989;1;2;2;2;19; ;3;11; ;1;3;11; ;1; ;12;345,40546669554
3368989;1;3;2;2;11; ;1; ; ; ;3;11; ;1; ;12;345,40546669554
3368990;1;1;1; ; ; ; ; ; ; ; ; ; ; ; ;12;319,033864217489
3368990;1;2;2;2;17; ;2; ; ;1;2; ; ;1; ;12;319,033864217489
3368990;1;3;1; ; ; ; ; ; ; ; ; ; ; ; ;12;319,033864217489
3368990;1;4;1; ; ; ; ; ; ; ; ; ; ; ; ;12;319,033864217489
3368990;1;5;1; ; ; ; ; ; ; ; ; ; ; ; ;12;319,033864217489
3368991;1;1;2;2;17; ;2; ; ;1;2; ; ;1; ;12;279,586687864867
3368991;1;2;1; ; ; ; ; ; ; ; ; ; ; ; ;12;279,586687864867
3368991;1;3;1; ; ; ; ; ; ; ; ; ; ; ; ;12;279,586687864867
3368992;1;1;1; ; ; ; ; ; ; ; ; ; ; ; ;12;180,935334294204
3368992;1;2;1; ; ; ; ; ; ; ; ; ; ; ; ;12;180,935334294204
3368992;1;3;1; ; ; ; ; ; ; ; ; ; ; ; ;12;180,935334294204
3368992;1;4;1; ; ; ; ; ; ; ; ; ; ; ; ;12;180,935334294204
3368992;1;5;1; ; ; ; ; ; ; ; ; ; ; ; ;12;180,935334294204
3368993;1;1;1; ; ; ; ; ; ; ; ; ; ; ; ;12;290,793465927711
3368993;1;2;1; ; ; ; ; ; ; ; ; ; ; ; ;12;290,793465927711
3368993;1;3;1; ; ; ; ; ; ; ; ; ; ; ; ;12;290,793465927711
3368993;1;4;1; ; ; ; ; ; ; ; ; ; ; ; ;12;290,793465927711
3368993;1;5;1; ; ; ; ; ; ; ; ; ; ; ; ;12;290,793465927711
3368993;1;6;2;2;05; ;2; ; ;1;2; ; ;1; ;12;290,793465927711
3368994;1;1;2;2;17; ;2; ; ;1;2; ; ;1; ;12;267,383636510846
3368994;1;2;1; ; ; ; ; ; ; ; ; ; ; ; ;12;267,383636510846
3368994;1;3;2;2;66; ;2; ; ;1;2; ; ;1; ;12;267,383636510846
3368995;1;1;2;2;17; ;2; ; ;1;2; ; ;1; ;12;272,722789759166
3368996;1;1;2;2;25; ;2; ; ;1;2; ; ;1; ;12;289,395942580258
3368996;1;2;1; ; ; ; ; ; ; ; ; ; ; ; ;12;289,395942580258
3368997;1;1;2;2;76; ;2; ; ;1;2; ; ;1; ;12;242,58659295745
3368997;1;2;1; ; ; ; ; ; ; ; ; ; ; ; ;12;242,58659295745
3368998;1;1;1; ; ; ; ; ; ; ; ; ; ; ; ;12;259,600599275105
3368998;1;2;1; ; ; ; ; ; ; ; ; ; ; ; ;12;259,600599275105
3368999;1;1;1; ; ; ; ; ; ; ; ; ; ; ; ;12;211,931390374108
3368999;1;2;1; ; ; ; ; ; ; ; ; ; ; ; ;12;211,931390374108
3368999;1;3;1; ; ; ; ; ; ; ; ; ; ; ; ;12;211,931390374108
3369000;1;1;1; ; ; ; ; ; ; ; ; ; ; ; ;12;259,600599275105
3369000;1;2;1; ; ; ; ; ; ; ; ; ; ; ; ;12;259,600599275105
3369001;1;1;2;2;17; ;2; ; ;1;2; ; ;1; ;12;232,963839603839
3369001;1;2;1; ; ; ; ; ; ; ; ; ; ; ; ;12;232,963839603839
3369001;1;3;1; ; ; ; ; ; ; ; ; ; ; ; ;12;232,963839603839
3369002;1;1;1; ; ; ; ; ; ; ; ; ; ; ; ;12;162,589943905013
3369003;1;1;2;2;63; ;2; ; ;1;2; ; ;1; ;12;118,041306335125
3369003;1;2;1; ; ; ; ; ; ; ; ; ; ; ; ;12;118,041306335125
3369004;1;1;1; ; ; ; ; ; ; ; ; ; ; ; ;12;93,310310017099
3369004;1;2;1; ; ; ; ; ; ; ; ; ; ; ; ;12;93,310310017099
3369004;1;3;1; ; ; ; ; ; ; ; ; ; ; ; ;12;93,310310017099
3369005;1;1;1; ; ; ; ; ; ; ; ; ; ; ; ;12;94,9789780321781
3369005;1;2;2;2;63; ;2; ; ;1;2; ; ;1; ;12;94,9789780321781
3369005;1;3;2;2;63; ;2; ; ;1;2; ; ;1; ;12;94,9789780321781
3369006;1;1;2;2;66; ;2; ; ;1;2; ; ;1; ;12;473,456972420868
3369007;1;1;1; ; ; ; ; ; ; ; ; ; ; ; ;12;522,911805652848
3369008;1;1;1; ; ; ; ; ; ; ; ; ; ; ; ;12;500,689210035599
3369008;1;2;2;2;76; ;2; ; ;1;2; ; ;1; ;12;500,689210035599
3369008;1;3;1; ; ; ; ; ; ; ; ; ; ; ; ;12;500,689210035599
3369009;1;1;1; ; ; ; ; ; ; ; ; ; ; ; ;12;373,241240068396
3369009;1;2;2;2;05; ;2; ; ;1;2; ; ;1; ;12;373,241240068396
3369009;1;3;1; ; ; ; ; ; ; ; ; ; ; ; ;12;373,241240068396
3369010;1;1;2;2;05; ;2; ; ;1;2; ; ;1; ;12;509,491774080219
3369010;1;2;1; ; ; ; ; ; ; ; ; ; ; ; ;12;509,491774080219
3369010;1;3;1; ; ; ; ; ; ; ; ; ; ; ; ;12;509,491774080219
3369010;1;4;1; ; ; ; ; ; ; ; ; ; ; ; ;12;509,491774080219
3369011;1;1;2;2;76; ;2; ; ;1;2; ; ;1; ;12;522,911805652848
3369012;1;1;2;2;63; ;3;73; ;1;2; ; ;1; ;12;207,690437588756
3369012;1;2;2;1; ; ;3;73; ;1;2; ; ;1; ;12;207,690437588756
3369012;1;3;2;2;11; ;3;73; ;1;2; ; ;1; ;12;207,690437588756
3369012;1;4;2;2;73; ;3;73; ;1;2; ; ;1; ;12;207,690437588756
3369012;1;5;2;2;73; ;3;73; ;1;2; ; ;1; ;12;207,690437588756
3369012;1;6;2;2;76; ;3;73; ;1;2; ; ;1; ;12;207,690437588756
3369012;1;7;2;2;63; ;3;63; ;1;2; ; ;1; ;12;207,690437588756
3369013;1;1;1; ; ; ; ; ; ; ; ; ; ; ; ;12;208,945754902223
3369013;1;2;2;3; ;3;3;76; ;1;2; ; ;1; ;12;208,945754902223
3369013;1;3;1; ; ; ; ; ; ; ; ; ; ; ; ;12;208,945754902223
3369013;1;4;1; ; ; ; ; ; ; ; ; ; ; ; ;12;208,945754902223
3369013;1;5;1; ; ; ; ; ; ; ; ; ; ; ; ;12;208,945754902223
3369014;1;1;2;2;17; ;2; ; ;1;2; ; ;1; ;12;162,966864839724
3369014;1;2;2;2;17; ;2; ; ;1;2; ; ;1; ;12;162,966864839724
3369014;1;3;1; ; ; ; ; ; ; ; ; ; ; ; ;12;162,966864839724
3369014;1;4;2;2;17; ;2; ; ;1;2; ; ;1; ;12;162,966864839724
3369014;1;5;1; ; ; ; ; ; ; ; ; ; ; ; ;12;162,966864839724
3369015;1;1;1; ; ; ; ; ; ; ; ; ; ; ; ;12;174,309456398237
3369015;1;2;1; ; ; ; ; ; ; ; ; ; ; ; ;12;174,309456398237
3369015;1;3;1; ; ; ; ; ; ; ; ; ; ; ; ;12;174,309456398237
3369015;1;4;1; ; ; ; ; ; ; ; ; ; ; ; ;12;174,309456398237
3369015;1;5;1; ; ; ; ; ; ; ; ; ; ; ; ;12;174,309456398237
3369016;1;1;2;2;63; ;2; ; ;1;2; ; ;1; ;12;118,041306335125
3369016;1;2;2;2;63; ;2; ; ;1;2; ; ;1; ;12;118,041306335125
3369017;1;1;1; ; ; ; ; ; ; ; ; ; ; ; ;12;125,1723025089
3369017;1;2;1; ; ; ; ; ; ; ; ; ; ; ; ;12;125,1723025089
3369017;1;3;1; ; ; ; ; ; ; ; ; ; ; ; ;12;125,1723025089
3369019;1;1;2;2;63; ;3;70; ;1;2; ; ;1; ;12;198,700870584604
3369019;1;2;2;2;25; ;2; ; ;1;2; ; ;1; ;12;198,700870584604
3369021;1;1;2;2;73; ;2; ; ;1;2; ; ;1; ;12;253,503634075444
3369021;1;2;1; ; ; ; ; ; ; ; ; ; ; ; ;12;253,503634075444
3369021;1;3;2;2;73; ;2; ; ;1;2; ; ;1; ;12;253,503634075444
3369021;1;4;1; ; ; ; ; ; ; ; ; ; ; ; ;12;253,503634075444
3369021;1;5;1; ; ; ; ; ; ; ; ; ; ; ; ;12;253,503634075444
3369022;1;1;2;2;25; ;2; ; ;1;2; ; ;1; ;12;313,41010469747
3369022;1;2;2;2;11; ;2; ; ;1;2; ; ;1; ;12;313,41010469747
3369022;1;3;2;2;11; ;2; ; ;1;2; ; ;1; ;12;313,41010469747
3369023;1;1;2;2;73; ;2; ; ;1;2; ; ;1; ;12;347,48029804248
3369023;1;2;2;2;18; ;2; ; ;1;2; ; ;1; ;12;347,48029804248
3369023;1;3;2;2;18; ;2; ; ;1;2; ; ;1; ;12;347,48029804248
3369023;1;4;2;2;18; ;2; ; ;1;2; ; ;1; ;12;347,48029804248
3369023;1;5;2;2;18; ;2; ; ;1;2; ; ;1; ;12;347,48029804248
3369024;1;1;2;2;73; ;2; ; ;1;2; ; ;1; ;12;316,093727427403
3369024;1;2;2;2;05; ;2; ; ;1;2; ; ;1; ;12;316,093727427403
3369024;1;3;1; ; ; ; ; ; ; ; ; ; ; ; ;12;316,093727427403
3369024;1;4;1; ; ; ; ; ; ; ; ; ; ; ; ;12;316,093727427403
3369025;1;1;2;2;73; ;2; ; ;1;3;73; ;1; ;12;246,758705574624
3369025;1;2;2;2;73; ;3;73; ;1;2; ; ;1; ;12;246,758705574624
3369026;1;1;2;2;19; ;2; ; ;1;2; ; ;1; ;12;190,380274341761
3369027;1;1;2;2;63; ;2; ; ;1;2; ; ;1; ;12;163,175013118314
3369027;1;2;1; ; ; ; ; ; ; ; ; ; ; ; ;12;163,175013118314
3369027;1;3;2;1; ; ;3;47; ;1;3;47; ;1; ;12;163,175013118314
3369027;1;4;1; ; ; ; ; ; ; ; ; ; ; ; ;12;163,175013118314
3369027;1;5;1; ; ; ; ; ; ; ; ; ; ; ; ;12;163,175013118314
3369028;1;1;2;2;11; ;2; ; ;1;2; ; ;1; ;12;316,093727427403
3369028;1;2;1; ; ; ; ; ; ; ; ; ; ; ; ;12;316,093727427403
3369028;1;3;1; ; ; ; ; ; ; ; ; ; ; ; ;12;316,093727427403
3369028;1;4;1; ; ; ; ; ; ; ; ; ; ; ; ;12;316,093727427403
3369029;1;1;2;2;17; ;3;17; ;1;2; ; ;1; ;12;365,058304488701
3369029;1;2;2;2;17; ;3;17; ;1;2; ; ;1; ;12;365,058304488701
3369029;1;3;2;2;17; ;2; ; ;1;2; ; ;1; ;12;365,058304488701
3369029;1;4;2;2;17; ;2; ; ;1;2; ; ;1; ;12;365,058304488701
3369029;1;5;1; ; ; ; ; ; ; ; ; ; ; ; ;12;365,058304488701
3369029;1;6;2;2;17; ;3;17; ;1;2; ; ;1; ;12;365,058304488701
3369030;1;1;2;2;73; ;3;11; ;1;2; ; ;1; ;12;310,011189289799
3369030;1;2;2;1; ; ;3;11; ;1;2; ; ;1; ;12;310,011189289799
3369030;1;3;2;1; ; ;3;11; ;1;2; ; ;1; ;12;310,011189289799
3369031;1;1;2;2;73; ;2; ; ;1;2; ; ;1; ;12;298,440683226182
3369031;1;2;1; ; ; ; ; ; ; ; ; ; ; ; ;12;298,440683226182
3369031;1;3;1; ; ; ; ; ; ; ; ; ; ; ; ;12;298,440683226182
3369034;1;1;2;2;73; ;2; ; ;1;2; ; ;1; ;12;238,483075197525
3369034;1;2;1; ; ; ; ; ; ; ; ; ; ; ; ;12;238,483075197525
3369034;1;3;1; ; ; ; ; ; ; ; ; ; ; ; ;12;238,483075197525
3369034;1;4;1; ; ; ; ; ; ; ; ; ; ; ; ;12;238,483075197525
3369035;1;1;1; ; ; ; ; ; ; ; ; ; ; ; ;12;134,543625914321
3369035;1;2;1; ; ; ; ; ; ; ; ; ; ; ; ;12;134,543625914321
3369036;1;1;2;2;11; ;2; ; ;1;2; ; ;1; ;12;385,428749280182
3369036;1;2;2;2;73; ;2; ; ;1;2; ; ;1; ;12;385,428749280182
3369036;1;3;2;2;73; ;2; ; ;1;2; ; ;1; ;12;385,428749280182
3369036;1;4;1; ; ; ; ; ; ; ; ; ; ; ; ;12;385,428749280182
3369036;1;5;2;2;73; ;2; ; ;1;2; ; ;1; ;12;385,428749280182
3369036;1;6;1; ; ; ; ; ; ; ; ; ; ; ; ;12;385,428749280182
3369037;1;1;1; ; ; ; ; ; ; ; ; ; ; ; ;12;393,09886201063
3369037;1;2;1; ; ; ; ; ; ; ; ; ; ; ; ;12;393,09886201063
3369037;1;3;1; ; ; ; ; ; ; ; ; ; ; ; ;12;393,09886201063
3369037;1;4;1; ; ; ; ; ; ; ; ; ; ; ; ;12;393,09886201063
3369038;1;1;2;1; ; ;2; ; ;1;2; ; ;1; ;12;198,700870584604
3369038;1;2;1; ; ; ; ; ; ; ; ; ; ; ; ;12;198,700870584604
3369039;1;1;1; ; ; ; ; ; ; ; ; ; ; ; ;12;225,762157650413
3369039;1;2;2;1; ; ;2; ; ;1;2; ; ;1; ;12;225,762157650413
3369039;1;3;1; ; ; ; ; ; ; ; ; ; ; ; ;12;225,762157650413
3369039;1;4;2;1; ; ;2; ; ;1;2; ; ;1; ;12;225,762157650413
3369039;1;5;1; ; ; ; ; ; ; ; ; ; ; ; ;12;225,762157650413
3369039;2;1;2;2;73; ;2; ; ;1;2; ; ;1; ;12;225,762157650413
3369039;2;2;2;1; ; ;2; ; ;1;2; ; ;1; ;12;225,762157650413
3369039;2;3;1; ; ; ; ; ; ; ; ; ; ; ; ;12;225,762157650413
3369040;1;1;1; ; ; ; ; ; ; ; ; ; ; ; ;12;328,124227025636
3369040;1;2;1; ; ; ; ; ; ; ; ; ; ; ; ;12;328,124227025636
3369040;1;3;1; ; ; ; ; ; ; ; ; ; ; ; ;12;328,124227025636
3369040;1;4;1; ; ; ; ; ; ; ; ; ; ; ; ;12;328,124227025636
3369040;1;5;1; ; ; ; ; ; ; ; ; ; ; ; ;12;328,124227025636
3369042;1;1;1; ; ; ; ; ; ; ; ; ; ; ; ;12;266,649807881085
3369042;1;2;2;2;25; ;2; ; ;1;2; ; ;1; ;12;266,649807881085
3369042;1;3;1; ; ; ; ; ; ; ; ; ; ; ; ;12;266,649807881085
3369043;1;1;2;1; ; ;3;11; ;1;2; ; ;1; ;12;226,867603268164
3369044;1;1;1; ; ; ; ; ; ; ; ; ; ; ; ;12;306,7217717933
3369044;1;2;1; ; ; ; ; ; ; ; ; ; ; ; ;12;306,7217717933
3369044;1;3;1; ; ; ; ; ; ; ; ; ; ; ; ;12;306,7217717933
3369044;1;4;2;1; ; ;2; ; ;1;2; ; ;1; ;12;306,7217717933
3369044;1;5;2;2;11; ;2; ; ;1;3;11; ;1; ;12;306,7217717933
3369044;1;6;1; ; ; ; ; ; ; ; ; ; ; ; ;12;306,7217717933
3369044;1;7;2;2;11; ;3;11; ;1;4; ;2; ;4;12;306,7217717933
3369045;1;1;2;2;66; ;2; ; ;1;2; ; ;1; ;12;315,614384942383
3369045;1;2;2;2;17; ;2; ; ;1;2; ; ;1; ;12;315,614384942383
3369045;1;3;1; ; ; ; ; ; ; ; ; ; ; ; ;12;315,614384942383
3369045;1;4;1; ; ; ; ; ; ; ; ; ; ; ; ;12;315,614384942383
3369045;1;5;1; ; ; ; ; ; ; ; ; ; ; ; ;12;315,614384942383
3369046;1;1;1; ; ; ; ; ; ; ; ; ; ; ; ;12;190,380274341761
3369047;1;1;1; ; ; ; ; ; ; ; ; ; ; ; ;12;230,087441199681
3369047;1;2;1; ; ; ; ; ; ; ; ; ; ; ; ;12;230,087441199681
3369047;1;3;1; ; ; ; ; ; ; ; ; ; ; ; ;12;230,087441199681
3369048;1;1;2;2;25; ;2; ; ;1;2; ; ;1; ;12;247,645139279737
3369048;1;2;2;2;73; ;2; ; ;1;2; ; ;1; ;12;247,645139279737
3369048;1;3;1; ; ; ; ; ; ; ; ; ; ; ; ;12;247,645139279737
3369048;1;4;1; ; ; ; ; ; ; ; ; ; ; ; ;12;247,645139279737
3369048;1;5;1; ; ; ; ; ; ; ; ; ; ; ; ;12;247,645139279737
3369049;1;1;2;2;73; ;2; ; ;1;2; ; ;1; ;12;309,531846804779
3369049;1;2;1; ; ; ; ; ; ; ; ; ; ; ; ;12;309,531846804779
3369049;1;3;1; ; ; ; ; ; ; ; ; ; ; ; ;12;309,531846804779
3369049;1;4;1; ; ; ; ; ; ; ; ; ; ; ; ;12;309,531846804779
3369050;1;1;2;2;18; ;2; ; ;1;2; ; ;1; ;12;296,202625120943
3369050;1;2;1; ; ; ; ; ; ; ; ; ; ; ; ;12;296,202625120943
3369050;1;3;1; ; ; ; ; ; ; ; ; ; ; ; ;12;296,202625120943
3369051;1;1;2;2;15; ;2; ; ;1;2; ; ;1; ;12;192,968550950529
3369051;1;2;2;2;73; ;2; ; ;1;2; ; ;1; ;12;192,968550950529
3369051;1;3;1; ; ; ; ; ; ; ; ; ; ; ; ;12;192,968550950529
3369052;1;1;1; ; ; ; ; ; ; ; ; ; ; ; ;12;277,407848071486
3369053;1;1;2;2;73; ;3;73; ;1;2; ; ;1; ;12;227,849383094442
3369053;1;2;2;2;73; ;3;73; ;1;2; ; ;1; ;12;227,849383094442
3369053;1;3;2;2;73; ;3;73; ;1;2; ; ;1; ;12;227,849383094442
3369054;1;1;2;2;73; ;2; ; ;1;2; ; ;1; ;12;230,087441199681
3369054;1;2;2;2;73; ;2; ; ;1;2; ; ;1; ;12;230,087441199681
3369054;1;3;1; ; ; ; ; ; ; ; ; ; ; ; ;12;230,087441199681
3369056;1;1;1; ; ; ; ; ; ; ; ; ; ; ; ;12;246,758705574624
3369056;1;2;2;2;68; ;2; ; ;1;2; ; ;1; ;12;246,758705574624
3369057;1;1;2;2;73; ;2; ; ;1;2; ; ;1; ;12;291,081558443452
3369057;1;2;1; ; ; ; ; ; ; ; ; ; ; ; ;12;291,081558443452
3369057;1;3;1; ; ; ; ; ; ; ; ; ; ; ; ;12;291,081558443452
3369057;1;4;1; ; ; ; ; ; ; ; ; ; ; ; ;12;291,081558443452
3369057;1;5;2;2;73; ;3;73; ;1;2; ; ;1; ;12;291,081558443452
3369058;1;1;1; ; ; ; ; ; ; ; ; ; ; ; ;12;255,079301817468
3369058;1;2;1; ; ; ; ; ; ; ; ; ; ; ; ;12;255,079301817468
3369058;1;3;1; ; ; ; ; ; ; ; ; ; ; ; ;12;255,079301817468
3369059;1;1;2;2;11; ;2; ; ;1;2; ; ;1; ;12;266,574770126084
3369059;1;2;1; ; ; ; ; ; ; ; ; ; ; ; ;12;266,574770126084
3369059;1;3;1; ; ; ; ; ; ; ; ; ; ; ; ;12;266,574770126084
3369060;1;1;1; ; ; ; ; ; ; ; ; ; ; ; ;12;218,591972891064
3369060;1;2;1; ; ; ; ; ; ; ; ; ; ; ; ;12;218,591972891064
3369060;1;3;2;2;73; ;2; ; ;1;2; ; ;1; ;12;218,591972891064
3369061;1;1;2;2;73; ;2; ; ;1;2; ; ;1; ;12;148,160625781282
3369061;1;2;1; ; ; ; ; ; ; ; ; ; ; ; ;12;148,160625781282
3369062;1;1;2;2;73; ;2; ; ;1;2; ; ;1; ;12;258,164285952095
3369062;1;2;1; ; ; ; ; ; ; ; ; ; ; ; ;12;258,164285952095
3369062;1;3;1; ; ; ; ; ; ; ; ; ; ; ; ;12;258,164285952095
3369062;1;4;1; ; ; ; ; ; ; ; ; ; ; ; ;12;258,164285952095
3369062;1;5;1; ; ; ; ; ; ; ; ; ; ; ; ;12;258,164285952095
3369062;1;6;1; ; ; ; ; ; ; ; ; ; ; ; ;12;258,164285952095
3369062;1;7;1; ; ; ; ; ; ; ; ; ; ; ; ;12;258,164285952095
3369062;1;8;1; ; ; ; ; ; ; ; ; ; ; ; ;12;258,164285952095
3369062;1;9;1; ; ; ; ; ; ; ; ; ; ; ; ;12;258,164285952095
3369063;1;1;1; ; ; ; ; ; ; ; ; ; ; ; ;12;190,380274341761
3369065;1;1;1; ; ; ; ; ; ; ; ; ; ; ; ;12;393,09886201063
3369065;1;2;1; ; ; ; ; ; ; ; ; ; ; ; ;12;393,09886201063
3369065;1;3;1; ; ; ; ; ; ; ; ; ; ; ; ;12;393,09886201063
3369065;1;4;1; ; ; ; ; ; ; ; ; ; ; ; ;12;393,09886201063
3369066;1;1;1; ; ; ; ; ; ; ; ; ; ; ; ;12;187,867792639202
3369066;1;2;1; ; ; ; ; ; ; ; ; ; ; ; ;12;187,867792639202
3369066;1;3;2;2;73; ;2; ; ;1;2; ; ;1; ;12;187,867792639202
3369066;1;4;1; ; ; ; ; ; ; ; ; ; ; ; ;12;187,867792639202
3369067;1;1;1; ; ; ; ; ; ; ; ; ; ; ; ;12;341,397759904876
3369067;1;2;1; ; ; ; ; ; ; ; ; ; ; ; ;12;341,397759904876
3369067;1;3;1; ; ; ; ; ; ; ; ; ; ; ; ;12;341,397759904876
3369067;1;4;1; ; ; ; ; ; ; ; ; ; ; ; ;12;341,397759904876
3369068;1;1;1; ; ; ; ; ; ; ; ; ; ; ; ;12;205,520836840424
3369068;1;2;2;1; ; ;2; ; ;1;2; ; ;1; ;12;205,520836840424
3369068;1;3;1; ; ; ; ; ; ; ; ; ; ; ; ;12;205,520836840424
3369068;1;4;1; ; ; ; ; ; ; ; ; ; ; ; ;12;205,520836840424
3369068;1;5;2;2;73; ;3;11; ;1;2; ; ;1; ;12;205,520836840424
3369069;1;1;2;2;63; ;2; ; ;1;2; ; ;1; ;12;252,841243712228
3369069;1;2;1; ; ; ; ; ; ; ; ; ; ; ; ;12;252,841243712228
3369069;1;3;1; ; ; ; ; ; ; ; ; ; ; ; ;12;252,841243712228
3369070;1;1;2;2;05; ;3;05; ;1;2; ; ;1; ;12;193,950330776806
3369070;1;2;2;2;17; ;2; ; ;1;2; ; ;1; ;12;193,950330776806
3369070;1;3;2;2;17; ;3;05; ;1;2; ; ;1; ;12;193,950330776806
3369070;1;4;2;2;05; ;3;05; ;1;2; ; ;1; ;12;193,950330776806
3369070;1;5;2;2;05; ;3;05; ;1;2; ; ;1; ;12;193,950330776806
3369071;1;1;1; ; ; ; ; ; ; ; ; ; ; ; ;12;306,556360581324
3369071;1;2;1; ; ; ; ; ; ; ; ; ; ; ; ;12;306,556360581324
3369072;1;1;2;2;73; ;2; ; ;1;2; ; ;1; ;12;362,673762855666
3369072;1;2;2;1; ; ;2; ; ;1;2; ; ;1; ;12;362,673762855666
3369072;1;3;1; ; ; ; ; ; ; ; ; ; ; ; ;12;362,673762855666
3369072;1;4;1; ; ; ; ; ; ; ; ; ; ; ; ;12;362,673762855666
3369072;1;5;1; ; ; ; ; ; ; ; ; ; ; ; ;12;362,673762855666
3369072;1;6;1; ; ; ; ; ; ; ; ; ; ; ; ;12;362,673762855666
3369073;1;1;2;2;73; ;3;73; ;1;2; ; ;1; ;12;288,978354135103
3369074;1;1;2;1; ; ;2; ; ;1;2; ; ;1; ;12;207,758894945663
3369074;1;2;2;1; ; ;2; ; ;1;2; ; ;1; ;12;207,758894945663
3369074;1;3;1; ; ; ; ; ; ; ; ; ; ; ; ;12;207,758894945663
3369074;1;4;2;1; ; ;2; ; ;1;2; ; ;1; ;12;207,758894945663
3369074;1;5;2;1; ; ;3;11; ;1;2; ; ;1; ;12;207,758894945663
3369075;1;1;2;2;25; ;3;25; ;1;2; ; ;1; ;12;219,7337057393
3369075;1;2;2;2;25; ;3;25; ;1;2; ; ;1; ;12;219,7337057393
3369075;1;3;2;2;25; ;3;25; ;1;2; ; ;1; ;12;219,7337057393
3369075;1;4;2;2;25; ;3;25; ;1;2; ; ;1; ;12;219,7337057393
3369076;1;1;2;2;11; ;2; ; ;1;2; ; ;1; ;12;310,011189289799
3369076;1;2;2;2;73; ;2; ; ;1;2; ; ;1; ;12;310,011189289799
3369076;1;3;1; ; ; ; ; ; ; ; ; ; ; ; ;12;310,011189289799
3369077;1;1;2;1; ; ;2; ; ;1;2; ; ;1; ;12;315,614384942383
3369077;1;2;1; ; ; ; ; ; ; ; ; ; ; ; ;12;315,614384942383
3369077;1;3;1; ; ; ; ; ; ; ; ; ; ; ; ;12;315,614384942383
3369077;1;4;1; ; ; ; ; ; ; ; ; ; ; ; ;12;315,614384942383
3369077;1;5;1; ; ; ; ; ; ; ; ; ; ; ; ;12;315,614384942383
3369078;1;1;2;2;08; ;2; ; ;1;2; ; ;1; ;12;1101,9521660086
3369078;1;2;1; ; ; ; ; ; ; ; ; ; ; ; ;12;1101,9521660086
3369078;1;3;1; ; ; ; ; ; ; ; ; ; ; ; ;12;1101,9521660086
3369078;1;4;1; ; ; ; ; ; ; ; ; ; ; ; ;12;1101,9521660086
3369079;1;1;1; ; ; ; ; ; ; ; ; ; ; ; ;12;1535,92203809598
3369079;1;2;1; ; ; ; ; ; ; ; ; ; ; ; ;12;1535,92203809598
3369079;2;1;2;2;76; ;2; ; ;1;2; ; ;1; ;12;1535,92203809598
3369079;2;2;1; ; ; ; ; ; ; ; ; ; ; ; ;12;1535,92203809598
3369079;2;3;1; ; ; ; ; ; ; ; ; ; ; ; ;12;1535,92203809598
3369079;2;4;1; ; ; ; ; ; ; ; ; ; ; ; ;12;1535,92203809598
3369080;1;1;2;2;66; ;2; ; ;1;2; ; ;1; ;12;1003,33935632531
3369080;1;2;2;2;19; ;2; ; ;1;2; ; ;1; ;12;1003,33935632531
3369080;1;3;1; ; ; ; ; ; ; ; ; ; ; ; ;12;1003,33935632531
3369081;1;1;2;2;52; ;3;52; ;1;2; ; ;1; ;12;1456,99510198361
3369081;1;2;2;2;52; ;3;52; ;1;2; ; ;1; ;12;1456,99510198361
3369081;1;3;2;2;52; ;3;52; ;1;2; ; ;1; ;12;1456,99510198361
3369081;1;4;2;2;52; ;1; ; ; ;2; ; ;1; ;12;1456,99510198361
3369082;1;1;2;2;63; ;2; ; ;1;2; ; ;1; ;12;1064,13547018429
3369082;1;2;2;2;19; ;2; ; ;1;2; ; ;1; ;12;1064,13547018429
3369082;1;3;1; ; ; ; ; ; ; ; ; ; ; ; ;12;1064,13547018429
3369082;1;4;1; ; ; ; ; ; ; ; ; ; ; ; ;12;1064,13547018429
3369083;1;1;2;1; ; ;2; ; ;1;2; ; ;1; ;12;988,441917586031
3369083;1;2;2;2;76; ;2; ; ;1;2; ; ;1; ;12;988,441917586031
3369083;1;3;2;2;76; ;2; ; ;1;2; ; ;1; ;12;988,441917586031
3369083;1;4;2;2;52; ;2; ; ;1;2; ; ;1; ;12;988,441917586031
3369083;1;5;1; ; ; ; ; ; ; ; ; ; ; ; ;12;988,441917586031
3369083;1;6;1; ; ; ; ; ; ; ; ; ; ; ; ;12;988,441917586031
3369083;1;7;2;1; ; ;2; ; ;1;2; ; ;1; ;12;988,441917586031
3369084;1;1;2;2;76; ;2; ; ;1;2; ; ;1; ;12;1020,80365281415
3369084;1;2;1; ; ; ; ; ; ; ; ; ; ; ; ;12;1020,80365281415
3369084;1;3;1; ; ; ; ; ; ; ; ; ; ; ; ;12;1020,80365281415
3369084;1;4;1; ; ; ; ; ; ; ; ; ; ; ; ;12;1020,80365281415
3369085;1;1;1; ; ; ; ; ; ; ; ; ; ; ; ;12;1483,83155813742
3369085;1;2;1; ; ; ; ; ; ; ; ; ; ; ; ;12;1483,83155813742
3369085;1;3;2;2;76; ;2; ; ;1;2; ; ;1; ;12;1483,83155813742
3369086;1;1;2;2;76; ;2; ; ;1;2; ; ;1; ;12;617,861123560425
3369086;1;2;2;2;66; ;2; ; ;1;2; ; ;1; ;12;617,861123560425
3369086;1;3;2;2;76; ;2; ; ;1;2; ; ;1; ;12;617,861123560425
3369086;1;4;2;2;76; ;2; ; ;1;2; ; ;1; ;12;617,861123560425
3369087;1;1;1; ; ; ; ; ; ; ; ; ; ; ; ;12;1175,48611270334
3369087;1;2;2;2;41; ;2; ; ;1;2; ; ;1; ;12;1175,48611270334
3369087;1;3;1; ; ; ; ; ; ; ; ; ; ; ; ;12;1175,48611270334
3369088;1;1;2;2;19; ;2; ; ;1;2; ; ;1; ;12;1419,28349722789
3369088;1;2;1; ; ; ; ; ; ; ; ; ; ; ; ;12;1419,28349722789
3369088;1;3;1; ; ; ; ; ; ; ; ; ; ; ; ;12;1419,28349722789
3369088;1;4;1; ; ; ; ; ; ; ; ; ; ; ; ;12;1419,28349722789
3369089;1;1;2;2;76; ;2; ; ;1;2; ; ;1; ;12;737,91739997989
3369090;1;1;1; ; ; ; ; ; ; ; ; ; ; ; ;12;1142,94505541636
3369090;1;2;1; ; ; ; ; ; ; ; ; ; ; ; ;12;1142,94505541636
3369091;1;1;2;2;19; ;2; ; ;1;2; ; ;1; ;12;521,509368191736
3369091;1;2;2;2;19; ;2; ; ;1;2; ; ;1; ;12;521,509368191736
3369092;1;1;2;2;17; ;2; ; ;1;2; ; ;1; ;12;599,730301307038
3369092;1;2;2;2;17; ;2; ; ;1;2; ; ;1; ;12;599,730301307038
3369092;1;3;1; ; ; ; ; ; ; ; ; ; ; ; ;12;599,730301307038
3369093;1;1;2;2;25; ;2; ; ;1;2; ; ;1; ;12;1023,43795388114
3369094;1;1;2;2;76; ;2; ; ;1;2; ; ;1; ;12;1263,18243692051
3369094;1;2;2;2;17; ;2; ; ;1;2; ; ;1; ;12;1263,18243692051
3369094;1;3;1; ; ; ; ; ; ; ; ; ; ; ; ;12;1263,18243692051
3369094;1;4;1; ; ; ; ; ; ; ; ; ; ; ; ;12;1263,18243692051
3369095;1;1;1; ; ; ; ; ; ; ; ; ; ; ; ;12;1003,33935632531
3369095;1;2;2;2;76; ;2; ; ;1;2; ; ;1; ;12;1003,33935632531
3369095;1;3;1; ; ; ; ; ; ; ; ; ; ; ; ;12;1003,33935632531
3369096;1;1;1; ; ; ; ; ; ; ; ; ; ; ; ;12;1157,3239306192
3369096;1;2;2;1; ; ;2; ; ;1;2; ; ;1; ;12;1157,3239306192
3369096;1;3;2;2;11; ;2; ; ;1;2; ; ;1; ;12;1157,3239306192
3369096;1;4;2;2;19; ;2; ; ;1;2; ; ;1; ;12;1157,3239306192
3369096;1;5;1; ; ; ; ; ; ; ; ; ; ; ; ;12;1157,3239306192
3369097;1;1;1; ; ; ; ; ; ; ; ; ; ; ; ;12;645,052311319805
3369097;1;2;1; ; ; ; ; ; ; ; ; ; ; ; ;12;645,052311319805
3369098;1;1;2;2;68; ;2; ; ;1;2; ; ;1; ;12;718,336617477564
3369098;1;2;2;2;66; ;2; ; ;1;2; ; ;1; ;12;718,336617477564
3369099;1;1;1; ; ; ; ; ; ; ; ; ; ; ; ;12;737,91739997989
3369100;1;1;1; ; ; ; ; ; ; ; ; ; ; ; ;12;718,336617477564
3369100;1;2;1; ; ; ; ; ; ; ; ; ; ; ; ;12;718,336617477564
3369101;1;1;2;2;76; ;2; ; ;1;2; ; ;1; ;12;521,509368191736
3369101;1;2;1; ; ; ; ; ; ; ; ; ; ; ; ;12;521,509368191736
3369101;1;3;2;2;76; ;2; ; ;1;2; ; ;1; ;12;521,509368191736
3369102;1;1;2;2;19; ;2; ; ;1;2; ; ;1; ;12;617,861123560425
3369102;1;2;1; ; ; ; ; ; ; ; ; ; ; ; ;12;617,861123560425
3369102;1;3;1; ; ; ; ; ; ; ; ; ; ; ; ;12;617,861123560425
3369102;1;4;2;1; ; ;2; ; ;1;2; ; ;1; ;12;617,861123560425
3369103;1;1;2;2;25; ;2; ; ;1;2; ; ;1; ;12;719,967682811191
3369103;1;2;2;2;76; ;2; ; ;1;2; ; ;1; ;12;719,967682811191
3369103;2;1;2;2;19; ;2; ; ;1;2; ; ;1; ;12;719,967682811191
3369103;2;2;1; ; ; ; ; ; ; ; ; ; ; ; ;12;719,967682811191
3369103;2;3;1; ; ; ; ; ; ; ; ; ; ; ; ;12;719,967682811191
3369104;1;1;2;2;76; ;2; ; ;1;2; ; ;1; ;12;863,58494652322
3369104;1;2;2;1; ; ;2; ; ;1;2; ; ;1; ;12;863,58494652322
3369104;1;3;1; ; ; ; ; ; ; ; ; ; ; ; ;12;863,58494652322
3369105;1;1;2;2;76; ;2; ; ;1;2; ; ;1; ;12;1423,03544427844
3369105;1;2;1; ; ; ; ; ; ; ; ; ; ; ; ;12;1423,03544427844
3369106;1;1;2;2;76; ;2; ; ;1;2; ; ;1; ;12;1224,05223174661
3369106;1;2;2;3; ;3;2; ; ;1;2; ; ;1; ;12;1224,05223174661
3369106;1;3;1; ; ; ; ; ; ; ; ; ; ; ; ;12;1224,05223174661
3369107;1;1;2;1; ; ;2; ; ;1;2; ; ;1; ;12;1375,4025049735
3369107;1;2;1; ; ; ; ; ; ; ; ; ; ; ; ;12;1375,4025049735
3369107;1;3;1; ; ; ; ; ; ; ; ; ; ; ; ;12;1375,4025049735
3369107;1;4;1; ; ; ; ; ; ; ; ; ; ; ; ;12;1375,4025049735
3369107;1;5;1; ; ; ; ; ; ; ; ; ; ; ; ;12;1375,4025049735
3369107;1;6;1; ; ; ; ; ; ; ; ; ; ; ; ;12;1375,4025049735
3369107;1;7;1; ; ; ; ; ; ; ; ; ; ; ; ;12;1375,4025049735
3369107;1;8;1; ; ; ; ; ; ; ; ; ; ; ; ;12;1375,4025049735
3369108;1;1;2;2;76; ;2; ; ;1;2; ; ;1; ;12;1024,56118119473
3369108;1;2;1; ; ; ; ; ; ; ; ; ; ; ; ;12;1024,56118119473
3369108;1;3;1; ; ; ; ; ; ; ; ; ; ; ; ;12;1024,56118119473
3369108;1;4;1; ; ; ; ; ; ; ; ; ; ; ; ;12;1024,56118119473
3369108;1;5;1; ; ; ; ; ; ; ; ; ; ; ; ;12;1024,56118119473
3369108;1;6;1; ; ; ; ; ; ; ; ; ; ; ; ;12;1024,56118119473
3369108;1;7;2;2;19; ;3;76; ;2;2; ; ;1; ;12;1024,56118119473
3369109;1;1;1; ; ; ; ; ; ; ; ; ; ; ; ;12;863,58494652322
3369109;1;2;1; ; ; ; ; ; ; ; ; ; ; ; ;12;863,58494652322
3369109;1;3;1; ; ; ; ; ; ; ; ; ; ; ; ;12;863,58494652322
3369110;1;1;2;2;17; ;2; ; ;1;2; ; ;1; ;12;599,730301307038
3369110;1;2;2;1; ; ;2; ; ;1;2; ; ;1; ;12;599,730301307038
3369110;1;3;2;1; ; ;2; ; ;1;2; ; ;1; ;12;599,730301307038
3369111;1;1;2;1; ; ;2; ; ;1;2; ; ;1; ;12;1558,56737913385
3369111;1;2;2;2;76; ;2; ; ;1;2; ; ;1; ;12;1558,56737913385
3369111;1;3;1; ; ; ; ; ; ; ; ; ; ; ; ;12;1558,56737913385
3369111;1;4;1; ; ; ; ; ; ; ; ; ; ; ; ;12;1558,56737913385
3369111;1;5;1; ; ; ; ; ; ; ; ; ; ; ; ;12;1558,56737913385
3369111;1;6;1; ; ; ; ; ; ; ; ; ; ; ; ;12;1558,56737913385
3369111;1;7;1; ; ; ; ; ; ; ; ; ; ; ; ;12;1558,56737913385
3369112;1;1;2;2;63; ;2; ; ;1;2; ; ;1; ;12;2191,65594517513
3369112;1;2;1; ; ; ; ; ; ; ; ; ; ; ; ;12;2191,65594517513
3369112;1;3;1; ; ; ; ; ; ; ; ; ; ; ; ;12;2191,65594517513
3369112;1;4;1; ; ; ; ; ; ; ; ; ; ; ; ;12;2191,65594517513
3369112;1;5;1; ; ; ; ; ; ; ; ; ; ; ; ;12;2191,65594517513
3369112;1;6;2;2;66; ;2; ; ;1;2; ; ;1; ;12;2191,65594517513
3369113;1;1;2;2;11; ;3;11; ;1;2; ; ;1; ;12;3074,79195183563
3369113;1;2;2;1; ; ;3;11; ;1;2; ; ;1; ;12;3074,79195183563
3369113;1;3;1; ; ; ; ; ; ; ; ; ; ; ; ;12;3074,79195183563
3369113;1;4;1; ; ; ; ; ; ; ; ; ; ; ; ;12;3074,79195183563
3369114;1;1;2;1; ; ;2; ; ;1;2; ; ;1; ;12;1735,67784943184
3369114;1;2;2;2;05; ;2; ; ;1;2; ; ;1; ;12;1735,67784943184
3369114;1;3;1; ; ; ; ; ; ; ; ; ; ; ; ;12;1735,67784943184
3369115;1;1;1; ; ; ; ; ; ; ; ; ; ; ; ;12;2535,29833001598
3369115;1;2;1; ; ; ; ; ; ; ; ; ; ; ; ;12;2535,29833001598
3369116;1;1;2;1; ; ;2; ; ;1;2; ; ;1; ;12;2469,42400389868
3369116;1;2;2;2;76; ;2; ; ;1;2; ; ;1; ;12;2469,42400389868
3369117;1;1;1; ; ; ; ; ; ; ; ; ; ; ; ;12;2535,29833001598
3369117;1;2;2;1; ; ;2; ; ;1;2; ; ;1; ;12;2535,29833001598
3369118;1;1;2;1; ; ;2; ; ;1;2; ; ;1; ;12;2567,34962238809
3369118;1;2;2;1; ; ;2; ; ;1;2; ; ;1; ;12;2567,34962238809
3369118;1;3;1; ; ; ; ; ; ; ; ; ; ; ; ;12;2567,34962238809
3369118;1;4;1; ; ; ; ; ; ; ; ; ; ; ; ;12;2567,34962238809
3369118;1;5;2;2;19; ;3;76; ;1;2; ; ;1; ;12;2567,34962238809
3369119;1;1;1; ; ; ; ; ; ; ; ; ; ; ; ;12;3166,59235504394
3369119;1;2;1; ; ; ; ; ; ; ; ; ; ; ; ;12;3166,59235504394
3369119;1;3;1; ; ; ; ; ; ; ; ; ; ; ; ;12;3166,59235504394
3369119;2;1;1; ; ; ; ; ; ; ; ; ; ; ; ;12;3166,59235504394
3369119;2;2;1; ; ; ; ; ; ; ; ; ; ; ; ;12;3166,59235504394
3369119;2;3;1; ; ; ; ; ; ; ; ; ; ; ; ;12;3166,59235504394
3369119;2;4;1; ; ; ; ; ; ; ; ; ; ; ; ;12;3166,59235504394
3369120;1;1;2;1; ; ;3;76; ;1;2; ; ;1; ;12;2341,64739416536
3369120;1;2;2;1; ; ;3;76; ;1;2; ; ;1; ;12;2341,64739416536
3369120;1;3;2;2;25; ;2; ; ;1;2; ; ;1; ;12;2341,64739416536
3369120;1;4;1; ; ; ; ; ; ; ; ; ; ; ; ;12;2341,64739416536
3369120;1;5;1; ; ; ; ; ; ; ; ; ; ; ; ;12;2341,64739416536
3369120;1;6;2;2;76; ;2; ; ;1;2; ; ;1; ;12;2341,64739416536
3369121;1;1;1; ; ; ; ; ; ; ; ; ; ; ; ;12;4060,21003651979
3369121;1;2;2;2;76; ;2; ; ;1;2; ; ;1; ;12;4060,21003651979
3369121;1;3;1; ; ; ; ; ; ; ; ; ; ; ; ;12;4060,21003651979
3369121;1;4;2;2;76; ;2; ; ;1;2; ; ;1; ;12;4060,21003651979
3369121;1;5;1; ; ; ; ; ; ; ; ; ; ; ; ;12;4060,21003651979
3369122;1;1;2;1; ; ;2; ; ;1;2; ; ;1; ;12;1751,38088476781
3369122;1;2;2;1; ; ;2; ; ;1;2; ; ;1; ;12;1751,38088476781
3369122;1;3;2;2;20; ;2; ; ;1;2; ; ;1; ;12;1751,38088476781
3369122;1;4;1; ; ; ; ; ; ; ; ; ; ; ; ;12;1751,38088476781
3369123;1;1;1; ; ; ; ; ; ; ; ; ; ; ; ;12;2551,00136535195
3369123;1;2;2;1; ; ;2; ; ;1;2; ; ;1; ;12;2551,00136535195
3369123;1;3;1; ; ; ; ; ; ; ; ; ; ; ; ;12;2551,00136535195
3369125;1;1;2;1; ; ;2; ; ;2;3;76; ;1; ;12;3971,09123241244
3369125;1;2;2;2;17; ;3;11; ;1;3;76; ;1; ;12;3971,09123241244
3369125;1;3;2;1; ; ;1; ; ; ;3;76; ;1; ;12;3971,09123241244
3369125;1;4;2;2;76; ;3;76; ;1;3;76; ;1; ;12;3971,09123241244
3369126;1;1;2;2;20; ;2; ; ;2;2; ; ;2; ;12;4463,80950287765
3369126;1;2;2;1; ; ;2; ; ;2;2; ; ;2; ;12;4463,80950287765
3369126;1;3;2;1; ; ;2; ; ;2;2; ; ;2; ;12;4463,80950287765
3369126;1;4;1; ; ; ; ; ; ; ; ; ; ; ; ;12;4463,80950287765
3369127;1;1;2;1; ; ;3;76; ;2;2; ; ;2; ;12;5881,58291810191
3369127;1;2;2;2;76; ;3;76; ;2;2; ; ;2; ;12;5881,58291810191
3369127;1;3;2;2;76; ;3;76; ;2;2; ; ;2; ;12;5881,58291810191
3369127;1;4;2;2;76; ;3;76; ;2;2; ; ;2; ;12;5881,58291810191
3369127;1;5;2;2;76; ;1; ; ; ;2; ; ;2; ;12;5881,58291810191
3369127;1;6;2;2;76; ;1; ; ; ;2; ; ;2; ;12;5881,58291810191
3369127;1;7;2;2;76; ;1; ; ; ;2; ; ;2; ;12;5881,58291810191
3369128;1;1;1; ; ; ; ; ; ; ; ; ; ; ; ;12;2921,74485133341
3369129;1;1;2;2;76; ;3;76; ;2;2; ; ;2; ;12;4087,04053456276
3369130;1;1;2;2;52; ;2; ; ;1;2; ; ;1; ;12;1968,08409009199
3369130;1;2;1; ; ; ; ; ; ; ; ; ; ; ; ;12;1968,08409009199
3369130;1;3;1; ; ; ; ; ; ; ; ; ; ; ; ;12;1968,08409009199
3369132;1;1;2;2;11; ;4; ;2; ;2; ; ;1; ;12;2397,87747568395
3369132;1;2;2;1; ; ;4; ;2; ;2; ; ;1; ;12;2397,87747568395
3369132;1;3;2;2;11; ;4; ;2; ;3;11; ;1; ;12;2397,87747568395
3369132;1;4;2;3; ;2;4; ;2; ;2; ; ;1; ;12;2397,87747568395
3369132;1;5;1; ; ; ; ; ; ; ; ; ; ; ; ;12;2397,87747568395
3369133;1;1;1; ; ; ; ; ; ; ; ; ; ; ; ;12;1278,30374076071
3369133;1;2;1; ; ; ; ; ; ; ; ; ; ; ; ;12;1278,30374076071
3369133;1;3;1; ; ; ; ; ; ; ; ; ; ; ; ;12;1278,30374076071
3369134;1;1;2;2;17; ;2; ; ;2;2; ; ;2; ;12;5367,16449106894
3369134;1;2;2;2;76; ;2; ; ;2;2; ; ;2; ;12;5367,16449106894
3369134;1;3;2;2;76; ;2; ; ;2;2; ; ;2; ;12;5367,16449106894
3369134;1;4;2;2;76; ;2; ; ;2;2; ; ;2; ;12;5367,16449106894
3369134;1;5;2;2;76; ;2; ; ;2;2; ; ;2; ;12;5367,16449106894
3369134;1;6;2;2;17; ;2; ; ;2;2; ; ;2; ;12;5367,16449106894
3369134;2;1;2;2;76; ;3;76; ;2;2; ; ;2; ;12;5367,16449106894
3369134;2;2;2;1; ; ;2; ; ;2;2; ; ;2; ;12;5367,16449106894
3369134;2;3;1; ; ; ; ; ; ; ; ; ; ; ; ;12;5367,16449106894
3369135;1;1;2;1; ; ;2; ; ;2;2; ; ;2; ;12;3996,15913940132
3369135;1;2;1; ; ; ; ; ; ; ; ; ; ; ; ;12;3996,15913940132
3369135;1;3;1; ; ; ; ; ; ; ; ; ; ; ; ;12;3996,15913940132
3369136;1;1;2;1; ; ;2; ; ;2;2; ; ;2; ;12;3843,97328826801
3369136;1;2;2;1; ; ;2; ; ;2;2; ; ;2; ;12;3843,97328826801
3369136;1;3;2;1; ; ;2; ; ;1;2; ; ;1;4;12;3843,97328826801
3369136;1;4;1; ; ; ; ; ; ; ; ; ; ; ; ;12;3843,97328826801
3369137;1;1;2;2;76; ;3;76; ;2;2; ; ;2; ;12;3736,89621899207
3369144;1;1;2;2;73; ;2; ; ;1;2; ; ;1; ;12;2125,18002226126
3369144;1;2;2;2;76; ;2; ; ;1;2; ; ;1; ;12;2125,18002226126
3369144;1;3;1; ; ; ; ; ; ; ; ; ; ; ; ;12;2125,18002226126
3369144;1;4;2;2;76; ;2; ; ;1;2; ; ;1; ;12;2125,18002226126
3369144;1;5;1; ; ; ; ; ; ; ; ; ; ; ; ;12;2125,18002226126
3369145;1;1;2;1; ; ;2; ; ;1;2; ; ;1; ;12;2095,66849130882
3369146;1;1;2;2;76; ;2; ; ;1;2; ; ;1; ;12;2130,74251352714
3369146;1;2;1; ; ; ; ; ; ; ; ; ; ; ; ;12;2130,74251352714
3369147;1;1;1; ; ; ; ; ; ; ; ; ; ; ; ;12;2093,73032668573
3369147;1;2;2;2;05; ;2; ; ;1;2; ; ;1; ;12;2093,73032668573
3369147;1;3;1; ; ; ; ; ; ; ; ; ; ; ; ;12;2093,73032668573
3369148;1;1;1; ; ; ; ; ; ; ; ; ; ; ; ;12;2242,99121815239
3369148;1;2;2;1; ; ;2; ; ;1;2; ; ;1; ;12;2242,99121815239
3369148;1;3;1; ; ; ; ; ; ; ; ; ; ; ; ;12;2242,99121815239
3369148;1;4;1; ; ; ; ; ; ; ; ; ; ; ; ;12;2242,99121815239
3369148;1;5;1; ; ; ; ; ; ; ; ; ; ; ; ;12;2242,99121815239
3369148;1;6;1; ; ; ; ; ; ; ; ; ; ; ; ;12;2242,99121815239
3369148;1;7;1; ; ; ; ; ; ; ; ; ; ; ; ;12;2242,99121815239
3369148;1;8;1; ; ; ; ; ; ; ; ; ; ; ; ;12;2242,99121815239
3369148;1;9;1; ; ; ; ; ; ; ; ; ; ; ; ;12;2242,99121815239
3369149;1;1;1; ; ; ; ; ; ; ; ; ; ; ; ;12;2095,66849130882
3369150;1;1;1; ; ; ; ; ; ; ; ; ; ; ; ;12;2095,66849130882
3369151;1;1;1; ; ; ; ; ; ; ; ; ; ; ; ;12;1566,91701035583
3369151;1;2;2;2;17; ;3;76; ;1;2; ; ;1; ;12;1566,91701035583
3369151;1;3;2;2;76; ;2; ; ;1;2; ; ;1; ;12;1566,91701035583
3369151;1;4;2;1; ; ;2; ; ;1;2; ; ;1; ;12;1566,91701035583
3369152;1;1;2;1; ; ;2; ; ;1;2; ; ;1; ;12;2074,35933980338
3369152;1;2;2;2;76; ;2; ; ;1;2; ; ;1; ;12;2074,35933980338
3369152;1;3;2;1; ; ;3;63; ;1;2; ; ;1; ;12;2074,35933980338
3369153;1;1;1; ; ; ; ; ; ; ; ; ; ; ; ;12;2243,72177567596
3369153;1;2;2;1; ; ;2; ; ;1;2; ; ;1; ;12;2243,72177567596
3369153;1;3;1; ; ; ; ; ; ; ; ; ; ; ; ;12;2243,72177567596
3369154;1;1;2;1; ; ;2; ; ;1;2; ; ;1; ;12;2325,29913712923
3369154;1;2;2;2;76; ;2; ; ;1;2; ; ;1; ;12;2325,29913712923
3369154;1;3;2;2;76; ;2; ; ;1;2; ; ;1; ;12;2325,29913712923
3369154;1;4;1; ; ; ; ; ; ; ; ; ; ; ; ;12;2325,29913712923
3369155;1;1;2;1; ; ;4; ;2; ;2; ; ;1; ;12;2469,42400389868
3369155;1;2;1; ; ; ; ; ; ; ; ; ; ; ; ;12;2469,42400389868
3369156;1;1;2;2;76; ;2; ; ;1;2; ; ;1; ;12;2130,74251352714
3369156;1;2;1; ; ; ; ; ; ; ; ; ; ; ; ;12;2130,74251352714
3369157;1;1;2;2;76; ;2; ; ;1;2; ; ;1; ;12;2469,42400389868
3369157;1;2;2;1; ; ;2; ; ;1;2; ; ;1; ;12;2469,42400389868
3369158;1;1;1; ; ; ; ; ; ; ; ; ; ; ; ;12;3849,11294736508
3369158;1;2;1; ; ; ; ; ; ; ; ; ; ; ; ;12;3849,11294736508
3369158;1;3;1; ; ; ; ; ; ; ; ; ; ; ; ;12;3849,11294736508
3369159;1;1;2;1; ; ;2; ; ;1;2; ; ;1; ;12;2535,29833001598
3369159;1;2;2;2;63; ;2; ; ;1;2; ; ;1; ;12;2535,29833001598
3369160;1;1;2;2;76; ;2; ; ;1;2; ; ;1; ;12;2976,86633334623
3369161;1;1;1; ; ; ; ; ; ; ; ; ; ; ; ;12;2332,11286039821
3369161;1;2;1; ; ; ; ; ; ; ; ; ; ; ; ;12;2332,11286039821
3369161;1;3;1; ; ; ; ; ; ; ; ; ; ; ; ;12;2332,11286039821
3369161;2;1;1; ; ; ; ; ; ; ; ; ; ; ; ;12;2332,11286039821
3369161;2;2;2;2;17; ;2; ; ;1;2; ; ;1; ;12;2332,11286039821
3369162;1;1;1; ; ; ; ; ; ; ; ; ; ; ; ;12;3383,29556036812
3369162;1;2;1; ; ; ; ; ; ; ; ; ; ; ; ;12;3383,29556036812
3369162;1;3;1; ; ; ; ; ; ; ; ; ; ; ; ;12;3383,29556036812
3369162;1;4;1; ; ; ; ; ; ; ; ; ; ; ; ;12;3383,29556036812
3369162;1;5;1; ; ; ; ; ; ; ; ; ; ; ; ;12;3383,29556036812
3369162;1;6;2;2;05; ;2; ; ;1;3;05; ;1; ;12;3383,29556036812
3369163;1;1;1; ; ; ; ; ; ; ; ; ; ; ; ;12;3382,07154151163
3369163;1;2;1; ; ; ; ; ; ; ; ; ; ; ; ;12;3382,07154151163
3369163;1;3;1; ; ; ; ; ; ; ; ; ; ; ; ;12;3382,07154151163
3369163;1;4;1; ; ; ; ; ; ; ; ; ; ; ; ;12;3382,07154151163
3369164;1;1;1; ; ; ; ; ; ; ; ; ; ; ; ;12;3397,12518517104
3369164;1;2;2;1; ; ;2; ; ;1;2; ; ;1; ;12;3397,12518517104
3369165;1;1;1; ; ; ; ; ; ; ; ; ; ; ; ;12;2270,40278529868
3369165;1;2;2;2;76; ;2; ; ;1;2; ; ;1; ;12;2270,40278529868
3369165;1;3;1; ; ; ; ; ; ; ; ; ; ; ; ;12;2270,40278529868
3369165;1;4;2;2;76; ;2; ; ;1;2; ; ;1; ;12;2270,40278529868
3369165;1;5;2;2;76; ;2; ; ;1;2; ; ;1; ;12;2270,40278529868
3369165;1;6;2;1; ; ;2; ; ;1;2; ; ;1; ;12;2270,40278529868
3369165;1;7;1; ; ; ; ; ; ; ; ; ; ; ; ;12;2270,40278529868
3369166;1;1;2;2;05; ;2; ; ;1;2; ; ;1;1;12;5855,0582382699
3369166;1;2;2;1; ; ;2; ; ;1;2; ; ;1;1;12;5855,0582382699
3369166;1;3;2;1; ; ;2; ; ;1;2; ; ;1;4;12;5855,0582382699
3369166;1;4;2;1; ; ;2; ; ;1;2; ; ;1;4;12;5855,0582382699
3369166;1;5;2;1; ; ;2; ; ;1;2; ; ;1;4;12;5855,0582382699
3369167;1;1;1; ; ; ; ; ; ; ; ; ; ; ; ;12;2636,97254470557
3369167;1;2;1; ; ; ; ; ; ; ; ; ; ; ; ;12;2636,97254470557
3369167;1;3;2;2;76; ;3;76; ;2;2; ; ;2; ;12;2636,97254470557
3369168;1;1;2;2;25; ;2; ; ;1;2; ; ;2; ;12;1964,20733036083
3369168;1;2;2;2;76; ;3;76; ;1;3;76; ;1;4;12;1964,20733036083
3369169;1;1;2;2;66; ;2; ; ;2;2; ; ;2; ;12;3936,6139380409
3369169;1;2;2;1; ; ;2; ; ;2;2; ; ;2; ;12;3936,6139380409
3369169;1;3;2;1; ; ;2; ; ;2;2; ; ;2; ;12;3936,6139380409
3369169;1;4;2;1; ; ;2; ; ;2;2; ; ;2; ;12;3936,6139380409
3369170;1;1;2;1; ; ;2; ; ;1;2; ; ;1; ;12;2976,86633334623
3369171;1;1;2;2;11; ;2; ; ;1;2; ; ;1; ;12;2976,86633334623
3369172;1;1;2;2;25; ;3;25; ;1;2; ; ;1;1;12;3736,89621899207
3369173;1;1;1; ; ; ; ; ; ; ; ; ; ; ; ;12;1654,10048797857
3369173;1;2;1; ; ; ; ; ; ; ; ; ; ; ; ;12;1654,10048797857
3369174;1;1;2;2;76; ;2; ; ;2;2; ; ;2; ;12;2198,92646827678
3369174;1;2;2;2;17; ;2; ; ;2;2; ; ;2; ;12;2198,92646827678
3369174;1;3;2;1; ; ;2; ; ;2;2; ; ;2; ;12;2198,92646827678
3369175;1;1;2;2;66; ;3;76; ;2;3;66; ;1;4;12;3728,85577578413
3369175;1;2;2;2;66; ;3;76; ;2;3;66; ;1;4;12;3728,85577578413
3369175;1;3;2;2;66; ;3;76; ;2;3;66; ;1;4;12;3728,85577578413
3369176;1;1;2;2;76; ;2; ; ;2;2; ; ;2; ;12;3636,21512601124
3369176;1;2;2;2;76; ;2; ; ;2;2; ; ;2; ;12;3636,21512601124
3369176;1;3;1; ; ; ; ; ; ; ; ; ; ; ; ;12;3636,21512601124
3369183;1;1;2;2;05; ;2; ; ;1;2; ; ;1; ;12;2367,31300520506
3369183;1;2;1; ; ; ; ; ; ; ; ; ; ; ; ;12;2367,31300520506
3369183;1;3;2;2;76; ;2; ; ;1;2; ; ;1; ;12;2367,31300520506
3369183;2;1;2;2;76; ;2; ; ;1;2; ; ;1; ;12;2367,31300520506
3369184;1;1;2;2;76; ;2; ; ;1;2; ; ;1; ;12;2429,02308030459
3369184;1;2;1; ; ; ; ; ; ; ; ; ; ; ; ;12;2429,02308030459
3369185;1;1;2;1; ; ;2; ; ;1;2; ; ;1; ;12;1278,30374076071
3369185;1;2;1; ; ; ; ; ; ; ; ; ; ; ; ;12;1278,30374076071
3369185;1;3;1; ; ; ; ; ; ; ; ; ; ; ; ;12;1278,30374076071
3369185;1;4;2;2;17; ;2; ; ;1;2; ; ;1; ;12;1278,30374076071
3369186;1;1;2;2;63; ;2; ; ;1;2; ; ;1; ;12;1654,10048797857
3369186;1;2;1; ; ; ; ; ; ; ; ; ; ; ; ;12;1654,10048797857
3369188;1;1;2;2;76; ;2; ; ;1;2; ; ;1; ;12;1480,01274752679
3369188;1;2;2;2;76; ;2; ; ;1;2; ; ;1; ;12;1480,01274752679
3369188;1;3;2;2;76; ;2; ; ;1;2; ; ;1; ;12;1480,01274752679
3369188;1;4;2;1; ; ;2; ; ;1;2; ; ;1; ;12;1480,01274752679
3369189;1;1;1; ; ; ; ; ; ; ; ; ; ; ; ;12;1654,10048797857
3369189;1;2;1; ; ; ; ; ; ; ; ; ; ; ; ;12;1654,10048797857
3369190;1;1;2;2;76; ;2; ; ;1;3;76; ;1; ;12;2832,74146657677
3369190;1;2;2;2;73; ;3;25; ;2;3;76; ;1; ;12;2832,74146657677
3369190;1;3;1; ; ; ; ; ; ; ; ; ; ; ; ;12;2832,74146657677
3369191;1;1;1; ; ; ; ; ; ; ; ; ; ; ; ;12;1541,72282262632
3369191;1;2;1; ; ; ; ; ; ; ; ; ; ; ; ;12;1541,72282262632
3369192;1;1;1; ; ; ; ; ; ; ; ; ; ; ; ;12;3300,49418005836
3369192;1;2;2;2;63; ;2; ; ;1;2; ; ;1; ;12;3300,49418005836
3369192;1;3;1; ; ; ; ; ; ; ; ; ; ; ; ;12;3300,49418005836
3369193;1;1;2;2;76; ;2; ; ;1;2; ; ;1; ;12;2367,31300520506
3369193;1;2;1; ; ; ; ; ; ; ; ; ; ; ; ;12;2367,31300520506
3369193;1;3;1; ; ; ; ; ; ; ; ; ; ; ; ;12;2367,31300520506
3369193;1;4;1; ; ; ; ; ; ; ; ; ; ; ; ;12;2367,31300520506
3369194;1;1;2;1; ; ;4; ;2; ;4; ;2; ;4;12;2976,86633334623
3369195;1;1;1; ; ; ; ; ; ; ; ; ; ; ; ;12;2551,00136535195
3369195;1;2;2;2;76; ;3;99; ;2;2; ; ;1; ;12;2551,00136535195
3369195;1;3;2;2;13; ;2; ; ;1;2; ; ;1; ;12;2551,00136535195
3369197;1;1;2;2;76; ;2; ; ;1;2; ; ;1; ;12;2095,66849130882
3369198;1;1;2;2;76; ;2; ; ;1;2; ; ;1; ;12;2115,03947819116
3369199;1;1;2;2;05; ;3;05; ;1;2; ; ;1; ;12;2347,94201832271
3369199;1;2;2;2;05; ;3;05; ;1;2; ; ;1; ;12;2347,94201832271
3369199;1;3;2;2;05; ;3;05; ;1;2; ; ;1; ;12;2347,94201832271
3369199;1;4;2;2;05; ;3;05; ;1;2; ; ;1; ;12;2347,94201832271
3369201;1;1;2;2;76; ;2; ; ;1;2; ; ;1; ;12;1770,75187165016
3369201;1;2;1; ; ; ; ; ; ; ; ; ; ; ; ;12;1770,75187165016
3369201;1;3;1; ; ; ; ; ; ; ; ; ; ; ; ;12;1770,75187165016
3369201;1;4;2;2;76; ;3;76; ;1;2; ; ;1; ;12;1770,75187165016
3369202;1;1;2;2;76; ;2; ; ;1;2; ; ;1; ;12;1442,16313046873
3369202;1;2;1; ; ; ; ; ; ; ; ; ; ; ; ;12;1442,16313046873
3369202;1;3;2;2;23; ;2; ; ;1;2; ; ;1; ;12;1442,16313046873
3369202;1;4;1; ; ; ; ; ; ; ; ; ; ; ; ;12;1442,16313046873
3369202;1;5;1; ; ; ; ; ; ; ; ; ; ; ; ;12;1442,16313046873
3369202;1;6;1; ; ; ; ; ; ; ; ; ; ; ; ;12;1442,16313046873
3369203;1;1;2;2;76; ;2; ; ;1;2; ; ;1; ;12;1588,22616186127
3369203;1;2;1; ; ; ; ; ; ; ; ; ; ; ; ;12;1588,22616186127
3369204;1;1;2;1; ; ;2; ; ;1;4; ;11; ;1;12;2243,72177567596
3369204;1;2;1; ; ; ; ; ; ; ; ; ; ; ; ;12;2243,72177567596
3369204;1;3;1; ; ; ; ; ; ; ; ; ; ; ; ;12;2243,72177567596
3369205;1;1;2;2;76; ;2; ; ;1;2; ; ;1; ;12;2094,22662615712
3369205;1;2;2;1; ; ;2; ; ;1;2; ; ;1; ;12;2094,22662615712
3369205;1;3;1; ; ; ; ; ; ; ; ; ; ; ; ;12;2094,22662615712
3369205;1;4;1; ; ; ; ; ; ; ; ; ; ; ; ;12;2094,22662615712
3369205;1;5;2;2;17; ;2; ; ;1;2; ; ;1; ;12;2094,22662615712
3369205;1;6;2;1; ; ;2; ; ;2;2; ; ;1; ;12;2094,22662615712
3369207;1;1;1; ; ; ; ; ; ; ; ; ; ; ; ;12;2049,16515207387
3369208;1;1;2;1; ; ;3;76; ;1;2; ; ;1; ;12;2976,86633334623
3369210;1;1;2;2;76; ;2; ; ;1;2; ; ;1; ;12;1673,47147486091
3369210;1;2;2;2;76; ;2; ; ;1;2; ; ;1; ;12;1673,47147486091
3369211;1;1;1; ; ; ; ; ; ; ; ; ; ; ; ;12;3300,49418005836
3369211;1;2;1; ; ; ; ; ; ; ; ; ; ; ; ;12;3300,49418005836
3369211;1;3;1; ; ; ; ; ; ; ; ; ; ; ; ;12;3300,49418005836
3369213;1;1;1; ; ; ; ; ; ; ; ; ; ; ; ;12;2640,37371395123
3369213;1;2;1; ; ; ; ; ; ; ; ; ; ; ; ;12;2640,37371395123
3369213;1;3;1; ; ; ; ; ; ; ; ; ; ; ; ;12;2640,37371395123
3369213;1;4;1; ; ; ; ; ; ; ; ; ; ; ; ;12;2640,37371395123
3369214;1;1;2;2;76; ;2; ; ;1;2; ; ;1; ;12;2299,25216574417
3369215;1;1;2;2;76; ;2; ; ;1;2; ; ;1; ;12;1907,90757311692
3369215;1;2;1; ; ; ; ; ; ; ; ; ; ; ; ;12;1907,90757311692
3369215;1;3;2;2;05; ;2; ; ;1;2; ; ;1; ;12;1907,90757311692
3369216;1;1;2;1; ; ;2; ; ;1;2; ; ;1; ;12;4139,59472472144
3369216;1;2;2;2;76; ;2; ; ;1;2; ; ;1; ;12;4139,59472472144
3369217;1;1;2;2;76; ;2; ; ;1;2; ; ;1; ;12;2278,19403231399
3369218;1;1;2;1; ; ;2; ; ;2;2; ; ;2; ;12;1309,8750092541
3369218;1;2;2;1; ; ;2; ; ;2;2; ; ;2; ;12;1309,8750092541
3369218;1;3;2;1; ; ;2; ; ;2;2; ; ;2; ;12;1309,8750092541
3369218;1;4;2;1; ; ;2; ; ;2;2; ; ;2; ;12;1309,8750092541
3369218;1;5;2;1; ; ;2; ; ;2;2; ; ;2; ;12;1309,8750092541
3369219;1;1;1; ; ; ; ; ; ; ; ; ; ; ; ;12;2564,05389114899
3369219;1;2;1; ; ; ; ; ; ; ; ; ; ; ; ;12;2564,05389114899
3369219;1;3;2;2;76; ;2; ; ;2;2; ; ;2; ;12;2564,05389114899
3369219;1;4;2;2;76; ;3;76; ;1;2; ; ;2; ;12;2564,05389114899
3369219;1;5;2;2;76; ;3;76; ;1;2; ; ;2; ;12;2564,05389114899
3369219;1;6;2;2;76; ;1; ; ; ;2; ; ;2; ;12;2564,05389114899
3369220;1;1;2;2;27; ;2; ; ;2;2; ; ;2; ;12;2350,53537022603
3369220;1;2;1; ; ; ; ; ; ; ; ; ; ; ; ;12;2350,53537022603
3369220;1;3;1; ; ; ; ; ; ; ; ; ; ; ; ;12;2350,53537022603
3369220;1;4;1; ; ; ; ; ; ; ; ; ; ; ; ;12;2350,53537022603
3369220;1;5;1; ; ; ; ; ; ; ; ; ; ; ; ;12;2350,53537022603
3369220;1;6;1; ; ; ; ; ; ; ; ; ; ; ; ;12;2350,53537022603
3369220;1;7;1; ; ; ; ; ; ; ; ; ; ; ; ;12;2350,53537022603
3369223;1;1;2;2;52; ;2; ; ;1;2; ; ;1; ;12;1798,16696972285
3369223;1;2;2;2;52; ;2; ; ;1;2; ; ;1; ;12;1798,16696972285
3369224;1;1;2;2;76; ;2; ; ;1;2; ; ;1; ;12;3543,82725329354
3369224;1;2;1; ; ; ; ; ; ; ; ; ; ; ; ;12;3543,82725329354
3369224;1;3;1; ; ; ; ; ; ; ; ; ; ; ; ;12;3543,82725329354
3369224;1;4;1; ; ; ; ; ; ; ; ; ; ; ; ;12;3543,82725329354
3369224;1;5;2;1; ; ;1; ; ; ;2; ; ;1; ;12;3543,82725329354
3369225;1;1;2;1; ; ;3;76; ;1;2; ; ;1; ;12;3394,76572915779
3369225;1;2;2;1; ; ;3;76; ;1;2; ; ;1; ;12;3394,76572915779
3369225;1;3;1; ; ; ; ; ; ; ; ; ; ; ; ;12;3394,76572915779
3369225;2;1;2;2;76; ;2; ; ;1;2; ; ;1; ;12;3394,76572915779
3369225;2;2;2;1; ; ;2; ; ;1;2; ; ;1; ;12;3394,76572915779
3369225;2;3;1; ; ; ; ; ; ; ; ; ; ; ; ;12;3394,76572915779
3369226;1;1;1; ; ; ; ; ; ; ; ; ; ; ; ;12;1389,63961416766
3369226;1;2;2;2;52; ;2; ; ;1;2; ; ;1; ;12;1389,63961416766
3369226;1;3;2;1; ; ;3;76; ;1;2; ; ;1; ;12;1389,63961416766
3369226;1;4;1; ; ; ; ; ; ; ; ; ; ; ; ;12;1389,63961416766
3369227;1;1;2;1; ; ;3;76; ;1;2; ; ;1; ;12;3125,1366687668
3369227;1;2;2;1; ; ;3;76; ;1;2; ; ;1; ;12;3125,1366687668
3369227;1;3;2;1; ; ;3;76; ;1;2; ; ;1; ;12;3125,1366687668
3369228;1;1;2;2;05; ;2; ; ;1;2; ; ;1; ;12;3677,96900471185
3369228;1;2;2;2;05; ;2; ; ;1;2; ; ;1; ;12;3677,96900471185
3369228;1;3;2;2;05; ;2; ; ;1;2; ; ;1; ;12;3677,96900471185
3369228;1;4;2;2;05; ;2; ; ;1;2; ; ;1; ;12;3677,96900471185
3369228;1;5;2;2;05; ;2; ; ;1;2; ; ;1; ;12;3677,96900471185
3369228;1;6;1; ; ; ; ; ; ; ; ; ; ; ; ;12;3677,96900471185
3369229;1;1;2;2;27; ;2; ; ;1;2; ; ;1; ;12;3053,52491468187
3369229;1;2;2;1; ; ;2; ; ;1;3;50; ;2;4;12;3053,52491468187
3369229;1;3;2;2;76; ;2; ; ;1;3;13; ;2;4;12;3053,52491468187
3369230;1;1;2;2;19; ;2; ; ;1;2; ; ;1; ;12;2255,02892676667
3369230;1;2;2;2;52; ;3;66; ;1;2; ; ;1; ;12;2255,02892676667
3369230;1;3;1; ; ; ; ; ; ; ; ; ; ; ; ;12;2255,02892676667
3369231;1;1;2;2;19; ;3;76; ;1;2; ; ;1; ;12;2299,25216574417
3369232;1;1;2;2;52; ;2; ; ;2;2; ; ;2; ;12;1821,90015670913
3369232;1;2;2;1; ; ;2; ; ;2;2; ; ;2; ;12;1821,90015670913
3369232;1;3;2;1; ; ;3;63; ;1;2; ; ;2; ;12;1821,90015670913
3369233;1;1;2;1; ; ;2; ; ;2;2; ; ;2; ;12;3014,13056853726
3369233;1;2;2;1; ; ;2; ; ;1;2; ; ;2; ;12;3014,13056853726
3369233;1;3;1; ; ; ; ; ; ; ; ; ; ; ; ;12;3014,13056853726
3369234;1;1;2;1; ; ;2; ; ;1;2; ; ;1; ;12;3642,98904722209
3369234;1;2;2;1; ; ;2; ; ;1;2; ; ;1; ;12;3642,98904722209
3369234;1;3;1; ; ; ; ; ; ; ; ; ; ; ; ;12;3642,98904722209
3369234;1;4;1; ; ; ; ; ; ; ; ; ; ; ; ;12;3642,98904722209
3369234;1;5;1; ; ; ; ; ; ; ; ; ; ; ; ;12;3642,98904722209
3369236;1;1;2;1; ; ;3;76; ;1;2; ; ;2; ;12;1722,8857877613
3369236;1;2;2;1; ; ;1; ; ; ;2; ; ;2; ;12;1722,8857877613
3369236;1;3;1; ; ; ; ; ; ; ; ; ; ; ; ;12;1722,8857877613
3369236;1;4;1; ; ; ; ; ; ; ; ; ; ; ; ;12;1722,8857877613
3369238;1;1;2;2;27; ;2; ; ;1;2; ; ;1; ;12;2085,27251304469
3369238;1;2;2;2;27; ;2; ; ;1;2; ; ;1; ;12;2085,27251304469
3369238;1;3;2;2;27; ;2; ; ;1;2; ; ;1; ;12;2085,27251304469
3369238;1;4;2;2;27; ;2; ; ;1;2; ; ;1; ;12;2085,27251304469
3369238;1;5;2;2;27; ;2; ; ;1;2; ; ;1; ;12;2085,27251304469
3369239;1;1;2;1; ; ;2; ; ;1;2; ; ;1; ;12;2160,34665136009
3369239;1;2;2;1; ; ;2; ; ;1;2; ; ;1; ;12;2160,34665136009
3369239;1;3;2;1; ; ;2; ; ;1;2; ; ;1; ;12;2160,34665136009
3369239;1;4;1; ; ; ; ; ; ; ; ; ; ; ; ;12;2160,34665136009
3369239;1;5;2;1; ; ;2; ; ;1;2; ; ;1; ;12;2160,34665136009
3369240;1;1;2;1; ; ;3;91; ;1;2; ; ;1; ;12;3737,556957635
3369240;1;2;1; ; ; ; ; ; ; ; ; ; ; ; ;12;3737,556957635
3369240;1;3;1; ; ; ; ; ; ; ; ; ; ; ; ;12;3737,556957635
3369240;1;4;1; ; ; ; ; ; ; ; ; ; ; ; ;12;3737,556957635
3369240;1;5;1; ; ; ; ; ; ; ; ; ; ; ; ;12;3737,556957635
3369241;1;1;2;2;27; ;2; ; ;1;2; ; ;1; ;12;1676,00159498318
3369241;1;2;1; ; ; ; ; ; ; ; ; ; ; ; ;12;1676,00159498318
3369244;1;1;2;1; ; ;2; ; ;1;2; ; ;1; ;12;2527,82472014179
3369244;1;2;2;1; ; ;2; ; ;1;2; ; ;1; ;12;2527,82472014179
3369244;1;3;1; ; ; ; ; ; ; ; ; ; ; ; ;12;2527,82472014179
3369244;1;4;1; ; ; ; ; ; ; ; ; ; ; ; ;12;2527,82472014179
3369245;1;1;1; ; ; ; ; ; ; ; ; ; ; ; ;12;3142,20738464576
3369245;1;2;2;1; ; ;2; ; ;1;2; ; ;1; ;12;3142,20738464576
3369245;1;3;2;1; ; ;2; ; ;1;2; ; ;1; ;12;3142,20738464576
3369245;1;4;2;1; ; ;2; ; ;1;2; ; ;1; ;12;3142,20738464576
3369246;1;1;2;2;19; ;2; ; ;1;2; ; ;1; ;12;2089,48337194838
3369246;1;2;2;2;19; ;2; ; ;1;2; ; ;1; ;12;2089,48337194838
3369246;1;3;1; ; ; ; ; ; ; ; ; ; ; ; ;12;2089,48337194838
3369246;1;4;1; ; ; ; ; ; ; ; ; ; ; ; ;12;2089,48337194838
3369246;1;5;1; ; ; ; ; ; ; ; ; ; ; ; ;12;2089,48337194838
3369246;1;6;1; ; ; ; ; ; ; ; ; ; ; ; ;12;2089,48337194838
3369248;1;1;1; ; ; ; ; ; ; ; ; ; ; ; ;12;2940,76697165311
3369248;1;2;1; ; ; ; ; ; ; ; ; ; ; ; ;12;2940,76697165311
3369248;1;3;1; ; ; ; ; ; ; ; ; ; ; ; ;12;2940,76697165311
3369248;1;4;1; ; ; ; ; ; ; ; ; ; ; ; ;12;2940,76697165311
3369248;1;5;1; ; ; ; ; ; ; ; ; ; ; ; ;12;2940,76697165311
3369249;1;1;2;2;76; ;2; ; ;1;2; ; ;1; ;12;4099,85100426591
3369249;1;2;2;2;52; ;2; ; ;1;2; ; ;1; ;12;4099,85100426591
3369249;1;3;1; ; ; ; ; ; ; ; ; ; ; ; ;12;4099,85100426591
3369249;1;4;1; ; ; ; ; ; ; ; ; ; ; ; ;12;4099,85100426591
3369249;1;5;1; ; ; ; ; ; ; ; ; ; ; ; ;12;4099,85100426591
3369249;1;6;1; ; ; ; ; ; ; ; ; ; ; ; ;12;4099,85100426591
3369250;1;1;2;2;76; ;2; ; ;1;2; ; ;1; ;12;2885,73383247639
3369250;1;2;1; ; ; ; ; ; ; ; ; ; ; ; ;12;2885,73383247639
3369250;1;3;1; ; ; ; ; ; ; ; ; ; ; ; ;12;2885,73383247639
3369251;1;1;2;2;19; ;2; ; ;1;2; ; ;1; ;12;4028,45310067551
3369251;1;2;2;2;19; ;2; ; ;1;2; ; ;1; ;12;4028,45310067551
3369251;1;3;1; ; ; ; ; ; ; ; ; ; ; ; ;12;4028,45310067551
3369251;1;4;1; ; ; ; ; ; ; ; ; ; ; ; ;12;4028,45310067551
3369251;1;5;1; ; ; ; ; ; ; ; ; ; ; ; ;12;4028,45310067551
3369251;1;6;1; ; ; ; ; ; ; ; ; ; ; ; ;12;4028,45310067551
3369252;1;1;1; ; ; ; ; ; ; ; ; ; ; ; ;12;1982,28029313408
3369252;1;2;1; ; ; ; ; ; ; ; ; ; ; ; ;12;1982,28029313408
3369253;1;1;2;1; ; ;2; ; ;1;2; ; ;1; ;12;3676,63837800926
3369253;1;2;2;2;05; ;2; ; ;1;2; ; ;1; ;12;3676,63837800926
3369253;1;3;1; ; ; ; ; ; ; ; ; ; ; ; ;12;3676,63837800926
3369253;1;4;2;1; ; ;3;76; ;1;2; ; ;1; ;12;3676,63837800926
3369255;1;1;2;2;76; ;2; ; ;1;2; ; ;1; ;12;3324,82365534302
3369255;1;2;1; ; ; ; ; ; ; ; ; ; ; ; ;12;3324,82365534302
3369256;1;1;2;2;52; ;2; ; ;1;2; ; ;1; ;12;2316,32288162314
3369256;1;2;1; ; ; ; ; ; ; ; ; ; ; ; ;12;2316,32288162314
3369257;1;1;2;2;52; ;2; ; ;1;2; ; ;1; ;12;2299,25216574417
3369258;1;1;1; ; ; ; ; ; ; ; ; ; ; ; ;12;1498,71159674366
3369258;1;2;1; ; ; ; ; ; ; ; ; ; ; ; ;12;1498,71159674366
3369259;1;1;2;2;27; ;2; ; ;2;2; ; ;2; ;12;2134,85769212736
3369259;1;2;2;2;27; ;2; ; ;2;2; ; ;2; ;12;2134,85769212736
3369259;1;3;1; ; ; ; ; ; ; ; ; ; ; ; ;12;2134,85769212736
3369259;1;4;1; ; ; ; ; ; ; ; ; ; ; ; ;12;2134,85769212736
3369259;1;5;1; ; ; ; ; ; ; ; ; ; ; ; ;12;2134,85769212736
3369260;1;1;1; ; ; ; ; ; ; ; ; ; ; ; ;12;2258,88089586229
3369260;1;2;2;1; ; ;2; ; ;2;2; ; ;2; ;12;2258,88089586229
3369260;1;3;1; ; ; ; ; ; ; ; ; ; ; ; ;12;2258,88089586229
3369260;1;4;1; ; ; ; ; ; ; ; ; ; ; ; ;12;2258,88089586229
3369260;1;5;1; ; ; ; ; ; ; ; ; ; ; ; ;12;2258,88089586229
3369260;1;6;1; ; ; ; ; ; ; ; ; ; ; ; ;12;2258,88089586229
3369260;1;7;1; ; ; ; ; ; ; ; ; ; ; ; ;12;2258,88089586229
3369261;1;1;1; ; ; ; ; ; ; ; ; ; ; ; ;12;1327,86518501882
3369261;1;2;2;2;19; ;2; ; ;2;2; ; ;2; ;12;1327,86518501882
3369261;1;3;1; ; ; ; ; ; ; ; ; ; ; ; ;12;1327,86518501882
3369262;1;1;2;2;52; ;2; ; ;1;2; ; ;1; ;12;3587,95590804538
3369262;1;2;1; ; ; ; ; ; ; ; ; ; ; ; ;12;3587,95590804538
3369262;1;3;1; ; ; ; ; ; ; ; ; ; ; ; ;12;3587,95590804538
3369264;1;1;1; ; ; ; ; ; ; ; ; ; ; ; ;12;3131,09395100155
3369264;1;2;1; ; ; ; ; ; ; ; ; ; ; ; ;12;3131,09395100155
3369265;1;1;2;1; ; ;3;76; ;1;2; ; ;1; ;12;2227,64041165925
3369266;1;1;2;1; ; ;2; ; ;1;2; ; ;1; ;12;2299,25216574417
3369268;1;1;2;2;27; ;2; ; ;1;2; ; ;1; ;12;2226,07296499599
3369268;1;2;2;2;76; ;2; ; ;1;2; ; ;1; ;12;2226,07296499599
3369268;1;3;2;1; ; ;2; ; ;1;2; ; ;1; ;12;2226,07296499599
3369268;1;4;2;1; ; ;2; ; ;1;2; ; ;1; ;12;2226,07296499599
3369268;1;5;2;1; ; ;2; ; ;1;2; ; ;1; ;12;2226,07296499599
3369268;1;6;2;1; ; ;2; ; ;1;3;76; ;1; ;12;2226,07296499599
3369269;1;1;2;2;76; ;2; ; ;1;2; ; ;1; ;12;4150,49920914632
3369269;1;2;1; ; ; ; ; ; ; ; ; ; ; ; ;12;4150,49920914632
3369269;1;3;1; ; ; ; ; ; ; ; ; ; ; ; ;12;4150,49920914632
3369269;1;4;1; ; ; ; ; ; ; ; ; ; ; ; ;12;4150,49920914632
3369269;1;5;1; ; ; ; ; ; ; ; ; ; ; ; ;12;4150,49920914632
3369269;1;6;1; ; ; ; ; ; ; ; ; ; ; ; ;12;4150,49920914632
3369270;1;1;1; ; ; ; ; ; ; ; ; ; ; ; ;12;2439,1422501779
3369270;1;2;2;1; ; ;3;05; ;1;2; ; ;1; ;12;2439,1422501779
3369270;1;3;1; ; ; ; ; ; ; ; ; ; ; ; ;12;2439,1422501779
3369271;1;1;2;2;05; ;2; ; ;1;2; ; ;1; ;12;2255,02892676667
3369271;1;2;2;1; ; ;2; ; ;1;2; ; ;1; ;12;2255,02892676667
3369271;1;3;2;1; ; ;3;05; ;1;3;05; ;1; ;12;2255,02892676667
3369272;1;1;1; ; ; ; ; ; ; ; ; ; ; ; ;12;3274,80956014216
3369272;1;2;2;2;76; ;2; ; ;1;2; ; ;1; ;12;3274,80956014216
3369272;1;3;1; ; ; ; ; ; ; ; ; ; ; ; ;12;3274,80956014216
3369272;1;4;1; ; ; ; ; ; ; ; ; ; ; ; ;12;3274,80956014216
3369272;1;5;2;2;76; ;3;76; ;1;2; ; ;1; ;12;3274,80956014216
3369273;1;1;2;2;52; ;3;52; ;2;3;52; ;2;1;12;3860,0977076054
3369273;1;2;2;2;52; ;3;52; ;2;3;52; ;2;4;12;3860,0977076054
3369273;1;3;2;2;52; ;3;52; ;2;2; ; ;1; ;12;3860,0977076054
3369274;1;1;2;2;05; ;2; ; ;1;2; ; ;1; ;12;2278,19403231399
3369275;1;1;2;1; ; ;2; ; ;2;2; ; ;2; ;12;2840,02655008687
3369276;1;1;2;1; ; ;2; ; ;2;2; ; ;2; ;12;1323,86708609816
3369276;1;2;2;1; ; ;2; ; ;2;2; ; ;2; ;12;1323,86708609816
3369276;1;3;1; ; ; ; ; ; ; ; ; ; ; ; ;12;1323,86708609816
3369276;1;4;1; ; ; ; ; ; ; ; ; ; ; ; ;12;1323,86708609816
3369276;1;5;1; ; ; ; ; ; ; ; ; ; ; ; ;12;1323,86708609816
3369276;1;6;1; ; ; ; ; ; ; ; ; ; ; ; ;12;1323,86708609816
3369277;1;1;1; ; ; ; ; ; ; ; ; ; ; ; ;12;2072,78295845919
3369277;1;2;2;1; ; ;3;76; ;1;2; ; ;2; ;12;2072,78295845919
3369277;1;3;1; ; ; ; ; ; ; ; ; ; ; ; ;12;2072,78295845919
3369277;1;4;1; ; ; ; ; ; ; ; ; ; ; ; ;12;2072,78295845919
3369279;1;1;2;1; ; ;3;76; ;1;2; ; ;2; ;12;1466,71870198666
3369279;1;2;2;1; ; ;3;76; ;1;2; ; ;2; ;12;1466,71870198666
3369279;1;3;2;1; ; ;1; ; ; ;2; ; ;2; ;12;1466,71870198666
3369280;1;1;2;2;19; ;2; ; ;1;2; ; ;1; ;12;4235,03418465924
3369280;1;2;2;2;27; ;3;27; ;1;2; ; ;1; ;12;4235,03418465924
3369280;1;3;1; ; ; ; ; ; ; ; ; ; ; ; ;12;4235,03418465924
3369280;1;4;1; ; ; ; ; ; ; ; ; ; ; ; ;12;4235,03418465924
3369280;1;5;1; ; ; ; ; ; ; ; ; ; ; ; ;12;4235,03418465924
3369280;1;6;2;2;19; ;2; ; ;1;2; ; ;1; ;12;4235,03418465924
3369280;1;7;2;2;19; ;2; ; ;1;2; ; ;1; ;12;4235,03418465924
3369280;1;8;1; ; ; ; ; ; ; ; ; ; ; ; ;12;4235,03418465924
3369280;1;9;2;2;19; ;3;52; ;2;2; ; ;1; ;12;4235,03418465924
3369280;1;10;2;1; ; ;3;52; ;2;2; ; ;1; ;12;4235,03418465924
3369280;1;11;2;1; ; ;3;52; ;2;2; ; ;1; ;12;4235,03418465924
3369280;1;12;2;2;52; ;3;52; ;2;2; ; ;1; ;12;4235,03418465924
3369280;1;13;2;2;19; ;2; ; ;1;2; ; ;1; ;12;4235,03418465924
3369280;1;14;2;1; ; ;2; ; ;1;2; ; ;1; ;12;4235,03418465924
3369280;1;15;2;2;19; ;2; ; ;1;2; ; ;1; ;12;4235,03418465924
3369280;1;16;2;2;19; ;2; ; ;1;2; ; ;1; ;12;4235,03418465924
3369280;1;17;1; ; ; ; ; ; ; ; ; ; ; ; ;12;4235,03418465924
3369281;1;1;2;1; ; ;2; ; ;2;2; ; ;1; ;12;3219,77642096544
3369281;1;2;2;1; ; ;2; ; ;2;3;76; ;1; ;12;3219,77642096544
3369281;1;3;2;1; ; ;2; ; ;2;2; ; ;1; ;12;3219,77642096544
3369284;1;1;2;2;27; ;2; ; ;1;2; ; ;1; ;12;3676,63837800926
3369284;1;2;1; ; ; ; ; ; ; ; ; ; ; ; ;12;3676,63837800926
3369284;1;3;1; ; ; ; ; ; ; ; ; ; ; ; ;12;3676,63837800926
3369284;1;4;1; ; ; ; ; ; ; ; ; ; ; ; ;12;3676,63837800926
3369286;1;1;2;2;27; ;3;27; ;2;3;27; ;2;4;12;2784,99969060939
3369286;1;2;2;2;27; ;2; ; ;1;2; ; ;1; ;12;2784,99969060939
3369286;1;3;1; ; ; ; ; ; ; ; ; ; ; ; ;12;2784,99969060939
3369286;1;4;2;2;27; ;2; ; ;1;2; ; ;1; ;12;2784,99969060939
3369286;1;5;2;2;27; ;2; ; ;1;2; ; ;1; ;12;2784,99969060939
3369286;1;6;2;2;27; ;3;27; ;2;2; ; ;1; ;12;2784,99969060939
3369287;1;1;2;2;52; ;2; ; ;1;2; ; ;1; ;12;1798,16696972285
3369287;1;2;2;2;76; ;2; ; ;1;2; ; ;1; ;12;1798,16696972285
3369288;1;1;2;1; ; ;2; ; ;1;2; ; ;1; ;12;2389,12815497704
3369288;1;2;1; ; ; ; ; ; ; ; ; ; ; ; ;12;2389,12815497704
3369288;1;3;1; ; ; ; ; ; ; ; ; ; ; ; ;12;2389,12815497704
3369288;1;4;2;1; ; ;4; ;11; ;4; ;11; ;4;12;2389,12815497704
3369288;1;5;1; ; ; ; ; ; ; ; ; ; ; ; ;12;2389,12815497704
3369288;1;6;1; ; ; ; ; ; ; ; ; ; ; ; ;12;2389,12815497704
3369289;1;1;2;2;52; ;2; ; ;1;2; ; ;1; ;12;3036,31709136931
3369289;1;2;1; ; ; ; ; ; ; ; ; ; ; ; ;12;3036,31709136931
3369289;1;3;1; ; ; ; ; ; ; ; ; ; ; ; ;12;3036,31709136931
3369289;1;4;1; ; ; ; ; ; ; ; ; ; ; ; ;12;3036,31709136931
3369290;1;1;2;2;76; ;2; ; ;1;2; ; ;1; ;12;4246,04932886252
3369290;1;2;2;1; ; ;2; ; ;1;2; ; ;1; ;12;4246,04932886252
3369290;1;3;1; ; ; ; ; ; ; ; ; ; ; ; ;12;4246,04932886252
3369290;1;4;1; ; ; ; ; ; ; ; ; ; ; ; ;12;4246,04932886252
3369290;1;5;1; ; ; ; ; ; ; ; ; ; ; ; ;12;4246,04932886252
3369292;1;1;2;1; ; ;2; ; ;1;2; ; ;1; ;12;3063,09877240417
3369292;1;2;1; ; ; ; ; ; ; ; ; ; ; ; ;12;3063,09877240417
3369292;1;3;1; ; ; ; ; ; ; ; ; ; ; ; ;12;3063,09877240417
3369292;1;4;1; ; ; ; ; ; ; ; ; ; ; ; ;12;3063,09877240417
3369292;1;5;1; ; ; ; ; ; ; ; ; ; ; ; ;12;3063,09877240417
3369293;1;1;2;1; ; ;2; ; ;1;2; ; ;1; ;12;3643,83210612097
3369293;1;2;1; ; ; ; ; ; ; ; ; ; ; ; ;12;3643,83210612097
3369293;1;3;1; ; ; ; ; ; ; ; ; ; ; ; ;12;3643,83210612097
3369293;1;4;1; ; ; ; ; ; ; ; ; ; ; ; ;12;3643,83210612097
3369293;1;5;1; ; ; ; ; ; ; ; ; ; ; ; ;12;3643,83210612097
3369293;1;6;2;1; ; ;2; ; ;2;2; ; ;2;1;12;3643,83210612097
3369294;1;1;1; ; ; ; ; ; ; ; ; ; ; ; ;12;4491,40944738768
3369294;1;2;1; ; ; ; ; ; ; ; ; ; ; ; ;12;4491,40944738768
3369294;1;3;1; ; ; ; ; ; ; ; ; ; ; ; ;12;4491,40944738768
3369294;1;4;1; ; ; ; ; ; ; ; ; ; ; ; ;12;4491,40944738768
3369295;1;1;1; ; ; ; ; ; ; ; ; ; ; ; ;12;3413,50612530691
3369295;1;2;1; ; ; ; ; ; ; ; ; ; ; ; ;12;3413,50612530691
3369295;1;3;1; ; ; ; ; ; ; ; ; ; ; ; ;12;3413,50612530691
3369296;1;1;2;2;19; ;2; ; ;2;2; ; ;2;4;12;2885,73383247639
3369296;1;2;2;1; ; ;2; ; ;2;2; ; ;2;4;12;2885,73383247639
3369296;1;3;2;1; ; ;2; ; ;2;2; ; ;2;4;12;2885,73383247639
3369298;1;1;2;2;27; ;2; ; ;1;2; ; ;1; ;12;2572,37853535384
3369298;1;2;1; ; ; ; ; ; ; ; ; ; ; ; ;12;2572,37853535384
3369298;1;3;1; ; ; ; ; ; ; ; ; ; ; ; ;12;2572,37853535384
3369298;1;4;1; ; ; ; ; ; ; ; ; ; ; ; ;12;2572,37853535384
3369298;1;5;1; ; ; ; ; ; ; ; ; ; ; ; ;12;2572,37853535384
3369298;1;6;1; ; ; ; ; ; ; ; ; ; ; ; ;12;2572,37853535384
3369298;1;7;1; ; ; ; ; ; ; ; ; ; ; ; ;12;2572,37853535384
3369299;1;1;2;1; ; ;2; ; ;1;2; ; ;1; ;12;3236,14118537913
3369300;1;1;2;2;27; ;2; ; ;1;2; ; ;1; ;12;4904,351698899
3369300;1;2;2;2;19; ;2; ; ;1;2; ; ;1; ;12;4904,351698899
3369300;1;3;1; ; ; ; ; ; ; ; ; ; ; ; ;12;4904,351698899
3369300;1;4;1; ; ; ; ; ; ; ; ; ; ; ; ;12;4904,351698899
3369300;1;5;1; ; ; ; ; ; ; ; ; ; ; ; ;12;4904,351698899
3369301;1;1;2;2;52; ;2; ; ;1;2; ; ;1; ;12;3564,72349387937
3369301;1;2;1; ; ; ; ; ; ; ; ; ; ; ; ;12;3564,72349387937
3369301;1;3;1; ; ; ; ; ; ; ; ; ; ; ; ;12;3564,72349387937
3369301;1;4;1; ; ; ; ; ; ; ; ; ; ; ; ;12;3564,72349387937
3369301;1;5;1; ; ; ; ; ; ; ; ; ; ; ; ;12;3564,72349387937
3369301;1;6;2;1; ; ;2; ; ;1;2; ; ;1; ;12;3564,72349387937
3369301;1;7;1; ; ; ; ; ; ; ; ; ; ; ; ;12;3564,72349387937
3369303;1;1;2;2;27; ;3;27; ;2;2; ; ;1; ;12;3236,14118537913
3369305;1;1;2;1; ; ;2; ; ;1;2; ; ;1; ;12;1982,28029313408
3369305;1;2;1; ; ; ; ; ; ; ; ; ; ; ; ;12;1982,28029313408
3369307;1;1;2;1; ; ;2; ; ;1;2; ; ;1; ;12;3765,32084797315
3369307;1;2;1; ; ; ; ; ; ; ; ; ; ; ; ;12;3765,32084797315
3369307;1;3;1; ; ; ; ; ; ; ; ; ; ; ; ;12;3765,32084797315
3369307;1;4;1; ; ; ; ; ; ; ; ; ; ; ; ;12;3765,32084797315
3369307;1;5;1; ; ; ; ; ; ; ; ; ; ; ; ;12;3765,32084797315
3369308;1;1;1; ; ; ; ; ; ; ; ; ; ; ; ;12;4580,09191735157
3369308;1;2;1; ; ; ; ; ; ; ; ; ; ; ; ;12;4580,09191735157
3369308;1;3;1; ; ; ; ; ; ; ; ; ; ; ; ;12;4580,09191735157
3369308;1;4;1; ; ; ; ; ; ; ; ; ; ; ; ;12;4580,09191735157
3369308;1;5;1; ; ; ; ; ; ; ; ; ; ; ; ;12;4580,09191735157
3369309;1;1;2;2;52; ;2; ; ;1;2; ; ;1; ;12;2139,49746714924
3369309;1;2;1; ; ; ; ; ; ; ; ; ; ; ; ;12;2139,49746714924
3369309;1;3;1; ; ; ; ; ; ; ; ; ; ; ; ;12;2139,49746714924
3369310;1;1;2;1; ; ;2; ; ;2;2; ; ;1; ;12;1898,40791792672
3369310;1;2;2;1; ; ;2; ; ;1;2; ; ;1; ;12;1898,40791792672
3369310;1;3;1; ; ; ; ; ; ; ; ; ; ; ; ;12;1898,40791792672
3369310;1;4;1; ; ; ; ; ; ; ; ; ; ; ; ;12;1898,40791792672
3369310;1;5;2;1; ; ;2; ; ;2;2; ; ;1; ;12;1898,40791792672
3369310;1;6;2;1; ; ;2; ; ;2;2; ; ;1; ;12;1898,40791792672
3369310;1;7;2;1; ; ;2; ; ;1;2; ; ;1; ;12;1898,40791792672
3369310;1;8;1; ; ; ; ; ; ; ; ; ; ; ; ;12;1898,40791792672
3369312;1;1;1; ; ; ; ; ; ; ; ; ; ; ; ;12;3280,60041636552
3369312;1;2;1; ; ; ; ; ; ; ; ; ; ; ; ;12;3280,60041636552
3369312;1;3;1; ; ; ; ; ; ; ; ; ; ; ; ;12;3280,60041636552
3369312;1;4;2;2;66; ;2; ; ;1;2; ; ;1; ;12;3280,60041636552
3369313;1;1;2;1; ; ;3;11; ;1;2; ; ;1; ;12;1982,28029313408
3369313;1;2;1; ; ; ; ; ; ; ; ; ; ; ; ;12;1982,28029313408
3369314;1;1;2;2;52; ;2; ; ;1;2; ; ;1; ;12;2299,25216574417
3369315;1;1;1; ; ; ; ; ; ; ; ; ; ; ; ;12;2622,60157977404
3369315;1;2;1; ; ; ; ; ; ; ; ; ; ; ; ;12;2622,60157977404
3369316;1;1;1; ; ; ; ; ; ; ; ; ; ; ; ;12;2278,19403231399
3369318;1;1;2;2;19; ;2; ; ;1;2; ; ;1; ;12;2377,24146124887
3369318;1;2;1; ; ; ; ; ; ; ; ; ; ; ; ;12;2377,24146124887
3369318;1;3;1; ; ; ; ; ; ; ; ; ; ; ; ;12;2377,24146124887
3369319;1;1;2;2;76; ;2; ; ;1;2; ; ;1; ;12;4206,44271584059
3369319;1;2;1; ; ; ; ; ; ; ; ; ; ; ; ;12;4206,44271584059
3369319;1;3;1; ; ; ; ; ; ; ; ; ; ; ; ;12;4206,44271584059
3369319;1;4;1; ; ; ; ; ; ; ; ; ; ; ; ;12;4206,44271584059
3369319;1;5;1; ; ; ; ; ; ; ; ; ; ; ; ;12;4206,44271584059
3369319;1;6;1; ; ; ; ; ; ; ; ; ; ; ; ;12;4206,44271584059
3369319;1;7;1; ; ; ; ; ; ; ; ; ; ; ; ;12;4206,44271584059
3369320;1;1;2;2;76; ;2; ; ;1;2; ; ;1; ;12;1375,78509588409
3369320;1;2;2;2;66; ;2; ; ;1;2; ; ;1; ;12;1375,78509588409
3369320;1;3;2;2;66; ;2; ; ;1;2; ; ;1; ;12;1375,78509588409
3369320;1;4;2;2;66; ;2; ; ;1;2; ; ;1; ;12;1375,78509588409
3369321;1;1;2;2;76; ;2; ; ;1;2; ; ;1; ;12;1386,46119712017
3369321;1;2;2;2;76; ;2; ; ;1;2; ; ;1; ;12;1386,46119712017
3369321;1;3;1; ; ; ; ; ; ; ; ; ; ; ; ;12;1386,46119712017
3369321;1;4;1; ; ; ; ; ; ; ; ; ; ; ; ;12;1386,46119712017
3369321;1;5;1; ; ; ; ; ; ; ; ; ; ; ; ;12;1386,46119712017
3369322;1;1;1; ; ; ; ; ; ; ; ; ; ; ; ;12;1631,77717144815
3369322;1;2;2;2;52; ;2; ; ;1;2; ; ;1; ;12;1631,77717144815
3369322;1;3;1; ; ; ; ; ; ; ; ; ; ; ; ;12;1631,77717144815
3369323;1;1;2;1; ; ;2; ; ;2;2; ; ;1; ;12;1655,97891086535
3369323;1;2;2;1; ; ;2; ; ;1;2; ; ;1; ;12;1655,97891086535
3369323;1;3;2;1; ; ;2; ; ;1;2; ; ;1; ;12;1655,97891086535
3369324;1;1;2;2;66; ;2; ; ;1;2; ; ;1; ;12;1046,81475623718
3369324;1;2;2;2;76; ;2; ; ;1;2; ; ;1; ;12;1046,81475623718
3369324;1;3;2;1; ; ;2; ; ;1;2; ; ;1; ;12;1046,81475623718
3369324;1;4;1; ; ; ; ; ; ; ; ; ; ; ; ;12;1046,81475623718
3369325;1;1;2;1; ; ;2; ; ;1;2; ; ;1; ;12;1714,79910274942
3369327;1;1;2;2;19; ;2; ; ;1;2; ; ;1; ;12;1156,97109432625
3369327;1;2;1; ; ; ; ; ; ; ; ; ; ; ; ;12;1156,97109432625
3369327;1;3;2;2;76; ;3;76; ;1;2; ; ;2;1;12;1156,97109432625
3369328;1;1;2;2;76; ;2; ; ;1;2; ; ;1; ;12;952,830834515382
3369328;1;2;2;2;76; ;2; ; ;1;2; ; ;1; ;12;952,830834515382
3369329;1;1;1; ; ; ; ; ; ; ; ; ; ; ; ;12;2184,85864223409
3369329;1;2;1; ; ; ; ; ; ; ; ; ; ; ; ;12;2184,85864223409
3369329;1;3;1; ; ; ; ; ; ; ; ; ; ; ; ;12;2184,85864223409
3369329;1;4;1; ; ; ; ; ; ; ; ; ; ; ; ;12;2184,85864223409
3369330;1;1;2;2;76; ;3;76; ;1;2; ; ;1; ;12;1393,6155423747
3369330;1;2;1; ; ; ; ; ; ; ; ; ; ; ; ;12;1393,6155423747
3369330;1;3;1; ; ; ; ; ; ; ; ; ; ; ; ;12;1393,6155423747
3369332;1;1;1; ; ; ; ; ; ; ; ; ; ; ; ;12;1195,66320350386
3369332;1;2;2;2;63; ;2; ; ;1;2; ; ;1; ;12;1195,66320350386
3369332;1;3;1; ; ; ; ; ; ; ; ; ; ; ; ;12;1195,66320350386
3369332;1;4;1; ; ; ; ; ; ; ; ; ; ; ; ;12;1195,66320350386
3369332;1;5;1; ; ; ; ; ; ; ; ; ; ; ; ;12;1195,66320350386
3369332;1;6;1; ; ; ; ; ; ; ; ; ; ; ; ;12;1195,66320350386
3369332;1;7;1; ; ; ; ; ; ; ; ; ; ; ; ;12;1195,66320350386
3369333;1;1;2;2;76; ;2; ; ;1;3;66; ;1; ;12;1714,79910274942
3369334;1;1;2;2;76; ;2; ; ;1;2; ; ;1; ;12;1207,19241179938
3369336;1;1;2;2;76; ;2; ; ;2;2; ; ;2; ;12;4102,92042358247
3369336;1;2;1; ; ; ; ; ; ; ; ; ; ; ; ;12;4102,92042358247
3369337;1;1;1; ; ; ; ; ; ; ; ; ; ; ; ;12;1207,19241179938
3369338;1;1;2;2;76; ;2; ; ;2;2; ; ;2; ;12;2782,60779625927
3369338;1;2;2;1; ; ;2; ; ;2;2; ; ;1;4;12;2782,60779625927
3369338;1;3;2;1; ; ;1; ; ; ;2; ; ;1;4;12;2782,60779625927
3369338;1;4;1; ; ; ; ; ; ; ; ; ; ; ; ;12;2782,60779625927
3369339;1;1;1; ; ; ; ; ; ; ; ; ; ; ; ;12;5584,38411799766
3369339;1;2;2;1; ; ;2; ; ;2;2; ; ;2; ;12;5584,38411799766
3369339;1;3;2;2;76; ;2; ; ;1;2; ; ;2; ;12;5584,38411799766
3369339;1;4;2;1; ; ;2; ; ;2;2; ; ;2; ;12;5584,38411799766
3369339;1;5;1; ; ; ; ; ; ; ; ; ; ; ; ;12;5584,38411799766
3369339;1;6;2;1; ; ;2; ; ;2;2; ; ;2; ;12;5584,38411799766
3369340;1;1;2;2;76; ;2; ; ;2;2; ; ;2; ;12;5385,21201738732
3369340;1;2;1; ; ; ; ; ; ; ; ; ; ; ; ;12;5385,21201738732
3369340;1;3;1; ; ; ; ; ; ; ; ; ; ; ; ;12;5385,21201738732
3369340;1;4;1; ; ; ; ; ; ; ; ; ; ; ; ;12;5385,21201738732
3369342;1;1;1; ; ; ; ; ; ; ; ; ; ; ; ;12;1659,13561560899
3369342;1;2;1; ; ; ; ; ; ; ; ; ; ; ; ;12;1659,13561560899
3369343;1;1;2;2;76; ;3;76; ;1;2; ; ;2; ;12;7397,45328706419
3369343;1;2;2;2;76; ;3;76; ;1;2; ; ;2; ;12;7397,45328706419
3369343;1;3;2;2;76; ;3;76; ;1;2; ; ;2; ;12;7397,45328706419
3369343;1;4;2;2;76; ;1; ; ; ;3;76; ;1;4;12;7397,45328706419
3369343;2;1;2;2;76; ;3;76; ;2;3;52; ;2; ;12;7397,45328706419
3369343;2;2;2;2;52; ;1; ; ; ;2; ; ;2; ;12;7397,45328706419
3369344;1;1;1; ; ; ; ; ; ; ; ; ; ; ; ;12;3099,03524939086
3369344;1;2;1; ; ; ; ; ; ; ; ; ; ; ; ;12;3099,03524939086
3369344;1;3;1; ; ; ; ; ; ; ; ; ; ; ; ;12;3099,03524939086
3369345;1;1;2;2;76; ;2; ; ;1;2; ; ;1; ;12;1956,88572046518
3369345;1;2;2;2;73; ;2; ; ;1;2; ; ;1; ;12;1956,88572046518
3369346;1;1;2;2;76; ;2; ; ;1;2; ; ;1; ;12;1469,48312842144
3369346;1;2;2;2;76; ;2; ; ;1;2; ; ;1; ;12;1469,48312842144
3369346;1;3;2;2;76; ;2; ; ;1;2; ; ;1; ;12;1469,48312842144
3369347;1;1;1; ; ; ; ; ; ; ; ; ; ; ; ;12;1659,42150479343
3369347;1;2;2;2;76; ;2; ; ;1;2; ; ;1; ;12;1659,42150479343
3369347;1;3;1; ; ; ; ; ; ; ; ; ; ; ; ;12;1659,42150479343
3369347;1;4;2;1; ; ;2; ; ;1;2; ; ;1; ;12;1659,42150479343
3369347;1;5;1; ; ; ; ; ; ; ; ; ; ; ; ;12;1659,42150479343
3369348;1;1;1; ; ; ; ; ; ; ; ; ; ; ; ;12;879,336900884338
3369348;1;2;2;2;76; ;2; ; ;1;2; ; ;1; ;12;879,336900884338
3369348;1;3;1; ; ; ; ; ; ; ; ; ; ; ; ;12;879,336900884338
3369348;1;4;1; ; ; ; ; ; ; ; ; ; ; ; ;12;879,336900884338
3369349;1;1;2;1; ; ;2; ; ;1;2; ; ;1; ;12;1265,34286861057
3369349;1;2;1; ; ; ; ; ; ; ; ; ; ; ; ;12;1265,34286861057
3369350;1;1;1; ; ; ; ; ; ; ; ; ; ; ; ;12;1771,20834116258
3369350;1;2;1; ; ; ; ; ; ; ; ; ; ; ; ;12;1771,20834116258
3369350;1;3;1; ; ; ; ; ; ; ; ; ; ; ; ;12;1771,20834116258
3369350;1;4;1; ; ; ; ; ; ; ; ; ; ; ; ;12;1771,20834116258
3369351;1;1;1; ; ; ; ; ; ; ; ; ; ; ; ;12;1399,21855140263
3369351;1;2;1; ; ; ; ; ; ; ; ; ; ; ; ;12;1399,21855140263
3369352;1;1;2;2;76; ;2; ; ;1;2; ; ;1; ;12;1218,35090774967
3369353;1;1;2;2;76; ;3;76; ;2;2; ; ;1; ;12;1292,47727539837
3369353;1;2;2;1; ; ;3;76; ;2;2; ; ;1; ;12;1292,47727539837
3369353;1;3;2;2;76; ;3;76; ;2;2; ; ;1; ;12;1292,47727539837
3369357;1;1;2;2;52; ;2; ; ;1;2; ; ;1; ;12;914,884476610497
3369357;1;2;1; ; ; ; ; ; ; ; ; ; ; ; ;12;914,884476610497
3369358;1;1;2;2;66; ;2; ; ;1;2; ; ;1; ;12;914,884476610497
3369358;1;2;2;2;76; ;2; ; ;1;2; ; ;1; ;12;914,884476610497
3369360;1;1;2;2;52; ;2; ; ;1;2; ; ;1; ;12;1629,03020955014
3369360;1;2;2;2;52; ;2; ; ;1;2; ; ;1; ;12;1629,03020955014
3369360;1;3;2;2;76; ;2; ; ;1;2; ; ;1; ;12;1629,03020955014
3369360;1;4;1; ; ; ; ; ; ; ; ; ; ; ; ;12;1629,03020955014
3369360;1;5;1; ; ; ; ; ; ; ; ; ; ; ; ;12;1629,03020955014
3369361;1;1;2;2;19; ;2; ; ;1;2; ; ;1; ;12;949,601477903157
3369361;1;2;2;2;17; ;2; ; ;1;2; ; ;1; ;12;949,601477903157
3369361;1;3;2;2;17; ;2; ; ;1;2; ; ;1; ;12;949,601477903157
3369361;1;4;1; ; ; ; ; ; ; ; ; ; ; ; ;12;949,601477903157
3369361;1;5;1; ; ; ; ; ; ; ; ; ; ; ; ;12;949,601477903157
3369362;1;1;1; ; ; ; ; ; ; ; ; ; ; ; ;12;1808,78302447122
3369362;1;2;1; ; ; ; ; ; ; ; ; ; ; ; ;12;1808,78302447122
3369362;1;3;1; ; ; ; ; ; ; ; ; ; ; ; ;12;1808,78302447122
3369363;1;1;1; ; ; ; ; ; ; ; ; ; ; ; ;12;1641,30516911838
3369363;1;2;1; ; ; ; ; ; ; ; ; ; ; ; ;12;1641,30516911838
3369363;1;3;1; ; ; ; ; ; ; ; ; ; ; ; ;12;1641,30516911838
3369364;1;1;1; ; ; ; ; ; ; ; ; ; ; ; ;12;1860,00845055824
3369364;1;2;2;2;52; ;2; ; ;1;2; ; ;1; ;12;1860,00845055824
3369364;1;3;2;2;52; ;3;76; ;1;2; ; ;1; ;12;1860,00845055824
3369364;1;4;2;2;52; ;2; ; ;1;2; ; ;1; ;12;1860,00845055824
3369364;1;5;1; ; ; ; ; ; ; ; ; ; ; ; ;12;1860,00845055824
3369364;1;6;1; ; ; ; ; ; ; ; ; ; ; ; ;12;1860,00845055824
3369365;1;1;2;2;52; ;2; ; ;1;2; ; ;1; ;12;952,830834515382
3369365;1;2;2;2;52; ;2; ; ;1;2; ; ;1; ;12;952,830834515382
3369366;1;1;2;1; ; ;3;76; ;1;2; ; ;1; ;12;1399,21855140263
3369366;1;2;2;2;76; ;3;76; ;1;2; ; ;1; ;12;1399,21855140263
3369367;1;1;2;1; ; ;2; ; ;1;2; ; ;1; ;12;1990,02234272041
3369367;1;2;2;2;76; ;2; ; ;1;2; ; ;1; ;12;1990,02234272041
3369367;1;3;1; ; ; ; ; ; ; ; ; ; ; ; ;12;1990,02234272041
3369367;1;4;2;2;76; ;2; ; ;1;2; ; ;1; ;12;1990,02234272041
3369367;1;5;2;2;76; ;2; ; ;1;2; ; ;1; ;12;1990,02234272041
3369368;1;1;2;2;52; ;2; ; ;2;2; ; ;2; ;12;3643,86534125225
3369368;1;2;1; ; ; ; ; ; ; ; ; ; ; ; ;12;3643,86534125225
3369369;1;1;2;2;76; ;2; ; ;2;2; ; ;2; ;12;6905,04719959659
3369370;1;1;2;2;76; ;2; ; ;2;2; ; ;2; ;12;3643,86534125225
3369370;1;2;1; ; ; ; ; ; ; ; ; ; ; ; ;12;3643,86534125225
3369371;1;1;1; ; ; ; ; ; ; ; ; ; ; ; ;12;1269,20465924045
3369371;1;2;1; ; ; ; ; ; ; ; ; ; ; ; ;12;1269,20465924045
3369371;1;3;1; ; ; ; ; ; ; ; ; ; ; ; ;12;1269,20465924045
3369372;1;1;2;1; ; ;3;76; ;1;3;76; ;1;4;12;3830,54004772485
3369373;1;1;2;1; ; ;2; ; ;2;2; ; ;2; ;12;2542,95758864254
3369373;1;2;2;2;19; ;2; ; ;2;2; ; ;2; ;12;2542,95758864254
3369373;1;3;2;2;19; ;2; ; ;2;2; ; ;2; ;12;2542,95758864254
3369373;1;4;2;2;19; ;2; ; ;2;2; ; ;2; ;12;2542,95758864254
3369374;1;1;1; ; ; ; ; ; ; ; ; ; ; ; ;12;1422,49116756054
3369374;1;2;2;2;76; ;2; ; ;1;2; ; ;1; ;12;1422,49116756054
3369375;1;1;2;2;76; ;2; ; ;2;2; ; ;2; ;12;5922,05244589398
3369375;1;2;1; ; ; ; ; ; ; ; ; ; ; ; ;12;5922,05244589398
3369375;1;3;2;2;76; ;3;73; ;2;3;76; ;2; ;12;5922,05244589398
3369376;1;1;1; ; ; ; ; ; ; ; ; ; ; ; ;12;5161,07946086245
3369376;1;2;1; ; ; ; ; ; ; ; ; ; ; ; ;12;5161,07946086245
3369376;1;3;1; ; ; ; ; ; ; ; ; ; ; ; ;12;5161,07946086245
3369376;1;4;1; ; ; ; ; ; ; ; ; ; ; ; ;12;5161,07946086245
3369377;1;1;2;2;76; ;3;76; ;1;3;76; ;1;1;12;5852,25676307228
3369377;1;2;2;2;52; ;3;76; ;1;3;76; ;1;1;12;5852,25676307228
3369377;1;3;1; ; ; ; ; ; ; ; ; ; ; ; ;12;5852,25676307228
3369377;1;4;2;2;76; ;1; ; ; ;3;76; ;1;4;12;5852,25676307228
3369378;1;1;2;2;76; ;2; ; ;1;2; ; ;1; ;12;1469,48312842144
3369378;1;2;2;2;52; ;2; ; ;1;2; ; ;1; ;12;1469,48312842144
3369378;1;3;2;2;76; ;2; ; ;1;2; ; ;1; ;12;1469,48312842144
3369379;1;1;2;2;52; ;3;52; ;1;2; ; ;1; ;12;1449,27902951513
3369379;1;2;2;2;52; ;3;52; ;2;3;52; ;2;1;12;1449,27902951513
3369380;1;1;1; ; ; ; ; ; ; ; ; ; ; ; ;12;1948,21419418565
3369380;1;2;1; ; ; ; ; ; ; ; ; ; ; ; ;12;1948,21419418565
3369380;1;3;1; ; ; ; ; ; ; ; ; ; ; ; ;12;1948,21419418565
3369380;1;4;1; ; ; ; ; ; ; ; ; ; ; ; ;12;1948,21419418565
3369381;1;1;2;2;66; ;2; ; ;1;2; ; ;1; ;12;1449,27902951513
3369381;1;2;2;2;66; ;2; ; ;1;2; ; ;1; ;12;1449,27902951513
3369382;1;1;2;2;19; ;2; ; ;1;2; ; ;1; ;12;1207,19241179938
3369383;1;1;2;2;52; ;3;52; ;2;2; ; ;1; ;12;1691,52648659151
3369384;1;1;1; ; ; ; ; ; ; ; ; ; ; ; ;12;736,356242516835
3369384;1;2;1; ; ; ; ; ; ; ; ; ; ; ; ;12;736,356242516835
3369384;1;3;1; ; ; ; ; ; ; ; ; ; ; ; ;12;736,356242516835
3369384;1;4;2;1; ; ;3;76; ;1;2; ; ;1; ;12;736,356242516835
3369385;1;1;2;2;73; ;2; ; ;1;2; ; ;1; ;12;1050,39065768262
3369385;1;2;2;2;76; ;2; ; ;1;2; ; ;1; ;12;1050,39065768262
3369386;1;1;2;2;76; ;2; ; ;1;2; ; ;1; ;12;1975,00205614023
3369386;1;2;1; ; ; ; ; ; ; ; ; ; ; ; ;12;1975,00205614023
3369386;1;3;2;2;76; ;1; ; ; ;2; ; ;1; ;12;1975,00205614023
3369386;1;4;1; ; ; ; ; ; ; ; ; ; ; ; ;12;1975,00205614023
3369388;1;1;2;2;76; ;2; ; ;1;2; ; ;1; ;12;1098,15090244217
3369388;1;2;1; ; ; ; ; ; ; ; ; ; ; ; ;12;1098,15090244217
3369388;1;3;2;1; ; ;2; ; ;1;2; ; ;1; ;12;1098,15090244217
3369388;1;4;1; ; ; ; ; ; ; ; ; ; ; ; ;12;1098,15090244217
3369388;1;5;1; ; ; ; ; ; ; ; ; ; ; ; ;12;1098,15090244217
3369389;1;1;2;2;66; ;2; ; ;1;2; ; ;1; ;12;1241,90941309204
3369389;1;2;1; ; ; ; ; ; ; ; ; ; ; ; ;12;1241,90941309204
3369389;1;3;1; ; ; ; ; ; ; ; ; ; ; ; ;12;1241,90941309204
3369389;1;4;1; ; ; ; ; ; ; ; ; ; ; ; ;12;1241,90941309204
3369390;1;1;2;1; ; ;2; ; ;1;2; ; ;1; ;12;1714,79910274942
3369391;1;1;1; ; ; ; ; ; ; ; ; ; ; ; ;12;1422,49116756054
3369391;1;2;2;1; ; ;2; ; ;1;2; ; ;1; ;12;1422,49116756054
3369392;1;1;2;2;52; ;2; ; ;1;2; ; ;1; ;12;1156,30135925337
3369392;1;2;2;2;52; ;2; ; ;1;2; ; ;1; ;12;1156,30135925337
3369392;1;3;2;2;52; ;2; ; ;1;2; ; ;1; ;12;1156,30135925337
3369392;1;4;2;2;52; ;2; ; ;1;2; ; ;1; ;12;1156,30135925337
3369392;1;5;2;2;52; ;3;52; ;1;2; ; ;1; ;12;1156,30135925337
3369392;1;6;2;2;52; ;3;52; ;1;2; ; ;1; ;12;1156,30135925337
3369393;1;1;1; ; ; ; ; ; ; ; ; ; ; ; ;12;1744,07393437478
3369393;1;2;2;2;76; ;1; ; ; ;1; ; ; ; ;12;1744,07393437478
3369393;1;3;2;2;76; ;2; ; ;1;2; ; ;1; ;12;1744,07393437478
3369394;1;1;1; ; ; ; ; ; ; ; ; ; ; ; ;12;1381,27738479404
3369394;1;2;1; ; ; ; ; ; ; ; ; ; ; ; ;12;1381,27738479404
3369394;1;3;1; ; ; ; ; ; ; ; ; ; ; ; ;12;1381,27738479404
3369394;1;4;1; ; ; ; ; ; ; ; ; ; ; ; ;12;1381,27738479404
3369394;1;5;1; ; ; ; ; ; ; ; ; ; ; ; ;12;1381,27738479404
3369395;1;1;1; ; ; ; ; ; ; ; ; ; ; ; ;12;1422,49116756054
3369395;1;2;1; ; ; ; ; ; ; ; ; ; ; ; ;12;1422,49116756054
3369396;1;1;2;2;19; ;2; ; ;1;2; ; ;1; ;12;736,356242516835
3369396;1;2;1; ; ; ; ; ; ; ; ; ; ; ; ;12;736,356242516835
3369396;1;3;2;2;76; ;2; ; ;1;2; ; ;1; ;12;736,356242516835
3369397;1;1;2;1; ; ;3;63; ;1;2; ; ;1; ;12;1631,77717144815
3369397;1;2;1; ; ; ; ; ; ; ; ; ; ; ; ;12;1631,77717144815
3369397;1;3;1; ; ; ; ; ; ; ; ; ; ; ; ;12;1631,77717144815
3369398;1;1;2;1; ; ;2; ; ;1;2; ; ;1; ;12;1018,28567588455
3369398;1;2;1; ; ; ; ; ; ; ; ; ; ; ; ;12;1018,28567588455
3369398;1;3;2;1; ; ;4; ;7; ;2; ; ;1; ;12;1018,28567588455
3369398;1;4;1; ; ; ; ; ; ; ; ; ; ; ; ;12;1018,28567588455
3369398;1;5;1; ; ; ; ; ; ; ; ; ; ; ; ;12;1018,28567588455
3369398;1;6;1; ; ; ; ; ; ; ; ; ; ; ; ;12;1018,28567588455
3369399;1;1;2;2;19; ;3;52; ;2;2; ; ;1; ;12;1872,3466081389
3369399;1;2;2;2;52; ;2; ; ;1;2; ; ;1; ;12;1872,3466081389
3369399;1;3;1; ; ; ; ; ; ; ; ; ; ; ; ;12;1872,3466081389
3369399;1;4;1; ; ; ; ; ; ; ; ; ; ; ; ;12;1872,3466081389
3369402;1;1;2;2;76; ;2; ; ;1;2; ; ;1; ;12;1714,79910274942
3369403;1;1;2;1; ; ;2; ; ;2;2; ; ;2; ;12;2542,95758864254
3369403;1;2;1; ; ; ; ; ; ; ; ; ; ; ; ;12;2542,95758864254
3369403;1;3;2;2;76; ;2; ; ;2;2; ; ;2; ;12;2542,95758864254
3369403;1;4;2;2;76; ;3;76; ;1;2; ; ;2; ;12;2542,95758864254
3369403;1;5;1; ; ; ; ; ; ; ; ; ; ; ; ;12;2542,95758864254
3369403;1;6;2;1; ; ;3;76; ;2;3;66; ;1;2;12;2542,95758864254
3369403;1;7;2;2;76; ;1; ; ; ;2; ; ;2; ;12;2542,95758864254
3369403;1;8;2;2;19; ;3;52; ;1;3;52; ;1;3;12;2542,95758864254
3369403;1;9;2;2;76; ;3;76; ;1;3;76; ;1;1;12;2542,95758864254
3369404;1;1;2;2;76; ;3;76; ;1;3;76; ;1;1;12;4767,24299042478
3369404;1;2;2;2;76; ;3;76; ;1;3;76; ;1;4;12;4767,24299042478
3369404;1;3;2;2;76; ;3;76; ;1;3;76; ;1;4;12;4767,24299042478
3369405;1;1;2;2;52; ;3;76; ;1;2; ; ;2; ;12;4429,64400267461
3369405;1;2;2;2;73; ;3;76; ;1;2; ; ;2; ;12;4429,64400267461
3369405;1;3;2;2;76; ;3;76; ;1;2; ; ;2; ;12;4429,64400267461
3369406;1;1;1; ; ; ; ; ; ; ; ; ; ; ; ;12;4899,24047081249
3369407;1;1;2;2;76; ;3;76; ;1;2; ; ;1; ;12;1771,20834116258
3369407;1;2;2;2;76; ;3;76; ;1;2; ; ;1; ;12;1771,20834116258
3369407;1;3;2;2;76; ;3;76; ;1;2; ; ;1; ;12;1771,20834116258
3369407;1;4;2;2;76; ;1; ; ; ;1; ; ; ; ;12;1771,20834116258
3369408;1;1;2;2;41; ;2; ; ;2;2; ; ;2; ;12;4253,84470486006
3369408;1;2;1; ; ; ; ; ; ; ; ; ; ; ; ;12;4253,84470486006
3369408;1;3;1; ; ; ; ; ; ; ; ; ; ; ; ;12;4253,84470486006
3369409;1;1;2;2;19; ;2; ; ;2;2; ; ;2; ;12;3643,86534125225
3369409;1;2;2;2;19; ;2; ; ;2;2; ; ;2; ;12;3643,86534125225
3369410;1;1;2;2;73; ;2; ; ;2;2; ; ;2; ;12;3643,86534125225
3369410;1;2;2;2;76; ;2; ; ;2;2; ; ;2; ;12;3643,86534125225
3369411;1;1;2;2;52; ;2; ; ;1;2; ; ;1; ;12;961,876437471396
3369411;1;2;2;2;76; ;2; ; ;1;2; ; ;1; ;12;961,876437471396
3369411;1;3;2;2;66; ;2; ; ;1;2; ; ;1; ;12;961,876437471396
3369412;1;1;2;2;52; ;2; ; ;1;2; ; ;1; ;12;736,356242516835
3369412;1;2;2;2;52; ;2; ; ;1;2; ; ;1; ;12;736,356242516835
3369412;1;3;2;2;76; ;2; ; ;1;2; ; ;1; ;12;736,356242516835
3369412;1;4;2;2;76; ;2; ; ;2;2; ; ;2;4;12;736,356242516835
3369412;1;5;2;2;76; ;2; ; ;2;2; ; ;2;4;12;736,356242516835
3369413;1;1;1; ; ; ; ; ; ; ; ; ; ; ; ;12;1207,19241179938
3369414;1;1;2;2;76; ;2; ; ;1;2; ; ;1; ;12;1218,35090774967
3369416;1;1;1; ; ; ; ; ; ; ; ; ; ; ; ;12;736,356242516835
3369416;1;2;1; ; ; ; ; ; ; ; ; ; ; ; ;12;736,356242516835
3369416;1;3;1; ; ; ; ; ; ; ; ; ; ; ; ;12;736,356242516835
3369416;1;4;1; ; ; ; ; ; ; ; ; ; ; ; ;12;736,356242516835
3369416;1;5;1; ; ; ; ; ; ; ; ; ; ; ; ;12;736,356242516835
3369416;1;6;1; ; ; ; ; ; ; ; ; ; ; ; ;12;736,356242516835
3369417;1;1;2;1; ; ;3;76; ;1;2; ; ;1; ;12;1292,47727539837
3369417;1;2;1; ; ; ; ; ; ; ; ; ; ; ; ;12;1292,47727539837
3369417;1;3;2;2;76; ;1; ; ; ;2; ; ;1; ;12;1292,47727539837
3369418;1;1;2;2;17; ;2; ; ;2;2; ; ;2; ;12;1616,55809321409
3369418;1;2;1; ; ; ; ; ; ; ; ; ; ; ; ;12;1616,55809321409
3369418;1;3;1; ; ; ; ; ; ; ; ; ; ; ; ;12;1616,55809321409
3369418;1;4;1; ; ; ; ; ; ; ; ; ; ; ; ;12;1616,55809321409
3369420;1;1;1; ; ; ; ; ; ; ; ; ; ; ; ;12;2136,50771305563
3369420;1;2;1; ; ; ; ; ; ; ; ; ; ; ; ;12;2136,50771305563
3369421;1;1;1; ; ; ; ; ; ; ; ; ; ; ; ;12;2388,63188843013
3369421;1;2;1; ; ; ; ; ; ; ; ; ; ; ; ;12;2388,63188843013
3369421;1;3;1; ; ; ; ; ; ; ; ; ; ; ; ;12;2388,63188843013
3369421;1;4;1; ; ; ; ; ; ; ; ; ; ; ; ;12;2388,63188843013
3369422;1;1;2;2;19; ;2; ; ;2;2; ; ;2; ;12;2050,11160928992
3369422;1;2;2;2;19; ;2; ; ;2;2; ; ;2; ;12;2050,11160928992
3369422;1;3;2;2;19; ;2; ; ;2;2; ; ;2; ;12;2050,11160928992
3369423;1;1;2;2;19; ;2; ; ;2;2; ; ;2; ;12;1203,30886556394
3369423;1;2;2;2;19; ;2; ; ;2;2; ; ;2; ;12;1203,30886556394
3369423;1;3;2;2;19; ;2; ; ;2;2; ; ;2; ;12;1203,30886556394
3369423;1;4;2;2;52; ;2; ; ;2;2; ; ;2; ;12;1203,30886556394
3369424;1;1;2;2;76; ;2; ; ;2;2; ; ;2; ;12;2136,50771305563
3369424;1;2;1; ; ; ; ; ; ; ; ; ; ; ; ;12;2136,50771305563
3369425;1;1;2;2;19; ;2; ; ;2;2; ; ;2; ;12;2246,02391992603
3369425;1;2;2;2;19; ;2; ; ;2;2; ; ;2; ;12;2246,02391992603
3369425;1;3;2;2;19; ;2; ; ;2;2; ; ;2; ;12;2246,02391992603
3369425;1;4;1; ; ; ; ; ; ; ; ; ; ; ; ;12;2246,02391992603
3369425;1;5;2;2;19; ;2; ; ;2;2; ; ;2; ;12;2246,02391992603
3369426;1;1;2;2;52; ;2; ; ;2;2; ; ;2; ;12;3195,76864823457
3369427;1;1;1; ; ; ; ; ; ; ; ; ; ; ; ;12;2550,82440927926
3369427;1;2;2;2;76; ;3;76; ;2;2; ; ;2; ;12;2550,82440927926
3369427;1;3;1; ; ; ; ; ; ; ; ; ; ; ; ;12;2550,82440927926
3369427;1;4;1; ; ; ; ; ; ; ; ; ; ; ; ;12;2550,82440927926
3369428;1;1;1; ; ; ; ; ; ; ; ; ; ; ; ;12;1686,44040791537
3369428;1;2;2;2;76; ;2; ; ;2;2; ; ;2; ;12;1686,44040791537
3369429;1;1;2;2;19; ;2; ; ;2;2; ; ;2; ;12;2676,88649696651
3369429;1;2;2;2;19; ;2; ; ;2;2; ; ;2; ;12;2676,88649696651
3369429;1;3;2;2;19; ;2; ; ;2;2; ; ;2; ;12;2676,88649696651
3369429;1;4;1; ; ; ; ; ; ; ; ; ; ; ; ;12;2676,88649696651
3369429;1;5;1; ; ; ; ; ; ; ; ; ; ; ; ;12;2676,88649696651
3369430;1;1;1; ; ; ; ; ; ; ; ; ; ; ; ;12;2994,52619643209
3369430;1;2;2;2;19; ;2; ; ;2;2; ; ;2; ;12;2994,52619643209
3369430;1;3;1; ; ; ; ; ; ; ; ; ; ; ; ;12;2994,52619643209
3369430;1;4;1; ; ; ; ; ; ; ; ; ; ; ; ;12;2994,52619643209
3369430;1;5;1; ; ; ; ; ; ; ; ; ; ; ; ;12;2994,52619643209
3369432;1;1;1; ; ; ; ; ; ; ; ; ; ; ; ;12;1342,01889867929
3369432;1;2;2;2;20; ;2; ; ;1;2; ; ;2; ;12;1342,01889867929
3369432;1;3;1; ; ; ; ; ; ; ; ; ; ; ; ;12;1342,01889867929
3369432;1;4;1; ; ; ; ; ; ; ; ; ; ; ; ;12;1342,01889867929
3369432;1;5;2;2;47; ;3;47; ;1;2; ; ;2; ;12;1342,01889867929
3369432;1;6;2;2;47; ;3;47; ;1;2; ; ;2; ;12;1342,01889867929
3369432;1;7;2;2;47; ;2; ; ;2;2; ; ;2; ;12;1342,01889867929
3369432;1;8;2;2;47; ;3;47; ;1;2; ; ;2; ;12;1342,01889867929
3369432;1;9;1; ; ; ; ; ; ; ; ; ; ; ; ;12;1342,01889867929
3369432;1;10;1; ; ; ; ; ; ; ; ; ; ; ; ;12;1342,01889867929
3369433;1;1;2;2;20; ;3;20; ;2;2; ; ;2; ;12;1648,98971193949
3369433;1;2;2;2;20; ;3;20; ;2;2; ; ;2; ;12;1648,98971193949
3369433;1;3;2;2;20; ;3;20; ;2;2; ; ;2; ;12;1648,98971193949
3369433;1;4;2;2;20; ;1; ; ; ;2; ; ;2; ;12;1648,98971193949
3369433;1;5;1; ; ; ; ; ; ; ; ; ; ; ; ;12;1648,98971193949
3369433;1;6;1; ; ; ; ; ; ; ; ; ; ; ; ;12;1648,98971193949
3369434;1;1;2;2;13; ;2; ; ;1;2; ; ;2; ;12;1444,05626613922
3369434;1;2;2;2;20; ;2; ; ;1;2; ; ;2; ;12;1444,05626613922
3369434;1;3;2;2;20; ;2; ; ;2;2; ; ;2; ;12;1444,05626613922
3369434;1;4;2;2;20; ;2; ; ;2;2; ; ;2; ;12;1444,05626613922
3369434;1;5;1; ; ; ; ; ; ; ; ; ; ; ; ;12;1444,05626613922
3369435;1;1;1; ; ; ; ; ; ; ; ; ; ; ; ;12;1540,09955693389
3369437;1;1;1; ; ; ; ; ; ; ; ; ; ; ; ;12;858,38662424094
3369437;1;2;1; ; ; ; ; ; ; ; ; ; ; ; ;12;858,38662424094
3369437;1;3;1; ; ; ; ; ; ; ; ; ; ; ; ;12;858,38662424094
3369438;1;1;2;2;20; ;2; ; ;2;2; ; ;2; ;12;771,541670141479
3369438;1;2;1; ; ; ; ; ; ; ; ; ; ; ; ;12;771,541670141479
3369438;1;3;1; ; ; ; ; ; ; ; ; ; ; ; ;12;771,541670141479
3369438;1;4;1; ; ; ; ; ; ; ; ; ; ; ; ;12;771,541670141479
3369438;1;5;1; ; ; ; ; ; ; ; ; ; ; ; ;12;771,541670141479
3369439;1;1;1; ; ; ; ; ; ; ; ; ; ; ; ;12;910,947424199561
3369439;1;2;1; ; ; ; ; ; ; ; ; ; ; ; ;12;910,947424199561
3369439;1;3;1; ; ; ; ; ; ; ; ; ; ; ; ;12;910,947424199561
3369439;1;4;1; ; ; ; ; ; ; ; ; ; ; ; ;12;910,947424199561
3369439;1;5;1; ; ; ; ; ; ; ; ; ; ; ; ;12;910,947424199561
3369440;1;1;1; ; ; ; ; ; ; ; ; ; ; ; ;12;1311,52342971248
3369440;1;2;2;2;47; ;2; ; ;2;2; ; ;2; ;12;1311,52342971248
3369440;1;3;1; ; ; ; ; ; ; ; ; ; ; ; ;12;1311,52342971248
3369441;1;1;1; ; ; ; ; ; ; ; ; ; ; ; ;12;1534,93948623979
3369441;1;2;2;2;47; ;2; ; ;2;2; ; ;2; ;12;1534,93948623979
3369441;1;3;1; ; ; ; ; ; ; ; ; ; ; ; ;12;1534,93948623979
3369442;1;1;2;2;20; ;3;20; ;2;3;20; ;2; ;12;1652,98707310166
3369442;1;2;2;2;20; ;3;20; ;2;3;20; ;2; ;12;1652,98707310166
3369442;1;3;2;2;20; ;1; ; ; ;3;20; ;2; ;12;1652,98707310166
3369442;1;4;2;1; ; ;1; ; ; ;3;20; ;2; ;12;1652,98707310166
3369443;1;1;1; ; ; ; ; ; ; ; ; ; ; ; ;12;1471,37421721755
3369443;1;2;2;2;47; ;2; ; ;2;2; ; ;2; ;12;1471,37421721755
3369443;1;3;1; ; ; ; ; ; ; ; ; ; ; ; ;12;1471,37421721755
3369443;1;4;1; ; ; ; ; ; ; ; ; ; ; ; ;12;1471,37421721755
3369444;1;1;2;2;47; ;3;47; ;1;2; ; ;2; ;12;1449,25724167226
3369444;1;2;2;2;20; ;3;47; ;1;2; ; ;2; ;12;1449,25724167226
3369444;1;3;2;2;20; ;3;47; ;1;2; ; ;2; ;12;1449,25724167226
3369444;1;4;2;2;47; ;1; ; ; ;2; ; ;2; ;12;1449,25724167226
3369444;1;5;1; ; ; ; ; ; ; ; ; ; ; ; ;12;1449,25724167226
3369445;1;1;2;2;47; ;2; ; ;2;2; ; ;2; ;12;1463,5074120292
3369445;1;2;2;2;47; ;2; ; ;2;2; ; ;2; ;12;1463,5074120292
3369445;1;3;2;2;47; ;2; ; ;2;2; ; ;2; ;12;1463,5074120292
3369445;1;4;2;2;47; ;2; ; ;2;2; ; ;2; ;12;1463,5074120292
3369445;1;5;2;2;47; ;2; ; ;2;2; ; ;2; ;12;1463,5074120292
3369446;1;1;2;2;47; ;2; ; ;2;2; ; ;2; ;12;1572,8732428568
3369446;1;2;2;2;47; ;3;47; ;1;2; ; ;2; ;12;1572,8732428568
3369447;1;1;2;2;47; ;3;47; ;2;2; ; ;2; ;12;1713,44170644681
3369447;1;2;2;2;47; ;3;47; ;2;2; ; ;2; ;12;1713,44170644681
3369448;1;1;2;2;47; ;2; ; ;2;2; ; ;2; ;12;1588,31967949006
3369448;1;2;2;2;47; ;2; ; ;2;2; ; ;2; ;12;1588,31967949006
3369448;1;3;2;2;47; ;2; ; ;2;2; ; ;2; ;12;1588,31967949006
3369448;1;4;2;2;47; ;2; ; ;2;2; ; ;2; ;12;1588,31967949006
3369448;1;5;2;2;47; ;2; ; ;2;2; ; ;2; ;12;1588,31967949006
3369448;1;6;2;2;47; ;2; ; ;2;2; ; ;2; ;12;1588,31967949006
3369448;1;7;1; ; ; ; ; ; ; ; ; ; ; ; ;12;1588,31967949006
3369448;1;8;1; ; ; ; ; ; ; ; ; ; ; ; ;12;1588,31967949006
3369449;1;1;2;2;47; ;2; ; ;2;2; ; ;2; ;12;801,929352057962
3369449;1;2;2;2;47; ;2; ; ;2;2; ; ;2; ;12;801,929352057962
3369449;1;3;1; ; ; ; ; ; ; ; ; ; ; ; ;12;801,929352057962
3369450;1;1;2;2;13; ;2; ; ;1;2; ; ;1;1;12;1184,21692121283
3369452;1;1;1; ; ; ; ; ; ; ; ; ; ; ; ;12;921,308470426699
3369452;1;2;1; ; ; ; ; ; ; ; ; ; ; ; ;12;921,308470426699
3369452;1;3;1; ; ; ; ; ; ; ; ; ; ; ; ;12;921,308470426699
3369453;1;1;1; ; ; ; ; ; ; ; ; ; ; ; ;12;1471,77811840039
3369453;1;2;1; ; ; ; ; ; ; ; ; ; ; ; ;12;1471,77811840039
3369453;1;3;1; ; ; ; ; ; ; ; ; ; ; ; ;12;1471,77811840039
3369453;1;4;1; ; ; ; ; ; ; ; ; ; ; ; ;12;1471,77811840039
3369454;1;1;1; ; ; ; ; ; ; ; ; ; ; ; ;12;1471,43480216012
3369454;1;2;2;2;47; ;2; ; ;2;2; ; ;2; ;12;1471,43480216012
3369454;1;3;1; ; ; ; ; ; ; ; ; ; ; ; ;12;1471,43480216012
3369454;1;4;1; ; ; ; ; ; ; ; ; ; ; ; ;12;1471,43480216012
3369454;1;5;1; ; ; ; ; ; ; ; ; ; ; ; ;12;1471,43480216012
3369454;1;6;1; ; ; ; ; ; ; ; ; ; ; ; ;12;1471,43480216012
3369454;1;7;1; ; ; ; ; ; ; ; ; ; ; ; ;12;1471,43480216012
3369455;1;1;2;1; ; ;3;44; ;1;2; ; ;2; ;12;1184,21692121283
3369456;1;1;1; ; ; ; ; ; ; ; ; ; ; ; ;12;1319,39023490083
3369456;1;2;1; ; ; ; ; ; ; ; ; ; ; ; ;12;1319,39023490083
3369457;1;1;2;2;13; ;2; ; ;1;2; ; ;1; ;12;517,30245832633
3369457;1;2;1; ; ; ; ; ; ; ; ; ; ; ; ;12;517,30245832633
3369457;1;3;1; ; ; ; ; ; ; ; ; ; ; ; ;12;517,30245832633
3369457;1;4;2;2;23; ;2; ; ;1;2; ; ;1; ;12;517,30245832633
3369457;1;5;1; ; ; ; ; ; ; ; ; ; ; ; ;12;517,30245832633
3369457;1;6;1; ; ; ; ; ; ; ; ; ; ; ; ;12;517,30245832633
3369458;1;1;2;2;70; ;2; ; ;1;2; ; ;1; ;12;466,793213602259
3369458;1;2;2;2;70; ;2; ; ;1;2; ; ;1; ;12;466,793213602259
3369458;1;3;1; ; ; ; ; ; ; ; ; ; ; ; ;12;466,793213602259
3369458;1;4;1; ; ; ; ; ; ; ; ; ; ; ; ;12;466,793213602259
3369458;1;5;1; ; ; ; ; ; ; ; ; ; ; ; ;12;466,793213602259
3369459;1;1;1; ; ; ; ; ; ; ; ; ; ; ; ;12;363,237983969533
3369459;1;2;2;2;47; ;2; ; ;1;2; ; ;1; ;12;363,237983969533
3369459;1;3;2;2;70; ;3;70; ;1;2; ; ;1; ;12;363,237983969533
3369459;1;4;1; ; ; ; ; ; ; ; ; ; ; ; ;12;363,237983969533
3369460;1;1;2;1; ; ;2; ; ;1;2; ; ;1; ;12;385,756701538146
3369460;1;2;2;2;47; ;2; ; ;1;2; ; ;1; ;12;385,756701538146
3369460;1;3;1; ; ; ; ; ; ; ; ; ; ; ; ;12;385,756701538146
3369460;1;4;1; ; ; ; ; ; ; ; ; ; ; ; ;12;385,756701538146
3369461;1;1;1; ; ; ; ; ; ; ; ; ; ; ; ;12;392,806247459124
3369461;1;2;2;2;13; ;2; ; ;1;2; ; ;1; ;12;392,806247459124
3369461;1;3;1; ; ; ; ; ; ; ; ; ; ; ; ;12;392,806247459124
3369461;1;4;1; ; ; ; ; ; ; ; ; ; ; ; ;12;392,806247459124
3369461;1;5;1; ; ; ; ; ; ; ; ; ; ; ; ;12;392,806247459124
3369462;1;1;1; ; ; ; ; ; ; ; ; ; ; ; ;12;346,880582462555
3369462;1;2;1; ; ; ; ; ; ; ; ; ; ; ; ;12;346,880582462555
3369462;1;3;2;2;13; ;2; ; ;1;2; ; ;1; ;12;346,880582462555
3369463;1;1;2;2;13; ;2; ; ;1;2; ; ;1; ;12;406,500899719354
3369463;1;2;2;2;13; ;2; ; ;1;2; ; ;1; ;12;406,500899719354
3369463;1;3;2;2;13; ;2; ; ;1;2; ; ;1; ;12;406,500899719354
3369464;1;1;2;2;13; ;2; ; ;1;2; ; ;1; ;12;355,665050637127
3369464;1;2;2;2;13; ;2; ; ;1;2; ; ;1; ;12;355,665050637127
3369464;1;3;1; ; ; ; ; ; ; ; ; ; ; ; ;12;355,665050637127
3369464;1;4;1; ; ; ; ; ; ; ; ; ; ; ; ;12;355,665050637127
3369465;1;1;2;2;08; ;3;08; ;1;2; ; ;1; ;12;409,914996288101
3369465;1;2;2;2;08; ;3;08; ;1;3;08; ;1; ;12;409,914996288101
3369466;1;1;2;2;23; ;2; ; ;1;2; ; ;1; ;12;356,188438048556
3369466;1;2;2;2;13; ;2; ; ;1;2; ; ;1; ;12;356,188438048556
3369466;1;3;1; ; ; ; ; ; ; ; ; ; ; ; ;12;356,188438048556
3369467;1;1;2;2;23; ;2; ; ;1;2; ; ;1; ;12;415,712274139664
3369467;1;2;1; ; ; ; ; ; ; ; ; ; ; ; ;12;415,712274139664
3369467;1;3;1; ; ; ; ; ; ; ; ; ; ; ; ;12;415,712274139664
3369467;1;4;1; ; ; ; ; ; ; ; ; ; ; ; ;12;415,712274139664
3369467;1;5;1; ; ; ; ; ; ; ; ; ; ; ; ;12;415,712274139664
3369467;1;6;1; ; ; ; ; ; ; ; ; ; ; ; ;12;415,712274139664
3369468;1;1;2;2;76; ;2; ; ;1;2; ; ;1; ;12;425,881561631042
3369468;1;2;2;2;76; ;2; ; ;1;2; ; ;1; ;12;425,881561631042
3369468;1;3;2;2;76; ;2; ; ;1;2; ; ;1; ;12;425,881561631042
3369469;1;1;1; ; ; ; ; ; ; ; ; ; ; ; ;12;481,208036327191
3369469;1;2;1; ; ; ; ; ; ; ; ; ; ; ; ;12;481,208036327191
3369469;1;3;1; ; ; ; ; ; ; ; ; ; ; ; ;12;481,208036327191
3369470;1;1;1; ; ; ; ; ; ; ; ; ; ; ; ;12;325,758742653588
3369470;1;2;2;2;23; ;2; ; ;1;2; ; ;1; ;12;325,758742653588
3369470;1;3;1; ; ; ; ; ; ; ; ; ; ; ; ;12;325,758742653588
3369470;1;4;1; ; ; ; ; ; ; ; ; ; ; ; ;12;325,758742653588
3369470;1;5;1; ; ; ; ; ; ; ; ; ; ; ; ;12;325,758742653588
3369471;1;1;2;2;11; ;2; ; ;1;2; ; ;1; ;12;371,40328574604
3369471;1;2;1; ; ; ; ; ; ; ; ; ; ; ; ;12;371,40328574604
3369472;1;1;1; ; ; ; ; ; ; ; ; ; ; ; ;12;371,40328574604
3369472;1;2;2;2;13; ;2; ; ;1;2; ; ;1; ;12;371,40328574604
3369473;1;1;2;2;70; ;2; ; ;1;2; ; ;1; ;12;362,714596558105
3369473;1;2;2;2;70; ;2; ; ;1;2; ; ;1; ;12;362,714596558105
3369473;1;3;1; ; ; ; ; ; ; ; ; ; ; ; ;12;362,714596558105
3369473;1;4;1; ; ; ; ; ; ; ; ; ; ; ; ;12;362,714596558105
3369473;1;5;1; ; ; ; ; ; ; ; ; ; ; ; ;12;362,714596558105
3369474;1;1;2;2;68; ;2; ; ;1;2; ; ;1; ;12;288,108464016904
3369474;1;2;2;2;13; ;2; ; ;1;2; ; ;1; ;12;288,108464016904
3369475;1;1;2;3; ;10;4; ;10; ;2; ; ;1; ;12;378,452831667017
3369475;1;2;2;2;05; ;4; ;10; ;2; ; ;1; ;12;378,452831667017
3369475;1;3;1; ; ; ; ; ; ; ; ; ; ; ; ;12;378,452831667017
3369476;1;1;2;2;20; ;2; ; ;1;2; ; ;1; ;12;378,452831667017
3369476;1;2;1; ; ; ; ; ; ; ; ; ; ; ; ;12;378,452831667017
3369476;1;3;1; ; ; ; ; ; ; ; ; ; ; ; ;12;378,452831667017
3369477;1;1;1; ; ; ; ; ; ; ; ; ; ; ; ;12;371,40328574604
3369477;1;2;1; ; ; ; ; ; ; ; ; ; ; ; ;12;371,40328574604
3369479;1;1;2;2;23; ;2; ; ;1;2; ; ;1; ;12;348,884568177427
3369479;1;2;1; ; ; ; ; ; ; ; ; ; ; ; ;12;348,884568177427
3369480;1;1;2;2;70; ;2; ; ;1;2; ; ;1; ;12;317,676727506495
3369480;1;2;2;2;70; ;2; ; ;1;2; ; ;1; ;12;317,676727506495
3369480;1;3;1; ; ; ; ; ; ; ; ; ; ; ; ;12;317,676727506495
3369481;1;1;1; ; ; ; ; ; ; ; ; ; ; ; ;12;490,903201025118
3369481;1;2;2;2;13; ;2; ; ;1;2; ; ;1; ;12;490,903201025118
3369481;1;3;1; ; ; ; ; ; ; ; ; ; ; ; ;12;490,903201025118
3369481;1;4;1; ; ; ; ; ; ; ; ; ; ; ; ;12;490,903201025118
3369482;1;1;1; ; ; ; ; ; ; ; ; ; ; ; ;12;564,502858056327
3369482;1;2;1; ; ; ; ; ; ; ; ; ; ; ; ;12;564,502858056327
3369482;1;3;1; ; ; ; ; ; ; ; ; ; ; ; ;12;564,502858056327
3369483;1;1;1; ; ; ; ; ; ; ; ; ; ; ; ;12;345,833807639698
3369483;1;2;1; ; ; ; ; ; ; ; ; ; ; ; ;12;345,833807639698
3369483;1;3;1; ; ; ; ; ; ; ; ; ; ; ; ;12;345,833807639698
3369483;1;4;1; ; ; ; ; ; ; ; ; ; ; ; ;12;345,833807639698
3369483;1;5;1; ; ; ; ; ; ; ; ; ; ; ; ;12;345,833807639698
3369484;1;1;2;2;11; ;2; ; ;1;2; ; ;1; ;12;345,267432911721
3369484;1;2;1; ; ; ; ; ; ; ; ; ; ; ; ;12;345,267432911721
3369484;1;3;1; ; ; ; ; ; ; ; ; ; ; ; ;12;345,267432911721
3369484;1;4;1; ; ; ; ; ; ; ; ; ; ; ; ;12;345,267432911721
3369486;1;1;1; ; ; ; ; ; ; ; ; ; ; ; ;12;505,594661311174
3369486;1;2;1; ; ; ; ; ; ; ; ; ; ; ; ;12;505,594661311174
3369486;1;3;1; ; ; ; ; ; ; ; ; ; ; ; ;12;505,594661311174
3369486;1;4;1; ; ; ; ; ; ; ; ; ; ; ; ;12;505,594661311174
3369487;1;1;1; ; ; ; ; ; ; ; ; ; ; ; ;12;490,903201025118
3369487;1;2;1; ; ; ; ; ; ; ; ; ; ; ; ;12;490,903201025118
3369487;1;3;1; ; ; ; ; ; ; ; ; ; ; ; ;12;490,903201025118
3369487;1;4;1; ; ; ; ; ; ; ; ; ; ; ; ;12;490,903201025118
3369489;1;1;1; ; ; ; ; ; ; ; ; ; ; ; ;12;385,756701538146
3369489;1;2;1; ; ; ; ; ; ; ; ; ; ; ; ;12;385,756701538146
3369489;1;3;1; ; ; ; ; ; ; ; ; ; ; ; ;12;385,756701538146
3369489;1;4;1; ; ; ; ; ; ; ; ; ; ; ; ;12;385,756701538146
3369490;1;1;2;2;05; ;2; ; ;1;2; ; ;1; ;12;292,402306577553
3369490;1;2;1; ; ; ; ; ; ; ; ; ; ; ; ;12;292,402306577553
3369491;1;1;2;2;11; ;2; ; ;1;2; ; ;1; ;12;296,69651946166
3369491;1;2;1; ; ; ; ; ; ; ; ; ; ; ; ;12;296,69651946166
3369491;1;3;1; ; ; ; ; ; ; ; ; ; ; ; ;12;296,69651946166
3369491;1;4;2;2;73; ;3;11; ;1;2; ; ;1; ;12;296,69651946166
3369491;1;5;2;2;11; ;2; ; ;1;2; ; ;1; ;12;296,69651946166
3369491;1;6;1; ; ; ; ; ; ; ; ; ; ; ; ;12;296,69651946166
3369491;1;7;1; ; ; ; ; ; ; ; ; ; ; ; ;12;296,69651946166
3369491;1;8;1; ; ; ; ; ; ; ; ; ; ; ; ;12;296,69651946166
3369493;1;1;2;2;11; ;2; ; ;1;2; ; ;1; ;12;455,93361539825
3369493;1;2;2;2;08; ;3;08; ;1;2; ; ;1; ;12;455,93361539825
3369496;1;1;1; ; ; ; ; ; ; ; ; ; ; ; ;12;381,098450443967
3369496;1;2;1; ; ; ; ; ; ; ; ; ; ; ; ;12;381,098450443967
3369496;1;3;1; ; ; ; ; ; ; ; ; ; ; ; ;12;381,098450443967
3369497;1;1;1; ; ; ; ; ; ; ; ; ; ; ; ;12;356,188438048556
3369497;1;2;1; ; ; ; ; ; ; ; ; ; ; ; ;12;356,188438048556
3369497;1;3;1; ; ; ; ; ; ; ; ; ; ; ; ;12;356,188438048556
3369498;1;1;1; ; ; ; ; ; ; ; ; ; ; ; ;12;351,015446145306
3369498;1;2;1; ; ; ; ; ; ; ; ; ; ; ; ;12;351,015446145306
3369498;1;3;1; ; ; ; ; ; ; ; ; ; ; ; ;12;351,015446145306
3369498;1;4;1; ; ; ; ; ; ; ; ; ; ; ; ;12;351,015446145306
3369498;1;5;1; ; ; ; ; ; ; ; ; ; ; ; ;12;351,015446145306
3369499;1;1;2;2;15; ;2; ; ;1;2; ; ;1; ;12;186,918426216965
3369499;1;2;2;1; ; ;2; ; ;1;2; ; ;1; ;12;186,918426216965
3369499;1;3;1; ; ; ; ; ; ; ; ; ; ; ; ;12;186,918426216965
3369499;1;4;1; ; ; ; ; ; ; ; ; ; ; ; ;12;186,918426216965
3369500;1;1;2;2;41; ;2; ; ;1;2; ; ;1; ;12;175,64340426385
3369500;1;2;1; ; ; ; ; ; ; ; ; ; ; ; ;12;175,64340426385
3369500;1;3;1; ; ; ; ; ; ; ; ; ; ; ; ;12;175,64340426385
3369500;1;4;1; ; ; ; ; ; ; ; ; ; ; ; ;12;175,64340426385
3369501;1;1;1; ; ; ; ; ; ; ; ; ; ; ; ;12;92,9524976000955
3369501;1;2;2;2;73; ;2; ; ;1;2; ; ;1; ;12;92,9524976000955
3369501;1;3;1; ; ; ; ; ; ; ; ; ; ; ; ;12;92,9524976000955
3369501;1;4;1; ; ; ; ; ; ; ; ; ; ; ; ;12;92,9524976000955
3369501;1;5;2;2;41; ;2; ; ;1;2; ; ;1; ;12;92,9524976000955
3369502;1;1;2;2;41; ;2; ; ;1;2; ; ;1; ;12;105,143902992926
3369502;1;2;1; ; ; ; ; ; ; ; ; ; ; ; ;12;105,143902992926
3369503;1;1;1; ; ; ; ; ; ; ; ; ; ; ; ;12;155,152437663519
3369503;1;2;2;2;41; ;2; ; ;1;2; ; ;1; ;12;155,152437663519
3369504;1;1;1; ; ; ; ; ; ; ; ; ; ; ; ;12;185,251092993936
3369504;1;2;2;2;41; ;2; ; ;1;2; ; ;1; ;12;185,251092993936
3369504;1;3;1; ; ; ; ; ; ; ; ; ; ; ; ;12;185,251092993936
3369504;1;4;1; ; ; ; ; ; ; ; ; ; ; ; ;12;185,251092993936
3369505;1;1;2;2;41; ;2; ; ;1;2; ; ;1; ;12;124,068547343781
3369505;1;2;2;2;41; ;2; ; ;1;2; ; ;1; ;12;124,068547343781
3369505;1;3;1; ; ; ; ; ; ; ; ; ; ; ; ;12;124,068547343781
3369506;1;1;1; ; ; ; ; ; ; ; ; ; ; ; ;12;227,451396810575
3369506;1;2;2;2;41; ;2; ; ;1;2; ; ;1; ;12;227,451396810575
3369506;1;3;1; ; ; ; ; ; ; ; ; ; ; ; ;12;227,451396810575
3369506;1;4;1; ; ; ; ; ; ; ; ; ; ; ; ;12;227,451396810575
3369507;1;1;2;2;25; ;2; ; ;1;2; ; ;1; ;12;79,9781893909963
3369507;1;2;2;2;41; ;2; ; ;1;2; ; ;1; ;12;79,9781893909963
3369507;1;3;1; ; ; ; ; ; ; ; ; ; ; ; ;12;79,9781893909963
3369511;1;1;2;2;41; ;2; ; ;1;2; ; ;1; ;12;124,155609095988
3369511;1;2;1; ; ; ; ; ; ; ; ; ; ; ; ;12;124,155609095988
3369511;1;3;1; ; ; ; ; ; ; ; ; ; ; ; ;12;124,155609095988
3369512;1;1;2;2;41; ;3;76; ;1;2; ; ;1; ;12;156,44353002444
3369512;1;2;2;2;73; ;3;41; ;1;3;41; ;1; ;12;156,44353002444
3369512;1;3;2;2;41; ;3;76; ;1;3;11; ;1; ;12;156,44353002444
3369512;1;4;2;2;17; ;3;11; ;1;3;19; ;2;4;12;156,44353002444
3369512;1;5;2;2;41; ;3;76; ;1;2; ; ;1; ;12;156,44353002444
3369512;1;6;2;2;41; ;3;76; ;1;3;11; ;1; ;12;156,44353002444
3369512;1;7;2;2;41; ;3;76; ;1;3;11; ;1; ;12;156,44353002444
3369512;1;8;1; ; ; ; ; ; ; ; ; ; ; ; ;12;156,44353002444
3369513;1;1;2;2;76; ;2; ; ;1;2; ; ;1; ;12;254,91258272934
3369513;1;2;2;2;73; ;2; ; ;1;2; ; ;1; ;12;254,91258272934
3369513;1;3;2;1; ; ;3;76; ;1;2; ; ;1; ;12;254,91258272934
3369515;1;1;2;2;41; ;2; ; ;1;2; ; ;1; ;12;133,864308799629
3369515;1;2;1; ; ; ; ; ; ; ; ; ; ; ; ;12;133,864308799629
3369516;1;1;2;2;41; ;2; ; ;1;2; ; ;1; ;12;164,691274843999
3369516;1;2;1; ; ; ; ; ; ; ; ; ; ; ; ;12;164,691274843999
3369517;1;1;2;2;41; ;2; ; ;1;2; ; ;1; ;12;114,939664448773
3369518;1;1;2;2;41; ;2; ; ;1;2; ; ;1; ;12;164,793839816969
3369518;1;2;1; ; ; ; ; ; ; ; ; ; ; ; ;12;164,793839816969
3369518;1;3;1; ; ; ; ; ; ; ; ; ; ; ; ;12;164,793839816969
3369518;1;4;1; ; ; ; ; ; ; ; ; ; ; ; ;12;164,793839816969
3369518;1;5;1; ; ; ; ; ; ; ; ; ; ; ; ;12;164,793839816969
3369518;1;6;1; ; ; ; ; ; ; ; ; ; ; ; ;12;164,793839816969
3369519;1;1;2;1; ; ;2; ; ;1;2; ; ;1; ;12;166,972138299024
3369519;1;2;2;1; ; ;2; ; ;1;2; ; ;1; ;12;166,972138299024
3369519;1;3;2;2;41; ;2; ; ;1;2; ; ;1; ;12;166,972138299024
3369520;1;1;2;2;54; ;2; ; ;1;2; ; ;1; ;12;77,7811959744953
3369520;1;2;1; ; ; ; ; ; ; ; ; ; ; ; ;12;77,7811959744953
3369520;1;3;2;2;41; ;2; ; ;1;2; ; ;1; ;12;77,7811959744953
3369520;1;4;2;2;68; ;2; ; ;1;2; ; ;1; ;12;77,7811959744953
3369521;1;1;1; ; ; ; ; ; ; ; ; ; ; ; ;12;190,285045695978
3369521;1;2;1; ; ; ; ; ; ; ; ; ; ; ; ;12;190,285045695978
3369521;1;3;1; ; ; ; ; ; ; ; ; ; ; ; ;12;190,285045695978
3369521;2;1;1; ; ; ; ; ; ; ; ; ; ; ; ;12;190,285045695978
3369521;2;2;1; ; ; ; ; ; ; ; ; ; ; ; ;12;190,285045695978
3369521;2;3;1; ; ; ; ; ; ; ; ; ; ; ; ;12;190,285045695978
3369522;1;1;1; ; ; ; ; ; ; ; ; ; ; ; ;12;103,223139597297
3369522;1;2;1; ; ; ; ; ; ; ; ; ; ; ; ;12;103,223139597297
3369522;1;3;1; ; ; ; ; ; ; ; ; ; ; ; ;12;103,223139597297
3369522;1;4;2;1; ; ;2; ; ;1;3;20; ;1; ;12;103,223139597297
3369522;1;5;1; ; ; ; ; ; ; ; ; ; ; ; ;12;103,223139597297
3369522;1;6;1; ; ; ; ; ; ; ; ; ; ; ; ;12;103,223139597297
3369522;1;7;1; ; ; ; ; ; ; ; ; ; ; ; ;12;103,223139597297
3369522;1;8;1; ; ; ; ; ; ; ; ; ; ; ; ;12;103,223139597297
3369522;1;9;1; ; ; ; ; ; ; ; ; ; ; ; ;12;103,223139597297
3369522;1;10;1; ; ; ; ; ; ; ; ; ; ; ; ;12;103,223139597297
3369522;1;11;1; ; ; ; ; ; ; ; ; ; ; ; ;12;103,223139597297
3369523;1;1;2;2;41; ;2; ; ;1;2; ; ;1; ;12;114,939664448773
3369524;1;1;1; ; ; ; ; ; ; ; ; ; ; ; ;12;174,487036299847
3369525;1;1;1; ; ; ; ; ; ; ; ; ; ; ; ;12;165,304805075995
3369525;1;2;1; ; ; ; ; ; ; ; ; ; ; ; ;12;165,304805075995
3369525;1;3;1; ; ; ; ; ; ; ; ; ; ; ; ;12;165,304805075995
3369526;1;1;1; ; ; ; ; ; ; ; ; ; ; ; ;12;100,947961826404
3369526;1;2;1; ; ; ; ; ; ; ; ; ; ; ; ;12;100,947961826404
3369526;1;3;1; ; ; ; ; ; ; ; ; ; ; ; ;12;100,947961826404
3369528;1;1;1; ; ; ; ; ; ; ; ; ; ; ; ;12;105,143902992926
3369528;1;2;2;2;41; ;2; ; ;1;2; ; ;1; ;12;105,143902992926
3369529;1;1;1; ; ; ; ; ; ; ; ; ; ; ; ;12;160,596344651033
3369529;1;2;1; ; ; ; ; ; ; ; ; ; ; ; ;12;160,596344651033
3369530;1;1;1; ; ; ; ; ; ; ; ; ; ; ; ;12;207,18491151377
3369530;1;2;1; ; ; ; ; ; ; ; ; ; ; ; ;12;207,18491151377
3369530;1;3;1; ; ; ; ; ; ; ; ; ; ; ; ;12;207,18491151377
3369530;1;4;1; ; ; ; ; ; ; ; ; ; ; ; ;12;207,18491151377
3369531;1;1;1; ; ; ; ; ; ; ; ; ; ; ; ;12;189,534095912664
3369531;1;2;1; ; ; ; ; ; ; ; ; ; ; ; ;12;189,534095912664
3369531;1;3;1; ; ; ; ; ; ; ; ; ; ; ; ;12;189,534095912664
3369532;1;1;2;2;41; ;2; ; ;1;2; ; ;1; ;12;140,24010244762
3369532;1;2;1; ; ; ; ; ; ; ; ; ; ; ; ;12;140,24010244762
3369532;1;3;1; ; ; ; ; ; ; ; ; ; ; ; ;12;140,24010244762
3369533;1;1;1; ; ; ; ; ; ; ; ; ; ; ; ;12;139,951018748304
3369533;1;2;1; ; ; ; ; ; ; ; ; ; ; ; ;12;139,951018748304
3369533;1;3;1; ; ; ; ; ; ; ; ; ; ; ; ;12;139,951018748304
3369533;1;4;1; ; ; ; ; ; ; ; ; ; ; ; ;12;139,951018748304
3369533;1;5;1; ; ; ; ; ; ; ; ; ; ; ; ;12;139,951018748304
3369534;1;1;1; ; ; ; ; ; ; ; ; ; ; ; ;12;195,365210878266
3369534;1;2;1; ; ; ; ; ; ; ; ; ; ; ; ;12;195,365210878266
3369534;1;3;1; ; ; ; ; ; ; ; ; ; ; ; ;12;195,365210878266
3369535;1;1;2;2;41; ;2; ; ;1;2; ; ;1; ;12;155,152437663519
3369535;1;2;2;2;18; ;2; ; ;1;2; ; ;1; ;12;155,152437663519
3369536;1;1;2;2;41; ;2; ; ;1;2; ; ;1; ;12;108,510522471938
3369536;1;2;2;2;41; ;2; ; ;1;2; ; ;1; ;12;108,510522471938
3369536;1;3;1; ; ; ; ; ; ; ; ; ; ; ; ;12;108,510522471938
3369536;1;4;2;2;41; ;2; ; ;1;2; ; ;1; ;12;108,510522471938
3369537;1;1;2;2;41; ;2; ; ;1;2; ; ;1; ;12;105,143902992926
3369537;1;2;1; ; ; ; ; ; ; ; ; ; ; ; ;12;105,143902992926
3369538;1;1;1; ; ; ; ; ; ; ; ; ; ; ; ;12;214,699809514593
3369538;1;2;2;2;11; ;2; ; ;1;2; ; ;1; ;12;214,699809514593
3369539;1;1;1; ; ; ; ; ; ; ; ; ; ; ; ;12;175,64340426385
3369539;1;2;1; ; ; ; ; ; ; ; ; ; ; ; ;12;175,64340426385
3369539;1;3;1; ; ; ; ; ; ; ; ; ; ; ; ;12;175,64340426385
3369539;1;4;1; ; ; ; ; ; ; ; ; ; ; ; ;12;175,64340426385
3369544;1;1;1; ; ; ; ; ; ; ; ; ; ; ; ;12;164,416044955446
3369544;1;2;1; ; ; ; ; ; ; ; ; ; ; ; ;12;164,416044955446
3369544;1;3;1; ; ; ; ; ; ; ; ; ; ; ; ;12;164,416044955446
3369544;1;4;1; ; ; ; ; ; ; ; ; ; ; ; ;12;164,416044955446
3369544;1;5;1; ; ; ; ; ; ; ; ; ; ; ; ;12;164,416044955446
3369544;1;6;2;1; ; ;2; ; ;1;2; ; ;1; ;12;164,416044955446
3369544;1;7;1; ; ; ; ; ; ; ; ; ; ; ; ;12;164,416044955446
3369545;1;1;1; ; ; ; ; ; ; ; ; ; ; ; ;12;221,075603162584
3369545;1;2;1; ; ; ; ; ; ; ; ; ; ; ; ;12;221,075603162584
3369545;1;3;1; ; ; ; ; ; ; ; ; ; ; ; ;12;221,075603162584
3369546;1;1;2;1; ; ;3;18; ;1;3;85; ;1; ;12;104,314581305417
3369546;1;2;1; ; ; ; ; ; ; ; ; ; ; ; ;12;104,314581305417
3369546;1;3;2;1; ; ;3;18; ;1;3;85; ;1; ;12;104,314581305417
3369546;1;4;1; ; ; ; ; ; ; ; ; ; ; ; ;12;104,314581305417
3369546;1;5;1; ; ; ; ; ; ; ; ; ; ; ; ;12;104,314581305417
3369547;1;1;2;2;73; ;2; ; ;1;2; ; ;1; ;12;132,814961353405
3369547;1;2;2;2;73; ;2; ; ;1;2; ; ;1; ;12;132,814961353405
3369547;1;3;2;2;73; ;2; ; ;1;2; ; ;1; ;12;132,814961353405
3369547;1;4;2;2;41; ;2; ; ;1;2; ; ;1; ;12;132,814961353405
3369548;1;1;2;1; ; ;2; ; ;1;2; ; ;1; ;12;200,809117865779
3369548;1;2;2;2;25; ;2; ; ;1;2; ; ;1; ;12;200,809117865779
3369548;1;3;1; ; ; ; ; ; ; ; ; ; ; ; ;12;200,809117865779
3369549;1;1;1; ; ; ; ; ; ; ; ; ; ; ; ;12;199,14178464275
3369549;1;2;2;1; ; ;2; ; ;1;2; ; ;1; ;12;199,14178464275
3369549;1;3;1; ; ; ; ; ; ; ; ; ; ; ; ;12;199,14178464275
3369550;1;1;2;1; ; ;2; ; ;1;2; ; ;1; ;12;160,085379392007
3369550;1;2;2;2;18; ;2; ; ;1;2; ; ;1; ;12;160,085379392007
3369550;1;3;1; ; ; ; ; ; ; ; ; ; ; ; ;12;160,085379392007
3369550;1;4;1; ; ; ; ; ; ; ; ; ; ; ; ;12;160,085379392007
3369550;1;5;1; ; ; ; ; ; ; ; ; ; ; ; ;12;160,085379392007
3369551;1;1;2;2;41; ;2; ; ;1;2; ; ;1; ;12;185,251092993936
3369551;1;2;1; ; ; ; ; ; ; ; ; ; ; ; ;12;185,251092993936
3369551;1;3;1; ; ; ; ; ; ; ; ; ; ; ; ;12;185,251092993936
3369551;1;4;1; ; ; ; ; ; ; ; ; ; ; ; ;12;185,251092993936
3369552;1;1;2;2;41; ;2; ; ;1;2; ; ;1; ;12;179,111034716417
3369552;1;2;1; ; ; ; ; ; ; ; ; ; ; ; ;12;179,111034716417
3369552;2;1;2;2;41; ;2; ; ;1;2; ; ;1; ;12;179,111034716417
3369552;2;2;2;1; ; ;2; ; ;1;2; ; ;1; ;12;179,111034716417
3369552;2;3;1; ; ; ; ; ; ; ; ; ; ; ; ;12;179,111034716417
3369553;1;1;2;2;63; ;2; ; ;1;2; ; ;1; ;12;195,775165163737
3369554;1;1;2;2;11; ;2; ; ;1;2; ; ;1; ;12;112,166225650267
3369554;1;2;2;1; ; ;3;11; ;1;2; ; ;1; ;12;112,166225650267
3369554;1;3;1; ; ; ; ; ; ; ; ; ; ; ; ;12;112,166225650267
3369554;1;4;2;2;86; ;2; ; ;1;2; ; ;1; ;12;112,166225650267
3369555;1;1;2;2;41; ;2; ; ;1;2; ; ;1; ;12;164,691274843999
3369555;1;2;2;2;41; ;2; ; ;1;2; ; ;1; ;12;164,691274843999
3369556;1;1;1; ; ; ; ; ; ; ; ; ; ; ; ;12;142,993191694637
3369556;1;2;2;2;25; ;2; ; ;1;2; ; ;1; ;12;142,993191694637
3369556;1;3;1; ; ; ; ; ; ; ; ; ; ; ; ;12;142,993191694637
3369556;1;4;2;1; ; ;3;91; ;1;3;08; ;1; ;12;142,993191694637
3369557;1;1;2;2;76; ;2; ; ;1;2; ; ;1; ;12;105,143902992926
3369557;1;2;1; ; ; ; ; ; ; ; ; ; ; ; ;12;105,143902992926
3369558;1;1;2;2;41; ;2; ; ;1;2; ; ;1; ;12;193,001726365231
3369558;1;2;1; ; ; ; ; ; ; ; ; ; ; ; ;12;193,001726365231
3369558;1;3;1; ; ; ; ; ; ; ; ; ; ; ; ;12;193,001726365231
3369558;1;4;2;1; ; ;3;05; ;1;2; ; ;1; ;12;193,001726365231
3369559;1;1;2;2;41; ;2; ; ;1;2; ; ;1; ;12;145,766630493143
3369560;1;1;2;1; ; ;2; ; ;1;2; ; ;1; ;12;105,143902992926
3369560;1;2;2;2;41; ;2; ; ;1;2; ; ;1; ;12;105,143902992926
3369561;1;1;1; ; ; ; ; ; ; ; ; ; ; ; ;12;143,370986556161
3369561;1;2;1; ; ; ; ; ; ; ; ; ; ; ; ;12;143,370986556161
3369561;1;3;1; ; ; ; ; ; ; ; ; ; ; ; ;12;143,370986556161
3369562;1;1;2;2;68; ;2; ; ;1;2; ; ;1; ;12;213,560705161761
3369562;1;2;2;2;68; ;2; ; ;1;2; ; ;1; ;12;213,560705161761
3369562;1;3;2;2;11; ;2; ; ;1;2; ; ;1; ;12;213,560705161761
3369562;1;4;2;2;68; ;2; ; ;1;2; ; ;1; ;12;213,560705161761
3369562;1;5;1; ; ; ; ; ; ; ; ; ; ; ; ;12;213,560705161761
3369563;1;1;2;2;41; ;2; ; ;1;2; ; ;1; ;12;136,909891546371
3369563;1;2;2;2;41; ;2; ; ;1;2; ; ;1; ;12;136,909891546371
3369563;1;3;2;2;41; ;2; ; ;1;2; ; ;1; ;12;136,909891546371
3369563;1;4;2;2;41; ;2; ; ;1;2; ; ;1; ;12;136,909891546371
3369564;1;1;2;2;17; ;2; ; ;1;2; ; ;1; ;12;105,143902992926
3369564;1;2;1; ; ; ; ; ; ; ; ; ; ; ; ;12;105,143902992926
3369565;1;1;1; ; ; ; ; ; ; ; ; ; ; ; ;12;105,143902992926
3369565;1;2;2;2;41; ;2; ; ;1;2; ; ;1; ;12;105,143902992926
3369566;1;1;2;2;41; ;2; ; ;1;2; ; ;1; ;12;214,699809514593
3369566;1;2;2;2;11; ;2; ; ;1;2; ; ;1; ;12;214,699809514593
3369570;1;1;2;2;41; ;2; ; ;1;2; ; ;1; ;12;143,370986556161
3369570;1;2;1; ; ; ; ; ; ; ; ; ; ; ; ;12;143,370986556161
3369570;1;3;1; ; ; ; ; ; ; ; ; ; ; ; ;12;143,370986556161
3369571;1;1;2;2;18; ;2; ; ;1;2; ; ;1; ;12;150,800583195185
3369571;1;2;2;2;41; ;2; ; ;1;2; ; ;1; ;12;150,800583195185
3369571;1;3;1; ; ; ; ; ; ; ; ; ; ; ; ;12;150,800583195185
3369572;1;1;2;2;41; ;2; ; ;1;2; ; ;1; ;12;185,251092993936
3369572;1;2;2;2;41; ;2; ; ;1;2; ; ;1; ;12;185,251092993936
3369572;1;3;1; ; ; ; ; ; ; ; ; ; ; ; ;12;185,251092993936
3369572;1;4;2;2;41; ;3;41; ;1;2; ; ;1; ;12;185,251092993936
3369573;1;1;1; ; ; ; ; ; ; ; ; ; ; ; ;12;114,939664448773
3369574;1;1;2;2;41; ;2; ; ;1;2; ; ;1; ;12;160,596344651033
3369574;1;2;1; ; ; ; ; ; ; ; ; ; ; ; ;12;160,596344651033
3369575;1;1;2;1; ; ;2; ; ;1;2; ; ;1; ;12;147,201464190096
3369575;1;2;2;2;18; ;2; ; ;1;2; ; ;1; ;12;147,201464190096
3369576;1;1;1; ; ; ; ; ; ; ; ; ; ; ; ;12;174,487036299847
3369577;1;1;2;2;19; ;3;41; ;1;2; ; ;1; ;12;187,238623595829
3369577;1;2;2;2;41; ;3;41; ;1;2; ; ;1; ;12;187,238623595829
3369577;1;3;1; ; ; ; ; ; ; ; ; ; ; ; ;12;187,238623595829
3369578;1;1;2;2;11; ;2; ; ;1;2; ; ;1; ;12;172,702242291071
3369578;1;2;2;2;73; ;2; ; ;1;2; ; ;1; ;12;172,702242291071
3369578;1;3;1; ; ; ; ; ; ; ; ; ; ; ; ;12;172,702242291071
3369578;2;1;2;2;27; ;3;27; ;1;2; ; ;1; ;12;172,702242291071
3369579;1;1;1; ; ; ; ; ; ; ; ; ; ; ; ;12;114,939664448773
3369580;1;1;2;2;41; ;2; ; ;1;2; ; ;1; ;12;124,155609095988
3369580;1;2;2;1; ; ;3;41; ;1;2; ; ;1; ;12;124,155609095988
3369580;1;3;2;1; ; ;2; ; ;1;2; ; ;1; ;12;124,155609095988
3369582;1;1;2;2;76; ;2; ; ;1;2; ; ;1; ;12;207,18491151377
3369582;1;2;2;2;05; ;2; ; ;1;2; ; ;1; ;12;207,18491151377
3369582;1;3;1; ; ; ; ; ; ; ; ; ; ; ; ;12;207,18491151377
3369582;1;4;1; ; ; ; ; ; ; ; ; ; ; ; ;12;207,18491151377
3369583;1;1;2;2;73; ;2; ; ;1;2; ; ;1; ;12;227,451396810575
3369583;1;2;2;2;73; ;2; ; ;1;2; ; ;1; ;12;227,451396810575
3369583;1;3;1; ; ; ; ; ; ; ; ; ; ; ; ;12;227,451396810575
3369583;1;4;1; ; ; ; ; ; ; ; ; ; ; ; ;12;227,451396810575
3369584;1;1;1; ; ; ; ; ; ; ; ; ; ; ; ;12;112,22298377952
3369584;1;2;1; ; ; ; ; ; ; ; ; ; ; ; ;12;112,22298377952
3369584;1;3;1; ; ; ; ; ; ; ; ; ; ; ; ;12;112,22298377952
3369585;1;1;1; ; ; ; ; ; ; ; ; ; ; ; ;12;175,64340426385
3369585;1;2;1; ; ; ; ; ; ; ; ; ; ; ; ;12;175,64340426385
3369585;1;3;1; ; ; ; ; ; ; ; ; ; ; ; ;12;175,64340426385
3369585;1;4;1; ; ; ; ; ; ; ; ; ; ; ; ;12;175,64340426385
3369588;1;1;2;2;41; ;2; ; ;1;2; ; ;1; ;12;207,18491151377
3369588;1;2;2;2;41; ;2; ; ;1;2; ; ;1; ;12;207,18491151377
3369588;1;3;1; ; ; ; ; ; ; ; ; ; ; ; ;12;207,18491151377
3369588;1;4;1; ; ; ; ; ; ; ; ; ; ; ; ;12;207,18491151377
3369589;1;1;1; ; ; ; ; ; ; ; ; ; ; ; ;12;133,763297826074
3369589;1;2;1; ; ; ; ; ; ; ; ; ; ; ; ;12;133,763297826074
3369589;1;3;1; ; ; ; ; ; ; ; ; ; ; ; ;12;133,763297826074
3369590;1;1;2;2;73; ;2; ; ;1;2; ; ;1; ;12;145,766630493143
3369591;1;1;1; ; ; ; ; ; ; ; ; ; ; ; ;12;195,909889560655
3369591;1;2;2;2;76; ;2; ; ;1;2; ; ;1; ;12;195,909889560655
3369591;1;3;1; ; ; ; ; ; ; ; ; ; ; ; ;12;195,909889560655
3369591;1;4;1; ; ; ; ; ; ; ; ; ; ; ; ;12;195,909889560655
3369592;1;1;2;2;11; ;2; ; ;1;2; ; ;1; ;12;145,03831977919
3369592;1;2;1; ; ; ; ; ; ; ; ; ; ; ; ;12;145,03831977919
3369592;1;3;1; ; ; ; ; ; ; ; ; ; ; ; ;12;145,03831977919
3369593;1;1;2;2;73; ;2; ; ;1;2; ; ;1; ;12;101,048972799959
3369593;1;2;1; ; ; ; ; ; ; ; ; ; ; ; ;12;101,048972799959
3369594;1;1;1; ; ; ; ; ; ; ; ; ; ; ; ;12;265,347734277729
3369594;1;2;2;1; ; ;2; ; ;1;2; ; ;1; ;12;265,347734277729
3369594;1;3;1; ; ; ; ; ; ; ; ; ; ; ; ;12;265,347734277729
3369595;1;1;2;2;41; ;2; ; ;1;2; ; ;1; ;12;160,085379392007
3369595;1;2;2;2;19; ;2; ; ;1;2; ; ;1; ;12;160,085379392007
3369595;1;3;1; ; ; ; ; ; ; ; ; ; ; ; ;12;160,085379392007
3369595;1;4;1; ; ; ; ; ; ; ; ; ; ; ; ;12;160,085379392007
3369595;1;5;1; ; ; ; ; ; ; ; ; ; ; ; ;12;160,085379392007
3369596;1;1;2;2;13; ;2; ; ;1;2; ; ;1; ;12;109,767901409496
3369596;1;2;2;2;08; ;2; ; ;1;2; ; ;1; ;12;109,767901409496
3369596;1;3;1; ; ; ; ; ; ; ; ; ; ; ; ;12;109,767901409496
3369596;1;4;2;2;73; ;2; ; ;1;2; ; ;1; ;12;109,767901409496
3369596;1;5;1; ; ; ; ; ; ; ; ; ; ; ; ;12;109,767901409496
3369596;1;6;2;1; ; ;2; ; ;1;2; ; ;1; ;12;109,767901409496
3369597;1;1;2;2;25; ;2; ; ;1;2; ; ;1; ;12;108,510522471938
3369597;1;2;2;2;73; ;2; ; ;1;2; ; ;1; ;12;108,510522471938
3369597;1;3;2;2;73; ;2; ; ;1;2; ; ;1; ;12;108,510522471938
3369597;1;4;2;1; ; ;2; ; ;1;2; ; ;1; ;12;108,510522471938
3369598;1;1;1; ; ; ; ; ; ; ; ; ; ; ; ;12;295,791778389432
3369598;1;2;1; ; ; ; ; ; ; ; ; ; ; ; ;12;295,791778389432
3369598;1;3;1; ; ; ; ; ; ; ; ; ; ; ; ;12;295,791778389432
3369598;1;4;1; ; ; ; ; ; ; ; ; ; ; ; ;12;295,791778389432
3369599;1;1;1; ; ; ; ; ; ; ; ; ; ; ; ;12;77,7811959744953
3369599;1;2;2;2;73; ;2; ; ;1;2; ; ;1; ;12;77,7811959744953
3369599;1;3;1; ; ; ; ; ; ; ; ; ; ; ; ;12;77,7811959744953
3369599;2;1;2;2;73; ;2; ; ;1;2; ; ;1; ;12;77,7811959744953
3369600;1;1;2;2;08; ;3;08; ;1;3;08; ;1; ;12;185,97940370789
3369600;1;2;2;2;08; ;3;08; ;1;3;08; ;1; ;12;185,97940370789
3369601;1;1;2;2;41; ;2; ; ;1;2; ; ;1; ;12;185,569449422418
3369601;1;2;2;2;41; ;2; ; ;1;2; ; ;1; ;12;185,569449422418
3369601;1;3;1; ; ; ; ; ; ; ; ; ; ; ; ;12;185,569449422418
3369601;1;4;1; ; ; ; ; ; ; ; ; ; ; ; ;12;185,569449422418
3369602;1;1;2;2;41; ;2; ; ;1;2; ; ;1; ;12;171,06706849199
3369602;1;2;2;2;41; ;2; ; ;1;2; ; ;1; ;12;171,06706849199
3369602;1;3;1; ; ; ; ; ; ; ; ; ; ; ; ;12;171,06706849199
3369603;1;1;1; ; ; ; ; ; ; ; ; ; ; ; ;12;185,251092993936
3369603;1;2;2;2;41; ;2; ; ;1;2; ; ;1; ;12;185,251092993936
3369603;1;3;1; ; ; ; ; ; ; ; ; ; ; ; ;12;185,251092993936
3369603;1;4;1; ; ; ; ; ; ; ; ; ; ; ; ;12;185,251092993936
3369604;1;1;1; ; ; ; ; ; ; ; ; ; ; ; ;12;179,738334456817
3369604;1;2;2;2;41; ;2; ; ;1;2; ; ;1; ;12;179,738334456817
3369604;1;3;1; ; ; ; ; ; ; ; ; ; ; ; ;12;179,738334456817
3369604;1;4;1; ; ; ; ; ; ; ; ; ; ; ; ;12;179,738334456817
3369605;1;1;2;2;18; ;2; ; ;1;2; ; ;1; ;12;101,048972799959
3369605;1;2;1; ; ; ; ; ; ; ; ; ; ; ; ;12;101,048972799959
3369609;1;1;2;2;41; ;2; ; ;1;2; ; ;1; ;12;77,7811959744953
3369609;1;2;2;2;41; ;3;41; ;1;2; ; ;1; ;12;77,7811959744953
3369609;1;3;1; ; ; ; ; ; ; ; ; ; ; ; ;12;77,7811959744953
3369610;1;1;1; ; ; ; ; ; ; ; ; ; ; ; ;12;166,972138299024
3369610;1;2;1; ; ; ; ; ; ; ; ; ; ; ; ;12;166,972138299024
3369610;1;3;1; ; ; ; ; ; ; ; ; ; ; ; ;12;166,972138299024
3369611;1;1;2;2;68; ;2; ; ;1;2; ; ;1; ;12;174,487036299847
3369612;1;1;1; ; ; ; ; ; ; ; ; ; ; ; ;12;94,7068925753311
3369612;1;2;1; ; ; ; ; ; ; ; ; ; ; ; ;12;94,7068925753311
3369612;1;3;1; ; ; ; ; ; ; ; ; ; ; ; ;12;94,7068925753311
3369612;1;4;1; ; ; ; ; ; ; ; ; ; ; ; ;12;94,7068925753311
3369612;1;5;1; ; ; ; ; ; ; ; ; ; ; ; ;12;94,7068925753311
3369613;1;1;1; ; ; ; ; ; ; ; ; ; ; ; ;12;175,64340426385
3369613;1;2;1; ; ; ; ; ; ; ; ; ; ; ; ;12;175,64340426385
3369613;1;3;1; ; ; ; ; ; ; ; ; ; ; ; ;12;175,64340426385
3369613;1;4;1; ; ; ; ; ; ; ; ; ; ; ; ;12;175,64340426385
3369614;1;1;2;2;41; ;2; ; ;1;2; ; ;1; ;12;200,809117865779
3369614;1;2;2;1; ; ;2; ; ;1;2; ; ;1; ;12;200,809117865779
3369614;1;3;1; ; ; ; ; ; ; ; ; ; ; ; ;12;200,809117865779
3369615;1;1;2;2;41; ;2; ; ;1;2; ; ;1; ;12;160,596344651033
3369615;1;2;2;2;41; ;2; ; ;1;2; ; ;1; ;12;160,596344651033
3369616;1;1;2;2;41; ;2; ; ;1;2; ; ;1; ;12;155,152437663519
3369616;1;2;1; ; ; ; ; ; ; ; ; ; ; ; ;12;155,152437663519
3369617;1;1;2;2;41; ;2; ; ;1;2; ; ;1; ;12;229,383704682019
3369617;1;2;2;2;41; ;2; ; ;1;2; ; ;1; ;12;229,383704682019
3369617;1;3;1; ; ; ; ; ; ; ; ; ; ; ; ;12;229,383704682019
3369617;1;4;1; ; ; ; ; ; ; ; ; ; ; ; ;12;229,383704682019
3369617;1;5;1; ; ; ; ; ; ; ; ; ; ; ; ;12;229,383704682019
3369617;1;6;1; ; ; ; ; ; ; ; ; ; ; ; ;12;229,383704682019
3369617;1;7;1; ; ; ; ; ; ; ; ; ; ; ; ;12;229,383704682019
3369618;1;1;1; ; ; ; ; ; ; ; ; ; ; ; ;12;217,213412728927
3369618;1;2;1; ; ; ; ; ; ; ; ; ; ; ; ;12;217,213412728927
3369619;1;1;2;2;41; ;2; ; ;1;2; ; ;1; ;12;132,303996094379
3369619;1;2;2;2;41; ;2; ; ;1;2; ; ;1; ;12;132,303996094379
3369619;1;3;2;2;41; ;2; ; ;1;2; ; ;1; ;12;132,303996094379
3369619;1;4;2;2;41; ;2; ; ;1;2; ; ;1; ;12;132,303996094379
3369619;1;5;2;2;41; ;2; ; ;1;2; ; ;1; ;12;132,303996094379
3369619;1;6;2;2;41; ;2; ; ;1;2; ; ;1; ;12;132,303996094379
3369619;1;7;1; ; ; ; ; ; ; ; ; ; ; ; ;12;132,303996094379
3369620;1;1;2;2;76; ;2; ; ;1;2; ; ;1; ;12;114,939664448773
3369621;1;1;2;1; ; ;3;05; ;1;2; ; ;1; ;12;158,929011428004
3369621;1;2;2;2;68; ;3;05; ;1;2; ; ;1; ;12;158,929011428004
3369622;1;1;1; ; ; ; ; ; ; ; ; ; ; ; ;12;221,075603162584
3369622;1;2;1; ; ; ; ; ; ; ; ; ; ; ; ;12;221,075603162584
3369622;1;3;1; ; ; ; ; ; ; ; ; ; ; ; ;12;221,075603162584
3369623;1;1;2;2;41; ;2; ; ;1;2; ; ;1; ;12;174,487036299847
3369624;1;1;2;2;41; ;2; ; ;1;2; ; ;1; ;12;170,657114206519
3369624;1;2;2;2;41; ;2; ; ;1;2; ; ;1; ;12;170,657114206519
3369624;1;3;2;2;41; ;2; ; ;1;2; ; ;1; ;12;170,657114206519
3369624;1;4;2;2;41; ;2; ; ;1;2; ; ;1; ;12;170,657114206519
3369624;1;5;1; ; ; ; ; ; ; ; ; ; ; ; ;12;170,657114206519
3369626;1;1;2;2;41; ;2; ; ;1;2; ; ;1; ;12;83,5328815957702
3369626;1;2;1; ; ; ; ; ; ; ; ; ; ; ; ;12;83,5328815957702
3369626;1;3;1; ; ; ; ; ; ; ; ; ; ; ; ;12;83,5328815957702
3369626;1;4;1; ; ; ; ; ; ; ; ; ; ; ; ;12;83,5328815957702
3369628;1;1;1; ; ; ; ; ; ; ; ; ; ; ; ;12;207,18491151377
3369628;1;2;1; ; ; ; ; ; ; ; ; ; ; ; ;12;207,18491151377
3369628;1;3;1; ; ; ; ; ; ; ; ; ; ; ; ;12;207,18491151377
3369628;1;4;1; ; ; ; ; ; ; ; ; ; ; ; ;12;207,18491151377
3369629;1;1;1; ; ; ; ; ; ; ; ; ; ; ; ;12;189,534095912664
3369629;1;2;2;2;73; ;3;73; ;1;2; ; ;1; ;12;189,534095912664
3369629;1;3;2;2;73; ;1; ; ; ;2; ; ;1; ;12;189,534095912664
3369630;1;1;2;1; ; ;2; ; ;1;2; ; ;1; ;12;153,08144665021
3369630;1;2;2;2;19; ;2; ; ;1;2; ; ;1; ;12;153,08144665021
3369630;1;3;2;2;19; ;2; ; ;1;2; ; ;1; ;12;153,08144665021
3369630;1;4;2;1; ; ;2; ; ;1;2; ; ;1; ;12;153,08144665021
3369631;1;1;1; ; ; ; ; ; ; ; ; ; ; ; ;12;129,798651335829
3369631;1;2;2;2;41; ;2; ; ;1;2; ; ;1; ;12;129,798651335829
3369631;1;3;1; ; ; ; ; ; ; ; ; ; ; ; ;12;129,798651335829
3369631;1;4;1; ; ; ; ; ; ; ; ; ; ; ; ;12;129,798651335829
3369632;1;1;2;2;18; ;2; ; ;1;2; ; ;1; ;12;174,077082014375
3369632;1;2;1; ; ; ; ; ; ; ; ; ; ; ; ;12;174,077082014375
3369632;1;3;2;1; ; ;2; ; ;1;2; ; ;1; ;12;174,077082014375
3369633;1;1;2;2;41; ;3;41; ;2;2; ; ;1; ;12;114,939664448773
3369634;1;1;2;2;99; ;3;50; ;1;2; ; ;1; ;12;85,4909479281158
3369634;1;2;1; ; ; ; ; ; ; ; ; ; ; ; ;12;85,4909479281158
3369634;1;3;2;2;25; ;2; ; ;1;2; ; ;1; ;12;85,4909479281158
3369635;1;1;2;2;41; ;2; ; ;1;2; ; ;1; ;12;119,973617150815
3369635;1;2;2;2;76; ;2; ; ;1;3;11; ;1; ;12;119,973617150815
3369635;1;3;1; ; ; ; ; ; ; ; ; ; ; ; ;12;119,973617150815
3369636;1;1;2;2;41; ;2; ; ;1;2; ; ;1; ;12;133,353343540603
3369636;1;2;2;2;41; ;2; ; ;1;2; ; ;1; ;12;133,353343540603
3369636;1;3;1; ; ; ; ; ; ; ; ; ; ; ; ;12;133,353343540603
3369636;1;4;1; ; ; ; ; ; ; ; ; ; ; ; ;12;133,353343540603
3369636;1;5;2;2;41; ;3;41; ;1;2; ; ;1; ;12;133,353343540603
3369637;1;1;1; ; ; ; ; ; ; ; ; ; ; ; ;12;139,594412791676
3369637;1;2;2;2;41; ;2; ; ;1;2; ; ;1; ;12;139,594412791676
3369637;1;3;1; ; ; ; ; ; ; ; ; ; ; ; ;12;139,594412791676
3369638;1;1;2;2;41; ;2; ; ;1;2; ; ;1; ;12;105,143902992926
3369638;1;2;2;2;41; ;2; ; ;1;2; ; ;1; ;12;105,143902992926
3369639;1;1;2;2;63; ;2; ; ;1;2; ; ;1; ;12;164,281320558528
3369639;1;2;2;2;41; ;2; ; ;1;2; ; ;1; ;12;164,281320558528
3369639;1;3;1; ; ; ; ; ; ; ; ; ; ; ; ;12;164,281320558528
3369639;1;4;1; ; ; ; ; ; ; ; ; ; ; ; ;12;164,281320558528
3369641;1;1;1; ; ; ; ; ; ; ; ; ; ; ; ;12;164,659115420051
3369641;1;2;2;2;86; ;2; ; ;1;2; ; ;1; ;12;164,659115420051
3369641;1;3;2;2;86; ;2; ; ;1;2; ; ;1; ;12;164,659115420051
3369642;1;1;2;2;18; ;2; ; ;1;2; ; ;1; ;12;221,075603162584
3369642;1;2;2;2;18; ;2; ; ;1;2; ; ;1; ;12;221,075603162584
3369642;1;3;1; ; ; ; ; ; ; ; ; ; ; ; ;12;221,075603162584
3369643;1;1;2;2;70; ;2; ; ;1;2; ; ;1; ;12;195,909889560655
3369643;1;2;1; ; ; ; ; ; ; ; ; ; ; ; ;12;195,909889560655
3369643;1;3;1; ; ; ; ; ; ; ; ; ; ; ; ;12;195,909889560655
3369643;1;4;1; ; ; ; ; ; ; ; ; ; ; ; ;12;195,909889560655
3369644;1;1;1; ; ; ; ; ; ; ; ; ; ; ; ;12;114,838653475218
3369644;1;2;1; ; ; ; ; ; ; ; ; ; ; ; ;12;114,838653475218
3369645;1;1;2;2;05; ;2; ; ;1;2; ; ;1; ;12;158,929011428004
3369645;1;2;2;2;05; ;2; ; ;1;2; ; ;1; ;12;158,929011428004
3369646;1;1;2;2;41; ;3;41; ;1;2; ; ;1; ;12;193,294219864956
3369646;1;2;2;2;73; ;2; ; ;1;2; ; ;1; ;12;193,294219864956
3369646;1;3;2;2;11; ;2; ; ;1;2; ; ;1; ;12;193,294219864956
3369646;1;4;2;2;73; ;2; ; ;1;2; ; ;1; ;12;193,294219864956
3369646;1;5;2;2;41; ;2; ; ;1;2; ; ;1; ;12;193,294219864956
3369648;1;1;1; ; ; ; ; ; ; ; ; ; ; ; ;12;513,16759464358
3369648;1;2;1; ; ; ; ; ; ; ; ; ; ; ; ;12;513,16759464358
3369648;1;3;1; ; ; ; ; ; ; ; ; ; ; ; ;12;513,16759464358
3369648;1;4;1; ; ; ; ; ; ; ; ; ; ; ; ;12;513,16759464358
3369650;1;1;1; ; ; ; ; ; ; ; ; ; ; ; ;12;425,881561631042
3369650;1;2;1; ; ; ; ; ; ; ; ; ; ; ; ;12;425,881561631042
3369650;1;3;1; ; ; ; ; ; ; ; ; ; ; ; ;12;425,881561631042
3369651;1;1;2;2;27; ;2; ; ;1;2; ; ;1; ;12;545,38147691012
3369651;1;2;2;2;13; ;2; ; ;1;2; ; ;1; ;12;545,38147691012
3369651;1;3;2;2;13; ;2; ; ;1;2; ; ;1; ;12;545,38147691012
3369651;1;4;1; ; ; ; ; ; ; ; ; ; ; ; ;12;545,38147691012
3369651;1;5;1; ; ; ; ; ; ; ; ; ; ; ; ;12;545,38147691012
3369652;1;1;2;2;13; ;2; ; ;1;2; ; ;1; ;12;357,700953856211
3369652;1;2;1; ; ; ; ; ; ; ; ; ; ; ; ;12;357,700953856211
3369652;1;3;2;2;70; ;2; ; ;1;2; ; ;1; ;12;357,700953856211
3369652;1;4;1; ; ; ; ; ; ; ; ; ; ; ; ;12;357,700953856211
3369652;1;5;1; ; ; ; ; ; ; ; ; ; ; ; ;12;357,700953856211
3369652;1;6;1; ; ; ; ; ; ; ; ; ; ; ; ;12;357,700953856211
3369652;2;1;1; ; ; ; ; ; ; ; ; ; ; ; ;12;357,700953856211
3369652;2;2;1; ; ; ; ; ; ; ; ; ; ; ; ;12;357,700953856211
3369652;2;3;1; ; ; ; ; ; ; ; ; ; ; ; ;12;357,700953856211
3369652;2;4;1; ; ; ; ; ; ; ; ; ; ; ; ;12;357,700953856211
3369652;2;5;1; ; ; ; ; ; ; ; ; ; ; ; ;12;357,700953856211
3369653;1;1;1; ; ; ; ; ; ; ; ; ; ; ; ;12;425,129843985585
3369654;1;1;2;2;47; ;2; ; ;1;2; ; ;1; ;12;377,929444255589
3369654;1;2;1; ; ; ; ; ; ; ; ; ; ; ; ;12;377,929444255589
3369654;1;3;1; ; ; ; ; ; ; ; ; ; ; ; ;12;377,929444255589
3369654;1;4;1; ; ; ; ; ; ; ; ; ; ; ; ;12;377,929444255589
3369655;1;1;1; ; ; ; ; ; ; ; ; ; ; ; ;12;754,81211368832
3369655;1;2;2;2;13; ;2; ; ;1;2; ; ;1; ;12;754,81211368832
3369655;1;3;1; ; ; ; ; ; ; ; ; ; ; ; ;12;754,81211368832
3369655;1;4;1; ; ; ; ; ; ; ; ; ; ; ; ;12;754,81211368832
3369655;1;5;1; ; ; ; ; ; ; ; ; ; ; ; ;12;754,81211368832
3369656;1;1;1; ; ; ; ; ; ; ; ; ; ; ; ;12;821,333427867115
3369656;1;2;2;2;13; ;2; ; ;1;2; ; ;1; ;12;821,333427867115
3369656;1;3;1; ; ; ; ; ; ; ; ; ; ; ; ;12;821,333427867115
3369656;1;4;1; ; ; ; ; ; ; ; ; ; ; ; ;12;821,333427867115
3369657;1;1;2;2;11; ;2; ; ;1;2; ; ;1; ;12;819,829992576202
3369657;1;2;2;2;88; ;2; ; ;1;2; ; ;1; ;12;819,829992576202
3369658;1;1;1; ; ; ; ; ; ; ; ; ; ; ; ;12;740,713021846365
3369658;1;2;2;1; ; ;2; ; ;1;2; ; ;1; ;12;740,713021846365
3369658;1;3;1; ; ; ; ; ; ; ; ; ; ; ; ;12;740,713021846365
3369658;1;4;1; ; ; ; ; ; ; ; ; ; ; ; ;12;740,713021846365
3369659;1;1;1; ; ; ; ; ; ; ; ; ; ; ; ;12;725,429193116209
3369659;1;2;1; ; ; ; ; ; ; ; ; ; ; ; ;12;725,429193116209
3369659;1;3;1; ; ; ; ; ; ; ; ; ; ; ; ;12;725,429193116209
3369659;1;4;1; ; ; ; ; ; ; ; ; ; ; ; ;12;725,429193116209
3369659;1;5;1; ; ; ; ; ; ; ; ; ; ; ; ;12;725,429193116209
3369662;1;1;1; ; ; ; ; ; ; ; ; ; ; ; ;12;197,780790247997
3369662;1;2;1; ; ; ; ; ; ; ; ; ; ; ; ;12;197,780790247997
3369662;1;3;1; ; ; ; ; ; ; ; ; ; ; ; ;12;197,780790247997
3369662;1;4;1; ; ; ; ; ; ; ; ; ; ; ; ;12;197,780790247997
3369662;1;5;1; ; ; ; ; ; ; ; ; ; ; ; ;12;197,780790247997
3369662;1;6;1; ; ; ; ; ; ; ; ; ; ; ; ;12;197,780790247997
3369662;1;7;1; ; ; ; ; ; ; ; ; ; ; ; ;12;197,780790247997
3369664;1;1;1; ; ; ; ; ; ; ; ; ; ; ; ;12;425,358174219613
3369664;1;2;1; ; ; ; ; ; ; ; ; ; ; ; ;12;425,358174219613
3369664;1;3;1; ; ; ; ; ; ; ; ; ; ; ; ;12;425,358174219613
3369664;1;4;1; ; ; ; ; ; ; ; ; ; ; ; ;12;425,358174219613
3369666;1;1;1; ; ; ; ; ; ; ; ; ; ; ; ;12;197,780790247997
3369666;1;2;1; ; ; ; ; ; ; ; ; ; ; ; ;12;197,780790247997
3369666;1;3;1; ; ; ; ; ; ; ; ; ; ; ; ;12;197,780790247997
3369666;1;4;1; ; ; ; ; ; ; ; ; ; ; ; ;12;197,780790247997
3369666;1;5;1; ; ; ; ; ; ; ; ; ; ; ; ;12;197,780790247997
3369666;1;6;2;1; ; ;2; ; ;1;4; ;3; ;4;12;197,780790247997
3369666;1;7;2;1; ; ;4; ;3; ;4; ;3; ;4;12;197,780790247997
3369666;1;8;2;3; ;3;4; ;3; ;4; ;3; ;4;12;197,780790247997
3369666;1;9;2;3; ;3;1; ; ; ;1; ; ; ; ;12;197,780790247997
3369667;1;1;1; ; ; ; ; ; ; ; ; ; ; ; ;12;425,358174219613
3369667;1;2;1; ; ; ; ; ; ; ; ; ; ; ; ;12;425,358174219613
3369667;1;3;1; ; ; ; ; ; ; ; ; ; ; ; ;12;425,358174219613
3369667;1;4;1; ; ; ; ; ; ; ; ; ; ; ; ;12;425,358174219613
3369668;1;1;2;2;13; ;2; ; ;1;2; ; ;1; ;12;355,665050637127
3369668;1;2;1; ; ; ; ; ; ; ; ; ; ; ; ;12;355,665050637127
3369668;1;3;1; ; ; ; ; ; ; ; ; ; ; ; ;12;355,665050637127
3369668;1;4;1; ; ; ; ; ; ; ; ; ; ; ; ;12;355,665050637127
3369669;1;1;2;2;13; ;2; ; ;1;2; ; ;1; ;12;371,40328574604
3369669;1;2;2;2;13; ;2; ; ;1;2; ; ;1; ;12;371,40328574604
3369670;1;1;1; ; ; ; ; ; ; ; ; ; ; ; ;12;1040,94292902942
3369670;1;2;1; ; ; ; ; ; ; ; ; ; ; ; ;12;1040,94292902942
3369670;1;3;1; ; ; ; ; ; ; ; ; ; ; ; ;12;1040,94292902942
3369670;1;4;1; ; ; ; ; ; ; ; ; ; ; ; ;12;1040,94292902942
3369670;1;5;2;2;13; ;2; ; ;1;2; ; ;1; ;12;1040,94292902942
3369671;1;1;1; ; ; ; ; ; ; ; ; ; ; ; ;12;850,25968797117
3369672;1;1;1; ; ; ; ; ; ; ; ; ; ; ; ;12;690,482878391195
3369672;1;2;1; ; ; ; ; ; ; ; ; ; ; ; ;12;690,482878391195
3369672;1;3;1; ; ; ; ; ; ; ; ; ; ; ; ;12;690,482878391195
3369672;1;4;1; ; ; ; ; ; ; ; ; ; ; ; ;12;690,482878391195
3369672;2;1;1; ; ; ; ; ; ; ; ; ; ; ; ;12;690,482878391195
3369672;2;2;1; ; ; ; ; ; ; ; ; ; ; ; ;12;690,482878391195
3369672;2;3;1; ; ; ; ; ; ; ; ; ; ; ; ;12;690,482878391195
3369674;1;1;2;2;23; ;2; ; ;1;2; ; ;1; ;12;849,531611551025
3369674;1;2;2;2;70; ;2; ; ;1;2; ; ;1; ;12;849,531611551025
3369674;1;3;1; ; ; ; ; ; ; ; ; ; ; ; ;12;849,531611551025
3369674;1;4;1; ; ; ; ; ; ; ; ; ; ; ; ;12;849,531611551025
3369674;1;5;1; ; ; ; ; ; ; ; ; ; ; ; ;12;849,531611551025
3369674;1;6;1; ; ; ; ; ; ; ; ; ; ; ; ;12;849,531611551025
3369675;1;1;2;2;05; ;2; ; ;1;2; ; ;1; ;12;850,716348439226
3369675;1;2;2;2;05; ;2; ; ;1;2; ; ;1; ;12;850,716348439226
3369675;1;3;2;2;05; ;2; ; ;1;2; ; ;1; ;12;850,716348439226
3369675;1;4;2;2;05; ;2; ; ;1;2; ; ;1; ;12;850,716348439226
3369676;1;1;1; ; ; ; ; ; ; ; ; ; ; ; ;12;306,75572236966
3369676;1;2;1; ; ; ; ; ; ; ; ; ; ; ; ;12;306,75572236966
3369676;1;3;1; ; ; ; ; ; ; ; ; ; ; ; ;12;306,75572236966
3369676;1;4;1; ; ; ; ; ; ; ; ; ; ; ; ;12;306,75572236966
3369677;1;1;1; ; ; ; ; ; ; ; ; ; ; ; ;12;520,471464514709
3369677;1;2;1; ; ; ; ; ; ; ; ; ; ; ; ;12;520,471464514709
3369677;1;3;1; ; ; ; ; ; ; ; ; ; ; ; ;12;520,471464514709
3369677;1;4;1; ; ; ; ; ; ; ; ; ; ; ; ;12;520,471464514709
3369677;1;5;1; ; ; ; ; ; ; ; ; ; ; ; ;12;520,471464514709
3369678;1;1;1; ; ; ; ; ; ; ; ; ; ; ; ;12;395,451866236074
3369678;1;2;1; ; ; ; ; ; ; ; ; ; ; ; ;12;395,451866236074
3369678;1;3;1; ; ; ; ; ; ; ; ; ; ; ; ;12;395,451866236074
3369678;1;4;1; ; ; ; ; ; ; ; ; ; ; ; ;12;395,451866236074
3369678;1;5;1; ; ; ; ; ; ; ; ; ; ; ; ;12;395,451866236074
3369679;1;1;1; ; ; ; ; ; ; ; ; ; ; ; ;12;392,028536097544
3369679;1;2;1; ; ; ; ; ; ; ; ; ; ; ; ;12;392,028536097544
3369679;1;3;1; ; ; ; ; ; ; ; ; ; ; ; ;12;392,028536097544
3369679;1;4;1; ; ; ; ; ; ; ; ; ; ; ; ;12;392,028536097544
3369679;1;5;1; ; ; ; ; ; ; ; ; ; ; ; ;12;392,028536097544
3369679;1;6;1; ; ; ; ; ; ; ; ; ; ; ; ;12;392,028536097544
3369680;1;1;2;2;70; ;2; ; ;1;2; ; ;1; ;12;384,455602765138
3369680;1;2;1; ; ; ; ; ; ; ; ; ; ; ; ;12;384,455602765138
3369680;1;3;1; ; ; ; ; ; ; ; ; ; ; ; ;12;384,455602765138
3369680;1;4;1; ; ; ; ; ; ; ; ; ; ; ; ;12;384,455602765138
3369680;1;5;1; ; ; ; ; ; ; ; ; ; ; ; ;12;384,455602765138
3369680;1;6;1; ; ; ; ; ; ; ; ; ; ; ; ;12;384,455602765138
3369681;1;1;1; ; ; ; ; ; ; ; ; ; ; ; ;12;375,697128306689
3369681;1;2;1; ; ; ; ; ; ; ; ; ; ; ; ;12;375,697128306689
3369682;1;1;1; ; ; ; ; ; ; ; ; ; ; ; ;12;481,816128573816
3369682;1;2;1; ; ; ; ; ; ; ; ; ; ; ; ;12;481,816128573816
3369682;1;3;1; ; ; ; ; ; ; ; ; ; ; ; ;12;481,816128573816
3369682;1;4;1; ; ; ; ; ; ; ; ; ; ; ; ;12;481,816128573816
3369682;1;5;1; ; ; ; ; ; ; ; ; ; ; ; ;12;481,816128573816
3369683;1;1;1; ; ; ; ; ; ; ; ; ; ; ; ;12;806,725688124857
3369683;1;2;1; ; ; ; ; ; ; ; ; ; ; ; ;12;806,725688124857
3369683;1;3;1; ; ; ; ; ; ; ; ; ; ; ; ;12;806,725688124857
3369684;1;1;1; ; ; ; ; ; ; ; ; ; ; ; ;12;1020,8237825665
3369684;1;2;1; ; ; ; ; ; ; ; ; ; ; ; ;12;1020,8237825665
3369684;1;3;1; ; ; ; ; ; ; ; ; ; ; ; ;12;1020,8237825665
3369685;1;1;1; ; ; ; ; ; ; ; ; ; ; ; ;12;766,996783746246
3369685;1;2;2;2;23; ;2; ; ;1;2; ; ;1; ;12;766,996783746246
3369685;1;3;1; ; ; ; ; ; ; ; ; ; ; ; ;12;766,996783746246
3369685;1;4;1; ; ; ; ; ; ; ; ; ; ; ; ;12;766,996783746246
3369685;1;5;1; ; ; ; ; ; ; ; ; ; ; ; ;12;766,996783746246
3369686;1;1;1; ; ; ; ; ; ; ; ; ; ; ; ;12;740,713021846365
3369686;1;2;1; ; ; ; ; ; ; ; ; ; ; ; ;12;740,713021846365
3369686;1;3;1; ; ; ; ; ; ; ; ; ; ; ; ;12;740,713021846365
3369686;1;4;1; ; ; ; ; ; ; ; ; ; ; ; ;12;740,713021846365
3369687;1;1;2;1; ; ;3;17; ;1;3;17; ;1; ;12;141,91549091036
3369687;1;2;2;1; ; ;3;17; ;1;3;17; ;1; ;12;141,91549091036
3369687;1;3;2;2;63; ;3;17; ;1;3;17; ;1; ;12;141,91549091036
3369687;1;4;2;2;76; ;3;17; ;1;3;17; ;1; ;12;141,91549091036
3369688;1;1;2;1; ; ;4; ;11; ;2; ; ;1; ;12;135,271875871941
3369688;1;2;2;3; ;11;4; ;11; ;2; ; ;1; ;12;135,271875871941
3369688;1;3;2;3; ;11;1; ; ; ;2; ; ;1; ;12;135,271875871941
3369689;1;1;1; ; ; ; ; ; ; ; ; ; ; ; ;12;152,271824546809
3369689;1;2;1; ; ; ; ; ; ; ; ; ; ; ; ;12;152,271824546809
3369689;1;3;1; ; ; ; ; ; ; ; ; ; ; ; ;12;152,271824546809
3369689;1;4;1; ; ; ; ; ; ; ; ; ; ; ; ;12;152,271824546809
3369689;1;5;2;1; ; ;3;73; ;1;2; ; ;1; ;12;152,271824546809
3369690;1;1;2;2;73; ;2; ; ;1;2; ; ;1; ;12;78,6153931283153
3369690;1;2;2;2;73; ;3;63; ;1;2; ; ;1; ;12;78,6153931283153
3369690;1;3;2;1; ; ;3;63; ;1;2; ; ;1; ;12;78,6153931283153
3369690;1;4;2;1; ; ;3;63; ;1;2; ; ;1; ;12;78,6153931283153
3369690;1;5;2;2;63; ;2; ; ;1;2; ; ;1; ;12;78,6153931283153
3369691;1;1;1; ; ; ; ; ; ; ; ; ; ; ; ;12;94,9789780321781
3369691;1;2;2;1; ; ;2; ; ;1;2; ; ;1; ;12;94,9789780321781
3369691;1;3;1; ; ; ; ; ; ; ; ; ; ; ; ;12;94,9789780321781
3369692;1;1;2;1; ; ;4; ;2; ;2; ; ;1; ;12;126,027212275068
3369692;1;2;1; ; ; ; ; ; ; ; ; ; ; ; ;12;126,027212275068
3369692;1;3;1; ; ; ; ; ; ; ; ; ; ; ; ;12;126,027212275068
3369693;1;1;1; ; ; ; ; ; ; ; ; ; ; ; ;12;155,147080990459
3369693;1;2;2;1; ; ;2; ; ;1;2; ; ;1; ;12;155,147080990459
3369693;1;3;1; ; ; ; ; ; ; ; ; ; ; ; ;12;155,147080990459
3369693;1;4;1; ; ; ; ; ; ; ; ; ; ; ; ;12;155,147080990459
3369693;1;5;1; ; ; ; ; ; ; ; ; ; ; ; ;12;155,147080990459
3369693;1;6;1; ; ; ; ; ; ; ; ; ; ; ; ;12;155,147080990459
3369693;1;7;1; ; ; ; ; ; ; ; ; ; ; ; ;12;155,147080990459
3369694;1;1;2;1; ; ;2; ; ;1;2; ; ;1; ;12;79,6008704641169
3369694;1;2;2;1; ; ;2; ; ;1;2; ; ;1; ;12;79,6008704641169
3369695;1;1;2;2;66; ;2; ; ;1;2; ; ;1; ;12;162,589943905013
3369696;1;1;1; ; ; ; ; ; ; ; ; ; ; ; ;12;311,83158392474
3369696;1;2;1; ; ; ; ; ; ; ; ; ; ; ; ;12;311,83158392474
3369696;1;3;1; ; ; ; ; ; ; ; ; ; ; ; ;12;311,83158392474
3369696;1;4;1; ; ; ; ; ; ; ; ; ; ; ; ;12;311,83158392474
3369697;1;1;2;2;54; ;2; ; ;1;2; ; ;1; ;12;287,775882031697
3369697;1;2;2;2;05; ;2; ; ;1;2; ; ;1; ;12;287,775882031697
3369698;1;1;2;2;73; ;2; ; ;1;2; ; ;1; ;12;288,235895551873
3369698;1;2;2;2;68; ;2; ; ;1;2; ; ;1; ;12;288,235895551873
3369699;1;1;2;2;05; ;2; ; ;1;2; ; ;1; ;12;430,435675296408
3369700;1;1;1; ; ; ; ; ; ; ; ; ; ; ; ;12;288,235895551873
3369700;1;2;1; ; ; ; ; ; ; ; ; ; ; ; ;12;288,235895551873
3369701;1;1;2;2;54; ;2; ; ;1;2; ; ;1; ;12;345,782780019414
3369701;1;2;2;2;54; ;2; ; ;1;2; ; ;1; ;12;345,782780019414
3369701;1;3;2;2;54; ;2; ; ;1;2; ; ;1; ;12;345,782780019414
3369701;1;4;1; ; ; ; ; ; ; ; ; ; ; ; ;12;345,782780019414
3369702;1;1;2;2;54; ;2; ; ;1;2; ; ;1; ;12;374,774371941386
3369702;1;2;2;2;54; ;2; ; ;1;2; ; ;1; ;12;374,774371941386
3369703;1;1;2;2;20; ;2; ; ;1;2; ; ;1; ;12;426,734124516813
3369703;1;2;2;2;20; ;2; ; ;1;2; ; ;1; ;12;426,734124516813
3369703;1;3;2;2;81; ;2; ; ;1;2; ; ;1; ;12;426,734124516813
3369703;1;4;2;3; ;3;2; ; ;1;2; ; ;1; ;12;426,734124516813
3369703;1;5;1; ; ; ; ; ; ; ; ; ; ; ; ;12;426,734124516813
3369704;1;1;1; ; ; ; ; ; ; ; ; ; ; ; ;12;407,6991139719
3369704;1;2;2;2;54; ;2; ; ;1;2; ; ;1; ;12;407,6991139719
3369704;1;3;1; ; ; ; ; ; ; ; ; ; ; ; ;12;407,6991139719
3369705;1;1;1; ; ; ; ; ; ; ; ; ; ; ; ;12;421,106621638762
3369705;1;2;1; ; ; ; ; ; ; ; ; ; ; ; ;12;421,106621638762
3369706;1;1;2;2;15; ;2; ; ;1;2; ; ;1; ;12;354,651820156885
3369706;1;2;1; ; ; ; ; ; ; ; ; ; ; ; ;12;354,651820156885
3369706;1;3;1; ; ; ; ; ; ; ; ; ; ; ; ;12;354,651820156885
3369709;1;1;1; ; ; ; ; ; ; ; ; ; ; ; ;12;458,981633629305
3369709;1;2;2;2;54; ;2; ; ;1;2; ; ;1; ;12;458,981633629305
3369709;1;3;1; ; ; ; ; ; ; ; ; ; ; ; ;12;458,981633629305
3369710;1;1;1; ; ; ; ; ; ; ; ; ; ; ; ;12;369,369134179609
3369710;1;2;1; ; ; ; ; ; ; ; ; ; ; ; ;12;369,369134179609
3369710;1;3;1; ; ; ; ; ; ; ; ; ; ; ; ;12;369,369134179609
3369710;1;4;2;2;68; ;2; ; ;1;2; ; ;1; ;12;369,369134179609
3369712;1;1;2;2;68; ;2; ; ;1;2; ; ;1; ;12;302,962543787269
3369712;1;2;2;2;54; ;2; ; ;1;2; ; ;1; ;12;302,962543787269
3369712;1;3;1; ; ; ; ; ; ; ; ; ; ; ; ;12;302,962543787269
3369712;1;4;2;3; ;3;4; ;3; ;2; ; ;1; ;12;302,962543787269
3369712;1;5;2;1; ; ;3;54; ;1;3;54; ;1; ;12;302,962543787269
3369715;1;1;2;2;54; ;3;68; ;1;2; ; ;1; ;12;497,679182438544
3369715;1;2;2;2;54; ;2; ; ;1;2; ; ;1; ;12;497,679182438544
3369715;1;3;2;2;54; ;1; ; ; ;2; ; ;1; ;12;497,679182438544
3369715;1;4;2;2;54; ;1; ; ; ;1; ; ; ; ;12;497,679182438544
3369717;1;1;2;2;66; ;2; ; ;1;2; ; ;1; ;12;316,370051454131
3369717;1;2;1; ; ; ; ; ; ; ; ; ; ; ; ;12;316,370051454131
3369717;1;3;1; ; ; ; ; ; ; ; ; ; ; ; ;12;316,370051454131
3369717;1;4;2;2;54; ;3;54; ;1;2; ; ;1; ;12;316,370051454131
3369718;1;1;1; ; ; ; ; ; ; ; ; ; ; ; ;12;316,370051454131
3369718;1;2;2;2;54; ;2; ; ;1;2; ; ;1; ;12;316,370051454131
3369718;1;3;1; ; ; ; ; ; ; ; ; ; ; ; ;12;316,370051454131
3369718;1;4;1; ; ; ; ; ; ; ; ; ; ; ; ;12;316,370051454131
3369719;1;1;2;2;54; ;3;54; ;1;2; ; ;1; ;12;368,059327823747
3369719;1;2;2;2;54; ;2; ; ;1;2; ; ;1; ;12;368,059327823747
3369720;1;1;2;2;54; ;2; ; ;1;2; ; ;1; ;12;427,773454666863
3369720;1;2;2;2;54; ;2; ; ;1;2; ; ;1; ;12;427,773454666863
3369721;1;1;1; ; ; ; ; ; ; ; ; ; ; ; ;12;305,576553327276
3369721;1;2;1; ; ; ; ; ; ; ; ; ; ; ; ;12;305,576553327276
3369721;1;3;1; ; ; ; ; ; ; ; ; ; ; ; ;12;305,576553327276
3369721;1;4;1; ; ; ; ; ; ; ; ; ; ; ; ;12;305,576553327276
3369722;1;1;1; ; ; ; ; ; ; ; ; ; ; ; ;12;497,679182438544
3369722;1;2;1; ; ; ; ; ; ; ; ; ; ; ; ;12;497,679182438544
3369722;1;3;1; ; ; ; ; ; ; ; ; ; ; ; ;12;497,679182438544
3369722;1;4;1; ; ; ; ; ; ; ; ; ; ; ; ;12;497,679182438544
3369723;1;1;2;2;54; ;2; ; ;1;2; ; ;1; ;12;334,568145249249
3369723;1;2;1; ; ; ; ; ; ; ; ; ; ; ; ;12;334,568145249249
3369724;1;1;2;2;54; ;2; ; ;1;2; ; ;1; ;12;288,235895551873
3369724;1;2;2;2;54; ;2; ; ;1;2; ; ;1; ;12;288,235895551873
3369725;1;1;2;1; ; ;2; ; ;1;4; ;3; ;4;12;458,981633629305
3369725;1;2;2;1; ; ;3;11; ;1;4; ;3; ;4;12;458,981633629305
3369725;1;3;2;3; ;3;1; ; ; ;4; ;3; ;4;12;458,981633629305
3369726;1;1;1; ; ; ; ; ; ; ; ; ; ; ; ;12;392,11502971679
3369726;1;2;1; ; ; ; ; ; ; ; ; ; ; ; ;12;392,11502971679
3369726;1;3;1; ; ; ; ; ; ; ; ; ; ; ; ;12;392,11502971679
3369726;1;4;1; ; ; ; ; ; ; ; ; ; ; ; ;12;392,11502971679
3369727;1;1;2;2;54; ;2; ; ;1;2; ; ;1; ;12;352,475243568636
3369727;1;2;1; ; ; ; ; ; ; ; ; ; ; ; ;12;352,475243568636
3369727;1;3;1; ; ; ; ; ; ; ; ; ; ; ; ;12;352,475243568636
3369728;1;1;2;2;68; ;2; ; ;1;2; ; ;1; ;12;424,557547928565
3369728;1;2;1; ; ; ; ; ; ; ; ; ; ; ; ;12;424,557547928565
3369728;1;3;1; ; ; ; ; ; ; ; ; ; ; ; ;12;424,557547928565
3369728;1;4;1; ; ; ; ; ; ; ; ; ; ; ; ;12;424,557547928565
3369728;1;5;1; ; ; ; ; ; ; ; ; ; ; ; ;12;424,557547928565
3369729;1;1;2;2;68; ;2; ; ;1;3;11; ;1; ;12;368,059327823747
3369729;1;2;2;2;54; ;3;54; ;1;3;54; ;1; ;12;368,059327823747
3369730;1;1;2;2;54; ;2; ; ;1;2; ; ;1; ;12;407,6991139719
3369730;1;2;2;2;54; ;2; ; ;1;2; ; ;1; ;12;407,6991139719
3369730;1;3;1; ; ; ; ; ; ; ; ; ; ; ; ;12;407,6991139719
3369731;1;1;2;2;54; ;2; ; ;1;2; ; ;1; ;12;329,547453901119
3369731;1;2;1; ; ; ; ; ; ; ; ; ; ; ; ;12;329,547453901119
3369732;1;1;1; ; ; ; ; ; ; ; ; ; ; ; ;12;370,235904411995
3369732;1;2;1; ; ; ; ; ; ; ; ; ; ; ; ;12;370,235904411995
3369733;1;1;1; ; ; ; ; ; ; ; ; ; ; ; ;12;361,366864274524
3369733;1;2;2;2;15; ;2; ; ;1;2; ; ;1; ;12;361,366864274524
3369733;1;3;1; ; ; ; ; ; ; ; ; ; ; ; ;12;361,366864274524
3369734;1;1;1; ; ; ; ; ; ; ; ; ; ; ; ;12;368,059327823747
3369734;1;2;1; ; ; ; ; ; ; ; ; ; ; ; ;12;368,059327823747
3369735;1;1;1; ; ; ; ; ; ; ; ; ; ; ; ;12;430,435675296408
3369739;1;1;1; ; ; ; ; ; ; ; ; ; ; ; ;12;451,829156559907
3369739;1;2;1; ; ; ; ; ; ; ; ; ; ; ; ;12;451,829156559907
3369739;1;3;1; ; ; ; ; ; ; ; ; ; ; ; ;12;451,829156559907
3369739;1;4;1; ; ; ; ; ; ; ; ; ; ; ; ;12;451,829156559907
3369740;1;1;1; ; ; ; ; ; ; ; ; ; ; ; ;12;422,382596836186
3369740;1;2;1; ; ; ; ; ; ; ; ; ; ; ; ;12;422,382596836186
3369740;1;3;1; ; ; ; ; ; ; ; ; ; ; ; ;12;422,382596836186
3369740;1;4;1; ; ; ; ; ; ; ; ; ; ; ; ;12;422,382596836186
3369740;1;5;1; ; ; ; ; ; ; ; ; ; ; ; ;12;422,382596836186
3369740;1;6;2;2;25; ;2; ; ;1;2; ; ;1; ;12;422,382596836186
3369740;1;7;1; ; ; ; ; ; ; ; ; ; ; ; ;12;422,382596836186
3369740;1;8;1; ; ; ; ; ; ; ; ; ; ; ; ;12;422,382596836186
3369741;1;1;2;2;81; ;2; ; ;1;2; ; ;1; ;12;287,775882031697
3369741;1;2;2;2;54; ;3;54; ;1;2; ; ;1; ;12;287,775882031697
3369742;1;1;1; ; ; ; ; ; ; ; ; ; ; ; ;12;520,792646992673
3369742;1;2;2;2;54; ;2; ; ;1;2; ; ;1; ;12;520,792646992673
3369742;1;3;2;2;54; ;2; ; ;1;2; ; ;1; ;12;520,792646992673
3369742;1;4;1; ; ; ; ; ; ; ; ; ; ; ; ;12;520,792646992673
3369742;1;5;1; ; ; ; ; ; ; ; ; ; ; ; ;12;520,792646992673
3369742;1;6;2;2;54; ;2; ; ;1;2; ; ;1; ;12;520,792646992673
3369743;1;1;2;2;54; ;2; ; ;1;2; ; ;1; ;12;493,782622559665
3369743;1;2;1; ; ; ; ; ; ; ; ; ; ; ; ;12;493,782622559665
3369743;1;3;1; ; ; ; ; ; ; ; ; ; ; ; ;12;493,782622559665
3369743;1;4;1; ; ; ; ; ; ; ; ; ; ; ; ;12;493,782622559665
3369743;1;5;2;2;54; ;2; ; ;1;2; ; ;1; ;12;493,782622559665
3369744;1;1;2;2;54; ;2; ; ;1;2; ; ;1; ;12;380,401874819437
3369744;1;2;2;2;54; ;2; ; ;1;2; ; ;1; ;12;380,401874819437
3369744;1;3;2;2;54; ;2; ; ;1;2; ; ;1; ;12;380,401874819437
3369744;1;4;2;2;54; ;2; ; ;1;2; ; ;1; ;12;380,401874819437
3369744;1;5;2;2;54; ;2; ; ;1;2; ; ;1; ;12;380,401874819437
3369745;1;1;1; ; ; ; ; ; ; ; ; ; ; ; ;12;389,938453128541
3369745;1;2;2;1; ; ;4; ;3; ;2; ; ;1; ;12;389,938453128541
3369745;1;3;2;1; ; ;4; ;3; ;2; ; ;1; ;12;389,938453128541
3369745;1;4;2;1; ; ;4; ;3; ;2; ; ;1; ;12;389,938453128541
3369746;1;1;2;2;15; ;2; ; ;1;2; ; ;1; ;12;455,28008284971
3369746;1;2;2;2;68; ;2; ; ;1;2; ; ;1; ;12;455,28008284971
3369746;1;3;1; ; ; ; ; ; ; ; ; ; ; ; ;12;455,28008284971
3369746;1;4;1; ; ; ; ; ; ; ; ; ; ; ; ;12;455,28008284971
3369746;1;5;1; ; ; ; ; ; ; ; ; ; ; ; ;12;455,28008284971
3369746;1;6;1; ; ; ; ; ; ; ; ; ; ; ; ;12;455,28008284971
3369746;1;7;1; ; ; ; ; ; ; ; ; ; ; ; ;12;455,28008284971
3369747;1;1;2;2;68; ;2; ; ;1;2; ; ;1; ;12;274,828387885011
3369747;1;2;2;2;54; ;2; ; ;1;2; ; ;1; ;12;274,828387885011
3369747;1;3;1; ; ; ; ; ; ; ; ; ; ; ; ;12;274,828387885011
3369748;1;1;1; ; ; ; ; ; ; ; ; ; ; ; ;12;398,781862744891
3369748;1;2;1; ; ; ; ; ; ; ; ; ; ; ; ;12;398,781862744891
3369748;1;3;2;2;13; ;3;13; ;1;2; ; ;1; ;12;398,781862744891
3369748;1;4;1; ; ; ; ; ; ; ; ; ; ; ; ;12;398,781862744891
3369749;1;1;2;2;68; ;2; ; ;1;2; ; ;1; ;12;430,435675296408
3369750;1;1;1; ; ; ; ; ; ; ; ; ; ; ; ;12;300,555861979147
3369750;1;2;1; ; ; ; ; ; ; ; ; ; ; ; ;12;300,555861979147
3369750;1;3;1; ; ; ; ; ; ; ; ; ; ; ; ;12;300,555861979147
3369750;1;4;1; ; ; ; ; ; ; ; ; ; ; ; ;12;300,555861979147
3369751;1;1;1; ; ; ; ; ; ; ; ; ; ; ; ;12;460,215972878639
3369751;1;2;1; ; ; ; ; ; ; ; ; ; ; ; ;12;460,215972878639
3369751;1;3;1; ; ; ; ; ; ; ; ; ; ; ; ;12;460,215972878639
3369755;1;1;2;1; ; ;2; ; ;1;2; ; ;1; ;12;421,106621638762
3369755;1;2;1; ; ; ; ; ; ; ; ; ; ; ; ;12;421,106621638762
3369756;1;1;2;2;54; ;2; ; ;1;2; ; ;1; ;12;418,670086348049
3369756;1;2;1; ; ; ; ; ; ; ; ; ; ; ; ;12;418,670086348049
3369756;1;3;2;2;54; ;2; ; ;1;2; ; ;1; ;12;418,670086348049
3369756;1;4;1; ; ; ; ; ; ; ; ; ; ; ; ;12;418,670086348049
3369756;1;5;1; ; ; ; ; ; ; ; ; ; ; ; ;12;418,670086348049
3369756;1;6;1; ; ; ; ; ; ; ; ; ; ; ; ;12;418,670086348049
3369756;1;7;1; ; ; ; ; ; ; ; ; ; ; ; ;12;418,670086348049
3369757;1;1;2;2;05; ;2; ; ;1;2; ; ;1; ;12;348,812569665907
3369757;1;2;2;2;68; ;2; ; ;1;2; ; ;1; ;12;348,812569665907
3369757;1;3;2;2;05; ;2; ; ;1;2; ; ;1; ;12;348,812569665907
3369757;1;4;2;2;05; ;2; ; ;1;2; ; ;1; ;12;348,812569665907
3369757;1;5;2;2;05; ;2; ; ;1;2; ; ;1; ;12;348,812569665907
3369758;1;1;2;2;68; ;3;68; ;1;3;54; ;2;4;12;497,679182438544
3369758;1;2;2;2;54; ;3;68; ;1;3;54; ;2;4;12;497,679182438544
3369758;1;3;2;2;54; ;3;68; ;1;3;54; ;2;4;12;497,679182438544
3369758;1;4;2;2;68; ;1; ; ; ;3;54; ;2;4;12;497,679182438544
3369760;1;1;2;2;54; ;2; ; ;1;2; ; ;1; ;12;430,435675296408
3369761;1;1;2;2;54; ;2; ; ;1;2; ; ;1; ;12;421,106621638762
3369761;1;2;2;2;68; ;2; ; ;1;2; ; ;1; ;12;421,106621638762
3369762;1;1;1; ; ; ; ; ; ; ; ; ; ; ; ;12;421,106621638762
3369762;1;2;1; ; ; ; ; ; ; ; ; ; ; ; ;12;421,106621638762
3369763;1;1;2;2;52; ;2; ; ;1;2; ; ;1; ;12;380,884098638176
3369763;1;2;2;2;15; ;2; ; ;1;2; ; ;1; ;12;380,884098638176
3369763;1;3;1; ; ; ; ; ; ; ; ; ; ; ; ;12;380,884098638176
3369763;1;4;1; ; ; ; ; ; ; ; ; ; ; ; ;12;380,884098638176
3369763;1;5;1; ; ; ; ; ; ; ; ; ; ; ; ;12;380,884098638176
3369764;1;1;2;2;05; ;2; ; ;1;2; ; ;1; ;12;414,851591041298
3369764;1;2;2;2;20; ;2; ; ;1;2; ; ;1; ;12;414,851591041298
3369765;1;1;2;2;54; ;3;54; ;1;3;68; ;1; ;12;485,991658062313
3369765;1;2;2;2;68; ;2; ; ;1;3;68; ;1; ;12;485,991658062313
3369765;1;3;1; ; ; ; ; ; ; ; ; ; ; ; ;12;485,991658062313
3369765;1;4;2;2;54; ;2; ; ;1;2; ; ;1; ;12;485,991658062313
3369766;1;1;2;2;54; ;2; ; ;1;2; ; ;1; ;12;435,302834965882
3369766;1;2;2;2;81; ;2; ; ;1;2; ; ;1; ;12;435,302834965882
3369766;1;3;2;2;54; ;2; ; ;1;2; ; ;1; ;12;435,302834965882
3369766;1;4;2;2;54; ;2; ; ;1;2; ; ;1; ;12;435,302834965882
3369766;1;5;1; ; ; ; ; ; ; ; ; ; ; ; ;12;435,302834965882
3369767;1;1;2;2;54; ;2; ; ;1;4; ;3; ;1;12;392,11502971679
3369767;1;2;2;2;54; ;2; ; ;1;2; ; ;1; ;12;392,11502971679
3369767;1;3;1; ; ; ; ; ; ; ; ; ; ; ; ;12;392,11502971679
3369767;1;4;1; ; ; ; ; ; ; ; ; ; ; ; ;12;392,11502971679
3369768;1;1;2;2;68; ;2; ; ;1;2; ; ;1; ;12;449,652579971658
3369768;1;2;2;2;15; ;2; ; ;1;2; ; ;1; ;12;449,652579971658
3369768;1;3;1; ; ; ; ; ; ; ; ; ; ; ; ;12;449,652579971658
3369768;1;4;1; ; ; ; ; ; ; ; ; ; ; ; ;12;449,652579971658
3369769;1;1;2;2;54; ;2; ; ;1;2; ; ;1; ;12;471,90349725487
3369769;1;2;1; ; ; ; ; ; ; ; ; ; ; ; ;12;471,90349725487
3369769;1;3;1; ; ; ; ; ; ; ; ; ; ; ; ;12;471,90349725487
3369770;1;1;2;2;68; ;2; ; ;1;2; ; ;1; ;12;393,809382486299
3369770;1;2;1; ; ; ; ; ; ; ; ; ; ; ; ;12;393,809382486299
3369770;1;3;1; ; ; ; ; ; ; ; ; ; ; ; ;12;393,809382486299
3369770;1;4;1; ; ; ; ; ; ; ; ; ; ; ; ;12;393,809382486299
3369771;1;1;2;2;54; ;2; ; ;1;2; ; ;1; ;12;302,962543787269
3369771;1;2;2;2;54; ;2; ; ;1;2; ; ;1; ;12;302,962543787269
3369771;1;3;2;2;54; ;2; ; ;1;2; ; ;1; ;12;302,962543787269
3369771;1;4;2;2;54; ;3;54; ;1;3;54; ;1; ;12;302,962543787269
3369771;1;5;2;2;54; ;2; ; ;1;2; ; ;1; ;12;302,962543787269
3369772;1;1;2;2;54; ;2; ; ;1;2; ; ;1; ;12;451,829156559907
3369772;1;2;1; ; ; ; ; ; ; ; ; ; ; ; ;12;451,829156559907
3369772;1;3;2;2;68; ;2; ; ;1;2; ; ;1; ;12;451,829156559907
3369772;1;4;2;2;68; ;2; ; ;1;2; ; ;1; ;12;451,829156559907
3369773;1;1;2;2;54; ;2; ; ;1;2; ; ;1; ;12;484,271674771682
3369773;1;2;2;2;15; ;2; ; ;1;2; ; ;1; ;12;484,271674771682
3369773;1;3;2;2;11; ;2; ; ;1;2; ; ;1; ;12;484,271674771682
3369773;1;4;1; ; ; ; ; ; ; ; ; ; ; ; ;12;484,271674771682
3369773;1;5;1; ; ; ; ; ; ; ; ; ; ; ; ;12;484,271674771682
3369774;1;1;2;2;25; ;3;25; ;1;2; ; ;1; ;12;447,294109253074
3369774;1;2;2;2;54; ;2; ; ;1;2; ; ;1; ;12;447,294109253074
3369774;1;3;2;2;54; ;1; ; ; ;1; ; ; ; ;12;447,294109253074
3369775;1;1;1; ; ; ; ; ; ; ; ; ; ; ; ;12;421,106621638762
3369775;1;2;1; ; ; ; ; ; ; ; ; ; ; ; ;12;421,106621638762
3369776;1;1;2;2;54; ;2; ; ;1;2; ; ;1; ;12;407,6991139719
3369776;1;2;1; ; ; ; ; ; ; ; ; ; ; ; ;12;407,6991139719
3369776;1;3;1; ; ; ; ; ; ; ; ; ; ; ; ;12;407,6991139719
3369777;1;1;2;2;54; ;2; ; ;1;2; ; ;1; ;12;485,991658062313
3369777;1;2;2;2;54; ;2; ; ;1;2; ; ;1; ;12;485,991658062313
3369777;1;3;1; ; ; ; ; ; ; ; ; ; ; ; ;12;485,991658062313
3369777;1;4;1; ; ; ; ; ; ; ; ; ; ; ; ;12;485,991658062313
3369778;1;1;2;2;54; ;2; ; ;1;2; ; ;1; ;12;305,576553327276
3369778;1;2;1; ; ; ; ; ; ; ; ; ; ; ; ;12;305,576553327276
3369778;1;3;1; ; ; ; ; ; ; ; ; ; ; ; ;12;305,576553327276
3369778;1;4;1; ; ; ; ; ; ; ; ; ; ; ; ;12;305,576553327276
3369779;1;1;2;2;54; ;2; ; ;1;2; ; ;1; ;12;391,632805898051
3369779;1;2;1; ; ; ; ; ; ; ; ; ; ; ; ;12;391,632805898051
3369779;1;3;1; ; ; ; ; ; ; ; ; ; ; ; ;12;391,632805898051
3369779;1;4;1; ; ; ; ; ; ; ; ; ; ; ; ;12;391,632805898051
3369781;1;1;1; ; ; ; ; ; ; ; ; ; ; ; ;12;491,42415184108
3369781;1;2;1; ; ; ; ; ; ; ; ; ; ; ; ;12;491,42415184108
3369781;1;3;1; ; ; ; ; ; ; ; ; ; ; ; ;12;491,42415184108
3369781;1;4;1; ; ; ; ; ; ; ; ; ; ; ; ;12;491,42415184108
3369782;1;1;2;2;54; ;2; ; ;1;2; ; ;1; ;12;334,568145249249
3369782;1;2;2;2;54; ;2; ; ;1;2; ; ;1; ;12;334,568145249249
3369783;1;1;1; ; ; ; ; ; ; ; ; ; ; ; ;12;416,085930290632
3369783;1;2;1; ; ; ; ; ; ; ; ; ; ; ; ;12;416,085930290632
3369786;1;1;1; ; ; ; ; ; ; ; ; ; ; ; ;12;323,506232215081
3369786;1;2;1; ; ; ; ; ; ; ; ; ; ; ; ;12;323,506232215081
3369786;1;3;1; ; ; ; ; ; ; ; ; ; ; ; ;12;323,506232215081
3369786;1;4;1; ; ; ; ; ; ; ; ; ; ; ; ;12;323,506232215081
3369786;1;5;1; ; ; ; ; ; ; ; ; ; ; ; ;12;323,506232215081
3369786;1;6;1; ; ; ; ; ; ; ; ; ; ; ; ;12;323,506232215081
3369787;1;1;1; ; ; ; ; ; ; ; ; ; ; ; ;12;497,679182438544
3369787;1;2;2;2;54; ;2; ; ;1;2; ; ;1; ;12;497,679182438544
3369787;1;3;2;2;81; ;2; ; ;1;2; ; ;1; ;12;497,679182438544
3369787;1;4;1; ; ; ; ; ; ; ; ; ; ; ; ;12;497,679182438544
3369790;1;1;2;2;54; ;3;15; ;1;2; ; ;1; ;12;421,106621638762
3369790;1;2;2;2;54; ;3;15; ;1;2; ; ;1; ;12;421,106621638762
3369792;1;1;2;2;05; ;3;50; ;1;3;73; ;1; ;12;352,475243568636
3369792;1;2;2;2;68; ;3;08; ;1;3;08; ;1; ;12;352,475243568636
3369792;1;3;2;2;05; ;3;50; ;1;3;73; ;1; ;12;352,475243568636
3369793;1;1;2;2;54; ;2; ; ;1;2; ; ;1; ;12;357,681609803377
3369793;1;2;1; ; ; ; ; ; ; ; ; ; ; ; ;12;357,681609803377
3369793;1;3;1; ; ; ; ; ; ; ; ; ; ; ; ;12;357,681609803377
3369793;1;4;2;2;76; ;2; ; ;1;2; ; ;1; ;12;357,681609803377
3369794;1;1;1; ; ; ; ; ; ; ; ; ; ; ; ;12;497,679182438544
3369794;1;2;1; ; ; ; ; ; ; ; ; ; ; ; ;12;497,679182438544
3369794;1;3;1; ; ; ; ; ; ; ; ; ; ; ; ;12;497,679182438544
3369794;1;4;1; ; ; ; ; ; ; ; ; ; ; ; ;12;497,679182438544
3369796;1;1;2;2;68; ;2; ; ;1;2; ; ;1; ;12;249,009602863003
3369796;1;2;2;2;54; ;2; ; ;1;2; ; ;1; ;12;249,009602863003
3369796;1;3;1; ; ; ; ; ; ; ; ; ; ; ; ;12;249,009602863003
3369796;2;1;2;2;68; ;2; ; ;1;2; ; ;1; ;12;249,009602863003
3369796;2;2;1; ; ; ; ; ; ; ; ; ; ; ; ;12;249,009602863003
3369796;2;3;2;2;54; ;2; ; ;1;2; ; ;1; ;12;249,009602863003
3369796;2;4;1; ; ; ; ; ; ; ; ; ; ; ; ;12;249,009602863003
3369796;2;5;1; ; ; ; ; ; ; ; ; ; ; ; ;12;249,009602863003
3369796;2;6;1; ; ; ; ; ; ; ; ; ; ; ; ;12;249,009602863003
3369797;1;1;2;2;54; ;2; ; ;1;2; ; ;1; ;12;477,786735873917
3369797;1;2;1; ; ; ; ; ; ; ; ; ; ; ; ;12;477,786735873917
3369797;1;3;1; ; ; ; ; ; ; ; ; ; ; ; ;12;477,786735873917
3369797;1;4;1; ; ; ; ; ; ; ; ; ; ; ; ;12;477,786735873917
3369797;1;5;1; ; ; ; ; ; ; ; ; ; ; ; ;12;477,786735873917
3369797;1;6;1; ; ; ; ; ; ; ; ; ; ; ; ;12;477,786735873917
3369798;1;1;2;2;68; ;2; ; ;1;2; ; ;1; ;12;322,576870962057
3369798;1;2;1; ; ; ; ; ; ; ; ; ; ; ; ;12;322,576870962057
3369798;1;3;1; ; ; ; ; ; ; ; ; ; ; ; ;12;322,576870962057
3369798;1;4;2;2;68; ;2; ; ;1;2; ; ;1; ;12;322,576870962057
3369799;1;1;2;2;54; ;2; ; ;1;2; ; ;1; ;12;453,549139850537
3369799;1;2;2;2;54; ;2; ; ;1;2; ; ;1; ;12;453,549139850537
3369799;1;3;1; ; ; ; ; ; ; ; ; ; ; ; ;12;453,549139850537
3369800;1;1;2;2;41; ;2; ; ;1;2; ; ;1; ;12;405,522537383652
3369800;1;2;1; ; ; ; ; ; ; ; ; ; ; ; ;12;405,522537383652
3369800;1;3;1; ; ; ; ; ; ; ; ; ; ; ; ;12;405,522537383652
3369801;1;1;1; ; ; ; ; ; ; ; ; ; ; ; ;12;288,235895551873
3369801;1;2;1; ; ; ; ; ; ; ; ; ; ; ; ;12;288,235895551873
3369802;1;1;2;2;73; ;2; ; ;1;2; ; ;1; ;12;384,103425599033
3369805;1;1;1; ; ; ; ; ; ; ; ; ; ; ; ;12;429,047804368418
3369805;1;2;1; ; ; ; ; ; ; ; ; ; ; ; ;12;429,047804368418
3369805;1;3;1; ; ; ; ; ; ; ; ; ; ; ; ;12;429,047804368418
3369805;1;4;1; ; ; ; ; ; ; ; ; ; ; ; ;12;429,047804368418
3369805;1;5;1; ; ; ; ; ; ; ; ; ; ; ; ;12;429,047804368418
3369806;1;1;2;2;54; ;2; ; ;1;2; ; ;1; ;12;297,104935689344
3369807;1;1;2;2;68; ;2; ; ;1;2; ; ;1; ;12;325,239091591602
3369807;1;2;1; ; ; ; ; ; ; ; ; ; ; ; ;12;325,239091591602
3369807;1;3;2;2;54; ;2; ; ;1;2; ; ;1; ;12;325,239091591602
3369808;1;1;1; ; ; ; ; ; ; ; ; ; ; ; ;12;483,404904539296
3369808;1;2;1; ; ; ; ; ; ; ; ; ; ; ; ;12;483,404904539296
3369808;1;3;1; ; ; ; ; ; ; ; ; ; ; ; ;12;483,404904539296
3369808;1;4;1; ; ; ; ; ; ; ; ; ; ; ; ;12;483,404904539296
3369808;1;5;1; ; ; ; ; ; ; ; ; ; ; ; ;12;483,404904539296
3369808;1;6;1; ; ; ; ; ; ; ; ; ; ; ; ;12;483,404904539296
3369808;1;7;1; ; ; ; ; ; ; ; ; ; ; ; ;12;483,404904539296
3369809;1;1;2;2;54; ;2; ; ;1;2; ; ;1; ;12;345,782780019414
3369809;1;2;1; ; ; ; ; ; ; ; ; ; ; ; ;12;345,782780019414
3369809;1;3;1; ; ; ; ; ; ; ; ; ; ; ; ;12;345,782780019414
3369809;1;4;1; ; ; ; ; ; ; ; ; ; ; ; ;12;345,782780019414
3369810;1;1;2;2;54; ;2; ; ;1;2; ; ;1; ;12;404,409365622943
3369810;1;2;1; ; ; ; ; ; ; ; ; ; ; ; ;12;404,409365622943
3369810;1;3;1; ; ; ; ; ; ; ; ; ; ; ; ;12;404,409365622943
3369810;1;4;1; ; ; ; ; ; ; ; ; ; ; ; ;12;404,409365622943
3369810;1;5;1; ; ; ; ; ; ; ; ; ; ; ; ;12;404,409365622943
3369810;1;6;1; ; ; ; ; ; ; ; ; ; ; ; ;12;404,409365622943
3369810;1;7;1; ; ; ; ; ; ; ; ; ; ; ; ;12;404,409365622943
3369811;1;1;1; ; ; ; ; ; ; ; ; ; ; ; ;12;359,881900535398
3369811;1;2;1; ; ; ; ; ; ; ; ; ; ; ; ;12;359,881900535398
3369811;1;3;1; ; ; ; ; ; ; ; ; ; ; ; ;12;359,881900535398
3369811;1;4;1; ; ; ; ; ; ; ; ; ; ; ; ;12;359,881900535398
3369811;1;5;1; ; ; ; ; ; ; ; ; ; ; ; ;12;359,881900535398
3369811;1;6;1; ; ; ; ; ; ; ; ; ; ; ; ;12;359,881900535398
3369811;1;7;1; ; ; ; ; ; ; ; ; ; ; ; ;12;359,881900535398
3369811;1;8;1; ; ; ; ; ; ; ; ; ; ; ; ;12;359,881900535398
3369811;1;9;1; ; ; ; ; ; ; ; ; ; ; ; ;12;359,881900535398
3369811;1;10;1; ; ; ; ; ; ; ; ; ; ; ; ;12;359,881900535398
3369813;1;1;1; ; ; ; ; ; ; ; ; ; ; ; ;12;353,120931975423
3369813;1;2;1; ; ; ; ; ; ; ; ; ; ; ; ;12;353,120931975423
3369813;1;3;1; ; ; ; ; ; ; ; ; ; ; ; ;12;353,120931975423
3369813;1;4;1; ; ; ; ; ; ; ; ; ; ; ; ;12;353,120931975423
3369814;1;1;1; ; ; ; ; ; ; ; ; ; ; ; ;12;429,578239276695
3369814;1;2;1; ; ; ; ; ; ; ; ; ; ; ; ;12;429,578239276695
3369814;1;3;1; ; ; ; ; ; ; ; ; ; ; ; ;12;429,578239276695
3369814;1;4;1; ; ; ; ; ; ; ; ; ; ; ; ;12;429,578239276695
3369814;1;5;1; ; ; ; ; ; ; ; ; ; ; ; ;12;429,578239276695
3369815;1;1;1; ; ; ; ; ; ; ; ; ; ; ; ;12;251,839707961638
3369815;1;2;1; ; ; ; ; ; ; ; ; ; ; ; ;12;251,839707961638
3369815;1;3;1; ; ; ; ; ; ; ; ; ; ; ; ;12;251,839707961638
3369815;1;4;1; ; ; ; ; ; ; ; ; ; ; ; ;12;251,839707961638
3369815;1;5;1; ; ; ; ; ; ; ; ; ; ; ; ;12;251,839707961638
3369815;1;6;1; ; ; ; ; ; ; ; ; ; ; ; ;12;251,839707961638
3369816;1;1;1; ; ; ; ; ; ; ; ; ; ; ; ;12;405,522537383652
3369816;1;2;1; ; ; ; ; ; ; ; ; ; ; ; ;12;405,522537383652
3369816;1;3;1; ; ; ; ; ; ; ; ; ; ; ; ;12;405,522537383652
3369817;1;1;2;2;54; ;2; ; ;1;2; ; ;1; ;12;468,735801606109
3369817;1;2;2;1; ; ;2; ; ;1;2; ; ;1; ;12;468,735801606109
3369817;1;3;1; ; ; ; ; ; ; ; ; ; ; ; ;12;468,735801606109
3369817;1;4;2;1; ; ;2; ; ;1;3;20; ;1; ;12;468,735801606109
3369817;1;5;1; ; ; ; ; ; ; ; ; ; ; ; ;12;468,735801606109
3369817;1;6;2;1; ; ;2; ; ;1;2; ; ;1; ;12;468,735801606109
3369822;1;1;1; ; ; ; ; ; ; ; ; ; ; ; ;12;196,486232868252
3369822;1;2;1; ; ; ; ; ; ; ; ; ; ; ; ;12;196,486232868252
3369822;1;3;1; ; ; ; ; ; ; ; ; ; ; ; ;12;196,486232868252
3369823;1;1;2;2;54; ;3;54; ;1;2; ; ;1; ;12;460,215972878639
3369823;1;2;1; ; ; ; ; ; ; ; ; ; ; ; ;12;460,215972878639
3369823;1;3;1; ; ; ; ; ; ; ; ; ; ; ; ;12;460,215972878639
3369825;1;1;1; ; ; ; ; ; ; ; ; ; ; ; ;12;453,549139850537
3369825;1;2;2;2;54; ;2; ; ;1;2; ; ;1; ;12;453,549139850537
3369825;1;3;1; ; ; ; ; ; ; ; ; ; ; ; ;12;453,549139850537
3369827;1;1;2;2;68; ;2; ; ;1;2; ; ;1; ;12;316,370051454131
3369827;1;2;2;2;54; ;2; ; ;1;2; ; ;1; ;12;316,370051454131
3369827;1;3;1; ; ; ; ; ; ; ; ; ; ; ; ;12;316,370051454131
3369827;1;4;1; ; ; ; ; ; ; ; ; ; ; ; ;12;316,370051454131
3369828;1;1;2;2;63; ;2; ; ;1;2; ; ;1; ;12;479,481088643426
3369828;1;2;2;2;20; ;2; ; ;1;2; ; ;1; ;12;479,481088643426
3369828;1;3;1; ; ; ; ; ; ; ; ; ; ; ; ;12;479,481088643426
3369828;1;4;1; ; ; ; ; ; ; ; ; ; ; ; ;12;479,481088643426
3369828;1;5;1; ; ; ; ; ; ; ; ; ; ; ; ;12;479,481088643426
3369828;1;6;1; ; ; ; ; ; ; ; ; ; ; ; ;12;479,481088643426
3369829;1;1;2;2;54; ;2; ; ;1;2; ; ;1; ;12;288,235895551873
3369829;1;2;1; ; ; ; ; ; ; ; ; ; ; ; ;12;288,235895551873
3369830;1;1;1; ; ; ; ; ; ; ; ; ; ; ; ;12;497,679182438544
3369830;1;2;2;2;54; ;2; ; ;1;2; ; ;1; ;12;497,679182438544
3369830;1;3;1; ; ; ; ; ; ; ; ; ; ; ; ;12;497,679182438544
3369830;1;4;1; ; ; ; ; ; ; ; ; ; ; ; ;12;497,679182438544
3369831;1;1;2;2;54; ;2; ; ;1;2; ; ;1; ;12;297,104935689344
3369832;1;1;1; ; ; ; ; ; ; ; ; ; ; ; ;12;447,294109253074
3369832;1;2;2;1; ; ;2; ; ;1;2; ; ;1; ;12;447,294109253074
3369832;1;3;1; ; ; ; ; ; ; ; ; ; ; ; ;12;447,294109253074
3369833;1;1;2;2;54; ;2; ; ;1;2; ; ;1; ;12;334,568145249249
3369833;1;2;1; ; ; ; ; ; ; ; ; ; ; ; ;12;334,568145249249
3369834;1;1;1; ; ; ; ; ; ; ; ; ; ; ; ;12;917,96326725861
3369834;1;2;1; ; ; ; ; ; ; ; ; ; ; ; ;12;917,96326725861
3369834;1;3;1; ; ; ; ; ; ; ; ; ; ; ; ;12;917,96326725861
3369835;1;1;2;2;68; ;2; ; ;1;2; ; ;1; ;12;424,557547928565
3369835;1;2;2;2;54; ;2; ; ;1;2; ; ;1; ;12;424,557547928565
3369835;1;3;1; ; ; ; ; ; ; ; ; ; ; ; ;12;424,557547928565
3369835;1;4;1; ; ; ; ; ; ; ; ; ; ; ; ;12;424,557547928565
3369835;1;5;1; ; ; ; ; ; ; ; ; ; ; ; ;12;424,557547928565
3369836;1;1;2;2;15; ;2; ; ;1;2; ; ;1; ;12;455,28008284971
3369836;1;2;2;2;15; ;2; ; ;1;2; ; ;1; ;12;455,28008284971
3369836;1;3;1; ; ; ; ; ; ; ; ; ; ; ; ;12;455,28008284971
3369836;1;4;1; ; ; ; ; ; ; ; ; ; ; ; ;12;455,28008284971
3369836;1;5;1; ; ; ; ; ; ; ; ; ; ; ; ;12;455,28008284971
3369836;1;6;1; ; ; ; ; ; ; ; ; ; ; ; ;12;455,28008284971
3369836;1;7;1; ; ; ; ; ; ; ; ; ; ; ; ;12;455,28008284971
3369837;1;1;1; ; ; ; ; ; ; ; ; ; ; ; ;12;394,291606305038
3369837;1;2;2;2;54; ;2; ; ;1;2; ; ;1; ;12;394,291606305038
3369837;1;3;1; ; ; ; ; ; ; ; ; ; ; ; ;12;394,291606305038
3369837;1;4;1; ; ; ; ; ; ; ; ; ; ; ; ;12;394,291606305038
3369840;1;1;1; ; ; ; ; ; ; ; ; ; ; ; ;12;370,235904411995
3369840;1;2;1; ; ; ; ; ; ; ; ; ; ; ; ;12;370,235904411995
3369841;1;1;2;2;54; ;3;54; ;1;2; ; ;1; ;12;334,568145249249
3369841;1;2;1; ; ; ; ; ; ; ; ; ; ; ; ;12;334,568145249249
3369842;1;1;1; ; ; ; ; ; ; ; ; ; ; ; ;12;407,6991139719
3369842;1;2;2;1; ; ;2; ; ;1;2; ; ;1; ;12;407,6991139719
3369842;1;3;1; ; ; ; ; ; ; ; ; ; ; ; ;12;407,6991139719
3369843;1;1;2;2;68; ;2; ; ;1;2; ; ;1; ;12;440,141632183675
3369843;1;2;2;2;54; ;2; ; ;1;2; ; ;1; ;12;440,141632183675
3369843;1;3;1; ; ; ; ; ; ; ; ; ; ; ; ;12;440,141632183675
3369843;1;4;1; ; ; ; ; ; ; ; ; ; ; ; ;12;440,141632183675
3369844;1;1;2;2;81; ;2; ; ;1;2; ; ;1; ;12;420,660988049686
3369844;1;2;2;2;81; ;2; ; ;1;2; ; ;1; ;12;420,660988049686
3369844;1;3;2;2;81; ;2; ; ;1;2; ; ;1; ;12;420,660988049686
3369844;1;4;1; ; ; ; ; ; ; ; ; ; ; ; ;12;420,660988049686
3369844;1;5;2;1; ; ;2; ; ;1;2; ; ;1; ;12;420,660988049686
3369844;1;6;2;2;81; ;2; ; ;1;2; ; ;1; ;12;420,660988049686
3369845;1;1;2;1; ; ;2; ; ;1;2; ; ;1; ;12;930,473328453537
3369845;1;2;2;2;15; ;2; ; ;1;2; ; ;1; ;12;930,473328453537
3369845;1;3;1; ; ; ; ; ; ; ; ; ; ; ; ;12;930,473328453537
3369846;1;1;2;2;54; ;2; ; ;1;2; ; ;1; ;12;876,843297786089
3369846;1;2;2;2;68; ;2; ; ;1;2; ; ;1; ;12;876,843297786089
3369846;1;3;2;1; ; ;2; ; ;1;2; ; ;1; ;12;876,843297786089
3369846;1;4;1; ; ; ; ; ; ; ; ; ; ; ; ;12;876,843297786089
3369846;1;5;1; ; ; ; ; ; ; ; ; ; ; ; ;12;876,843297786089
3369847;1;1;2;2;47; ;2; ; ;1;2; ; ;1; ;12;879,318816729873
3369847;1;2;2;2;68; ;2; ; ;1;2; ; ;1; ;12;879,318816729873
3369847;1;3;1; ; ; ; ; ; ; ; ; ; ; ; ;12;879,318816729873
3369847;1;4;1; ; ; ; ; ; ; ; ; ; ; ; ;12;879,318816729873
3369848;1;1;1; ; ; ; ; ; ; ; ; ; ; ; ;12;801,003692071044
3369848;1;2;1; ; ; ; ; ; ; ; ; ; ; ; ;12;801,003692071044
3369848;1;3;1; ; ; ; ; ; ; ; ; ; ; ; ;12;801,003692071044
3369849;1;1;2;2;54; ;2; ; ;1;2; ; ;1; ;12;991,918398295827
3369849;1;2;1; ; ; ; ; ; ; ; ; ; ; ; ;12;991,918398295827
3369849;1;3;1; ; ; ; ; ; ; ; ; ; ; ; ;12;991,918398295827
3369849;1;4;1; ; ; ; ; ; ; ; ; ; ; ; ;12;991,918398295827
3369849;1;5;1; ; ; ; ; ; ; ; ; ; ; ; ;12;991,918398295827
3369850;1;1;1; ; ; ; ; ; ; ; ; ; ; ; ;12;453,960942281175
3369850;1;2;1; ; ; ; ; ; ; ; ; ; ; ; ;12;453,960942281175
3369850;1;3;1; ; ; ; ; ; ; ; ; ; ; ; ;12;453,960942281175
3369851;1;1;2;2;15; ;2; ; ;1;2; ; ;1; ;12;310,115020856668
3369851;1;2;2;2;68; ;2; ; ;1;2; ; ;1; ;12;310,115020856668
3369851;1;3;1; ; ; ; ; ; ; ; ; ; ; ; ;12;310,115020856668
3369851;1;4;1; ; ; ; ; ; ; ; ; ; ; ; ;12;310,115020856668
3369852;1;1;1; ; ; ; ; ; ; ; ; ; ; ; ;12;393,349368966124
3369852;1;2;1; ; ; ; ; ; ; ; ; ; ; ; ;12;393,349368966124
3369852;1;3;1; ; ; ; ; ; ; ; ; ; ; ; ;12;393,349368966124
3369852;1;4;1; ; ; ; ; ; ; ; ; ; ; ; ;12;393,349368966124
3369853;1;1;2;2;54; ;2; ; ;1;2; ; ;1; ;12;229,831575064618
3369853;1;2;1; ; ; ; ; ; ; ; ; ; ; ; ;12;229,831575064618
3369853;1;3;1; ; ; ; ; ; ; ; ; ; ; ; ;12;229,831575064618
3369853;1;4;1; ; ; ; ; ; ; ; ; ; ; ; ;12;229,831575064618
3369854;1;1;1; ; ; ; ; ; ; ; ; ; ; ; ;12;740,47180882399
3369854;1;2;1; ; ; ; ; ; ; ; ; ; ; ; ;12;740,47180882399
3369855;1;1;1; ; ; ; ; ; ; ; ; ; ; ; ;12;937,375181033143
3369855;1;2;2;1; ; ;2; ; ;1;2; ; ;1; ;12;937,375181033143
3369855;1;3;2;1; ; ;2; ; ;1;2; ; ;1; ;12;937,375181033143
3369855;1;4;1; ; ; ; ; ; ; ; ; ; ; ; ;12;937,375181033143
3369855;1;5;1; ; ; ; ; ; ; ; ; ; ; ; ;12;937,375181033143
3369855;1;6;1; ; ; ; ; ; ; ; ; ; ; ; ;12;937,375181033143
3369858;1;1;2;1; ; ;4; ;3; ;2; ; ;1; ;12;485,991658062313
3369858;1;2;2;2;13; ;4; ;3; ;2; ; ;1; ;12;485,991658062313
3369858;1;3;2;1; ; ;4; ;3; ;2; ; ;1; ;12;485,991658062313
3369858;1;4;1; ; ; ; ; ; ; ; ; ; ; ; ;12;485,991658062313
3369859;1;1;1; ; ; ; ; ; ; ; ; ; ; ; ;12;363,980873814531
3369859;1;2;1; ; ; ; ; ; ; ; ; ; ; ; ;12;363,980873814531
3369860;1;1;1; ; ; ; ; ; ; ; ; ; ; ; ;12;343,606203431166
3369860;1;2;1; ; ; ; ; ; ; ; ; ; ; ; ;12;343,606203431166
3369860;1;3;1; ; ; ; ; ; ; ; ; ; ; ; ;12;343,606203431166
3369860;1;4;1; ; ; ; ; ; ; ; ; ; ; ; ;12;343,606203431166
3369861;1;1;1; ; ; ; ; ; ; ; ; ; ; ; ;12;385,422566167567
3369861;1;2;1; ; ; ; ; ; ; ; ; ; ; ; ;12;385,422566167567
3369861;1;3;1; ; ; ; ; ; ; ; ; ; ; ; ;12;385,422566167567
3369861;1;4;1; ; ; ; ; ; ; ; ; ; ; ; ;12;385,422566167567
3369861;1;5;1; ; ; ; ; ; ; ; ; ; ; ; ;12;385,422566167567
3369862;1;1;1; ; ; ; ; ; ; ; ; ; ; ; ;12;912,63882599952
3369862;1;2;1; ; ; ; ; ; ; ; ; ; ; ; ;12;912,63882599952
3369862;1;3;1; ; ; ; ; ; ; ; ; ; ; ; ;12;912,63882599952
3369862;1;4;1; ; ; ; ; ; ; ; ; ; ; ; ;12;912,63882599952
3369863;1;1;1; ; ; ; ; ; ; ; ; ; ; ; ;12;860,871350592817
3369864;1;1;1; ; ; ; ; ; ; ; ; ; ; ; ;12;823,487473645355
3369864;1;2;1; ; ; ; ; ; ; ; ; ; ; ; ;12;823,487473645355
3369864;1;3;1; ; ; ; ; ; ; ; ; ; ; ; ;12;823,487473645355
3369864;1;4;1; ; ; ; ; ; ; ; ; ; ; ; ;12;823,487473645355
3369864;1;5;1; ; ; ; ; ; ; ; ; ; ; ; ;12;823,487473645355
3369864;1;6;1; ; ; ; ; ; ; ; ; ; ; ; ;12;823,487473645355
3369864;1;7;1; ; ; ; ; ; ; ; ; ; ; ; ;12;823,487473645355
3369865;1;1;1; ; ; ; ; ; ; ; ; ; ; ; ;12;594,209871378687
3369866;1;1;1; ; ; ; ; ; ; ; ; ; ; ; ;12;809,790019328479
3369866;1;2;1; ; ; ; ; ; ; ; ; ; ; ; ;12;809,790019328479
3369866;1;3;1; ; ; ; ; ; ; ; ; ; ; ; ;12;809,790019328479
3369866;1;4;1; ; ; ; ; ; ; ; ; ; ; ; ;12;809,790019328479
3369866;1;5;1; ; ; ; ; ; ; ; ; ; ; ; ;12;809,790019328479
3369866;1;6;1; ; ; ; ; ; ; ; ; ; ; ; ;12;809,790019328479
3369867;1;1;2;2;68; ;2; ; ;1;2; ; ;1; ;12;479,736627464849
3369867;1;2;2;2;68; ;2; ; ;1;2; ; ;1; ;12;479,736627464849
3369867;1;3;2;2;68; ;2; ; ;1;2; ; ;1; ;12;479,736627464849
3369867;1;4;1; ; ; ; ; ; ; ; ; ; ; ; ;12;479,736627464849
3369868;1;1;1; ; ; ; ; ; ; ; ; ; ; ; ;12;61,3534408520527
3369868;1;2;2;2;73; ;2; ; ;1;2; ; ;1; ;12;61,3534408520527
3369868;1;3;2;1; ; ;3;18; ;1;2; ; ;1; ;12;61,3534408520527
3369868;1;4;1; ; ; ; ; ; ; ; ; ; ; ; ;12;61,3534408520527
3369868;1;5;1; ; ; ; ; ; ; ; ; ; ; ; ;12;61,3534408520527
3369868;1;6;1; ; ; ; ; ; ; ; ; ; ; ; ;12;61,3534408520527
3369869;1;1;2;1; ; ;3;05; ;1;2; ; ;1; ;12;53,4037620938307
3369869;1;2;1; ; ; ; ; ; ; ; ; ; ; ; ;12;53,4037620938307
3369869;1;3;1; ; ; ; ; ; ; ; ; ; ; ; ;12;53,4037620938307
3369869;1;4;1; ; ; ; ; ; ; ; ; ; ; ; ;12;53,4037620938307
3369870;1;1;1; ; ; ; ; ; ; ; ; ; ; ; ;12;92,8731211534254
3369870;1;2;1; ; ; ; ; ; ; ; ; ; ; ; ;12;92,8731211534254
3369870;1;3;1; ; ; ; ; ; ; ; ; ; ; ; ;12;92,8731211534254
3369871;1;1;2;2;41; ;2; ; ;1;2; ; ;1; ;12;57,1038509181424
3369871;1;2;1; ; ; ; ; ; ; ; ; ; ; ; ;12;57,1038509181424
3369871;1;3;1; ; ; ; ; ; ; ; ; ; ; ; ;12;57,1038509181424
3369872;1;1;1; ; ; ; ; ; ; ; ; ; ; ; ;12;63,2200397479494
3369872;1;2;2;2;73; ;2; ; ;1;2; ; ;1; ;12;63,2200397479494
3369872;1;3;1; ; ; ; ; ; ; ; ; ; ; ; ;12;63,2200397479494
3369872;1;4;1; ; ; ; ; ; ; ; ; ; ; ; ;12;63,2200397479494
3369872;1;5;1; ; ; ; ; ; ; ; ; ; ; ; ;12;63,2200397479494
3369873;1;1;1; ; ; ; ; ; ; ; ; ; ; ; ;12;58,393614523702
3369873;1;2;2;2;18; ;2; ; ;1;2; ; ;1; ;12;58,393614523702
3369873;1;3;2;2;18; ;2; ; ;1;2; ; ;1; ;12;58,393614523702
3369874;1;1;2;2;86; ;2; ; ;1;2; ; ;1; ;12;53,4072419463657
3369874;1;2;1; ; ; ; ; ; ; ; ; ; ; ; ;12;53,4072419463657
3369874;1;3;2;2;73; ;2; ; ;1;2; ; ;1; ;12;53,4072419463657
3369874;1;4;2;2;73; ;2; ; ;1;2; ; ;1; ;12;53,4072419463657
3369874;1;5;2;2;86; ;2; ; ;1;2; ; ;1; ;12;53,4072419463657
3369875;1;1;1; ; ; ; ; ; ; ; ; ; ; ; ;12;65,5362341406481
3369875;1;2;1; ; ; ; ; ; ; ; ; ; ; ; ;12;65,5362341406481
3369875;1;3;1; ; ; ; ; ; ; ; ; ; ; ; ;12;65,5362341406481
3369875;1;4;1; ; ; ; ; ; ; ; ; ; ; ; ;12;65,5362341406481
3369875;1;5;2;1; ; ;3;76; ;1;2; ; ;1; ;12;65,5362341406481
3369876;1;1;2;2;86; ;2; ; ;1;2; ; ;1; ;12;74,0264155848172
3369876;1;2;2;2;41; ;2; ; ;1;2; ; ;1; ;12;74,0264155848172
3369876;1;3;1; ; ; ; ; ; ; ; ; ; ; ; ;12;74,0264155848172
3369876;1;4;1; ; ; ; ; ; ; ; ; ; ; ; ;12;74,0264155848172
3369877;1;1;1; ; ; ; ; ; ; ; ; ; ; ; ;12;61,4541331578396
3369877;1;2;2;2;76; ;2; ; ;1;2; ; ;1; ;12;61,4541331578396
3369877;1;3;2;2;76; ;2; ; ;1;2; ; ;1; ;12;61,4541331578396
3369878;1;1;2;2;76; ;2; ; ;1;2; ; ;1; ;12;75,6113741076056
3369878;1;2;2;2;18; ;2; ; ;1;2; ; ;1; ;12;75,6113741076056
3369879;1;1;2;2;76; ;2; ; ;1;2; ; ;1; ;12;77,4261165980998
3369879;1;2;2;2;41; ;2; ; ;1;2; ; ;1; ;12;77,4261165980998
3369879;1;3;2;1; ; ;3;05; ;1;2; ; ;1; ;12;77,4261165980998
3369879;1;4;2;2;41; ;4; ;11; ;2; ; ;1; ;12;77,4261165980998
3369880;1;1;2;2;41; ;2; ; ;1;2; ; ;1; ;12;63,942859087151
3369880;1;2;1; ; ; ; ; ; ; ; ; ; ; ; ;12;63,942859087151
3369880;1;3;1; ; ; ; ; ; ; ; ; ; ; ; ;12;63,942859087151
3369882;1;1;2;2;73; ;2; ; ;1;2; ; ;1; ;12;75,1286696433218
3369882;1;2;2;2;41; ;2; ; ;1;2; ; ;1; ;12;75,1286696433218
3369884;1;1;1; ; ; ; ; ; ; ; ; ; ; ; ;12;70,4047917758366
3369884;1;2;1; ; ; ; ; ; ; ; ; ; ; ; ;12;70,4047917758366
3369884;1;3;1; ; ; ; ; ; ; ; ; ; ; ; ;12;70,4047917758366
3369885;1;1;2;2;73; ;2; ; ;1;2; ; ;1; ;12;83,9224625354284
3369885;1;2;2;2;18; ;2; ; ;1;2; ; ;1; ;12;83,9224625354284
3369885;1;3;2;2;18; ;2; ; ;1;2; ; ;1; ;12;83,9224625354284
3369886;1;1;1; ; ; ; ; ; ; ; ; ; ; ; ;12;64,8712130231098
3369886;1;2;1; ; ; ; ; ; ; ; ; ; ; ; ;12;64,8712130231098
3369886;1;3;1; ; ; ; ; ; ; ; ; ; ; ; ;12;64,8712130231098
3369886;1;4;1; ; ; ; ; ; ; ; ; ; ; ; ;12;64,8712130231098
3369887;1;1;2;2;41; ;2; ; ;1;2; ; ;1; ;12;46,6466987926881
3369887;1;2;2;2;05; ;2; ; ;1;2; ; ;1; ;12;46,6466987926881
3369887;1;3;1; ; ; ; ; ; ; ; ; ; ; ; ;12;46,6466987926881
3369888;1;1;2;2;73; ;2; ; ;1;2; ; ;1; ;12;61,5325338683989
3369888;1;2;1; ; ; ; ; ; ; ; ; ; ; ; ;12;61,5325338683989
3369888;1;3;1; ; ; ; ; ; ; ; ; ; ; ; ;12;61,5325338683989
3369888;1;4;1; ; ; ; ; ; ; ; ; ; ; ; ;12;61,5325338683989
3369891;1;1;2;2;73; ;2; ; ;1;2; ; ;1; ;12;93,8491533072042
3369891;1;2;2;2;73; ;2; ; ;1;2; ; ;1; ;12;93,8491533072042
3369891;1;3;2;2;73; ;2; ; ;1;2; ; ;1; ;12;93,8491533072042
3369891;1;4;2;2;18; ;2; ; ;1;2; ; ;1; ;12;93,8491533072042
3369891;1;5;1; ; ; ; ; ; ; ; ; ; ; ; ;12;93,8491533072042
3369892;1;1;1; ; ; ; ; ; ; ; ; ; ; ; ;12;66,7203687622471
3369892;1;2;1; ; ; ; ; ; ; ; ; ; ; ; ;12;66,7203687622471
3369892;1;3;1; ; ; ; ; ; ; ; ; ; ; ; ;12;66,7203687622471
3369892;1;4;1; ; ; ; ; ; ; ; ; ; ; ; ;12;66,7203687622471
3369892;1;5;1; ; ; ; ; ; ; ; ; ; ; ; ;12;66,7203687622471
3369893;1;1;2;2;41; ;2; ; ;1;2; ; ;1; ;12;75,1286696433218
3369893;1;2;1; ; ; ; ; ; ; ; ; ; ; ; ;12;75,1286696433218
3369894;1;1;2;2;18; ;2; ; ;1;2; ; ;1; ;12;70,7783874036246
3369894;1;2;2;2;18; ;2; ; ;1;2; ; ;1; ;12;70,7783874036246
3369895;1;1;2;2;11; ;3;41; ;1;2; ; ;1; ;12;50,2683226016688
3369895;1;2;2;2;41; ;3;41; ;1;2; ; ;1; ;12;50,2683226016688
3369895;1;3;2;2;41; ;3;41; ;1;2; ; ;1; ;12;50,2683226016688
3369895;1;4;2;2;73; ;3;41; ;1;2; ; ;1; ;12;50,2683226016688
3369896;1;1;1; ; ; ; ; ; ; ; ; ; ; ; ;12;61,6231848419172
3369896;1;2;1; ; ; ; ; ; ; ; ; ; ; ; ;12;61,6231848419172
3369897;1;1;1; ; ; ; ; ; ; ; ; ; ; ; ;12;80,4883482735028
3369897;1;2;1; ; ; ; ; ; ; ; ; ; ; ; ;12;80,4883482735028
3369897;1;3;1; ; ; ; ; ; ; ; ; ; ; ; ;12;80,4883482735028
3369897;1;4;1; ; ; ; ; ; ; ; ; ; ; ; ;12;80,4883482735028
3369898;1;1;2;2;18; ;2; ; ;1;2; ; ;1; ;12;61,984594511518
3369902;1;1;1; ; ; ; ; ; ; ; ; ; ; ; ;12;80,9710527377866
3369902;1;2;2;2;86; ;2; ; ;1;2; ; ;1; ;12;80,9710527377866
3369902;1;3;1; ; ; ; ; ; ; ; ; ; ; ; ;12;80,9710527377866
3369902;1;4;1; ; ; ; ; ; ; ; ; ; ; ; ;12;80,9710527377866
3369903;1;1;2;2;41; ;2; ; ;1;2; ; ;1; ;12;89,2821411656094
3369903;1;2;1; ; ; ; ; ; ; ; ; ; ; ; ;12;89,2821411656094
3369903;1;3;1; ; ; ; ; ; ; ; ; ; ; ; ;12;89,2821411656094
3369903;1;4;1; ; ; ; ; ; ; ; ; ; ; ; ;12;89,2821411656094
3369903;1;5;1; ; ; ; ; ; ; ; ; ; ; ; ;12;89,2821411656094
3369904;1;1;1; ; ; ; ; ; ; ; ; ; ; ; ;12;61,984594511518
3369905;1;1;1; ; ; ; ; ; ; ; ; ; ; ; ;12;75,6113741076056
3369905;1;2;1; ; ; ; ; ; ; ; ; ; ; ; ;12;75,6113741076056
3369906;1;1;1; ; ; ; ; ; ; ; ; ; ; ; ;12;90,945500398957
3369906;1;2;1; ; ; ; ; ; ; ; ; ; ; ; ;12;90,945500398957
3369906;1;3;1; ; ; ; ; ; ; ; ; ; ; ; ;12;90,945500398957
3369906;1;4;1; ; ; ; ; ; ; ; ; ; ; ; ;12;90,945500398957
3369907;1;1;2;2;11; ;2; ; ;1;2; ; ;1; ;12;80,4098832581717
3369907;1;2;1; ; ; ; ; ; ; ; ; ; ; ; ;12;80,4098832581717
3369907;1;3;1; ; ; ; ; ; ; ; ; ; ; ; ;12;80,4098832581717
3369907;1;4;1; ; ; ; ; ; ; ; ; ; ; ; ;12;80,4098832581717
3369907;1;5;1; ; ; ; ; ; ; ; ; ; ; ; ;12;80,4098832581717
3369907;1;6;1; ; ; ; ; ; ; ; ; ; ; ; ;12;80,4098832581717
3369908;1;1;2;2;76; ;2; ; ;1;2; ; ;1; ;12;70,4169777340238
3369908;1;2;1; ; ; ; ; ; ; ; ; ; ; ; ;12;70,4169777340238
3369908;1;3;1; ; ; ; ; ; ; ; ; ; ; ; ;12;70,4169777340238
3369911;1;1;2;2;18; ;2; ; ;1;2; ; ;1; ;12;32,8423416679149
3369911;1;2;1; ; ; ; ; ; ; ; ; ; ; ; ;12;32,8423416679149
3369911;1;3;1; ; ; ; ; ; ; ; ; ; ; ; ;12;32,8423416679149
3369911;1;4;1; ; ; ; ; ; ; ; ; ; ; ; ;12;32,8423416679149
3369911;1;5;1; ; ; ; ; ; ; ; ; ; ; ; ;12;32,8423416679149
3369911;1;6;1; ; ; ; ; ; ; ; ; ; ; ; ;12;32,8423416679149
3369912;1;1;1; ; ; ; ; ; ; ; ; ; ; ; ;12;60,8039397424541
3369912;1;2;1; ; ; ; ; ; ; ; ; ; ; ; ;12;60,8039397424541
3369913;1;1;1; ; ; ; ; ; ; ; ; ; ; ; ;12;84,5620327256025
3369913;1;2;2;2;63; ;2; ; ;1;2; ; ;1; ;12;84,5620327256025
3369916;1;1;2;2;73; ;2; ; ;1;2; ; ;1; ;12;32,8423416679149
3369916;1;2;2;2;18; ;3;18; ;1;2; ; ;1; ;12;32,8423416679149
3369916;1;3;2;2;18; ;3;18; ;1;2; ; ;1; ;12;32,8423416679149
3369916;1;4;2;2;18; ;3;18; ;1;2; ; ;1; ;12;32,8423416679149
3369916;1;5;2;2;63; ;3;18; ;1;2; ; ;1; ;12;32,8423416679149
3369916;1;6;2;2;63; ;3;11; ;1;2; ; ;1; ;12;32,8423416679149
3369916;1;7;2;1; ; ;3;18; ;1;2; ; ;1; ;12;32,8423416679149
3369917;1;1;2;2;18; ;2; ; ;1;2; ; ;1; ;12;70,1646769009187
3369917;1;2;1; ; ; ; ; ; ; ; ; ; ; ; ;12;70,1646769009187
3369917;1;3;1; ; ; ; ; ; ; ; ; ; ; ; ;12;70,1646769009187
3369917;1;4;1; ; ; ; ; ; ; ; ; ; ; ; ;12;70,1646769009187
3369917;1;5;1; ; ; ; ; ; ; ; ; ; ; ; ;12;70,1646769009187
3369918;1;1;1; ; ; ; ; ; ; ; ; ; ; ; ;12;74,4784762279363
3369919;1;1;2;2;17; ;3;86; ;2;2; ; ;1; ;12;69,9649170909047
3369919;1;2;2;2;52; ;3;86; ;2;2; ; ;1; ;12;69,9649170909047
3369919;1;3;2;2;18; ;2; ; ;2;2; ; ;1; ;12;69,9649170909047
3369919;1;4;2;2;18; ;3;86; ;2;2; ; ;1; ;12;69,9649170909047
3369919;1;5;2;2;86; ;3;86; ;2;2; ; ;1; ;12;69,9649170909047
3369919;1;6;2;2;86; ;1; ; ; ;2; ; ;1; ;12;69,9649170909047
3369920;1;1;1; ; ; ; ; ; ; ; ; ; ; ; ;12;123,150855905045
3369920;1;2;1; ; ; ; ; ; ; ; ; ; ; ; ;12;123,150855905045
3369920;1;3;1; ; ; ; ; ; ; ; ; ; ; ; ;12;123,150855905045
3369920;1;4;1; ; ; ; ; ; ; ; ; ; ; ; ;12;123,150855905045
3369921;1;1;2;1; ; ;2; ; ;1;2; ; ;1; ;12;153,819108487748
3369921;1;2;1; ; ; ; ; ; ; ; ; ; ; ; ;12;153,819108487748
3369921;1;3;1; ; ; ; ; ; ; ; ; ; ; ; ;12;153,819108487748
3369921;1;4;1; ; ; ; ; ; ; ; ; ; ; ; ;12;153,819108487748
3369921;1;5;1; ; ; ; ; ; ; ; ; ; ; ; ;12;153,819108487748
3369921;1;6;1; ; ; ; ; ; ; ; ; ; ; ; ;12;153,819108487748
3369922;1;1;2;2;18; ;3;18; ;2;2; ; ;1; ;12;130,465245385421
3369922;1;2;2;2;18; ;2; ; ;1;2; ; ;1; ;12;130,465245385421
3369922;1;3;1; ; ; ; ; ; ; ; ; ; ; ; ;12;130,465245385421
3369923;1;1;2;2;68; ;3;27; ;1;3;68; ;1; ;12;148,956952455873
3369924;1;1;2;2;41; ;3;18; ;2;2; ; ;1; ;12;113,242292907717
3369924;1;2;2;2;41; ;3;18; ;2;2; ; ;1; ;12;113,242292907717
3369924;1;3;1; ; ; ; ; ; ; ; ; ; ; ; ;12;113,242292907717
3369925;1;1;2;2;41; ;2; ; ;1;2; ; ;1; ;12;74,0264155848172
3369925;1;2;1; ; ; ; ; ; ; ; ; ; ; ; ;12;74,0264155848172
3369925;1;3;1; ; ; ; ; ; ; ; ; ; ; ; ;12;74,0264155848172
3369925;1;4;1; ; ; ; ; ; ; ; ; ; ; ; ;12;74,0264155848172
3369926;1;1;2;2;18; ;3;18; ;2;3;18; ;2;4;12;57,1038509181424
3369926;1;2;2;2;18; ;3;18; ;2;3;18; ;2;4;12;57,1038509181424
3369926;1;3;2;1; ; ;3;18; ;2;2; ; ;1; ;12;57,1038509181424
3369927;1;1;2;2;41; ;2; ; ;1;2; ; ;1; ;12;50,5571063474535
3369927;1;2;1; ; ; ; ; ; ; ; ; ; ; ; ;12;50,5571063474535
3369927;1;3;1; ; ; ; ; ; ; ; ; ; ; ; ;12;50,5571063474535
3369927;1;4;1; ; ; ; ; ; ; ; ; ; ; ; ;12;50,5571063474535
3369927;1;5;1; ; ; ; ; ; ; ; ; ; ; ; ;12;50,5571063474535
3369927;1;6;1; ; ; ; ; ; ; ; ; ; ; ; ;12;50,5571063474535
3369928;1;1;2;2;54; ;3;68; ;1;2; ; ;1; ;12;75,768239833496
3369929;1;1;2;1; ; ;4; ;2; ;4; ;2; ;4;12;74,4784762279363
3369930;1;1;2;1; ; ;3;11; ;1;2; ; ;1; ;12;44,7190780382198
3369930;1;2;2;1; ; ;3;11; ;1;2; ; ;1; ;12;44,7190780382198
3369930;1;3;1; ; ; ; ; ; ; ; ; ; ; ; ;12;44,7190780382198
3369930;1;4;2;2;41; ;2; ; ;1;2; ; ;1; ;12;44,7190780382198
3369931;1;1;2;1; ; ;3;41; ;1;3;41; ;1; ;12;52,581875250402
3369931;1;2;2;1; ; ;3;41; ;1;2; ; ;1; ;12;52,581875250402
3369931;1;3;2;1; ; ;3;41; ;1;2; ; ;1; ;12;52,581875250402
3369931;1;4;2;2;41; ;2; ; ;1;2; ; ;1; ;12;52,581875250402
3369932;1;1;2;2;18; ;3;18; ;1;2; ; ;1; ;12;75,768239833496
3369933;1;1;2;2;18; ;3;18; ;2;3;18; ;2;4;12;54,802634535886
3369933;1;2;2;2;18; ;3;18; ;2;3;68; ;1; ;12;54,802634535886
3369933;1;3;2;2;76; ;3;18; ;2;2; ; ;1; ;12;54,802634535886
3369933;1;4;2;2;18; ;3;18; ;2;3;18; ;2;2;12;54,802634535886
3369933;1;5;2;2;18; ;3;18; ;2;3;18; ;2;2;12;54,802634535886
3369934;1;1;2;1; ; ;2; ; ;1;2; ; ;1; ;12;60,4425300728533
3369934;1;2;2;2;18; ;2; ; ;1;2; ; ;1; ;12;60,4425300728533
3369934;1;3;1; ; ; ; ; ; ; ; ; ; ; ; ;12;60,4425300728533
3369935;1;1;1; ; ; ; ; ; ; ; ; ; ; ; ;12;74,4784762279363
3369936;1;1;1; ; ; ; ; ; ; ; ; ; ; ; ;12;123,969189023036
3369937;1;1;1; ; ; ; ; ; ; ; ; ; ; ; ;12;144,032255148528
3369937;1;2;1; ; ; ; ; ; ; ; ; ; ; ; ;12;144,032255148528
3369937;1;3;1; ; ; ; ; ; ; ; ; ; ; ; ;12;144,032255148528
3369937;1;4;1; ; ; ; ; ; ; ; ; ; ; ; ;12;144,032255148528
3369937;1;5;1; ; ; ; ; ; ; ; ; ; ; ; ;12;144,032255148528
3369937;1;6;1; ; ; ; ; ; ; ; ; ; ; ; ;12;144,032255148528
3369937;1;7;1; ; ; ; ; ; ; ; ; ; ; ; ;12;144,032255148528
3369937;1;8;1; ; ; ; ; ; ; ; ; ; ; ; ;12;144,032255148528
3369937;1;9;1; ; ; ; ; ; ; ; ; ; ; ; ;12;144,032255148528
3369938;1;1;2;2;19; ;2; ; ;1;2; ; ;1; ;12;67,4761911615933
3369938;1;2;2;2;19; ;2; ; ;1;2; ; ;1; ;12;67,4761911615933
3369938;1;3;1; ; ; ; ; ; ; ; ; ; ; ; ;12;67,4761911615933
3369938;1;4;1; ; ; ; ; ; ; ; ; ; ; ; ;12;67,4761911615933
3369938;1;5;1; ; ; ; ; ; ; ; ; ; ; ; ;12;67,4761911615933
3369938;1;6;2;2;19; ;2; ; ;1;2; ; ;1; ;12;67,4761911615933
3369939;1;1;2;2;73; ;2; ; ;1;2; ; ;1; ;12;75,6113741076056
3369939;1;2;2;2;73; ;2; ; ;1;2; ; ;1; ;12;75,6113741076056
3369940;1;1;1; ; ; ; ; ; ; ; ; ; ; ; ;12;73,9957717636526
3369941;1;1;1; ; ; ; ; ; ; ; ; ; ; ; ;12;73,6650059152164
3369941;1;2;1; ; ; ; ; ; ; ; ; ; ; ; ;12;73,6650059152164
3369941;1;3;1; ; ; ; ; ; ; ; ; ; ; ; ;12;73,6650059152164
3369941;1;4;1; ; ; ; ; ; ; ; ; ; ; ; ;12;73,6650059152164
3369941;1;5;1; ; ; ; ; ; ; ; ; ; ; ; ;12;73,6650059152164
3369942;1;1;1; ; ; ; ; ; ; ; ; ; ; ; ;12;61,6231848419172
3369942;1;2;1; ; ; ; ; ; ; ; ; ; ; ; ;12;61,6231848419172
3369943;1;1;1; ; ; ; ; ; ; ; ; ; ; ; ;12;91,4388280884522
3369943;1;2;1; ; ; ; ; ; ; ; ; ; ; ; ;12;91,4388280884522
3369943;1;3;1; ; ; ; ; ; ; ; ; ; ; ; ;12;91,4388280884522
3369943;1;4;1; ; ; ; ; ; ; ; ; ; ; ; ;12;91,4388280884522
3369943;1;5;1; ; ; ; ; ; ; ; ; ; ; ; ;12;91,4388280884522
3369943;1;6;2;2;41; ;2; ; ;1;2; ; ;1; ;12;91,4388280884522
3369944;1;1;1; ; ; ; ; ; ; ; ; ; ; ; ;12;60,8039397424541
3369944;1;2;2;2;18; ;2; ; ;1;2; ; ;1; ;12;60,8039397424541
3369947;1;1;2;2;25; ;2; ; ;1;2; ; ;1; ;12;73,9957717636526
3369948;1;1;1; ; ; ; ; ; ; ; ; ; ; ; ;12;104,367736051334
3369948;1;2;1; ; ; ; ; ; ; ; ; ; ; ; ;12;104,367736051334
3369948;1;3;1; ; ; ; ; ; ; ; ; ; ; ; ;12;104,367736051334
3369948;1;4;1; ; ; ; ; ; ; ; ; ; ; ; ;12;104,367736051334
3369948;1;5;1; ; ; ; ; ; ; ; ; ; ; ; ;12;104,367736051334
3369949;1;1;2;2;41; ;2; ; ;1;2; ; ;1; ;12;126,251817843792
3369949;1;2;1; ; ; ; ; ; ; ; ; ; ; ; ;12;126,251817843792
3369949;1;3;1; ; ; ; ; ; ; ; ; ; ; ; ;12;126,251817843792
3369949;1;4;1; ; ; ; ; ; ; ; ; ; ; ; ;12;126,251817843792
3369949;1;5;1; ; ; ; ; ; ; ; ; ; ; ; ;12;126,251817843792
3369949;1;6;1; ; ; ; ; ; ; ; ; ; ; ; ;12;126,251817843792
3369950;1;1;1; ; ; ; ; ; ; ; ; ; ; ; ;12;154,54192782695
3369950;1;2;1; ; ; ; ; ; ; ; ; ; ; ; ;12;154,54192782695
3369950;1;3;1; ; ; ; ; ; ; ; ; ; ; ; ;12;154,54192782695
3369950;1;4;1; ; ; ; ; ; ; ; ; ; ; ; ;12;154,54192782695
3369950;1;5;1; ; ; ; ; ; ; ; ; ; ; ; ;12;154,54192782695
3369951;1;1;2;2;41; ;2; ; ;1;2; ; ;1; ;12;71,6160903660652
3369951;1;2;1; ; ; ; ; ; ; ; ; ; ; ; ;12;71,6160903660652
3369951;1;3;1; ; ; ; ; ; ; ; ; ; ; ; ;12;71,6160903660652
3369951;1;4;2;1; ; ;3;76; ;1;2; ; ;1; ;12;71,6160903660652
3369951;1;5;2;2;76; ;2; ; ;1;2; ; ;1; ;12;71,6160903660652
3369952;1;1;2;2;50; ;2; ; ;1;2; ; ;1; ;12;87,3545204111411
3369952;1;2;2;2;41; ;2; ; ;1;2; ; ;1; ;12;87,3545204111411
3369952;1;3;2;2;41; ;2; ; ;1;2; ; ;1; ;12;87,3545204111411
3369952;1;4;2;2;18; ;2; ; ;1;2; ; ;1; ;12;87,3545204111411
3369952;1;5;1; ; ; ; ; ; ; ; ; ; ; ; ;12;87,3545204111411
3369952;1;6;1; ; ; ; ; ; ; ; ; ; ; ; ;12;87,3545204111411
3369953;1;1;1; ; ; ; ; ; ; ; ; ; ; ; ;12;63,4601546228673
3369953;1;2;1; ; ; ; ; ; ; ; ; ; ; ; ;12;63,4601546228673
3369953;1;3;1; ; ; ; ; ; ; ; ; ; ; ; ;12;63,4601546228673
3369954;1;1;1; ; ; ; ; ; ; ; ; ; ; ; ;12;63,2200397479494
3369954;1;2;2;2;41; ;2; ; ;1;2; ; ;1; ;12;63,2200397479494
3369954;1;3;1; ; ; ; ; ; ; ; ; ; ; ; ;12;63,2200397479494
3369954;1;4;1; ; ; ; ; ; ; ; ; ; ; ; ;12;63,2200397479494
3369954;1;5;1; ; ; ; ; ; ; ; ; ; ; ; ;12;63,2200397479494
3369955;1;1;2;2;18; ;3;73; ;1;3;18; ;1; ;12;74,4784762279363
3369956;1;1;1; ; ; ; ; ; ; ; ; ; ; ; ;12;60,4425300728533
3369956;1;2;2;2;18; ;2; ; ;1;2; ; ;1; ;12;60,4425300728533
3369956;1;3;1; ; ; ; ; ; ; ; ; ; ; ; ;12;60,4425300728533
3369959;1;1;2;2;76; ;2; ; ;1;2; ; ;1; ;12;173,454546632069
3369959;1;2;2;1; ; ;2; ; ;1;2; ; ;1; ;12;173,454546632069
3369959;1;3;1; ; ; ; ; ; ; ; ; ; ; ; ;12;173,454546632069
3369959;1;4;2;2;66; ;2; ; ;1;2; ; ;1; ;12;173,454546632069
3369959;1;5;2;2;76; ;2; ; ;1;2; ; ;1; ;12;173,454546632069
3369960;1;1;2;2;63; ;2; ; ;1;2; ; ;1; ;12;98,0345288095008
3369960;1;2;2;2;63; ;2; ; ;1;2; ; ;1; ;12;98,0345288095008
3369960;1;3;2;2;63; ;2; ; ;1;2; ; ;1; ;12;98,0345288095008
3369960;1;4;2;2;63; ;2; ; ;1;2; ; ;1; ;12;98,0345288095008
3369961;1;1;2;2;54; ;2; ; ;1;3;50; ;2; ;12;996,676780934482
3369961;1;2;2;2;25; ;2; ; ;1;3;50; ;2; ;12;996,676780934482
3369962;1;1;2;2;54; ;2; ; ;1;2; ; ;1; ;12;1355,85127275223
3369962;1;2;2;2;68; ;2; ; ;1;2; ; ;1; ;12;1355,85127275223
3369962;1;3;2;1; ; ;2; ; ;1;2; ; ;1; ;12;1355,85127275223
3369962;1;4;1; ; ; ; ; ; ; ; ; ; ; ; ;12;1355,85127275223
3369962;1;5;1; ; ; ; ; ; ; ; ; ; ; ; ;12;1355,85127275223
3369962;1;6;1; ; ; ; ; ; ; ; ; ; ; ; ;12;1355,85127275223
3369962;1;7;2;2;11; ;3;11; ;1;2; ; ;1; ;12;1355,85127275223
3369963;1;1;2;2;54; ;2; ; ;1;2; ; ;1; ;12;532,339994167
3369963;1;2;2;1; ; ;2; ; ;1;2; ; ;1; ;12;532,339994167
3369963;1;3;2;1; ; ;2; ; ;1;2; ; ;1; ;12;532,339994167
3369963;1;4;2;2;20; ;2; ; ;1;2; ; ;1; ;12;532,339994167
3369964;1;1;1; ; ; ; ; ; ; ; ; ; ; ; ;12;1177,08770698995
3369964;1;2;2;2;54; ;3;54; ;2;2; ; ;1; ;12;1177,08770698995
3369964;1;3;2;1; ; ;3;54; ;2;2; ; ;1; ;12;1177,08770698995
3369964;1;4;2;1; ; ;3;54; ;2;2; ; ;1; ;12;1177,08770698995
3369964;1;5;1; ; ; ; ; ; ; ; ; ; ; ; ;12;1177,08770698995
3369965;1;1;2;2;54; ;2; ; ;1;2; ; ;1; ;12;1107,63276988579
3369965;1;2;2;2;20; ;3;20; ;2;2; ; ;1; ;12;1107,63276988579
3369966;1;1;2;2;20; ;3;20; ;1;2; ; ;1; ;12;1212,31971321249
3369966;1;2;2;2;54; ;3;20; ;1;2; ; ;1; ;12;1212,31971321249
3369966;1;3;2;2;20; ;3;20; ;1;2; ; ;1; ;12;1212,31971321249
3369966;1;4;2;2;20; ;1; ; ; ;2; ; ;1; ;12;1212,31971321249
3369967;1;1;1; ; ; ; ; ; ; ; ; ; ; ; ;12;1171,35353455833
3369968;1;1;2;2;54; ;2; ; ;1;2; ; ;1; ;12;912,890342712173
3369969;1;1;1; ; ; ; ; ; ; ; ; ; ; ; ;12;663,150451392631
3369969;1;2;2;2;20; ;2; ; ;1;2; ; ;1; ;12;663,150451392631
3369969;1;3;1; ; ; ; ; ; ; ; ; ; ; ; ;12;663,150451392631
3369969;1;4;1; ; ; ; ; ; ; ; ; ; ; ; ;12;663,150451392631
3369970;1;1;2;2;20; ;2; ; ;1;2; ; ;1; ;12;923,137167622641
3369970;1;2;1; ; ; ; ; ; ; ; ; ; ; ; ;12;923,137167622641
3369971;1;1;2;2;54; ;2; ; ;1;2; ; ;1; ;12;532,339994167
3369971;1;2;1; ; ; ; ; ; ; ; ; ; ; ; ;12;532,339994167
3369971;1;3;1; ; ; ; ; ; ; ; ; ; ; ; ;12;532,339994167
3369971;1;4;1; ; ; ; ; ; ; ; ; ; ; ; ;12;532,339994167
3369971;1;5;1; ; ; ; ; ; ; ; ; ; ; ; ;12;532,339994167
3369971;1;6;1; ; ; ; ; ; ; ; ; ; ; ; ;12;532,339994167
3369971;1;7;2;2;54; ;2; ; ;1;2; ; ;1; ;12;532,339994167
3369972;1;1;2;2;54; ;3;54; ;1;2; ; ;2; ;12;1763,87126577763
3369972;1;2;2;2;54; ;3;54; ;1;2; ; ;2; ;12;1763,87126577763
3369972;1;3;1; ; ; ; ; ; ; ; ; ; ; ; ;12;1763,87126577763
3369973;1;1;2;2;54; ;2; ; ;1;2; ; ;1; ;12;833,544762289504
3369973;1;2;2;2;54; ;2; ; ;1;2; ; ;1; ;12;833,544762289504
3369973;1;3;1; ; ; ; ; ; ; ; ; ; ; ; ;12;833,544762289504
3369973;1;4;1; ; ; ; ; ; ; ; ; ; ; ; ;12;833,544762289504
3369974;1;1;1; ; ; ; ; ; ; ; ; ; ; ; ;12;1351,09098429112
3369974;1;2;1; ; ; ; ; ; ; ; ; ; ; ; ;12;1351,09098429112
3369974;1;3;1; ; ; ; ; ; ; ; ; ; ; ; ;12;1351,09098429112
3369974;1;4;1; ; ; ; ; ; ; ; ; ; ; ; ;12;1351,09098429112
3369974;1;5;1; ; ; ; ; ; ; ; ; ; ; ; ;12;1351,09098429112
3369975;1;1;1; ; ; ; ; ; ; ; ; ; ; ; ;12;912,890342712173
3369977;1;1;1; ; ; ; ; ; ; ; ; ; ; ; ;12;1126,23743516083
3369977;1;2;2;1; ; ;2; ; ;1;2; ; ;1; ;12;1126,23743516083
3369977;1;3;1; ; ; ; ; ; ; ; ; ; ; ; ;12;1126,23743516083
3369979;1;1;2;2;20; ;3;20; ;1;3;20; ;1; ;12;1155,29423697507
3369979;1;2;2;2;20; ;3;20; ;1;3;20; ;1; ;12;1155,29423697507
3369980;1;1;1; ; ; ; ; ; ; ; ; ; ; ; ;12;1299,32135186308
3369980;1;2;2;2;54; ;2; ; ;1;2; ; ;1; ;12;1299,32135186308
3369980;1;3;1; ; ; ; ; ; ; ; ; ; ; ; ;12;1299,32135186308
3369980;1;4;1; ; ; ; ; ; ; ; ; ; ; ; ;12;1299,32135186308
3369981;1;1;1; ; ; ; ; ; ; ; ; ; ; ; ;12;975,087583000863
3369981;1;2;1; ; ; ; ; ; ; ; ; ; ; ; ;12;975,087583000863
3369982;1;1;1; ; ; ; ; ; ; ; ; ; ; ; ;12;1126,23743516083
3369982;1;2;1; ; ; ; ; ; ; ; ; ; ; ; ;12;1126,23743516083
3369982;1;3;1; ; ; ; ; ; ; ; ; ; ; ; ;12;1126,23743516083
3369983;1;1;2;2;68; ;3;68; ;1;3;68; ;2; ;12;1816,51458138139
3369983;1;2;2;2;68; ;3;68; ;1;3;68; ;2; ;12;1816,51458138139
3369983;1;3;2;2;68; ;3;68; ;1;3;68; ;2; ;12;1816,51458138139
3369983;1;4;2;2;68; ;1; ; ; ;3;68; ;2; ;12;1816,51458138139
3369984;1;1;2;2;54; ;3;20; ;1;2; ; ;1; ;12;1129,42259631448
3369984;1;2;2;2;20; ;2; ; ;1;2; ; ;1; ;12;1129,42259631448
3369984;1;3;2;2;11; ;2; ; ;1;2; ; ;1; ;12;1129,42259631448
3369985;1;1;1; ; ; ; ; ; ; ; ; ; ; ; ;12;912,890342712173
3369986;1;1;2;2;47; ;3;13; ;1;2; ; ;1; ;12;1113,36329873121
3369986;1;2;1; ; ; ; ; ; ; ; ; ; ; ; ;12;1113,36329873121
3369986;1;3;1; ; ; ; ; ; ; ; ; ; ; ; ;12;1113,36329873121
3369986;1;4;1; ; ; ; ; ; ; ; ; ; ; ; ;12;1113,36329873121
3369987;1;1;1; ; ; ; ; ; ; ; ; ; ; ; ;12;1019,5638889365
3369987;1;2;1; ; ; ; ; ; ; ; ; ; ; ; ;12;1019,5638889365
3369988;1;1;1; ; ; ; ; ; ; ; ; ; ; ; ;12;1032,99587500061
3369988;1;2;1; ; ; ; ; ; ; ; ; ; ; ; ;12;1032,99587500061
3369988;1;3;1; ; ; ; ; ; ; ; ; ; ; ; ;12;1032,99587500061
3369989;1;1;1; ; ; ; ; ; ; ; ; ; ; ; ;12;868,414036776533
3369990;1;1;2;2;20; ;2; ; ;1;2; ; ;1; ;12;1144,98633854947
3369990;1;2;1; ; ; ; ; ; ; ; ; ; ; ; ;12;1144,98633854947
3369990;1;3;1; ; ; ; ; ; ; ; ; ; ; ; ;12;1144,98633854947
3369991;1;1;1; ; ; ; ; ; ; ; ; ; ; ; ;12;1299,32135186308
3369991;1;2;1; ; ; ; ; ; ; ; ; ; ; ; ;12;1299,32135186308
3369991;1;3;1; ; ; ; ; ; ; ; ; ; ; ; ;12;1299,32135186308
3369991;1;4;1; ; ; ; ; ; ; ; ; ; ; ; ;12;1299,32135186308
3369992;1;1;2;2;54; ;2; ; ;1;2; ; ;1; ;12;923,137167622641
3369992;1;2;2;2;54; ;2; ; ;1;2; ; ;1; ;12;923,137167622641
3369993;1;1;1; ; ; ; ; ; ; ; ; ; ; ; ;12;1277,53152543439
3369993;1;2;2;2;68; ;3;68; ;1;2; ; ;1; ;12;1277,53152543439
3369993;1;3;2;2;68; ;1; ; ; ;2; ; ;1; ;12;1277,53152543439
3369994;1;1;2;2;54; ;2; ; ;2;2; ; ;2; ;12;1298,14930504044
3369994;1;2;2;2;54; ;2; ; ;2;2; ; ;2; ;12;1298,14930504044
3369994;1;3;2;2;54; ;2; ; ;2;2; ; ;2; ;12;1298,14930504044
3369995;1;1;2;2;20; ;2; ; ;1;2; ; ;1; ;12;1041,92540231562
3369995;1;2;1; ; ; ; ; ; ; ; ; ; ; ; ;12;1041,92540231562
3369995;1;3;1; ; ; ; ; ; ; ; ; ; ; ; ;12;1041,92540231562
3369995;1;4;1; ; ; ; ; ; ; ; ; ; ; ; ;12;1041,92540231562
3369996;1;1;1; ; ; ; ; ; ; ; ; ; ; ; ;12;1171,35353455833
3369997;1;1;2;2;54; ;2; ; ;1;2; ; ;1; ;12;868,414036776533
3369998;1;1;2;1; ; ;2; ; ;1;2; ; ;1; ;12;1074,92681324447
3369999;1;1;1; ; ; ; ; ; ; ; ; ; ; ; ;12;682,394910129534
3369999;1;2;2;2;54; ;2; ; ;1;2; ; ;1; ;12;682,394910129534
3369999;1;3;1; ; ; ; ; ; ; ; ; ; ; ; ;12;682,394910129534
3370000;1;1;2;2;54; ;3;20; ;1;2; ; ;1; ;12;1171,35353455833
3370001;1;1;1; ; ; ; ; ; ; ; ; ; ; ; ;12;1042,42095766389
3370001;1;2;2;2;54; ;2; ; ;1;2; ; ;1; ;12;1042,42095766389
3370001;1;3;1; ; ; ; ; ; ; ; ; ; ; ; ;12;1042,42095766389
3370003;1;1;2;2;17; ;2; ; ;2;2; ; ;2; ;12;1588,75489106513
3370003;1;2;2;2;17; ;2; ; ;2;2; ; ;2; ;12;1588,75489106513
3370003;1;3;2;2;17; ;2; ; ;2;2; ; ;2; ;12;1588,75489106513
3370003;1;4;2;2;17; ;2; ; ;2;2; ; ;2; ;12;1588,75489106513
3370004;1;1;2;2;68; ;2; ; ;2;2; ; ;2; ;12;1986,93734024905
3370004;1;2;1; ; ; ; ; ; ; ; ; ; ; ; ;12;1986,93734024905
3370004;1;3;1; ; ; ; ; ; ; ; ; ; ; ; ;12;1986,93734024905
3370005;1;1;1; ; ; ; ; ; ; ; ; ; ; ; ;12;769,823997616961
3370005;1;2;1; ; ; ; ; ; ; ; ; ; ; ; ;12;769,823997616961
3370005;1;3;2;1; ; ;3;11; ;1;2; ; ;1; ;12;769,823997616961
3370005;1;4;1; ; ; ; ; ; ; ; ; ; ; ; ;12;769,823997616961
3370005;1;5;2;1; ; ;3;54; ;1;2; ; ;1; ;12;769,823997616961
3370006;1;1;1; ; ; ; ; ; ; ; ; ; ; ; ;12;978,700192991347
3370006;1;2;1; ; ; ; ; ; ; ; ; ; ; ; ;12;978,700192991347
3370006;1;3;1; ; ; ; ; ; ; ; ; ; ; ; ;12;978,700192991347
3370006;1;4;1; ; ; ; ; ; ; ; ; ; ; ; ;12;978,700192991347
3370007;1;1;2;2;54; ;2; ; ;1;2; ; ;1; ;12;1184,14572716058
3370007;1;2;1; ; ; ; ; ; ; ; ; ; ; ; ;12;1184,14572716058
3370007;1;3;1; ; ; ; ; ; ; ; ; ; ; ; ;12;1184,14572716058
3370007;1;4;1; ; ; ; ; ; ; ; ; ; ; ; ;12;1184,14572716058
3370009;1;1;2;2;54; ;3;54; ;2;2; ; ;2; ;12;996,676780934482
3370009;1;2;2;2;54; ;3;54; ;2;2; ; ;2; ;12;996,676780934482
3370010;1;1;2;2;68; ;2; ; ;1;2; ; ;1; ;12;1212,31971321249
3370010;1;2;1; ; ; ; ; ; ; ; ; ; ; ; ;12;1212,31971321249
3370010;1;3;2;2;68; ;2; ; ;1;2; ; ;1; ;12;1212,31971321249
3370010;1;4;1; ; ; ; ; ; ; ; ; ; ; ; ;12;1212,31971321249
3370012;1;1;2;2;54; ;2; ; ;1;2; ; ;1; ;12;1212,31971321249
3370012;1;2;2;2;20; ;2; ; ;1;2; ; ;1; ;12;1212,31971321249
3370012;1;3;1; ; ; ; ; ; ; ; ; ; ; ; ;12;1212,31971321249
3370012;1;4;1; ; ; ; ; ; ; ; ; ; ; ; ;12;1212,31971321249
3370013;1;1;2;2;54; ;2; ; ;1;2; ; ;1; ;12;1299,32135186308
3370013;1;2;2;2;54; ;2; ; ;1;2; ; ;1; ;12;1299,32135186308
3370013;1;3;2;2;54; ;2; ; ;1;2; ; ;1; ;12;1299,32135186308
3370013;1;4;1; ; ; ; ; ; ; ; ; ; ; ; ;12;1299,32135186308
3370014;1;1;2;2;20; ;2; ; ;1;2; ; ;1; ;12;1283,75760962809
3370014;1;2;2;2;20; ;2; ; ;1;2; ; ;1; ;12;1283,75760962809
3370014;1;3;2;2;05; ;2; ; ;1;2; ; ;1; ;12;1283,75760962809
3370014;1;4;2;2;20; ;2; ; ;1;2; ; ;1; ;12;1283,75760962809
3370015;1;1;1; ; ; ; ; ; ; ; ; ; ; ; ;12;975,087583000863
3370015;1;2;1; ; ; ; ; ; ; ; ; ; ; ; ;12;975,087583000863
3370016;1;1;2;2;20; ;2; ; ;1;2; ; ;1; ;12;1069,31444163242
3370016;1;2;2;2;20; ;2; ; ;1;2; ; ;1; ;12;1069,31444163242
3370016;1;3;2;2;20; ;2; ; ;1;2; ; ;1; ;12;1069,31444163242
3370016;1;4;1; ; ; ; ; ; ; ; ; ; ; ; ;12;1069,31444163242
3370016;1;5;2;2;20; ;2; ; ;1;2; ; ;1; ;12;1069,31444163242
3370016;1;6;2;2;20; ;3;20; ;2;3;20; ;2;2;12;1069,31444163242
3370017;1;1;2;2;54; ;2; ; ;1;2; ; ;1; ;12;1171,35353455833
3370018;1;1;1; ; ; ; ; ; ; ; ; ; ; ; ;12;1042,42095766389
3370018;1;2;1; ; ; ; ; ; ; ; ; ; ; ; ;12;1042,42095766389
3370018;1;3;1; ; ; ; ; ; ; ; ; ; ; ; ;12;1042,42095766389
3370020;1;1;2;2;50; ;3;54; ;2;3;54; ;2; ;12;2804,11987925666
3370020;1;2;2;2;54; ;3;54; ;2;3;54; ;2; ;12;2804,11987925666
3370020;1;3;1; ; ; ; ; ; ; ; ; ; ; ; ;12;2804,11987925666
3370022;1;1;1; ; ; ; ; ; ; ; ; ; ; ; ;12;804,651516699411
3370022;1;2;1; ; ; ; ; ; ; ; ; ; ; ; ;12;804,651516699411
3370022;1;3;1; ; ; ; ; ; ; ; ; ; ; ; ;12;804,651516699411
3370022;1;4;1; ; ; ; ; ; ; ; ; ; ; ; ;12;804,651516699411
3370022;1;5;1; ; ; ; ; ; ; ; ; ; ; ; ;12;804,651516699411
3370022;1;6;1; ; ; ; ; ; ; ; ; ; ; ; ;12;804,651516699411
3370022;1;7;2;2;20; ;3;20; ;1;2; ; ;1; ;12;804,651516699411
3370022;1;8;1; ; ; ; ; ; ; ; ; ; ; ; ;12;804,651516699411
3370023;1;1;1; ; ; ; ; ; ; ; ; ; ; ; ;12;532,339994167
3370023;1;2;1; ; ; ; ; ; ; ; ; ; ; ; ;12;532,339994167
3370023;1;3;1; ; ; ; ; ; ; ; ; ; ; ; ;12;532,339994167
3370023;1;4;1; ; ; ; ; ; ; ; ; ; ; ; ;12;532,339994167
3370023;1;5;1; ; ; ; ; ; ; ; ; ; ; ; ;12;532,339994167
3370023;1;6;1; ; ; ; ; ; ; ; ; ; ; ; ;12;532,339994167
3370023;1;7;1; ; ; ; ; ; ; ; ; ; ; ; ;12;532,339994167
3370023;1;8;1; ; ; ; ; ; ; ; ; ; ; ; ;12;532,339994167
3370024;1;1;1; ; ; ; ; ; ; ; ; ; ; ; ;12;1196,26041562923
3370024;1;2;1; ; ; ; ; ; ; ; ; ; ; ; ;12;1196,26041562923
3370024;1;3;1; ; ; ; ; ; ; ; ; ; ; ; ;12;1196,26041562923
3370024;1;4;1; ; ; ; ; ; ; ; ; ; ; ; ;12;1196,26041562923
3370024;1;5;1; ; ; ; ; ; ; ; ; ; ; ; ;12;1196,26041562923
3370026;1;1;2;2;20; ;2; ; ;1;2; ; ;1; ;12;1026,36166008063
3370026;1;2;2;2;20; ;2; ; ;1;2; ; ;1; ;12;1026,36166008063
3370026;1;3;2;2;20; ;2; ; ;1;2; ; ;1; ;12;1026,36166008063
3370026;1;4;2;2;68; ;2; ; ;1;2; ; ;1; ;12;1026,36166008063
3370027;1;1;2;2;05; ;3;05; ;1;3;20; ;1; ;12;868,414036776533
3370028;1;1;2;2;05; ;3;54; ;1;3;20; ;1; ;12;1171,35353455833
3370029;1;1;1; ; ; ; ; ; ; ; ; ; ; ; ;12;1081,26557387692
3370029;1;2;1; ; ; ; ; ; ; ; ; ; ; ; ;12;1081,26557387692
3370029;1;3;1; ; ; ; ; ; ; ; ; ; ; ; ;12;1081,26557387692
3370029;1;4;1; ; ; ; ; ; ; ; ; ; ; ; ;12;1081,26557387692
3370031;1;1;2;2;15; ;3;25; ;2;3;54; ;2; ;12;1766,52652721693
3370031;1;2;2;2;54; ;3;54; ;2;3;54; ;2; ;12;1766,52652721693
3370031;1;3;2;1; ; ;3;25; ;2;3;54; ;2; ;12;1766,52652721693
3370031;1;4;2;2;11; ;1; ; ; ;3;54; ;2; ;12;1766,52652721693
3370031;1;5;2;2;54; ;3;54; ;2;2; ; ;1;2;12;1766,52652721693
3370033;1;1;1; ; ; ; ; ; ; ; ; ; ; ; ;12;955,347568915689
3370033;1;2;1; ; ; ; ; ; ; ; ; ; ; ; ;12;955,347568915689
3370033;1;3;1; ; ; ; ; ; ; ; ; ; ; ; ;12;955,347568915689
3370033;1;4;1; ; ; ; ; ; ; ; ; ; ; ; ;12;955,347568915689
3370034;1;1;1; ; ; ; ; ; ; ; ; ; ; ; ;12;923,137167622641
3370034;1;2;1; ; ; ; ; ; ; ; ; ; ; ; ;12;923,137167622641
3370035;1;1;1; ; ; ; ; ; ; ; ; ; ; ; ;12;1199,70946939557
3370035;1;2;1; ; ; ; ; ; ; ; ; ; ; ; ;12;1199,70946939557
3370035;1;3;1; ; ; ; ; ; ; ; ; ; ; ; ;12;1199,70946939557
3370035;1;4;1; ; ; ; ; ; ; ; ; ; ; ; ;12;1199,70946939557
3370036;1;1;1; ; ; ; ; ; ; ; ; ; ; ; ;12;923,137167622641
3370036;1;2;1; ; ; ; ; ; ; ; ; ; ; ; ;12;923,137167622641
3370037;1;1;1; ; ; ; ; ; ; ; ; ; ; ; ;12;1067,22535602579
3370037;1;2;1; ; ; ; ; ; ; ; ; ; ; ; ;12;1067,22535602579
3370038;1;1;1; ; ; ; ; ; ; ; ; ; ; ; ;12;1267,70195563101
3370038;1;2;2;2;20; ;2; ; ;1;2; ; ;1; ;12;1267,70195563101
3370038;1;3;1; ; ; ; ; ; ; ; ; ; ; ; ;12;1267,70195563101
3370038;1;4;1; ; ; ; ; ; ; ; ; ; ; ; ;12;1267,70195563101
3370038;1;5;1; ; ; ; ; ; ; ; ; ; ; ; ;12;1267,70195563101
3370038;1;6;1; ; ; ; ; ; ; ; ; ; ; ; ;12;1267,70195563101
3370038;1;7;1; ; ; ; ; ; ; ; ; ; ; ; ;12;1267,70195563101
3370039;1;1;1; ; ; ; ; ; ; ; ; ; ; ; ;12;1219,01500164761
3370040;1;1;1; ; ; ; ; ; ; ; ; ; ; ; ;12;1196,7559709775
3370040;1;2;1; ; ; ; ; ; ; ; ; ; ; ; ;12;1196,7559709775
3370040;1;3;1; ; ; ; ; ; ; ; ; ; ; ; ;12;1196,7559709775
3370040;1;4;1; ; ; ; ; ; ; ; ; ; ; ; ;12;1196,7559709775
3370041;1;1;2;2;54; ;2; ; ;1;2; ; ;1; ;12;716,624391154706
3370041;1;2;1; ; ; ; ; ; ; ; ; ; ; ; ;12;716,624391154706
3370042;1;1;2;2;54; ;3;54; ;2;3;54; ;1;1;12;1233,64359962406
3370043;1;1;1; ; ; ; ; ; ; ; ; ; ; ; ;12;1171,35353455833
3370044;1;1;1; ; ; ; ; ; ; ; ; ; ; ; ;12;1251,6598847738
3370044;2;1;1; ; ; ; ; ; ; ; ; ; ; ; ;12;1251,6598847738
3370044;2;2;1; ; ; ; ; ; ; ; ; ; ; ; ;12;1251,6598847738
3370044;2;3;1; ; ; ; ; ; ; ; ; ; ; ; ;12;1251,6598847738
3370045;1;1;1; ; ; ; ; ; ; ; ; ; ; ; ;12;1144,98633854947
3370045;1;2;1; ; ; ; ; ; ; ; ; ; ; ; ;12;1144,98633854947
3370045;1;3;1; ; ; ; ; ; ; ; ; ; ; ; ;12;1144,98633854947
3370046;1;1;1; ; ; ; ; ; ; ; ; ; ; ; ;12;721,728048694542
3370046;1;2;1; ; ; ; ; ; ; ; ; ; ; ; ;12;721,728048694542
3370046;1;3;1; ; ; ; ; ; ; ; ; ; ; ; ;12;721,728048694542
3370046;1;4;1; ; ; ; ; ; ; ; ; ; ; ; ;12;721,728048694542
3370047;1;1;1; ; ; ; ; ; ; ; ; ; ; ; ;12;1109,75433232692
3370047;1;2;1; ; ; ; ; ; ; ; ; ; ; ; ;12;1109,75433232692
3370047;1;3;1; ; ; ; ; ; ; ; ; ; ; ; ;12;1109,75433232692
3370047;1;4;1; ; ; ; ; ; ; ; ; ; ; ; ;12;1109,75433232692
3370048;1;1;2;2;68; ;2; ; ;1;2; ; ;1; ;12;975,087583000863
3370048;1;2;2;2;23; ;3;23; ;1;2; ; ;1; ;12;975,087583000863
3370049;1;1;2;2;54; ;3;54; ;2;2; ; ;2; ;12;833,117800313075
3370049;1;2;2;2;54; ;3;54; ;2;2; ; ;2; ;12;833,117800313075
3370049;1;3;2;2;54; ;4; ;3; ;2; ; ;2; ;12;833,117800313075
3370049;1;4;2;2;54; ;3;54; ;1;3;54; ;1;1;12;833,117800313075
3370050;1;1;1; ; ; ; ; ; ; ; ; ; ; ; ;12;1537,77138516932
3370050;1;2;2;2;68; ;2; ; ;2;2; ; ;2; ;12;1537,77138516932
3370050;1;3;2;2;11; ;2; ; ;2;2; ; ;2; ;12;1537,77138516932
3370050;1;4;1; ; ; ; ; ; ; ; ; ; ; ; ;12;1537,77138516932
3370051;1;1;2;2;54; ;2; ; ;1;2; ; ;1; ;12;1003,50459135324
3370051;1;2;1; ; ; ; ; ; ; ; ; ; ; ; ;12;1003,50459135324
3370051;1;3;2;2;20; ;2; ; ;1;2; ; ;1; ;12;1003,50459135324
3370052;1;1;1; ; ; ; ; ; ; ; ; ; ; ; ;12;935,74741143956
3370052;1;2;1; ; ; ; ; ; ; ; ; ; ; ; ;12;935,74741143956
3370053;1;1;1; ; ; ; ; ; ; ; ; ; ; ; ;12;814,940097014457
3370053;1;2;1; ; ; ; ; ; ; ; ; ; ; ; ;12;814,940097014457
3370053;1;3;1; ; ; ; ; ; ; ; ; ; ; ; ;12;814,940097014457
3370055;1;1;2;2;15; ;3;15; ;2;2; ; ;2; ;12;1233,64359962406
3370056;1;1;1; ; ; ; ; ; ; ; ; ; ; ; ;12;1374,37185826916
3370056;1;2;1; ; ; ; ; ; ; ; ; ; ; ; ;12;1374,37185826916
3370056;1;3;1; ; ; ; ; ; ; ; ; ; ; ; ;12;1374,37185826916
3370056;1;4;1; ; ; ; ; ; ; ; ; ; ; ; ;12;1374,37185826916
3370056;1;5;1; ; ; ; ; ; ; ; ; ; ; ; ;12;1374,37185826916
3370056;1;6;1; ; ; ; ; ; ; ; ; ; ; ; ;12;1374,37185826916
3370058;1;1;2;2;68; ;2; ; ;1;2; ; ;1; ;12;1070,77689250114
3370058;1;2;2;2;54; ;2; ; ;1;2; ; ;1; ;12;1070,77689250114
3370058;1;3;1; ; ; ; ; ; ; ; ; ; ; ; ;12;1070,77689250114
3370058;1;4;1; ; ; ; ; ; ; ; ; ; ; ; ;12;1070,77689250114
3370058;1;5;1; ; ; ; ; ; ; ; ; ; ; ; ;12;1070,77689250114
3370058;1;6;2;2;20; ;2; ; ;1;2; ; ;1; ;12;1070,77689250114
3370059;1;1;1; ; ; ; ; ; ; ; ; ; ; ; ;12;1222,6276116381
3370059;1;2;1; ; ; ; ; ; ; ; ; ; ; ; ;12;1222,6276116381
3370059;1;3;1; ; ; ; ; ; ; ; ; ; ; ; ;12;1222,6276116381
3370060;1;1;1; ; ; ; ; ; ; ; ; ; ; ; ;12;716,624391154706
3370060;1;2;1; ; ; ; ; ; ; ; ; ; ; ; ;12;716,624391154706
3370061;1;1;2;2;20; ;3;20; ;2;2; ; ;1; ;12;1174,96614454881
3370061;1;2;1; ; ; ; ; ; ; ; ; ; ; ; ;12;1174,96614454881
3370061;1;3;1; ; ; ; ; ; ; ; ; ; ; ; ;12;1174,96614454881
3370062;1;1;1; ; ; ; ; ; ; ; ; ; ; ; ;12;1074,92681324447
3370063;1;1;2;1; ; ;2; ; ;1;2; ; ;1; ;12;1299,32135186308
3370063;1;2;2;1; ; ;2; ; ;1;2; ; ;1; ;12;1299,32135186308
3370063;1;3;2;2;68; ;2; ; ;1;2; ; ;1; ;12;1299,32135186308
3370063;1;4;1; ; ; ; ; ; ; ; ; ; ; ; ;12;1299,32135186308
3370064;1;1;2;2;54; ;2; ; ;1;2; ; ;1; ;12;1081,26557387692
3370064;1;2;1; ; ; ; ; ; ; ; ; ; ; ; ;12;1081,26557387692
3370064;1;3;1; ; ; ; ; ; ; ; ; ; ; ; ;12;1081,26557387692
3370064;1;4;1; ; ; ; ; ; ; ; ; ; ; ; ;12;1081,26557387692
3370065;1;1;1; ; ; ; ; ; ; ; ; ; ; ; ;12;684,94027782132
3370065;1;2;1; ; ; ; ; ; ; ; ; ; ; ; ;12;684,94027782132
3370065;1;3;1; ; ; ; ; ; ; ; ; ; ; ; ;12;684,94027782132
3370065;1;4;1; ; ; ; ; ; ; ; ; ; ; ; ;12;684,94027782132
3370065;1;5;2;2;20; ;2; ; ;1;2; ; ;1; ;12;684,94027782132
3370067;1;1;1; ; ; ; ; ; ; ; ; ; ; ; ;12;935,74741143956
3370067;1;2;1; ; ; ; ; ; ; ; ; ; ; ; ;12;935,74741143956
3370068;1;1;2;2;54; ;3;54; ;2;2; ; ;1; ;12;804,693272103989
3370068;1;2;2;2;54; ;3;54; ;2;2; ; ;1; ;12;804,693272103989
3370070;1;1;2;2;54; ;2; ; ;1;2; ; ;1; ;12;1081,26557387692
3370070;1;2;1; ; ; ; ; ; ; ; ; ; ; ; ;12;1081,26557387692
3370070;1;3;1; ; ; ; ; ; ; ; ; ; ; ; ;12;1081,26557387692
3370070;1;4;1; ; ; ; ; ; ; ; ; ; ; ; ;12;1081,26557387692
3370071;1;1;1; ; ; ; ; ; ; ; ; ; ; ; ;12;969,27511032807
3370071;1;2;1; ; ; ; ; ; ; ; ; ; ; ; ;12;969,27511032807
3370071;1;3;2;2;54; ;2; ; ;1;2; ; ;1; ;12;969,27511032807
3370071;1;4;1; ; ; ; ; ; ; ; ; ; ; ; ;12;969,27511032807
3370072;1;1;2;1; ; ;2; ; ;1;2; ; ;1; ;12;1155,29423697507
3370072;1;2;1; ; ; ; ; ; ; ; ; ; ; ; ;12;1155,29423697507
3370073;1;1;2;2;54; ;2; ; ;1;2; ; ;1; ;12;1264,08934564053
3370073;1;2;1; ; ; ; ; ; ; ; ; ; ; ; ;12;1264,08934564053
3370073;1;3;1; ; ; ; ; ; ; ; ; ; ; ; ;12;1264,08934564053
3370073;1;4;1; ; ; ; ; ; ; ; ; ; ; ; ;12;1264,08934564053
3370073;1;5;1; ; ; ; ; ; ; ; ; ; ; ; ;12;1264,08934564053
3370074;1;1;1; ; ; ; ; ; ; ; ; ; ; ; ;12;532,339994167
3370074;1;2;1; ; ; ; ; ; ; ; ; ; ; ; ;12;532,339994167
3370074;1;3;1; ; ; ; ; ; ; ; ; ; ; ; ;12;532,339994167
3370074;1;4;1; ; ; ; ; ; ; ; ; ; ; ; ;12;532,339994167
3370075;1;1;2;2;68; ;3;05; ;2;2; ; ;1; ;12;1038,31279232514
3370075;1;2;2;1; ; ;3;05; ;2;2; ; ;1; ;12;1038,31279232514
3370076;1;1;1; ; ; ; ; ; ; ; ; ; ; ; ;12;1126,23743516083
3370076;1;2;2;1; ; ;2; ; ;1;2; ; ;1; ;12;1126,23743516083
3370076;1;3;1; ; ; ; ; ; ; ; ; ; ; ; ;12;1126,23743516083
3370077;1;1;2;2;23; ;2; ; ;2;2; ; ;2; ;12;2526,12025722977
3370077;1;2;2;2;05; ;2; ; ;2;2; ; ;2; ;12;2526,12025722977
3370077;1;3;1; ; ; ; ; ; ; ; ; ; ; ; ;12;2526,12025722977
3370077;1;4;1; ; ; ; ; ; ; ; ; ; ; ; ;12;2526,12025722977
3370077;1;5;1; ; ; ; ; ; ; ; ; ; ; ; ;12;2526,12025722977
3370077;1;6;2;2;05; ;3;05; ;2;2; ; ;2; ;12;2526,12025722977
3370078;1;1;1; ; ; ; ; ; ; ; ; ; ; ; ;12;1129,42259631448
3370078;1;2;1; ; ; ; ; ; ; ; ; ; ; ; ;12;1129,42259631448
3370078;1;3;1; ; ; ; ; ; ; ; ; ; ; ; ;12;1129,42259631448
3370079;1;1;1; ; ; ; ; ; ; ; ; ; ; ; ;12;890,631312042064
3370079;1;2;2;2;54; ;2; ; ;1;2; ; ;1; ;12;890,631312042064
3370079;1;3;2;2;20; ;2; ; ;1;2; ; ;1; ;12;890,631312042064
3370079;1;4;1; ; ; ; ; ; ; ; ; ; ; ; ;12;890,631312042064
3370080;1;1;2;2;54; ;4; ;3; ;3;54; ;1; ;12;1042,42095766389
3370080;1;2;2;2;54; ;4; ;3; ;3;54; ;1; ;12;1042,42095766389
3370080;1;3;2;2;54; ;4; ;3; ;3;54; ;1; ;12;1042,42095766389
3370081;1;1;2;2;54; ;2; ; ;2;2; ; ;1; ;12;1283,26205427982
3370081;1;2;1; ; ; ; ; ; ; ; ; ; ; ; ;12;1283,26205427982
3370081;1;3;2;1; ; ;2; ; ;1;2; ; ;1; ;12;1283,26205427982
3370081;1;4;1; ; ; ; ; ; ; ; ; ; ; ; ;12;1283,26205427982
3370081;1;5;1; ; ; ; ; ; ; ; ; ; ; ; ;12;1283,26205427982
3370082;1;1;2;2;20; ;2; ; ;1;2; ; ;1; ;12;911,366818328319
3370082;1;2;2;2;54; ;2; ; ;1;2; ; ;1; ;12;911,366818328319
3370082;1;3;1; ; ; ; ; ; ; ; ; ; ; ; ;12;911,366818328319
3370084;1;1;2;1; ; ;2; ; ;2;2; ; ;1; ;12;1171,35353455833
3370085;1;1;2;2;54; ;2; ; ;1;2; ; ;1; ;12;1244,41743806679
3370085;1;2;1; ; ; ; ; ; ; ; ; ; ; ; ;12;1244,41743806679
3370085;1;3;1; ; ; ; ; ; ; ; ; ; ; ; ;12;1244,41743806679
3370085;1;4;1; ; ; ; ; ; ; ; ; ; ; ; ;12;1244,41743806679
3370086;1;1;2;2;54; ;2; ; ;1;2; ; ;1; ;12;1046,89185473816
3370086;1;2;1; ; ; ; ; ; ; ; ; ; ; ; ;12;1046,89185473816
3370086;1;3;2;2;20; ;2; ; ;1;2; ; ;1; ;12;1046,89185473816
3370086;1;4;1; ; ; ; ; ; ; ; ; ; ; ; ;12;1046,89185473816
3370086;1;5;1; ; ; ; ; ; ; ; ; ; ; ; ;12;1046,89185473816
3370086;1;6;1; ; ; ; ; ; ; ; ; ; ; ; ;12;1046,89185473816
3370087;1;1;2;2;47; ;3;47; ;1;2; ; ;2; ;12;996,676780934482
3370087;1;2;2;2;47; ;3;47; ;1;3;47; ;1;4;12;996,676780934482
3370091;1;1;2;1; ; ;3;54; ;1;2; ; ;2; ;12;889,099917775246
3370091;1;2;1; ; ; ; ; ; ; ; ; ; ; ; ;12;889,099917775246
3370091;1;3;1; ; ; ; ; ; ; ; ; ; ; ; ;12;889,099917775246
3370091;2;1;1; ; ; ; ; ; ; ; ; ; ; ; ;12;889,099917775246
3370092;1;1;2;2;68; ;3;68; ;1;3;68; ;1; ;12;1042,42095766389
3370092;1;2;2;2;68; ;3;68; ;1;3;68; ;1; ;12;1042,42095766389
3370092;1;3;2;2;68; ;1; ; ; ;3;68; ;1; ;12;1042,42095766389
3370094;1;1;2;2;08; ;3;08; ;1;2; ; ;1; ;12;975,087583000863
3370094;1;2;1; ; ; ; ; ; ; ; ; ; ; ; ;12;975,087583000863
3370096;1;1;2;2;54; ;2; ; ;1;2; ; ;1; ;12;1220,03684495554
3370096;1;2;1; ; ; ; ; ; ; ; ; ; ; ; ;12;1220,03684495554
3370096;1;3;1; ; ; ; ; ; ; ; ; ; ; ; ;12;1220,03684495554
3370096;1;4;1; ; ; ; ; ; ; ; ; ; ; ; ;12;1220,03684495554
3370096;1;5;1; ; ; ; ; ; ; ; ; ; ; ; ;12;1220,03684495554
3370097;1;1;2;2;68; ;2; ; ;1;2; ; ;1; ;12;935,74741143956
3370097;1;2;1; ; ; ; ; ; ; ; ; ; ; ; ;12;935,74741143956
3370098;1;1;2;2;20; ;2; ; ;1;2; ; ;1; ;12;1463,96426360229
3370098;1;2;2;2;20; ;3;20; ;1;2; ; ;1; ;12;1463,96426360229
3370098;1;3;2;2;20; ;3;20; ;1;2; ; ;1; ;12;1463,96426360229
3370098;1;4;2;2;20; ;3;81; ;1;2; ; ;1; ;12;1463,96426360229
3370099;1;1;2;2;11; ;2; ; ;1;2; ; ;1; ;12;778,821631443396
3370099;1;2;2;1; ; ;2; ; ;1;2; ; ;1; ;12;778,821631443396
3370099;1;3;2;2;54; ;2; ; ;1;2; ; ;1; ;12;778,821631443396
3370100;1;1;1; ; ; ; ; ; ; ; ; ; ; ; ;12;957,964686705091
3370100;1;2;2;2;54; ;2; ; ;1;2; ; ;1; ;12;957,964686705091
3370100;1;3;1; ; ; ; ; ; ; ; ; ; ; ; ;12;957,964686705091
3370100;1;4;1; ; ; ; ; ; ; ; ; ; ; ; ;12;957,964686705091
3370100;1;5;2;2;54; ;2; ; ;1;2; ; ;1; ;12;957,964686705091
3370102;1;1;1; ; ; ; ; ; ; ; ; ; ; ; ;12;868,414036776533
3370103;1;1;2;1; ; ;2; ; ;1;2; ; ;1; ;12;868,414036776533
3370104;1;1;2;2;54; ;2; ; ;1;2; ; ;1; ;12;1029,81071384697
3370104;1;2;2;2;54; ;2; ; ;1;2; ; ;1; ;12;1029,81071384697
3370104;1;3;2;2;54; ;2; ; ;1;2; ; ;1; ;12;1029,81071384697
3370105;1;1;1; ; ; ; ; ; ; ; ; ; ; ; ;12;1704,20136492013
3370105;1;2;1; ; ; ; ; ; ; ; ; ; ; ; ;12;1704,20136492013
3370105;1;3;1; ; ; ; ; ; ; ; ; ; ; ; ;12;1704,20136492013
3370106;1;1;1; ; ; ; ; ; ; ; ; ; ; ; ;12;3318,43980043648
3370106;1;2;1; ; ; ; ; ; ; ; ; ; ; ; ;12;3318,43980043648
3370106;1;3;1; ; ; ; ; ; ; ; ; ; ; ; ;12;3318,43980043648
3370106;1;4;1; ; ; ; ; ; ; ; ; ; ; ; ;12;3318,43980043648
3370107;1;1;2;1; ; ;2; ; ;1;2; ; ;1; ;12;804,693272103989
3370107;1;2;1; ; ; ; ; ; ; ; ; ; ; ; ;12;804,693272103989
3370108;1;1;1; ; ; ; ; ; ; ; ; ; ; ; ;12;2437,08924251586
3370110;1;1;2;1; ; ;2; ; ;1;2; ; ;1; ;12;1081,26557387692
3370110;1;2;2;2;68; ;2; ; ;1;2; ; ;1; ;12;1081,26557387692
3370110;1;3;2;2;68; ;2; ; ;1;2; ; ;1; ;12;1081,26557387692
3370110;1;4;2;2;68; ;2; ; ;1;2; ; ;1; ;12;1081,26557387692
3370111;1;1;1; ; ; ; ; ; ; ; ; ; ; ; ;12;1069,31444163242
3370111;1;2;2;2;54; ;2; ; ;1;2; ; ;1; ;12;1069,31444163242
3370111;1;3;1; ; ; ; ; ; ; ; ; ; ; ; ;12;1069,31444163242
3370111;1;4;1; ; ; ; ; ; ; ; ; ; ; ; ;12;1069,31444163242
3370111;1;5;1; ; ; ; ; ; ; ; ; ; ; ; ;12;1069,31444163242
3370111;1;6;1; ; ; ; ; ; ; ; ; ; ; ; ;12;1069,31444163242
3370112;1;1;2;2;20; ;2; ; ;1;2; ; ;1; ;12;933,156644757008
3370112;1;2;2;2;20; ;2; ; ;1;2; ; ;1; ;12;933,156644757008
3370112;1;3;1; ; ; ; ; ; ; ; ; ; ; ; ;12;933,156644757008
3370112;1;4;1; ; ; ; ; ; ; ; ; ; ; ; ;12;933,156644757008
3370113;1;1;1; ; ; ; ; ; ; ; ; ; ; ; ;12;1001,98106696939
3370113;1;2;1; ; ; ; ; ; ; ; ; ; ; ; ;12;1001,98106696939
3370113;1;3;1; ; ; ; ; ; ; ; ; ; ; ; ;12;1001,98106696939
3370113;1;4;1; ; ; ; ; ; ; ; ; ; ; ; ;12;1001,98106696939
3370113;1;5;1; ; ; ; ; ; ; ; ; ; ; ; ;12;1001,98106696939
3370114;1;1;1; ; ; ; ; ; ; ; ; ; ; ; ;12;1085,17363815494
3370114;1;2;1; ; ; ; ; ; ; ; ; ; ; ; ;12;1085,17363815494
3370115;1;1;1; ; ; ; ; ; ; ; ; ; ; ; ;12;716,624391154706
3370115;1;2;1; ; ; ; ; ; ; ; ; ; ; ; ;12;716,624391154706
3370116;1;1;2;2;11; ;2; ; ;1;2; ; ;1; ;12;1283,75760962809
3370116;1;2;2;2;54; ;2; ; ;1;2; ; ;1; ;12;1283,75760962809
3370116;1;3;1; ; ; ; ; ; ; ; ; ; ; ; ;12;1283,75760962809
3370116;1;4;1; ; ; ; ; ; ; ; ; ; ; ; ;12;1283,75760962809
3370117;1;1;2;1; ; ;3;13; ;1;3;13; ;1; ;12;1171,35353455833
3370119;1;1;1; ; ; ; ; ; ; ; ; ; ; ; ;12;1129,42259631448
3370119;1;2;1; ; ; ; ; ; ; ; ; ; ; ; ;12;1129,42259631448
3370119;1;3;1; ; ; ; ; ; ; ; ; ; ; ; ;12;1129,42259631448
3370120;1;1;1; ; ; ; ; ; ; ; ; ; ; ; ;12;912,890342712173
3370121;1;1;1; ; ; ; ; ; ; ; ; ; ; ; ;12;1065,70183164193
3370121;1;2;1; ; ; ; ; ; ; ; ; ; ; ; ;12;1065,70183164193
3370121;1;3;1; ; ; ; ; ; ; ; ; ; ; ; ;12;1065,70183164193
3370121;1;4;1; ; ; ; ; ; ; ; ; ; ; ; ;12;1065,70183164193
3370122;1;1;1; ; ; ; ; ; ; ; ; ; ; ; ;12;1144,98633854947
3370122;1;2;1; ; ; ; ; ; ; ; ; ; ; ; ;12;1144,98633854947
3370122;1;3;1; ; ; ; ; ; ; ; ; ; ; ; ;12;1144,98633854947
3370123;1;1;2;2;20; ;2; ; ;1;2; ; ;1; ;12;651,380102098308
3370123;1;2;1; ; ; ; ; ; ; ; ; ; ; ; ;12;651,380102098308
3370123;1;3;1; ; ; ; ; ; ; ; ; ; ; ; ;12;651,380102098308
3370123;1;4;1; ; ; ; ; ; ; ; ; ; ; ; ;12;651,380102098308
3370123;1;5;1; ; ; ; ; ; ; ; ; ; ; ; ;12;651,380102098308
3370124;1;1;2;2;54; ;3;54; ;1;2; ; ;1; ;12;1171,35353455833
3370125;1;1;1; ; ; ; ; ; ; ; ; ; ; ; ;12;905,554345655526
3370125;1;2;1; ; ; ; ; ; ; ; ; ; ; ; ;12;905,554345655526
3370125;1;3;1; ; ; ; ; ; ; ; ; ; ; ; ;12;905,554345655526
3370125;1;4;1; ; ; ; ; ; ; ; ; ; ; ; ;12;905,554345655526
3370125;1;5;1; ; ; ; ; ; ; ; ; ; ; ; ;12;905,554345655526
3370126;1;1;2;2;54; ;2; ; ;1;2; ; ;1; ;12;1109,75433232692
3370126;1;2;2;2;54; ;2; ; ;1;2; ; ;1; ;12;1109,75433232692
3370126;1;3;1; ; ; ; ; ; ; ; ; ; ; ; ;12;1109,75433232692
3370126;1;4;1; ; ; ; ; ; ; ; ; ; ; ; ;12;1109,75433232692
3370127;1;1;1; ; ; ; ; ; ; ; ; ; ; ; ;12;1542,69214164642
3370127;1;2;2;2;54; ;2; ; ;1;2; ; ;1; ;12;1542,69214164642
3370127;1;3;1; ; ; ; ; ; ; ; ; ; ; ; ;12;1542,69214164642
3370127;1;4;1; ; ; ; ; ; ; ; ; ; ; ; ;12;1542,69214164642
3370127;1;5;1; ; ; ; ; ; ; ; ; ; ; ; ;12;1542,69214164642
3370127;1;6;1; ; ; ; ; ; ; ; ; ; ; ; ;12;1542,69214164642
3370128;1;1;2;2;54; ;2; ; ;1;2; ; ;1; ;12;1107,63276988579
3370128;1;2;1; ; ; ; ; ; ; ; ; ; ; ; ;12;1107,63276988579
3370130;1;1;1; ; ; ; ; ; ; ; ; ; ; ; ;12;1383,59683987169
3370130;1;2;2;1; ; ;2; ; ;1;2; ; ;1; ;12;1383,59683987169
3370130;1;3;1; ; ; ; ; ; ; ; ; ; ; ; ;12;1383,59683987169
3370131;1;1;2;2;54; ;2; ; ;1;2; ; ;2; ;12;2582,26323573205
3370131;1;2;1; ; ; ; ; ; ; ; ; ; ; ; ;12;2582,26323573205
3370131;1;3;1; ; ; ; ; ; ; ; ; ; ; ; ;12;2582,26323573205
3370132;1;1;1; ; ; ; ; ; ; ; ; ; ; ; ;12;3293,66277113898
3370132;1;2;1; ; ; ; ; ; ; ; ; ; ; ; ;12;3293,66277113898
3370132;1;3;1; ; ; ; ; ; ; ; ; ; ; ; ;12;3293,66277113898
3370133;1;1;1; ; ; ; ; ; ; ; ; ; ; ; ;12;3948,1268770003
3370133;1;2;1; ; ; ; ; ; ; ; ; ; ; ; ;12;3948,1268770003
3370133;1;3;1; ; ; ; ; ; ; ; ; ; ; ; ;12;3948,1268770003
3370133;1;4;1; ; ; ; ; ; ; ; ; ; ; ; ;12;3948,1268770003
3370133;1;5;1; ; ; ; ; ; ; ; ; ; ; ; ;12;3948,1268770003
3370135;1;1;2;2;54; ;2; ; ;1;2; ; ;1; ;12;869,435880084465
3370135;1;2;2;2;54; ;2; ; ;1;2; ; ;1; ;12;869,435880084465
3370135;1;3;2;2;54; ;2; ; ;1;2; ; ;1; ;12;869,435880084465
3370135;1;4;1; ; ; ; ; ; ; ; ; ; ; ; ;12;869,435880084465
3370135;1;5;1; ; ; ; ; ; ; ; ; ; ; ; ;12;869,435880084465
3370136;1;1;1; ; ; ; ; ; ; ; ; ; ; ; ;12;1208,21154787374
3370136;1;2;1; ; ; ; ; ; ; ; ; ; ; ; ;12;1208,21154787374
3370136;1;3;1; ; ; ; ; ; ; ; ; ; ; ; ;12;1208,21154787374
3370137;1;1;2;1; ; ;2; ; ;1;2; ; ;1; ;12;1109,75433232692
3370137;1;2;2;2;13; ;3;08; ;1;3;08; ;1; ;12;1109,75433232692
3370137;1;3;2;2;08; ;1; ; ; ;3;08; ;1; ;12;1109,75433232692
3370137;1;4;2;2;08; ;1; ; ; ;3;08; ;1; ;12;1109,75433232692
3370138;1;1;2;2;54; ;2; ; ;1;2; ; ;1; ;12;1346,98281895236
3370138;1;2;1; ; ; ; ; ; ; ; ; ; ; ; ;12;1346,98281895236
3370138;1;3;1; ; ; ; ; ; ; ; ; ; ; ; ;12;1346,98281895236
3370138;1;4;1; ; ; ; ; ; ; ; ; ; ; ; ;12;1346,98281895236
3370139;1;1;1; ; ; ; ; ; ; ; ; ; ; ; ;12;1192,64780563875
3370139;1;2;1; ; ; ; ; ; ; ; ; ; ; ; ;12;1192,64780563875
3370139;1;3;1; ; ; ; ; ; ; ; ; ; ; ; ;12;1192,64780563875
3370141;1;1;2;3; ;3;4; ;3; ;2; ; ;1; ;12;929,971483603366
3370141;1;2;2;2;54; ;4; ;3; ;2; ; ;1; ;12;929,971483603366
3370141;1;3;2;1; ; ;2; ; ;1;2; ; ;1; ;12;929,971483603366
3370141;1;4;2;2;20; ;2; ; ;1;2; ; ;1; ;12;929,971483603366
3370142;1;1;2;1; ; ;3;54; ;1;2; ; ;1; ;12;1109,75433232692
3370142;1;2;2;1; ; ;3;54; ;1;2; ; ;1; ;12;1109,75433232692
3370142;1;3;2;1; ; ;3;54; ;1;2; ; ;1; ;12;1109,75433232692
3370142;1;4;2;1; ; ;1; ; ; ;2; ; ;1; ;12;1109,75433232692
3370143;1;1;2;1; ; ;2; ; ;1;2; ; ;1; ;12;1131,96796400626
3370143;1;2;2;2;54; ;2; ; ;1;2; ; ;1; ;12;1131,96796400626
3370143;1;3;2;1; ; ;3;68; ;1;2; ; ;1; ;12;1131,96796400626
3370143;1;4;2;2;54; ;2; ; ;1;2; ; ;1; ;12;1131,96796400626
3370143;1;5;2;2;54; ;2; ; ;1;2; ; ;1; ;12;1131,96796400626
3370144;1;1;2;2;20; ;2; ; ;1;2; ; ;1; ;12;1029,81071384697
3370144;1;2;2;2;54; ;2; ; ;1;2; ; ;1; ;12;1029,81071384697
3370144;1;3;2;1; ; ;2; ; ;1;2; ; ;1; ;12;1029,81071384697
3370145;1;1;1; ; ; ; ; ; ; ; ; ; ; ; ;12;1133,03520630496
3370145;1;2;2;1; ; ;2; ; ;1;2; ; ;1; ;12;1133,03520630496
3370145;1;3;1; ; ; ; ; ; ; ; ; ; ; ; ;12;1133,03520630496
3370145;1;4;1; ; ; ; ; ; ; ; ; ; ; ; ;12;1133,03520630496
3370145;1;5;2;2;54; ;3;54; ;2;2; ; ;1; ;12;1133,03520630496
3370146;1;1;1; ; ; ; ; ; ; ; ; ; ; ; ;12;872,026646767016
3370146;1;2;1; ; ; ; ; ; ; ; ; ; ; ; ;12;872,026646767016
3370146;1;3;1; ; ; ; ; ; ; ; ; ; ; ; ;12;872,026646767016
3370147;1;1;2;1; ; ;3;50; ;1;2; ; ;1; ;12;974,592027652592
3370147;1;2;2;1; ; ;3;50; ;1;2; ; ;1; ;12;974,592027652592
3370147;1;3;2;1; ; ;3;50; ;1;2; ; ;1; ;12;974,592027652592
3370148;1;1;2;2;47; ;2; ; ;1;2; ; ;1; ;12;761,100697090346
3370148;1;2;1; ; ; ; ; ; ; ; ; ; ; ; ;12;761,100697090346
3370149;1;1;1; ; ; ; ; ; ; ; ; ; ; ; ;12;771,347522000815
3370149;1;2;1; ; ; ; ; ; ; ; ; ; ; ; ;12;771,347522000815
3370149;1;3;2;2;68; ;2; ; ;1;2; ; ;1; ;12;771,347522000815
3370150;1;1;1; ; ; ; ; ; ; ; ; ; ; ; ;12;4896,10549373672
3370150;1;2;1; ; ; ; ; ; ; ; ; ; ; ; ;12;4896,10549373672
3370150;1;3;1; ; ; ; ; ; ; ; ; ; ; ; ;12;4896,10549373672
3370150;1;4;1; ; ; ; ; ; ; ; ; ; ; ; ;12;4896,10549373672
3370151;1;1;1; ; ; ; ; ; ; ; ; ; ; ; ;12;2596,82223292007
3370151;1;2;1; ; ; ; ; ; ; ; ; ; ; ; ;12;2596,82223292007
3370151;1;3;1; ; ; ; ; ; ; ; ; ; ; ; ;12;2596,82223292007
3370151;1;4;1; ; ; ; ; ; ; ; ; ; ; ; ;12;2596,82223292007
3370152;1;1;1; ; ; ; ; ; ; ; ; ; ; ; ;12;1091,57347230252
3370152;1;2;2;1; ; ;3;54; ;1;2; ; ;1; ;12;1091,57347230252
3370152;1;3;2;2;50; ;3;50; ;1;3;50; ;1; ;12;1091,57347230252
3370153;1;1;1; ; ; ; ; ; ; ; ; ; ; ; ;12;3082,76299956281
3370153;1;2;1; ; ; ; ; ; ; ; ; ; ; ; ;12;3082,76299956281
3370153;1;3;1; ; ; ; ; ; ; ; ; ; ; ; ;12;3082,76299956281
3370153;1;4;1; ; ; ; ; ; ; ; ; ; ; ; ;12;3082,76299956281
3370154;1;1;1; ; ; ; ; ; ; ; ; ; ; ; ;12;929,475928255096
3370154;1;2;2;2;20; ;2; ; ;1;2; ; ;1; ;12;929,475928255096
3370154;1;3;1; ; ; ; ; ; ; ; ; ; ; ; ;12;929,475928255096
3370154;1;4;1; ; ; ; ; ; ; ; ; ; ; ; ;12;929,475928255096
3370154;1;5;2;2;68; ;2; ; ;1;2; ; ;1; ;12;929,475928255096
3370155;1;1;2;2;54; ;3;54; ;2;3;11; ;1; ;12;1043,41644986497
3370155;1;2;2;2;54; ;3;54; ;1;2; ; ;1; ;12;1043,41644986497
3370155;1;3;2;2;54; ;3;54; ;2;2; ; ;1; ;12;1043,41644986497
3370155;1;4;1; ; ; ; ; ; ; ; ; ; ; ; ;12;1043,41644986497
3370156;1;1;2;1; ; ;2; ; ;1;2; ; ;1; ;12;1277,53152543439
3370156;1;2;1; ; ; ; ; ; ; ; ; ; ; ; ;12;1277,53152543439
3370156;1;3;1; ; ; ; ; ; ; ; ; ; ; ; ;12;1277,53152543439
3370157;1;1;2;2;20; ;2; ; ;1;2; ; ;1; ;12;738,139884283575
3370157;1;2;2;1; ; ;2; ; ;1;3;85; ;2;1;12;738,139884283575
3370157;1;3;2;1; ; ;2; ; ;1;3;11; ;1; ;12;738,139884283575
3370157;1;4;1; ; ; ; ; ; ; ; ; ; ; ; ;12;738,139884283575
3370157;1;5;2;2;20; ;2; ; ;1;2; ; ;1; ;12;738,139884283575
3370157;1;6;2;1; ; ;2; ; ;1;2; ; ;1; ;12;738,139884283575
3370157;1;7;2;1; ; ;2; ; ;1;2; ; ;1; ;12;738,139884283575
3370157;1;8;2;2;68; ;2; ; ;1;2; ; ;1; ;12;738,139884283575
3370158;1;1;2;1; ; ;3;05; ;1;2; ; ;1; ;12;1081,76112922519
3370158;1;2;2;2;54; ;3;54; ;1;2; ; ;1; ;12;1081,76112922519
3370158;1;3;2;2;54; ;3;54; ;1;2; ; ;1; ;12;1081,76112922519
3370159;1;1;2;2;68; ;2; ; ;1;2; ; ;1; ;12;975,087583000863
3370159;1;2;2;2;68; ;2; ; ;1;2; ; ;1; ;12;975,087583000863
3370160;1;1;1; ; ; ; ; ; ; ; ; ; ; ; ;12;808,305882094473
3370160;1;2;1; ; ; ; ; ; ; ; ; ; ; ; ;12;808,305882094473
3370160;1;3;1; ; ; ; ; ; ; ; ; ; ; ; ;12;808,305882094473
3370160;1;4;1; ; ; ; ; ; ; ; ; ; ; ; ;12;808,305882094473
3370161;1;1;2;2;54; ;2; ; ;1;2; ; ;1; ;12;726,871216065174
3370161;1;2;2;2;54; ;2; ; ;1;2; ; ;1; ;12;726,871216065174
3370161;1;3;2;2;54; ;2; ; ;1;2; ; ;1; ;12;726,871216065174
3370162;1;1;2;1; ; ;3;54; ;1;2; ; ;1; ;12;1299,32135186308
3370162;1;2;2;1; ; ;2; ; ;1;2; ; ;1; ;12;1299,32135186308
3370162;1;3;2;1; ; ;2; ; ;1;2; ; ;1; ;12;1299,32135186308
3370162;1;4;1; ; ; ; ; ; ; ; ; ; ; ; ;12;1299,32135186308
3370163;1;1;2;2;20; ;2; ; ;1;2; ; ;1; ;12;1341,77857806659
3370163;1;2;2;2;54; ;2; ; ;1;2; ; ;1; ;12;1341,77857806659
3370163;1;3;2;2;20; ;2; ; ;1;2; ; ;1; ;12;1341,77857806659
3370163;1;4;2;2;20; ;2; ; ;1;2; ; ;1; ;12;1341,77857806659
3370163;1;5;2;2;20; ;2; ; ;1;2; ; ;1; ;12;1341,77857806659
3370163;1;6;1; ; ; ; ; ; ; ; ; ; ; ; ;12;1341,77857806659
3370163;1;7;1; ; ; ; ; ; ; ; ; ; ; ; ;12;1341,77857806659
3370164;1;1;2;2;20; ;2; ; ;1;2; ; ;1; ;12;913,912186020105
3370164;1;2;1; ; ; ; ; ; ; ; ; ; ; ; ;12;913,912186020105
3370164;1;3;2;1; ; ;2; ; ;1;2; ; ;1; ;12;913,912186020105
3370164;1;4;2;1; ; ;2; ; ;1;2; ; ;1; ;12;913,912186020105
3370164;1;5;2;2;20; ;2; ; ;1;2; ; ;1; ;12;913,912186020105
3370165;1;1;1; ; ; ; ; ; ; ; ; ; ; ; ;12;1029,81071384697
3370165;1;2;1; ; ; ; ; ; ; ; ; ; ; ; ;12;1029,81071384697
3370165;1;3;1; ; ; ; ; ; ; ; ; ; ; ; ;12;1029,81071384697
3370166;1;1;2;1; ; ;2; ; ;1;2; ; ;1; ;12;847,646053655775
3370166;1;2;2;1; ; ;2; ; ;1;2; ; ;1; ;12;847,646053655775
3370166;1;3;2;1; ; ;2; ; ;1;2; ; ;1; ;12;847,646053655775
3370166;1;4;2;2;11; ;2; ; ;1;2; ; ;1; ;12;847,646053655775
3370167;1;1;2;2;54; ;2; ; ;1;2; ; ;1; ;12;1174,96614454881
3370167;1;2;1; ; ; ; ; ; ; ; ; ; ; ; ;12;1174,96614454881
3370167;1;3;1; ; ; ; ; ; ; ; ; ; ; ; ;12;1174,96614454881
3370168;1;1;1; ; ; ; ; ; ; ; ; ; ; ; ;12;1155,29423697507
3370168;1;2;2;2;54; ;2; ; ;1;2; ; ;1; ;12;1155,29423697507
3370169;1;1;1; ; ; ; ; ; ; ; ; ; ; ; ;12;1453,16080982842
3370169;1;2;2;3; ;3;2; ; ;1;2; ; ;1; ;12;1453,16080982842
3370169;2;1;1; ; ; ; ; ; ; ; ; ; ; ; ;12;1453,16080982842
3370169;2;2;2;2;23; ;3;54; ;1;2; ; ;1; ;12;1453,16080982842
3370169;2;3;2;2;23; ;3;54; ;1;2; ; ;1; ;12;1453,16080982842
3370169;2;4;2;2;54; ;3;54; ;1;2; ; ;1; ;12;1453,16080982842
3370170;1;1;1; ; ; ; ; ; ; ; ; ; ; ; ;12;1208,21154787374
3370170;1;2;1; ; ; ; ; ; ; ; ; ; ; ; ;12;1208,21154787374
3370170;1;3;1; ; ; ; ; ; ; ; ; ; ; ; ;12;1208,21154787374
3370172;1;1;2;2;20; ;2; ; ;1;2; ; ;1; ;12;1314,88509409807
3370172;1;2;2;2;54; ;2; ; ;1;2; ; ;1; ;12;1314,88509409807
3370172;1;3;1; ; ; ; ; ; ; ; ; ; ; ; ;12;1314,88509409807
3370172;1;4;1; ; ; ; ; ; ; ; ; ; ; ; ;12;1314,88509409807
3370173;1;1;1; ; ; ; ; ; ; ; ; ; ; ; ;12;1885,42269751314
3370173;1;2;1; ; ; ; ; ; ; ; ; ; ; ; ;12;1885,42269751314
3370173;1;3;1; ; ; ; ; ; ; ; ; ; ; ; ;12;1885,42269751314
3370173;1;4;1; ; ; ; ; ; ; ; ; ; ; ; ;12;1885,42269751314
3370174;1;1;1; ; ; ; ; ; ; ; ; ; ; ; ;12;1453,61460977211
3370174;1;2;2;2;54; ;2; ; ;1;2; ; ;1; ;12;1453,61460977211
3370174;1;3;1; ; ; ; ; ; ; ; ; ; ; ; ;12;1453,61460977211
3370174;1;4;1; ; ; ; ; ; ; ; ; ; ; ; ;12;1453,61460977211
3370174;1;5;1; ; ; ; ; ; ; ; ; ; ; ; ;12;1453,61460977211
3370174;1;6;1; ; ; ; ; ; ; ; ; ; ; ; ;12;1453,61460977211
3370174;1;7;2;2;68; ;2; ; ;1;2; ; ;1; ;12;1453,61460977211
3370174;1;8;1; ; ; ; ; ; ; ; ; ; ; ; ;12;1453,61460977211
3370174;1;9;1; ; ; ; ; ; ; ; ; ; ; ; ;12;1453,61460977211
3370174;1;10;1; ; ; ; ; ; ; ; ; ; ; ; ;12;1453,61460977211
3370174;1;11;2;2;54; ;2; ; ;1;2; ; ;1; ;12;1453,61460977211
3370175;1;1;1; ; ; ; ; ; ; ; ; ; ; ; ;12;3813,39350723208
3370175;2;1;1; ; ; ; ; ; ; ; ; ; ; ; ;12;3813,39350723208
3370175;2;2;2;2;20; ;3;20; ;1;2; ; ;1;4;12;3813,39350723208
3370176;1;1;1; ; ; ; ; ; ; ; ; ; ; ; ;12;2711,45054846511
3370176;1;2;1; ; ; ; ; ; ; ; ; ; ; ; ;12;2711,45054846511
3370176;1;3;1; ; ; ; ; ; ; ; ; ; ; ; ;12;2711,45054846511
3370177;1;1;2;1; ; ;3;54; ;1;2; ; ;1; ;12;1042,42095766389
3370177;1;2;2;2;68; ;3;54; ;1;2; ; ;1; ;12;1042,42095766389
3370177;1;3;1; ; ; ; ; ; ; ; ; ; ; ; ;12;1042,42095766389
3370178;1;1;2;2;54; ;2; ; ;1;2; ; ;1; ;12;1144,98633854947
3370178;1;2;2;2;20; ;2; ; ;1;2; ; ;1; ;12;1144,98633854947
3370178;1;3;1; ; ; ; ; ; ; ; ; ; ; ; ;12;1144,98633854947
3370179;1;1;2;2;54; ;2; ; ;1;2; ; ;1; ;12;1017,54480920438
3370179;1;2;1; ; ; ; ; ; ; ; ; ; ; ; ;12;1017,54480920438
3370179;1;3;1; ; ; ; ; ; ; ; ; ; ; ; ;12;1017,54480920438
3370179;1;4;1; ; ; ; ; ; ; ; ; ; ; ; ;12;1017,54480920438
3370179;1;5;1; ; ; ; ; ; ; ; ; ; ; ; ;12;1017,54480920438
3370180;1;1;2;2;54; ;2; ; ;1;2; ; ;1; ;12;1251,16432942553
3370180;1;2;2;2;54; ;2; ; ;1;2; ; ;1; ;12;1251,16432942553
3370180;1;3;1; ; ; ; ; ; ; ; ; ; ; ; ;12;1251,16432942553
3370180;1;4;1; ; ; ; ; ; ; ; ; ; ; ; ;12;1251,16432942553
3370180;1;5;2;1; ; ;2; ; ;2;2; ; ;1; ;12;1251,16432942553
3370183;1;1;2;2;20; ;2; ; ;1;2; ; ;1; ;12;868,414036776533
3370184;1;1;1; ; ; ; ; ; ; ; ; ; ; ; ;12;1212,31971321249
3370184;1;2;1; ; ; ; ; ; ; ; ; ; ; ; ;12;1212,31971321249
3370184;1;3;1; ; ; ; ; ; ; ; ; ; ; ; ;12;1212,31971321249
3370184;1;4;1; ; ; ; ; ; ; ; ; ; ; ; ;12;1212,31971321249
3370185;1;1;1; ; ; ; ; ; ; ; ; ; ; ; ;12;881,206229378787
3370185;1;2;1; ; ; ; ; ; ; ; ; ; ; ; ;12;881,206229378787
3370185;1;3;1; ; ; ; ; ; ; ; ; ; ; ; ;12;881,206229378787
3370185;1;4;1; ; ; ; ; ; ; ; ; ; ; ; ;12;881,206229378787
3370186;1;1;2;2;54; ;3;54; ;1;2; ; ;1; ;12;929,475928255096
3370186;1;2;2;2;54; ;3;54; ;1;2; ; ;1; ;12;929,475928255096
3370186;1;3;2;2;54; ;3;54; ;1;2; ; ;1; ;12;929,475928255096
3370186;1;4;2;1; ; ;1; ; ; ;2; ; ;1; ;12;929,475928255096
3370186;1;5;2;2;54; ;3;54; ;1;2; ; ;1; ;12;929,475928255096
3370187;1;1;2;2;08; ;3;08; ;1;2; ; ;1; ;12;762,762333860135
3370187;1;2;1; ; ; ; ; ; ; ; ; ; ; ; ;12;762,762333860135
3370187;2;1;1; ; ; ; ; ; ; ; ; ; ; ; ;12;762,762333860135
3370187;2;2;1; ; ; ; ; ; ; ; ; ; ; ; ;12;762,762333860135
3370188;1;1;1; ; ; ; ; ; ; ; ; ; ; ; ;12;868,414036776533
3370189;1;1;1; ; ; ; ; ; ; ; ; ; ; ; ;12;1092,00795413566
3370189;1;2;1; ; ; ; ; ; ; ; ; ; ; ; ;12;1092,00795413566
3370189;1;3;1; ; ; ; ; ; ; ; ; ; ; ; ;12;1092,00795413566
3370189;1;4;1; ; ; ; ; ; ; ; ; ; ; ; ;12;1092,00795413566
3370190;1;1;1; ; ; ; ; ; ; ; ; ; ; ; ;12;532,339994167
3370190;1;2;1; ; ; ; ; ; ; ; ; ; ; ; ;12;532,339994167
3370190;1;3;1; ; ; ; ; ; ; ; ; ; ; ; ;12;532,339994167
3370190;1;4;1; ; ; ; ; ; ; ; ; ; ; ; ;12;532,339994167
3370190;1;5;1; ; ; ; ; ; ; ; ; ; ; ; ;12;532,339994167
3370192;1;1;1; ; ; ; ; ; ; ; ; ; ; ; ;12;1144,98633854947
3370192;1;2;1; ; ; ; ; ; ; ; ; ; ; ; ;12;1144,98633854947
3370192;1;3;1; ; ; ; ; ; ; ; ; ; ; ; ;12;1144,98633854947
3370193;1;1;1; ; ; ; ; ; ; ; ; ; ; ; ;12;3211,95031229587
3370193;1;2;1; ; ; ; ; ; ; ; ; ; ; ; ;12;3211,95031229587
3370193;1;3;1; ; ; ; ; ; ; ; ; ; ; ; ;12;3211,95031229587
3370193;1;4;1; ; ; ; ; ; ; ; ; ; ; ; ;12;3211,95031229587
3370194;1;1;2;2;20; ;2; ; ;2;2; ; ;2; ;12;3211,95031229587
3370194;1;2;1; ; ; ; ; ; ; ; ; ; ; ; ;12;3211,95031229587
3370194;1;3;1; ; ; ; ; ; ; ; ; ; ; ; ;12;3211,95031229587
3370194;1;4;1; ; ; ; ; ; ; ; ; ; ; ; ;12;3211,95031229587
3370196;1;1;1; ; ; ; ; ; ; ; ; ; ; ; ;12;1899,87005154493
3370196;1;2;1; ; ; ; ; ; ; ; ; ; ; ; ;12;1899,87005154493
3370196;1;3;1; ; ; ; ; ; ; ; ; ; ; ; ;12;1899,87005154493
3370196;1;4;1; ; ; ; ; ; ; ; ; ; ; ; ;12;1899,87005154493
3370196;1;5;1; ; ; ; ; ; ; ; ; ; ; ; ;12;1899,87005154493
3370196;1;6;1; ; ; ; ; ; ; ; ; ; ; ; ;12;1899,87005154493
3370196;1;7;1; ; ; ; ; ; ; ; ; ; ; ; ;12;1899,87005154493
3370197;1;1;2;1; ; ;3;20; ;2;2; ; ;1; ;12;1187,33088831423
3370197;1;2;2;2;20; ;3;20; ;2;2; ; ;1; ;12;1187,33088831423
3370197;1;3;1; ; ; ; ; ; ; ; ; ; ; ; ;12;1187,33088831423
3370197;1;4;2;2;20; ;3;20; ;2;2; ; ;1; ;12;1187,33088831423
3370198;1;1;1; ; ; ; ; ; ; ; ; ; ; ; ;12;923,137167622641
3370198;1;2;1; ; ; ; ; ; ; ; ; ; ; ; ;12;923,137167622641
3370199;1;1;1; ; ; ; ; ; ; ; ; ; ; ; ;12;978,700192991347
3370199;1;2;1; ; ; ; ; ; ; ; ; ; ; ; ;12;978,700192991347
3370199;1;3;1; ; ; ; ; ; ; ; ; ; ; ; ;12;978,700192991347
3370199;1;4;1; ; ; ; ; ; ; ; ; ; ; ; ;12;978,700192991347
3370200;1;1;1; ; ; ; ; ; ; ; ; ; ; ; ;12;761,698735147625
3370200;1;2;1; ; ; ; ; ; ; ; ; ; ; ; ;12;761,698735147625
3370200;1;3;1; ; ; ; ; ; ; ; ; ; ; ; ;12;761,698735147625
3370200;1;4;1; ; ; ; ; ; ; ; ; ; ; ; ;12;761,698735147625
3370200;1;5;1; ; ; ; ; ; ; ; ; ; ; ; ;12;761,698735147625
3370200;1;6;1; ; ; ; ; ; ; ; ; ; ; ; ;12;761,698735147625
3370201;1;1;1; ; ; ; ; ; ; ; ; ; ; ; ;12;1430,90177915831
3370201;1;2;1; ; ; ; ; ; ; ; ; ; ; ; ;12;1430,90177915831
3370201;1;3;1; ; ; ; ; ; ; ; ; ; ; ; ;12;1430,90177915831
3370201;1;4;1; ; ; ; ; ; ; ; ; ; ; ; ;12;1430,90177915831
3370201;1;5;1; ; ; ; ; ; ; ; ; ; ; ; ;12;1430,90177915831
3370201;1;6;1; ; ; ; ; ; ; ; ; ; ; ; ;12;1430,90177915831
3370201;1;7;1; ; ; ; ; ; ; ; ; ; ; ; ;12;1430,90177915831
3370201;1;8;1; ; ; ; ; ; ; ; ; ; ; ; ;12;1430,90177915831
3370201;1;9;1; ; ; ; ; ; ; ; ; ; ; ; ;12;1430,90177915831
3370204;1;1;1; ; ; ; ; ; ; ; ; ; ; ; ;12;1042,42095766389
3370204;1;2;1; ; ; ; ; ; ; ; ; ; ; ; ;12;1042,42095766389
3370204;1;3;1; ; ; ; ; ; ; ; ; ; ; ; ;12;1042,42095766389
3370205;1;1;1; ; ; ; ; ; ; ; ; ; ; ; ;12;959,028285417601
3370205;1;2;1; ; ; ; ; ; ; ; ; ; ; ; ;12;959,028285417601
3370205;1;3;1; ; ; ; ; ; ; ; ; ; ; ; ;12;959,028285417601
3370207;1;1;1; ; ; ; ; ; ; ; ; ; ; ; ;12;900,878136952532
3370207;1;2;1; ; ; ; ; ; ; ; ; ; ; ; ;12;900,878136952532
3370207;1;3;1; ; ; ; ; ; ; ; ; ; ; ; ;12;900,878136952532
3370207;1;4;1; ; ; ; ; ; ; ; ; ; ; ; ;12;900,878136952532
3370207;1;5;1; ; ; ; ; ; ; ; ; ; ; ; ;12;900,878136952532
3370208;1;1;2;2;20; ;3;20; ;2;2; ; ;1; ;12;933,383992533109
3370208;1;2;2;2;20; ;3;20; ;2;2; ; ;1; ;12;933,383992533109
3370208;1;3;2;2;20; ;3;20; ;2;3;20; ;2;3;12;933,383992533109
3370209;1;1;2;2;19; ;3;19; ;1;3;19; ;1; ;12;1000,95922366146
3370212;1;1;1; ; ; ; ; ; ; ; ; ; ; ; ;12;1033,66731623353
3370212;1;2;1; ; ; ; ; ; ; ; ; ; ; ; ;12;1033,66731623353
3370212;1;3;1; ; ; ; ; ; ; ; ; ; ; ; ;12;1033,66731623353
3370212;1;4;1; ; ; ; ; ; ; ; ; ; ; ; ;12;1033,66731623353
3370212;1;5;1; ; ; ; ; ; ; ; ; ; ; ; ;12;1033,66731623353
3370212;1;6;1; ; ; ; ; ; ; ; ; ; ; ; ;12;1033,66731623353
3370212;1;7;1; ; ; ; ; ; ; ; ; ; ; ; ;12;1033,66731623353
3370212;1;8;1; ; ; ; ; ; ; ; ; ; ; ; ;12;1033,66731623353
3370213;1;1;1; ; ; ; ; ; ; ; ; ; ; ; ;12;1019,5638889365
3370213;1;2;2;2;54; ;3;54; ;2;2; ; ;1; ;12;1019,5638889365
3370214;1;1;1; ; ; ; ; ; ; ; ; ; ; ; ;12;997,304858266394
3370214;1;2;1; ; ; ; ; ; ; ; ; ; ; ; ;12;997,304858266394
3370214;1;3;1; ; ; ; ; ; ; ; ; ; ; ; ;12;997,304858266394
3370214;1;4;1; ; ; ; ; ; ; ; ; ; ; ; ;12;997,304858266394
3370214;1;5;1; ; ; ; ; ; ; ; ; ; ; ; ;12;997,304858266394
3370216;1;1;1; ; ; ; ; ; ; ; ; ; ; ; ;12;1184,14572716058
3370216;1;2;1; ; ; ; ; ; ; ; ; ; ; ; ;12;1184,14572716058
3370216;1;3;1; ; ; ; ; ; ; ; ; ; ; ; ;12;1184,14572716058
3370216;1;4;1; ; ; ; ; ; ; ; ; ; ; ; ;12;1184,14572716058
3370217;1;1;1; ; ; ; ; ; ; ; ; ; ; ; ;12;808,305882094473
3370217;1;2;1; ; ; ; ; ; ; ; ; ; ; ; ;12;808,305882094473
3370217;1;3;1; ; ; ; ; ; ; ; ; ; ; ; ;12;808,305882094473
3370217;1;4;1; ; ; ; ; ; ; ; ; ; ; ; ;12;808,305882094473
3370218;1;1;1; ; ; ; ; ; ; ; ; ; ; ; ;12;5449,62616849258
3370218;1;2;1; ; ; ; ; ; ; ; ; ; ; ; ;12;5449,62616849258
3370218;1;3;1; ; ; ; ; ; ; ; ; ; ; ; ;12;5449,62616849258
3370218;1;4;1; ; ; ; ; ; ; ; ; ; ; ; ;12;5449,62616849258
3370218;1;5;1; ; ; ; ; ; ; ; ; ; ; ; ;12;5449,62616849258
3370218;1;6;1; ; ; ; ; ; ; ; ; ; ; ; ;12;5449,62616849258
3370218;1;7;1; ; ; ; ; ; ; ; ; ; ; ; ;12;5449,62616849258
3370218;1;8;1; ; ; ; ; ; ; ; ; ; ; ; ;12;5449,62616849258
3370220;1;1;1; ; ; ; ; ; ; ; ; ; ; ; ;12;3187,92197215013
3370221;1;1;1; ; ; ; ; ; ; ; ; ; ; ; ;12;1212,31971321249
3370221;1;2;1; ; ; ; ; ; ; ; ; ; ; ; ;12;1212,31971321249
3370221;1;3;1; ; ; ; ; ; ; ; ; ; ; ; ;12;1212,31971321249
3370221;1;4;1; ; ; ; ; ; ; ; ; ; ; ; ;12;1212,31971321249
3370222;1;1;1; ; ; ; ; ; ; ; ; ; ; ; ;12;1447,43028098299
3370222;1;2;1; ; ; ; ; ; ; ; ; ; ; ; ;12;1447,43028098299
3370222;1;3;1; ; ; ; ; ; ; ; ; ; ; ; ;12;1447,43028098299
3370222;1;4;1; ; ; ; ; ; ; ; ; ; ; ; ;12;1447,43028098299
3370223;1;1;1; ; ; ; ; ; ; ; ; ; ; ; ;12;1074,92681324447
3370225;1;1;2;2;68; ;3;68; ;1;2; ; ;1; ;12;1469,22010741168
3370225;1;2;2;2;68; ;3;68; ;1;2; ; ;1; ;12;1469,22010741168
3370225;1;3;2;2;68; ;3;68; ;1;2; ; ;1; ;12;1469,22010741168
3370225;1;4;2;2;68; ;3;68; ;1;2; ; ;1; ;12;1469,22010741168
3370225;1;5;1; ; ; ; ; ; ; ; ; ; ; ; ;12;1469,22010741168
3370226;1;1;1; ; ; ; ; ; ; ; ; ; ; ; ;12;847,646053655775
3370226;1;2;1; ; ; ; ; ; ; ; ; ; ; ; ;12;847,646053655775
3370226;1;3;1; ; ; ; ; ; ; ; ; ; ; ; ;12;847,646053655775
3370226;1;4;1; ; ; ; ; ; ; ; ; ; ; ; ;12;847,646053655775
3370227;1;1;2;2;66; ;3;66; ;1;2; ; ;1; ;12;229,412877266807
3370228;1;1;1; ; ; ; ; ; ; ; ; ; ; ; ;12;272,722789759166
3370229;1;1;1; ; ; ; ; ; ; ; ; ; ; ; ;12;287,369725100608
3370229;1;2;1; ; ; ; ; ; ; ; ; ; ; ; ;12;287,369725100608
3370229;1;3;1; ; ; ; ; ; ; ; ; ; ; ; ;12;287,369725100608
3370229;1;4;1; ; ; ; ; ; ; ; ; ; ; ; ;12;287,369725100608
3370230;1;1;2;2;76; ;3;76; ;1;2; ; ;1; ;12;284,562542103901
3370230;1;2;2;2;76; ;3;76; ;1;2; ; ;1; ;12;284,562542103901
3370230;1;3;2;2;76; ;1; ; ; ;2; ; ;1; ;12;284,562542103901
3370231;1;1;2;2;17; ;2; ; ;1;2; ; ;1; ;12;314,006484771874
3370231;1;2;2;2;17; ;2; ; ;1;2; ; ;1; ;12;314,006484771874
3370231;1;3;1; ; ; ; ; ; ; ; ; ; ; ; ;12;314,006484771874
3370239;1;1;2;2;76; ;2; ; ;1;2; ; ;1; ;12;292,345579339642
3370239;1;2;2;2;76; ;2; ; ;1;2; ; ;1; ;12;292,345579339642
3370239;1;3;2;2;76; ;2; ; ;1;2; ; ;1; ;12;292,345579339642
3370239;1;4;1; ; ; ; ; ; ; ; ; ; ; ; ;12;292,345579339642
3370240;1;1;2;2;17; ;2; ; ;1;2; ; ;1; ;12;326,514320153585
3370240;1;2;2;2;17; ;2; ; ;1;2; ; ;1; ;12;326,514320153585
3370240;1;3;2;2;17; ;2; ; ;1;2; ; ;1; ;12;326,514320153585
3370240;1;4;2;2;27; ;2; ; ;1;2; ; ;1; ;12;326,514320153585
3370240;1;5;1; ; ; ; ; ; ; ; ; ; ; ; ;12;326,514320153585
3370240;1;6;1; ; ; ; ; ; ; ; ; ; ; ; ;12;326,514320153585
3370240;1;7;1; ; ; ; ; ; ; ; ; ; ; ; ;12;326,514320153585
3370240;1;8;1; ; ; ; ; ; ; ; ; ; ; ; ;12;326,514320153585
3370241;1;1;1; ; ; ; ; ; ; ; ; ; ; ; ;12;356,539711896869
3370241;1;2;2;2;17; ;2; ; ;1;2; ; ;1; ;12;356,539711896869
3370241;1;3;1; ; ; ; ; ; ; ; ; ; ; ; ;12;356,539711896869
3370241;1;4;1; ; ; ; ; ; ; ; ; ; ; ; ;12;356,539711896869
3370241;1;5;1; ; ; ; ; ; ; ; ; ; ; ; ;12;356,539711896869
3370242;1;1;2;2;17; ;2; ; ;1;2; ; ;1; ;12;259,600599275105
3370242;1;2;2;2;76; ;2; ; ;1;2; ; ;1; ;12;259,600599275105
3370243;1;1;1; ; ; ; ; ; ; ; ; ; ; ; ;12;319,397163226775
3370243;1;2;1; ; ; ; ; ; ; ; ; ; ; ; ;12;319,397163226775
3370243;1;3;2;2;76; ;2; ; ;1;2; ; ;1; ;12;319,397163226775
3370244;1;1;2;2;17; ;2; ; ;1;2; ; ;1; ;12;292,345579339642
3370244;1;2;2;2;17; ;2; ; ;1;2; ; ;1; ;12;292,345579339642
3370244;1;3;2;2;17; ;2; ; ;1;2; ; ;1; ;12;292,345579339642
3370244;1;4;1; ; ; ; ; ; ; ; ; ; ; ; ;12;292,345579339642
3370245;1;1;2;2;17; ;2; ; ;1;2; ; ;1; ;12;323,039054119902
3370245;1;2;2;2;52; ;2; ; ;1;2; ; ;1; ;12;323,039054119902
3370245;1;3;1; ; ; ; ; ; ; ; ; ; ; ; ;12;323,039054119902
3370245;1;4;1; ; ; ; ; ; ; ; ; ; ; ; ;12;323,039054119902
3370246;1;1;1; ; ; ; ; ; ; ; ; ; ; ; ;12;289,395942580258
3370246;1;2;1; ; ; ; ; ; ; ; ; ; ; ; ;12;289,395942580258
3370247;1;1;1; ; ; ; ; ; ; ; ; ; ; ; ;12;229,412877266807
3370248;1;1;2;2;66; ;2; ; ;1;2; ; ;1; ;12;229,412877266807
3370249;1;1;1; ; ; ; ; ; ; ; ; ; ; ; ;12;229,412877266807
3370255;1;1;1; ; ; ; ; ; ; ; ; ; ; ; ;12;225,053580858168
3370255;1;2;1; ; ; ; ; ; ; ; ; ; ; ; ;12;225,053580858168
3370256;1;1;2;2;52; ;2; ; ;1;2; ; ;1; ;12;310,909973485186
3370256;1;2;2;2;68; ;2; ; ;1;2; ; ;1; ;12;310,909973485186
3370256;1;3;1; ; ; ; ; ; ; ; ; ; ; ; ;12;310,909973485186
3370256;1;4;1; ; ; ; ; ; ; ; ; ; ; ; ;12;310,909973485186
3370256;1;5;1; ; ; ; ; ; ; ; ; ; ; ; ;12;310,909973485186
3370257;1;1;2;2;17; ;2; ; ;1;2; ; ;1; ;12;318,063199880868
3370257;1;2;2;2;17; ;2; ; ;1;2; ; ;1; ;12;318,063199880868
3370257;1;3;1; ; ; ; ; ; ; ; ; ; ; ; ;12;318,063199880868
3370257;1;4;1; ; ; ; ; ; ; ; ; ; ; ; ;12;318,063199880868
3370258;1;1;2;2;73; ;2; ; ;1;2; ; ;1; ;12;276,273752096198
3370258;1;2;1; ; ; ; ; ; ; ; ; ; ; ; ;12;276,273752096198
3370258;1;3;1; ; ; ; ; ; ; ; ; ; ; ; ;12;276,273752096198
3370259;1;1;1; ; ; ; ; ; ; ; ; ; ; ; ;12;232,836618093909
3370259;1;2;1; ; ; ; ; ; ; ; ; ; ; ; ;12;232,836618093909
3370259;1;3;1; ; ; ; ; ; ; ; ; ; ; ; ;12;232,836618093909
3370260;1;1;1; ; ; ; ; ; ; ; ; ; ; ; ;12;211,931390374108
3370260;1;2;1; ; ; ; ; ; ; ; ; ; ; ; ;12;211,931390374108
3370260;1;3;1; ; ; ; ; ; ; ; ; ; ; ; ;12;211,931390374108
3370261;1;1;2;1; ; ;2; ; ;1;2; ; ;1; ;12;246,0860300879
3370261;1;2;1; ; ; ; ; ; ; ; ; ; ; ; ;12;246,0860300879
3370262;1;1;2;2;05; ;2; ; ;1;2; ; ;1; ;12;263,959895683744
3370263;1;1;2;2;50; ;2; ; ;1;2; ; ;1; ;12;284,562542103901
3370263;1;2;1; ; ; ; ; ; ; ; ; ; ; ; ;12;284,562542103901
3370263;1;3;1; ; ; ; ; ; ; ; ; ; ; ; ;12;284,562542103901
3370271;1;1;1; ; ; ; ; ; ; ; ; ; ; ; ;12;250,837705199683
3370271;1;2;2;2;17; ;2; ; ;1;2; ; ;1; ;12;250,837705199683
3370272;1;1;1; ; ; ; ; ; ; ; ; ; ; ; ;12;314,711991915281
3370272;1;2;1; ; ; ; ; ; ; ; ; ; ; ; ;12;314,711991915281
3370272;1;3;1; ; ; ; ; ; ; ; ; ; ; ; ;12;314,711991915281
3370273;1;1;2;2;76; ;2; ; ;1;2; ; ;1; ;12;279,586687864867
3370273;1;2;1; ; ; ; ; ; ; ; ; ; ; ; ;12;279,586687864867
3370273;1;3;1; ; ; ; ; ; ; ; ; ; ; ; ;12;279,586687864867
3370274;1;1;1; ; ; ; ; ; ; ; ; ; ; ; ;12;262,913535043774
3370274;1;2;1; ; ; ; ; ; ; ; ; ; ; ; ;12;262,913535043774
3370275;1;1;2;2;17; ;2; ; ;1;2; ; ;1; ;12;279,223388855581
3370275;1;2;1; ; ; ; ; ; ; ; ; ; ; ; ;12;279,223388855581
3370275;1;3;2;2;66; ;2; ; ;1;2; ; ;1; ;12;279,223388855581
3370275;1;4;1; ; ; ; ; ; ; ; ; ; ; ; ;12;279,223388855581
3370275;1;5;1; ; ; ; ; ; ; ; ; ; ; ; ;12;279,223388855581
3370276;1;1;1; ; ; ; ; ; ; ; ; ; ; ; ;12;272,722789759166
3370277;1;1;2;2;17; ;2; ; ;1;2; ; ;1; ;12;351,563857657835
3370277;1;2;2;2;17; ;2; ; ;1;2; ; ;1; ;12;351,563857657835
3370277;1;3;1; ; ; ; ; ; ; ; ; ; ; ; ;12;351,563857657835
3370277;1;4;1; ; ; ; ; ; ; ; ; ; ; ; ;12;351,563857657835
3370277;1;5;1; ; ; ; ; ; ; ; ; ; ; ; ;12;351,563857657835
3370278;1;1;2;2;17; ;3;17; ;1;2; ; ;1; ;12;269,888238207909
3370278;1;2;2;2;17; ;3;17; ;1;2; ; ;1; ;12;269,888238207909
3370278;1;3;2;2;17; ;3;17; ;1;2; ; ;1; ;12;269,888238207909
3370278;1;4;2;2;17; ;3;17; ;1;2; ; ;1; ;12;269,888238207909
3370278;1;5;2;2;17; ;3;17; ;1;2; ; ;1; ;12;269,888238207909
3370278;1;6;2;2;17; ;3;17; ;2;2; ; ;1; ;12;269,888238207909
3370279;1;1;2;2;17; ;4; ;2; ;2; ; ;1; ;12;238,227296548811
3370279;1;2;2;2;47; ;4; ;2; ;2; ; ;1; ;12;238,227296548811
3370279;1;3;2;2;17; ;2; ; ;1;2; ; ;1; ;12;238,227296548811
3370281;1;1;1; ; ; ; ; ; ; ; ; ; ; ; ;12;322,192447851377
3370281;1;2;2;2;17; ;2; ; ;1;2; ; ;1; ;12;322,192447851377
3370281;1;3;1; ; ; ; ; ; ; ; ; ; ; ; ;12;322,192447851377
3370281;1;4;1; ; ; ; ; ; ; ; ; ; ; ; ;12;322,192447851377
3370281;1;5;2;2;63; ;2; ; ;1;2; ; ;1; ;12;322,192447851377
3370281;1;6;1; ; ; ; ; ; ; ; ; ; ; ; ;12;322,192447851377
3370282;1;1;2;2;76; ;2; ; ;1;2; ; ;1; ;12;292,76040355551
3370282;1;2;1; ; ; ; ; ; ; ; ; ; ; ; ;12;292,76040355551
3370282;1;3;2;2;11; ;2; ; ;1;2; ; ;1; ;12;292,76040355551
3370282;1;4;1; ; ; ; ; ; ; ; ; ; ; ; ;12;292,76040355551
3370283;1;1;2;2;76; ;2; ; ;1;2; ; ;1; ;12;216,290686782747
3370283;1;2;1; ; ; ; ; ; ; ; ; ; ; ; ;12;216,290686782747
3370284;1;1;2;2;66; ;2; ; ;1;2; ; ;1; ;12;289,395942580258
3370284;1;2;1; ; ; ; ; ; ; ; ; ; ; ; ;12;289,395942580258
3370285;1;1;2;2;66; ;2; ; ;1;2; ; ;1; ;12;318,382951813805
3370285;1;2;2;2;66; ;2; ; ;1;2; ; ;1; ;12;318,382951813805
3370285;1;3;1; ; ; ; ; ; ; ; ; ; ; ; ;12;318,382951813805
3370285;1;4;1; ; ; ; ; ; ; ; ; ; ; ; ;12;318,382951813805
3370285;1;5;1; ; ; ; ; ; ; ; ; ; ; ; ;12;318,382951813805
3370286;1;1;1; ; ; ; ; ; ; ; ; ; ; ; ;12;300,389088656469
3370286;1;2;1; ; ; ; ; ; ; ; ; ; ; ; ;12;300,389088656469
3370286;1;3;1; ; ; ; ; ; ; ; ; ; ; ; ;12;300,389088656469
3370286;1;4;1; ; ; ; ; ; ; ; ; ; ; ; ;12;300,389088656469
3370286;1;5;2;1; ; ;3;41; ;2;3;73; ;2;1;12;300,389088656469
3370286;1;6;1; ; ; ; ; ; ; ; ; ; ; ; ;12;300,389088656469
3370287;1;1;1; ; ; ; ; ; ; ; ; ; ; ; ;12;225,10510606475
3370287;1;2;2;2;63; ;2; ; ;1;2; ; ;1; ;12;225,10510606475
3370287;1;3;1; ; ; ; ; ; ; ; ; ; ; ; ;12;225,10510606475
3370287;1;4;1; ; ; ; ; ; ; ; ; ; ; ; ;12;225,10510606475
3370288;1;1;2;2;11; ;2; ; ;1;2; ; ;1; ;12;259,600599275105
3370288;1;2;2;2;17; ;2; ; ;1;2; ; ;1; ;12;259,600599275105
3370290;1;1;2;2;76; ;2; ; ;1;2; ; ;1; ;12;293,755238988897
3370291;1;1;1; ; ; ; ; ; ; ; ; ; ; ; ;12;297,736257794543
3370291;1;2;1; ; ; ; ; ; ; ; ; ; ; ; ;12;297,736257794543
3370291;1;3;1; ; ; ; ; ; ; ; ; ; ; ; ;12;297,736257794543
3370291;1;4;1; ; ; ; ; ; ; ; ; ; ; ; ;12;297,736257794543
3370292;1;1;2;2;76; ;2; ; ;1;2; ; ;1; ;12;289,395942580258
3370292;1;2;1; ; ; ; ; ; ; ; ; ; ; ; ;12;289,395942580258
3370293;1;1;2;2;73; ;2; ; ;1;2; ; ;1; ;12;176,40451511749
3370293;1;2;1; ; ; ; ; ; ; ; ; ; ; ; ;12;176,40451511749
3370293;1;3;1; ; ; ; ; ; ; ; ; ; ; ; ;12;176,40451511749
3370293;1;4;1; ; ; ; ; ; ; ; ; ; ; ; ;12;176,40451511749
3370294;1;1;2;2;05; ;2; ; ;1;2; ; ;1; ;12;323,039054119902
3370294;1;2;2;2;63; ;2; ; ;1;2; ; ;1; ;12;323,039054119902
3370294;1;3;1; ; ; ; ; ; ; ; ; ; ; ; ;12;323,039054119902
3370294;1;4;1; ; ; ; ; ; ; ; ; ; ; ; ;12;323,039054119902
3370295;1;1;1; ; ; ; ; ; ; ; ; ; ; ; ;12;313,087345641834
3370295;1;2;1; ; ; ; ; ; ; ; ; ; ; ; ;12;313,087345641834
3370295;1;3;1; ; ; ; ; ; ; ; ; ; ; ; ;12;313,087345641834
3370295;1;4;1; ; ; ; ; ; ; ; ; ; ; ; ;12;313,087345641834
3370296;1;1;2;2;66; ;3;66; ;1;2; ; ;1; ;12;281,06310497345
3370296;1;2;2;2;66; ;3;66; ;1;2; ; ;1; ;12;281,06310497345
3370296;1;3;2;2;66; ;3;66; ;1;2; ; ;1; ;12;281,06310497345
3370297;1;1;1; ; ; ; ; ; ; ; ; ; ; ; ;12;279,586687864867
3370297;1;2;1; ; ; ; ; ; ; ; ; ; ; ; ;12;279,586687864867
3370297;1;3;1; ; ; ; ; ; ; ; ; ; ; ; ;12;279,586687864867
3370300;1;1;2;2;05; ;2; ; ;1;2; ; ;1; ;12;298,038839094188
3370300;1;2;2;2;66; ;3;66; ;1;3;11; ;1; ;12;298,038839094188
3370301;1;1;1; ; ; ; ; ; ; ; ; ; ; ; ;12;313,087345641834
3370301;1;2;2;2;63; ;2; ; ;1;2; ; ;1; ;12;313,087345641834
3370301;1;3;1; ; ; ; ; ; ; ; ; ; ; ; ;12;313,087345641834
3370301;1;4;1; ; ; ; ; ; ; ; ; ; ; ; ;12;313,087345641834
3370302;1;1;2;2;66; ;3;66; ;1;2; ; ;1; ;12;284,562542103901
3370302;1;2;2;2;17; ;2; ; ;1;2; ; ;1; ;12;284,562542103901
3370302;1;3;1; ; ; ; ; ; ; ; ; ; ; ; ;12;284,562542103901
3370303;1;1;2;2;66; ;3;76; ;1;2; ; ;1; ;12;274,825820250024
3370303;1;2;2;2;76; ;3;76; ;1;2; ; ;1; ;12;274,825820250024
3370303;1;3;2;2;76; ;3;76; ;1;2; ; ;1; ;12;274,825820250024
3370303;1;4;2;2;76; ;3;76; ;1;2; ; ;1; ;12;274,825820250024
3370303;1;5;2;2;76; ;3;76; ;1;2; ; ;1; ;12;274,825820250024
3370304;1;1;2;2;66; ;2; ; ;1;2; ; ;1; ;12;259,600599275105
3370304;1;2;2;2;63; ;2; ; ;1;2; ; ;1; ;12;259,600599275105
3370305;1;1;1; ; ; ; ; ; ; ; ; ; ; ; ;12;250,369630193191
3370305;1;2;1; ; ; ; ; ; ; ; ; ; ; ; ;12;250,369630193191
3370305;1;3;1; ; ; ; ; ; ; ; ; ; ; ; ;12;250,369630193191
3370306;1;1;2;2;05; ;2; ; ;1;2; ; ;1; ;12;287,369725100608
3370306;1;2;2;2;05; ;2; ; ;1;2; ; ;1; ;12;287,369725100608
3370306;1;3;2;2;05; ;2; ; ;1;2; ; ;1; ;12;287,369725100608
3370306;1;4;1; ; ; ; ; ; ; ; ; ; ; ; ;12;287,369725100608
3370307;1;1;2;2;17; ;2; ; ;1;2; ; ;1; ;12;255,241302866466
3370307;1;2;2;2;76; ;2; ; ;1;2; ; ;1; ;12;255,241302866466
3370307;1;3;2;2;76; ;3;76; ;1;2; ; ;1; ;12;255,241302866466
3370308;1;1;1; ; ; ; ; ; ; ; ; ; ; ; ;12;279,586687864867
3370308;1;2;2;2;66; ;2; ; ;1;2; ; ;1; ;12;279,586687864867
3370308;1;3;2;2;66; ;2; ; ;1;2; ; ;1; ;12;279,586687864867
3370309;1;1;2;2;66; ;3;66; ;1;2; ; ;1; ;12;259,600599275105
3370309;1;2;2;2;66; ;3;66; ;1;2; ; ;1; ;12;259,600599275105
3370310;1;1;2;2;66; ;2; ; ;1;2; ; ;1; ;12;263,959895683744
3370311;1;1;2;2;17; ;3;66; ;2;2; ; ;1; ;12;242,58659295745
3370311;1;2;2;2;17; ;3;17; ;1;2; ; ;1; ;12;242,58659295745
3370314;1;1;2;2;63; ;2; ; ;1;2; ; ;1; ;12;259,600599275105
3370314;1;2;2;2;66; ;2; ; ;1;2; ; ;1; ;12;259,600599275105
3370315;1;1;2;2;66; ;2; ; ;1;2; ; ;1; ;12;225,053580858168
3370315;1;2;2;2;66; ;2; ; ;1;2; ; ;1; ;12;225,053580858168
3370316;1;1;2;2;27; ;2; ; ;1;2; ; ;1; ;12;318,063199880868
3370316;1;2;2;2;66; ;2; ; ;1;2; ; ;1; ;12;318,063199880868
3370316;1;3;2;2;66; ;2; ; ;1;2; ; ;1; ;12;318,063199880868
3370316;1;4;2;2;66; ;2; ; ;1;2; ; ;1; ;12;318,063199880868
3370317;1;1;1; ; ; ; ; ; ; ; ; ; ; ; ;12;288,416085740577
3370317;1;2;1; ; ; ; ; ; ; ; ; ; ; ; ;12;288,416085740577
3370317;1;3;1; ; ; ; ; ; ; ; ; ; ; ; ;12;288,416085740577
3370318;1;1;2;2;17; ;2; ; ;1;2; ; ;1; ;12;314,750264112198
3370318;1;2;2;2;66; ;2; ; ;1;2; ; ;1; ;12;314,750264112198
3370318;1;3;2;2;66; ;2; ; ;1;2; ; ;1; ;12;314,750264112198
3370318;1;4;1; ; ; ; ; ; ; ; ; ; ; ; ;12;314,750264112198
3370319;1;1;2;2;17; ;2; ; ;1;2; ; ;1; ;12;313,302332266025
3370319;1;2;1; ; ; ; ; ; ; ; ; ; ; ; ;12;313,302332266025
3370319;1;3;1; ; ; ; ; ; ; ; ; ; ; ; ;12;313,302332266025
3370319;1;4;1; ; ; ; ; ; ; ; ; ; ; ; ;12;313,302332266025
3370319;1;5;1; ; ; ; ; ; ; ; ; ; ; ; ;12;313,302332266025
3370319;1;6;1; ; ; ; ; ; ; ; ; ; ; ; ;12;313,302332266025
3370320;1;1;2;2;66; ;2; ; ;1;2; ; ;1; ;12;275,932898599635
3370320;1;2;2;2;17; ;2; ; ;1;2; ; ;1; ;12;275,932898599635
3370320;1;3;1; ; ; ; ; ; ; ; ; ; ; ; ;12;275,932898599635
3370320;1;4;1; ; ; ; ; ; ; ; ; ; ; ; ;12;275,932898599635
3370321;1;1;2;2;05; ;2; ; ;1;2; ; ;1; ;12;318,063199880868
3370321;1;2;1; ; ; ; ; ; ; ; ; ; ; ; ;12;318,063199880868
3370321;1;3;1; ; ; ; ; ; ; ; ; ; ; ; ;12;318,063199880868
3370321;1;4;1; ; ; ; ; ; ; ; ; ; ; ; ;12;318,063199880868
3370322;1;1;2;2;66; ;2; ; ;1;2; ; ;1; ;12;302,569658270901
3370322;1;2;2;2;66; ;2; ; ;1;2; ; ;1; ;12;302,569658270901
3370322;1;3;2;2;66; ;2; ; ;1;2; ; ;1; ;12;302,569658270901
3370323;1;1;1; ; ; ; ; ; ; ; ; ; ; ; ;12;246,0860300879
3370323;1;2;2;2;66; ;3;11; ;1;3;54; ;1; ;12;246,0860300879
3370324;1;1;2;2;66; ;4; ;1; ;2; ; ;1; ;12;289,395942580258
3370324;1;2;2;2;66; ;2; ; ;1;2; ; ;1; ;12;289,395942580258
3370325;1;1;1; ; ; ; ; ; ; ; ; ; ; ; ;12;232,836618093909
3370325;1;2;1; ; ; ; ; ; ; ; ; ; ; ; ;12;232,836618093909
3370325;1;3;1; ; ; ; ; ; ; ; ; ; ; ; ;12;232,836618093909
3370327;1;1;1; ; ; ; ; ; ; ; ; ; ; ; ;12;285,896505449808
3370327;1;2;1; ; ; ; ; ; ; ; ; ; ; ; ;12;285,896505449808
3370328;1;1;2;2;85; ;2; ; ;1;2; ; ;1; ;12;300,543440791251
3370328;1;2;1; ; ; ; ; ; ; ; ; ; ; ; ;12;300,543440791251
3370328;1;3;1; ; ; ; ; ; ; ; ; ; ; ; ;12;300,543440791251
3370328;1;4;2;2;17; ;2; ; ;1;2; ; ;1; ;12;300,543440791251
3370328;1;5;1; ; ; ; ; ; ; ; ; ; ; ; ;12;300,543440791251
3370329;1;1;1; ; ; ; ; ; ; ; ; ; ; ; ;12;232,836618093909
3370329;1;2;1; ; ; ; ; ; ; ; ; ; ; ; ;12;232,836618093909
3370329;1;3;2;2;17; ;2; ; ;1;2; ; ;1; ;12;232,836618093909
3370330;1;1;1; ; ; ; ; ; ; ; ; ; ; ; ;12;258,554238635136
3370330;1;2;2;2;66; ;2; ; ;1;2; ; ;1; ;12;258,554238635136
3370330;1;3;1; ; ; ; ; ; ; ; ; ; ; ; ;12;258,554238635136
3370331;1;1;1; ; ; ; ; ; ; ; ; ; ; ; ;12;267,042783014284
3370331;1;2;1; ; ; ; ; ; ; ; ; ; ; ; ;12;267,042783014284
3370331;1;3;1; ; ; ; ; ; ; ; ; ; ; ; ;12;267,042783014284
3370331;1;4;1; ; ; ; ; ; ; ; ; ; ; ; ;12;267,042783014284
3370332;1;1;1; ; ; ; ; ; ; ; ; ; ; ; ;12;280,633048504836
3370332;1;2;1; ; ; ; ; ; ; ; ; ; ; ; ;12;280,633048504836
3370333;1;1;2;2;66; ;2; ; ;1;2; ; ;1; ;12;229,412877266807
3370334;1;1;2;2;05; ;2; ; ;1;2; ; ;1; ;12;215,014277704648
3370334;1;2;2;2;17; ;2; ; ;1;2; ; ;1; ;12;215,014277704648
3370334;1;3;2;2;17; ;2; ; ;1;2; ; ;1; ;12;215,014277704648
3370334;2;1;2;2;17; ;2; ; ;1;2; ; ;1; ;12;215,014277704648
3370334;2;2;1; ; ; ; ; ; ; ; ; ; ; ; ;12;215,014277704648
3370334;2;3;1; ; ; ; ; ; ; ; ; ; ; ; ;12;215,014277704648
3370335;1;1;2;2;66; ;2; ; ;1;2; ; ;1; ;12;224,073724018488
3370335;1;2;2;2;76; ;2; ; ;1;2; ; ;1; ;12;224,073724018488
3370335;1;3;1; ; ; ; ; ; ; ; ; ; ; ; ;12;224,073724018488
3370336;1;1;1; ; ; ; ; ; ; ; ; ; ; ; ;12;281,06310497345
3370336;1;2;1; ; ; ; ; ; ; ; ; ; ; ; ;12;281,06310497345
3370336;1;3;1; ; ; ; ; ; ; ; ; ; ; ; ;12;281,06310497345
3370337;1;1;1; ; ; ; ; ; ; ; ; ; ; ; ;12;291,246562340496
3370337;1;2;2;2;17; ;2; ; ;1;2; ; ;1; ;12;291,246562340496
3370337;1;3;1; ; ; ; ; ; ; ; ; ; ; ; ;12;291,246562340496
3370337;2;1;2;2;73; ;2; ; ;1;2; ; ;1; ;12;291,246562340496
3370337;2;2;1; ; ; ; ; ; ; ; ; ; ; ; ;12;291,246562340496
3370337;2;3;1; ; ; ; ; ; ; ; ; ; ; ; ;12;291,246562340496
3370337;2;4;1; ; ; ; ; ; ; ; ; ; ; ; ;12;291,246562340496
3370338;1;1;2;2;73; ;2; ; ;1;2; ; ;1; ;12;280,505826994907
3370338;1;2;2;1; ; ;4; ;2; ;4; ;2; ;2;12;280,505826994907
3370339;1;1;2;2;63; ;2; ; ;1;2; ; ;1; ;12;246,0860300879
3370339;1;2;1; ; ; ; ; ; ; ; ; ; ; ; ;12;246,0860300879
3370341;1;1;1; ; ; ; ; ; ; ; ; ; ; ; ;12;232,836618093909
3370341;1;2;1; ; ; ; ; ; ; ; ; ; ; ; ;12;232,836618093909
3370341;1;3;1; ; ; ; ; ; ; ; ; ; ; ; ;12;232,836618093909
3370343;1;1;2;2;25; ;2; ; ;1;2; ; ;1; ;12;108,330038666431
3370343;1;2;2;2;68; ;2; ; ;1;2; ; ;1; ;12;108,330038666431
3370343;1;3;1; ; ; ; ; ; ; ; ; ; ; ; ;12;108,330038666431
3370343;1;4;1; ; ; ; ; ; ; ; ; ; ; ; ;12;108,330038666431
3370343;1;5;1; ; ; ; ; ; ; ; ; ; ; ; ;12;108,330038666431
3370344;1;1;1; ; ; ; ; ; ; ; ; ; ; ; ;12;89,9330887230151
3370344;1;2;1; ; ; ; ; ; ; ; ; ; ; ; ;12;89,9330887230151
3370344;1;3;1; ; ; ; ; ; ; ; ; ; ; ; ;12;89,9330887230151
3370344;1;4;1; ; ; ; ; ; ; ; ; ; ; ; ;12;89,9330887230151
3370344;1;5;1; ; ; ; ; ; ; ; ; ; ; ; ;12;89,9330887230151
3370346;1;1;2;2;15; ;2; ; ;1;2; ; ;1; ;12;86,6897483681081
3370346;1;2;2;2;15; ;2; ; ;1;2; ; ;1; ;12;86,6897483681081
3370346;1;3;2;2;15; ;2; ; ;1;2; ; ;1; ;12;86,6897483681081
3370346;1;4;1; ; ; ; ; ; ; ; ; ; ; ; ;12;86,6897483681081
3370346;1;5;2;2;15; ;2; ; ;1;2; ; ;1; ;12;86,6897483681081
3370346;1;6;1; ; ; ; ; ; ; ; ; ; ; ; ;12;86,6897483681081
3370347;1;1;2;2;15; ;2; ; ;1;2; ; ;1; ;12;117,004976567411
3370347;1;2;2;2;73; ;3;15; ;1;3;25; ;1; ;12;117,004976567411
3370348;1;1;2;2;76; ;2; ; ;1;2; ; ;1; ;12;128,342466999272
3370348;1;2;1; ; ; ; ; ; ; ; ; ; ; ; ;12;128,342466999272
3370348;1;3;1; ; ; ; ; ; ; ; ; ; ; ; ;12;128,342466999272
3370348;1;4;1; ; ; ; ; ; ; ; ; ; ; ; ;12;128,342466999272
3370349;1;1;2;2;25; ;3;11; ;1;2; ; ;1; ;12;95,1823514737776
3370349;1;2;2;2;63; ;3;11; ;1;3;11; ;1; ;12;95,1823514737776
3370351;1;1;1; ; ; ; ; ; ; ; ; ; ; ; ;12;85,9708129975179
3370351;1;2;1; ; ; ; ; ; ; ; ; ; ; ; ;12;85,9708129975179
3370351;1;3;1; ; ; ; ; ; ; ; ; ; ; ; ;12;85,9708129975179
3370351;1;4;1; ; ; ; ; ; ; ; ; ; ; ; ;12;85,9708129975179
3370352;1;1;2;2;15; ;2; ; ;1;2; ; ;1; ;12;111,220108917736
3370352;1;2;2;2;11; ;2; ; ;1;2; ; ;1; ;12;111,220108917736
3370353;1;1;2;1; ; ;3;11; ;1;2; ; ;1; ;12;131,481931280055
3370353;1;2;2;1; ; ;3;11; ;1;2; ; ;1; ;12;131,481931280055
3370353;1;3;2;1; ; ;3;11; ;1;2; ; ;1; ;12;131,481931280055
3370353;1;4;1; ; ; ; ; ; ; ; ; ; ; ; ;12;131,481931280055
3370354;1;1;1; ; ; ; ; ; ; ; ; ; ; ; ;12;128,342466999272
3370354;1;2;1; ; ; ; ; ; ; ; ; ; ; ; ;12;128,342466999272
3370354;1;3;1; ; ; ; ; ; ; ; ; ; ; ; ;12;128,342466999272
3370354;1;4;1; ; ; ; ; ; ; ; ; ; ; ; ;12;128,342466999272
3370355;1;1;2;2;15; ;2; ; ;1;2; ; ;1; ;12;91,8278289217587
3370355;1;2;2;2;15; ;2; ; ;1;2; ; ;1; ;12;91,8278289217587
3370356;1;1;2;2;11; ;3;11; ;1;2; ; ;1; ;12;107,769016414579
3370356;1;2;2;1; ; ;3;11; ;1;2; ; ;1; ;12;107,769016414579
3370356;1;3;2;2;11; ;3;11; ;1;2; ; ;1; ;12;107,769016414579
3370356;1;4;2;2;11; ;3;11; ;1;2; ; ;1; ;12;107,769016414579
3370356;1;5;2;2;11; ;3;11; ;1;2; ; ;1; ;12;107,769016414579
3370358;1;1;1; ; ; ; ; ; ; ; ; ; ; ; ;12;116,403754773754
3370358;1;2;1; ; ; ; ; ; ; ; ; ; ; ; ;12;116,403754773754
3370359;1;1;1; ; ; ; ; ; ; ; ; ; ; ; ;12;110,518295857597
3370359;1;2;1; ; ; ; ; ; ; ; ; ; ; ; ;12;110,518295857597
3370359;1;3;1; ; ; ; ; ; ; ; ; ; ; ; ;12;110,518295857597
3370359;1;4;1; ; ; ; ; ; ; ; ; ; ; ; ;12;110,518295857597
3370360;1;1;1; ; ; ; ; ; ; ; ; ; ; ; ;12;69,1769462801424
3370360;1;2;1; ; ; ; ; ; ; ; ; ; ; ; ;12;69,1769462801424
3370360;1;3;1; ; ; ; ; ; ; ; ; ; ; ; ;12;69,1769462801424
3370360;1;4;1; ; ; ; ; ; ; ; ; ; ; ; ;12;69,1769462801424
3370360;1;5;1; ; ; ; ; ; ; ; ; ; ; ; ;12;69,1769462801424
3370361;1;1;2;2;68; ;2; ; ;1;2; ; ;1; ;12;131,585807354179
3370361;1;2;1; ; ; ; ; ; ; ; ; ; ; ; ;12;131,585807354179
3370361;1;3;1; ; ; ; ; ; ; ; ; ; ; ; ;12;131,585807354179
3370362;1;1;2;1; ; ;2; ; ;1;2; ; ;1; ;12;120,613982189306
3370363;1;1;2;2;15; ;2; ; ;1;2; ; ;1; ;12;131,585807354179
3370363;1;2;1; ; ; ; ; ; ; ; ; ; ; ; ;12;131,585807354179
3370363;1;3;1; ; ; ; ; ; ; ; ; ; ; ; ;12;131,585807354179
3370364;1;1;1; ; ; ; ; ; ; ; ; ; ; ; ;12;95,1823514737776
3370364;1;2;1; ; ; ; ; ; ; ; ; ; ; ; ;12;95,1823514737776
3370365;1;1;1; ; ; ; ; ; ; ; ; ; ; ; ;12;69,7497250818823
3370365;1;2;1; ; ; ; ; ; ; ; ; ; ; ; ;12;69,7497250818823
3370365;1;3;1; ; ; ; ; ; ; ; ; ; ; ; ;12;69,7497250818823
3370365;1;4;1; ; ; ; ; ; ; ; ; ; ; ; ;12;69,7497250818823
3370365;1;5;1; ; ; ; ; ; ; ; ; ; ; ; ;12;69,7497250818823
3370367;1;1;2;2;15; ;3;15; ;1;2; ; ;1; ;12;131,481931280055
3370367;1;2;2;2;15; ;3;15; ;1;2; ; ;1; ;12;131,481931280055
3370367;1;3;2;2;15; ;2; ; ;1;2; ; ;1; ;12;131,481931280055
3370367;1;4;1; ; ; ; ; ; ; ; ; ; ; ; ;12;131,481931280055
3370368;1;1;1; ; ; ; ; ; ; ; ; ; ; ; ;12;125,099126644365
3370368;1;2;2;2;15; ;2; ; ;1;2; ; ;1; ;12;125,099126644365
3370368;1;3;1; ; ; ; ; ; ; ; ; ; ; ; ;12;125,099126644365
3370368;1;4;1; ; ; ; ; ; ; ; ; ; ; ; ;12;125,099126644365
3370368;1;5;1; ; ; ; ; ; ; ; ; ; ; ; ;12;125,099126644365
3370369;1;1;2;1; ; ;3;18; ;1;2; ; ;1; ;12;120,613982189306
3370370;1;1;2;2;25; ;3;25; ;1;3;25; ;1; ;12;231,70281988329
3370370;1;2;2;2;11; ;3;25; ;1;2; ; ;1; ;12;231,70281988329
3370370;1;3;2;2;25; ;2; ; ;1;2; ; ;1; ;12;231,70281988329
3370370;1;4;2;2;25; ;3;25; ;1;2; ; ;1; ;12;231,70281988329
3370370;1;5;2;2;25; ;3;25; ;1;2; ; ;1; ;12;231,70281988329
3370370;1;6;2;2;11; ;3;25; ;1;2; ; ;1; ;12;231,70281988329
3370370;1;7;2;2;11; ;3;25; ;1;2; ; ;1; ;12;231,70281988329
3370370;1;8;2;2;15; ;2; ; ;1;2; ; ;1; ;12;231,70281988329
3370371;1;1;1; ; ; ; ; ; ; ; ; ; ; ; ;12;110,048754516484
3370371;1;2;1; ; ; ; ; ; ; ; ; ; ; ; ;12;110,048754516484
3370371;1;3;1; ; ; ; ; ; ; ; ; ; ; ; ;12;110,048754516484
3370371;1;4;1; ; ; ; ; ; ; ; ; ; ; ; ;12;110,048754516484
3370371;1;5;1; ; ; ; ; ; ; ; ; ; ; ; ;12;110,048754516484
3370372;1;1;2;1; ; ;3;15; ;1;2; ; ;1; ;12;241,227964378612
3370373;1;1;2;2;15; ;3;15; ;2;2; ; ;1; ;12;91,9390111188706
3370373;1;2;2;2;15; ;3;15; ;2;2; ; ;1; ;12;91,9390111188706
3370373;1;3;2;2;15; ;3;15; ;1;2; ; ;1; ;12;91,9390111188706
3370374;1;1;2;2;68; ;2; ; ;1;2; ; ;1; ;12;219,159703577737
3370374;1;2;2;1; ; ;2; ; ;1;2; ; ;1; ;12;219,159703577737
3370374;1;3;2;1; ; ;2; ; ;1;2; ; ;1; ;12;219,159703577737
3370374;1;4;1; ; ; ; ; ; ; ; ; ; ; ; ;12;219,159703577737
3370375;1;1;1; ; ; ; ; ; ; ; ; ; ; ; ;12;222,440217835471
3370375;1;2;1; ; ; ; ; ; ; ; ; ; ; ; ;12;222,440217835471
3370376;1;1;2;2;15; ;2; ; ;1;2; ; ;1; ;12;89,2141533524249
3370376;1;2;2;2;50; ;2; ; ;1;2; ; ;1; ;12;89,2141533524249
3370376;1;3;1; ; ; ; ; ; ; ; ; ; ; ; ;12;89,2141533524249
3370377;1;1;2;2;68; ;2; ; ;1;2; ; ;1; ;12;94,9990210021001
3370377;1;2;2;2;15; ;2; ; ;1;2; ; ;1; ;12;94,9990210021001
3370377;1;3;2;2;11; ;2; ; ;1;2; ; ;1; ;12;94,9990210021001
3370378;1;1;2;2;15; ;3;15; ;1;3;15; ;1; ;12;204,309454020653
3370378;1;2;1; ; ; ; ; ; ; ; ; ; ; ; ;12;204,309454020653
3370378;1;3;1; ; ; ; ; ; ; ; ; ; ; ; ;12;204,309454020653
3370378;1;4;1; ; ; ; ; ; ; ; ; ; ; ; ;12;204,309454020653
3370378;1;5;1; ; ; ; ; ; ; ; ; ; ; ; ;12;204,309454020653
3370378;1;6;1; ; ; ; ; ; ; ; ; ; ; ; ;12;204,309454020653
3370379;1;1;2;2;15; ;3;15; ;1;2; ; ;1; ;12;180,097442694057
3370379;1;2;2;2;15; ;3;15; ;1;2; ; ;1; ;12;180,097442694057
3370379;1;3;2;2;15; ;3;15; ;1;2; ; ;1; ;12;180,097442694057
3370379;1;4;2;2;15; ;3;15; ;1;2; ; ;1; ;12;180,097442694057
3370381;1;1;2;2;68; ;3;25; ;1;2; ; ;1; ;12;220,621087418695
3370381;1;2;1; ; ; ; ; ; ; ; ; ; ; ; ;12;220,621087418695
3370381;1;3;2;2;68; ;3;25; ;1;2; ; ;1; ;12;220,621087418695
3370381;1;4;2;2;68; ;3;25; ;1;2; ; ;1; ;12;220,621087418695
3370381;1;5;2;2;68; ;3;25; ;1;2; ; ;1; ;12;220,621087418695
3370381;1;6;2;2;25; ;3;25; ;1;2; ; ;1; ;12;220,621087418695
3370382;1;1;1; ; ; ; ; ; ; ; ; ; ; ; ;12;70,4230951501046
3370382;1;2;1; ; ; ; ; ; ; ; ; ; ; ; ;12;70,4230951501046
3370382;1;3;1; ; ; ; ; ; ; ; ; ; ; ; ;12;70,4230951501046
3370383;1;1;2;2;15; ;2; ; ;1;2; ; ;1; ;12;102,154727010326
3370383;1;2;2;2;15; ;2; ; ;1;2; ; ;1; ;12;102,154727010326
3370383;1;3;1; ; ; ; ; ; ; ; ; ; ; ; ;12;102,154727010326
3370383;1;4;1; ; ; ; ; ; ; ; ; ; ; ; ;12;102,154727010326
3370383;1;5;1; ; ; ; ; ; ; ; ; ; ; ; ;12;102,154727010326
3370383;1;6;2;2;15; ;3;15; ;2;3;15; ;2;1;12;102,154727010326
3370385;1;1;2;2;15; ;3;15; ;1;2; ; ;1; ;12;117,004976567411
3370385;1;2;2;2;15; ;3;15; ;2;2; ; ;1; ;12;117,004976567411
3370386;1;1;2;2;19; ;2; ; ;1;2; ; ;1; ;12;75,5867167236232
3370387;1;1;1; ; ; ; ; ; ; ; ; ; ; ; ;12;104,889038619898
3370387;1;2;1; ; ; ; ; ; ; ; ; ; ; ; ;12;104,889038619898
3370387;1;3;1; ; ; ; ; ; ; ; ; ; ; ; ;12;104,889038619898
3370387;1;4;1; ; ; ; ; ; ; ; ; ; ; ; ;12;104,889038619898
3370388;1;1;1; ; ; ; ; ; ; ; ; ; ; ; ;12;91,6130744046417
3370388;1;2;1; ; ; ; ; ; ; ; ; ; ; ; ;12;91,6130744046417
3370388;1;3;1; ; ; ; ; ; ; ; ; ; ; ; ;12;91,6130744046417
3370388;1;4;1; ; ; ; ; ; ; ; ; ; ; ; ;12;91,6130744046417
3370388;1;5;1; ; ; ; ; ; ; ; ; ; ; ; ;12;91,6130744046417
3370388;1;6;1; ; ; ; ; ; ; ; ; ; ; ; ;12;91,6130744046417
3370389;1;1;1; ; ; ; ; ; ; ; ; ; ; ; ;12;88,7992977071894
3370389;1;2;1; ; ; ; ; ; ; ; ; ; ; ; ;12;88,7992977071894
3370389;1;3;1; ; ; ; ; ; ; ; ; ; ; ; ;12;88,7992977071894
3370389;1;4;1; ; ; ; ; ; ; ; ; ; ; ; ;12;88,7992977071894
3370389;1;5;1; ; ; ; ; ; ; ; ; ; ; ; ;12;88,7992977071894
3370389;1;6;1; ; ; ; ; ; ; ; ; ; ; ; ;12;88,7992977071894
3370390;1;1;1; ; ; ; ; ; ; ; ; ; ; ; ;12;114,388986276577
3370390;1;2;1; ; ; ; ; ; ; ; ; ; ; ; ;12;114,388986276577
3370390;1;3;1; ; ; ; ; ; ; ; ; ; ; ; ;12;114,388986276577
3370390;1;4;1; ; ; ; ; ; ; ; ; ; ; ; ;12;114,388986276577
3370390;1;5;1; ; ; ; ; ; ; ; ; ; ; ; ;12;114,388986276577
3370391;1;1;1; ; ; ; ; ; ; ; ; ; ; ; ;12;71,8552391005508
3370391;1;2;1; ; ; ; ; ; ; ; ; ; ; ; ;12;71,8552391005508
3370392;1;1;1; ; ; ; ; ; ; ; ; ; ; ; ;12;103,898134598386
3370392;1;2;1; ; ; ; ; ; ; ; ; ; ; ; ;12;103,898134598386
3370392;1;3;1; ; ; ; ; ; ; ; ; ; ; ; ;12;103,898134598386
3370392;1;4;1; ; ; ; ; ; ; ; ; ; ; ; ;12;103,898134598386
3370392;1;5;1; ; ; ; ; ; ; ; ; ; ; ; ;12;103,898134598386
3370392;1;6;1; ; ; ; ; ; ; ; ; ; ; ; ;12;103,898134598386
3370392;1;7;1; ; ; ; ; ; ; ; ; ; ; ; ;12;103,898134598386
3370393;1;1;1; ; ; ; ; ; ; ; ; ; ; ; ;12;50,1325115596614
3370393;1;2;1; ; ; ; ; ; ; ; ; ; ; ; ;12;50,1325115596614
3370393;1;3;1; ; ; ; ; ; ; ; ; ; ; ; ;12;50,1325115596614
3370393;1;4;1; ; ; ; ; ; ; ; ; ; ; ; ;12;50,1325115596614
3370393;1;5;1; ; ; ; ; ; ; ; ; ; ; ; ;12;50,1325115596614
3370394;1;1;1; ; ; ; ; ; ; ; ; ; ; ; ;12;96,2622529533341
3370394;1;2;1; ; ; ; ; ; ; ; ; ; ; ; ;12;96,2622529533341
3370394;1;3;1; ; ; ; ; ; ; ; ; ; ; ; ;12;96,2622529533341
3370394;1;4;1; ; ; ; ; ; ; ; ; ; ; ; ;12;96,2622529533341
3370395;1;1;1; ; ; ; ; ; ; ; ; ; ; ; ;12;92,7476030359032
3370395;1;2;1; ; ; ; ; ; ; ; ; ; ; ; ;12;92,7476030359032
3370395;1;3;1; ; ; ; ; ; ; ; ; ; ; ; ;12;92,7476030359032
3370396;1;1;2;3; ;4;2; ; ;1;2; ; ;1; ;12;110,379299187046
3370396;1;2;2;3; ;4;2; ; ;1;2; ; ;1; ;12;110,379299187046
3370397;1;1;1; ; ; ; ; ; ; ; ; ; ; ; ;12;83,780745527621
3370397;1;2;1; ; ; ; ; ; ; ; ; ; ; ; ;12;83,780745527621
3370397;1;3;1; ; ; ; ; ; ; ; ; ; ; ; ;12;83,780745527621
3370397;1;4;1; ; ; ; ; ; ; ; ; ; ; ; ;12;83,780745527621
3370398;1;1;1; ; ; ; ; ; ; ; ; ; ; ; ;12;80,7788052849138
3370398;1;2;1; ; ; ; ; ; ; ; ; ; ; ; ;12;80,7788052849138
3370398;1;3;1; ; ; ; ; ; ; ; ; ; ; ; ;12;80,7788052849138
3370398;1;4;1; ; ; ; ; ; ; ; ; ; ; ; ;12;80,7788052849138
3370398;1;5;1; ; ; ; ; ; ; ; ; ; ; ; ;12;80,7788052849138
3370398;1;6;1; ; ; ; ; ; ; ; ; ; ; ; ;12;80,7788052849138
3370399;1;1;1; ; ; ; ; ; ; ; ; ; ; ; ;12;107,331022281328
3370399;1;2;1; ; ; ; ; ; ; ; ; ; ; ; ;12;107,331022281328
3370399;1;3;1; ; ; ; ; ; ; ; ; ; ; ; ;12;107,331022281328
3370400;1;1;2;2;86; ;2; ; ;1;2; ; ;1; ;12;78,7217209666091
3370400;1;2;2;2;23; ;2; ; ;1;2; ; ;1; ;12;78,7217209666091
3370400;1;3;2;2;23; ;2; ; ;1;2; ; ;1; ;12;78,7217209666091
3370400;1;4;2;2;86; ;2; ; ;1;2; ; ;1; ;12;78,7217209666091
3370400;1;5;2;2;86; ;2; ; ;1;2; ; ;1; ;12;78,7217209666091
3370401;1;1;1; ; ; ; ; ; ; ; ; ; ; ; ;12;110,379299187046
3370401;1;2;1; ; ; ; ; ; ; ; ; ; ; ; ;12;110,379299187046
3370405;1;1;1; ; ; ; ; ; ; ; ; ; ; ; ;12;56,6768673314697
3370405;1;2;1; ; ; ; ; ; ; ; ; ; ; ; ;12;56,6768673314697
3370405;2;1;2;2;19; ;2; ; ;1;2; ; ;1; ;12;56,6768673314697
3370405;2;2;2;2;76; ;2; ; ;1;2; ; ;1; ;12;56,6768673314697
3370405;2;3;1; ; ; ; ; ; ; ; ; ; ; ; ;12;56,6768673314697
3370406;1;1;1; ; ; ; ; ; ; ; ; ; ; ; ;12;93,0024837178414
3370407;1;1;1; ; ; ; ; ; ; ; ; ; ; ; ;12;82,919571601394
3370407;1;2;1; ; ; ; ; ; ; ; ; ; ; ; ;12;82,919571601394
3370407;1;3;1; ; ; ; ; ; ; ; ; ; ; ; ;12;82,919571601394
3370407;1;4;1; ; ; ; ; ; ; ; ; ; ; ; ;12;82,919571601394
3370407;1;5;1; ; ; ; ; ; ; ; ; ; ; ; ;12;82,919571601394
3370407;1;6;1; ; ; ; ; ; ; ; ; ; ; ; ;12;82,919571601394
3370408;1;1;1; ; ; ; ; ; ; ; ; ; ; ; ;12;84,9379929605864
3370408;1;2;1; ; ; ; ; ; ; ; ; ; ; ; ;12;84,9379929605864
3370408;1;3;1; ; ; ; ; ; ; ; ; ; ; ; ;12;84,9379929605864
3370408;1;4;1; ; ; ; ; ; ; ; ; ; ; ; ;12;84,9379929605864
3370408;1;5;1; ; ; ; ; ; ; ; ; ; ; ; ;12;84,9379929605864
3370408;2;1;1; ; ; ; ; ; ; ; ; ; ; ; ;12;84,9379929605864
3370408;2;2;1; ; ; ; ; ; ; ; ; ; ; ; ;12;84,9379929605864
3370408;2;3;1; ; ; ; ; ; ; ; ; ; ; ; ;12;84,9379929605864
3370408;2;4;1; ; ; ; ; ; ; ; ; ; ; ; ;12;84,9379929605864
3370409;1;1;2;2;76; ;2; ; ;1;2; ; ;1; ;12;103,599544658256
3370409;1;2;1; ; ; ; ; ; ; ; ; ; ; ; ;12;103,599544658256
3370409;1;3;1; ; ; ; ; ; ; ; ; ; ; ; ;12;103,599544658256
3370409;1;4;1; ; ; ; ; ; ; ; ; ; ; ; ;12;103,599544658256
3370410;1;1;1; ; ; ; ; ; ; ; ; ; ; ; ;12;99,9937305764065
3370410;1;2;1; ; ; ; ; ; ; ; ; ; ; ; ;12;99,9937305764065
3370410;1;3;1; ; ; ; ; ; ; ; ; ; ; ; ;12;99,9937305764065
3370411;1;1;2;2;41; ;2; ; ;1;2; ; ;1; ;12;96,8685461976228
3370411;1;2;1; ; ; ; ; ; ; ; ; ; ; ; ;12;96,8685461976228
3370411;1;3;1; ; ; ; ; ; ; ; ; ; ; ; ;12;96,8685461976228
3370411;1;4;1; ; ; ; ; ; ; ; ; ; ; ; ;12;96,8685461976228
3370412;1;1;2;2;41; ;2; ; ;1;2; ; ;1; ;12;81,4069181521177
3370412;1;2;2;2;73; ;2; ; ;1;2; ; ;1; ;12;81,4069181521177
3370412;1;3;1; ; ; ; ; ; ; ; ; ; ; ; ;12;81,4069181521177
3370412;1;4;1; ; ; ; ; ; ; ; ; ; ; ; ;12;81,4069181521177
3370412;1;5;1; ; ; ; ; ; ; ; ; ; ; ; ;12;81,4069181521177
3370412;1;6;1; ; ; ; ; ; ; ; ; ; ; ; ;12;81,4069181521177
3370412;1;7;1; ; ; ; ; ; ; ; ; ; ; ; ;12;81,4069181521177
3370412;1;8;2;2;73; ;2; ; ;1;2; ; ;1; ;12;81,4069181521177
3370412;1;9;2;2;73; ;2; ; ;1;2; ; ;1; ;12;81,4069181521177
3370412;1;10;2;2;73; ;2; ; ;1;2; ; ;1; ;12;81,4069181521177
3370413;1;1;2;2;18; ;2; ; ;1;2; ; ;1; ;12;107,937315525617
3370413;1;2;2;2;19; ;2; ; ;1;2; ; ;1; ;12;107,937315525617
3370413;1;3;1; ; ; ; ; ; ; ; ; ; ; ; ;12;107,937315525617
3370414;1;1;2;3; ;4;2; ; ;1;2; ; ;1; ;12;92,7476030359032
3370414;1;2;2;3; ;4;4; ;4; ;2; ; ;1; ;12;92,7476030359032
3370414;1;3;2;3; ;4;1; ; ; ;2; ; ;1; ;12;92,7476030359032
3370415;1;1;1; ; ; ; ; ; ; ; ; ; ; ; ;12;81,1837965358101
3370415;1;2;1; ; ; ; ; ; ; ; ; ; ; ; ;12;81,1837965358101
3370416;1;1;2;2;52; ;2; ; ;1;2; ; ;1; ;12;101,733942469141
3370416;1;2;2;2;52; ;2; ; ;1;2; ; ;1; ;12;101,733942469141
3370417;1;1;1; ; ; ; ; ; ; ; ; ; ; ; ;12;92,7469930530877
3370417;1;2;1; ; ; ; ; ; ; ; ; ; ; ; ;12;92,7469930530877
3370417;1;3;1; ; ; ; ; ; ; ; ; ; ; ; ;12;92,7469930530877
3370417;1;4;1; ; ; ; ; ; ; ; ; ; ; ; ;12;92,7469930530877
3370417;1;5;1; ; ; ; ; ; ; ; ; ; ; ; ;12;92,7469930530877
3370418;1;1;2;2;52; ;2; ; ;1;2; ; ;1; ;12;85,5215674031711
3370419;1;1;1; ; ; ; ; ; ; ; ; ; ; ; ;12;89,0161254128308
3370419;1;2;2;2;19; ;2; ; ;1;2; ; ;1; ;12;89,0161254128308
3370419;1;3;1; ; ; ; ; ; ; ; ; ; ; ; ;12;89,0161254128308
3370419;1;4;1; ; ; ; ; ; ; ; ; ; ; ; ;12;89,0161254128308
3370420;1;1;2;2;86; ;2; ; ;1;2; ; ;1; ;12;94,4265625361931
3370420;1;2;2;2;41; ;2; ; ;1;2; ; ;1; ;12;94,4265625361931
3370420;1;3;2;2;41; ;2; ; ;1;2; ; ;1; ;12;94,4265625361931
3370420;1;4;2;2;73; ;2; ; ;1;2; ; ;1; ;12;94,4265625361931
3370420;1;5;2;2;86; ;2; ; ;1;2; ; ;1; ;12;94,4265625361931
3370421;1;1;1; ; ; ; ; ; ; ; ; ; ; ; ;12;56,2141986969297
3370421;1;2;1; ; ; ; ; ; ; ; ; ; ; ; ;12;56,2141986969297
3370421;1;3;1; ; ; ; ; ; ; ; ; ; ; ; ;12;56,2141986969297
3370421;1;4;1; ; ; ; ; ; ; ; ; ; ; ; ;12;56,2141986969297
3370421;1;5;1; ; ; ; ; ; ; ; ; ; ; ; ;12;56,2141986969297
3370422;1;1;2;2;41; ;2; ; ;1;2; ; ;1; ;12;73,9376689953068
3370422;1;2;2;2;76; ;2; ; ;1;2; ; ;1; ;12;73,9376689953068
3370423;1;1;1; ; ; ; ; ; ; ; ; ; ; ; ;12;71,4956853338771
3370423;1;2;1; ; ; ; ; ; ; ; ; ; ; ; ;12;71,4956853338771
3370423;1;3;1; ; ; ; ; ; ; ; ; ; ; ; ;12;71,4956853338771
3370424;1;1;2;2;19; ;2; ; ;1;2; ; ;1; ;12;98,6856655634227
3370424;1;2;2;2;19; ;2; ; ;1;2; ; ;1; ;12;98,6856655634227
3370424;1;3;1; ; ; ; ; ; ; ; ; ; ; ; ;12;98,6856655634227
3370426;1;1;2;2;19; ;2; ; ;1;2; ; ;1; ;12;61,2255205457895
3370426;1;2;2;2;19; ;2; ; ;1;2; ; ;1; ;12;61,2255205457895
3370426;1;3;2;2;76; ;2; ; ;1;2; ; ;1; ;12;61,2255205457895
3370426;1;4;2;1; ; ;3;11; ;1;2; ; ;1; ;12;61,2255205457895
3370426;1;5;1; ; ; ; ; ; ; ; ; ; ; ; ;12;61,2255205457895
3370426;1;6;1; ; ; ; ; ; ; ; ; ; ; ; ;12;61,2255205457895
3370426;1;7;1; ; ; ; ; ; ; ; ; ; ; ; ;12;61,2255205457895
3370426;1;8;1; ; ; ; ; ; ; ; ; ; ; ; ;12;61,2255205457895
3370426;1;9;1; ; ; ; ; ; ; ; ; ; ; ; ;12;61,2255205457895
3370426;1;10;1; ; ; ; ; ; ; ; ; ; ; ; ;12;61,2255205457895
3370427;1;1;2;2;52; ;2; ; ;1;2; ; ;1; ;12;68,1237614774785
3370427;1;2;2;2;52; ;2; ; ;1;2; ; ;1; ;12;68,1237614774785
3370427;1;3;1; ; ; ; ; ; ; ; ; ; ; ; ;12;68,1237614774785
3370428;1;1;2;2;52; ;2; ; ;1;2; ; ;1; ;12;74,4521880923617
3370428;1;2;2;2;52; ;2; ; ;1;2; ; ;1; ;12;74,4521880923617
3370428;1;3;1; ; ; ; ; ; ; ; ; ; ; ; ;12;74,4521880923617
3370428;1;4;1; ; ; ; ; ; ; ; ; ; ; ; ;12;74,4521880923617
3370429;1;1;1; ; ; ; ; ; ; ; ; ; ; ; ;12;140,002511890883
3370429;1;2;1; ; ; ; ; ; ; ; ; ; ; ; ;12;140,002511890883
3370429;1;3;1; ; ; ; ; ; ; ; ; ; ; ; ;12;140,002511890883
3370429;1;4;1; ; ; ; ; ; ; ; ; ; ; ; ;12;140,002511890883
3370429;2;1;1; ; ; ; ; ; ; ; ; ; ; ; ;12;140,002511890883
3370429;2;2;1; ; ; ; ; ; ; ; ; ; ; ; ;12;140,002511890883
3370430;1;1;1; ; ; ; ; ; ; ; ; ; ; ; ;12;107,937315525617
3370430;1;2;1; ; ; ; ; ; ; ; ; ; ; ; ;12;107,937315525617
3370430;1;3;1; ; ; ; ; ; ; ; ; ; ; ; ;12;107,937315525617
3370431;1;1;2;2;19; ;2; ; ;1;2; ; ;1; ;12;126,232120486343
3370431;1;2;2;2;19; ;2; ; ;1;2; ; ;1; ;12;126,232120486343
3370431;1;3;1; ; ; ; ; ; ; ; ; ; ; ; ;12;126,232120486343
3370431;1;4;1; ; ; ; ; ; ; ; ; ; ; ; ;12;126,232120486343
3370432;1;1;2;2;52; ;3;52; ;1;2; ; ;1; ;12;70,7213204521048
3370432;1;2;2;2;68; ;3;52; ;1;2; ; ;1; ;12;70,7213204521048
3370432;1;3;1; ; ; ; ; ; ; ; ; ; ; ; ;12;70,7213204521048
3370433;1;1;2;2;18; ;2; ; ;1;2; ; ;1; ;12;66,1002933083198
3370433;1;2;2;2;18; ;2; ; ;1;2; ; ;1; ;12;66,1002933083198
3370433;1;3;1; ; ; ; ; ; ; ; ; ; ; ; ;12;66,1002933083198
3370433;1;4;1; ; ; ; ; ; ; ; ; ; ; ; ;12;66,1002933083198
3370433;1;5;2;2;41; ;2; ; ;1;2; ; ;1; ;12;66,1002933083198
3370433;1;6;1; ; ; ; ; ; ; ; ; ; ; ; ;12;66,1002933083198
3370433;1;7;2;2;41; ;2; ; ;1;2; ; ;1; ;12;66,1002933083198
3370434;1;1;2;2;52; ;2; ; ;1;2; ; ;1; ;12;85,9678485071124
3370434;1;2;2;2;41; ;2; ; ;1;2; ; ;1; ;12;85,9678485071124
3370434;1;3;1; ; ; ; ; ; ; ; ; ; ; ; ;12;85,9678485071124
3370434;1;4;1; ; ; ; ; ; ; ; ; ; ; ; ;12;85,9678485071124
3370434;1;5;2;2;52; ;2; ; ;1;2; ; ;1; ;12;85,9678485071124
3370435;1;1;2;2;18; ;2; ; ;1;2; ; ;1; ;12;91,5463572679582
3370435;1;2;2;2;18; ;2; ; ;1;2; ; ;1; ;12;91,5463572679582
3370435;1;3;1; ; ; ; ; ; ; ; ; ; ; ; ;12;91,5463572679582
3370435;1;4;2;2;18; ;2; ; ;1;2; ; ;1; ;12;91,5463572679582
3370435;1;5;1; ; ; ; ; ; ; ; ; ; ; ; ;12;91,5463572679582
3370435;1;6;1; ; ; ; ; ; ; ; ; ; ; ; ;12;91,5463572679582
3370436;1;1;2;2;19; ;3;19; ;1;2; ; ;1; ;12;110,379299187046
3370436;1;2;2;2;19; ;2; ; ;1;2; ; ;1; ;12;110,379299187046
3370437;1;1;2;2;19; ;2; ; ;1;2; ; ;1; ;12;70,8893920895884
3370437;1;2;2;2;19; ;2; ; ;1;2; ; ;1; ;12;70,8893920895884
3370437;1;3;1; ; ; ; ; ; ; ; ; ; ; ; ;12;70,8893920895884
3370438;1;1;1; ; ; ; ; ; ; ; ; ; ; ; ;12;70,331244930642
3370438;1;2;1; ; ; ; ; ; ; ; ; ; ; ; ;12;70,331244930642
3370438;1;3;1; ; ; ; ; ; ; ; ; ; ; ; ;12;70,331244930642
3370439;1;1;1; ; ; ; ; ; ; ; ; ; ; ; ;12;71,8552391005508
3370439;1;2;1; ; ; ; ; ; ; ; ; ; ; ; ;12;71,8552391005508
3370440;1;1;2;2;19; ;2; ; ;1;2; ; ;1; ;12;127,881168214659
3370440;1;2;2;2;19; ;2; ; ;1;2; ; ;1; ;12;127,881168214659
3370440;1;3;2;2;19; ;2; ; ;1;2; ; ;1; ;12;127,881168214659
3370441;1;1;2;2;19; ;2; ; ;1;2; ; ;1; ;12;80,6256493768637
3370441;1;2;2;2;86; ;2; ; ;1;2; ; ;1; ;12;80,6256493768637
3370442;1;1;2;2;19; ;2; ; ;1;2; ; ;1; ;12;107,331022281328
3370442;1;2;2;2;19; ;2; ; ;1;2; ; ;1; ;12;107,331022281328
3370442;1;3;1; ; ; ; ; ; ; ; ; ; ; ; ;12;107,331022281328
3370443;1;1;2;2;19; ;2; ; ;1;2; ; ;1; ;12;110,379299187046
3370443;1;2;2;2;19; ;2; ; ;1;2; ; ;1; ;12;110,379299187046
3370444;1;1;2;1; ; ;2; ; ;1;2; ; ;1; ;12;107,331022281328
3370444;1;2;1; ; ; ; ; ; ; ; ; ; ; ; ;12;107,331022281328
3370444;1;3;1; ; ; ; ; ; ; ; ; ; ; ; ;12;107,331022281328
3370445;1;1;2;2;19; ;2; ; ;1;2; ; ;1; ;12;60,4269160058831
3370445;1;2;2;2;19; ;3;11; ;1;3;11; ;1; ;12;60,4269160058831
3370445;1;3;2;1; ; ;3;11; ;1;3;11; ;1; ;12;60,4269160058831
3370445;1;4;2;2;11; ;1; ; ; ;1; ; ; ; ;12;60,4269160058831
3370446;1;1;2;2;19; ;2; ; ;1;2; ; ;1; ;12;62,2440353716831
3370446;1;2;2;2;19; ;1; ; ; ;2; ; ;1; ;12;62,2440353716831
3370446;1;3;2;2;19; ;3;19; ;1;3;19; ;1; ;12;62,2440353716831
3370447;1;1;2;2;25; ;2; ; ;1;2; ; ;1; ;12;104,28274537561
3370447;1;2;2;2;19; ;2; ; ;1;2; ; ;1; ;12;104,28274537561
3370447;1;3;1; ; ; ; ; ; ; ; ; ; ; ; ;12;104,28274537561
3370447;1;4;1; ; ; ; ; ; ; ; ; ; ; ; ;12;104,28274537561
3370448;1;1;1; ; ; ; ; ; ; ; ; ; ; ; ;12;70,331244930642
3370448;1;2;1; ; ; ; ; ; ; ; ; ; ; ; ;12;70,331244930642
3370448;1;3;1; ; ; ; ; ; ; ; ; ; ; ; ;12;70,331244930642
3370449;1;1;1; ; ; ; ; ; ; ; ; ; ; ; ;12;93,0024837178414
3370450;1;1;2;2;19; ;2; ; ;1;2; ; ;1; ;12;118,119853916833
3370450;1;2;2;2;19; ;2; ; ;1;2; ; ;1; ;12;118,119853916833
3370450;1;3;2;1; ; ;2; ; ;1;2; ; ;1; ;12;118,119853916833
3370450;2;1;2;2;19; ;2; ; ;1;2; ; ;1; ;12;118,119853916833
3370450;2;2;1; ; ; ; ; ; ; ; ; ; ; ; ;12;118,119853916833
3370450;2;3;1; ; ; ; ; ; ; ; ; ; ; ; ;12;118,119853916833
3370451;1;1;2;2;05; ;2; ; ;1;2; ; ;1; ;12;89,7904902946031
3370451;1;2;2;2;19; ;2; ; ;1;2; ; ;1; ;12;89,7904902946031
3370451;1;3;1; ; ; ; ; ; ; ; ; ; ; ; ;12;89,7904902946031
3370451;1;4;1; ; ; ; ; ; ; ; ; ; ; ; ;12;89,7904902946031
3370452;1;1;1; ; ; ; ; ; ; ; ; ; ; ; ;12;75,5867167236232
3370453;1;1;1; ; ; ; ; ; ; ; ; ; ; ; ;12;67,1148963874401
3370453;1;2;2;2;52; ;2; ; ;1;2; ; ;1; ;12;67,1148963874401
3370453;1;3;2;2;52; ;2; ; ;1;2; ; ;1; ;12;67,1148963874401
3370453;1;4;1; ; ; ; ; ; ; ; ; ; ; ; ;12;67,1148963874401
3370455;1;1;2;2;41; ;2; ; ;1;2; ; ;1; ;12;93,0024837178414
3370456;1;1;1; ; ; ; ; ; ; ; ; ; ; ; ;12;84,3870387719096
3370456;1;2;1; ; ; ; ; ; ; ; ; ; ; ; ;12;84,3870387719096
3370456;1;3;1; ; ; ; ; ; ; ; ; ; ; ; ;12;84,3870387719096
3370456;1;4;1; ; ; ; ; ; ; ; ; ; ; ; ;12;84,3870387719096
3370457;1;1;1; ; ; ; ; ; ; ; ; ; ; ; ;12;63,5634411052992
3370457;1;2;2;2;11; ;3;11; ;1;3;99; ;1; ;12;63,5634411052992
3370457;1;3;1; ; ; ; ; ; ; ; ; ; ; ; ;12;63,5634411052992
3370457;1;4;1; ; ; ; ; ; ; ; ; ; ; ; ;12;63,5634411052992
3370457;1;5;1; ; ; ; ; ; ; ; ; ; ; ; ;12;63,5634411052992
3370457;1;6;1; ; ; ; ; ; ; ; ; ; ; ; ;12;63,5634411052992
3370458;1;1;1; ; ; ; ; ; ; ; ; ; ; ; ;12;110,379299187046
3370458;1;2;2;2;19; ;2; ; ;1;2; ; ;1; ;12;110,379299187046
3370460;1;1;1; ; ; ; ; ; ; ; ; ; ; ; ;12;113,27890467305
3370460;1;2;2;2;19; ;2; ; ;1;2; ; ;1; ;12;113,27890467305
3370460;1;3;1; ; ; ; ; ; ; ; ; ; ; ; ;12;113,27890467305
3370460;1;4;1; ; ; ; ; ; ; ; ; ; ; ; ;12;113,27890467305
3370460;1;5;1; ; ; ; ; ; ; ; ; ; ; ; ;12;113,27890467305
3370460;1;6;1; ; ; ; ; ; ; ; ; ; ; ; ;12;113,27890467305
3370460;1;7;1; ; ; ; ; ; ; ; ; ; ; ; ;12;113,27890467305
3370460;1;8;1; ; ; ; ; ; ; ; ; ; ; ; ;12;113,27890467305
3370461;1;1;1; ; ; ; ; ; ; ; ; ; ; ; ;12;102,681843732636
3370461;1;2;1; ; ; ; ; ; ; ; ; ; ; ; ;12;102,681843732636
3370461;1;3;1; ; ; ; ; ; ; ; ; ; ; ; ;12;102,681843732636
3370461;1;4;1; ; ; ; ; ; ; ; ; ; ; ; ;12;102,681843732636
3370461;1;5;1; ; ; ; ; ; ; ; ; ; ; ; ;12;102,681843732636
3370466;1;1;2;2;19; ;2; ; ;1;2; ; ;1; ;12;53,089014318146
3370466;1;2;2;2;19; ;2; ; ;1;2; ; ;1; ;12;53,089014318146
3370466;1;3;1; ; ; ; ; ; ; ; ; ; ; ; ;12;53,089014318146
3370466;1;4;1; ; ; ; ; ; ; ; ; ; ; ; ;12;53,089014318146
3370466;1;5;1; ; ; ; ; ; ; ; ; ; ; ; ;12;53,089014318146
3370466;1;6;1; ; ; ; ; ; ; ; ; ; ; ; ;12;53,089014318146
3370467;1;1;2;2;25; ;2; ; ;1;2; ; ;1; ;12;103,041397499309
3370467;1;2;2;2;25; ;2; ; ;1;2; ; ;1; ;12;103,041397499309
3370467;1;3;2;2;25; ;2; ; ;1;2; ; ;1; ;12;103,041397499309
3370467;1;4;1; ; ; ; ; ; ; ; ; ; ; ; ;12;103,041397499309
3370468;1;1;1; ; ; ; ; ; ; ; ; ; ; ; ;12;84,2320734415285
3370469;1;1;1; ; ; ; ; ; ; ; ; ; ; ; ;12;107,331022281328
3370469;1;2;1; ; ; ; ; ; ; ; ; ; ; ; ;12;107,331022281328
3370469;1;3;1; ; ; ; ; ; ; ; ; ; ; ; ;12;107,331022281328
3370470;1;1;2;2;52; ;2; ; ;1;2; ; ;1; ;12;76,5346179871176
3370470;1;2;2;2;19; ;2; ; ;1;2; ; ;1; ;12;76,5346179871176
3370470;1;3;1; ; ; ; ; ; ; ; ; ; ; ; ;12;76,5346179871176
3370470;1;4;1; ; ; ; ; ; ; ; ; ; ; ; ;12;76,5346179871176
3370471;1;1;2;2;76; ;3;19; ;1;2; ; ;1; ;12;70,7213204521048
3370471;1;2;1; ; ; ; ; ; ; ; ; ; ; ; ;12;70,7213204521048
3370471;1;3;2;2;76; ;2; ; ;1;2; ; ;1; ;12;70,7213204521048
3370472;1;1;1; ; ; ; ; ; ; ; ; ; ; ; ;12;104,889038619898
3370472;1;2;1; ; ; ; ; ; ; ; ; ; ; ; ;12;104,889038619898
3370472;1;3;1; ; ; ; ; ; ; ; ; ; ; ; ;12;104,889038619898
3370472;1;4;1; ; ; ; ; ; ; ; ; ; ; ; ;12;104,889038619898
3370473;1;1;2;1; ; ;3;76; ;1;2; ; ;1; ;12;89,0161254128308
3370473;1;2;2;1; ; ;3;76; ;1;2; ; ;1; ;12;89,0161254128308
3370473;1;3;2;2;76; ;3;76; ;1;2; ; ;1; ;12;89,0161254128308
3370473;1;4;2;2;76; ;1; ; ; ;2; ; ;1; ;12;89,0161254128308
3370474;1;1;2;2;19; ;2; ; ;1;2; ; ;1; ;12;75,5867167236232
3370475;1;1;2;2;19; ;2; ; ;1;2; ; ;1; ;12;87,3485066331733
3370475;1;2;2;2;70; ;2; ; ;1;2; ; ;1; ;12;87,3485066331733
3370475;1;3;1; ; ; ; ; ; ; ; ; ; ; ; ;12;87,3485066331733
3370475;1;4;1; ; ; ; ; ; ; ; ; ; ; ; ;12;87,3485066331733
3370475;1;5;1; ; ; ; ; ; ; ; ; ; ; ; ;12;87,3485066331733
3370476;1;1;2;2;19; ;2; ; ;1;2; ; ;1; ;12;63,2098823826455
3370476;1;2;2;2;19; ;2; ; ;1;2; ; ;1; ;12;63,2098823826455
3370477;1;1;2;2;27; ;2; ; ;1;2; ; ;1; ;12;97,0366178351064
3370477;1;2;1; ; ; ; ; ; ; ; ; ; ; ; ;12;97,0366178351064
3370477;1;3;1; ; ; ; ; ; ; ; ; ; ; ; ;12;97,0366178351064
3370477;1;4;1; ; ; ; ; ; ; ; ; ; ; ; ;12;97,0366178351064
3370478;1;1;2;2;19; ;2; ; ;1;2; ; ;1; ;12;75,5867167236232
3370479;1;1;1; ; ; ; ; ; ; ; ; ; ; ; ;12;97,0366178351064
3370479;1;2;1; ; ; ; ; ; ; ; ; ; ; ; ;12;97,0366178351064
3370479;1;3;1; ; ; ; ; ; ; ; ; ; ; ; ;12;97,0366178351064
3370479;1;4;1; ; ; ; ; ; ; ; ; ; ; ; ;12;97,0366178351064
3370480;1;1;2;2;41; ;2; ; ;1;2; ; ;1; ;12;51,8001303393189
3370480;1;2;2;2;41; ;3;41; ;1;2; ; ;1; ;12;51,8001303393189
3370480;1;3;2;2;41; ;2; ; ;1;2; ; ;1; ;12;51,8001303393189
3370480;1;4;1; ; ; ; ; ; ; ; ; ; ; ; ;12;51,8001303393189
3370481;1;1;1; ; ; ; ; ; ; ; ; ; ; ; ;12;80,6256493768637
3370481;1;2;2;2;19; ;2; ; ;1;2; ; ;1; ;12;80,6256493768637
3370482;1;1;2;2;17; ;3;17; ;1;2; ; ;1; ;12;84,2320734415285
3370483;1;1;2;2;19; ;2; ; ;1;2; ; ;1; ;12;70,2061913722344
3370483;1;2;1; ; ; ; ; ; ; ; ; ; ; ; ;12;70,2061913722344
3370483;1;3;1; ; ; ; ; ; ; ; ; ; ; ; ;12;70,2061913722344
3370486;1;1;1; ; ; ; ; ; ; ; ; ; ; ; ;12;110,379299187046
3370486;1;2;1; ; ; ; ; ; ; ; ; ; ; ; ;12;110,379299187046
3370487;1;1;1; ; ; ; ; ; ; ; ; ; ; ; ;12;79,001451289497
3370487;1;2;1; ; ; ; ; ; ; ; ; ; ; ; ;12;79,001451289497
3370487;1;3;1; ; ; ; ; ; ; ; ; ; ; ; ;12;79,001451289497
3370487;2;1;1; ; ; ; ; ; ; ; ; ; ; ; ;12;79,001451289497
3370487;2;2;1; ; ; ; ; ; ; ; ; ; ; ; ;12;79,001451289497
3370487;2;3;1; ; ; ; ; ; ; ; ; ; ; ; ;12;79,001451289497
3370487;2;4;1; ; ; ; ; ; ; ; ; ; ; ; ;12;79,001451289497
3370488;1;1;1; ; ; ; ; ; ; ; ; ; ; ; ;12;105,123827394065
3370488;1;2;1; ; ; ; ; ; ; ; ; ; ; ; ;12;105,123827394065
3370488;1;3;1; ; ; ; ; ; ; ; ; ; ; ; ;12;105,123827394065
3370488;1;4;1; ; ; ; ; ; ; ; ; ; ; ; ;12;105,123827394065
3370489;1;1;1; ; ; ; ; ; ; ; ; ; ; ; ;12;105,123827394065
3370489;1;2;1; ; ; ; ; ; ; ; ; ; ; ; ;12;105,123827394065
3370489;1;3;1; ; ; ; ; ; ; ; ; ; ; ; ;12;105,123827394065
3370489;1;4;1; ; ; ; ; ; ; ; ; ; ; ; ;12;105,123827394065
3370490;1;1;2;2;41; ;3;41; ;1;3;41; ;1; ;12;78,7418128743804
3370490;1;2;1; ; ; ; ; ; ; ; ; ; ; ; ;12;78,7418128743804
3370490;1;3;2;2;41; ;1; ; ; ;3;41; ;1; ;12;78,7418128743804
3370491;1;1;2;2;19; ;3;19; ;2;2; ; ;1; ;12;71,4956853338771
3370491;1;2;2;2;19; ;3;19; ;1;2; ; ;1; ;12;71,4956853338771
3370491;1;3;2;2;19; ;3;19; ;2;2; ; ;1; ;12;71,4956853338771
3370492;1;1;2;2;76; ;3;18; ;1;2; ; ;1; ;12;109,34944364052
3370492;1;2;2;2;19; ;2; ; ;1;2; ; ;1; ;12;109,34944364052
3370492;2;1;1; ; ; ; ; ; ; ; ; ; ; ; ;12;109,34944364052
3370492;2;2;1; ; ; ; ; ; ; ; ; ; ; ; ;12;109,34944364052
3370492;2;3;1; ; ; ; ; ; ; ; ; ; ; ; ;12;109,34944364052
3370492;2;4;1; ; ; ; ; ; ; ; ; ; ; ; ;12;109,34944364052
3370493;1;1;1; ; ; ; ; ; ; ; ; ; ; ; ;12;101,733942469141
3370493;1;2;1; ; ; ; ; ; ; ; ; ; ; ; ;12;101,733942469141
3370494;1;1;1; ; ; ; ; ; ; ; ; ; ; ; ;12;81,7900897800988
3370494;1;2;1; ; ; ; ; ; ; ; ; ; ; ; ;12;81,7900897800988
3370495;1;1;1; ; ; ; ; ; ; ; ; ; ; ; ;12;104,28274537561
3370495;1;2;1; ; ; ; ; ; ; ; ; ; ; ; ;12;104,28274537561
3370495;1;3;1; ; ; ; ; ; ; ; ; ; ; ; ;12;104,28274537561
3370495;1;4;1; ; ; ; ; ; ; ; ; ; ; ; ;12;104,28274537561
3370496;1;1;1; ; ; ; ; ; ; ; ; ; ; ; ;12;89,0161254128308
3370496;1;2;1; ; ; ; ; ; ; ; ; ; ; ; ;12;89,0161254128308
3370496;1;3;1; ; ; ; ; ; ; ; ; ; ; ; ;12;89,0161254128308
3370496;1;4;1; ; ; ; ; ; ; ; ; ; ; ; ;12;89,0161254128308
3370497;1;1;1; ; ; ; ; ; ; ; ; ; ; ; ;12;81,1837965358101
3370497;1;2;1; ; ; ; ; ; ; ; ; ; ; ; ;12;81,1837965358101
3370498;1;1;1; ; ; ; ; ; ; ; ; ; ; ; ;12;73,1447330621934
3370498;1;2;1; ; ; ; ; ; ; ; ; ; ; ; ;12;73,1447330621934
3370499;1;1;1; ; ; ; ; ; ; ; ; ; ; ; ;12;90,6765138617796
3370499;1;2;1; ; ; ; ; ; ; ; ; ; ; ; ;12;90,6765138617796
3370499;1;3;1; ; ; ; ; ; ; ; ; ; ; ; ;12;90,6765138617796
3370499;1;4;1; ; ; ; ; ; ; ; ; ; ; ; ;12;90,6765138617796
3370499;1;5;1; ; ; ; ; ; ; ; ; ; ; ; ;12;90,6765138617796
3370499;1;6;1; ; ; ; ; ; ; ; ; ; ; ; ;12;90,6765138617796
3370501;1;1;1; ; ; ; ; ; ; ; ; ; ; ; ;12;88,2417605310585
3370501;1;2;1; ; ; ; ; ; ; ; ; ; ; ; ;12;88,2417605310585
3370501;1;3;1; ; ; ; ; ; ; ; ; ; ; ; ;12;88,2417605310585
3370501;1;4;1; ; ; ; ; ; ; ; ; ; ; ; ;12;88,2417605310585
3370502;1;1;1; ; ; ; ; ; ; ; ; ; ; ; ;12;88,2417605310585
3370502;1;2;1; ; ; ; ; ; ; ; ; ; ; ; ;12;88,2417605310585
3370502;1;3;1; ; ; ; ; ; ; ; ; ; ; ; ;12;88,2417605310585
3370502;1;4;1; ; ; ; ; ; ; ; ; ; ; ; ;12;88,2417605310585
3370503;1;1;2;2;19; ;3;76; ;1;2; ; ;1; ;12;114,110776810119
3370505;1;1;1; ; ; ; ; ; ; ; ; ; ; ; ;12;89,6993261301848
3370505;1;2;1; ; ; ; ; ; ; ; ; ; ; ; ;12;89,6993261301848
3370505;1;3;1; ; ; ; ; ; ; ; ; ; ; ; ;12;89,6993261301848
3370505;1;4;1; ; ; ; ; ; ; ; ; ; ; ; ;12;89,6993261301848
3370509;1;1;1; ; ; ; ; ; ; ; ; ; ; ; ;12;71,8552391005508
3370509;1;2;2;2;52; ;2; ; ;1;2; ; ;1; ;12;71,8552391005508
3370510;1;1;2;2;19; ;2; ; ;1;2; ; ;1; ;12;83,8854186123564
3370510;1;2;1; ; ; ; ; ; ; ; ; ; ; ; ;12;83,8854186123564
3370510;1;3;1; ; ; ; ; ; ; ; ; ; ; ; ;12;83,8854186123564
3370510;1;4;1; ; ; ; ; ; ; ; ; ; ; ; ;12;83,8854186123564
3370510;1;5;1; ; ; ; ; ; ; ; ; ; ; ; ;12;83,8854186123564
3370511;1;1;2;2;19; ;2; ; ;1;2; ; ;1; ;12;83,91533038433
3370511;1;2;1; ; ; ; ; ; ; ; ; ; ; ; ;12;83,91533038433
3370511;1;3;1; ; ; ; ; ; ; ; ; ; ; ; ;12;83,91533038433
3370511;1;4;1; ; ; ; ; ; ; ; ; ; ; ; ;12;83,91533038433
3370511;1;5;1; ; ; ; ; ; ; ; ; ; ; ; ;12;83,91533038433
3370511;1;6;1; ; ; ; ; ; ; ; ; ; ; ; ;12;83,91533038433
3370511;1;7;1; ; ; ; ; ; ; ; ; ; ; ; ;12;83,91533038433
3370511;1;8;1; ; ; ; ; ; ; ; ; ; ; ; ;12;83,91533038433
3370512;1;1;2;2;52; ;2; ; ;1;2; ; ;1; ;12;96,2622529533341
3370512;1;2;2;2;52; ;2; ; ;1;2; ; ;1; ;12;96,2622529533341
3370512;1;3;1; ; ; ; ; ; ; ; ; ; ; ; ;12;96,2622529533341
3370512;1;4;1; ; ; ; ; ; ; ; ; ; ; ; ;12;96,2622529533341
3370513;1;1;1; ; ; ; ; ; ; ; ; ; ; ; ;12;93,0886010722935
3370513;1;2;1; ; ; ; ; ; ; ; ; ; ; ; ;12;93,0886010722935
3370513;1;3;1; ; ; ; ; ; ; ; ; ; ; ; ;12;93,0886010722935
3370513;1;4;1; ; ; ; ; ; ; ; ; ; ; ; ;12;93,0886010722935
3370513;2;1;1; ; ; ; ; ; ; ; ; ; ; ; ;12;93,0886010722935
3370513;2;2;1; ; ; ; ; ; ; ; ; ; ; ; ;12;93,0886010722935
3370513;2;3;1; ; ; ; ; ; ; ; ; ; ; ; ;12;93,0886010722935
3370513;2;4;1; ; ; ; ; ; ; ; ; ; ; ; ;12;93,0886010722935
3370514;1;1;1; ; ; ; ; ; ; ; ; ; ; ; ;12;107,937315525617
3370514;1;2;1; ; ; ; ; ; ; ; ; ; ; ; ;12;107,937315525617
3370514;1;3;1; ; ; ; ; ; ; ; ; ; ; ; ;12;107,937315525617
3370515;1;1;2;2;52; ;2; ; ;1;2; ; ;1; ;12;103,816372363897
3370515;1;2;2;2;19; ;2; ; ;1;2; ; ;1; ;12;103,816372363897
3370516;1;1;1; ; ; ; ; ; ; ; ; ; ; ; ;12;100,084894740825
3370516;1;2;2;2;52; ;2; ; ;1;2; ; ;1; ;12;100,084894740825
3370516;1;3;1; ; ; ; ; ; ; ; ; ; ; ; ;12;100,084894740825
3370517;1;1;1; ; ; ; ; ; ; ; ; ; ; ; ;12;98,326111796749
3370517;1;2;1; ; ; ; ; ; ; ; ; ; ; ; ;12;98,326111796749
3370517;1;3;1; ; ; ; ; ; ; ; ; ; ; ; ;12;98,326111796749
3370517;1;4;1; ; ; ; ; ; ; ; ; ; ; ; ;12;98,326111796749
3370518;1;1;2;2;19; ;2; ; ;1;2; ; ;1; ;12;70,8893920895884
3370518;1;2;2;2;19; ;2; ; ;1;2; ; ;1; ;12;70,8893920895884
3370518;1;3;1; ; ; ; ; ; ; ; ; ; ; ; ;12;70,8893920895884
3370519;1;1;1; ; ; ; ; ; ; ; ; ; ; ; ;12;83,6939364831663
3370519;1;2;1; ; ; ; ; ; ; ; ; ; ; ; ;12;83,6939364831663
3370519;1;3;1; ; ; ; ; ; ; ; ; ; ; ; ;12;83,6939364831663
3370519;1;4;1; ; ; ; ; ; ; ; ; ; ; ; ;12;83,6939364831663
3370519;1;5;1; ; ; ; ; ; ; ; ; ; ; ; ;12;83,6939364831663
3370519;1;6;1; ; ; ; ; ; ; ; ; ; ; ; ;12;83,6939364831663
3370520;1;1;2;2;19; ;2; ; ;1;2; ; ;1; ;12;97,0366178351064
3370520;1;2;2;2;41; ;2; ; ;1;2; ; ;1; ;12;97,0366178351064
3370520;1;3;2;2;41; ;2; ; ;1;2; ; ;1; ;12;97,0366178351064
3370520;1;4;1; ; ; ; ; ; ; ; ; ; ; ; ;12;97,0366178351064
3370521;1;1;2;2;19; ;2; ; ;1;2; ; ;1; ;12;88,391261117201
3370521;1;2;2;2;19; ;2; ; ;1;2; ; ;1; ;12;88,391261117201
3370521;1;3;1; ; ; ; ; ; ; ; ; ; ; ; ;12;88,391261117201
3370521;1;4;1; ; ; ; ; ; ; ; ; ; ; ; ;12;88,391261117201
3370522;1;1;2;2;19; ;2; ; ;1;2; ; ;1; ;12;60,7864697725568
3370522;1;2;1; ; ; ; ; ; ; ; ; ; ; ; ;12;60,7864697725568
3370522;1;3;1; ; ; ; ; ; ; ; ; ; ; ; ;12;60,7864697725568
3370523;1;1;2;2;19; ;2; ; ;1;2; ; ;1; ;12;67,2829680249236
3370523;1;2;2;2;41; ;2; ; ;1;2; ; ;1; ;12;67,2829680249236
3370523;1;3;1; ; ; ; ; ; ; ; ; ; ; ; ;12;67,2829680249236
3370523;1;4;1; ; ; ; ; ; ; ; ; ; ; ; ;12;67,2829680249236
3370524;1;1;1; ; ; ; ; ; ; ; ; ; ; ; ;12;99,3105298590525
3370524;1;2;1; ; ; ; ; ; ; ; ; ; ; ; ;12;99,3105298590525
3370524;1;3;1; ; ; ; ; ; ; ; ; ; ; ; ;12;99,3105298590525
3370525;1;1;1; ; ; ; ; ; ; ; ; ; ; ; ;12;99,378686144979
3370525;1;2;1; ; ; ; ; ; ; ; ; ; ; ; ;12;99,378686144979
3370525;1;3;1; ; ; ; ; ; ; ; ; ; ; ; ;12;99,378686144979
3370525;1;4;1; ; ; ; ; ; ; ; ; ; ; ; ;12;99,378686144979
3370525;1;5;1; ; ; ; ; ; ; ; ; ; ; ; ;12;99,378686144979
3370525;2;1;1; ; ; ; ; ; ; ; ; ; ; ; ;12;99,378686144979
3370525;2;2;1; ; ; ; ; ; ; ; ; ; ; ; ;12;99,378686144979
3370525;2;3;1; ; ; ; ; ; ; ; ; ; ; ; ;12;99,378686144979
3370530;1;1;1; ; ; ; ; ; ; ; ; ; ; ; ;12;80,6256493768637
3370530;1;2;1; ; ; ; ; ; ; ; ; ; ; ; ;12;80,6256493768637
3370531;1;1;2;2;52; ;2; ; ;1;2; ; ;1; ;12;70,2061913722344
3370531;1;2;2;2;52; ;2; ; ;1;2; ; ;1; ;12;70,2061913722344
3370531;1;3;1; ; ; ; ; ; ; ; ; ; ; ; ;12;70,2061913722344
3370532;1;1;2;2;19; ;2; ; ;1;2; ; ;1; ;12;58,3630571624682
3370532;1;2;1; ; ; ; ; ; ; ; ; ; ; ; ;12;58,3630571624682
3370532;1;3;1; ; ; ; ; ; ; ; ; ; ; ; ;12;58,3630571624682
3370532;1;4;1; ; ; ; ; ; ; ; ; ; ; ; ;12;58,3630571624682
3370533;1;1;2;2;19; ;2; ; ;1;2; ; ;1; ;12;61,2012808876554
3370533;1;2;1; ; ; ; ; ; ; ; ; ; ; ; ;12;61,2012808876554
3370533;1;3;2;2;76; ;2; ; ;1;2; ; ;1; ;12;61,2012808876554
3370533;1;4;1; ; ; ; ; ; ; ; ; ; ; ; ;12;61,2012808876554
3370534;1;1;2;2;52; ;2; ; ;1;2; ; ;1; ;12;80,6256493768637
3370534;1;2;1; ; ; ; ; ; ; ; ; ; ; ; ;12;80,6256493768637
3370535;1;1;2;2;19; ;2; ; ;1;2; ; ;1; ;12;68,8069621948324
3370535;1;2;1; ; ; ; ; ; ; ; ; ; ; ; ;12;68,8069621948324
3370535;1;3;1; ; ; ; ; ; ; ; ; ; ; ; ;12;68,8069621948324
3370536;1;1;2;2;52; ;2; ; ;1;2; ; ;1; ;12;104,349462512293
3370536;1;2;2;2;19; ;2; ; ;1;2; ; ;1; ;12;104,349462512293
3370536;1;3;1; ; ; ; ; ; ; ; ; ; ; ; ;12;104,349462512293
3370536;1;4;2;2;52; ;2; ; ;1;2; ; ;1; ;12;104,349462512293
3370537;1;1;2;2;19; ;2; ; ;1;2; ; ;1; ;12;107,937315525617
3370537;1;2;2;2;19; ;2; ; ;1;2; ; ;1; ;12;107,937315525617
3370537;1;3;1; ; ; ; ; ; ; ; ; ; ; ; ;12;107,937315525617
3370538;1;1;2;2;19; ;2; ; ;1;2; ; ;1; ;12;101,733942469141
3370538;1;2;1; ; ; ; ; ; ; ; ; ; ; ; ;12;101,733942469141
3370539;1;1;1; ; ; ; ; ; ; ; ; ; ; ; ;12;101,733942469141
3370539;1;2;2;2;52; ;2; ; ;1;2; ; ;1; ;12;101,733942469141
3370540;1;1;2;2;19; ;2; ; ;1;2; ; ;1; ;12;57,9849323444534
3370540;1;2;2;2;19; ;3;19; ;1;2; ; ;1; ;12;57,9849323444534
3370540;1;3;1; ; ; ; ; ; ; ; ; ; ; ; ;12;57,9849323444534
3370540;1;4;1; ; ; ; ; ; ; ; ; ; ; ; ;12;57,9849323444534
3370540;1;5;1; ; ; ; ; ; ; ; ; ; ; ; ;12;57,9849323444534
3370541;1;1;1; ; ; ; ; ; ; ; ; ; ; ; ;12;62,8688996673128
3370541;1;2;1; ; ; ; ; ; ; ; ; ; ; ; ;12;62,8688996673128
3370541;1;3;1; ; ; ; ; ; ; ; ; ; ; ; ;12;62,8688996673128
3370542;1;1;1; ; ; ; ; ; ; ; ; ; ; ; ;12;105,552147429481
3370542;1;2;2;2;76; ;2; ; ;1;2; ; ;1; ;12;105,552147429481
3370542;1;3;1; ; ; ; ; ; ; ; ; ; ; ; ;12;105,552147429481
3370542;1;4;1; ; ; ; ; ; ; ; ; ; ; ; ;12;105,552147429481
3370542;1;5;2;2;76; ;2; ; ;1;2; ; ;1; ;12;105,552147429481
3370542;1;6;2;2;76; ;2; ; ;1;2; ; ;1; ;12;105,552147429481
3370543;1;1;1; ; ; ; ; ; ; ; ; ; ; ; ;12;114,110776810119
3370544;1;1;1; ; ; ; ; ; ; ; ; ; ; ; ;12;97,642911079395
3370544;1;2;1; ; ; ; ; ; ; ; ; ; ; ; ;12;97,642911079395
3370544;1;3;1; ; ; ; ; ; ; ; ; ; ; ; ;12;97,642911079395
3370544;1;4;1; ; ; ; ; ; ; ; ; ; ; ; ;12;97,642911079395
3370545;1;1;2;2;11; ;2; ; ;1;2; ; ;1; ;12;103,148216744348
3370545;1;2;1; ; ; ; ; ; ; ; ; ; ; ; ;12;103,148216744348
3370545;1;3;1; ; ; ; ; ; ; ; ; ; ; ; ;12;103,148216744348
3370545;1;4;1; ; ; ; ; ; ; ; ; ; ; ; ;12;103,148216744348
3370545;1;5;1; ; ; ; ; ; ; ; ; ; ; ; ;12;103,148216744348
3370545;1;6;1; ; ; ; ; ; ; ; ; ; ; ; ;12;103,148216744348
3370545;1;7;1; ; ; ; ; ; ; ; ; ; ; ; ;12;103,148216744348
3370546;1;1;1; ; ; ; ; ; ; ; ; ; ; ; ;12;101,733942469141
3370546;1;2;1; ; ; ; ; ; ; ; ; ; ; ; ;12;101,733942469141
3370547;1;1;1; ; ; ; ; ; ; ; ; ; ; ; ;12;85,9678485071124
3370547;1;2;1; ; ; ; ; ; ; ; ; ; ; ; ;12;85,9678485071124
3370547;1;3;1; ; ; ; ; ; ; ; ; ; ; ; ;12;85,9678485071124
3370547;1;4;1; ; ; ; ; ; ; ; ; ; ; ; ;12;85,9678485071124
3370547;1;5;1; ; ; ; ; ; ; ; ; ; ; ; ;12;85,9678485071124
3370548;1;1;1; ; ; ; ; ; ; ; ; ; ; ; ;12;114,110776810119
3370549;1;1;1; ; ; ; ; ; ; ; ; ; ; ; ;12;105,495331864187
3370549;1;2;2;2;19; ;2; ; ;1;2; ; ;1; ;12;105,495331864187
3370549;1;3;1; ; ; ; ; ; ; ; ; ; ; ; ;12;105,495331864187
3370549;1;4;1; ; ; ; ; ; ; ; ; ; ; ; ;12;105,495331864187
3370555;1;1;2;2;19; ;2; ; ;1;2; ; ;1; ;12;1042,46956149922
3370555;1;2;2;2;52; ;2; ; ;1;2; ; ;1; ;12;1042,46956149922
3370555;1;3;1; ; ; ; ; ; ; ; ; ; ; ; ;12;1042,46956149922
3370555;1;4;1; ; ; ; ; ; ; ; ; ; ; ; ;12;1042,46956149922
3370558;1;1;2;2;19; ;3;19; ;1;2; ; ;1; ;12;782,690235108408
3370558;1;2;2;2;19; ;3;19; ;1;2; ; ;1; ;12;782,690235108408
3370558;1;3;2;2;19; ;2; ; ;1;2; ; ;1; ;12;782,690235108408
3370558;1;4;2;2;19; ;3;19; ;1;3;19; ;1; ;12;782,690235108408
3370560;1;1;1; ; ; ; ; ; ; ; ; ; ; ; ;12;824,454741349311
3370560;1;2;1; ; ; ; ; ; ; ; ; ; ; ; ;12;824,454741349311
3370561;1;1;2;2;76; ;2; ; ;1;2; ; ;1; ;12;521,509368191736
3370561;1;2;2;2;76; ;2; ; ;1;2; ; ;1; ;12;521,509368191736
3370564;1;1;2;2;76; ;3;76; ;1;2; ; ;1; ;12;1182,74178635482
3370564;1;2;1; ; ; ; ; ; ; ; ; ; ; ; ;12;1182,74178635482
3370564;1;3;2;2;76; ;3;76; ;1;2; ; ;1; ;12;1182,74178635482
3370565;1;1;2;2;27; ;2; ; ;1;2; ; ;1; ;12;895,104746440075
3370565;1;2;2;2;76; ;2; ; ;1;2; ; ;1; ;12;895,104746440075
3370565;1;3;1; ; ; ; ; ; ; ; ; ; ; ; ;12;895,104746440075
3370565;1;4;1; ; ; ; ; ; ; ; ; ; ; ; ;12;895,104746440075
3370565;1;5;1; ; ; ; ; ; ; ; ; ; ; ; ;12;895,104746440075
3370566;1;1;2;2;63; ;2; ; ;1;2; ; ;1; ;12;676,57211123666
3370566;1;2;1; ; ; ; ; ; ; ; ; ; ; ; ;12;676,57211123666
3370566;1;3;1; ; ; ; ; ; ; ; ; ; ; ; ;12;676,57211123666
3370566;1;4;1; ; ; ; ; ; ; ; ; ; ; ; ;12;676,57211123666
3370568;1;1;1; ; ; ; ; ; ; ; ; ; ; ; ;12;1023,43795388114
3370569;1;1;2;2;76; ;2; ; ;1;2; ; ;1; ;12;1102,36488999351
3370569;1;2;1; ; ; ; ; ; ; ; ; ; ; ; ;12;1102,36488999351
3370569;1;3;2;2;76; ;2; ; ;1;2; ; ;1; ;12;1102,36488999351
3370570;1;1;1; ; ; ; ; ; ; ; ; ; ; ; ;12;816,844336092258
3370570;1;2;1; ; ; ; ; ; ; ; ; ; ; ; ;12;816,844336092258
3370570;1;3;1; ; ; ; ; ; ; ; ; ; ; ; ;12;816,844336092258
3370571;1;1;1; ; ; ; ; ; ; ; ; ; ; ; ;12;941,994067582083
3370571;1;2;1; ; ; ; ; ; ; ; ; ; ; ; ;12;941,994067582083
3370571;1;3;1; ; ; ; ; ; ; ; ; ; ; ; ;12;941,994067582083
3370571;1;4;1; ; ; ; ; ; ; ; ; ; ; ; ;12;941,994067582083
3370571;2;1;1; ; ; ; ; ; ; ; ; ; ; ; ;12;941,994067582083
3370571;2;2;1; ; ; ; ; ; ; ; ; ; ; ; ;12;941,994067582083
3370572;1;1;2;2;52; ;3;52; ;1;2; ; ;1; ;12;1716,22525349017
3370572;1;2;2;2;52; ;3;52; ;1;2; ; ;1; ;12;1716,22525349017
3370572;1;3;2;2;52; ;3;52; ;1;2; ; ;1; ;12;1716,22525349017
3370572;1;4;2;2;23; ;3;52; ;1;3;52; ;1; ;12;1716,22525349017
3370572;1;5;2;2;52; ;3;52; ;1;2; ; ;1; ;12;1716,22525349017
3370572;1;6;2;2;52; ;3;52; ;2;2; ; ;1; ;12;1716,22525349017
3370572;1;7;2;2;52; ;3;52; ;1;2; ; ;1; ;12;1716,22525349017
3370572;1;8;1; ; ; ; ; ; ; ; ; ; ; ; ;12;1716,22525349017
3370573;1;1;1; ; ; ; ; ; ; ; ; ; ; ; ;12;1020,80365281415
3370573;1;2;1; ; ; ; ; ; ; ; ; ; ; ; ;12;1020,80365281415
3370573;1;3;1; ; ; ; ; ; ; ; ; ; ; ; ;12;1020,80365281415
3370573;1;4;1; ; ; ; ; ; ; ; ; ; ; ; ;12;1020,80365281415
3370574;1;1;2;2;76; ;2; ; ;1;2; ; ;1; ;12;1021,4701785787
3370574;1;2;2;2;19; ;2; ; ;1;2; ; ;1; ;12;1021,4701785787
3370574;1;3;1; ; ; ; ; ; ; ; ; ; ; ; ;12;1021,4701785787
3370574;1;4;1; ; ; ; ; ; ; ; ; ; ; ; ;12;1021,4701785787
3370576;1;1;2;2;19; ;2; ; ;1;2; ; ;1; ;12;1062,56815905505
3370576;1;2;2;2;19; ;2; ; ;1;2; ; ;1; ;12;1062,56815905505
3370577;1;1;2;2;52; ;2; ; ;1;2; ; ;1; ;12;1602,64077407734
3370577;1;2;1; ; ; ; ; ; ; ; ; ; ; ; ;12;1602,64077407734
3370577;1;3;1; ; ; ; ; ; ; ; ; ; ; ; ;12;1602,64077407734
3370577;1;4;2;2;52; ;2; ; ;1;2; ; ;1; ;12;1602,64077407734
3370577;1;5;2;2;52; ;2; ; ;1;2; ; ;1; ;12;1602,64077407734
3370577;1;6;2;2;52; ;2; ; ;1;2; ; ;1; ;12;1602,64077407734
3370577;1;7;2;1; ; ;2; ; ;1;2; ; ;1; ;12;1602,64077407734
3370578;1;1;2;2;52; ;2; ; ;1;2; ; ;1; ;12;861,658508084983
3370578;1;2;1; ; ; ; ; ; ; ; ; ; ; ; ;12;861,658508084983
3370578;2;1;1; ; ; ; ; ; ; ; ; ; ; ; ;12;861,658508084983
3370578;2;2;1; ; ; ; ; ; ; ; ; ; ; ; ;12;861,658508084983
3370578;2;3;1; ; ; ; ; ; ; ; ; ; ; ; ;12;861,658508084983
3370579;1;1;2;2;76; ;2; ; ;1;2; ; ;1; ;12;637,441906062752
3370579;1;2;1; ; ; ; ; ; ; ; ; ; ; ; ;12;637,441906062752
3370579;1;3;1; ; ; ; ; ; ; ; ; ; ; ; ;12;637,441906062752
3370580;1;1;1; ; ; ; ; ; ; ; ; ; ; ; ;12;613,849558939443
3370580;1;2;1; ; ; ; ; ; ; ; ; ; ; ; ;12;613,849558939443
3370580;1;3;1; ; ; ; ; ; ; ; ; ; ; ; ;12;613,849558939443
3370580;2;1;2;2;63; ;2; ; ;1;2; ; ;1; ;12;613,849558939443
3370580;3;1;1; ; ; ; ; ; ; ; ; ; ; ; ;12;613,849558939443
3370582;1;1;2;2;76; ;2; ; ;1;2; ; ;1; ;12;521,509368191736
3370582;1;2;2;2;76; ;2; ; ;1;2; ; ;1; ;12;521,509368191736
3370582;2;1;2;2;15; ;2; ; ;1;2; ; ;1; ;12;521,509368191736
3370584;1;1;1; ; ; ; ; ; ; ; ; ; ; ; ;12;1023,43795388114
3370585;1;1;2;2;41; ;2; ; ;1;2; ; ;1; ;12;710,531768941831
3370585;1;2;2;2;41; ;2; ; ;1;2; ; ;1; ;12;710,531768941831
3370585;1;3;1; ; ; ; ; ; ; ; ; ; ; ; ;12;710,531768941831
3370585;2;1;1; ; ; ; ; ; ; ; ; ; ; ; ;12;710,531768941831
3370585;2;2;2;2;19; ;2; ; ;1;2; ; ;1; ;12;710,531768941831
3370585;2;3;1; ; ; ; ; ; ; ; ; ; ; ; ;12;710,531768941831
3370586;1;1;1; ; ; ; ; ; ; ; ; ; ; ; ;12;1161,29831961864
3370586;1;2;1; ; ; ; ; ; ; ; ; ; ; ; ;12;1161,29831961864
3370586;1;3;1; ; ; ; ; ; ; ; ; ; ; ; ;12;1161,29831961864
3370586;1;4;1; ; ; ; ; ; ; ; ; ; ; ; ;12;1161,29831961864
3370586;2;1;2;2;41; ;2; ; ;1;2; ; ;1; ;12;1161,29831961864
3370586;2;2;2;2;41; ;2; ; ;1;2; ; ;1; ;12;1161,29831961864
3370586;2;3;2;2;41; ;2; ; ;1;2; ; ;1; ;12;1161,29831961864
3370587;1;1;2;1; ; ;2; ; ;1;2; ; ;1; ;12;1123,36427291403
3370587;1;2;2;1; ; ;2; ; ;1;2; ; ;1; ;12;1123,36427291403
3370587;1;3;2;2;05; ;4; ;11; ;2; ; ;1; ;12;1123,36427291403
3370589;1;1;2;2;52; ;3;05; ;1;2; ; ;1; ;12;1265,26756310326
3370589;1;2;2;2;52; ;3;05; ;1;2; ; ;1; ;12;1265,26756310326
3370589;1;3;2;2;52; ;3;05; ;1;2; ; ;1; ;12;1265,26756310326
3370589;1;4;2;2;52; ;2; ; ;1;2; ; ;1; ;12;1265,26756310326
3370589;1;5;2;2;52; ;3;52; ;1;2; ; ;1; ;12;1265,26756310326
3370592;1;1;1; ; ; ; ; ; ; ; ; ; ; ; ;12;1064,13547018429
3370592;1;2;1; ; ; ; ; ; ; ; ; ; ; ; ;12;1064,13547018429
3370592;1;3;1; ; ; ; ; ; ; ; ; ; ; ; ;12;1064,13547018429
3370592;1;4;1; ; ; ; ; ; ; ; ; ; ; ; ;12;1064,13547018429
3370593;1;1;1; ; ; ; ; ; ; ; ; ; ; ; ;12;1284,84834560559
3370593;1;2;2;2;05; ;2; ; ;1;2; ; ;1; ;12;1284,84834560559
3370593;1;3;1; ; ; ; ; ; ; ; ; ; ; ; ;12;1284,84834560559
3370593;1;4;2;2;63; ;2; ; ;1;2; ; ;1; ;12;1284,84834560559
3370594;1;1;2;2;54; ;2; ; ;1;2; ; ;1; ;12;538,934187448057
3370594;1;2;2;2;76; ;2; ; ;1;2; ; ;1; ;12;538,934187448057
3370595;1;1;2;2;19; ;2; ; ;1;2; ; ;1; ;12;538,934187448057
3370595;1;2;1; ; ; ; ; ; ; ; ; ; ; ; ;12;538,934187448057
3370596;1;1;1; ; ; ; ; ; ; ; ; ; ; ; ;12;897,54460422839
3370596;1;2;2;2;76; ;2; ; ;1;2; ; ;1; ;12;897,54460422839
3370596;1;3;2;2;05; ;4; ;11; ;2; ; ;1; ;12;897,54460422839
3370596;1;4;2;1; ; ;3;11; ;1;2; ; ;1; ;12;897,54460422839
3370596;1;5;1; ; ; ; ; ; ; ; ; ; ; ; ;12;897,54460422839
3370599;1;1;2;2;19; ;2; ; ;1;2; ; ;1; ;12;824,454741349311
3370599;1;2;1; ; ; ; ; ; ; ; ; ; ; ; ;12;824,454741349311
3370601;1;1;1; ; ; ; ; ; ; ; ; ; ; ; ;12;1275,41243173622
3370601;1;2;2;2;08; ;2; ; ;1;2; ; ;1; ;12;1275,41243173622
3370601;1;3;1; ; ; ; ; ; ; ; ; ; ; ; ;12;1275,41243173622
3370601;1;4;1; ; ; ; ; ; ; ; ; ; ; ; ;12;1275,41243173622
3370601;1;5;1; ; ; ; ; ; ; ; ; ; ; ; ;12;1275,41243173622
3370602;1;1;2;2;73; ;3;17; ;1;2; ; ;1; ;12;1121,94567249584
3370602;1;2;2;2;17; ;3;17; ;1;2; ; ;1; ;12;1121,94567249584
3370603;1;1;2;2;63; ;2; ; ;1;2; ; ;1; ;12;844,035523851638
3370604;1;1;2;2;76; ;2; ; ;1;2; ; ;1; ;12;1300,83028747184
3370604;1;2;2;2;19; ;2; ; ;1;2; ; ;1; ;12;1300,83028747184
3370604;1;3;2;2;76; ;2; ; ;1;2; ; ;1; ;12;1300,83028747184
3370605;1;1;2;2;66; ;2; ; ;1;2; ; ;1; ;12;684,182516493713
3370605;1;2;2;1; ; ;2; ; ;1;2; ; ;1; ;12;684,182516493713
3370605;1;3;1; ; ; ; ; ; ; ; ; ; ; ; ;12;684,182516493713
3370606;1;1;2;2;76; ;2; ; ;1;2; ; ;1; ;12;904,831637710619
3370606;1;2;1; ; ; ; ; ; ; ; ; ; ; ; ;12;904,831637710619
3370607;1;1;1; ; ; ; ; ; ; ; ; ; ; ; ;12;1137,77450794762
3370607;1;2;1; ; ; ; ; ; ; ; ; ; ; ; ;12;1137,77450794762
3370607;1;3;1; ; ; ; ; ; ; ; ; ; ; ; ;12;1137,77450794762
3370608;1;1;1; ; ; ; ; ; ; ; ; ; ; ; ;12;1141,52645499817
3370609;1;1;2;2;05; ;2; ; ;1;2; ; ;1; ;12;718,336617477564
3370609;1;2;1; ; ; ; ; ; ; ; ; ; ; ; ;12;718,336617477564
3370611;1;1;2;2;76; ;2; ; ;1;2; ; ;1; ;12;1175,48611270334
3370611;1;2;1; ; ; ; ; ; ; ; ; ; ; ; ;12;1175,48611270334
3370611;1;3;1; ; ; ; ; ; ; ; ; ; ; ; ;12;1175,48611270334
3370612;1;1;2;2;63; ;2; ; ;1;2; ; ;1; ;12;1507,16092652976
3370612;1;2;2;2;63; ;2; ; ;1;2; ; ;1; ;12;1507,16092652976
3370612;1;3;2;2;63; ;2; ; ;1;2; ; ;1; ;12;1507,16092652976
3370612;1;4;2;2;63; ;2; ; ;1;2; ; ;1; ;12;1507,16092652976
3370612;1;5;2;2;63; ;2; ; ;1;2; ; ;1; ;12;1507,16092652976
3370612;1;6;2;2;63; ;2; ; ;1;2; ; ;1; ;12;1507,16092652976
3370612;1;7;1; ; ; ; ; ; ; ; ; ; ; ; ;12;1507,16092652976
3370612;1;8;1; ; ; ; ; ; ; ; ; ; ; ; ;12;1507,16092652976
3370612;1;9;1; ; ; ; ; ; ; ; ; ; ; ; ;12;1507,16092652976
3370612;1;10;1; ; ; ; ; ; ; ; ; ; ; ; ;12;1507,16092652976
3370678;1;1;1; ; ; ; ; ; ; ; ; ; ; ; ;12;246,758705574624
3370678;1;2;1; ; ; ; ; ; ; ; ; ; ; ; ;12;246,758705574624
3370679;1;1;1; ; ; ; ; ; ; ; ; ; ; ; ;12;190,380274341761
3370680;1;1;1; ; ; ; ; ; ; ; ; ; ; ; ;12;297,961340741162
3370680;1;2;2;1; ; ;2; ; ;1;2; ; ;1; ;12;297,961340741162
3370680;1;3;1; ; ; ; ; ; ; ; ; ; ; ; ;12;297,961340741162
3370680;1;4;1; ; ; ; ; ; ; ; ; ; ; ; ;12;297,961340741162
3370681;1;1;1; ; ; ; ; ; ; ; ; ; ; ; ;12;176,372324330586
3370681;1;2;1; ; ; ; ; ; ; ; ; ; ; ; ;12;176,372324330586
3370681;1;3;2;2;11; ;2; ; ;1;2; ; ;1; ;12;176,372324330586
3370681;1;4;1; ; ; ; ; ; ; ; ; ; ; ; ;12;176,372324330586
3370682;1;1;1; ; ; ; ; ; ; ; ; ; ; ; ;12;340,918417419856
3370682;1;2;1; ; ; ; ; ; ; ; ; ; ; ; ;12;340,918417419856
3370682;1;3;1; ; ; ; ; ; ; ; ; ; ; ; ;12;340,918417419856
3370682;1;4;1; ; ; ; ; ; ; ; ; ; ; ; ;12;340,918417419856
3370682;1;5;1; ; ; ; ; ; ; ; ; ; ; ; ;12;340,918417419856
3370683;1;1;1; ; ; ; ; ; ; ; ; ; ; ; ;12;321,506657598416
3370683;1;2;1; ; ; ; ; ; ; ; ; ; ; ; ;12;321,506657598416
3370683;1;3;2;1; ; ;4; ;2; ;2; ; ;1; ;12;321,506657598416
3370684;1;1;2;1; ; ;2; ; ;1;2; ; ;1; ;12;198,700870584604
3370684;1;2;2;2;73; ;2; ; ;1;2; ; ;1; ;12;198,700870584604
3370685;1;1;1; ; ; ; ; ; ; ; ; ; ; ; ;12;327,408934347898
3370685;1;2;2;2;17; ;2; ; ;1;2; ; ;1; ;12;327,408934347898
3370685;1;3;1; ; ; ; ; ; ; ; ; ; ; ; ;12;327,408934347898
3370685;1;4;1; ; ; ; ; ; ; ; ; ; ; ; ;12;327,408934347898
3370685;1;5;1; ; ; ; ; ; ; ; ; ; ; ; ;12;327,408934347898
3370685;1;6;1; ; ; ; ; ; ; ; ; ; ; ; ;12;327,408934347898
3370686;1;1;2;2;73; ;2; ; ;1;2; ; ;1; ;12;198,700870584604
3370686;1;2;2;2;50; ;2; ; ;1;2; ; ;1; ;12;198,700870584604
3370687;1;1;2;2;25; ;2; ; ;1;2; ; ;1; ;12;246,758705574624
3370687;1;2;1; ; ; ; ; ; ; ; ; ; ; ; ;12;246,758705574624
3370688;1;1;2;1; ; ;2; ; ;1;2; ; ;1; ;12;246,758705574624
3370688;1;2;1; ; ; ; ; ; ; ; ; ; ; ; ;12;246,758705574624
3370689;1;1;2;2;15; ;2; ; ;1;2; ; ;1; ;12;290,31035246491
3370689;1;2;2;1; ; ;2; ; ;1;2; ; ;1; ;12;290,31035246491
3370689;1;3;2;2;11; ;2; ; ;1;2; ; ;1; ;12;290,31035246491
3370689;1;4;1; ; ; ; ; ; ; ; ; ; ; ; ;12;290,31035246491
3370689;1;5;1; ; ; ; ; ; ; ; ; ; ; ; ;12;290,31035246491
3370691;1;1;1; ; ; ; ; ; ; ; ; ; ; ; ;12;226,867603268164
3370692;1;1;2;2;25; ;2; ; ;1;2; ; ;1; ;12;333,301207003931
3370692;1;2;2;2;76; ;2; ; ;1;2; ; ;1; ;12;333,301207003931
3370692;1;3;1; ; ; ; ; ; ; ; ; ; ; ; ;12;333,301207003931
3370692;1;4;1; ; ; ; ; ; ; ; ; ; ; ; ;12;333,301207003931
3370693;1;1;2;2;73; ;2; ; ;1;2; ; ;1; ;12;242,619418723412
3370693;1;2;1; ; ; ; ; ; ; ; ; ; ; ; ;12;242,619418723412
3370693;1;3;2;2;73; ;3;11; ;1;2; ; ;1; ;12;242,619418723412
3370693;1;4;1; ; ; ; ; ; ; ; ; ; ; ; ;12;242,619418723412
3370693;1;5;1; ; ; ; ; ; ; ; ; ; ; ; ;12;242,619418723412
3370693;1;6;2;1; ; ;3;41; ;1;2; ; ;1; ;12;242,619418723412
3370694;1;1;1; ; ; ; ; ; ; ; ; ; ; ; ;12;198,700870584604
3370694;1;2;1; ; ; ; ; ; ; ; ; ; ; ; ;12;198,700870584604
3370696;1;1;2;2;41; ;2; ; ;1;2; ; ;1; ;12;252,841243712228
3370696;1;2;2;1; ; ;2; ; ;1;2; ; ;1; ;12;252,841243712228
3370696;1;3;2;2;41; ;2; ; ;1;2; ; ;1; ;12;252,841243712228
3370697;1;1;1; ; ; ; ; ; ; ; ; ; ; ; ;12;226,867603268164
3370698;1;1;2;2;63; ;2; ; ;1;2; ; ;1; ;12;210,271376648221
3370698;1;2;2;1; ; ;3;63; ;1;2; ; ;1; ;12;210,271376648221
3370699;1;1;2;2;73; ;2; ; ;1;2; ; ;1; ;12;310,011189289799
3370699;1;2;1; ; ; ; ; ; ; ; ; ; ; ; ;12;310,011189289799
3370699;1;3;1; ; ; ; ; ; ; ; ; ; ; ; ;12;310,011189289799
3370700;1;1;2;2;63; ;2; ; ;1;2; ; ;1; ;12;281,544191597373
3370700;1;2;1; ; ; ; ; ; ; ; ; ; ; ; ;12;281,544191597373
3370700;1;3;1; ; ; ; ; ; ; ; ; ; ; ; ;12;281,544191597373
3370701;1;1;1; ; ; ; ; ; ; ; ; ; ; ; ;12;310,011189289799
3370701;1;2;1; ; ; ; ; ; ; ; ; ; ; ; ;12;310,011189289799
3370701;1;3;1; ; ; ; ; ; ; ; ; ; ; ; ;12;310,011189289799
3370702;1;1;1; ; ; ; ; ; ; ; ; ; ; ; ;12;270,048723288756
3370702;1;2;1; ; ; ; ; ; ; ; ; ; ; ; ;12;270,048723288756
3370702;1;3;1; ; ; ; ; ; ; ; ; ; ; ; ;12;270,048723288756
3370703;1;1;2;2;73; ;2; ; ;1;2; ; ;1; ;12;239,994151003485
3370703;1;2;2;2;18; ;2; ; ;1;2; ; ;1; ;12;239,994151003485
3370703;1;3;2;2;18; ;2; ; ;1;2; ; ;1; ;12;239,994151003485
3370703;1;4;2;2;18; ;2; ; ;1;2; ; ;1; ;12;239,994151003485
3370703;1;5;2;1; ; ;2; ; ;1;2; ; ;1; ;12;239,994151003485
3370703;1;6;1; ; ; ; ; ; ; ; ; ; ; ; ;12;239,994151003485
3370704;1;1;1; ; ; ; ; ; ; ; ; ; ; ; ;12;277,407848071486
3370705;1;1;2;2;25; ;3;50; ;1;2; ; ;1; ;12;188,537400605794
3370705;1;2;2;2;17; ;3;50; ;1;2; ; ;1; ;12;188,537400605794
3370705;1;3;2;2;11; ;3;25; ;2;3;85; ;1; ;12;188,537400605794
3370705;1;4;2;2;73; ;3;85; ;1;2; ; ;1; ;12;188,537400605794
3370705;1;5;2;2;17; ;3;73; ;1;3;73; ;1; ;12;188,537400605794
3370705;1;6;2;2;73; ;3;73; ;1;3;73; ;1; ;12;188,537400605794
3370706;1;1;1; ; ; ; ; ; ; ; ; ; ; ; ;12;318,350909986839
3370706;1;2;2;2;17; ;2; ; ;1;2; ; ;1; ;12;318,350909986839
3370706;1;3;1; ; ; ; ; ; ; ; ; ; ; ; ;12;318,350909986839
3370707;1;1;2;2;73; ;3;73; ;1;2; ; ;1; ;12;227,849383094442
3370707;1;2;2;1; ; ;3;73; ;1;2; ; ;1; ;12;227,849383094442
3370707;1;3;2;1; ; ;3;73; ;1;2; ; ;1; ;12;227,849383094442
3370709;1;1;2;2;68; ;2; ; ;1;2; ; ;1; ;12;298,440683226182
3370709;1;2;2;2;73; ;2; ; ;1;2; ; ;1; ;12;298,440683226182
3370709;1;3;1; ; ; ; ; ; ; ; ; ; ; ; ;12;298,440683226182
3370710;1;1;2;2;73; ;3;11; ;1;2; ; ;1; ;12;148,160625781282
3370710;1;2;2;2;11; ;3;11; ;1;2; ; ;1; ;12;148,160625781282
3370711;1;1;2;1; ; ;2; ; ;1;2; ; ;1; ;12;293,338741002888
3370711;1;2;2;2;76; ;2; ; ;1;2; ; ;1; ;12;293,338741002888
3370711;1;3;2;3; ;2;2; ; ;1;2; ; ;1; ;12;293,338741002888
3370711;1;4;1; ; ; ; ; ; ; ; ; ; ; ; ;12;293,338741002888
3370712;1;1;2;2;73; ;2; ; ;1;2; ; ;1; ;12;204,539057014146
3370712;1;2;2;2;73; ;2; ; ;1;2; ; ;1; ;12;204,539057014146
3370712;1;3;2;2;73; ;2; ; ;1;2; ; ;1; ;12;204,539057014146
3370713;1;1;1; ; ; ; ; ; ; ; ; ; ; ; ;12;239,624808045761
3370713;1;2;2;2;41; ;2; ; ;1;2; ; ;1; ;12;239,624808045761
3370713;1;3;1; ; ; ; ; ; ; ; ; ; ; ; ;12;239,624808045761
3370713;1;4;1; ; ; ; ; ; ; ; ; ; ; ; ;12;239,624808045761
3370713;1;5;1; ; ; ; ; ; ; ; ; ; ; ; ;12;239,624808045761
3370714;1;1;2;2;73; ;2; ; ;1;2; ; ;1; ;12;310,011189289799
3370714;1;2;1; ; ; ; ; ; ; ; ; ; ; ; ;12;310,011189289799
3370714;1;3;1; ; ; ; ; ; ; ; ; ; ; ; ;12;310,011189289799
3370715;1;1;2;2;73; ;2; ; ;1;2; ; ;1; ;12;218,591972891064
3370715;1;2;2;2;76; ;2; ; ;1;2; ; ;1; ;12;218,591972891064
3370715;1;3;2;2;73; ;2; ; ;1;2; ; ;1; ;12;218,591972891064
3370716;1;1;1; ; ; ; ; ; ; ; ; ; ; ; ;12;190,380274341761
3370718;1;1;1; ; ; ; ; ; ; ; ; ; ; ; ;12;226,867603268164
3370719;1;1;1; ; ; ; ; ; ; ; ; ; ; ; ;12;282,027504484434
3370719;1;2;1; ; ; ; ; ; ; ; ; ; ; ; ;12;282,027504484434
3370719;1;3;1; ; ; ; ; ; ; ; ; ; ; ; ;12;282,027504484434
3370719;1;4;1; ; ; ; ; ; ; ; ; ; ; ; ;12;282,027504484434
3370719;1;5;1; ; ; ; ; ; ; ; ; ; ; ; ;12;282,027504484434
3370719;1;6;1; ; ; ; ; ; ; ; ; ; ; ; ;12;282,027504484434
3370719;1;7;1; ; ; ; ; ; ; ; ; ; ; ; ;12;282,027504484434
3370721;1;1;2;2;17; ;2; ; ;1;2; ; ;1; ;12;333,301207003931
3370721;1;2;1; ; ; ; ; ; ; ; ; ; ; ; ;12;333,301207003931
3370721;1;3;1; ; ; ; ; ; ; ; ; ; ; ; ;12;333,301207003931
3370721;1;4;1; ; ; ; ; ; ; ; ; ; ; ; ;12;333,301207003931
3370722;1;1;2;2;73; ;2; ; ;1;2; ; ;1; ;12;134,543625914321
3370722;1;2;2;2;15; ;2; ; ;1;2; ; ;1; ;12;134,543625914321
3370722;1;3;2;2;15; ;2; ; ;1;2; ; ;1; ;12;134,543625914321
3370723;1;1;2;2;15; ;3;11; ;1;2; ; ;1; ;12;277,407848071486
3370724;1;1;1; ; ; ; ; ; ; ; ; ; ; ; ;12;322,468129058529
3370724;1;2;1; ; ; ; ; ; ; ; ; ; ; ; ;12;322,468129058529
3370724;1;3;1; ; ; ; ; ; ; ; ; ; ; ; ;12;322,468129058529
3370724;1;4;1; ; ; ; ; ; ; ; ; ; ; ; ;12;322,468129058529
3370724;1;5;1; ; ; ; ; ; ; ; ; ; ; ; ;12;322,468129058529
3370724;1;6;1; ; ; ; ; ; ; ; ; ; ; ; ;12;322,468129058529
3370725;1;1;2;2;73; ;3;63; ;1;2; ; ;1; ;12;376,662588412645
3370725;1;2;2;1; ; ;3;63; ;1;2; ; ;1; ;12;376,662588412645
3370725;1;3;2;1; ; ;3;63; ;1;2; ; ;1; ;12;376,662588412645
3370725;1;4;1; ; ; ; ; ; ; ; ; ; ; ; ;12;376,662588412645
3370726;1;1;1; ; ; ; ; ; ; ; ; ; ; ; ;12;218,591972891064
3370726;1;2;1; ; ; ; ; ; ; ; ; ; ; ; ;12;218,591972891064
3370726;1;3;1; ; ; ; ; ; ; ; ; ; ; ; ;12;218,591972891064
3370727;1;1;1; ; ; ; ; ; ; ; ; ; ; ; ;12;210,271376648221
3370727;1;2;1; ; ; ; ; ; ; ; ; ; ; ; ;12;210,271376648221
3370728;1;1;2;2;73; ;3;73; ;2;2; ; ;1; ;12;287,626729734977
3370728;1;2;2;2;73; ;3;73; ;1;3;73; ;1; ;12;287,626729734977
3370728;1;3;1; ; ; ; ; ; ; ; ; ; ; ; ;12;287,626729734977
3370728;1;4;2;2;73; ;3;73; ;1;2; ; ;1; ;12;287,626729734977
3370730;1;1;2;2;73; ;2; ; ;1;2; ; ;1; ;12;373,453938486545
3370730;1;2;1; ; ; ; ; ; ; ; ; ; ; ; ;12;373,453938486545
3370730;1;3;1; ; ; ; ; ; ; ; ; ; ; ; ;12;373,453938486545
3370730;1;4;1; ; ; ; ; ; ; ; ; ; ; ; ;12;373,453938486545
3370730;1;5;2;1; ; ;3;11; ;1;3;73; ;1; ;12;373,453938486545
3370730;1;6;1; ; ; ; ; ; ; ; ; ; ; ; ;12;373,453938486545
3370730;1;7;1; ; ; ; ; ; ; ; ; ; ; ; ;12;373,453938486545
3370731;1;1;2;2;11; ;2; ; ;1;2; ; ;1; ;12;270,048723288756
3370731;1;2;2;2;11; ;2; ; ;1;2; ; ;1; ;12;270,048723288756
3370731;1;3;1; ; ; ; ; ; ; ; ; ; ; ; ;12;270,048723288756
3370734;1;1;1; ; ; ; ; ; ; ; ; ; ; ; ;12;235,188199511007
3370734;1;2;1; ; ; ; ; ; ; ; ; ; ; ; ;12;235,188199511007
3370735;1;1;2;2;73; ;2; ; ;1;2; ; ;1; ;12;299,402154686295
3370735;1;2;1; ; ; ; ; ; ; ; ; ; ; ; ;12;299,402154686295
3370735;1;3;1; ; ; ; ; ; ; ; ; ; ; ; ;12;299,402154686295
3370735;1;4;2;2;11; ;3;11; ;1;2; ; ;1; ;12;299,402154686295
3370735;1;5;2;2;11; ;1; ; ; ;3;11; ;1; ;12;299,402154686295
3370735;1;6;2;1; ; ;1; ; ; ;1; ; ; ; ;12;299,402154686295
3370736;1;1;2;2;73; ;2; ; ;1;2; ; ;1; ;12;198,700870584604
3370736;1;2;2;2;25; ;2; ; ;1;2; ; ;1; ;12;198,700870584604
3370737;1;1;2;2;73; ;3;05; ;1;2; ; ;1; ;12;179,771239738257
3370737;1;2;2;1; ; ;2; ; ;1;2; ; ;1; ;12;179,771239738257
3370737;1;3;1; ; ; ; ; ; ; ; ; ; ; ; ;12;179,771239738257
3370737;1;4;2;2;73; ;2; ; ;1;2; ; ;1; ;12;179,771239738257
3370738;1;1;1; ; ; ; ; ; ; ; ; ; ; ; ;12;316,093727427403
3370738;1;2;1; ; ; ; ; ; ; ; ; ; ; ; ;12;316,093727427403
3370738;1;3;1; ; ; ; ; ; ; ; ; ; ; ; ;12;316,093727427403
3370738;1;4;1; ; ; ; ; ; ; ; ; ; ; ; ;12;316,093727427403
3370739;1;1;1; ; ; ; ; ; ; ; ; ; ; ; ;12;23,0276969501032
3370739;1;2;1; ; ; ; ; ; ; ; ; ; ; ; ;12;23,0276969501032
3370739;1;3;1; ; ; ; ; ; ; ; ; ; ; ; ;12;23,0276969501032
3370739;1;4;1; ; ; ; ; ; ; ; ; ; ; ; ;12;23,0276969501032
3370739;1;5;1; ; ; ; ; ; ; ; ; ; ; ; ;12;23,0276969501032
3370739;1;6;1; ; ; ; ; ; ; ; ; ; ; ; ;12;23,0276969501032
3370740;1;1;2;2;27; ;2; ; ;1;2; ; ;1; ;12;46,0553939002063
3370740;1;2;2;2;27; ;2; ; ;1;2; ; ;1; ;12;46,0553939002063
3370740;1;3;1; ; ; ; ; ; ; ; ; ; ; ; ;12;46,0553939002063
3370740;1;4;1; ; ; ; ; ; ; ; ; ; ; ; ;12;46,0553939002063
3370741;1;1;2;2;27; ;2; ; ;1;2; ; ;1; ;12;46,0553939002063
3370741;1;2;2;2;27; ;2; ; ;1;2; ; ;1; ;12;46,0553939002063
3370741;1;3;1; ; ; ; ; ; ; ; ; ; ; ; ;12;46,0553939002063
3370741;1;4;1; ; ; ; ; ; ; ; ; ; ; ; ;12;46,0553939002063
3370741;1;5;1; ; ; ; ; ; ; ; ; ; ; ; ;12;46,0553939002063
3370741;1;6;1; ; ; ; ; ; ; ; ; ; ; ; ;12;46,0553939002063
3370741;1;7;1; ; ; ; ; ; ; ; ; ; ; ; ;12;46,0553939002063
3370742;1;1;1; ; ; ; ; ; ; ; ; ; ; ; ;12;23,0276969501032
3370742;1;2;1; ; ; ; ; ; ; ; ; ; ; ; ;12;23,0276969501032
3370742;1;3;1; ; ; ; ; ; ; ; ; ; ; ; ;12;23,0276969501032
3370742;1;4;1; ; ; ; ; ; ; ; ; ; ; ; ;12;23,0276969501032
3370742;1;5;1; ; ; ; ; ; ; ; ; ; ; ; ;12;23,0276969501032
3370743;1;1;2;2;27; ;2; ; ;1;2; ; ;1; ;12;23,0276969501032
3370743;1;2;1; ; ; ; ; ; ; ; ; ; ; ; ;12;23,0276969501032
3370743;1;3;1; ; ; ; ; ; ; ; ; ; ; ; ;12;23,0276969501032
3370743;1;4;1; ; ; ; ; ; ; ; ; ; ; ; ;12;23,0276969501032
3370744;1;1;1; ; ; ; ; ; ; ; ; ; ; ; ;12;23,0276969501032
3370744;1;2;1; ; ; ; ; ; ; ; ; ; ; ; ;12;23,0276969501032
3370744;1;3;1; ; ; ; ; ; ; ; ; ; ; ; ;12;23,0276969501032
3370746;1;1;2;2;27; ;2; ; ;1;2; ; ;1; ;12;23,0276969501032
3370746;1;2;2;2;27; ;2; ; ;1;2; ; ;1; ;12;23,0276969501032
3370746;1;3;2;2;27; ;2; ; ;1;2; ; ;1; ;12;23,0276969501032
3370746;2;1;2;2;27; ;2; ; ;1;2; ; ;1; ;12;23,0276969501032
3370746;2;2;1; ; ; ; ; ; ; ; ; ; ; ; ;12;23,0276969501032
3370746;2;3;1; ; ; ; ; ; ; ; ; ; ; ; ;12;23,0276969501032
3370746;3;1;2;2;27; ;2; ; ;1;2; ; ;1; ;12;23,0276969501032
3370746;3;2;2;2;27; ;2; ; ;1;2; ; ;1; ;12;23,0276969501032
3370746;3;3;2;2;27; ;2; ; ;1;2; ; ;1; ;12;23,0276969501032
3370746;4;1;2;2;27; ;2; ; ;1;2; ; ;1; ;12;23,0276969501032
3370746;4;2;1; ; ; ; ; ; ; ; ; ; ; ; ;12;23,0276969501032
3370747;1;1;2;2;27; ;3;05; ;1;2; ; ;1; ;12;81,6791845115271
3370747;1;2;2;2;05; ;1; ; ; ;2; ; ;1; ;12;81,6791845115271
3370752;1;1;1; ; ; ; ; ; ; ; ; ; ; ; ;12;211,854811940949
3370752;1;2;1; ; ; ; ; ; ; ; ; ; ; ; ;12;211,854811940949
3370752;1;3;1; ; ; ; ; ; ; ; ; ; ; ; ;12;211,854811940949
3370752;1;4;1; ; ; ; ; ; ; ; ; ; ; ; ;12;211,854811940949
3370752;1;5;1; ; ; ; ; ; ; ; ; ; ; ; ;12;211,854811940949
3370753;1;1;1; ; ; ; ; ; ; ; ; ; ; ; ;12;211,854811940949
3370753;1;2;1; ; ; ; ; ; ; ; ; ; ; ; ;12;211,854811940949
3370753;1;3;1; ; ; ; ; ; ; ; ; ; ; ; ;12;211,854811940949
3370753;1;4;1; ; ; ; ; ; ; ; ; ; ; ; ;12;211,854811940949
3370754;1;1;1; ; ; ; ; ; ; ; ; ; ; ; ;12;211,854811940949
3370754;1;2;2;2;27; ;2; ; ;1;2; ; ;1; ;12;211,854811940949
3370754;1;3;1; ; ; ; ; ; ; ; ; ; ; ; ;12;211,854811940949
3370754;1;4;1; ; ; ; ; ; ; ; ; ; ; ; ;12;211,854811940949
3370754;1;5;1; ; ; ; ; ; ; ; ; ; ; ; ;12;211,854811940949
3370755;1;1;1; ; ; ; ; ; ; ; ; ; ; ; ;12;23,0276969501032
3370756;1;1;1; ; ; ; ; ; ; ; ; ; ; ; ;12;23,0276969501032
3370756;1;2;1; ; ; ; ; ; ; ; ; ; ; ; ;12;23,0276969501032
3370756;1;3;1; ; ; ; ; ; ; ; ; ; ; ; ;12;23,0276969501032
3370756;1;4;2;2;05; ;2; ; ;1;2; ; ;1; ;12;23,0276969501032
3370756;1;5;1; ; ; ; ; ; ; ; ; ; ; ; ;12;23,0276969501032
3370756;1;6;1; ; ; ; ; ; ; ; ; ; ; ; ;12;23,0276969501032
3370757;1;1;1; ; ; ; ; ; ; ; ; ; ; ; ;12;23,0276969501032
3370757;1;2;1; ; ; ; ; ; ; ; ; ; ; ; ;12;23,0276969501032
3370757;1;3;1; ; ; ; ; ; ; ; ; ; ; ; ;12;23,0276969501032
3370757;1;4;1; ; ; ; ; ; ; ; ; ; ; ; ;12;23,0276969501032
3370757;1;5;1; ; ; ; ; ; ; ; ; ; ; ; ;12;23,0276969501032
3370757;1;6;1; ; ; ; ; ; ; ; ; ; ; ; ;12;23,0276969501032
3370758;1;1;1; ; ; ; ; ; ; ; ; ; ; ; ;12;105,927405970475
3370758;1;2;1; ; ; ; ; ; ; ; ; ; ; ; ;12;105,927405970475
3370758;1;3;1; ; ; ; ; ; ; ; ; ; ; ; ;12;105,927405970475
3370758;1;4;1; ; ; ; ; ; ; ; ; ; ; ; ;12;105,927405970475
3370759;1;1;1; ; ; ; ; ; ; ; ; ; ; ; ;12;23,0276969501032
3370759;1;2;1; ; ; ; ; ; ; ; ; ; ; ; ;12;23,0276969501032
3370759;1;3;1; ; ; ; ; ; ; ; ; ; ; ; ;12;23,0276969501032
3370759;1;4;1; ; ; ; ; ; ; ; ; ; ; ; ;12;23,0276969501032
3370760;1;1;2;2;27; ;3;27; ;1;2; ; ;1; ;12;105,927405970475
3370760;1;2;1; ; ; ; ; ; ; ; ; ; ; ; ;12;105,927405970475
3370760;1;3;2;2;27; ;2; ; ;1;2; ; ;1; ;12;105,927405970475
3370760;1;4;2;2;27; ;2; ; ;1;2; ; ;1; ;12;105,927405970475
3370760;1;5;2;2;27; ;3;27; ;1;2; ; ;1; ;12;105,927405970475
3370760;1;6;2;2;27; ;2; ; ;1;3;27; ;1; ;12;105,927405970475
3370760;1;7;2;2;27; ;1; ; ; ;2; ; ;1; ;12;105,927405970475
3370760;1;8;1; ; ; ; ; ; ; ; ; ; ; ; ;12;105,927405970475
3370761;1;1;2;2;27; ;3;27; ;1;2; ; ;1; ;12;23,0276969501032
3370762;1;1;2;2;27; ;2; ; ;1;2; ; ;1; ;12;23,0276969501032
3370763;1;1;1; ; ; ; ; ; ; ; ; ; ; ; ;12;28,106896935073
3370764;1;1;1; ; ; ; ; ; ; ; ; ; ; ; ;12;23,0276969501032
3370764;1;2;2;1; ; ;2; ; ;1;2; ; ;1; ;12;23,0276969501032
3370764;1;3;1; ; ; ; ; ; ; ; ; ; ; ; ;12;23,0276969501032
3370765;1;1;1; ; ; ; ; ; ; ; ; ; ; ; ;12;23,0276969501032
3370765;1;2;2;2;27; ;2; ; ;1;2; ; ;1; ;12;23,0276969501032
3370765;1;3;1; ; ; ; ; ; ; ; ; ; ; ; ;12;23,0276969501032
3370765;1;4;1; ; ; ; ; ; ; ; ; ; ; ; ;12;23,0276969501032
3370765;1;5;1; ; ; ; ; ; ; ; ; ; ; ; ;12;23,0276969501032
3370765;1;6;1; ; ; ; ; ; ; ; ; ; ; ; ;12;23,0276969501032
3370766;1;1;2;2;66; ;2; ; ;1;2; ; ;1; ;12;23,0276969501032
3370766;1;2;2;2;76; ;2; ; ;1;2; ; ;1; ;12;23,0276969501032
3370767;1;1;1; ; ; ; ; ; ; ; ; ; ; ; ;12;23,0276969501032
3370767;1;2;1; ; ; ; ; ; ; ; ; ; ; ; ;12;23,0276969501032
3370767;1;3;1; ; ; ; ; ; ; ; ; ; ; ; ;12;23,0276969501032
3370767;1;4;2;2;27; ;2; ; ;1;2; ; ;1; ;12;23,0276969501032
3370767;1;5;2;2;27; ;2; ; ;1;2; ; ;1; ;12;23,0276969501032
3370767;1;6;1; ; ; ; ; ; ; ; ; ; ; ; ;12;23,0276969501032
3370768;1;1;1; ; ; ; ; ; ; ; ; ; ; ; ;12;105,927405970475
3370768;1;2;1; ; ; ; ; ; ; ; ; ; ; ; ;12;105,927405970475
3370768;1;3;1; ; ; ; ; ; ; ; ; ; ; ; ;12;105,927405970475
3370768;1;4;2;2;05; ;2; ; ;1;2; ; ;1; ;12;105,927405970475
3370768;1;5;2;2;27; ;2; ; ;1;2; ; ;1; ;12;105,927405970475
3370769;1;1;1; ; ; ; ; ; ; ; ; ; ; ; ;12;23,0276969501032
3370769;1;2;2;2;27; ;2; ; ;1;2; ; ;1; ;12;23,0276969501032
3370769;1;3;2;2;05; ;2; ; ;1;2; ; ;1; ;12;23,0276969501032
3370769;1;4;2;2;05; ;2; ; ;1;2; ; ;1; ;12;23,0276969501032
3370770;1;1;2;2;27; ;3;05; ;1;2; ; ;1; ;12;67,2531136765006
3370770;1;2;2;1; ; ;3;05; ;1;2; ; ;1; ;12;67,2531136765006
3370770;1;3;2;1; ; ;3;05; ;1;2; ; ;1; ;12;67,2531136765006
3370770;1;4;2;2;05; ;1; ; ; ;2; ; ;1; ;12;67,2531136765006
3370771;1;1;2;2;27; ;2; ; ;1;2; ; ;1; ;12;23,0276969501032
3370771;1;2;2;2;27; ;2; ; ;1;2; ; ;1; ;12;23,0276969501032
3370771;1;3;2;2;27; ;2; ; ;1;2; ; ;1; ;12;23,0276969501032
3370772;1;1;2;2;27; ;2; ; ;1;2; ; ;1; ;12;23,0276969501032
3370772;1;2;2;2;52; ;2; ; ;1;2; ; ;1; ;12;23,0276969501032
3370773;1;1;2;2;27; ;2; ; ;1;2; ; ;1; ;12;23,0276969501032
3370773;1;2;2;2;27; ;2; ; ;1;2; ; ;1; ;12;23,0276969501032
3370773;1;3;2;2;11; ;2; ; ;1;2; ; ;1; ;12;23,0276969501032
3370773;1;4;2;2;05; ;2; ; ;1;2; ; ;1; ;12;23,0276969501032
3370774;1;1;2;2;05; ;3;05; ;1;2; ; ;1; ;12;23,0276969501032
3370774;1;2;2;2;05; ;3;05; ;1;2; ; ;1; ;12;23,0276969501032
3370775;1;1;1; ; ; ; ; ; ; ; ; ; ; ; ;12;23,0276969501032
3370775;1;2;1; ; ; ; ; ; ; ; ; ; ; ; ;12;23,0276969501032
3370782;1;1;1; ; ; ; ; ; ; ; ; ; ; ; ;12;211,854811940949
3370782;1;2;1; ; ; ; ; ; ; ; ; ; ; ; ;12;211,854811940949
3370782;1;3;1; ; ; ; ; ; ; ; ; ; ; ; ;12;211,854811940949
3370782;1;4;1; ; ; ; ; ; ; ; ; ; ; ; ;12;211,854811940949
3370783;1;1;1; ; ; ; ; ; ; ; ; ; ; ; ;12;56,213793870146
3370784;1;1;2;2;05; ;2; ; ;1;2; ; ;1; ;12;211,854811940949
3370784;1;2;1; ; ; ; ; ; ; ; ; ; ; ; ;12;211,854811940949
3370784;1;3;2;2;05; ;2; ; ;1;2; ; ;1; ;12;211,854811940949
3370784;1;4;1; ; ; ; ; ; ; ; ; ; ; ; ;12;211,854811940949
3370784;1;5;1; ; ; ; ; ; ; ; ; ; ; ; ;12;211,854811940949
3370784;1;6;2;2;27; ;2; ; ;1;2; ; ;1; ;12;211,854811940949
3370785;1;1;2;2;27; ;2; ; ;1;2; ; ;1; ;12;46,0553939002063
3370785;1;2;1; ; ; ; ; ; ; ; ; ; ; ; ;12;46,0553939002063
3370785;1;3;1; ; ; ; ; ; ; ; ; ; ; ; ;12;46,0553939002063
3370785;1;4;1; ; ; ; ; ; ; ; ; ; ; ; ;12;46,0553939002063
3370785;1;5;1; ; ; ; ; ; ; ; ; ; ; ; ;12;46,0553939002063
3370785;1;6;1; ; ; ; ; ; ; ; ; ; ; ; ;12;46,0553939002063
3370786;1;1;1; ; ; ; ; ; ; ; ; ; ; ; ;12;46,0553939002063
3370786;1;2;1; ; ; ; ; ; ; ; ; ; ; ; ;12;46,0553939002063
3370786;1;3;1; ; ; ; ; ; ; ; ; ; ; ; ;12;46,0553939002063
3370786;1;4;1; ; ; ; ; ; ; ; ; ; ; ; ;12;46,0553939002063
3370786;1;5;1; ; ; ; ; ; ; ; ; ; ; ; ;12;46,0553939002063
3370787;1;1;1; ; ; ; ; ; ; ; ; ; ; ; ;12;211,854811940949
3370787;1;2;2;1; ; ;3;11; ;1;2; ; ;1; ;12;211,854811940949
3370787;1;3;1; ; ; ; ; ; ; ; ; ; ; ; ;12;211,854811940949
3370787;1;4;1; ; ; ; ; ; ; ; ; ; ; ; ;12;211,854811940949
3370787;1;5;2;1; ; ;3;11; ;1;2; ; ;1; ;12;211,854811940949
3370788;1;1;1; ; ; ; ; ; ; ; ; ; ; ; ;12;105,927405970475
3370788;1;2;1; ; ; ; ; ; ; ; ; ; ; ; ;12;105,927405970475
3370788;1;3;1; ; ; ; ; ; ; ; ; ; ; ; ;12;105,927405970475
3370788;1;4;2;2;05; ;2; ; ;1;2; ; ;1; ;12;105,927405970475
3370788;2;1;1; ; ; ; ; ; ; ; ; ; ; ; ;12;105,927405970475
3370788;2;2;1; ; ; ; ; ; ; ; ; ; ; ; ;12;105,927405970475
3370789;1;1;2;2;05; ;3;05; ;1;2; ; ;1; ;12;23,0276969501032
3370789;1;2;2;2;05; ;3;05; ;1;2; ; ;1; ;12;23,0276969501032
3370790;1;1;1; ; ; ; ; ; ; ; ; ; ; ; ;12;23,0276969501032
3370790;1;2;2;2;27; ;2; ; ;1;2; ; ;1; ;12;23,0276969501032
3370790;1;3;1; ; ; ; ; ; ; ; ; ; ; ; ;12;23,0276969501032
3370790;1;4;1; ; ; ; ; ; ; ; ; ; ; ; ;12;23,0276969501032
3370790;1;5;1; ; ; ; ; ; ; ; ; ; ; ; ;12;23,0276969501032
3370790;1;6;1; ; ; ; ; ; ; ; ; ; ; ; ;12;23,0276969501032
3370791;1;1;1; ; ; ; ; ; ; ; ; ; ; ; ;12;23,0276969501032
3370791;1;2;1; ; ; ; ; ; ; ; ; ; ; ; ;12;23,0276969501032
3370791;1;3;1; ; ; ; ; ; ; ; ; ; ; ; ;12;23,0276969501032
3370791;1;4;1; ; ; ; ; ; ; ; ; ; ; ; ;12;23,0276969501032
3370792;1;1;2;2;05; ;2; ; ;1;2; ; ;1; ;12;105,927405970475
3370792;1;2;2;2;27; ;2; ; ;1;2; ; ;1; ;12;105,927405970475
3370792;1;3;1; ; ; ; ; ; ; ; ; ; ; ; ;12;105,927405970475
3370792;1;4;1; ; ; ; ; ; ; ; ; ; ; ; ;12;105,927405970475
3370792;1;5;1; ; ; ; ; ; ; ; ; ; ; ; ;12;105,927405970475
3370792;1;6;1; ; ; ; ; ; ; ; ; ; ; ; ;12;105,927405970475
3370792;1;7;1; ; ; ; ; ; ; ; ; ; ; ; ;12;105,927405970475
3370793;1;1;2;2;05; ;2; ; ;1;2; ; ;1; ;12;23,0276969501032
3370793;1;2;1; ; ; ; ; ; ; ; ; ; ; ; ;12;23,0276969501032
3370793;1;3;2;2;27; ;2; ; ;1;2; ; ;1; ;12;23,0276969501032
3370793;1;4;2;2;27; ;3;27; ;2;2; ; ;1; ;12;23,0276969501032
3370794;1;1;2;2;27; ;2; ; ;1;2; ; ;1; ;12;23,0276969501032
3370794;1;2;2;2;05; ;3;05; ;1;3;05; ;1; ;12;23,0276969501032
3370795;1;1;2;2;05; ;3;05; ;1;2; ; ;1; ;12;25,6610790896159
3370795;1;2;1; ; ; ; ; ; ; ; ; ; ; ; ;12;25,6610790896159
3370795;1;3;2;2;05; ;2; ; ;1;2; ; ;1; ;12;25,6610790896159
3370795;1;4;2;1; ; ;3;05; ;1;2; ; ;1; ;12;25,6610790896159
3370796;1;1;1; ; ; ; ; ; ; ; ; ; ; ; ;12;105,927405970475
3370798;1;1;1; ; ; ; ; ; ; ; ; ; ; ; ;12;23,0276969501032
3370798;1;2;1; ; ; ; ; ; ; ; ; ; ; ; ;12;23,0276969501032
3370798;1;3;1; ; ; ; ; ; ; ; ; ; ; ; ;12;23,0276969501032
3370799;1;1;1; ; ; ; ; ; ; ; ; ; ; ; ;12;23,0276969501032
3370799;1;2;2;2;11; ;2; ; ;1;2; ; ;1; ;12;23,0276969501032
3370799;1;3;1; ; ; ; ; ; ; ; ; ; ; ; ;12;23,0276969501032
3370799;1;4;1; ; ; ; ; ; ; ; ; ; ; ; ;12;23,0276969501032
3370799;1;5;1; ; ; ; ; ; ; ; ; ; ; ; ;12;23,0276969501032
3370800;1;1;2;2;27; ;2; ; ;1;2; ; ;1; ;12;23,0276969501032
3370800;1;2;1; ; ; ; ; ; ; ; ; ; ; ; ;12;23,0276969501032
3370800;1;3;1; ; ; ; ; ; ; ; ; ; ; ; ;12;23,0276969501032
3370800;1;4;1; ; ; ; ; ; ; ; ; ; ; ; ;12;23,0276969501032
3370800;1;5;1; ; ; ; ; ; ; ; ; ; ; ; ;12;23,0276969501032
3370801;1;1;2;2;27; ;2; ; ;1;2; ; ;1; ;12;23,0276969501032
3370801;1;2;2;2;27; ;2; ; ;1;2; ; ;1; ;12;23,0276969501032
3370802;1;1;1; ; ; ; ; ; ; ; ; ; ; ; ;12;23,0276969501032
3370802;1;2;1; ; ; ; ; ; ; ; ; ; ; ; ;12;23,0276969501032
3370802;1;3;1; ; ; ; ; ; ; ; ; ; ; ; ;12;23,0276969501032
3370802;1;4;1; ; ; ; ; ; ; ; ; ; ; ; ;12;23,0276969501032
3370802;1;5;1; ; ; ; ; ; ; ; ; ; ; ; ;12;23,0276969501032
3370802;1;6;1; ; ; ; ; ; ; ; ; ; ; ; ;12;23,0276969501032
3370803;1;1;2;2;27; ;2; ; ;1;2; ; ;1; ;12;23,0276969501032
3370803;1;2;1; ; ; ; ; ; ; ; ; ; ; ; ;12;23,0276969501032
3370803;1;3;1; ; ; ; ; ; ; ; ; ; ; ; ;12;23,0276969501032
3370803;1;4;1; ; ; ; ; ; ; ; ; ; ; ; ;12;23,0276969501032
3370803;1;5;1; ; ; ; ; ; ; ; ; ; ; ; ;12;23,0276969501032
3370804;1;1;2;2;27; ;2; ; ;1;2; ; ;1; ;12;46,0553939002063
3370804;1;2;2;2;27; ;2; ; ;1;2; ; ;1; ;12;46,0553939002063
3370804;1;3;2;2;27; ;2; ; ;1;2; ; ;1; ;12;46,0553939002063
3370805;1;1;2;2;27; ;2; ; ;1;2; ; ;1; ;12;46,0553939002063
3370805;1;2;2;2;27; ;2; ; ;1;2; ; ;1; ;12;46,0553939002063
3370805;1;3;1; ; ; ; ; ; ; ; ; ; ; ; ;12;46,0553939002063
3370805;1;4;1; ; ; ; ; ; ; ; ; ; ; ; ;12;46,0553939002063
3370805;1;5;1; ; ; ; ; ; ; ; ; ; ; ; ;12;46,0553939002063
3370805;1;6;1; ; ; ; ; ; ; ; ; ; ; ; ;12;46,0553939002063
3370806;1;1;2;2;27; ;2; ; ;1;2; ; ;1; ;12;46,0553939002063
3370806;1;2;2;2;27; ;2; ; ;1;2; ; ;1; ;12;46,0553939002063
3370806;1;3;1; ; ; ; ; ; ; ; ; ; ; ; ;12;46,0553939002063
3370806;1;4;1; ; ; ; ; ; ; ; ; ; ; ; ;12;46,0553939002063
3370806;1;5;1; ; ; ; ; ; ; ; ; ; ; ; ;12;46,0553939002063
3370807;1;1;2;2;27; ;2; ; ;1;2; ; ;1; ;12;46,0553939002063
3370807;1;2;2;2;27; ;2; ; ;1;2; ; ;1; ;12;46,0553939002063
3370807;1;3;1; ; ; ; ; ; ; ; ; ; ; ; ;12;46,0553939002063
3370807;1;4;1; ; ; ; ; ; ; ; ; ; ; ; ;12;46,0553939002063
3370807;1;5;1; ; ; ; ; ; ; ; ; ; ; ; ;12;46,0553939002063
3370807;1;6;1; ; ; ; ; ; ; ; ; ; ; ; ;12;46,0553939002063
3370807;1;7;1; ; ; ; ; ; ; ; ; ; ; ; ;12;46,0553939002063
3370807;1;8;1; ; ; ; ; ; ; ; ; ; ; ; ;12;46,0553939002063
3370807;1;9;1; ; ; ; ; ; ; ; ; ; ; ; ;12;46,0553939002063
3370808;1;1;1; ; ; ; ; ; ; ; ; ; ; ; ;12;23,0276969501032
3370808;1;2;1; ; ; ; ; ; ; ; ; ; ; ; ;12;23,0276969501032
3370808;1;3;1; ; ; ; ; ; ; ; ; ; ; ; ;12;23,0276969501032
3370808;1;4;1; ; ; ; ; ; ; ; ; ; ; ; ;12;23,0276969501032
3370809;1;1;2;2;27; ;2; ; ;1;2; ; ;1; ;12;23,0276969501032
3370809;1;2;1; ; ; ; ; ; ; ; ; ; ; ; ;12;23,0276969501032
3370809;1;3;1; ; ; ; ; ; ; ; ; ; ; ; ;12;23,0276969501032
3370810;1;1;1; ; ; ; ; ; ; ; ; ; ; ; ;12;105,927405970475
3370811;1;1;1; ; ; ; ; ; ; ; ; ; ; ; ;12;105,927405970475
3370812;1;1;2;2;27; ;2; ; ;1;2; ; ;1; ;12;63,7306875463937
3370812;1;2;2;2;27; ;2; ; ;1;2; ; ;1; ;12;63,7306875463937
3370812;1;3;1; ; ; ; ; ; ; ; ; ; ; ; ;12;63,7306875463937
3370813;1;1;2;2;76; ;2; ; ;1;2; ; ;1; ;12;23,0276969501032
3370813;1;2;1; ; ; ; ; ; ; ; ; ; ; ; ;12;23,0276969501032
3370813;1;3;1; ; ; ; ; ; ; ; ; ; ; ; ;12;23,0276969501032
3370813;1;4;1; ; ; ; ; ; ; ; ; ; ; ; ;12;23,0276969501032
3370813;1;5;1; ; ; ; ; ; ; ; ; ; ; ; ;12;23,0276969501032
3370814;1;1;2;2;05; ;2; ; ;1;2; ; ;1; ;12;79,4455544778559
3370814;1;2;1; ; ; ; ; ; ; ; ; ; ; ; ;12;79,4455544778559
3370814;1;3;1; ; ; ; ; ; ; ; ; ; ; ; ;12;79,4455544778559
3370815;1;1;2;2;27; ;2; ; ;1;2; ; ;1; ;12;79,4455544778559
3370815;1;2;2;2;27; ;2; ; ;1;2; ; ;1; ;12;79,4455544778559
3370815;1;3;1; ; ; ; ; ; ; ; ; ; ; ; ;12;79,4455544778559
3370815;1;4;1; ; ; ; ; ; ; ; ; ; ; ; ;12;79,4455544778559
3370816;1;1;2;2;05; ;2; ; ;1;2; ; ;1; ;12;47,1520017440307
3370817;1;1;1; ; ; ; ; ; ; ; ; ; ; ; ;12;28,106896935073
3370818;1;1;1; ; ; ; ; ; ; ; ; ; ; ; ;12;23,0276969501032
3370818;1;2;1; ; ; ; ; ; ; ; ; ; ; ; ;12;23,0276969501032
3370819;1;1;2;2;27; ;2; ; ;1;2; ; ;1; ;12;23,0276969501032
3370819;1;2;1; ; ; ; ; ; ; ; ; ; ; ; ;12;23,0276969501032
3370820;1;1;1; ; ; ; ; ; ; ; ; ; ; ; ;12;105,927405970475
3370820;1;2;1; ; ; ; ; ; ; ; ; ; ; ; ;12;105,927405970475
3370821;1;1;2;2;27; ;2; ; ;1;2; ; ;1; ;12;23,0276969501032
3370821;1;2;1; ; ; ; ; ; ; ; ; ; ; ; ;12;23,0276969501032
3370821;1;3;1; ; ; ; ; ; ; ; ; ; ; ; ;12;23,0276969501032
3370822;1;1;1; ; ; ; ; ; ; ; ; ; ; ; ;12;105,927405970475
3370822;1;2;1; ; ; ; ; ; ; ; ; ; ; ; ;12;105,927405970475
3370822;1;3;1; ; ; ; ; ; ; ; ; ; ; ; ;12;105,927405970475
3370823;1;1;2;2;27; ;2; ; ;1;2; ; ;1; ;12;23,0276969501032
3370823;1;2;1; ; ; ; ; ; ; ; ; ; ; ; ;12;23,0276969501032
3370823;1;3;1; ; ; ; ; ; ; ; ; ; ; ; ;12;23,0276969501032
3370823;1;4;1; ; ; ; ; ; ; ; ; ; ; ; ;12;23,0276969501032
3370824;1;1;1; ; ; ; ; ; ; ; ; ; ; ; ;12;23,0276969501032
3370824;1;2;1; ; ; ; ; ; ; ; ; ; ; ; ;12;23,0276969501032
3370824;1;3;1; ; ; ; ; ; ; ; ; ; ; ; ;12;23,0276969501032
3370824;1;4;1; ; ; ; ; ; ; ; ; ; ; ; ;12;23,0276969501032
3370824;1;5;1; ; ; ; ; ; ; ; ; ; ; ; ;12;23,0276969501032
3370825;1;1;1; ; ; ; ; ; ; ; ; ; ; ; ;12;23,0276969501032
3370825;1;2;1; ; ; ; ; ; ; ; ; ; ; ; ;12;23,0276969501032
3370825;1;3;1; ; ; ; ; ; ; ; ; ; ; ; ;12;23,0276969501032
3370825;1;4;1; ; ; ; ; ; ; ; ; ; ; ; ;12;23,0276969501032
3370825;1;5;1; ; ; ; ; ; ; ; ; ; ; ; ;12;23,0276969501032
3370826;1;1;2;2;05; ;2; ; ;1;2; ; ;1; ;12;23,0276969501032
3370826;1;2;1; ; ; ; ; ; ; ; ; ; ; ; ;12;23,0276969501032
3370826;1;3;1; ; ; ; ; ; ; ; ; ; ; ; ;12;23,0276969501032
3370826;1;4;1; ; ; ; ; ; ; ; ; ; ; ; ;12;23,0276969501032
3370829;1;1;2;2;05; ;3;66; ;1;3;66; ;1; ;12;54,0758165570702
3370829;1;2;1; ; ; ; ; ; ; ; ; ; ; ; ;12;54,0758165570702
3370829;1;3;1; ; ; ; ; ; ; ; ; ; ; ; ;12;54,0758165570702
3370830;1;1;1; ; ; ; ; ; ; ; ; ; ; ; ;12;23,0276969501032
3370830;1;2;1; ; ; ; ; ; ; ; ; ; ; ; ;12;23,0276969501032
3370830;1;3;1; ; ; ; ; ; ; ; ; ; ; ; ;12;23,0276969501032
3370830;1;4;1; ; ; ; ; ; ; ; ; ; ; ; ;12;23,0276969501032
3370830;1;5;1; ; ; ; ; ; ; ; ; ; ; ; ;12;23,0276969501032
3370830;1;6;1; ; ; ; ; ; ; ; ; ; ; ; ;12;23,0276969501032
3370830;1;7;1; ; ; ; ; ; ; ; ; ; ; ; ;12;23,0276969501032
3370831;1;1;1; ; ; ; ; ; ; ; ; ; ; ; ;12;23,0276969501032
3370831;1;2;1; ; ; ; ; ; ; ; ; ; ; ; ;12;23,0276969501032
3370831;1;3;1; ; ; ; ; ; ; ; ; ; ; ; ;12;23,0276969501032
3370831;1;4;1; ; ; ; ; ; ; ; ; ; ; ; ;12;23,0276969501032
3370831;1;5;1; ; ; ; ; ; ; ; ; ; ; ; ;12;23,0276969501032
3370831;1;6;1; ; ; ; ; ; ; ; ; ; ; ; ;12;23,0276969501032
3370831;1;7;1; ; ; ; ; ; ; ; ; ; ; ; ;12;23,0276969501032
3370831;1;8;1; ; ; ; ; ; ; ; ; ; ; ; ;12;23,0276969501032
3370831;1;9;1; ; ; ; ; ; ; ; ; ; ; ; ;12;23,0276969501032
3370832;1;1;1; ; ; ; ; ; ; ; ; ; ; ; ;12;23,0276969501032
3370832;1;2;1; ; ; ; ; ; ; ; ; ; ; ; ;12;23,0276969501032
3370832;1;3;1; ; ; ; ; ; ; ; ; ; ; ; ;12;23,0276969501032
3370832;1;4;1; ; ; ; ; ; ; ; ; ; ; ; ;12;23,0276969501032
3370832;1;5;1; ; ; ; ; ; ; ; ; ; ; ; ;12;23,0276969501032
3370832;1;6;1; ; ; ; ; ; ; ; ; ; ; ; ;12;23,0276969501032
3370832;1;7;1; ; ; ; ; ; ; ; ; ; ; ; ;12;23,0276969501032
3370832;1;8;1; ; ; ; ; ; ; ; ; ; ; ; ;12;23,0276969501032
3370832;1;9;1; ; ; ; ; ; ; ; ; ; ; ; ;12;23,0276969501032
3370833;1;1;1; ; ; ; ; ; ; ; ; ; ; ; ;12;28,106896935073
3370834;1;1;2;2;27; ;2; ; ;1;2; ; ;1; ;12;46,0553939002063
3370834;1;2;2;2;27; ;2; ; ;1;2; ; ;1; ;12;46,0553939002063
3370834;1;3;1; ; ; ; ; ; ; ; ; ; ; ; ;12;46,0553939002063
3370835;1;1;2;2;27; ;2; ; ;1;2; ; ;1; ;12;46,0553939002063
3370835;1;2;2;2;27; ;2; ; ;1;2; ; ;1; ;12;46,0553939002063
3370835;1;3;2;2;27; ;2; ; ;1;2; ; ;1; ;12;46,0553939002063
3370835;1;4;1; ; ; ; ; ; ; ; ; ; ; ; ;12;46,0553939002063
3370836;1;1;1; ; ; ; ; ; ; ; ; ; ; ; ;12;46,0553939002063
3370836;1;2;1; ; ; ; ; ; ; ; ; ; ; ; ;12;46,0553939002063
3370836;1;3;1; ; ; ; ; ; ; ; ; ; ; ; ;12;46,0553939002063
3370836;1;4;1; ; ; ; ; ; ; ; ; ; ; ; ;12;46,0553939002063
3370837;1;1;2;2;27; ;2; ; ;1;2; ; ;1; ;12;46,0553939002063
3370837;1;2;1; ; ; ; ; ; ; ; ; ; ; ; ;12;46,0553939002063
3370837;1;3;1; ; ; ; ; ; ; ; ; ; ; ; ;12;46,0553939002063
3370837;1;4;1; ; ; ; ; ; ; ; ; ; ; ; ;12;46,0553939002063
3370837;1;5;1; ; ; ; ; ; ; ; ; ; ; ; ;12;46,0553939002063
3370838;1;1;2;2;05; ;2; ; ;1;2; ; ;1; ;12;46,0553939002063
3370838;1;2;1; ; ; ; ; ; ; ; ; ; ; ; ;12;46,0553939002063
3370838;1;3;1; ; ; ; ; ; ; ; ; ; ; ; ;12;46,0553939002063
3370838;1;4;1; ; ; ; ; ; ; ; ; ; ; ; ;12;46,0553939002063
3370839;1;1;1; ; ; ; ; ; ; ; ; ; ; ; ;12;105,927405970475
3370839;1;2;1; ; ; ; ; ; ; ; ; ; ; ; ;12;105,927405970475
3370839;1;3;1; ; ; ; ; ; ; ; ; ; ; ; ;12;105,927405970475
3370839;1;4;1; ; ; ; ; ; ; ; ; ; ; ; ;12;105,927405970475
3370839;1;5;1; ; ; ; ; ; ; ; ; ; ; ; ;12;105,927405970475
3370839;1;6;1; ; ; ; ; ; ; ; ; ; ; ; ;12;105,927405970475
3370839;1;7;1; ; ; ; ; ; ; ; ; ; ; ; ;12;105,927405970475
3370839;1;8;1; ; ; ; ; ; ; ; ; ; ; ; ;12;105,927405970475
3370839;1;9;1; ; ; ; ; ; ; ; ; ; ; ; ;12;105,927405970475
3370839;1;10;1; ; ; ; ; ; ; ; ; ; ; ; ;12;105,927405970475
3370840;1;1;1; ; ; ; ; ; ; ; ; ; ; ; ;12;23,0276969501032
3370840;1;2;1; ; ; ; ; ; ; ; ; ; ; ; ;12;23,0276969501032
3370841;1;1;2;2;27; ;2; ; ;1;2; ; ;1; ;12;28,106896935073
3370842;1;1;2;2;27; ;2; ; ;1;2; ; ;1; ;12;23,0276969501032
3370842;1;2;1; ; ; ; ; ; ; ; ; ; ; ; ;12;23,0276969501032
3370842;1;3;1; ; ; ; ; ; ; ; ; ; ; ; ;12;23,0276969501032
3370842;1;4;1; ; ; ; ; ; ; ; ; ; ; ; ;12;23,0276969501032
3370842;1;5;1; ; ; ; ; ; ; ; ; ; ; ; ;12;23,0276969501032
3370842;1;6;1; ; ; ; ; ; ; ; ; ; ; ; ;12;23,0276969501032
3370843;1;1;2;2;20; ;2; ; ;1;2; ; ;1; ;12;23,0276969501032
3370843;1;2;1; ; ; ; ; ; ; ; ; ; ; ; ;12;23,0276969501032
3370843;1;3;1; ; ; ; ; ; ; ; ; ; ; ; ;12;23,0276969501032
3370844;1;1;1; ; ; ; ; ; ; ; ; ; ; ; ;12;23,0276969501032
3370844;1;2;2;2;05; ;2; ; ;1;2; ; ;1; ;12;23,0276969501032
3370844;1;3;1; ; ; ; ; ; ; ; ; ; ; ; ;12;23,0276969501032
3370844;1;4;1; ; ; ; ; ; ; ; ; ; ; ; ;12;23,0276969501032
3370844;1;5;1; ; ; ; ; ; ; ; ; ; ; ; ;12;23,0276969501032
3370845;1;1;1; ; ; ; ; ; ; ; ; ; ; ; ;12;79,4455544778559
3370845;1;2;1; ; ; ; ; ; ; ; ; ; ; ; ;12;79,4455544778559
3370845;1;3;1; ; ; ; ; ; ; ; ; ; ; ; ;12;79,4455544778559
3370845;1;4;1; ; ; ; ; ; ; ; ; ; ; ; ;12;79,4455544778559
3370845;1;5;1; ; ; ; ; ; ; ; ; ; ; ; ;12;79,4455544778559
3370845;1;6;1; ; ; ; ; ; ; ; ; ; ; ; ;12;79,4455544778559
3370846;1;1;2;2;27; ;2; ; ;1;2; ; ;1; ;12;17,2707727125774
3370846;1;2;2;2;27; ;2; ; ;1;2; ; ;1; ;12;17,2707727125774
3370846;1;3;2;2;27; ;2; ; ;1;2; ; ;1; ;12;17,2707727125774
3370846;1;4;2;2;27; ;2; ; ;1;2; ; ;1; ;12;17,2707727125774
3370846;1;5;1; ; ; ; ; ; ; ; ; ; ; ; ;12;17,2707727125774
3370846;1;6;2;2;27; ;2; ; ;1;2; ; ;1; ;12;17,2707727125774
3370847;1;1;1; ; ; ; ; ; ; ; ; ; ; ; ;12;17,2707727125774
3370847;1;2;1; ; ; ; ; ; ; ; ; ; ; ; ;12;17,2707727125774
3370848;1;1;1; ; ; ; ; ; ; ; ; ; ; ; ;12;23,0276969501032
3370848;1;2;1; ; ; ; ; ; ; ; ; ; ; ; ;12;23,0276969501032
3370848;1;3;1; ; ; ; ; ; ; ; ; ; ; ; ;12;23,0276969501032
3370848;1;4;1; ; ; ; ; ; ; ; ; ; ; ; ;12;23,0276969501032
3370849;1;1;1; ; ; ; ; ; ; ; ; ; ; ; ;12;23,0276969501032
3370849;1;2;2;2;05; ;2; ; ;1;2; ; ;1; ;12;23,0276969501032
3370849;1;3;1; ; ; ; ; ; ; ; ; ; ; ; ;12;23,0276969501032
3370849;1;4;1; ; ; ; ; ; ; ; ; ; ; ; ;12;23,0276969501032
3370850;1;1;2;2;27; ;2; ; ;1;2; ; ;1; ;12;23,0276969501032
3370850;1;2;1; ; ; ; ; ; ; ; ; ; ; ; ;12;23,0276969501032
3370851;1;1;1; ; ; ; ; ; ; ; ; ; ; ; ;12;23,0276969501032
3370851;1;2;1; ; ; ; ; ; ; ; ; ; ; ; ;12;23,0276969501032
3370852;1;1;1; ; ; ; ; ; ; ; ; ; ; ; ;12;23,0276969501032
3370853;1;1;1; ; ; ; ; ; ; ; ; ; ; ; ;12;23,0276969501032
3370853;1;2;1; ; ; ; ; ; ; ; ; ; ; ; ;12;23,0276969501032
3370853;1;3;1; ; ; ; ; ; ; ; ; ; ; ; ;12;23,0276969501032
3370860;1;1;2;2;27; ;2; ; ;1;2; ; ;1; ;12;317,782217911424
3370860;1;2;1; ; ; ; ; ; ; ; ; ; ; ; ;12;317,782217911424
3370860;1;3;1; ; ; ; ; ; ; ; ; ; ; ; ;12;317,782217911424
3370860;1;4;1; ; ; ; ; ; ; ; ; ; ; ; ;12;317,782217911424
3370860;1;5;2;2;27; ;2; ; ;1;2; ; ;1; ;12;317,782217911424
3370860;1;6;1; ; ; ; ; ; ; ; ; ; ; ; ;12;317,782217911424
3370860;1;7;1; ; ; ; ; ; ; ; ; ; ; ; ;12;317,782217911424
3370860;1;8;1; ; ; ; ; ; ; ; ; ; ; ; ;12;317,782217911424
3370860;1;9;1; ; ; ; ; ; ; ; ; ; ; ; ;12;317,782217911424
3370861;1;1;1; ; ; ; ; ; ; ; ; ; ; ; ;12;69,0830908503095
3370861;1;2;1; ; ; ; ; ; ; ; ; ; ; ; ;12;69,0830908503095
3370861;1;3;2;1; ; ;3;66; ;1;2; ; ;1; ;12;69,0830908503095
3370861;1;4;2;2;66; ;3;66; ;1;2; ; ;1; ;12;69,0830908503095
3370862;1;1;1; ; ; ; ; ; ; ; ; ; ; ; ;12;69,0830908503095
3370863;1;1;2;2;27; ;2; ; ;1;2; ; ;1; ;12;69,0830908503095
3370863;1;2;2;2;27; ;3;27; ;1;2; ; ;1; ;12;69,0830908503095
3370863;1;3;2;1; ; ;3;95; ;1;2; ; ;1; ;12;69,0830908503095
3370864;1;1;2;2;05; ;2; ; ;1;2; ; ;1; ;12;69,0830908503095
3370865;1;1;2;2;05; ;2; ; ;1;2; ; ;1; ;12;317,782217911424
3370865;1;2;2;2;05; ;2; ; ;1;2; ; ;1; ;12;317,782217911424
3370865;1;3;1; ; ; ; ; ; ; ; ; ; ; ; ;12;317,782217911424
3370865;1;4;1; ; ; ; ; ; ; ; ; ; ; ; ;12;317,782217911424
3370865;1;5;2;2;05; ;2; ; ;1;2; ; ;1; ;12;317,782217911424
3370865;1;6;2;2;81; ;3;76; ;1;2; ; ;1; ;12;317,782217911424
3370866;1;1;1; ; ; ; ; ; ; ; ; ; ; ; ;12;69,0830908503095
3370866;1;2;2;2;05; ;2; ; ;1;2; ; ;1; ;12;69,0830908503095
3370867;1;1;1; ; ; ; ; ; ; ; ; ; ; ; ;12;69,0830908503095
3370867;1;2;1; ; ; ; ; ; ; ; ; ; ; ; ;12;69,0830908503095
3370867;1;3;1; ; ; ; ; ; ; ; ; ; ; ; ;12;69,0830908503095
3370867;1;4;1; ; ; ; ; ; ; ; ; ; ; ; ;12;69,0830908503095
3370867;1;5;1; ; ; ; ; ; ; ; ; ; ; ; ;12;69,0830908503095
3370867;1;6;1; ; ; ; ; ; ; ; ; ; ; ; ;12;69,0830908503095
3370867;1;7;1; ; ; ; ; ; ; ; ; ; ; ; ;12;69,0830908503095
3370867;1;8;1; ; ; ; ; ; ; ; ; ; ; ; ;12;69,0830908503095
3370867;1;9;1; ; ; ; ; ; ; ; ; ; ; ; ;12;69,0830908503095
3370867;1;10;1; ; ; ; ; ; ; ; ; ; ; ; ;12;69,0830908503095
3370868;1;1;1; ; ; ; ; ; ; ; ; ; ; ; ;12;317,782217911424
3370868;1;2;1; ; ; ; ; ; ; ; ; ; ; ; ;12;317,782217911424
3370868;1;3;1; ; ; ; ; ; ; ; ; ; ; ; ;12;317,782217911424
3370868;1;4;1; ; ; ; ; ; ; ; ; ; ; ; ;12;317,782217911424
3370868;1;5;1; ; ; ; ; ; ; ; ; ; ; ; ;12;317,782217911424
3370868;1;6;1; ; ; ; ; ; ; ; ; ; ; ; ;12;317,782217911424
3370868;1;7;1; ; ; ; ; ; ; ; ; ; ; ; ;12;317,782217911424
3370868;1;8;1; ; ; ; ; ; ; ; ; ; ; ; ;12;317,782217911424
3370868;1;9;1; ; ; ; ; ; ; ; ; ; ; ; ;12;317,782217911424
3370868;1;10;1; ; ; ; ; ; ; ; ; ; ; ; ;12;317,782217911424
3370869;1;1;2;1; ; ;3;27; ;2;2; ; ;1; ;12;69,0830908503095
3370869;1;2;2;2;27; ;3;27; ;2;2; ; ;1; ;12;69,0830908503095
3370869;1;3;2;1; ; ;2; ; ;1;2; ; ;1; ;12;69,0830908503095
3370870;1;1;2;2;05; ;3;05; ;1;2; ; ;1; ;12;317,782217911424
3370871;1;1;2;2;27; ;2; ; ;1;2; ; ;1; ;12;69,0830908503095
3370872;1;1;1; ; ; ; ; ; ; ; ; ; ; ; ;12;69,0830908503095
3370872;1;2;1; ; ; ; ; ; ; ; ; ; ; ; ;12;69,0830908503095
3370873;1;1;2;2;19; ;2; ; ;1;2; ; ;1; ;12;23,0276969501032
3370873;1;2;2;2;27; ;2; ; ;1;2; ; ;1; ;12;23,0276969501032
3370873;2;1;1; ; ; ; ; ; ; ; ; ; ; ; ;12;23,0276969501032
3370873;2;2;1; ; ; ; ; ; ; ; ; ; ; ; ;12;23,0276969501032
3370873;3;1;1; ; ; ; ; ; ; ; ; ; ; ; ;12;23,0276969501032
3370873;3;2;1; ; ; ; ; ; ; ; ; ; ; ; ;12;23,0276969501032
3370873;3;3;1; ; ; ; ; ; ; ; ; ; ; ; ;12;23,0276969501032
3370873;3;4;1; ; ; ; ; ; ; ; ; ; ; ; ;12;23,0276969501032
3370874;1;1;1; ; ; ; ; ; ; ; ; ; ; ; ;12;23,0276969501032
3370874;1;2;1; ; ; ; ; ; ; ; ; ; ; ; ;12;23,0276969501032
3370874;1;3;1; ; ; ; ; ; ; ; ; ; ; ; ;12;23,0276969501032
3370874;1;4;1; ; ; ; ; ; ; ; ; ; ; ; ;12;23,0276969501032
3370874;1;5;1; ; ; ; ; ; ; ; ; ; ; ; ;12;23,0276969501032
3370874;1;6;1; ; ; ; ; ; ; ; ; ; ; ; ;12;23,0276969501032
3370874;1;7;1; ; ; ; ; ; ; ; ; ; ; ; ;12;23,0276969501032
3370874;1;8;1; ; ; ; ; ; ; ; ; ; ; ; ;12;23,0276969501032
3370876;1;1;2;1; ; ;2; ; ;1;2; ; ;1; ;12;23,0276969501032
3370876;1;2;1; ; ; ; ; ; ; ; ; ; ; ; ;12;23,0276969501032
3370876;1;3;1; ; ; ; ; ; ; ; ; ; ; ; ;12;23,0276969501032
3370876;1;4;1; ; ; ; ; ; ; ; ; ; ; ; ;12;23,0276969501032
3370877;1;1;1; ; ; ; ; ; ; ; ; ; ; ; ;12;23,0276969501032
3370877;1;2;1; ; ; ; ; ; ; ; ; ; ; ; ;12;23,0276969501032
3370878;1;1;1; ; ; ; ; ; ; ; ; ; ; ; ;12;67,2531136765006
3370878;1;2;1; ; ; ; ; ; ; ; ; ; ; ; ;12;67,2531136765006
3370878;1;3;1; ; ; ; ; ; ; ; ; ; ; ; ;12;67,2531136765006
3370878;1;4;1; ; ; ; ; ; ; ; ; ; ; ; ;12;67,2531136765006
3370879;1;1;1; ; ; ; ; ; ; ; ; ; ; ; ;12;23,0276969501032
3370879;1;2;1; ; ; ; ; ; ; ; ; ; ; ; ;12;23,0276969501032
3370879;1;3;1; ; ; ; ; ; ; ; ; ; ; ; ;12;23,0276969501032
3370879;1;4;1; ; ; ; ; ; ; ; ; ; ; ; ;12;23,0276969501032
3370879;1;5;1; ; ; ; ; ; ; ; ; ; ; ; ;12;23,0276969501032
3370880;1;1;1; ; ; ; ; ; ; ; ; ; ; ; ;12;23,0276969501032
3370881;1;1;1; ; ; ; ; ; ; ; ; ; ; ; ;12;35,3159500789394
3370881;1;2;1; ; ; ; ; ; ; ; ; ; ; ; ;12;35,3159500789394
3370881;1;3;1; ; ; ; ; ; ; ; ; ; ; ; ;12;35,3159500789394
3370881;1;4;1; ; ; ; ; ; ; ; ; ; ; ; ;12;35,3159500789394
3370882;1;1;1; ; ; ; ; ; ; ; ; ; ; ; ;12;105,927405970475
3370882;1;2;1; ; ; ; ; ; ; ; ; ; ; ; ;12;105,927405970475
3370882;1;3;1; ; ; ; ; ; ; ; ; ; ; ; ;12;105,927405970475
3370882;1;4;1; ; ; ; ; ; ; ; ; ; ; ; ;12;105,927405970475
3370882;1;5;1; ; ; ; ; ; ; ; ; ; ; ; ;12;105,927405970475
3370883;1;1;2;2;17; ;3;17; ;1;3;17; ;1; ;12;160,36701281153
3370883;1;2;2;1; ; ;3;17; ;1;3;17; ;1; ;12;160,36701281153
3370883;1;3;2;1; ; ;3;17; ;1;3;17; ;1; ;12;160,36701281153
3370883;1;4;2;1; ; ;3;17; ;1;3;17; ;1; ;12;160,36701281153
3370884;1;1;1; ; ; ; ; ; ; ; ; ; ; ; ;12;211,494578006603
3370884;1;2;1; ; ; ; ; ; ; ; ; ; ; ; ;12;211,494578006603
3370884;1;3;1; ; ; ; ; ; ; ; ; ; ; ; ;12;211,494578006603
3370884;1;4;1; ; ; ; ; ; ; ; ; ; ; ; ;12;211,494578006603
3370885;1;1;2;2;17; ;3;44; ;1;2; ; ;1; ;12;266,394625295896
3370885;1;2;1; ; ; ; ; ; ; ; ; ; ; ; ;12;266,394625295896
3370885;1;3;1; ; ; ; ; ; ; ; ; ; ; ; ;12;266,394625295896
3370885;1;4;2;2;17; ;3;17; ;1;3;17; ;1; ;12;266,394625295896
3370886;1;1;1; ; ; ; ; ; ; ; ; ; ; ; ;12;161,354989760922
3370886;1;2;1; ; ; ; ; ; ; ; ; ; ; ; ;12;161,354989760922
3370887;1;1;1; ; ; ; ; ; ; ; ; ; ; ; ;12;222,530416321544
3370887;1;2;1; ; ; ; ; ; ; ; ; ; ; ; ;12;222,530416321544
3370889;1;1;2;2;15; ;2; ; ;1;3;66; ;1; ;12;265,574440616497
3370889;1;2;1; ; ; ; ; ; ; ; ; ; ; ; ;12;265,574440616497
3370889;1;3;1; ; ; ; ; ; ; ; ; ; ; ; ;12;265,574440616497
3370889;1;4;1; ; ; ; ; ; ; ; ; ; ; ; ;12;265,574440616497
3370890;1;1;2;2;17; ;2; ; ;1;2; ; ;1; ;12;146,015718761654
3370890;1;2;2;2;05; ;2; ; ;1;2; ; ;1; ;12;146,015718761654
3370890;1;3;1; ; ; ; ; ; ; ; ; ; ; ; ;12;146,015718761654
3370890;1;4;1; ; ; ; ; ; ; ; ; ; ; ; ;12;146,015718761654
3370890;1;5;1; ; ; ; ; ; ; ; ; ; ; ; ;12;146,015718761654
3370890;1;6;2;2;17; ;2; ; ;1;2; ; ;1; ;12;146,015718761654
3370891;1;1;2;2;17; ;2; ; ;1;2; ; ;1; ;12;246,381911376999
3370891;1;2;1; ; ; ; ; ; ; ; ; ; ; ; ;12;246,381911376999
3370891;1;3;2;3; ;11;2; ; ;1;2; ; ;1; ;12;246,381911376999
3370892;1;1;2;2;17; ;2; ; ;1;2; ; ;1; ;12;179,392382927896
3370893;1;1;1; ; ; ; ; ; ; ; ; ; ; ; ;12;250,415028706408
3370893;1;2;1; ; ; ; ; ; ; ; ; ; ; ; ;12;250,415028706408
3370893;1;3;1; ; ; ; ; ; ; ; ; ; ; ; ;12;250,415028706408
3370894;1;1;2;2;70; ;3;88; ;1;2; ; ;1; ;12;96,5672045565043
3370894;1;2;2;2;88; ;2; ; ;1;2; ; ;1; ;12;96,5672045565043
3370894;1;3;2;2;88; ;2; ; ;1;2; ; ;1; ;12;96,5672045565043
3370894;1;4;2;2;88; ;3;88; ;1;2; ; ;1; ;12;96,5672045565043
3370894;1;5;2;2;88; ;3;88; ;1;2; ; ;1; ;12;96,5672045565043
3370894;1;6;2;2;88; ;2; ; ;1;2; ; ;1; ;12;96,5672045565043
3370894;1;7;2;2;88; ;3;88; ;1;2; ; ;1; ;12;96,5672045565043
3370895;1;1;1; ; ; ; ; ; ; ; ; ; ; ; ;12;194,852620033789
3370895;1;2;1; ; ; ; ; ; ; ; ; ; ; ; ;12;194,852620033789
3370895;1;3;1; ; ; ; ; ; ; ; ; ; ; ; ;12;194,852620033789
3370896;1;1;1; ; ; ; ; ; ; ; ; ; ; ; ;12;209,776367085823
3370898;1;1;2;2;17; ;2; ; ;1;2; ; ;1; ;12;131,092697329137
3370898;1;2;2;2;17; ;2; ; ;1;2; ; ;1; ;12;131,092697329137
3370898;1;3;2;1; ; ;2; ; ;1;2; ; ;1; ;12;131,092697329137
3370898;1;4;1; ; ; ; ; ; ; ; ; ; ; ; ;12;131,092697329137
3370898;1;5;2;1; ; ;3;66; ;1;2; ; ;1; ;12;131,092697329137
3370899;1;1;1; ; ; ; ; ; ; ; ; ; ; ; ;12;169,867939436626
3370899;1;2;1; ; ; ; ; ; ; ; ; ; ; ; ;12;169,867939436626
3370899;1;3;1; ; ; ; ; ; ; ; ; ; ; ; ;12;169,867939436626
3370899;1;4;2;1; ; ;2; ; ;1;2; ; ;1; ;12;169,867939436626
3370900;1;1;2;2;17; ;2; ; ;1;2; ; ;1; ;12;198,678195646572
3370900;1;2;2;2;17; ;2; ; ;1;2; ; ;1; ;12;198,678195646572
3370900;1;3;2;2;17; ;2; ; ;1;2; ; ;1; ;12;198,678195646572
3370900;1;4;1; ; ; ; ; ; ; ; ; ; ; ; ;12;198,678195646572
3370901;1;1;1; ; ; ; ; ; ; ; ; ; ; ; ;12;161,354989760922
3370901;1;2;1; ; ; ; ; ; ; ; ; ; ; ; ;12;161,354989760922
3370902;1;1;1; ; ; ; ; ; ; ; ; ; ; ; ;12;177,479202667404
3370902;1;2;1; ; ; ; ; ; ; ; ; ; ; ; ;12;177,479202667404
3370902;1;3;1; ; ; ; ; ; ; ; ; ; ; ; ;12;177,479202667404
3370902;1;4;1; ; ; ; ; ; ; ; ; ; ; ; ;12;177,479202667404
3370903;1;1;1; ; ; ; ; ; ; ; ; ; ; ; ;12;290,826678003324
3370903;1;2;1; ; ; ; ; ; ; ; ; ; ; ; ;12;290,826678003324
3370903;1;3;1; ; ; ; ; ; ; ; ; ; ; ; ;12;290,826678003324
3370903;1;4;1; ; ; ; ; ; ; ; ; ; ; ; ;12;290,826678003324
3370904;1;1;1; ; ; ; ; ; ; ; ; ; ; ; ;12;188,113314834208
3370904;1;2;1; ; ; ; ; ; ; ; ; ; ; ; ;12;188,113314834208
3370906;1;1;1; ; ; ; ; ; ; ; ; ; ; ; ;12;161,354989760922
3370906;1;2;1; ; ; ; ; ; ; ; ; ; ; ; ;12;161,354989760922
3370907;1;1;1; ; ; ; ; ; ; ; ; ; ; ; ;12;242,197318447815
3370907;1;2;2;2;25; ;3;11; ;1;2; ; ;1; ;12;242,197318447815
3370907;1;3;2;2;11; ;3;11; ;1;2; ; ;1; ;12;242,197318447815
3370907;1;4;2;2;11; ;3;11; ;1;2; ; ;1; ;12;242,197318447815
3370907;1;5;2;2;11; ;3;11; ;1;2; ; ;1; ;12;242,197318447815
3370907;1;6;2;2;11; ;3;11; ;1;2; ; ;1; ;12;242,197318447815
3370908;1;1;1; ; ; ; ; ; ; ; ; ; ; ; ;12;554,223285883027
3370908;1;2;1; ; ; ; ; ; ; ; ; ; ; ; ;12;554,223285883027
3370908;1;3;1; ; ; ; ; ; ; ; ; ; ; ; ;12;554,223285883027
3370909;1;1;2;2;47; ;2; ; ;1;2; ; ;1; ;12;675,807732903982
3370909;1;2;2;2;47; ;2; ; ;1;2; ; ;1; ;12;675,807732903982
3370909;1;3;2;2;47; ;2; ; ;1;2; ; ;1; ;12;675,807732903982
3370909;1;4;1; ; ; ; ; ; ; ; ; ; ; ; ;12;675,807732903982
3370909;1;5;2;2;47; ;2; ; ;1;2; ; ;1; ;12;675,807732903982
3370909;1;6;2;2;20; ;3;20; ;1;2; ; ;1; ;12;675,807732903982
3370910;1;1;2;2;88; ;2; ; ;1;2; ; ;1; ;12;692,133501799517
3370910;1;2;2;2;08; ;2; ; ;1;2; ; ;1; ;12;692,133501799517
3370910;1;3;1; ; ; ; ; ; ; ; ; ; ; ; ;12;692,133501799517
3370910;1;4;1; ; ; ; ; ; ; ; ; ; ; ; ;12;692,133501799517
3370910;1;5;1; ; ; ; ; ; ; ; ; ; ; ; ;12;692,133501799517
3370911;1;1;1; ; ; ; ; ; ; ; ; ; ; ; ;12;442,672616805942
3370911;1;2;2;2;13; ;2; ; ;1;2; ; ;1; ;12;442,672616805942
3370911;1;3;2;2;08; ;2; ; ;1;2; ; ;1; ;12;442,672616805942
3370912;1;1;1; ; ; ; ; ; ; ; ; ; ; ; ;12;551,975076911086
3370912;1;2;1; ; ; ; ; ; ; ; ; ; ; ; ;12;551,975076911086
3370912;1;3;1; ; ; ; ; ; ; ; ; ; ; ; ;12;551,975076911086
3370912;1;4;1; ; ; ; ; ; ; ; ; ; ; ; ;12;551,975076911086
3370912;1;5;1; ; ; ; ; ; ; ; ; ; ; ; ;12;551,975076911086
3370912;1;6;1; ; ; ; ; ; ; ; ; ; ; ; ;12;551,975076911086
3370913;1;1;1; ; ; ; ; ; ; ; ; ; ; ; ;12;664,60020920902
3370913;1;2;1; ; ; ; ; ; ; ; ; ; ; ; ;12;664,60020920902
3370913;1;3;2;2;08; ;2; ; ;1;2; ; ;1; ;12;664,60020920902
3370913;1;4;1; ; ; ; ; ; ; ; ; ; ; ; ;12;664,60020920902
3370914;1;1;1; ; ; ; ; ; ; ; ; ; ; ; ;12;692,133501799517
3370914;1;2;1; ; ; ; ; ; ; ; ; ; ; ; ;12;692,133501799517
3370914;1;3;1; ; ; ; ; ; ; ; ; ; ; ; ;12;692,133501799517
3370914;1;4;1; ; ; ; ; ; ; ; ; ; ; ; ;12;692,133501799517
3370914;1;5;1; ; ; ; ; ; ; ; ; ; ; ; ;12;692,133501799517
3370915;1;1;1; ; ; ; ; ; ; ; ; ; ; ; ;12;632,739112851884
3370915;1;2;1; ; ; ; ; ; ; ; ; ; ; ; ;12;632,739112851884
3370915;1;3;1; ; ; ; ; ; ; ; ; ; ; ; ;12;632,739112851884
3370915;1;4;1; ; ; ; ; ; ; ; ; ; ; ; ;12;632,739112851884
3370915;1;5;1; ; ; ; ; ; ; ; ; ; ; ; ;12;632,739112851884
3370916;1;1;2;2;44; ;2; ; ;1;2; ; ;1; ;12;554,223285883027
3370916;1;2;1; ; ; ; ; ; ; ; ; ; ; ; ;12;554,223285883027
3370916;1;3;1; ; ; ; ; ; ; ; ; ; ; ; ;12;554,223285883027
3370917;1;1;2;2;08; ;2; ; ;1;2; ; ;1; ;12;495,829301031437
3370917;1;2;2;2;70; ;2; ; ;1;2; ; ;1; ;12;495,829301031437
3370918;1;1;2;2;13; ;3;13; ;1;2; ; ;1; ;12;695,587824254773
3370918;1;2;2;2;13; ;3;13; ;1;2; ; ;1; ;12;695,587824254773
3370918;1;3;2;2;13; ;3;13; ;1;2; ; ;1; ;12;695,587824254773
3370918;1;4;2;2;13; ;3;13; ;1;2; ; ;1; ;12;695,587824254773
3370919;1;1;2;2;54; ;2; ; ;1;2; ; ;1; ;12;644,60059078154
3370919;1;2;2;2;54; ;2; ; ;1;2; ; ;1; ;12;644,60059078154
3370919;1;3;1; ; ; ; ; ; ; ; ; ; ; ; ;12;644,60059078154
3370919;1;4;1; ; ; ; ; ; ; ; ; ; ; ; ;12;644,60059078154
3370919;1;5;1; ; ; ; ; ; ; ; ; ; ; ; ;12;644,60059078154
3370919;1;6;1; ; ; ; ; ; ; ; ; ; ; ; ;12;644,60059078154
3370919;1;7;1; ; ; ; ; ; ; ; ; ; ; ; ;12;644,60059078154
3370919;1;8;1; ; ; ; ; ; ; ; ; ; ; ; ;12;644,60059078154
3370919;1;9;1; ; ; ; ; ; ; ; ; ; ; ; ;12;644,60059078154
3370920;1;1;1; ; ; ; ; ; ; ; ; ; ; ; ;12;505,929716561012
3370920;1;2;1; ; ; ; ; ; ; ; ; ; ; ; ;12;505,929716561012
3370920;1;3;1; ; ; ; ; ; ; ; ; ; ; ; ;12;505,929716561012
3370920;1;4;1; ; ; ; ; ; ; ; ; ; ; ; ;12;505,929716561012
3370920;1;5;1; ; ; ; ; ; ; ; ; ; ; ; ;12;505,929716561012
3370920;1;6;1; ; ; ; ; ; ; ; ; ; ; ; ;12;505,929716561012
3370921;1;1;2;2;08; ;2; ; ;1;2; ; ;1; ;12;488,204719631834
3370922;1;1;1; ; ; ; ; ; ; ; ; ; ; ; ;12;455,544063246221
3370922;1;2;1; ; ; ; ; ; ; ; ; ; ; ; ;12;455,544063246221
3370922;1;3;1; ; ; ; ; ; ; ; ; ; ; ; ;12;455,544063246221
3370923;1;1;1; ; ; ; ; ; ; ; ; ; ; ; ;12;605,618907708442
3370923;1;2;1; ; ; ; ; ; ; ; ; ; ; ; ;12;605,618907708442
3370924;1;1;1; ; ; ; ; ; ; ; ; ; ; ; ;12;715,912207495048
3370924;1;2;2;2;68; ;2; ; ;1;2; ; ;1; ;12;715,912207495048
3370924;1;3;1; ; ; ; ; ; ; ; ; ; ; ; ;12;715,912207495048
3370924;1;4;1; ; ; ; ; ; ; ; ; ; ; ; ;12;715,912207495048
3370924;1;5;1; ; ; ; ; ; ; ; ; ; ; ; ;12;715,912207495048
3370924;1;6;1; ; ; ; ; ; ; ; ; ; ; ; ;12;715,912207495048
3370924;1;7;2;2;70; ;2; ; ;1;2; ; ;1; ;12;715,912207495048
3370925;1;1;2;2;47; ;2; ; ;1;2; ; ;1; ;12;671,637473959635
3370925;1;2;1; ; ; ; ; ; ; ; ; ; ; ; ;12;671,637473959635
3370925;1;3;1; ; ; ; ; ; ; ; ; ; ; ; ;12;671,637473959635
3370925;1;4;1; ; ; ; ; ; ; ; ; ; ; ; ;12;671,637473959635
3370926;1;1;1; ; ; ; ; ; ; ; ; ; ; ; ;12;692,133501799517
3370926;1;2;2;2;08; ;2; ; ;1;2; ; ;1; ;12;692,133501799517
3370926;1;3;2;2;08; ;2; ; ;1;2; ; ;1; ;12;692,133501799517
3370926;1;4;2;2;08; ;2; ; ;1;2; ; ;1; ;12;692,133501799517
3370926;1;5;2;2;08; ;2; ; ;1;2; ; ;1; ;12;692,133501799517
3370927;1;1;1; ; ; ; ; ; ; ; ; ; ; ; ;12;553,222881786984
3370927;1;2;1; ; ; ; ; ; ; ; ; ; ; ; ;12;553,222881786984
3370927;1;3;1; ; ; ; ; ; ; ; ; ; ; ; ;12;553,222881786984
3370927;1;4;1; ; ; ; ; ; ; ; ; ; ; ; ;12;553,222881786984
3370928;1;1;2;2;23; ;2; ; ;1;2; ; ;1; ;12;516,325328871319
3370928;1;2;1; ; ; ; ; ; ; ; ; ; ; ; ;12;516,325328871319
3370928;1;3;1; ; ; ; ; ; ; ; ; ; ; ; ;12;516,325328871319
3370929;1;1;2;2;13; ;2; ; ;1;2; ; ;1; ;12;247,914650515718
3370929;1;2;2;2;68; ;2; ; ;1;2; ; ;1; ;12;247,914650515718
3370930;1;1;1; ; ; ; ; ; ; ; ; ; ; ; ;12;495,829301031437
3370930;1;2;1; ; ; ; ; ; ; ; ; ; ; ; ;12;495,829301031437
3370931;1;1;1; ; ; ; ; ; ; ; ; ; ; ; ;12;717,084256190698
3370931;1;2;1; ; ; ; ; ; ; ; ; ; ; ; ;12;717,084256190698
3370931;1;3;1; ; ; ; ; ; ; ; ; ; ; ; ;12;717,084256190698
3370931;1;4;1; ; ; ; ; ; ; ; ; ; ; ; ;12;717,084256190698
3370932;1;1;1; ; ; ; ; ; ; ; ; ; ; ; ;12;554,736543407209
3370932;1;2;1; ; ; ; ; ; ; ; ; ; ; ; ;12;554,736543407209
3370932;1;3;1; ; ; ; ; ; ; ; ; ; ; ; ;12;554,736543407209
3370932;1;4;1; ; ; ; ; ; ; ; ; ; ; ; ;12;554,736543407209
3370932;1;5;1; ; ; ; ; ; ; ; ; ; ; ; ;12;554,736543407209
3370933;1;1;2;2;13; ;2; ; ;1;2; ; ;1; ;12;421,102125745211
3370933;1;2;1; ; ; ; ; ; ; ; ; ; ; ; ;12;421,102125745211
3370933;1;3;1; ; ; ; ; ; ; ; ; ; ; ; ;12;421,102125745211
3370933;1;4;1; ; ; ; ; ; ; ; ; ; ; ; ;12;421,102125745211
3370935;1;1;1; ; ; ; ; ; ; ; ; ; ; ; ;12;365,328838592326
3370935;1;2;1; ; ; ; ; ; ; ; ; ; ; ; ;12;365,328838592326
3370935;1;3;1; ; ; ; ; ; ; ; ; ; ; ; ;12;365,328838592326
3370935;1;4;1; ; ; ; ; ; ; ; ; ; ; ; ;12;365,328838592326
3370936;1;1;2;2;47; ;2; ; ;1;2; ; ;1; ;12;182,287371301923
3370936;1;2;1; ; ; ; ; ; ; ; ; ; ; ; ;12;182,287371301923
3370938;1;1;1; ; ; ; ; ; ; ; ; ; ; ; ;12;664,60020920902
3370938;1;2;1; ; ; ; ; ; ; ; ; ; ; ; ;12;664,60020920902
3370938;1;3;1; ; ; ; ; ; ; ; ; ; ; ; ;12;664,60020920902
3370938;1;4;1; ; ; ; ; ; ; ; ; ; ; ; ;12;664,60020920902
3370940;1;1;1; ; ; ; ; ; ; ; ; ; ; ; ;12;514,658849906609
3370940;1;2;1; ; ; ; ; ; ; ; ; ; ; ; ;12;514,658849906609
3370940;1;3;1; ; ; ; ; ; ; ; ; ; ; ; ;12;514,658849906609
3370940;1;4;1; ; ; ; ; ; ; ; ; ; ; ; ;12;514,658849906609
3370940;1;5;1; ; ; ; ; ; ; ; ; ; ; ; ;12;514,658849906609
3370940;1;6;1; ; ; ; ; ; ; ; ; ; ; ; ;12;514,658849906609
3370940;2;1;1; ; ; ; ; ; ; ; ; ; ; ; ;12;514,658849906609
3370940;2;2;1; ; ; ; ; ; ; ; ; ; ; ; ;12;514,658849906609
3370940;2;3;1; ; ; ; ; ; ; ; ; ; ; ; ;12;514,658849906609
3370940;2;4;1; ; ; ; ; ; ; ; ; ; ; ; ;12;514,658849906609
3370941;1;1;1; ; ; ; ; ; ; ; ; ; ; ; ;12;810,733584644124
3370941;1;2;2;2;08; ;2; ; ;1;2; ; ;1; ;12;810,733584644124
3370941;1;3;1; ; ; ; ; ; ; ; ; ; ; ; ;12;810,733584644124
3370941;1;4;2;2;08; ;2; ; ;1;2; ; ;1; ;12;810,733584644124
3370941;1;5;1; ; ; ; ; ; ; ; ; ; ; ; ;12;810,733584644124
3370941;1;6;1; ; ; ; ; ; ; ; ; ; ; ; ;12;810,733584644124
3370941;1;7;1; ; ; ; ; ; ; ; ; ; ; ; ;12;810,733584644124
3370942;1;1;1; ; ; ; ; ; ; ; ; ; ; ; ;12;481,988930680455
3370942;1;2;1; ; ; ; ; ; ; ; ; ; ; ; ;12;481,988930680455
3370942;1;3;1; ; ; ; ; ; ; ; ; ; ; ; ;12;481,988930680455
3370943;1;1;1; ; ; ; ; ; ; ; ; ; ; ; ;12;787,290599636163
3370943;1;2;1; ; ; ; ; ; ; ; ; ; ; ; ;12;787,290599636163
3370943;1;3;1; ; ; ; ; ; ; ; ; ; ; ; ;12;787,290599636163
3370943;1;4;1; ; ; ; ; ; ; ; ; ; ; ; ;12;787,290599636163
3370943;1;5;1; ; ; ; ; ; ; ; ; ; ; ; ;12;787,290599636163
3370944;1;1;2;2;44; ;2; ; ;1;2; ; ;1; ;12;674,091392318848
3370944;1;2;1; ; ; ; ; ; ; ; ; ; ; ; ;12;674,091392318848
3370944;1;3;1; ; ; ; ; ; ; ; ; ; ; ; ;12;674,091392318848
3370944;1;4;1; ; ; ; ; ; ; ; ; ; ; ; ;12;674,091392318848
3370945;1;1;1; ; ; ; ; ; ; ; ; ; ; ; ;12;715,302975075301
3370945;1;2;2;2;47; ;2; ; ;1;2; ; ;1; ;12;715,302975075301
3370945;1;3;1; ; ; ; ; ; ; ; ; ; ; ; ;12;715,302975075301
3370946;1;1;2;2;47; ;2; ; ;1;2; ; ;1; ;12;636,522899214809
3370946;1;2;1; ; ; ; ; ; ; ; ; ; ; ; ;12;636,522899214809
3370946;1;3;2;1; ; ;4; ;3; ;4; ;3; ;1;12;636,522899214809
3370946;1;4;2;1; ; ;4; ;3; ;4; ;3; ;1;12;636,522899214809
3370946;1;5;1; ; ; ; ; ; ; ; ; ; ; ; ;12;636,522899214809
3370946;1;6;1; ; ; ; ; ; ; ; ; ; ; ; ;12;636,522899214809
3370947;1;1;1; ; ; ; ; ; ; ; ; ; ; ; ;12;583,723350260877
3370947;1;2;1; ; ; ; ; ; ; ; ; ; ; ; ;12;583,723350260877
3370947;1;3;1; ; ; ; ; ; ; ; ; ; ; ; ;12;583,723350260877
3370947;1;4;1; ; ; ; ; ; ; ; ; ; ; ; ;12;583,723350260877
3370947;2;1;2;2;05; ;3;70; ;1;2; ; ;1; ;12;583,723350260877
3370947;2;2;2;2;47; ;3;70; ;1;2; ; ;1; ;12;583,723350260877
3370947;2;3;2;2;70; ;1; ; ; ;3;70; ;1; ;12;583,723350260877
3370948;1;1;2;2;44; ;2; ; ;1;2; ; ;1; ;12;556,67720424224
3370948;1;2;1; ; ; ; ; ; ; ; ; ; ; ; ;12;556,67720424224
3370948;1;3;1; ; ; ; ; ; ; ; ; ; ; ; ;12;556,67720424224
3370949;1;1;2;2;23; ;2; ; ;1;2; ; ;1; ;12;397,445505897566
3370949;1;2;1; ; ; ; ; ; ; ; ; ; ; ; ;12;397,445505897566
3370949;1;3;1; ; ; ; ; ; ; ; ; ; ; ; ;12;397,445505897566
3370949;1;4;1; ; ; ; ; ; ; ; ; ; ; ; ;12;397,445505897566
3370949;1;5;1; ; ; ; ; ; ; ; ; ; ; ; ;12;397,445505897566
3370949;1;6;1; ; ; ; ; ; ; ; ; ; ; ; ;12;397,445505897566
3370949;1;7;1; ; ; ; ; ; ; ; ; ; ; ; ;12;397,445505897566
3370949;1;8;1; ; ; ; ; ; ; ; ; ; ; ; ;12;397,445505897566
3370949;1;9;1; ; ; ; ; ; ; ; ; ; ; ; ;12;397,445505897566
3370950;1;1;2;2;13; ;2; ; ;1;2; ; ;1; ;12;562,300977449758
3370950;1;2;1; ; ; ; ; ; ; ; ; ; ; ; ;12;562,300977449758
3370950;1;3;1; ; ; ; ; ; ; ; ; ; ; ; ;12;562,300977449758
3370950;1;4;1; ; ; ; ; ; ; ; ; ; ; ; ;12;562,300977449758
3370950;1;5;1; ; ; ; ; ; ; ; ; ; ; ; ;12;562,300977449758
3370950;1;6;1; ; ; ; ; ; ; ; ; ; ; ; ;12;562,300977449758
3370951;1;1;1; ; ; ; ; ; ; ; ; ; ; ; ;12;724,79415818513
3370951;1;2;2;2;68; ;3;68; ;1;2; ; ;1; ;12;724,79415818513
3370951;1;3;1; ; ; ; ; ; ; ; ; ; ; ; ;12;724,79415818513
3370952;1;1;1; ; ; ; ; ; ; ; ; ; ; ; ;12;723,03309578505
3370952;1;2;1; ; ; ; ; ; ; ; ; ; ; ; ;12;723,03309578505
3370952;1;3;1; ; ; ; ; ; ; ; ; ; ; ; ;12;723,03309578505
3370953;1;1;2;2;08; ;2; ; ;1;2; ; ;1; ;12;495,829301031437
3370953;1;2;2;2;47; ;2; ; ;1;2; ; ;1; ;12;495,829301031437
3370954;1;1;2;2;13; ;2; ; ;1;2; ; ;1; ;12;692,133501799517
3370954;1;2;1; ; ; ; ; ; ; ; ; ; ; ; ;12;692,133501799517
3370954;1;3;1; ; ; ; ; ; ; ; ; ; ; ; ;12;692,133501799517
3370954;1;4;1; ; ; ; ; ; ; ; ; ; ; ; ;12;692,133501799517
3370954;1;5;1; ; ; ; ; ; ; ; ; ; ; ; ;12;692,133501799517
3370955;1;1;2;2;23; ;2; ; ;1;2; ; ;1; ;12;695,587824254773
3370955;1;2;2;2;20; ;2; ; ;1;2; ; ;1; ;12;695,587824254773
3370955;1;3;1; ; ; ; ; ; ; ; ; ; ; ; ;12;695,587824254773
3370955;1;4;1; ; ; ; ; ; ; ; ; ; ; ; ;12;695,587824254773
3370956;1;1;1; ; ; ; ; ; ; ; ; ; ; ; ;12;547,186021132412
3370956;1;2;1; ; ; ; ; ; ; ; ; ; ; ; ;12;547,186021132412
3370956;1;3;1; ; ; ; ; ; ; ; ; ; ; ; ;12;547,186021132412
3370957;1;1;1; ; ; ; ; ; ; ; ; ; ; ; ;12;454,877988377554
3370957;1;2;1; ; ; ; ; ; ; ; ; ; ; ; ;12;454,877988377554
3370957;1;3;1; ; ; ; ; ; ; ; ; ; ; ; ;12;454,877988377554
3370957;1;4;1; ; ; ; ; ; ; ; ; ; ; ; ;12;454,877988377554
3370957;1;5;1; ; ; ; ; ; ; ; ; ; ; ; ;12;454,877988377554
3370957;1;6;1; ; ; ; ; ; ; ; ; ; ; ; ;12;454,877988377554
3370957;1;7;1; ; ; ; ; ; ; ; ; ; ; ; ;12;454,877988377554
3370957;1;8;1; ; ; ; ; ; ; ; ; ; ; ; ;12;454,877988377554
3370957;1;9;1; ; ; ; ; ; ; ; ; ; ; ; ;12;454,877988377554
3370958;1;1;2;2;54; ;2; ; ;1;2; ; ;1; ;12;599,297579446917
3370958;1;2;2;2;47; ;2; ; ;1;2; ; ;1; ;12;599,297579446917
3370958;1;3;1; ; ; ; ; ; ; ; ; ; ; ; ;12;599,297579446917
3370958;1;4;1; ; ; ; ; ; ; ; ; ; ; ; ;12;599,297579446917
3370958;1;5;1; ; ; ; ; ; ; ; ; ; ; ; ;12;599,297579446917
3370959;1;1;1; ; ; ; ; ; ; ; ; ; ; ; ;12;660,145482657721
3370959;1;2;1; ; ; ; ; ; ; ; ; ; ; ; ;12;660,145482657721
3370959;1;3;1; ; ; ; ; ; ; ; ; ; ; ; ;12;660,145482657721
3370959;1;4;1; ; ; ; ; ; ; ; ; ; ; ; ;12;660,145482657721
3370959;1;5;1; ; ; ; ; ; ; ; ; ; ; ; ;12;660,145482657721
3370959;1;6;1; ; ; ; ; ; ; ; ; ; ; ; ;12;660,145482657721
3370960;1;1;1; ; ; ; ; ; ; ; ; ; ; ; ;12;618,458873963381
3370960;1;2;1; ; ; ; ; ; ; ; ; ; ; ; ;12;618,458873963381
3370961;1;1;2;2;47; ;2; ; ;1;2; ; ;1; ;12;671,637473959635
3370961;1;2;2;2;47; ;2; ; ;1;2; ; ;1; ;12;671,637473959635
3370961;1;3;1; ; ; ; ; ; ; ; ; ; ; ; ;12;671,637473959635
3370961;1;4;1; ; ; ; ; ; ; ; ; ; ; ; ;12;671,637473959635
3370962;1;1;2;2;08; ;2; ; ;1;2; ; ;1; ;12;686,096641144944
3370962;1;2;1; ; ; ; ; ; ; ; ; ; ; ; ;12;686,096641144944
3370962;1;3;1; ; ; ; ; ; ; ; ; ; ; ; ;12;686,096641144944
3370962;1;4;1; ; ; ; ; ; ; ; ; ; ; ; ;12;686,096641144944
3370963;1;1;1; ; ; ; ; ; ; ; ; ; ; ; ;12;664,60020920902
3370963;1;2;1; ; ; ; ; ; ; ; ; ; ; ; ;12;664,60020920902
3370963;1;3;1; ; ; ; ; ; ; ; ; ; ; ; ;12;664,60020920902
3370963;1;4;1; ; ; ; ; ; ; ; ; ; ; ; ;12;664,60020920902
3370964;1;1;1; ; ; ; ; ; ; ; ; ; ; ; ;12;340,131229727641
3370964;1;2;1; ; ; ; ; ; ; ; ; ; ; ; ;12;340,131229727641
3370964;1;3;1; ; ; ; ; ; ; ; ; ; ; ; ;12;340,131229727641
3370964;1;4;1; ; ; ; ; ; ; ; ; ; ; ; ;12;340,131229727641
3370965;1;1;2;2;44; ;2; ; ;1;2; ; ;1; ;12;283,151296916964
3370965;1;2;1; ; ; ; ; ; ; ; ; ; ; ; ;12;283,151296916964
3370966;1;1;1; ; ; ; ; ; ; ; ; ; ; ; ;12;554,223285883027
3370966;1;2;1; ; ; ; ; ; ; ; ; ; ; ; ;12;554,223285883027
3370966;1;3;1; ; ; ; ; ; ; ; ; ; ; ; ;12;554,223285883027
3370967;1;1;1; ; ; ; ; ; ; ; ; ; ; ; ;12;725,916648129058
3370967;1;2;2;2;05; ;2; ; ;1;2; ; ;1; ;12;725,916648129058
3370967;1;3;1; ; ; ; ; ; ; ; ; ; ; ; ;12;725,916648129058
3370967;1;4;1; ; ; ; ; ; ; ; ; ; ; ; ;12;725,916648129058
3370967;2;1;1; ; ; ; ; ; ; ; ; ; ; ; ;12;725,916648129058
3370967;2;2;1; ; ; ; ; ; ; ; ; ; ; ; ;12;725,916648129058
3370967;2;3;1; ; ; ; ; ; ; ; ; ; ; ; ;12;725,916648129058
3370967;2;4;1; ; ; ; ; ; ; ; ; ; ; ; ;12;725,916648129058
3370967;2;5;1; ; ; ; ; ; ; ; ; ; ; ; ;12;725,916648129058
3370968;1;1;1; ; ; ; ; ; ; ; ; ; ; ; ;12;448,222330888654
3370968;1;2;1; ; ; ; ; ; ; ; ; ; ; ; ;12;448,222330888654
3370968;1;3;1; ; ; ; ; ; ; ; ; ; ; ; ;12;448,222330888654
3370968;1;4;1; ; ; ; ; ; ; ; ; ; ; ; ;12;448,222330888654
3370968;1;5;1; ; ; ; ; ; ; ; ; ; ; ; ;12;448,222330888654
3370968;1;6;1; ; ; ; ; ; ; ; ; ; ; ; ;12;448,222330888654
3370968;1;7;1; ; ; ; ; ; ; ; ; ; ; ; ;12;448,222330888654
3370969;1;1;2;2;23; ;2; ; ;1;2; ; ;1; ;12;537,515909725777
3370969;1;2;1; ; ; ; ; ; ; ; ; ; ; ; ;12;537,515909725777
3370969;1;3;1; ; ; ; ; ; ; ; ; ; ; ; ;12;537,515909725777
3370969;1;4;1; ; ; ; ; ; ; ; ; ; ; ; ;12;537,515909725777
3370969;1;5;1; ; ; ; ; ; ; ; ; ; ; ; ;12;537,515909725777
3370969;1;6;1; ; ; ; ; ; ; ; ; ; ; ; ;12;537,515909725777
3370971;1;1;1; ; ; ; ; ; ; ; ; ; ; ; ;12;619,459278059424
3370972;1;1;2;2;13; ;2; ; ;1;2; ; ;1; ;12;492,374978576181
3370972;1;2;1; ; ; ; ; ; ; ; ; ; ; ; ;12;492,374978576181
3370972;1;3;1; ; ; ; ; ; ; ; ; ; ; ; ;12;492,374978576181
3370973;1;1;2;2;05; ;2; ; ;1;2; ; ;1; ;12;728,248480640386
3370973;1;2;2;2;13; ;2; ; ;1;2; ; ;1; ;12;728,248480640386
3370974;1;1;2;2;23; ;2; ; ;1;2; ; ;1; ;12;516,532735314034
3370974;1;2;1; ; ; ; ; ; ; ; ; ; ; ; ;12;516,532735314034
3370974;1;3;1; ; ; ; ; ; ; ; ; ; ; ; ;12;516,532735314034
3370974;1;4;1; ; ; ; ; ; ; ; ; ; ; ; ;12;516,532735314034
3370974;1;5;1; ; ; ; ; ; ; ; ; ; ; ; ;12;516,532735314034
3370974;1;6;1; ; ; ; ; ; ; ; ; ; ; ; ;12;516,532735314034
3370974;1;7;1; ; ; ; ; ; ; ; ; ; ; ; ;12;516,532735314034
3370974;1;8;1; ; ; ; ; ; ; ; ; ; ; ; ;12;516,532735314034
3370975;1;1;1; ; ; ; ; ; ; ; ; ; ; ; ;12;749,866998424196
3370975;1;2;1; ; ; ; ; ; ; ; ; ; ; ; ;12;749,866998424196
3370975;2;1;1; ; ; ; ; ; ; ; ; ; ; ; ;12;749,866998424196
3370975;2;2;1; ; ; ; ; ; ; ; ; ; ; ; ;12;749,866998424196
3370975;2;3;1; ; ; ; ; ; ; ; ; ; ; ; ;12;749,866998424196
3370975;2;4;1; ; ; ; ; ; ; ; ; ; ; ; ;12;749,866998424196
3370975;2;5;1; ; ; ; ; ; ; ; ; ; ; ; ;12;749,866998424196
3370975;2;6;1; ; ; ; ; ; ; ; ; ; ; ; ;12;749,866998424196
3370975;2;7;1; ; ; ; ; ; ; ; ; ; ; ; ;12;749,866998424196
3370976;1;1;2;2;47; ;2; ; ;1;2; ; ;1; ;12;727,203354729397
3370976;1;2;2;2;08; ;2; ; ;1;2; ; ;1; ;12;727,203354729397
3370976;1;3;2;2;47; ;2; ; ;1;2; ; ;1; ;12;727,203354729397
3370976;1;4;1; ; ; ; ; ; ; ; ; ; ; ; ;12;727,203354729397
3370976;1;5;1; ; ; ; ; ; ; ; ; ; ; ; ;12;727,203354729397
3370977;1;1;1; ; ; ; ; ; ; ; ; ; ; ; ;12;578,173636178165
3370977;1;2;1; ; ; ; ; ; ; ; ; ; ; ; ;12;578,173636178165
3370977;1;3;1; ; ; ; ; ; ; ; ; ; ; ; ;12;578,173636178165
3370978;1;1;2;2;47; ;2; ; ;1;2; ; ;1; ;12;595,12732050257
3370978;1;2;1; ; ; ; ; ; ; ; ; ; ; ; ;12;595,12732050257
3370978;1;3;1; ; ; ; ; ; ; ; ; ; ; ; ;12;595,12732050257
3370979;1;1;1; ; ; ; ; ; ; ; ; ; ; ; ;12;305,91734832991
3370979;1;2;1; ; ; ; ; ; ; ; ; ; ; ; ;12;305,91734832991
3370979;1;3;1; ; ; ; ; ; ; ; ; ; ; ; ;12;305,91734832991
3370979;2;1;1; ; ; ; ; ; ; ; ; ; ; ; ;12;305,91734832991
3370979;2;2;1; ; ; ; ; ; ; ; ; ; ; ; ;12;305,91734832991
3370979;2;3;1; ; ; ; ; ; ; ; ; ; ; ; ;12;305,91734832991
3370979;2;4;1; ; ; ; ; ; ; ; ; ; ; ; ;12;305,91734832991
3370979;2;5;1; ; ; ; ; ; ; ; ; ; ; ; ;12;305,91734832991
3370980;1;1;2;2;13; ;2; ; ;1;2; ; ;1; ;12;677,500992959158
3370980;1;2;1; ; ; ; ; ; ; ; ; ; ; ; ;12;677,500992959158
3370980;1;3;1; ; ; ; ; ; ; ; ; ; ; ; ;12;677,500992959158
3370980;1;4;1; ; ; ; ; ; ; ; ; ; ; ; ;12;677,500992959158
3370980;1;5;1; ; ; ; ; ; ; ; ; ; ; ; ;12;677,500992959158
3370981;1;1;1; ; ; ; ; ; ; ; ; ; ; ; ;12;661,659144277945
3370981;1;2;1; ; ; ; ; ; ; ; ; ; ; ; ;12;661,659144277945
3370981;1;3;1; ; ; ; ; ; ; ; ; ; ; ; ;12;661,659144277945
3370981;1;4;1; ; ; ; ; ; ; ; ; ; ; ; ;12;661,659144277945
3370981;1;5;1; ; ; ; ; ; ; ; ; ; ; ; ;12;661,659144277945
3370981;1;6;1; ; ; ; ; ; ; ; ; ; ; ; ;12;661,659144277945
3370981;1;7;1; ; ; ; ; ; ; ; ; ; ; ; ;12;661,659144277945
3370982;1;1;1; ; ; ; ; ; ; ; ; ; ; ; ;12;682,642318689689
3370982;1;2;2;2;23; ;2; ; ;1;2; ; ;1; ;12;682,642318689689
3370982;1;3;1; ; ; ; ; ; ; ; ; ; ; ; ;12;682,642318689689
3370982;1;4;1; ; ; ; ; ; ; ; ; ; ; ; ;12;682,642318689689
3370982;1;5;1; ; ; ; ; ; ; ; ; ; ; ; ;12;682,642318689689
3370983;1;1;2;2;13; ;2; ; ;1;2; ; ;1; ;12;439,218294350686
3370983;1;2;2;2;13; ;2; ; ;1;2; ; ;1; ;12;439,218294350686
3370983;1;3;1; ; ; ; ; ; ; ; ; ; ; ; ;12;439,218294350686
3370983;1;4;2;2;13; ;2; ; ;1;2; ; ;1; ;12;439,218294350686
3370984;1;1;1; ; ; ; ; ; ; ; ; ; ; ; ;12;540,970232181033
3370984;1;2;1; ; ; ; ; ; ; ; ; ; ; ; ;12;540,970232181033
3370984;1;3;1; ; ; ; ; ; ; ; ; ; ; ; ;12;540,970232181033
3370984;1;4;1; ; ; ; ; ; ; ; ; ; ; ; ;12;540,970232181033
3370984;1;5;1; ; ; ; ; ; ; ; ; ; ; ; ;12;540,970232181033
3370985;1;1;1; ; ; ; ; ; ; ; ; ; ; ; ;12;567,682048972294
3370985;1;2;1; ; ; ; ; ; ; ; ; ; ; ; ;12;567,682048972294
3370985;1;3;1; ; ; ; ; ; ; ; ; ; ; ; ;12;567,682048972294
3370985;1;4;1; ; ; ; ; ; ; ; ; ; ; ; ;12;567,682048972294
3370986;1;1;1; ; ; ; ; ; ; ; ; ; ; ; ;12;723,642328204797
3370986;1;2;1; ; ; ; ; ; ; ; ; ; ; ; ;12;723,642328204797
3370986;1;3;1; ; ; ; ; ; ; ; ; ; ; ; ;12;723,642328204797
3370986;1;4;1; ; ; ; ; ; ; ; ; ; ; ; ;12;723,642328204797
3370986;1;5;1; ; ; ; ; ; ; ; ; ; ; ; ;12;723,642328204797
3370986;1;6;1; ; ; ; ; ; ; ; ; ; ; ; ;12;723,642328204797
3370986;1;7;1; ; ; ; ; ; ; ; ; ; ; ; ;12;723,642328204797
3370987;1;1;1; ; ; ; ; ; ; ; ; ; ; ; ;12;675,091796414891
3370987;1;2;1; ; ; ; ; ; ; ; ; ; ; ; ;12;675,091796414891
3370987;1;3;1; ; ; ; ; ; ; ; ; ; ; ; ;12;675,091796414891
3370988;1;1;1; ; ; ; ; ; ; ; ; ; ; ; ;12;654,108622003148
3370988;1;2;1; ; ; ; ; ; ; ; ; ; ; ; ;12;654,108622003148
3370988;1;3;1; ; ; ; ; ; ; ; ; ; ; ; ;12;654,108622003148
3370988;1;4;1; ; ; ; ; ; ; ; ; ; ; ; ;12;654,108622003148
3370988;1;5;1; ; ; ; ; ; ; ; ; ; ; ; ;12;654,108622003148
3370989;1;1;1; ; ; ; ; ; ; ; ; ; ; ; ;12;715,302975075301
3370989;1;2;1; ; ; ; ; ; ; ; ; ; ; ; ;12;715,302975075301
3370989;1;3;1; ; ; ; ; ; ; ; ; ; ; ; ;12;715,302975075301
3370990;1;1;1; ; ; ; ; ; ; ; ; ; ; ; ;12;695,587824254773
3370990;1;2;1; ; ; ; ; ; ; ; ; ; ; ; ;12;695,587824254773
3370990;1;3;1; ; ; ; ; ; ; ; ; ; ; ; ;12;695,587824254773
3370990;1;4;1; ; ; ; ; ; ; ; ; ; ; ; ;12;695,587824254773
3370991;1;1;1; ; ; ; ; ; ; ; ; ; ; ; ;12;462,369084617346
3370991;1;2;1; ; ; ; ; ; ; ; ; ; ; ; ;12;462,369084617346
3370991;1;3;1; ; ; ; ; ; ; ; ; ; ; ; ;12;462,369084617346
3370991;1;4;1; ; ; ; ; ; ; ; ; ; ; ; ;12;462,369084617346
3370991;1;5;2;2;81; ;2; ; ;1;2; ; ;1; ;12;462,369084617346
3370992;1;1;2;2;05; ;2; ; ;1;2; ; ;1; ;12;341,858390955268
3370992;1;2;2;2;05; ;2; ; ;1;2; ; ;1; ;12;341,858390955268
3370992;1;3;1; ; ; ; ; ; ; ; ; ; ; ; ;12;341,858390955268
3370993;1;1;2;2;11; ;2; ; ;1;2; ; ;1; ;12;337,545898207446
3370993;1;2;1; ; ; ; ; ; ; ; ; ; ; ; ;12;337,545898207446
3370993;1;3;1; ; ; ; ; ; ; ; ; ; ; ; ;12;337,545898207446
3370995;1;1;1; ; ; ; ; ; ; ; ; ; ; ; ;12;717,084256190698
3370995;1;2;1; ; ; ; ; ; ; ; ; ; ; ; ;12;717,084256190698
3370995;1;3;1; ; ; ; ; ; ; ; ; ; ; ; ;12;717,084256190698
3370995;1;4;1; ; ; ; ; ; ; ; ; ; ; ; ;12;717,084256190698
3370996;1;1;1; ; ; ; ; ; ; ; ; ; ; ; ;12;382,489627725815
3370996;1;2;1; ; ; ; ; ; ; ; ; ; ; ; ;12;382,489627725815
3370996;1;3;1; ; ; ; ; ; ; ; ; ; ; ; ;12;382,489627725815
3370996;1;4;1; ; ; ; ; ; ; ; ; ; ; ; ;12;382,489627725815
3370996;2;1;1; ; ; ; ; ; ; ; ; ; ; ; ;12;382,489627725815
3370996;2;2;1; ; ; ; ; ; ; ; ; ; ; ; ;12;382,489627725815
3370996;2;3;1; ; ; ; ; ; ; ; ; ; ; ; ;12;382,489627725815
3370996;2;4;1; ; ; ; ; ; ; ; ; ; ; ; ;12;382,489627725815
3370996;2;5;1; ; ; ; ; ; ; ; ; ; ; ; ;12;382,489627725815
3370996;2;6;1; ; ; ; ; ; ; ; ; ; ; ; ;12;382,489627725815
3370996;3;1;1; ; ; ; ; ; ; ; ; ; ; ; ;12;382,489627725815
3370996;3;2;1; ; ; ; ; ; ; ; ; ; ; ; ;12;382,489627725815
3370996;3;3;1; ; ; ; ; ; ; ; ; ; ; ; ;12;382,489627725815
3370996;3;4;1; ; ; ; ; ; ; ; ; ; ; ; ;12;382,489627725815
3370996;3;5;1; ; ; ; ; ; ; ; ; ; ; ; ;12;382,489627725815
3370997;1;1;1; ; ; ; ; ; ; ; ; ; ; ; ;12;495,829301031437
3370997;1;2;1; ; ; ; ; ; ; ; ; ; ; ; ;12;495,829301031437
3370998;1;1;2;2;47; ;2; ; ;1;2; ; ;1; ;12;481,988930680455
3370998;1;2;1; ; ; ; ; ; ; ; ; ; ; ; ;12;481,988930680455
3370998;1;3;1; ; ; ; ; ; ; ; ; ; ; ; ;12;481,988930680455
3370999;1;1;2;2;68; ;2; ; ;1;2; ; ;1; ;12;662,146290849807
3370999;1;2;2;2;08; ;2; ; ;1;2; ; ;1; ;12;662,146290849807
3370999;1;3;1; ; ; ; ; ; ; ; ; ; ; ; ;12;662,146290849807
3370999;1;4;1; ; ; ; ; ; ; ; ; ; ; ; ;12;662,146290849807
3371000;1;1;2;2;08; ;2; ; ;1;2; ; ;1; ;12;605,618907708442
3371000;1;2;1; ; ; ; ; ; ; ; ; ; ; ; ;12;605,618907708442
3371001;1;1;1; ; ; ; ; ; ; ; ; ; ; ; ;12;793,506388587542
3371001;1;2;1; ; ; ; ; ; ; ; ; ; ; ; ;12;793,506388587542
3371001;1;3;1; ; ; ; ; ; ; ; ; ; ; ; ;12;793,506388587542
3371002;1;1;2;2;70; ;2; ; ;1;2; ; ;1; ;12;487,204315535791
3371002;1;2;2;2;08; ;2; ; ;1;2; ; ;1; ;12;487,204315535791
3371003;1;1;2;2;47; ;2; ; ;1;2; ; ;1; ;12;441,672212709899
3371003;1;2;2;2;47; ;2; ; ;1;2; ; ;1; ;12;441,672212709899
3371003;1;3;2;2;47; ;2; ; ;1;2; ; ;1; ;12;441,672212709899
3371003;1;4;2;2;47; ;2; ; ;1;2; ; ;1; ;12;441,672212709899
3371004;1;1;2;2;13; ;2; ; ;1;2; ; ;1; ;12;676,092200510934
3371004;1;2;2;2;08; ;2; ; ;1;2; ; ;1; ;12;676,092200510934
3371005;1;1;2;2;08; ;2; ; ;1;2; ; ;1; ;12;493,828492839351
3371005;1;2;2;2;20; ;2; ; ;1;2; ; ;1; ;12;493,828492839351
3371005;1;3;2;2;08; ;2; ; ;1;2; ; ;1; ;12;493,828492839351
3371005;1;4;1; ; ; ; ; ; ; ; ; ; ; ; ;12;493,828492839351
3371006;1;1;2;2;47; ;2; ; ;1;2; ; ;1; ;12;605,618907708442
3371006;1;2;2;2;08; ;2; ; ;1;2; ; ;1; ;12;605,618907708442
3371008;1;1;1; ; ; ; ; ; ; ; ; ; ; ; ;12;679,262055359238
3371008;1;2;2;2;08; ;2; ; ;1;2; ; ;1; ;12;679,262055359238
3371008;1;3;1; ; ; ; ; ; ; ; ; ; ; ; ;12;679,262055359238
3371008;1;4;1; ; ; ; ; ; ; ; ; ; ; ; ;12;679,262055359238
3371008;1;5;2;2;08; ;2; ; ;1;2; ; ;1; ;12;679,262055359238
3371009;1;1;1; ; ; ; ; ; ; ; ; ; ; ; ;12;596,888382902651
3371009;1;2;1; ; ; ; ; ; ; ; ; ; ; ; ;12;596,888382902651
3371009;1;3;1; ; ; ; ; ; ; ; ; ; ; ; ;12;596,888382902651
3371010;1;1;2;2;08; ;2; ; ;1;2; ; ;1; ;12;661,145886753764
3371010;1;2;2;2;76; ;2; ; ;1;2; ; ;1; ;12;661,145886753764
3371010;1;3;2;2;08; ;2; ; ;1;2; ; ;1; ;12;661,145886753764
3371010;1;4;2;2;08; ;2; ; ;1;2; ; ;1; ;12;661,145886753764
3371010;1;5;2;2;08; ;2; ; ;1;2; ; ;1; ;12;661,145886753764
3371011;1;1;2;2;08; ;2; ; ;1;2; ; ;1; ;12;516,325328871319
3371011;1;2;2;2;08; ;2; ; ;1;2; ; ;1; ;12;516,325328871319
3371011;1;3;1; ; ; ; ; ; ; ; ; ; ; ; ;12;516,325328871319
3371012;1;1;2;2;47; ;2; ; ;1;2; ; ;1; ;12;686,096641144944
3371012;1;2;2;2;08; ;2; ; ;1;2; ; ;1; ;12;686,096641144944
3371012;1;3;1; ; ; ; ; ; ; ; ; ; ; ; ;12;686,096641144944
3371012;1;4;1; ; ; ; ; ; ; ; ; ; ; ; ;12;686,096641144944
3371013;1;1;2;2;70; ;2; ; ;1;2; ; ;1; ;12;488,204719631834
3371014;1;1;2;2;76; ;2; ; ;1;2; ; ;1; ;12;676,092200510934
3371014;1;2;1; ; ; ; ; ; ; ; ; ; ; ; ;12;676,092200510934
3371015;1;1;1; ; ; ; ; ; ; ; ; ; ; ; ;12;605,618907708442
3371015;1;2;1; ; ; ; ; ; ; ; ; ; ; ; ;12;605,618907708442
3371016;1;1;2;2;25; ;3;11; ;1;2; ; ;1; ;12;608,380374204565
3371017;1;1;1; ; ; ; ; ; ; ; ; ; ; ; ;12;495,829301031437
3371017;1;2;2;3; ;1;4; ;1; ;2; ; ;1; ;12;495,829301031437
3371018;1;1;1; ; ; ; ; ; ; ; ; ; ; ; ;12;552,630866043123
3371018;1;2;1; ; ; ; ; ; ; ; ; ; ; ; ;12;552,630866043123
3371018;1;3;1; ; ; ; ; ; ; ; ; ; ; ; ;12;552,630866043123
3371018;1;4;1; ; ; ; ; ; ; ; ; ; ; ; ;12;552,630866043123
3371018;1;5;1; ; ; ; ; ; ; ; ; ; ; ; ;12;552,630866043123
3371018;1;6;1; ; ; ; ; ; ; ; ; ; ; ; ;12;552,630866043123
3371018;1;7;1; ; ; ; ; ; ; ; ; ; ; ; ;12;552,630866043123
3371018;1;8;1; ; ; ; ; ; ; ; ; ; ; ; ;12;552,630866043123
3371018;1;9;1; ; ; ; ; ; ; ; ; ; ; ; ;12;552,630866043123
3371019;1;1;1; ; ; ; ; ; ; ; ; ; ; ; ;12;553,736139311166
3371019;1;2;2;1; ; ;2; ; ;1;3;11; ;1; ;12;553,736139311166
3371019;1;3;2;2;11; ;2; ; ;1;2; ; ;1; ;12;553,736139311166
3371019;1;4;1; ; ; ; ; ; ; ; ; ; ; ; ;12;553,736139311166
3371019;1;5;1; ; ; ; ; ; ; ; ; ; ; ; ;12;553,736139311166
3371019;1;6;1; ; ; ; ; ; ; ; ; ; ; ; ;12;553,736139311166
3371020;1;1;2;2;47; ;2; ; ;1;2; ; ;1; ;12;655,109026099191
3371020;1;2;1; ; ; ; ; ; ; ; ; ; ; ; ;12;655,109026099191
3371020;1;3;1; ; ; ; ; ; ; ; ; ; ; ; ;12;655,109026099191
3371020;1;4;1; ; ; ; ; ; ; ; ; ; ; ; ;12;655,109026099191
3371021;1;1;2;2;08; ;2; ; ;1;2; ; ;1; ;12;696,588228350816
3371021;1;2;2;2;08; ;2; ; ;1;2; ; ;1; ;12;696,588228350816
3371021;1;3;1; ; ; ; ; ; ; ; ; ; ; ; ;12;696,588228350816
3371022;1;1;1; ; ; ; ; ; ; ; ; ; ; ; ;12;574,719313722909
3371022;1;2;1; ; ; ; ; ; ; ; ; ; ; ; ;12;574,719313722909
3371022;1;3;1; ; ; ; ; ; ; ; ; ; ; ; ;12;574,719313722909
3371022;1;4;1; ; ; ; ; ; ; ; ; ; ; ; ;12;574,719313722909
3371023;1;1;1; ; ; ; ; ; ; ; ; ; ; ; ;12;555,22368997907
3371023;1;2;1; ; ; ; ; ; ; ; ; ; ; ; ;12;555,22368997907
3371024;1;1;2;2;47; ;2; ; ;1;2; ; ;1; ;12;565,302189737886
3371024;1;2;1; ; ; ; ; ; ; ; ; ; ; ; ;12;565,302189737886
3371024;1;3;1; ; ; ; ; ; ; ; ; ; ; ; ;12;565,302189737886
3371026;1;1;2;2;08; ;2; ; ;1;2; ; ;1; ;12;613,265404878804
3371026;1;2;2;2;08; ;2; ; ;1;2; ; ;1; ;12;613,265404878804
3371026;1;3;1; ; ; ; ; ; ; ; ; ; ; ; ;12;613,265404878804
3371026;1;4;2;2;47; ;2; ; ;1;2; ; ;1; ;12;613,265404878804
3371026;1;5;2;2;13; ;2; ; ;1;2; ; ;1; ;12;613,265404878804
3371026;1;6;2;2;13; ;2; ; ;1;2; ; ;1; ;12;613,265404878804
3371027;1;1;2;2;13; ;2; ; ;1;2; ; ;1; ;12;477,534204129156
3371027;1;2;1; ; ; ; ; ; ; ; ; ; ; ; ;12;477,534204129156
3371027;1;3;1; ; ; ; ; ; ; ; ; ; ; ; ;12;477,534204129156
3371027;1;4;1; ; ; ; ; ; ; ; ; ; ; ; ;12;477,534204129156
3371027;1;5;1; ; ; ; ; ; ; ; ; ; ; ; ;12;477,534204129156
3371028;1;1;2;2;08; ;2; ; ;1;2; ; ;1; ;12;670,637069863593
3371028;1;2;2;2;13; ;2; ; ;1;2; ; ;1; ;12;670,637069863593
3371028;1;3;2;2;08; ;2; ; ;1;2; ; ;1; ;12;670,637069863593
3371028;1;4;1; ; ; ; ; ; ; ; ; ; ; ; ;12;670,637069863593
3371028;1;5;1; ; ; ; ; ; ; ; ; ; ; ; ;12;670,637069863593
3371029;1;1;2;2;44; ;2; ; ;1;2; ; ;1; ;12;727,203354729397
3371029;1;2;2;2;47; ;2; ; ;1;2; ; ;1; ;12;727,203354729397
3371029;1;3;2;2;44; ;2; ; ;1;2; ; ;1; ;12;727,203354729397
3371029;1;4;2;2;44; ;2; ; ;1;2; ; ;1; ;12;727,203354729397
3371029;1;5;1; ; ; ; ; ; ; ; ; ; ; ; ;12;727,203354729397
3371030;1;1;2;2;13; ;2; ; ;1;2; ; ;1; ;12;662,146290849807
3371030;1;2;1; ; ; ; ; ; ; ; ; ; ; ; ;12;662,146290849807
3371030;1;3;1; ; ; ; ; ; ; ; ; ; ; ; ;12;662,146290849807
3371030;1;4;1; ; ; ; ; ; ; ; ; ; ; ; ;12;662,146290849807
3371031;1;1;1; ; ; ; ; ; ; ; ; ; ; ; ;12;793,506388587542
3371031;1;2;2;2;47; ;2; ; ;1;2; ; ;1; ;12;793,506388587542
3371031;1;3;1; ; ; ; ; ; ; ; ; ; ; ; ;12;793,506388587542
3371032;1;1;2;2;47; ;2; ; ;1;2; ; ;1; ;12;649,010595517892
3371032;1;2;1; ; ; ; ; ; ; ; ; ; ; ; ;12;649,010595517892
3371032;1;3;2;1; ; ;2; ; ;1;4; ;3; ;4;12;649,010595517892
3371032;1;4;2;2;08; ;3;20; ;1;2; ; ;1; ;12;649,010595517892
3371032;1;5;1; ; ; ; ; ; ; ; ; ; ; ; ;12;649,010595517892
3371032;1;6;1; ; ; ; ; ; ; ; ; ; ; ; ;12;649,010595517892
3371032;1;7;1; ; ; ; ; ; ; ; ; ; ; ; ;12;649,010595517892
3371032;1;8;1; ; ; ; ; ; ; ; ; ; ; ; ;12;649,010595517892
3371032;1;9;1; ; ; ; ; ; ; ; ; ; ; ; ;12;649,010595517892
3371033;1;1;2;2;08; ;3;08; ;1;2; ; ;1; ;12;449,328274294842
3371033;1;2;2;2;08; ;3;08; ;1;2; ; ;1; ;12;449,328274294842
3371033;1;3;2;2;08; ;3;08; ;1;2; ; ;1; ;12;449,328274294842
3371033;1;4;2;2;52; ;3;08; ;1;2; ; ;1; ;12;449,328274294842
3371033;1;5;2;2;52; ;3;08; ;1;2; ; ;1; ;12;449,328274294842
3371034;1;1;1; ; ; ; ; ; ; ; ; ; ; ; ;12;451,877497411475
3371034;1;2;1; ; ; ; ; ; ; ; ; ; ; ; ;12;451,877497411475
3371034;1;3;1; ; ; ; ; ; ; ; ; ; ; ; ;12;451,877497411475
3371034;1;4;1; ; ; ; ; ; ; ; ; ; ; ; ;12;451,877497411475
3371034;1;5;2;2;68; ;2; ; ;1;2; ; ;1; ;12;451,877497411475
3371034;1;6;1; ; ; ; ; ; ; ; ; ; ; ; ;12;451,877497411475
3371035;1;1;2;2;23; ;2; ; ;1;2; ; ;1; ;12;662,146290849807
3371035;1;2;2;2;47; ;2; ; ;1;2; ; ;1; ;12;662,146290849807
3371035;1;3;2;2;08; ;2; ; ;1;2; ; ;1; ;12;662,146290849807
3371035;1;4;2;2;08; ;2; ; ;1;2; ; ;1; ;12;662,146290849807
3371036;1;1;2;2;08; ;2; ; ;1;2; ; ;1; ;12;434,047631310296
3371036;1;2;2;2;08; ;2; ; ;1;2; ; ;1; ;12;434,047631310296
3371036;1;3;2;2;08; ;2; ; ;1;2; ; ;1; ;12;434,047631310296
3371037;1;1;2;2;08; ;3;08; ;1;2; ; ;1; ;12;455,544063246221
3371037;1;2;2;2;08; ;3;08; ;1;2; ; ;1; ;12;455,544063246221
3371037;1;3;2;2;08; ;1; ; ; ;2; ; ;1; ;12;455,544063246221
3371039;1;1;2;2;76; ;2; ; ;1;2; ; ;1; ;12;487,204315535791
3371039;1;2;1; ; ; ; ; ; ; ; ; ; ; ; ;12;487,204315535791
3371040;1;1;2;2;20; ;2; ; ;1;2; ; ;1; ;12;693,13390589556
3371040;1;2;1; ; ; ; ; ; ; ; ; ; ; ; ;12;693,13390589556
3371040;1;3;1; ; ; ; ; ; ; ; ; ; ; ; ;12;693,13390589556
3371040;1;4;1; ; ; ; ; ; ; ; ; ; ; ; ;12;693,13390589556
3371041;1;1;2;2;13; ;2; ; ;1;2; ; ;1; ;12;481,905307141069
3371041;1;2;1; ; ; ; ; ; ; ; ; ; ; ; ;12;481,905307141069
3371041;1;3;2;2;08; ;3;08; ;1;2; ; ;1; ;12;481,905307141069
3371041;1;4;2;2;08; ;3;08; ;1;2; ; ;1; ;12;481,905307141069
3371041;1;5;1; ; ; ; ; ; ; ; ; ; ; ; ;12;481,905307141069
3371041;1;6;2;2;68; ;2; ; ;1;2; ; ;1; ;12;481,905307141069
3371041;1;7;1; ; ; ; ; ; ; ; ; ; ; ; ;12;481,905307141069
3371042;1;1;1; ; ; ; ; ; ; ; ; ; ; ; ;12;850,211978703663
3371042;1;2;2;2;20; ;2; ; ;1;2; ; ;1; ;12;850,211978703663
3371042;1;3;1; ; ; ; ; ; ; ; ; ; ; ; ;12;850,211978703663
3371042;1;4;1; ; ; ; ; ; ; ; ; ; ; ; ;12;850,211978703663
3371042;1;5;1; ; ; ; ; ; ; ; ; ; ; ; ;12;850,211978703663
3371042;1;6;1; ; ; ; ; ; ; ; ; ; ; ; ;12;850,211978703663
3371042;1;7;1; ; ; ; ; ; ; ; ; ; ; ; ;12;850,211978703663
3371042;1;8;1; ; ; ; ; ; ; ; ; ; ; ; ;12;850,211978703663
3371043;1;1;1; ; ; ; ; ; ; ; ; ; ; ; ;12;626,031312008938
3371043;1;2;1; ; ; ; ; ; ; ; ; ; ; ; ;12;626,031312008938
3371043;1;3;1; ; ; ; ; ; ; ; ; ; ; ; ;12;626,031312008938
3371043;1;4;1; ; ; ; ; ; ; ; ; ; ; ; ;12;626,031312008938
3371043;1;5;1; ; ; ; ; ; ; ; ; ; ; ; ;12;626,031312008938
3371043;1;6;1; ; ; ; ; ; ; ; ; ; ; ; ;12;626,031312008938
3371043;1;7;1; ; ; ; ; ; ; ; ; ; ; ; ;12;626,031312008938
3371044;1;1;2;2;08; ;2; ; ;1;2; ; ;1; ;12;671,637473959635
3371044;1;2;2;2;08; ;2; ; ;1;2; ; ;1; ;12;671,637473959635
3371044;1;3;2;2;08; ;2; ; ;1;2; ; ;1; ;12;671,637473959635
3371044;1;4;2;2;08; ;2; ; ;1;2; ; ;1; ;12;671,637473959635
3371045;1;1;2;2;47; ;2; ; ;1;2; ; ;1; ;12;539,103630470807
3371045;1;2;1; ; ; ; ; ; ; ; ; ; ; ; ;12;539,103630470807
3371045;1;3;1; ; ; ; ; ; ; ; ; ; ; ; ;12;539,103630470807
3371045;1;4;1; ; ; ; ; ; ; ; ; ; ; ; ;12;539,103630470807
3371045;1;5;1; ; ; ; ; ; ; ; ; ; ; ; ;12;539,103630470807
3371045;1;6;1; ; ; ; ; ; ; ; ; ; ; ; ;12;539,103630470807
3371046;1;1;1; ; ; ; ; ; ; ; ; ; ; ; ;12;717,084256190698
3371046;1;2;1; ; ; ; ; ; ; ; ; ; ; ; ;12;717,084256190698
3371046;1;3;1; ; ; ; ; ; ; ; ; ; ; ; ;12;717,084256190698
3371046;1;4;1; ; ; ; ; ; ; ; ; ; ; ; ;12;717,084256190698
3371047;1;1;2;2;47; ;2; ; ;1;2; ; ;1; ;12;696,588228350816
3371047;1;2;2;2;23; ;2; ; ;1;2; ; ;1; ;12;696,588228350816
3371047;1;3;1; ; ; ; ; ; ; ; ; ; ; ; ;12;696,588228350816
3371048;1;1;2;2;08; ;2; ; ;1;2; ; ;1; ;12;565,302189737886
3371048;1;2;2;2;08; ;2; ; ;1;2; ; ;1; ;12;565,302189737886
3371048;1;3;2;2;08; ;2; ; ;1;2; ; ;1; ;12;565,302189737886
3371049;1;1;2;2;54; ;2; ; ;1;2; ; ;1; ;12;572,958251322829
3371049;1;2;2;2;08; ;2; ; ;1;2; ; ;1; ;12;572,958251322829
3371049;1;3;1; ; ; ; ; ; ; ; ; ; ; ; ;12;572,958251322829
3371049;1;4;2;2;08; ;2; ; ;1;2; ; ;1; ;12;572,958251322829
3371050;1;1;2;2;13; ;2; ; ;1;2; ; ;1; ;12;674,091392318848
3371050;1;2;2;2;13; ;2; ; ;1;2; ; ;1; ;12;674,091392318848
3371050;1;3;1; ; ; ; ; ; ; ; ; ; ; ; ;12;674,091392318848
3371050;1;4;1; ; ; ; ; ; ; ; ; ; ; ; ;12;674,091392318848
3371051;1;1;1; ; ; ; ; ; ; ; ; ; ; ; ;12;727,248076544343
3371051;1;2;2;2;08; ;2; ; ;1;2; ; ;1; ;12;727,248076544343
3371051;1;3;2;2;08; ;2; ; ;1;2; ; ;1; ;12;727,248076544343
3371053;1;1;2;2;13; ;2; ; ;1;2; ; ;1; ;12;596,668855825962
3371053;1;2;2;2;08; ;2; ; ;1;2; ; ;1; ;12;596,668855825962
3371053;1;3;2;2;08; ;2; ; ;1;2; ; ;1; ;12;596,668855825962
3371053;1;4;2;2;08; ;2; ; ;1;2; ; ;1; ;12;596,668855825962
3371053;1;5;2;2;08; ;2; ; ;1;2; ; ;1; ;12;596,668855825962
3371053;1;6;1; ; ; ; ; ; ; ; ; ; ; ; ;12;596,668855825962
3371054;1;1;1; ; ; ; ; ; ; ; ; ; ; ; ;12;545,553578572435
3371054;1;2;1; ; ; ; ; ; ; ; ; ; ; ; ;12;545,553578572435
3371054;1;3;1; ; ; ; ; ; ; ; ; ; ; ; ;12;545,553578572435
3371054;1;4;1; ; ; ; ; ; ; ; ; ; ; ; ;12;545,553578572435
3371054;1;5;1; ; ; ; ; ; ; ; ; ; ; ; ;12;545,553578572435
3371055;1;1;1; ; ; ; ; ; ; ; ; ; ; ; ;12;509,691587153178
3371055;1;2;1; ; ; ; ; ; ; ; ; ; ; ; ;12;509,691587153178
3371055;1;3;1; ; ; ; ; ; ; ; ; ; ; ; ;12;509,691587153178
3371055;1;4;1; ; ; ; ; ; ; ; ; ; ; ; ;12;509,691587153178
3371056;1;1;1; ; ; ; ; ; ; ; ; ; ; ; ;12;729,248884736429
3371057;1;1;2;2;08; ;2; ; ;1;2; ; ;1; ;12;557,677608338283
3371057;1;2;2;2;08; ;2; ; ;1;2; ; ;1; ;12;557,677608338283
3371059;1;1;1; ; ; ; ; ; ; ; ; ; ; ; ;12;596,215745658834
3371059;1;2;1; ; ; ; ; ; ; ; ; ; ; ; ;12;596,215745658834
3371059;1;3;1; ; ; ; ; ; ; ; ; ; ; ; ;12;596,215745658834
3371059;1;4;1; ; ; ; ; ; ; ; ; ; ; ; ;12;596,215745658834
3371060;1;1;1; ; ; ; ; ; ; ; ; ; ; ; ;12;634,034944450863
3371060;1;2;1; ; ; ; ; ; ; ; ; ; ; ; ;12;634,034944450863
3371060;1;3;1; ; ; ; ; ; ; ; ; ; ; ; ;12;634,034944450863
3371060;1;4;1; ; ; ; ; ; ; ; ; ; ; ; ;12;634,034944450863
3371060;1;5;1; ; ; ; ; ; ; ; ; ; ; ; ;12;634,034944450863
3371060;1;6;1; ; ; ; ; ; ; ; ; ; ; ; ;12;634,034944450863
3371060;1;7;1; ; ; ; ; ; ; ; ; ; ; ; ;12;634,034944450863
3371060;1;8;1; ; ; ; ; ; ; ; ; ; ; ; ;12;634,034944450863
3371060;1;9;1; ; ; ; ; ; ; ; ; ; ; ; ;12;634,034944450863
3371060;1;10;1; ; ; ; ; ; ; ; ; ; ; ; ;12;634,034944450863
3371060;1;11;1; ; ; ; ; ; ; ; ; ; ; ; ;12;634,034944450863
3371061;1;1;1; ; ; ; ; ; ; ; ; ; ; ; ;12;455,259595639269
3371061;1;2;2;2;47; ;2; ; ;1;2; ; ;1; ;12;455,259595639269
3371061;1;3;1; ; ; ; ; ; ; ; ; ; ; ; ;12;455,259595639269
3371061;1;4;1; ; ; ; ; ; ; ; ; ; ; ; ;12;455,259595639269
3371061;1;5;1; ; ; ; ; ; ; ; ; ; ; ; ;12;455,259595639269
3371061;1;6;1; ; ; ; ; ; ; ; ; ; ; ; ;12;455,259595639269
3371061;1;7;1; ; ; ; ; ; ; ; ; ; ; ; ;12;455,259595639269
3371062;1;1;2;2;08; ;2; ; ;1;2; ; ;1; ;12;444,370274381952
3371062;1;2;1; ; ; ; ; ; ; ; ; ; ; ; ;12;444,370274381952
3371062;1;3;1; ; ; ; ; ; ; ; ; ; ; ; ;12;444,370274381952
3371062;1;4;2;2;08; ;2; ; ;1;2; ; ;1; ;12;444,370274381952
3371062;1;5;2;2;08; ;2; ; ;1;2; ; ;1; ;12;444,370274381952
3371062;1;6;1; ; ; ; ; ; ; ; ; ; ; ; ;12;444,370274381952
3371062;1;7;2;2;08; ;2; ; ;1;2; ; ;1; ;12;444,370274381952
3371062;1;8;1; ; ; ; ; ; ; ; ; ; ; ; ;12;444,370274381952
3371064;1;1;2;2;08; ;2; ; ;1;2; ; ;1; ;12;590,609189127202
3371064;1;2;2;2;08; ;2; ; ;1;2; ; ;1; ;12;590,609189127202
3371064;1;3;1; ; ; ; ; ; ; ; ; ; ; ; ;12;590,609189127202
3371064;1;4;2;2;08; ;2; ; ;1;2; ; ;1; ;12;590,609189127202
3371064;1;5;2;2;08; ;2; ; ;1;2; ; ;1; ;12;590,609189127202
3371064;1;6;1; ; ; ; ; ; ; ; ; ; ; ; ;12;590,609189127202
3371064;1;7;2;2;08; ;2; ; ;1;2; ; ;1; ;12;590,609189127202
3371064;1;8;2;2;08; ;2; ; ;1;2; ; ;1; ;12;590,609189127202
3371064;1;9;2;2;08; ;2; ; ;1;2; ; ;1; ;12;590,609189127202
3371064;1;10;2;2;08; ;2; ; ;1;2; ; ;1; ;12;590,609189127202
3371065;1;1;2;2;08; ;2; ; ;1;2; ; ;1; ;12;725,794562281173
3371065;1;2;2;2;08; ;3;08; ;1;2; ; ;1; ;12;725,794562281173
3371066;1;1;2;2;13; ;2; ; ;1;2; ; ;1; ;12;572,958251322829
3371066;1;2;2;2;13; ;2; ; ;1;2; ; ;1; ;12;572,958251322829
3371066;1;3;2;2;08; ;2; ; ;1;2; ; ;1; ;12;572,958251322829
3371066;1;4;1; ; ; ; ; ; ; ; ; ; ; ; ;12;572,958251322829
3371068;1;1;2;2;08; ;2; ; ;1;2; ; ;1; ;12;686,096641144944
3371068;1;2;2;2;08; ;2; ; ;1;2; ; ;1; ;12;686,096641144944
3371068;1;3;1; ; ; ; ; ; ; ; ; ; ; ; ;12;686,096641144944
3371068;1;4;1; ; ; ; ; ; ; ; ; ; ; ; ;12;686,096641144944
3371069;1;1;2;2;08; ;2; ; ;1;2; ; ;1; ;12;579,174040274208
3371069;1;2;1; ; ; ; ; ; ; ; ; ; ; ; ;12;579,174040274208
3371070;1;1;2;2;47; ;2; ; ;1;2; ; ;1; ;12;717,084256190698
3371070;1;2;2;2;05; ;2; ; ;1;2; ; ;1; ;12;717,084256190698
3371070;1;3;1; ; ; ; ; ; ; ; ; ; ; ; ;12;717,084256190698
3371070;1;4;1; ; ; ; ; ; ; ; ; ; ; ; ;12;717,084256190698
3371071;1;1;2;2;13; ;2; ; ;1;2; ; ;1; ;12;676,092200510934
3371071;1;2;2;2;20; ;2; ; ;1;2; ; ;1; ;12;676,092200510934
3371072;1;1;2;2;20; ;2; ; ;1;2; ; ;1; ;12;605,618907708442
3371072;1;2;1; ; ; ; ; ; ; ; ; ; ; ; ;12;605,618907708442
3371073;1;1;2;2;08; ;2; ; ;1;2; ; ;1; ;12;676,092200510934
3371073;1;2;2;1; ; ;2; ; ;1;2; ; ;1; ;12;676,092200510934
3371074;1;1;2;2;47; ;2; ; ;1;2; ; ;1; ;12;580,582832722432
3371074;1;2;2;2;47; ;2; ; ;1;2; ; ;1; ;12;580,582832722432
3371074;1;3;2;2;47; ;2; ; ;1;2; ; ;1; ;12;580,582832722432
3371074;1;4;1; ; ; ; ; ; ; ; ; ; ; ; ;12;580,582832722432
3371074;1;5;2;1; ; ;2; ; ;1;2; ; ;1; ;12;580,582832722432
3371075;1;1;2;1; ; ;2; ; ;1;2; ; ;1; ;12;551,975076911086
3371075;1;2;2;2;76; ;3;76; ;1;2; ; ;1; ;12;551,975076911086
3371075;1;3;2;2;76; ;3;76; ;1;2; ; ;1; ;12;551,975076911086
3371075;1;4;2;2;76; ;1; ; ; ;2; ; ;1; ;12;551,975076911086
3371075;1;5;1; ; ; ; ; ; ; ; ; ; ; ; ;12;551,975076911086
3371075;1;6;1; ; ; ; ; ; ; ; ; ; ; ; ;12;551,975076911086
3371076;1;1;1; ; ; ; ; ; ; ; ; ; ; ; ;12;681,641914593646
3371076;1;2;2;2;08; ;2; ; ;1;2; ; ;1; ;12;681,641914593646
3371076;1;3;2;2;08; ;2; ; ;1;2; ; ;1; ;12;681,641914593646
3371076;1;4;2;2;08; ;2; ; ;1;2; ; ;1; ;12;681,641914593646
3371076;1;5;2;2;08; ;2; ; ;1;2; ; ;1; ;12;681,641914593646
3371076;1;6;1; ; ; ; ; ; ; ; ; ; ; ; ;12;681,641914593646
3371077;1;1;1; ; ; ; ; ; ; ; ; ; ; ; ;12;811,001204139296
3371077;1;2;1; ; ; ; ; ; ; ; ; ; ; ; ;12;811,001204139296
3371077;1;3;1; ; ; ; ; ; ; ; ; ; ; ; ;12;811,001204139296
3371077;1;4;1; ; ; ; ; ; ; ; ; ; ; ; ;12;811,001204139296
3371077;1;5;1; ; ; ; ; ; ; ; ; ; ; ; ;12;811,001204139296
3371077;1;6;1; ; ; ; ; ; ; ; ; ; ; ; ;12;811,001204139296
3371077;1;7;1; ; ; ; ; ; ; ; ; ; ; ; ;12;811,001204139296
3371078;1;1;1; ; ; ; ; ; ; ; ; ; ; ; ;12;653,108217907105
3371078;1;2;1; ; ; ; ; ; ; ; ; ; ; ; ;12;653,108217907105
3371078;1;3;1; ; ; ; ; ; ; ; ; ; ; ; ;12;653,108217907105
3371078;1;4;1; ; ; ; ; ; ; ; ; ; ; ; ;12;653,108217907105
3371078;1;5;1; ; ; ; ; ; ; ; ; ; ; ; ;12;653,108217907105
3371078;1;6;1; ; ; ; ; ; ; ; ; ; ; ; ;12;653,108217907105
3371079;1;1;2;2;20; ;2; ; ;1;2; ; ;1; ;12;545,553578572435
3371079;1;2;1; ; ; ; ; ; ; ; ; ; ; ; ;12;545,553578572435
3371079;1;3;1; ; ; ; ; ; ; ; ; ; ; ; ;12;545,553578572435
3371079;1;4;1; ; ; ; ; ; ; ; ; ; ; ; ;12;545,553578572435
3371079;1;5;1; ; ; ; ; ; ; ; ; ; ; ; ;12;545,553578572435
3371080;1;1;2;1; ; ;2; ; ;1;2; ; ;1; ;12;703,212405654376
3371080;1;2;1; ; ; ; ; ; ; ; ; ; ; ; ;12;703,212405654376
3371080;1;3;2;2;08; ;2; ; ;1;2; ; ;1; ;12;703,212405654376
3371080;1;4;1; ; ; ; ; ; ; ; ; ; ; ; ;12;703,212405654376
3371080;1;5;1; ; ; ; ; ; ; ; ; ; ; ; ;12;703,212405654376
3371081;1;1;2;2;08; ;3;08; ;1;2; ; ;1; ;12;676,092200510934
3371081;1;2;2;2;08; ;3;08; ;1;2; ; ;1; ;12;676,092200510934
3371082;1;1;2;2;08; ;2; ; ;1;2; ; ;1; ;12;565,302189737886
3371082;1;2;2;2;05; ;2; ; ;1;2; ; ;1; ;12;565,302189737886
3371082;1;3;1; ; ; ; ; ; ; ; ; ; ; ; ;12;565,302189737886
3371083;1;1;2;2;13; ;2; ; ;1;2; ; ;1; ;12;728,248480640386
3371083;1;2;1; ; ; ; ; ; ; ; ; ; ; ; ;12;728,248480640386
3371084;1;1;1; ; ; ; ; ; ; ; ; ; ; ; ;12;521,562629497414
3371084;1;2;1; ; ; ; ; ; ; ; ; ; ; ; ;12;521,562629497414
3371084;1;3;1; ; ; ; ; ; ; ; ; ; ; ; ;12;521,562629497414
3371084;1;4;2;2;70; ;2; ; ;1;2; ; ;1; ;12;521,562629497414
3371084;1;5;1; ; ; ; ; ; ; ; ; ; ; ; ;12;521,562629497414
3371085;1;1;2;1; ; ;2; ; ;1;2; ; ;1; ;12;491,575418547704
3371085;1;2;2;1; ; ;2; ; ;1;2; ; ;1; ;12;491,575418547704
3371085;1;3;1; ; ; ; ; ; ; ; ; ; ; ; ;12;491,575418547704
3371085;1;4;2;1; ; ;2; ; ;1;3;08; ;1; ;12;491,575418547704
3371086;1;1;2;1; ; ;3;08; ;1;2; ; ;1; ;12;679,880852193565
3371086;1;2;2;2;70; ;2; ; ;1;2; ; ;1; ;12;679,880852193565
3371086;1;3;2;1; ; ;3;08; ;1;2; ; ;1; ;12;679,880852193565
3371086;1;4;2;2;08; ;1; ; ; ;2; ; ;1; ;12;679,880852193565
3371086;1;5;2;2;70; ;3;08; ;1;2; ; ;1; ;12;679,880852193565
3371086;1;6;2;2;70; ;2; ; ;1;2; ; ;1; ;12;679,880852193565
3371087;1;1;2;2;44; ;2; ; ;1;2; ; ;1; ;12;559,415864694177
3371087;1;2;1; ; ; ; ; ; ; ; ; ; ; ; ;12;559,415864694177
3371087;2;1;1; ; ; ; ; ; ; ; ; ; ; ; ;12;559,415864694177
3371087;3;1;1; ; ; ; ; ; ; ; ; ; ; ; ;12;559,415864694177
3371087;3;2;1; ; ; ; ; ; ; ; ; ; ; ; ;12;559,415864694177
3371087;3;3;1; ; ; ; ; ; ; ; ; ; ; ; ;12;559,415864694177
3371087;3;4;1; ; ; ; ; ; ; ; ; ; ; ; ;12;559,415864694177
3371089;1;1;2;2;23; ;2; ; ;1;2; ; ;1; ;12;483,664672485706
3371089;1;2;2;2;23; ;2; ; ;1;2; ; ;1; ;12;483,664672485706
3371089;1;3;1; ; ; ; ; ; ; ; ; ; ; ; ;12;483,664672485706
3371089;1;4;1; ; ; ; ; ; ; ; ; ; ; ; ;12;483,664672485706
3371089;1;5;1; ; ; ; ; ; ; ; ; ; ; ; ;12;483,664672485706
3371090;1;1;2;2;08; ;2; ; ;1;2; ; ;1; ;12;664,60020920902
3371090;1;2;2;2;08; ;2; ; ;1;2; ; ;1; ;12;664,60020920902
3371090;1;3;2;2;08; ;2; ; ;1;2; ; ;1; ;12;664,60020920902
3371090;1;4;1; ; ; ; ; ; ; ; ; ; ; ; ;12;664,60020920902
3371091;1;1;2;2;47; ;2; ; ;1;2; ; ;1; ;12;589,999956707455
3371091;1;2;2;2;08; ;2; ; ;1;2; ; ;1; ;12;589,999956707455
3371091;1;3;2;2;08; ;2; ; ;1;2; ; ;1; ;12;589,999956707455
3371091;1;4;1; ; ; ; ; ; ; ; ; ; ; ; ;12;589,999956707455
3371091;1;5;1; ; ; ; ; ; ; ; ; ; ; ; ;12;589,999956707455
3371091;1;6;1; ; ; ; ; ; ; ; ; ; ; ; ;12;589,999956707455
3371092;1;1;1; ; ; ; ; ; ; ; ; ; ; ; ;12;386,218563903625
3371092;1;2;1; ; ; ; ; ; ; ; ; ; ; ; ;12;386,218563903625
3371092;1;3;1; ; ; ; ; ; ; ; ; ; ; ; ;12;386,218563903625
3371092;1;4;1; ; ; ; ; ; ; ; ; ; ; ; ;12;386,218563903625
3371092;1;5;1; ; ; ; ; ; ; ; ; ; ; ; ;12;386,218563903625
3371092;1;6;1; ; ; ; ; ; ; ; ; ; ; ; ;12;386,218563903625
3371093;1;1;1; ; ; ; ; ; ; ; ; ; ; ; ;12;193,845172477353
3371093;1;2;1; ; ; ; ; ; ; ; ; ; ; ; ;12;193,845172477353
3371093;1;3;1; ; ; ; ; ; ; ; ; ; ; ; ;12;193,845172477353
3371094;1;1;2;2;17; ;2; ; ;1;2; ; ;1; ;12;223,449161916497
3371094;1;2;1; ; ; ; ; ; ; ; ; ; ; ; ;12;223,449161916497
3371094;1;3;1; ; ; ; ; ; ; ; ; ; ; ; ;12;223,449161916497
3371094;1;4;1; ; ; ; ; ; ; ; ; ; ; ; ;12;223,449161916497
3371095;1;1;1; ; ; ; ; ; ; ; ; ; ; ; ;12;152,445986745028
3371095;1;2;1; ; ; ; ; ; ; ; ; ; ; ; ;12;152,445986745028
3371095;1;3;1; ; ; ; ; ; ; ; ; ; ; ; ;12;152,445986745028
3371095;1;4;1; ; ; ; ; ; ; ; ; ; ; ; ;12;152,445986745028
3371096;1;1;1; ; ; ; ; ; ; ; ; ; ; ; ;12;108,629739237711
3371096;1;2;1; ; ; ; ; ; ; ; ; ; ; ; ;12;108,629739237711
3371096;1;3;1; ; ; ; ; ; ; ; ; ; ; ; ;12;108,629739237711
3371096;1;4;1; ; ; ; ; ; ; ; ; ; ; ; ;12;108,629739237711
3371096;1;5;1; ; ; ; ; ; ; ; ; ; ; ; ;12;108,629739237711
3371097;1;1;1; ; ; ; ; ; ; ; ; ; ; ; ;12;229,269721521125
3371097;1;2;1; ; ; ; ; ; ; ; ; ; ; ; ;12;229,269721521125
3371097;1;3;1; ; ; ; ; ; ; ; ; ; ; ; ;12;229,269721521125
3371098;1;1;2;2;17; ;3;17; ;1;2; ; ;1; ;12;188,113314834208
3371098;1;2;2;2;17; ;3;17; ;1;2; ; ;1; ;12;188,113314834208
3371099;1;1;1; ; ; ; ; ; ; ; ; ; ; ; ;12;149,808304609778
3371099;1;2;1; ; ; ; ; ; ; ; ; ; ; ; ;12;149,808304609778
3371100;1;1;2;2;17; ;2; ; ;1;2; ; ;1; ;12;157,259098793221
3371100;1;2;1; ; ; ; ; ; ; ; ; ; ; ; ;12;157,259098793221
3371100;1;3;1; ; ; ; ; ; ; ; ; ; ; ; ;12;157,259098793221
3371102;1;1;2;2;17; ;2; ; ;1;2; ; ;1; ;12;202,865475412419
3371102;1;2;2;2;17; ;2; ; ;1;2; ; ;1; ;12;202,865475412419
3371102;1;3;1; ; ; ; ; ; ; ; ; ; ; ; ;12;202,865475412419
3371102;1;4;1; ; ; ; ; ; ; ; ; ; ; ; ;12;202,865475412419
3371102;1;5;1; ; ; ; ; ; ; ; ; ; ; ; ;12;202,865475412419
3371103;1;1;1; ; ; ; ; ; ; ; ; ; ; ; ;12;127,2832996409
3371103;1;2;1; ; ; ; ; ; ; ; ; ; ; ; ;12;127,2832996409
3371103;1;3;1; ; ; ; ; ; ; ; ; ; ; ; ;12;127,2832996409
3371103;1;4;1; ; ; ; ; ; ; ; ; ; ; ; ;12;127,2832996409
3371104;1;1;2;2;17; ;2; ; ;1;2; ; ;1; ;12;184,225406097115
3371104;1;2;1; ; ; ; ; ; ; ; ; ; ; ; ;12;184,225406097115
3371105;1;1;1; ; ; ; ; ; ; ; ; ; ; ; ;12;162,065753125266
3371105;1;2;2;3; ;3;2; ; ;1;2; ; ;1; ;12;162,065753125266
3371105;1;3;1; ; ; ; ; ; ; ; ; ; ; ; ;12;162,065753125266
3371105;1;4;2;3; ;3;2; ; ;1;2; ; ;1; ;12;162,065753125266
3371105;1;5;1; ; ; ; ; ; ; ; ; ; ; ; ;12;162,065753125266
3371106;1;1;1; ; ; ; ; ; ; ; ; ; ; ; ;12;229,269721521125
3371106;1;2;1; ; ; ; ; ; ; ; ; ; ; ; ;12;229,269721521125
3371106;1;3;1; ; ; ; ; ; ; ; ; ; ; ; ;12;229,269721521125
3371107;1;1;1; ; ; ; ; ; ; ; ; ; ; ; ;12;157,071027683639
3371107;1;2;2;2;17; ;2; ; ;1;2; ; ;1; ;12;157,071027683639
3371107;1;3;2;2;17; ;2; ; ;1;2; ; ;1; ;12;157,071027683639
3371107;1;4;2;2;17; ;2; ; ;1;2; ; ;1; ;12;157,071027683639
3371107;1;5;2;2;17; ;2; ; ;1;2; ; ;1; ;12;157,071027683639
3371107;1;6;1; ; ; ; ; ; ; ; ; ; ; ; ;12;157,071027683639
3371108;1;1;1; ; ; ; ; ; ; ; ; ; ; ; ;12;143,517072608108
3371108;1;2;1; ; ; ; ; ; ; ; ; ; ; ; ;12;143,517072608108
3371108;1;3;1; ; ; ; ; ; ; ; ; ; ; ; ;12;143,517072608108
3371108;1;4;1; ; ; ; ; ; ; ; ; ; ; ; ;12;143,517072608108
3371109;1;1;1; ; ; ; ; ; ; ; ; ; ; ; ;12;175,289593730065
3371109;1;2;1; ; ; ; ; ; ; ; ; ; ; ; ;12;175,289593730065
3371109;1;3;1; ; ; ; ; ; ; ; ; ; ; ; ;12;175,289593730065
3371109;1;4;1; ; ; ; ; ; ; ; ; ; ; ; ;12;175,289593730065
3371109;1;5;1; ; ; ; ; ; ; ; ; ; ; ; ;12;175,289593730065
3371110;1;1;1; ; ; ; ; ; ; ; ; ; ; ; ;12;228,949376986537
3371112;1;1;1; ; ; ; ; ; ; ; ; ; ; ; ;12;171,001124978334
3371112;1;2;1; ; ; ; ; ; ; ; ; ; ; ; ;12;171,001124978334
3371113;1;1;2;2;17; ;2; ; ;1;2; ; ;1; ;12;246,132950984247
3371113;1;2;2;2;17; ;2; ; ;1;2; ; ;1; ;12;246,132950984247
3371113;1;3;1; ; ; ; ; ; ; ; ; ; ; ; ;12;246,132950984247
3371113;1;4;2;2;17; ;2; ; ;1;2; ; ;1; ;12;246,132950984247
3371113;1;5;1; ; ; ; ; ; ; ; ; ; ; ; ;12;246,132950984247
3371114;1;1;2;2;05; ;2; ; ;1;2; ; ;1; ;12;223,449161916497
3371114;1;2;2;2;17; ;2; ; ;1;2; ; ;1; ;12;223,449161916497
3371114;1;3;1; ; ; ; ; ; ; ; ; ; ; ; ;12;223,449161916497
3371114;1;4;1; ; ; ; ; ; ; ; ; ; ; ; ;12;223,449161916497
3371115;1;1;1; ; ; ; ; ; ; ; ; ; ; ; ;12;136,066278424665
3371115;1;2;1; ; ; ; ; ; ; ; ; ; ; ; ;12;136,066278424665
3371115;1;3;1; ; ; ; ; ; ; ; ; ; ; ; ;12;136,066278424665
3371116;1;1;2;2;17; ;2; ; ;1;2; ; ;1; ;12;233,157630258218
3371116;1;2;1; ; ; ; ; ; ; ; ; ; ; ; ;12;233,157630258218
3371116;1;3;1; ; ; ; ; ; ; ; ; ; ; ; ;12;233,157630258218
3371117;1;1;1; ; ; ; ; ; ; ; ; ; ; ; ;12;245,393934427607
3371117;1;2;2;2;17; ;2; ; ;1;2; ; ;1; ;12;245,393934427607
3371117;1;3;1; ; ; ; ; ; ; ; ; ; ; ; ;12;245,393934427607
3371117;1;4;1; ; ; ; ; ; ; ; ; ; ; ; ;12;245,393934427607
3371117;1;5;1; ; ; ; ; ; ; ; ; ; ; ; ;12;245,393934427607
3371118;1;1;2;2;73; ;2; ; ;1;2; ; ;1; ;12;144,787210330977
3371118;1;2;2;2;73; ;2; ; ;1;2; ; ;1; ;12;144,787210330977
3371118;1;3;2;2;66; ;2; ; ;1;2; ; ;1; ;12;144,787210330977
3371118;1;4;2;2;73; ;2; ; ;1;2; ; ;1; ;12;144,787210330977
3371119;1;1;2;2;17; ;2; ; ;1;2; ; ;1; ;12;171,471356861394
3371120;1;1;2;2;63; ;2; ; ;1;2; ; ;1; ;12;174,109038996643
3371120;1;2;1; ; ; ; ; ; ; ; ; ; ; ; ;12;174,109038996643
3371120;1;3;1; ; ; ; ; ; ; ; ; ; ; ; ;12;174,109038996643
3371121;1;1;1; ; ; ; ; ; ; ; ; ; ; ; ;12;197,490302169039
3371121;1;2;1; ; ; ; ; ; ; ; ; ; ; ; ;12;197,490302169039
3371121;1;3;1; ; ; ; ; ; ; ; ; ; ; ; ;12;197,490302169039
3371121;1;4;1; ; ; ; ; ; ; ; ; ; ; ; ;12;197,490302169039
3371121;1;5;1; ; ; ; ; ; ; ; ; ; ; ; ;12;197,490302169039
3371122;1;1;2;2;17; ;2; ; ;1;2; ; ;1; ;12;184,225406097115
3371122;1;2;2;2;17; ;2; ; ;1;2; ; ;1; ;12;184,225406097115
3371123;1;1;2;2;11; ;3;50; ;1;2; ; ;1; ;12;229,269721521125
3371123;1;2;1; ; ; ; ; ; ; ; ; ; ; ; ;12;229,269721521125
3371123;1;3;1; ; ; ; ; ; ; ; ; ; ; ; ;12;229,269721521125
3371125;1;1;1; ; ; ; ; ; ; ; ; ; ; ; ;12;205,31283406448
3371125;1;2;2;2;17; ;3;17; ;2;2; ; ;1; ;12;205,31283406448
3371126;1;1;2;2;66; ;2; ; ;1;2; ; ;1; ;12;143,919699434253
3371126;1;2;2;2;66; ;3;11; ;1;3;11; ;1; ;12;143,919699434253
3371128;1;1;2;2;17; ;2; ; ;1;2; ; ;1; ;12;114,408776385677
3371128;1;2;2;1; ; ;2; ; ;1;2; ; ;1; ;12;114,408776385677
3371128;1;3;2;1; ; ;2; ; ;1;2; ; ;1; ;12;114,408776385677
3371129;1;1;1; ; ; ; ; ; ; ; ; ; ; ; ;12;148,605887713631
3371129;1;2;1; ; ; ; ; ; ; ; ; ; ; ; ;12;148,605887713631
3371129;1;3;1; ; ; ; ; ; ; ; ; ; ; ; ;12;148,605887713631
3371129;1;4;1; ; ; ; ; ; ; ; ; ; ; ; ;12;148,605887713631
3371129;1;5;1; ; ; ; ; ; ; ; ; ; ; ; ;12;148,605887713631
3371129;1;6;1; ; ; ; ; ; ; ; ; ; ; ; ;12;148,605887713631
3371129;2;1;1; ; ; ; ; ; ; ; ; ; ; ; ;12;148,605887713631
3371129;2;2;2;2;63; ;3;63; ;2;2; ; ;1; ;12;148,605887713631
3371130;1;1;1; ; ; ; ; ; ; ; ; ; ; ; ;12;147,612963575809
3371130;1;2;2;1; ; ;3;66; ;1;2; ; ;1; ;12;147,612963575809
3371130;1;3;1; ; ; ; ; ; ; ; ; ; ; ; ;12;147,612963575809
3371132;1;1;2;2;73; ;2; ; ;1;2; ; ;1; ;12;200,867364069929
3371132;1;2;2;2;73; ;2; ; ;1;2; ; ;1; ;12;200,867364069929
3371132;1;3;1; ; ; ; ; ; ; ; ; ; ; ; ;12;200,867364069929
3371133;1;1;1; ; ; ; ; ; ; ; ; ; ; ; ;12;229,269721521125
3371133;1;2;2;2;17; ;2; ; ;1;2; ; ;1; ;12;229,269721521125
3371133;1;3;1; ; ; ; ; ; ; ; ; ; ; ; ;12;229,269721521125
3371134;1;1;2;2;11; ;2; ; ;1;2; ; ;1; ;12;205,8815601186
3371134;1;2;2;2;11; ;2; ; ;1;2; ; ;1; ;12;205,8815601186
3371134;1;3;2;2;17; ;2; ; ;1;2; ; ;1; ;12;205,8815601186
3371134;1;4;2;2;17; ;2; ; ;1;2; ; ;1; ;12;205,8815601186
3371136;1;1;2;2;17; ;3;17; ;1;2; ; ;1; ;12;229,269721521125
3371136;1;2;2;2;17; ;2; ; ;1;2; ; ;1; ;12;229,269721521125
3371136;1;3;1; ; ; ; ; ; ; ; ; ; ; ; ;12;229,269721521125
3371137;1;1;1; ; ; ; ; ; ; ; ; ; ; ; ;12;164,462903779231
3371137;1;2;1; ; ; ; ; ; ; ; ; ; ; ; ;12;164,462903779231
3371137;1;3;1; ; ; ; ; ; ; ; ; ; ; ; ;12;164,462903779231
3371138;1;1;1; ; ; ; ; ; ; ; ; ; ; ; ;12;336,878440983771
3371138;1;2;1; ; ; ; ; ; ; ; ; ; ; ; ;12;336,878440983771
3371138;1;3;1; ; ; ; ; ; ; ; ; ; ; ; ;12;336,878440983771
3371138;1;4;1; ; ; ; ; ; ; ; ; ; ; ; ;12;336,878440983771
3371138;1;5;1; ; ; ; ; ; ; ; ; ; ; ; ;12;336,878440983771
3371139;1;1;1; ; ; ; ; ; ; ; ; ; ; ; ;12;205,8815601186
3371139;1;2;1; ; ; ; ; ; ; ; ; ; ; ; ;12;205,8815601186
3371139;1;3;1; ; ; ; ; ; ; ; ; ; ; ; ;12;205,8815601186
3371139;1;4;1; ; ; ; ; ; ; ; ; ; ; ; ;12;205,8815601186
3371140;1;1;1; ; ; ; ; ; ; ; ; ; ; ; ;12;194,852620033789
3371140;1;2;1; ; ; ; ; ; ; ; ; ; ; ; ;12;194,852620033789
3371140;1;3;1; ; ; ; ; ; ; ; ; ; ; ; ;12;194,852620033789
3371141;1;1;1; ; ; ; ; ; ; ; ; ; ; ; ;12;265,855795205258
3371141;1;2;1; ; ; ; ; ; ; ; ; ; ; ; ;12;265,855795205258
3371141;1;3;1; ; ; ; ; ; ; ; ; ; ; ; ;12;265,855795205258
3371142;1;1;1; ; ; ; ; ; ; ; ; ; ; ; ;12;158,247075742613
3371143;1;1;1; ; ; ; ; ; ; ; ; ; ; ; ;12;201,107895551214
3371143;1;2;2;2;17; ;2; ; ;1;2; ; ;1; ;12;201,107895551214
3371143;1;3;1; ; ; ; ; ; ; ; ; ; ; ; ;12;201,107895551214
3371143;1;4;1; ; ; ; ; ; ; ; ; ; ; ; ;12;201,107895551214
3371143;1;5;1; ; ; ; ; ; ; ; ; ; ; ; ;12;201,107895551214
3371143;1;6;1; ; ; ; ; ; ; ; ; ; ; ; ;12;201,107895551214
3371143;1;7;2;2;17; ;1; ; ; ;1; ; ; ; ;12;201,107895551214
3371144;1;1;2;2;17; ;2; ; ;1;2; ; ;1; ;12;165,980030699533
3371144;1;2;2;2;17; ;2; ; ;1;2; ; ;1; ;12;165,980030699533
3371144;1;3;1; ; ; ; ; ; ; ; ; ; ; ; ;12;165,980030699533
3371144;1;4;1; ; ; ; ; ; ; ; ; ; ; ; ;12;165,980030699533
3371145;1;1;2;2;17; ;2; ; ;1;2; ; ;1; ;12;210,177367614443
3371145;1;2;2;2;17; ;2; ; ;1;2; ; ;1; ;12;210,177367614443
3371145;1;3;2;2;54; ;3;68; ;1;3;68; ;1; ;12;210,177367614443
3371145;1;4;1; ; ; ; ; ; ; ; ; ; ; ; ;12;210,177367614443
3371146;1;1;2;2;17; ;2; ; ;1;2; ; ;1; ;12;202,095872500605
3371146;1;2;2;2;17; ;2; ; ;1;2; ; ;1; ;12;202,095872500605
3371146;2;1;2;2;73; ;2; ; ;1;2; ; ;1; ;12;202,095872500605
3371146;2;2;2;2;17; ;2; ; ;1;2; ; ;1; ;12;202,095872500605
3371146;2;3;2;2;17; ;2; ; ;1;2; ; ;1; ;12;202,095872500605
3371147;1;1;2;2;15; ;2; ; ;1;2; ; ;1; ;12;171,001124978334
3371147;1;2;2;2;25; ;2; ; ;1;2; ; ;1; ;12;171,001124978334
3371148;1;1;1; ; ; ; ; ; ; ; ; ; ; ; ;12;192,146432163617
3371148;1;2;1; ; ; ; ; ; ; ; ; ; ; ; ;12;192,146432163617
3371150;1;1;2;2;17; ;2; ; ;1;2; ; ;1; ;12;336,878440983771
3371150;1;2;2;2;17; ;2; ; ;1;2; ; ;1; ;12;336,878440983771
3371150;1;3;2;2;17; ;2; ; ;1;2; ; ;1; ;12;336,878440983771
3371150;1;4;1; ; ; ; ; ; ; ; ; ; ; ; ;12;336,878440983771
3371150;1;5;2;2;17; ;1; ; ; ;2; ; ;1; ;12;336,878440983771
3371151;1;1;2;2;11; ;2; ; ;1;2; ; ;1; ;12;158,247075742613
3371152;1;1;2;2;76; ;2; ; ;1;2; ; ;1; ;12;215,527695336012
3371152;1;2;2;2;73; ;2; ; ;1;2; ; ;1; ;12;215,527695336012
3371152;1;3;2;2;76; ;2; ; ;1;2; ; ;1; ;12;215,527695336012
3371152;1;4;1; ; ; ; ; ; ; ; ; ; ; ; ;12;215,527695336012
3371153;1;1;1; ; ; ; ; ; ; ; ; ; ; ; ;12;210,695112680776
3371153;1;2;1; ; ; ; ; ; ; ; ; ; ; ; ;12;210,695112680776
3371153;1;3;1; ; ; ; ; ; ; ; ; ; ; ; ;12;210,695112680776
3371154;1;1;1; ; ; ; ; ; ; ; ; ; ; ; ;12;160,36701281153
3371154;1;2;2;2;17; ;2; ; ;1;2; ; ;1; ;12;160,36701281153
3371154;1;3;1; ; ; ; ; ; ; ; ; ; ; ; ;12;160,36701281153
3371154;1;4;1; ; ; ; ; ; ; ; ; ; ; ; ;12;160,36701281153
3371155;1;1;1; ; ; ; ; ; ; ; ; ; ; ; ;12;196,979455332836
3371155;1;2;1; ; ; ; ; ; ; ; ; ; ; ; ;12;196,979455332836
3371155;1;3;1; ; ; ; ; ; ; ; ; ; ; ; ;12;196,979455332836
3371156;1;1;2;2;17; ;2; ; ;1;2; ; ;1; ;12;336,878440983771
3371156;1;2;2;2;17; ;2; ; ;1;2; ; ;1; ;12;336,878440983771
3371156;1;3;1; ; ; ; ; ; ; ; ; ; ; ; ;12;336,878440983771
3371156;1;4;1; ; ; ; ; ; ; ; ; ; ; ; ;12;336,878440983771
3371156;1;5;1; ; ; ; ; ; ; ; ; ; ; ; ;12;336,878440983771
3371157;1;1;1; ; ; ; ; ; ; ; ; ; ; ; ;12;137,294786855342
3371157;1;2;2;2;17; ;3;17; ;2;3;17; ;2;1;12;137,294786855342
3371157;1;3;2;2;17; ;2; ; ;1;2; ; ;1; ;12;137,294786855342
3371157;1;4;1; ; ; ; ; ; ; ; ; ; ; ; ;12;137,294786855342
3371157;1;5;2;2;17; ;3;17; ;2;3;17; ;2;4;12;137,294786855342
3371158;1;1;2;2;50; ;2; ; ;1;2; ; ;1; ;12;671,541425450498
3371158;1;2;2;2;73; ;2; ; ;1;2; ; ;1; ;12;671,541425450498
3371158;1;3;2;2;50; ;2; ; ;1;2; ; ;1; ;12;671,541425450498
3371158;1;4;1; ; ; ; ; ; ; ; ; ; ; ; ;12;671,541425450498
3371158;1;5;2;2;50; ;3;95; ;1;3;95; ;1; ;12;671,541425450498
3371158;1;6;2;2;95; ;1; ; ; ;3;95; ;1; ;12;671,541425450498
3371159;1;1;1; ; ; ; ; ; ; ; ; ; ; ; ;12;511,830185626507
3371159;1;2;1; ; ; ; ; ; ; ; ; ; ; ; ;12;511,830185626507
3371159;1;3;1; ; ; ; ; ; ; ; ; ; ; ; ;12;511,830185626507
3371159;1;4;1; ; ; ; ; ; ; ; ; ; ; ; ;12;511,830185626507
3371160;1;1;2;1; ; ;2; ; ;1;2; ; ;1; ;12;566,254931861681
3371160;1;2;1; ; ; ; ; ; ; ; ; ; ; ; ;12;566,254931861681
3371160;1;3;2;2;50; ;2; ; ;1;2; ; ;1; ;12;566,254931861681
3371160;1;4;1; ; ; ; ; ; ; ; ; ; ; ; ;12;566,254931861681
3371161;1;1;2;2;50; ;2; ; ;2;2; ; ;2; ;12;870,567941307247
3371161;1;2;2;2;18; ;2; ; ;2;2; ; ;2; ;12;870,567941307247
3371161;1;3;1; ; ; ; ; ; ; ; ; ; ; ; ;12;870,567941307247
3371161;1;4;1; ; ; ; ; ; ; ; ; ; ; ; ;12;870,567941307247
3371162;1;1;2;2;25; ;2; ; ;2;2; ; ;2; ;12;660,549372920573
3371163;1;1;1; ; ; ; ; ; ; ; ; ; ; ; ;12;1094,48502864983
3371164;1;1;2;2;50; ;3;50; ;1;2; ; ;2; ;12;660,549372920573
3371165;1;1;2;2;25; ;2; ; ;2;2; ; ;2; ;12;864,055293046898
3371166;1;1;2;2;15; ;2; ; ;2;2; ; ;2; ;12;660,549372920573
3371167;1;1;1; ; ; ; ; ; ; ; ; ; ; ; ;12;597,166972960425
3371167;1;2;1; ; ; ; ; ; ; ; ; ; ; ; ;12;597,166972960425
3371167;1;3;1; ; ; ; ; ; ; ; ; ; ; ; ;12;597,166972960425
3371167;1;4;1; ; ; ; ; ; ; ; ; ; ; ; ;12;597,166972960425
3371168;1;1;2;2;73; ;3;25; ;2;2; ; ;2; ;12;1094,48502864983
3371169;1;1;2;2;73; ;3;17; ;1;2; ; ;1; ;12;563,090045596212
3371169;1;2;2;2;17; ;3;86; ;1;2; ; ;1; ;12;563,090045596212
3371170;1;1;2;2;50; ;3;76; ;1;2; ; ;2; ;12;1094,48502864983
3371171;1;1;2;2;05; ;2; ; ;2;2; ; ;2; ;12;698,39416911333
3371172;1;1;2;2;76; ;2; ; ;1;2; ; ;1;1;12;789,662065563721
3371173;1;1;2;2;73; ;2; ; ;2;2; ; ;2; ;12;660,549372920573
3371174;1;1;2;2;15; ;2; ; ;2;2; ; ;2; ;12;465,495227232644
3371174;1;2;2;2;50; ;2; ; ;2;2; ; ;2; ;12;465,495227232644
3371174;1;3;2;1; ; ;2; ; ;2;2; ; ;2; ;12;465,495227232644
3371174;1;4;1; ; ; ; ; ; ; ; ; ; ; ; ;12;465,495227232644
3371177;1;1;2;2;68; ;2; ; ;1;2; ; ;1; ;12;799,896440605167
3371177;1;2;2;2;68; ;2; ; ;1;2; ; ;1; ;12;799,896440605167
3371177;1;3;1; ; ; ; ; ; ; ; ; ; ; ; ;12;799,896440605167
3371177;1;4;1; ; ; ; ; ; ; ; ; ; ; ; ;12;799,896440605167
3371177;1;5;2;2;63; ;2; ; ;1;2; ; ;1; ;12;799,896440605167
3371177;1;6;2;2;68; ;2; ; ;1;2; ; ;1; ;12;799,896440605167
3371178;1;1;2;2;76; ;2; ; ;1;2; ; ;1; ;12;504,175824860106
3371179;1;1;2;2;05; ;3;17; ;2;3;50; ;2;1;12;743,918674613275
3371179;1;2;2;2;17; ;3;50; ;2;3;50; ;2;1;12;743,918674613275
3371179;1;3;2;2;50; ;3;17; ;2;3;50; ;2;1;12;743,918674613275
3371179;1;4;2;2;17; ;3;17; ;2;3;50; ;2;1;12;743,918674613275
3371180;1;1;1; ; ; ; ; ; ; ; ; ; ; ; ;12;698,13783618492
3371180;1;2;2;1; ; ;3;50; ;1;2; ; ;1; ;12;698,13783618492
3371180;1;3;2;2;50; ;3;50; ;1;2; ; ;1; ;12;698,13783618492
3371180;1;4;2;2;25; ;2; ; ;1;2; ; ;1; ;12;698,13783618492
3371180;1;5;1; ; ; ; ; ; ; ; ; ; ; ; ;12;698,13783618492
3371181;1;1;2;2;73; ;3;50; ;1;3;50; ;2; ;12;564,241773318813
3371181;1;2;2;2;73; ;3;50; ;1;3;50; ;2; ;12;564,241773318813
3371182;1;1;1; ; ; ; ; ; ; ; ; ; ; ; ;12;862,912711464826
3371182;1;2;1; ; ; ; ; ; ; ; ; ; ; ; ;12;862,912711464826
3371184;1;1;1; ; ; ; ; ; ; ; ; ; ; ; ;12;892,715309777389
3371184;1;2;2;2;44; ;2; ; ;2;2; ; ;2; ;12;892,715309777389
3371184;1;3;1; ; ; ; ; ; ; ; ; ; ; ; ;12;892,715309777389
3371185;1;1;2;2;73; ;2; ; ;2;2; ; ;2; ;12;697,067544417646
3371185;1;2;2;2;50; ;2; ; ;2;2; ; ;2; ;12;697,067544417646
3371185;1;3;2;2;50; ;2; ; ;2;2; ; ;2; ;12;697,067544417646
3371186;1;1;1; ; ; ; ; ; ; ; ; ; ; ; ;12;1363,56002011732
3371186;1;2;2;2;50; ;2; ; ;2;2; ; ;2; ;12;1363,56002011732
3371186;1;3;2;2;50; ;2; ; ;2;2; ; ;2; ;12;1363,56002011732
3371186;1;4;2;2;50; ;2; ; ;2;2; ; ;2; ;12;1363,56002011732
3371186;1;5;2;2;50; ;2; ; ;2;2; ; ;2; ;12;1363,56002011732
3371186;1;6;2;2;97; ;3;50; ;1;2; ; ;2; ;12;1363,56002011732
3371190;1;1;2;2;68; ;2; ; ;1;2; ; ;1; ;12;376,876608939406
3371190;1;2;2;2;68; ;2; ; ;1;2; ; ;1; ;12;376,876608939406
3371190;1;3;1; ; ; ; ; ; ; ; ; ; ; ; ;12;376,876608939406
3371193;1;1;2;2;76; ;2; ; ;2;2; ; ;2; ;12;1025,54108087622
3371193;1;2;2;2;73; ;2; ; ;2;2; ; ;2; ;12;1025,54108087622
3371193;1;3;2;2;50; ;3;50; ;1;3;50; ;2; ;12;1025,54108087622
3371193;1;4;1; ; ; ; ; ; ; ; ; ; ; ; ;12;1025,54108087622
3371195;1;1;1; ; ; ; ; ; ; ; ; ; ; ; ;12;509,492048365496
3371195;1;2;2;2;76; ;2; ; ;2;2; ; ;2; ;12;509,492048365496
3371195;1;3;2;2;50; ;2; ; ;2;2; ; ;2; ;12;509,492048365496
3371195;1;4;2;2;50; ;2; ; ;2;2; ; ;2; ;12;509,492048365496
3371196;1;1;2;2;76; ;3;63; ;1;3;19; ;2; ;12;1847,62892271648
3371196;1;2;2;2;18; ;3;18; ;1;3;19; ;2; ;12;1847,62892271648
3371196;1;3;2;2;18; ;1; ; ; ;3;19; ;2; ;12;1847,62892271648
3371196;1;4;2;2;86; ;1; ; ; ;3;19; ;2; ;12;1847,62892271648
3371196;1;5;1; ; ; ; ; ; ; ; ; ; ; ; ;12;1847,62892271648
3371197;1;1;1; ; ; ; ; ; ; ; ; ; ; ; ;12;682,677604430953
3371197;1;2;1; ; ; ; ; ; ; ; ; ; ; ; ;12;682,677604430953
3371197;1;3;1; ; ; ; ; ; ; ; ; ; ; ; ;12;682,677604430953
3371197;1;4;2;2;50; ;3;50; ;1;2; ; ;1; ;12;682,677604430953
3371198;1;1;1; ; ; ; ; ; ; ; ; ; ; ; ;12;698,39416911333
3371199;1;1;2;1; ; ;3;50; ;2;3;50; ;2; ;12;1723,13270815674
3371199;1;2;1; ; ; ; ; ; ; ; ; ; ; ; ;12;1723,13270815674
3371199;1;3;1; ; ; ; ; ; ; ; ; ; ; ; ;12;1723,13270815674
3371199;1;4;1; ; ; ; ; ; ; ; ; ; ; ; ;12;1723,13270815674
3371200;1;1;2;2;50; ;2; ; ;2;2; ; ;2; ;12;854,870513584632
3371200;1;2;2;2;50; ;2; ; ;2;2; ; ;2; ;12;854,870513584632
3371200;1;3;1; ; ; ; ; ; ; ; ; ; ; ; ;12;854,870513584632
3371201;1;1;1; ; ; ; ; ; ; ; ; ; ; ; ;12;504,482605007473
3371201;1;2;1; ; ; ; ; ; ; ; ; ; ; ; ;12;504,482605007473
3371201;1;3;1; ; ; ; ; ; ; ; ; ; ; ; ;12;504,482605007473
3371202;1;1;2;2;85; ;2; ; ;1;2; ; ;1; ;12;802,832895349381
3371202;1;2;1; ; ; ; ; ; ; ; ; ; ; ; ;12;802,832895349381
3371202;1;3;1; ; ; ; ; ; ; ; ; ; ; ; ;12;802,832895349381
3371202;1;4;1; ; ; ; ; ; ; ; ; ; ; ; ;12;802,832895349381
3371202;1;5;1; ; ; ; ; ; ; ; ; ; ; ; ;12;802,832895349381
3371203;1;1;2;2;73; ;3;25; ;2;3;73; ;2; ;12;564,241773318813
3371203;1;2;2;2;73; ;3;25; ;2;3;73; ;2; ;12;564,241773318813
3371204;1;1;1; ; ; ; ; ; ; ; ; ; ; ; ;12;1227,90441942048
3371204;1;2;1; ; ; ; ; ; ; ; ; ; ; ; ;12;1227,90441942048
3371204;1;3;1; ; ; ; ; ; ; ; ; ; ; ; ;12;1227,90441942048
3371204;1;4;1; ; ; ; ; ; ; ; ; ; ; ; ;12;1227,90441942048
3371204;1;5;1; ; ; ; ; ; ; ; ; ; ; ; ;12;1227,90441942048
3371205;1;1;2;2;50; ;2; ; ;2;2; ; ;2; ;12;905,582907901994
3371205;1;2;2;2;50; ;2; ; ;2;2; ; ;2; ;12;905,582907901994
3371205;1;3;2;2;50; ;2; ; ;2;2; ; ;2; ;12;905,582907901994
3371205;1;4;1; ; ; ; ; ; ; ; ; ; ; ; ;12;905,582907901994
3371206;1;1;1; ; ; ; ; ; ; ; ; ; ; ; ;12;998,568312161669
3371206;1;2;1; ; ; ; ; ; ; ; ; ; ; ; ;12;998,568312161669
3371206;1;3;1; ; ; ; ; ; ; ; ; ; ; ; ;12;998,568312161669
3371207;1;1;2;2;50; ;2; ; ;2;2; ; ;2; ;12;1000,071517064
3371207;1;2;2;2;50; ;2; ; ;2;2; ; ;2; ;12;1000,071517064
3371207;1;3;1; ; ; ; ; ; ; ; ; ; ; ; ;12;1000,071517064
3371207;1;4;1; ; ; ; ; ; ; ; ; ; ; ; ;12;1000,071517064
3371207;1;5;1; ; ; ; ; ; ; ; ; ; ; ; ;12;1000,071517064
3371208;1;1;1; ; ; ; ; ; ; ; ; ; ; ; ;12;598,008392928394
3371208;1;2;1; ; ; ; ; ; ; ; ; ; ; ; ;12;598,008392928394
3371209;1;1;2;2;73; ;3;50; ;2;2; ; ;2; ;12;660,549372920573
3371210;1;1;1; ; ; ; ; ; ; ; ; ; ; ; ;12;509,834994597935
3371210;1;2;1; ; ; ; ; ; ; ; ; ; ; ; ;12;509,834994597935
3371214;1;1;2;2;15; ;2; ; ;1;2; ; ;1; ;12;504,175824860106
3371215;1;1;1; ; ; ; ; ; ; ; ; ; ; ; ;12;444,420184156031
3371215;1;2;1; ; ; ; ; ; ; ; ; ; ; ; ;12;444,420184156031
3371216;1;1;2;2;50; ;2; ; ;1;2; ; ;1; ;12;802,832895349381
3371216;1;2;2;2;73; ;2; ; ;2;2; ; ;1; ;12;802,832895349381
3371216;1;3;1; ; ; ; ; ; ; ; ; ; ; ; ;12;802,832895349381
3371216;1;4;1; ; ; ; ; ; ; ; ; ; ; ; ;12;802,832895349381
3371216;1;5;1; ; ; ; ; ; ; ; ; ; ; ; ;12;802,832895349381
3371217;1;1;2;2;17; ;2; ; ;2;2; ; ;2; ;12;1134,22391285851
3371217;1;2;1; ; ; ; ; ; ; ; ; ; ; ; ;12;1134,22391285851
3371217;1;3;1; ; ; ; ; ; ; ; ; ; ; ; ;12;1134,22391285851
3371217;1;4;1; ; ; ; ; ; ; ; ; ; ; ; ;12;1134,22391285851
3371218;1;1;1; ; ; ; ; ; ; ; ; ; ; ; ;12;695,868957272066
3371218;1;2;1; ; ; ; ; ; ; ; ; ; ; ; ;12;695,868957272066
3371218;1;3;1; ; ; ; ; ; ; ; ; ; ; ; ;12;695,868957272066
3371218;1;4;1; ; ; ; ; ; ; ; ; ; ; ; ;12;695,868957272066
3371219;1;1;1; ; ; ; ; ; ; ; ; ; ; ; ;12;564,241773318813
3371219;1;2;1; ; ; ; ; ; ; ; ; ; ; ; ;12;564,241773318813
3371220;1;1;1; ; ; ; ; ; ; ; ; ; ; ; ;12;461,907230679119
3371220;1;2;1; ; ; ; ; ; ; ; ; ; ; ; ;12;461,907230679119
3371220;1;3;1; ; ; ; ; ; ; ; ; ; ; ; ;12;461,907230679119
3371221;1;1;2;2;76; ;3;76; ;1;3;76; ;1;1;12;698,39416911333
3371224;1;1;2;2;17; ;2; ; ;2;2; ; ;1; ;12;763,378802490213
3371224;1;2;1; ; ; ; ; ; ; ; ; ; ; ; ;12;763,378802490213
3371224;1;3;1; ; ; ; ; ; ; ; ; ; ; ; ;12;763,378802490213
3371224;1;4;1; ; ; ; ; ; ; ; ; ; ; ; ;12;763,378802490213
3371224;1;5;1; ; ; ; ; ; ; ; ; ; ; ; ;12;763,378802490213
3371225;1;1;2;2;50; ;2; ; ;2;2; ; ;2; ;12;831,219940212163
3371225;1;2;2;2;50; ;3;50; ;1;2; ; ;2; ;12;831,219940212163
3371226;1;1;2;2;50; ;3;63; ;1;2; ; ;2; ;12;892,715309777389
3371226;1;2;2;2;18; ;3;63; ;1;2; ; ;2; ;12;892,715309777389
3371226;1;3;1; ; ; ; ; ; ; ; ; ; ; ; ;12;892,715309777389
3371227;1;1;1; ; ; ; ; ; ; ; ; ; ; ; ;12;864,055293046898
3371229;1;1;2;2;05; ;2; ; ;2;2; ; ;2; ;12;600,790204609233
3371229;1;2;2;2;17; ;2; ; ;2;2; ; ;2; ;12;600,790204609233
3371230;1;1;2;2;73; ;2; ; ;2;2; ; ;2; ;12;771,460771900823
3371230;1;2;2;2;73; ;2; ; ;2;2; ; ;2; ;12;771,460771900823
3371230;1;3;1; ; ; ; ; ; ; ; ; ; ; ; ;12;771,460771900823
3371231;1;1;2;2;73; ;2; ; ;1;2; ; ;2; ;12;600,790204609233
3371231;1;2;2;2;63; ;2; ; ;1;2; ; ;2; ;12;600,790204609233
3371232;1;1;2;2;15; ;2; ; ;1;2; ; ;2; ;12;1124,85117520681
3371232;1;2;2;2;11; ;2; ; ;1;2; ; ;2; ;12;1124,85117520681
3371232;1;3;2;2;50; ;2; ; ;1;2; ; ;2; ;12;1124,85117520681
3371233;1;1;2;2;66; ;2; ; ;1;2; ; ;1; ;12;504,175824860106
3371234;1;1;2;2;76; ;2; ; ;1;2; ; ;1; ;12;593,666169281241
3371235;1;1;2;2;25; ;2; ; ;1;2; ; ;1; ;12;593,666169281241
3371236;1;1;2;2;50; ;2; ; ;1;2; ; ;2; ;12;472,973876868422
3371236;1;2;2;2;25; ;3;25; ;2;2; ; ;2; ;12;472,973876868422
3371238;1;1;2;2;50; ;2; ; ;2;2; ; ;2; ;12;1190,05962322772
3371238;1;2;2;2;73; ;2; ; ;2;2; ; ;2; ;12;1190,05962322772
3371238;1;3;2;2;11; ;2; ; ;2;2; ; ;2; ;12;1190,05962322772
3371238;1;4;1; ; ; ; ; ; ; ; ; ; ; ; ;12;1190,05962322772
3371238;1;5;2;1; ; ;3;50; ;1;2; ; ;1;1;12;1190,05962322772
3371239;1;1;2;2;73; ;3;73; ;2;3;73; ;2; ;12;698,39416911333
3371240;1;1;2;2;25; ;2; ; ;2;2; ; ;2; ;12;600,790204609233
3371240;1;2;2;2;63; ;2; ; ;2;2; ; ;2; ;12;600,790204609233
3371241;1;1;2;2;50; ;2; ; ;2;2; ; ;2; ;12;577,530325984416
3371241;1;2;2;2;50; ;2; ; ;2;2; ; ;2; ;12;577,530325984416
3371241;1;3;1; ; ; ; ; ; ; ; ; ; ; ; ;12;577,530325984416
3371241;1;4;1; ; ; ; ; ; ; ; ; ; ; ; ;12;577,530325984416
3371241;1;5;2;2;50; ;2; ; ;2;2; ; ;2; ;12;577,530325984416
3371241;1;6;2;2;50; ;2; ; ;2;2; ; ;2; ;12;577,530325984416
3371242;1;1;2;2;17; ;3;05; ;2;3;99; ;2; ;12;698,39416911333
3371243;1;1;2;2;15; ;3;15; ;2;2; ; ;2; ;12;1094,48502864983
3371246;1;1;2;2;50; ;2; ; ;1;2; ; ;1; ;12;538,526440108601
3371246;1;2;2;2;05; ;2; ; ;1;2; ; ;1; ;12;538,526440108601
3371247;1;1;2;2;73; ;2; ; ;1;2; ; ;1; ;12;509,834994597935
3371247;1;2;2;2;73; ;2; ; ;1;2; ; ;1; ;12;509,834994597935
3371248;1;1;2;2;73; ;2; ; ;1;2; ; ;1; ;12;489,613612757477
3371248;1;2;2;2;73; ;2; ; ;1;2; ; ;1; ;12;489,613612757477
3371248;1;3;1; ; ; ; ; ; ; ; ; ; ; ; ;12;489,613612757477
3371249;1;1;2;2;73; ;2; ; ;1;2; ; ;1; ;12;516,799445617532
3371249;1;2;1; ; ; ; ; ; ; ; ; ; ; ; ;12;516,799445617532
3371250;1;1;2;2;95; ;2; ; ;1;2; ; ;1; ;12;742,748979376379
3371250;1;2;2;2;50; ;2; ; ;1;2; ; ;1; ;12;742,748979376379
3371250;1;3;2;2;50; ;2; ; ;1;2; ; ;1; ;12;742,748979376379
3371250;1;4;1; ; ; ; ; ; ; ; ; ; ; ; ;12;742,748979376379
3371251;1;1;1; ; ; ; ; ; ; ; ; ; ; ; ;12;618,560062336503
3371251;1;2;2;2;05; ;3;05; ;1;2; ; ;1; ;12;618,560062336503
3371251;1;3;2;2;05; ;3;05; ;1;3;05; ;1; ;12;618,560062336503
3371251;1;4;1; ; ; ; ; ; ; ; ; ; ; ; ;12;618,560062336503
3371251;1;5;2;2;25; ;2; ; ;2;2; ; ;1; ;12;618,560062336503
3371252;1;1;2;2;50; ;2; ; ;2;2; ; ;2; ;12;1131,0032001469
3371252;1;2;2;2;50; ;2; ; ;2;2; ; ;2; ;12;1131,0032001469
3371252;1;3;2;2;50; ;2; ; ;2;2; ; ;2; ;12;1131,0032001469
3371253;1;1;1; ; ; ; ; ; ; ; ; ; ; ; ;12;656,081193696531
3371253;1;2;2;2;18; ;2; ; ;1;2; ; ;1; ;12;656,081193696531
3371253;1;3;2;1; ; ;3;50; ;1;2; ; ;1; ;12;656,081193696531
3371253;1;4;2;2;50; ;2; ; ;1;2; ; ;1; ;12;656,081193696531
3371253;1;5;1; ; ; ; ; ; ; ; ; ; ; ; ;12;656,081193696531
3371254;1;1;2;2;13; ;3;68; ;2;2; ; ;2; ;12;734,912340610404
3371254;1;2;2;2;17; ;3;68; ;2;2; ; ;2; ;12;734,912340610404
3371254;1;3;2;2;68; ;3;68; ;2;2; ; ;2; ;12;734,912340610404
3371255;1;1;2;2;73; ;2; ; ;2;2; ; ;2; ;12;1333,75742180476
3371255;1;2;2;2;50; ;2; ; ;2;2; ; ;2; ;12;1333,75742180476
3371255;1;3;2;2;50; ;2; ; ;2;2; ; ;2; ;12;1333,75742180476
3371255;1;4;1; ; ; ; ; ; ; ; ; ; ; ; ;12;1333,75742180476
3371255;1;5;1; ; ; ; ; ; ; ; ; ; ; ; ;12;1333,75742180476
3371256;1;1;2;2;20; ;2; ; ;2;2; ; ;2; ;12;698,39416911333
3371258;1;1;2;2;50; ;2; ; ;2;2; ; ;2; ;12;862,912711464826
3371258;1;2;1; ; ; ; ; ; ; ; ; ; ; ; ;12;862,912711464826
3371259;1;1;2;2;66; ;2; ; ;2;2; ; ;2; ;12;660,549372920573
3371260;1;1;2;2;76; ;3;50; ;1;2; ; ;1; ;12;509,834994597935
3371260;1;2;2;2;50; ;3;50; ;1;2; ; ;1; ;12;509,834994597935
3371261;1;1;2;2;50; ;2; ; ;2;2; ; ;2; ;12;605,799647967255
3371261;1;2;1; ; ; ; ; ; ; ; ; ; ; ; ;12;605,799647967255
3371261;1;3;2;2;73; ;2; ; ;2;2; ; ;2; ;12;605,799647967255
3371262;1;1;2;2;15; ;3;11; ;1;2; ; ;1; ;12;540,247943252892
3371262;1;2;2;2;50; ;3;11; ;1;2; ; ;1; ;12;540,247943252892
3371262;1;3;2;2;50; ;3;11; ;1;2; ; ;1; ;12;540,247943252892
3371262;1;4;2;2;50; ;3;11; ;1;2; ; ;1; ;12;540,247943252892
3371262;1;5;2;2;50; ;3;11; ;1;2; ; ;1; ;12;540,247943252892
3371263;1;1;2;2;68; ;3;11; ;1;2; ; ;1; ;12;611,729185063055
3371263;1;2;2;2;50; ;2; ; ;1;2; ; ;1; ;12;611,729185063055
3371264;1;1;2;2;05; ;2; ; ;2;2; ; ;2; ;12;1221,18884623597
3371264;1;2;2;2;76; ;2; ; ;2;2; ; ;2; ;12;1221,18884623597
3371264;1;3;2;2;17; ;2; ; ;2;2; ; ;2; ;12;1221,18884623597
3371264;1;4;1; ; ; ; ; ; ; ; ; ; ; ; ;12;1221,18884623597
3371265;1;1;2;2;50; ;3;50; ;1;2; ; ;2; ;12;698,39416911333
3371266;1;1;2;2;73; ;2; ; ;2;2; ; ;2; ;12;698,39416911333
3371267;1;1;2;1; ; ;3;11; ;1;2; ; ;2; ;12;1223,98860440658
3371267;1;2;2;2;11; ;1; ; ; ;2; ; ;2; ;12;1223,98860440658
3371269;1;1;2;2;25; ;3;25; ;2;2; ; ;2; ;12;1134,22391285851
3371269;1;2;2;2;25; ;3;25; ;2;2; ; ;2; ;12;1134,22391285851
3371269;1;3;1; ; ; ; ; ; ; ; ; ; ; ; ;12;1134,22391285851
3371269;1;4;2;2;25; ;3;25; ;2;2; ; ;2; ;12;1134,22391285851
3371270;1;1;2;2;25; ;3;50; ;2;3;50; ;2; ;12;564,241773318813
3371270;1;2;2;2;25; ;3;95; ;2;3;95; ;2; ;12;564,241773318813
3371271;1;1;1; ; ; ; ; ; ; ; ; ; ; ; ;12;705,561753131343
3371271;1;2;2;2;50; ;2; ; ;1;2; ; ;1; ;12;705,561753131343
3371271;1;3;1; ; ; ; ; ; ; ; ; ; ; ; ;12;705,561753131343
3371272;1;1;2;2;20; ;2; ; ;2;2; ; ;2; ;12;698,39416911333
3371273;1;1;2;2;85; ;2; ; ;1;2; ; ;1; ;12;444,420184156031
3371273;1;2;1; ; ; ; ; ; ; ; ; ; ; ; ;12;444,420184156031
3371274;1;1;2;2;25; ;2; ; ;1;2; ; ;1; ;12;535,316297480106
3371274;1;2;2;2;50; ;2; ; ;1;2; ; ;1; ;12;535,316297480106
3371274;1;3;1; ; ; ; ; ; ; ; ; ; ; ; ;12;535,316297480106
3371274;1;4;1; ; ; ; ; ; ; ; ; ; ; ; ;12;535,316297480106
3371275;1;1;2;2;97; ;2; ; ;1;2; ; ;1; ;12;726,191576245177
3371275;1;2;1; ; ; ; ; ; ; ; ; ; ; ; ;12;726,191576245177
3371275;1;3;1; ; ; ; ; ; ; ; ; ; ; ; ;12;726,191576245177
3371275;1;4;1; ; ; ; ; ; ; ; ; ; ; ; ;12;726,191576245177
3371277;1;1;1; ; ; ; ; ; ; ; ; ; ; ; ;12;707,556944159915
3371277;1;2;1; ; ; ; ; ; ; ; ; ; ; ; ;12;707,556944159915
3371277;1;3;1; ; ; ; ; ; ; ; ; ; ; ; ;12;707,556944159915
3371277;1;4;1; ; ; ; ; ; ; ; ; ; ; ; ;12;707,556944159915
3371277;1;5;1; ; ; ; ; ; ; ; ; ; ; ; ;12;707,556944159915
3371278;1;1;2;2;73; ;2; ; ;1;2; ; ;1; ;12;617,679015851572
3371278;1;2;2;2;50; ;2; ; ;1;2; ; ;1; ;12;617,679015851572
3371278;1;3;1; ; ; ; ; ; ; ; ; ; ; ; ;12;617,679015851572
3371278;1;4;1; ; ; ; ; ; ; ; ; ; ; ; ;12;617,679015851572
3371278;1;5;1; ; ; ; ; ; ; ; ; ; ; ; ;12;617,679015851572
3371278;1;6;1; ; ; ; ; ; ; ; ; ; ; ; ;12;617,679015851572
3371278;1;7;1; ; ; ; ; ; ; ; ; ; ; ; ;12;617,679015851572
3371278;1;8;2;2;05; ;3;05; ;2;2; ; ;1; ;12;617,679015851572
3371279;1;1;2;2;85; ;3;50; ;2;2; ; ;1; ;12;799,394321199631
3371279;1;2;2;2;95; ;3;95; ;1;2; ; ;1; ;12;799,394321199631
3371279;1;3;2;2;95; ;3;95; ;1;2; ; ;1; ;12;799,394321199631
3371279;1;4;2;2;95; ;3;95; ;1;2; ; ;1; ;12;799,394321199631
3371280;1;1;2;2;50; ;2; ; ;2;2; ; ;2; ;12;870,567941307247
3371280;1;2;2;2;50; ;2; ; ;2;2; ; ;2; ;12;870,567941307247
3371280;1;3;1; ; ; ; ; ; ; ; ; ; ; ; ;12;870,567941307247
3371280;1;4;1; ; ; ; ; ; ; ; ; ; ; ; ;12;870,567941307247
3371281;1;1;2;2;50; ;3;50; ;2;3;50; ;1;1;12;870,567941307247
3371281;1;2;2;2;50; ;3;50; ;1;3;50; ;1;4;12;870,567941307247
3371281;1;3;2;2;50; ;3;50; ;1;3;50; ;1;4;12;870,567941307247
3371281;1;4;2;2;50; ;3;50; ;1;3;50; ;1;4;12;870,567941307247
3371282;1;1;1; ; ; ; ; ; ; ; ; ; ; ; ;12;705,561753131343
3371282;1;2;2;2;50; ;3;50; ;1;3;50; ;1; ;12;705,561753131343
3371282;1;3;1; ; ; ; ; ; ; ; ; ; ; ; ;12;705,561753131343
3371283;1;1;2;2;41; ;2; ; ;2;2; ; ;2; ;12;831,219940212163
3371283;1;2;2;2;25; ;3;25; ;2;3;25; ;2; ;12;831,219940212163
3371284;1;1;2;2;25; ;2; ; ;2;2; ; ;2; ;12;1070,10145025349
3371284;1;2;2;2;50; ;2; ; ;2;2; ; ;2; ;12;1070,10145025349
3371284;1;3;2;2;25; ;2; ; ;2;2; ; ;2; ;12;1070,10145025349
3371284;1;4;2;2;25; ;2; ; ;2;2; ; ;2; ;12;1070,10145025349
3371284;1;5;2;2;25; ;2; ; ;2;2; ; ;2; ;12;1070,10145025349
3371286;1;1;2;2;50; ;2; ; ;2;2; ; ;2; ;12;660,549372920573
3371287;1;1;2;2;25; ;2; ; ;2;2; ; ;2; ;12;771,460771900823
3371287;1;2;2;2;25; ;2; ; ;2;2; ; ;2; ;12;771,460771900823
3371287;1;3;1; ; ; ; ; ; ; ; ; ; ; ; ;12;771,460771900823
3371288;1;1;1; ; ; ; ; ; ; ; ; ; ; ; ;12;870,567941307247
3371288;1;2;2;2;50; ;2; ; ;2;2; ; ;2; ;12;870,567941307247
3371288;1;3;2;2;50; ;2; ; ;2;2; ; ;2; ;12;870,567941307247
3371288;1;4;2;2;50; ;2; ; ;2;2; ; ;2; ;12;870,567941307247
3371289;1;1;2;2;05; ;2; ; ;2;2; ; ;2; ;12;854,870513584632
3371289;1;2;2;1; ; ;3;50; ;1;2; ; ;2; ;12;854,870513584632
3371289;1;3;2;2;05; ;3;50; ;1;2; ; ;2; ;12;854,870513584632
3371292;1;1;2;2;76; ;3;50; ;2;2; ; ;1; ;12;503,334404892137
3371292;1;2;2;2;25; ;2; ; ;2;2; ; ;1; ;12;503,334404892137
3371292;1;3;2;2;50; ;2; ; ;1;2; ; ;1; ;12;503,334404892137
3371293;1;1;2;2;15; ;3;15; ;2;2; ; ;1; ;12;877,207347839454
3371293;1;2;2;2;25; ;3;15; ;2;2; ; ;1; ;12;877,207347839454
3371293;1;3;2;2;50; ;3;15; ;2;2; ; ;1; ;12;877,207347839454
3371293;1;4;2;1; ; ;3;15; ;2;2; ; ;1; ;12;877,207347839454
3371293;1;5;2;1; ; ;3;15; ;2;2; ; ;1; ;12;877,207347839454
3371293;1;6;2;1; ; ;3;15; ;2;2; ; ;1; ;12;877,207347839454
3371293;1;7;2;1; ; ;3;15; ;2;2; ; ;1; ;12;877,207347839454
3371294;1;1;1; ; ; ; ; ; ; ; ; ; ; ; ;12;675,239134158231
3371294;1;2;1; ; ; ; ; ; ; ; ; ; ; ; ;12;675,239134158231
3371294;1;3;1; ; ; ; ; ; ; ; ; ; ; ; ;12;675,239134158231
3371296;1;1;2;2;50; ;2; ; ;2;2; ; ;2; ;12;1335,26062670708
3371296;1;2;2;2;50; ;2; ; ;2;2; ; ;2; ;12;1335,26062670708
3371296;1;3;1; ; ; ; ; ; ; ; ; ; ; ; ;12;1335,26062670708
3371296;1;4;1; ; ; ; ; ; ; ; ; ; ; ; ;12;1335,26062670708
3371296;1;5;1; ; ; ; ; ; ; ; ; ; ; ; ;12;1335,26062670708
3371296;1;6;1; ; ; ; ; ; ; ; ; ; ; ; ;12;1335,26062670708
3371296;1;7;1; ; ; ; ; ; ; ; ; ; ; ; ;12;1335,26062670708
3371297;1;1;2;2;76; ;3;81; ;2;2; ; ;2; ;12;862,912711464826
3371297;1;2;1; ; ; ; ; ; ; ; ; ; ; ; ;12;862,912711464826
3371298;1;1;2;2;50; ;3;50; ;2;3;25; ;2; ;12;698,39416911333
3371299;1;1;2;2;11; ;3;11; ;1;2; ; ;1; ;12;479,612219372495
3371300;1;1;2;2;18; ;2; ; ;1;2; ; ;1; ;12;573,444787440783
3371300;1;2;1; ; ; ; ; ; ; ; ; ; ; ; ;12;573,444787440783
3371301;1;1;2;2;50; ;2; ; ;1;2; ; ;1; ;12;971,039915907742
3371301;1;2;2;2;50; ;2; ; ;1;2; ; ;1; ;12;971,039915907742
3371301;1;3;1; ; ; ; ; ; ; ; ; ; ; ; ;12;971,039915907742
3371301;1;4;1; ; ; ; ; ; ; ; ; ; ; ; ;12;971,039915907742
3371301;1;5;1; ; ; ; ; ; ; ; ; ; ; ; ;12;971,039915907742
3371301;1;6;1; ; ; ; ; ; ; ; ; ; ; ; ;12;971,039915907742
3371301;1;7;1; ; ; ; ; ; ; ; ; ; ; ; ;12;971,039915907742
3371301;1;8;1; ; ; ; ; ; ; ; ; ; ; ; ;12;971,039915907742
3371302;1;1;2;2;05; ;2; ; ;2;2; ; ;2; ;12;660,549372920573
3371303;1;1;2;2;54; ;2; ; ;1;2; ; ;2; ;12;1437,32936813533
3371303;1;2;2;2;50; ;2; ; ;1;2; ; ;2; ;12;1437,32936813533
3371303;1;3;2;2;50; ;2; ; ;1;2; ; ;2; ;12;1437,32936813533
3371303;1;4;1; ; ; ; ; ; ; ; ; ; ; ; ;12;1437,32936813533
3371303;1;5;2;2;50; ;1; ; ; ;2; ; ;2; ;12;1437,32936813533
3371304;1;1;1; ; ; ; ; ; ; ; ; ; ; ; ;12;1394,65917169817
3371304;1;2;2;2;50; ;3;50; ;1;2; ; ;2; ;12;1394,65917169817
3371304;1;3;2;2;50; ;1; ; ; ;1; ; ; ; ;12;1394,65917169817
3371306;1;1;2;2;25; ;2; ; ;2;2; ; ;2; ;12;1190,05962322772
3371306;1;2;2;2;76; ;2; ; ;2;2; ; ;2; ;12;1190,05962322772
3371306;1;3;2;2;50; ;2; ; ;2;2; ; ;2; ;12;1190,05962322772
3371306;1;4;2;2;50; ;2; ; ;2;2; ; ;2; ;12;1190,05962322772
3371306;1;5;2;2;50; ;1; ; ; ;2; ; ;2; ;12;1190,05962322772
3371308;1;1;1; ; ; ; ; ; ; ; ; ; ; ; ;12;925,317666260564
3371308;1;2;2;2;50; ;1; ; ; ;2; ; ;1;4;12;925,317666260564
3371309;1;1;2;2;15; ;2; ; ;2;2; ; ;2; ;12;660,549372920573
3371310;1;1;2;2;50; ;2; ; ;1;2; ; ;1; ;12;717,595951763135
3371310;1;2;2;2;50; ;2; ; ;1;2; ; ;1; ;12;717,595951763135
3371310;1;3;2;2;50; ;2; ; ;1;2; ; ;1; ;12;717,595951763135
3371310;1;4;2;2;50; ;2; ; ;1;2; ; ;1; ;12;717,595951763135
3371311;1;1;2;2;50; ;2; ; ;2;2; ; ;2;1;12;705,561753131343
3371311;1;2;1; ; ; ; ; ; ; ; ; ; ; ; ;12;705,561753131343
3371311;1;3;1; ; ; ; ; ; ; ; ; ; ; ; ;12;705,561753131343
3371312;1;1;2;2;63; ;2; ; ;1;2; ; ;1; ;12;538,526440108601
3371312;1;2;2;2;50; ;2; ; ;1;2; ; ;1; ;12;538,526440108601
3371313;1;1;2;2;50; ;2; ; ;1;2; ; ;1; ;12;538,526440108601
3371313;1;2;2;2;76; ;2; ; ;1;2; ; ;1; ;12;538,526440108601
3371314;1;1;2;2;63; ;2; ; ;2;2; ; ;1; ;12;612,900892598674
3371314;1;2;1; ; ; ; ; ; ; ; ; ; ; ; ;12;612,900892598674
3371314;1;3;1; ; ; ; ; ; ; ; ; ; ; ; ;12;612,900892598674
3371314;1;4;1; ; ; ; ; ; ; ; ; ; ; ; ;12;612,900892598674
3371315;1;1;2;2;50; ;2; ; ;1;2; ; ;1; ;12;597,166972960425
3371315;1;2;1; ; ; ; ; ; ; ; ; ; ; ; ;12;597,166972960425
3371315;1;3;2;2;50; ;2; ; ;1;2; ; ;1; ;12;597,166972960425
3371315;1;4;1; ; ; ; ; ; ; ; ; ; ; ; ;12;597,166972960425
3371316;1;1;2;2;25; ;2; ; ;1;2; ; ;1; ;12;692,932502527852
3371316;1;2;2;2;50; ;2; ; ;1;2; ; ;1; ;12;692,932502527852
3371316;1;3;2;2;81; ;2; ; ;1;2; ; ;1; ;12;692,932502527852
3371316;1;4;2;1; ; ;3;50; ;1;2; ; ;1; ;12;692,932502527852
3371316;1;5;2;2;50; ;2; ; ;1;2; ; ;1; ;12;692,932502527852
3371318;1;1;1; ; ; ; ; ; ; ; ; ; ; ; ;12;811,428519831423
3371318;1;2;1; ; ; ; ; ; ; ; ; ; ; ; ;12;811,428519831423
3371318;1;3;2;2;50; ;2; ; ;1;2; ; ;1; ;12;811,428519831423
3371318;1;4;1; ; ; ; ; ; ; ; ; ; ; ; ;12;811,428519831423
3371318;1;5;2;2;50; ;1; ; ; ;2; ; ;1; ;12;811,428519831423
3371319;1;1;2;2;95; ;3;11; ;1;2; ; ;2; ;12;728,76031567031
3371319;1;2;2;2;95; ;3;95; ;2;2; ; ;2; ;12;728,76031567031
3371319;1;3;2;2;95; ;3;95; ;2;2; ; ;2; ;12;728,76031567031
3371320;1;1;2;2;73; ;3;50; ;2;2; ; ;2; ;12;526,396977126056
3371320;1;2;2;2;73; ;3;50; ;2;2; ; ;2; ;12;526,396977126056
3371321;1;1;1; ; ; ; ; ; ; ; ; ; ; ; ;12;800,56602873525
3371321;1;2;2;2;50; ;2; ; ;2;2; ; ;1; ;12;800,56602873525
3371321;1;3;1; ; ; ; ; ; ; ; ; ; ; ; ;12;800,56602873525
3371321;1;4;1; ; ; ; ; ; ; ; ; ; ; ; ;12;800,56602873525
3371321;1;5;1; ; ; ; ; ; ; ; ; ; ; ; ;12;800,56602873525
3371321;1;6;1; ; ; ; ; ; ; ; ; ; ; ; ;12;800,56602873525
3371323;1;1;2;2;15; ;2; ; ;2;2; ; ;2; ;12;600,790204609233
3371323;1;2;2;2;15; ;2; ; ;2;2; ; ;2; ;12;600,790204609233
3371324;1;1;2;2;50; ;3;50; ;2;2; ; ;2; ;12;698,39416911333
3371326;1;1;2;2;15; ;3;50; ;1;3;50; ;1;4;12;564,241773318813
3371326;1;2;2;1; ; ;3;50; ;1;3;50; ;1;4;12;564,241773318813
3371329;1;1;2;2;41; ;2; ; ;2;2; ; ;2; ;12;905,582907901994
3371329;1;2;2;2;41; ;2; ; ;2;2; ; ;2; ;12;905,582907901994
3371329;1;3;2;2;41; ;2; ; ;2;2; ; ;2; ;12;905,582907901994
3371329;1;4;2;2;41; ;2; ; ;2;2; ; ;2; ;12;905,582907901994
3371330;1;1;2;2;73; ;2; ; ;2;2; ; ;2; ;12;995,738482563659
3371330;1;2;1; ; ; ; ; ; ; ; ; ; ; ; ;12;995,738482563659
3371330;1;3;1; ; ; ; ; ; ; ; ; ; ; ; ;12;995,738482563659
3371332;1;1;2;2;25; ;2; ; ;1;2; ; ;1; ;12;540,521631137174
3371332;1;2;2;2;66; ;2; ; ;1;2; ; ;1; ;12;540,521631137174
3371332;1;3;2;2;66; ;2; ; ;1;2; ; ;1; ;12;540,521631137174
3371332;1;4;1; ; ; ; ; ; ; ; ; ; ; ; ;12;540,521631137174
3371334;1;1;2;1; ; ;3;50; ;1;2; ; ;1; ;12;623,489695810565
3371334;1;2;2;2;50; ;3;50; ;1;2; ; ;1; ;12;623,489695810565
3371334;1;3;2;2;50; ;3;50; ;1;2; ; ;1; ;12;623,489695810565
3371334;1;4;2;2;50; ;1; ; ; ;2; ; ;1; ;12;623,489695810565
3371335;1;1;2;2;50; ;2; ; ;1;2; ; ;1; ;12;632,359008176889
3371335;1;2;1; ; ; ; ; ; ; ; ; ; ; ; ;12;632,359008176889
3371335;1;3;1; ; ; ; ; ; ; ; ; ; ; ; ;12;632,359008176889
3371336;1;1;2;2;50; ;3;50; ;1;3;50; ;1;1;12;728,76031567031
3371336;1;2;2;2;11; ;3;50; ;1;3;50; ;1;1;12;728,76031567031
3371336;1;3;2;2;11; ;3;50; ;1;3;50; ;1;4;12;728,76031567031
3371337;1;1;2;2;19; ;2; ; ;2;2; ; ;2; ;12;600,790204609233
3371337;1;2;2;2;05; ;2; ; ;2;2; ; ;2; ;12;600,790204609233
3371338;1;1;2;2;50; ;2; ; ;2;2; ; ;2; ;12;1847,62892271648
3371338;1;2;1; ; ; ; ; ; ; ; ; ; ; ; ;12;1847,62892271648
3371338;1;3;1; ; ; ; ; ; ; ; ; ; ; ; ;12;1847,62892271648
3371338;1;4;2;2;50; ;2; ; ;2;2; ; ;2; ;12;1847,62892271648
3371338;1;5;1; ; ; ; ; ; ; ; ; ; ; ; ;12;1847,62892271648
3371338;1;6;1; ; ; ; ; ; ; ; ; ; ; ; ;12;1847,62892271648
3371338;1;7;1; ; ; ; ; ; ; ; ; ; ; ; ;12;1847,62892271648
3371338;1;8;1; ; ; ; ; ; ; ; ; ; ; ; ;12;1847,62892271648
3371338;1;9;1; ; ; ; ; ; ; ; ; ; ; ; ;12;1847,62892271648
3371339;1;1;2;2;41; ;3;11; ;1;3;11; ;1; ;12;529,657127742277
3371339;1;2;2;2;11; ;3;11; ;1;3;11; ;1; ;12;529,657127742277
3371339;1;3;2;2;11; ;2; ; ;1;2; ; ;1; ;12;529,657127742277
3371340;1;1;2;2;15; ;2; ; ;1;2; ; ;1; ;12;485,271389110324
3371340;1;2;2;2;97; ;2; ; ;1;2; ; ;1; ;12;485,271389110324
3371341;1;1;2;2;25; ;2; ; ;2;2; ; ;2; ;12;660,549372920573
3371342;1;1;2;2;85; ;3;50; ;1;2; ; ;1; ;12;611,729185063055
3371342;1;2;2;2;15; ;3;15; ;2;2; ; ;1; ;12;611,729185063055
3371343;1;1;2;2;50; ;3;95; ;1;2; ; ;2; ;12;1057,23385212889
3371343;1;2;2;2;11; ;3;95; ;1;2; ; ;2; ;12;1057,23385212889
3371343;1;3;2;1; ; ;3;95; ;1;2; ; ;2; ;12;1057,23385212889
3371343;1;4;2;2;95; ;3;95; ;1;2; ; ;2; ;12;1057,23385212889
3371344;1;1;2;2;15; ;2; ; ;1;2; ; ;2; ;12;660,549372920573
3371345;1;1;2;2;17; ;3;17; ;1;2; ; ;2; ;12;998,568312161669
3371345;1;2;2;2;17; ;3;17; ;1;2; ; ;2; ;12;998,568312161669
3371345;1;3;2;2;17; ;1; ; ; ;2; ; ;2; ;12;998,568312161669
3371346;1;1;2;2;50; ;2; ; ;1;2; ; ;1; ;12;671,81511333478
3371346;1;2;2;2;50; ;2; ; ;1;2; ; ;1; ;12;671,81511333478
3371346;1;3;2;2;50; ;2; ; ;1;2; ; ;1; ;12;671,81511333478
3371346;1;4;2;2;50; ;2; ; ;1;2; ; ;1; ;12;671,81511333478
3371346;1;5;1; ; ; ; ; ; ; ; ; ; ; ; ;12;671,81511333478
3371347;1;1;2;2;85; ;3;50; ;1;2; ; ;2; ;12;698,39416911333
3371348;1;1;2;2;05; ;3;05; ;1;2; ; ;2; ;12;1587,4771074599
3371348;1;2;2;2;50; ;3;25; ;2;2; ; ;2; ;12;1587,4771074599
3371348;1;3;2;2;15; ;1; ; ; ;2; ; ;2; ;12;1587,4771074599
3371349;1;1;2;2;50; ;2; ; ;1;2; ; ;1; ;12;1067,13935059016
3371349;1;2;2;2;19; ;3;50; ;2;2; ; ;1; ;12;1067,13935059016
3371349;1;3;2;2;76; ;3;50; ;2;2; ; ;1; ;12;1067,13935059016
3371349;1;4;2;2;50; ;3;50; ;2;2; ; ;1; ;12;1067,13935059016
3371349;1;5;2;2;50; ;3;50; ;2;2; ; ;1; ;12;1067,13935059016
3371349;1;6;2;2;50; ;3;50; ;2;2; ; ;1; ;12;1067,13935059016
3371349;1;7;1; ; ; ; ; ; ; ; ; ; ; ; ;12;1067,13935059016
3371349;1;8;2;2;50; ;3;50; ;2;2; ; ;1; ;12;1067,13935059016
3371350;1;1;2;2;76; ;3;76; ;1;2; ; ;1; ;12;610,63201368582
3371350;1;2;2;2;76; ;3;76; ;1;2; ; ;1; ;12;610,63201368582
3371350;1;3;2;2;76; ;3;76; ;1;2; ; ;1; ;12;610,63201368582
3371351;1;1;1; ; ; ; ; ; ; ; ; ; ; ; ;12;878,664677165289
3371351;1;2;1; ; ; ; ; ; ; ; ; ; ; ; ;12;878,664677165289
3371351;1;3;2;2;50; ;2; ; ;1;2; ; ;1; ;12;878,664677165289
3371351;1;4;2;2;50; ;1; ; ; ;2; ; ;1; ;12;878,664677165289
3371351;1;5;2;2;50; ;2; ; ;2;2; ; ;2;4;12;878,664677165289
3371351;1;6;2;2;50; ;1; ; ; ;2; ; ;1; ;12;878,664677165289
3371351;1;7;1; ; ; ; ; ; ; ; ; ; ; ; ;12;878,664677165289
3371352;1;1;2;2;73; ;3;50; ;2;2; ; ;1; ;12;684,108446524555
3371352;1;2;1; ; ; ; ; ; ; ; ; ; ; ; ;12;684,108446524555
3371353;1;1;2;2;25; ;2; ; ;1;2; ; ;1; ;12;593,666169281241
3371354;1;1;2;2;15; ;2; ; ;1;2; ; ;1; ;12;509,834994597935
3371354;1;2;2;2;15; ;2; ; ;1;2; ; ;1; ;12;509,834994597935
3371356;1;1;2;2;25; ;2; ; ;1;2; ; ;1; ;12;547,022220842971
3371356;1;2;2;2;50; ;2; ; ;1;2; ; ;1; ;12;547,022220842971
3371356;1;3;1; ; ; ; ; ; ; ; ; ; ; ; ;12;547,022220842971
3371358;1;1;1; ; ; ; ; ; ; ; ; ; ; ; ;12;1423,52211335282
3371358;1;2;1; ; ; ; ; ; ; ; ; ; ; ; ;12;1423,52211335282
3371358;1;3;1; ; ; ; ; ; ; ; ; ; ; ; ;12;1423,52211335282
3371359;1;1;2;2;50; ;2; ; ;2;2; ; ;2; ;12;1063,9494253134
3371359;1;2;2;2;25; ;2; ; ;2;2; ; ;2; ;12;1063,9494253134
3371359;1;3;1; ; ; ; ; ; ; ; ; ; ; ; ;12;1063,9494253134
3371359;1;4;1; ; ; ; ; ; ; ; ; ; ; ; ;12;1063,9494253134
3371359;1;5;1; ; ; ; ; ; ; ; ; ; ; ; ;12;1063,9494253134
3371360;1;1;2;2;73; ;3;95; ;2;2; ; ;1; ;12;554,220733229888
3371360;1;2;2;2;95; ;3;95; ;2;2; ; ;1; ;12;554,220733229888
3371360;1;3;2;2;95; ;3;95; ;2;2; ; ;1; ;12;554,220733229888
3371362;1;1;2;2;76; ;2; ; ;2;2; ; ;2; ;12;600,790204609233
3371362;1;2;2;2;73; ;2; ; ;2;2; ; ;2; ;12;600,790204609233
3371364;1;1;2;2;41; ;2; ; ;2;2; ; ;2; ;12;660,549372920573
3371366;1;1;2;2;15; ;2; ; ;2;2; ; ;2; ;12;600,790204609233
3371366;1;2;2;2;15; ;2; ; ;2;2; ; ;2; ;12;600,790204609233
3371367;1;1;2;2;25; ;2; ; ;1;2; ; ;2; ;12;699,897374015656
3371367;1;2;2;2;50; ;2; ; ;1;2; ; ;2; ;12;699,897374015656
3371367;1;3;1; ; ; ; ; ; ; ; ; ; ; ; ;12;699,897374015656
3371368;1;1;2;2;11; ;2; ; ;1;2; ; ;1; ;12;669,546234421926
3371368;1;2;2;2;95; ;2; ; ;1;2; ; ;1; ;12;669,546234421926
3371368;1;3;2;2;50; ;2; ; ;1;2; ; ;1; ;12;669,546234421926
3371368;1;4;2;2;50; ;1; ; ; ;2; ; ;1; ;12;669,546234421926
3371371;1;1;2;2;50; ;2; ; ;1;2; ; ;1; ;12;409,228148939568
3371371;1;2;2;2;50; ;2; ; ;1;2; ; ;1; ;12;409,228148939568
3371371;1;3;2;2;50; ;2; ; ;1;2; ; ;1; ;12;409,228148939568
3371372;1;1;2;2;50; ;2; ; ;2;2; ; ;2; ;12;564,241773318813
3371372;1;2;1; ; ; ; ; ; ; ; ; ; ; ; ;12;564,241773318813
3371374;1;1;2;2;76; ;2; ; ;2;2; ; ;2; ;12;660,549372920573
3371375;1;1;2;2;25; ;2; ; ;2;2; ; ;2; ;12;660,549372920573
3371376;1;1;2;2;47; ;2; ; ;1;2; ; ;1; ;12;109,992229010284
3371376;1;2;2;2;20; ;2; ; ;1;2; ; ;1; ;12;109,992229010284
3371376;1;3;1; ; ; ; ; ; ; ; ; ; ; ; ;12;109,992229010284
3371376;1;4;1; ; ; ; ; ; ; ; ; ; ; ; ;12;109,992229010284
3371377;1;1;2;2;23; ;2; ; ;1;2; ; ;1; ;12;124,117816905737
3371377;1;2;2;2;23; ;2; ; ;1;2; ; ;1; ;12;124,117816905737
3371377;1;3;2;2;23; ;3;23; ;1;2; ; ;1; ;12;124,117816905737
3371377;1;4;2;2;23; ;1; ; ; ;2; ; ;1; ;12;124,117816905737
3371378;1;1;1; ; ; ; ; ; ; ; ; ; ; ; ;12;106,299438574695
3371378;1;2;1; ; ; ; ; ; ; ; ; ; ; ; ;12;106,299438574695
3371379;1;1;2;1; ; ;2; ; ;1;2; ; ;1; ;12;138,867778315099
3371379;1;2;1; ; ; ; ; ; ; ; ; ; ; ; ;12;138,867778315099
3371379;1;3;1; ; ; ; ; ; ; ; ; ; ; ; ;12;138,867778315099
3371379;1;4;1; ; ; ; ; ; ; ; ; ; ; ; ;12;138,867778315099
3371379;1;5;2;1; ; ;2; ; ;1;2; ; ;1; ;12;138,867778315099
3371380;1;1;1; ; ; ; ; ; ; ; ; ; ; ; ;12;123,970164755723
3371380;1;2;1; ; ; ; ; ; ; ; ; ; ; ; ;12;123,970164755723
3371380;1;3;1; ; ; ; ; ; ; ; ; ; ; ; ;12;123,970164755723
3371380;1;4;1; ; ; ; ; ; ; ; ; ; ; ; ;12;123,970164755723
3371380;1;5;1; ; ; ; ; ; ; ; ; ; ; ; ;12;123,970164755723
3371381;1;1;1; ; ; ; ; ; ; ; ; ; ; ; ;12;78,3216598476822
3371381;1;2;1; ; ; ; ; ; ; ; ; ; ; ; ;12;78,3216598476822
3371382;1;1;2;2;05; ;3;44; ;1;2; ; ;1; ;12;99,0877808207135
3371382;1;2;2;2;44; ;2; ; ;1;2; ; ;1; ;12;99,0877808207135
3371382;1;3;2;2;44; ;3;44; ;1;2; ; ;1; ;12;99,0877808207135
3371382;1;4;2;2;44; ;3;44; ;1;2; ; ;1; ;12;99,0877808207135
3371382;1;5;1; ; ; ; ; ; ; ; ; ; ; ; ;12;99,0877808207135
3371382;1;6;2;2;44; ;3;44; ;1;2; ; ;1; ;12;99,0877808207135
3371382;1;7;2;2;44; ;2; ; ;1;2; ; ;1; ;12;99,0877808207135
3371383;1;1;2;2;05; ;3;05; ;2;2; ; ;1; ;12;99,0875409743057
3371383;1;2;2;2;05; ;3;05; ;2;2; ; ;1; ;12;99,0875409743057
3371383;1;3;2;2;05; ;3;05; ;2;2; ; ;1; ;12;99,0875409743057
3371383;1;4;2;2;05; ;3;05; ;2;2; ; ;1; ;12;99,0875409743057
3371384;1;1;2;1; ; ;2; ; ;1;2; ; ;1; ;12;74,6768077690029
3371384;1;2;2;2;20; ;2; ; ;1;2; ; ;1; ;12;74,6768077690029
3371384;1;3;2;2;08; ;2; ; ;1;2; ; ;1; ;12;74,6768077690029
3371384;1;4;1; ; ; ; ; ; ; ; ; ; ; ; ;12;74,6768077690029
3371384;1;5;1; ; ; ; ; ; ; ; ; ; ; ; ;12;74,6768077690029
3371385;1;1;2;2;47; ;2; ; ;1;2; ; ;1; ;12;60,1523114044053
3371385;1;2;2;2;70; ;2; ; ;1;2; ; ;1; ;12;60,1523114044053
3371385;1;3;2;2;70; ;2; ; ;1;2; ; ;1; ;12;60,1523114044053
3371386;1;1;2;2;23; ;2; ; ;1;2; ; ;1; ;12;110,538789629443
3371386;1;2;1; ; ; ; ; ; ; ; ; ; ; ; ;12;110,538789629443
3371386;1;3;1; ; ; ; ; ; ; ; ; ; ; ; ;12;110,538789629443
3371386;1;4;1; ; ; ; ; ; ; ; ; ; ; ; ;12;110,538789629443
3371386;1;5;1; ; ; ; ; ; ; ; ; ; ; ; ;12;110,538789629443
3371387;1;1;2;2;13; ;2; ; ;1;2; ; ;1; ;12;60,6988720235645
3371387;1;2;1; ; ; ; ; ; ; ; ; ; ; ; ;12;60,6988720235645
3371387;1;3;1; ; ; ; ; ; ; ; ; ; ; ; ;12;60,6988720235645
3371387;1;4;1; ; ; ; ; ; ; ; ; ; ; ; ;12;60,6988720235645
3371388;1;1;2;2;13; ;2; ; ;1;2; ; ;1; ;12;82,8083831833311
3371388;1;2;1; ; ; ; ; ; ; ; ; ; ; ; ;12;82,8083831833311
3371389;1;1;2;2;13; ;2; ; ;1;2; ; ;1; ;12;102,233770790735
3371389;1;2;1; ; ; ; ; ; ; ; ; ; ; ; ;12;102,233770790735
3371389;1;3;1; ; ; ; ; ; ; ; ; ; ; ; ;12;102,233770790735
3371389;1;4;1; ; ; ; ; ; ; ; ; ; ; ; ;12;102,233770790735
3371389;1;5;1; ; ; ; ; ; ; ; ; ; ; ; ;12;102,233770790735
3371390;1;1;2;2;23; ;2; ; ;1;2; ; ;1; ;12;75,9379112295372
3371390;1;2;1; ; ; ; ; ; ; ; ; ; ; ; ;12;75,9379112295372
3371390;1;3;1; ; ; ; ; ; ; ; ; ; ; ; ;12;75,9379112295372
3371390;1;4;1; ; ; ; ; ; ; ; ; ; ; ; ;12;75,9379112295372
3371390;1;5;1; ; ; ; ; ; ; ; ; ; ; ; ;12;75,9379112295372
3371390;1;6;1; ; ; ; ; ; ; ; ; ; ; ; ;12;75,9379112295372
3371390;1;7;1; ; ; ; ; ; ; ; ; ; ; ; ;12;75,9379112295372
3371390;1;8;1; ; ; ; ; ; ; ; ; ; ; ; ;12;75,9379112295372
3371391;1;1;2;2;13; ;2; ; ;1;2; ; ;1; ;12;44,3772286537733
3371391;1;2;1; ; ; ; ; ; ; ; ; ; ; ; ;12;44,3772286537733
3371391;1;3;1; ; ; ; ; ; ; ; ; ; ; ; ;12;44,3772286537733
3371391;1;4;1; ; ; ; ; ; ; ; ; ; ; ; ;12;44,3772286537733
3371391;1;5;1; ; ; ; ; ; ; ; ; ; ; ; ;12;44,3772286537733
3371391;1;6;2;2;44; ;3;44; ;1;2; ; ;1; ;12;44,3772286537733
3371391;1;7;2;1; ; ;3;13; ;2;3;13; ;2;4;12;44,3772286537733
3371392;1;1;1; ; ; ; ; ; ; ; ; ; ; ; ;12;110,786161910344
3371392;1;2;2;1; ; ;2; ; ;1;2; ; ;1; ;12;110,786161910344
3371393;1;1;2;2;44; ;2; ; ;1;2; ; ;1; ;12;64,3437241022438
3371394;1;1;2;2;47; ;2; ; ;1;2; ; ;1; ;12;121,643892622345
3371394;1;2;1; ; ; ; ; ; ; ; ; ; ; ; ;12;121,643892622345
3371394;1;3;1; ; ; ; ; ; ; ; ; ; ; ; ;12;121,643892622345
3371394;1;4;1; ; ; ; ; ; ; ; ; ; ; ; ;12;121,643892622345
3371394;1;5;1; ; ; ; ; ; ; ; ; ; ; ; ;12;121,643892622345
3371395;1;1;2;1; ; ;2; ; ;1;2; ; ;1; ;12;92,2995955931206
3371395;1;2;1; ; ; ; ; ; ; ; ; ; ; ; ;12;92,2995955931206
3371395;1;3;1; ; ; ; ; ; ; ; ; ; ; ; ;12;92,2995955931206
3371401;1;1;2;2;08; ;2; ; ;1;2; ; ;1; ;12;67,9107696239543
3371401;1;2;1; ; ; ; ; ; ; ; ; ; ; ; ;12;67,9107696239543
3371402;1;1;1; ; ; ; ; ; ; ; ; ; ; ; ;12;96,0142932648458
3371402;1;2;2;2;47; ;2; ; ;1;2; ; ;1; ;12;96,0142932648458
3371402;1;3;1; ; ; ; ; ; ; ; ; ; ; ; ;12;96,0142932648458
3371403;1;1;2;2;44; ;3;44; ;1;2; ; ;1; ;12;96,560853884005
3371403;1;2;2;1; ; ;3;44; ;1;2; ; ;1; ;12;96,560853884005
3371403;1;3;2;2;44; ;3;44; ;1;2; ; ;1; ;12;96,560853884005
3371403;1;4;2;2;44; ;3;44; ;1;2; ; ;1; ;12;96,560853884005
3371404;1;1;1; ; ; ; ; ; ; ; ; ; ; ; ;12;47,9316233715032
3371404;1;2;1; ; ; ; ; ; ; ; ; ; ; ; ;12;47,9316233715032
3371404;1;3;1; ; ; ; ; ; ; ; ; ; ; ; ;12;47,9316233715032
3371404;1;4;1; ; ; ; ; ; ; ; ; ; ; ; ;12;47,9316233715032
3371405;1;1;1; ; ; ; ; ; ; ; ; ; ; ; ;12;92,2995955931206
3371405;1;2;1; ; ; ; ; ; ; ; ; ; ; ; ;12;92,2995955931206
3371405;1;3;1; ; ; ; ; ; ; ; ; ; ; ; ;12;92,2995955931206
3371406;1;1;1; ; ; ; ; ; ; ; ; ; ; ; ;12;52,3938531848564
3371406;1;2;2;2;23; ;2; ; ;1;2; ; ;1; ;12;52,3938531848564
3371406;1;3;1; ; ; ; ; ; ; ; ; ; ; ; ;12;52,3938531848564
3371406;1;4;1; ; ; ; ; ; ; ; ; ; ; ; ;12;52,3938531848564
3371407;1;1;1; ; ; ; ; ; ; ; ; ; ; ; ;12;67,9107696239543
3371407;1;2;1; ; ; ; ; ; ; ; ; ; ; ; ;12;67,9107696239543
3371408;1;1;1; ; ; ; ; ; ; ; ; ; ; ; ;12;67,0155853323115
3371408;1;2;1; ; ; ; ; ; ; ; ; ; ; ; ;12;67,0155853323115
3371408;1;3;1; ; ; ; ; ; ; ; ; ; ; ; ;12;67,0155853323115
3371409;1;1;2;2;47; ;2; ; ;1;2; ; ;1; ;12;70,0141629987262
3371409;1;2;1; ; ; ; ; ; ; ; ; ; ; ; ;12;70,0141629987262
3371409;1;3;1; ; ; ; ; ; ; ; ; ; ; ; ;12;70,0141629987262
3371409;1;4;1; ; ; ; ; ; ; ; ; ; ; ; ;12;70,0141629987262
3371409;1;5;1; ; ; ; ; ; ; ; ; ; ; ; ;12;70,0141629987262
3371410;1;1;2;2;47; ;2; ; ;1;2; ; ;1; ;12;73,7288606704515
3371410;1;2;1; ; ; ; ; ; ; ; ; ; ; ; ;12;73,7288606704515
3371410;1;3;1; ; ; ; ; ; ; ; ; ; ; ; ;12;73,7288606704515
3371410;1;4;2;2;47; ;2; ; ;1;2; ; ;1; ;12;73,7288606704515
3371410;1;5;2;2;47; ;3;11; ;1;2; ; ;1; ;12;73,7288606704515
3371411;1;1;2;2;47; ;2; ; ;1;2; ; ;1; ;12;98,5409803551465
3371411;1;2;1; ; ; ; ; ; ; ; ; ; ; ; ;12;98,5409803551465
3371411;1;3;1; ; ; ; ; ; ; ; ; ; ; ; ;12;98,5409803551465
3371412;1;1;1; ; ; ; ; ; ; ; ; ; ; ; ;12;84,6887895235865
3371412;1;2;1; ; ; ; ; ; ; ; ; ; ; ; ;12;84,6887895235865
3371412;1;3;1; ; ; ; ; ; ; ; ; ; ; ; ;12;84,6887895235865
3371413;1;1;1; ; ; ; ; ; ; ; ; ; ; ; ;12;86,328471381064
3371413;1;2;1; ; ; ; ; ; ; ; ; ; ; ; ;12;86,328471381064
3371413;1;3;1; ; ; ; ; ; ; ; ; ; ; ; ;12;86,328471381064
3371413;1;4;2;2;47; ;3;47; ;1;3;08; ;1; ;12;86,328471381064
3371413;1;5;1; ; ; ; ; ; ; ; ; ; ; ; ;12;86,328471381064
3371413;1;6;1; ; ; ; ; ; ; ; ; ; ; ; ;12;86,328471381064
3371414;1;1;2;2;20; ;3;47; ;1;3;47; ;1; ;12;81,8887053693926
3371414;1;2;2;2;20; ;3;47; ;1;2; ; ;1; ;12;81,8887053693926
3371414;1;3;2;2;47; ;3;47; ;1;3;47; ;1; ;12;81,8887053693926
3371415;1;1;1; ; ; ; ; ; ; ; ; ; ; ; ;12;67,9107696239543
3371415;1;2;2;2;20; ;2; ; ;1;2; ; ;1; ;12;67,9107696239543
3371416;1;1;1; ; ; ; ; ; ; ; ; ; ; ; ;12;91,6997219392882
3371416;1;2;2;2;13; ;2; ; ;1;2; ; ;1; ;12;91,6997219392882
3371416;1;3;1; ; ; ; ; ; ; ; ; ; ; ; ;12;91,6997219392882
3371416;1;4;1; ; ; ; ; ; ; ; ; ; ; ; ;12;91,6997219392882
3371416;1;5;1; ; ; ; ; ; ; ; ; ; ; ; ;12;91,6997219392882
3371416;1;6;1; ; ; ; ; ; ; ; ; ; ; ; ;12;91,6997219392882
3371417;1;1;1; ; ; ; ; ; ; ; ; ; ; ; ;12;106,824091957718
3371417;1;2;2;2;08; ;2; ; ;1;2; ; ;1; ;12;106,824091957718
3371417;1;3;2;2;08; ;2; ; ;1;2; ; ;1; ;12;106,824091957718
3371417;1;4;1; ; ; ; ; ; ; ; ; ; ; ; ;12;106,824091957718
3371417;1;5;1; ; ; ; ; ; ; ; ; ; ; ; ;12;106,824091957718
3371418;1;1;1; ; ; ; ; ; ; ; ; ; ; ; ;12;71,4778151456647
3371418;1;2;1; ; ; ; ; ; ; ; ; ; ; ; ;12;71,4778151456647
3371418;1;3;1; ; ; ; ; ; ; ; ; ; ; ; ;12;71,4778151456647
3371419;1;1;1; ; ; ; ; ; ; ; ; ; ; ; ;12;110,538789629443
3371419;1;2;2;2;20; ;2; ; ;1;2; ; ;1; ;12;110,538789629443
3371419;1;3;1; ; ; ; ; ; ; ; ; ; ; ; ;12;110,538789629443
3371419;1;4;1; ; ; ; ; ; ; ; ; ; ; ; ;12;110,538789629443
3371419;1;5;1; ; ; ; ; ; ; ; ; ; ; ; ;12;110,538789629443
3371420;1;1;1; ; ; ; ; ; ; ; ; ; ; ; ;12;81,3666382725292
3371420;1;2;2;2;13; ;2; ; ;1;2; ; ;1; ;12;81,3666382725292
3371421;1;1;2;2;23; ;2; ; ;1;2; ; ;1; ;12;109,694021704958
3371421;1;2;2;2;23; ;2; ; ;1;2; ; ;1; ;12;109,694021704958
3371421;1;3;1; ; ; ; ; ; ; ; ; ; ; ; ;12;109,694021704958
3371421;1;4;1; ; ; ; ; ; ; ; ; ; ; ; ;12;109,694021704958
3371421;1;5;1; ; ; ; ; ; ; ; ; ; ; ; ;12;109,694021704958
3371421;1;6;1; ; ; ; ; ; ; ; ; ; ; ; ;12;109,694021704958
3371421;1;7;1; ; ; ; ; ; ; ; ; ; ; ; ;12;109,694021704958
3371421;1;8;1; ; ; ; ; ; ; ; ; ; ; ; ;12;109,694021704958
3371422;1;1;1; ; ; ; ; ; ; ; ; ; ; ; ;12;80,8962852948923
3371422;1;2;1; ; ; ; ; ; ; ; ; ; ; ; ;12;80,8962852948923
3371422;1;3;1; ; ; ; ; ; ; ; ; ; ; ; ;12;80,8962852948923
3371422;1;4;1; ; ; ; ; ; ; ; ; ; ; ; ;12;80,8962852948923
3371422;1;5;1; ; ; ; ; ; ; ; ; ; ; ; ;12;80,8962852948923
3371422;1;6;1; ; ; ; ; ; ; ; ; ; ; ; ;12;80,8962852948923
3371422;1;7;1; ; ; ; ; ; ; ; ; ; ; ; ;12;80,8962852948923
3371423;1;1;1; ; ; ; ; ; ; ; ; ; ; ; ;12;67,0155853323115
3371423;1;2;1; ; ; ; ; ; ; ; ; ; ; ; ;12;67,0155853323115
3371423;1;3;2;2;08; ;3;08; ;1;2; ; ;1; ;12;67,0155853323115
3371424;1;1;2;2;47; ;2; ; ;1;2; ; ;1; ;12;108,676229013361
3371424;1;2;2;2;41; ;2; ; ;1;2; ; ;1; ;12;108,676229013361
3371424;1;3;1; ; ; ; ; ; ; ; ; ; ; ; ;12;108,676229013361
3371424;1;4;1; ; ; ; ; ; ; ; ; ; ; ; ;12;108,676229013361
3371424;1;5;2;2;47; ;2; ; ;1;2; ; ;1; ;12;108,676229013361
3371428;1;1;2;1; ; ;3;70; ;1;2; ; ;1; ;12;106,202736872478
3371428;1;2;2;2;70; ;3;70; ;1;2; ; ;1; ;12;106,202736872478
3371429;1;1;1; ; ; ; ; ; ; ; ; ; ; ; ;12;116,040227205768
3371429;1;2;2;2;23; ;2; ; ;1;2; ; ;1; ;12;116,040227205768
3371429;1;3;1; ; ; ; ; ; ; ; ; ; ; ; ;12;116,040227205768
3371429;1;4;1; ; ; ; ; ; ; ; ; ; ; ; ;12;116,040227205768
3371429;1;5;1; ; ; ; ; ; ; ; ; ; ; ; ;12;116,040227205768
3371430;1;1;2;2;70; ;2; ; ;1;2; ; ;1; ;12;100,407111324414
3371430;1;2;1; ; ; ; ; ; ; ; ; ; ; ; ;12;100,407111324414
3371430;1;3;1; ; ; ; ; ; ; ; ; ; ; ; ;12;100,407111324414
3371430;1;4;1; ; ; ; ; ; ; ; ; ; ; ; ;12;100,407111324414
3371431;1;1;2;1; ; ;2; ; ;1;2; ; ;1; ;12;116,463068703393
3371432;1;1;1; ; ; ; ; ; ; ; ; ; ; ; ;12;58,5157655347285
3371432;1;2;2;2;23; ;2; ; ;1;2; ; ;1; ;12;58,5157655347285
3371432;1;3;1; ; ; ; ; ; ; ; ; ; ; ; ;12;58,5157655347285
3371432;1;4;1; ; ; ; ; ; ; ; ; ; ; ; ;12;58,5157655347285
3371433;1;1;2;2;70; ;2; ; ;1;2; ; ;1; ;12;81,7413971594523
3371433;1;2;2;2;70; ;2; ; ;1;2; ; ;1; ;12;81,7413971594523
3371433;1;3;1; ; ; ; ; ; ; ; ; ; ; ; ;12;81,7413971594523
3371433;1;4;2;2;70; ;2; ; ;1;2; ; ;1; ;12;81,7413971594523
3371433;1;5;2;2;70; ;2; ; ;1;2; ; ;1; ;12;81,7413971594523
3371434;1;1;1; ; ; ; ; ; ; ; ; ; ; ; ;12;118,305373595472
3371434;1;2;2;2;44; ;2; ; ;1;2; ; ;1; ;12;118,305373595472
3371434;1;3;1; ; ; ; ; ; ; ; ; ; ; ; ;12;118,305373595472
3371434;1;4;1; ; ; ; ; ; ; ; ; ; ; ; ;12;118,305373595472
3371435;1;1;2;2;23; ;3;13; ;1;2; ; ;1; ;12;93,5498126639458
3371435;1;2;1; ; ; ; ; ; ; ; ; ; ; ; ;12;93,5498126639458
3371435;1;3;1; ; ; ; ; ; ; ; ; ; ; ; ;12;93,5498126639458
3371435;1;4;2;2;23; ;2; ; ;1;2; ; ;1; ;12;93,5498126639458
3371436;1;1;2;2;23; ;2; ; ;1;2; ; ;1; ;12;101,584139520619
3371436;1;2;1; ; ; ; ; ; ; ; ; ; ; ; ;12;101,584139520619
3371436;1;3;1; ; ; ; ; ; ; ; ; ; ; ; ;12;101,584139520619
3371437;1;1;1; ; ; ; ; ; ; ; ; ; ; ; ;12;96,2302100926694
3371437;1;2;1; ; ; ; ; ; ; ; ; ; ; ; ;12;96,2302100926694
3371438;1;1;1; ; ; ; ; ; ; ; ; ; ; ; ;12;86,8838185932712
3371438;1;2;2;2;70; ;2; ; ;1;2; ; ;1; ;12;86,8838185932712
3371438;1;3;1; ; ; ; ; ; ; ; ; ; ; ; ;12;86,8838185932712
3371438;1;4;1; ; ; ; ; ; ; ; ; ; ; ; ;12;86,8838185932712
3371438;1;5;1; ; ; ; ; ; ; ; ; ; ; ; ;12;86,8838185932712
3371438;1;6;1; ; ; ; ; ; ; ; ; ; ; ; ;12;86,8838185932712
3371438;1;7;2;2;70; ;2; ; ;1;2; ; ;1; ;12;86,8838185932712
3371439;1;1;1; ; ; ; ; ; ; ; ; ; ; ; ;12;140,827478860736
3371439;1;2;1; ; ; ; ; ; ; ; ; ; ; ; ;12;140,827478860736
3371439;1;3;1; ; ; ; ; ; ; ; ; ; ; ; ;12;140,827478860736
3371439;1;4;2;2;23; ;2; ; ;1;2; ; ;1; ;12;140,827478860736
3371439;1;5;1; ; ; ; ; ; ; ; ; ; ; ; ;12;140,827478860736
3371439;1;6;1; ; ; ; ; ; ; ; ; ; ; ; ;12;140,827478860736
3371439;1;7;1; ; ; ; ; ; ; ; ; ; ; ; ;12;140,827478860736
3371439;1;8;1; ; ; ; ; ; ; ; ; ; ; ; ;12;140,827478860736
3371439;1;9;1; ; ; ; ; ; ; ; ; ; ; ; ;12;140,827478860736
3371439;1;10;1; ; ; ; ; ; ; ; ; ; ; ; ;12;140,827478860736
3371439;1;11;1; ; ; ; ; ; ; ; ; ; ; ; ;12;140,827478860736
3371440;1;1;2;2;70; ;2; ; ;1;2; ; ;1; ;12;77,0085873559454
3371440;1;2;2;2;05; ;2; ; ;1;2; ; ;1; ;12;77,0085873559454
3371440;1;3;1; ; ; ; ; ; ; ; ; ; ; ; ;12;77,0085873559454
3371440;1;4;1; ; ; ; ; ; ; ; ; ; ; ; ;12;77,0085873559454
3371440;1;5;1; ; ; ; ; ; ; ; ; ; ; ; ;12;77,0085873559454
3371441;1;1;2;2;23; ;2; ; ;1;2; ; ;1; ;12;82,169863412254
3371441;1;2;1; ; ; ; ; ; ; ; ; ; ; ; ;12;82,169863412254
3371441;1;3;1; ; ; ; ; ; ; ; ; ; ; ; ;12;82,169863412254
3371441;1;4;2;2;23; ;2; ; ;1;2; ; ;1; ;12;82,169863412254
3371441;1;5;2;2;23; ;2; ; ;1;2; ; ;1; ;12;82,169863412254
3371441;1;6;2;2;23; ;2; ; ;1;2; ; ;1; ;12;82,169863412254
3371441;1;7;1; ; ; ; ; ; ; ; ; ; ; ; ;12;82,169863412254
3371441;1;8;2;2;23; ;2; ; ;1;2; ; ;1; ;12;82,169863412254
3371442;1;1;1; ; ; ; ; ; ; ; ; ; ; ; ;12;115,592700180783
3371442;1;2;1; ; ; ; ; ; ; ; ; ; ; ; ;12;115,592700180783
3371443;1;1;2;1; ; ;3;70; ;1;2; ; ;1; ;12;65,4487204939053
3371443;1;2;2;2;70; ;3;70; ;1;2; ; ;1; ;12;65,4487204939053
3371443;1;3;2;2;70; ;3;70; ;1;2; ; ;1; ;12;65,4487204939053
3371443;1;4;1; ; ; ; ; ; ; ; ; ; ; ; ;12;65,4487204939053
3371444;1;1;2;2;08; ;2; ; ;1;2; ; ;1; ;12;304,442681093258
3371444;1;2;2;2;08; ;2; ; ;1;2; ; ;1; ;12;304,442681093258
3371444;1;3;1; ; ; ; ; ; ; ; ; ; ; ; ;12;304,442681093258
3371444;1;4;1; ; ; ; ; ; ; ; ; ; ; ; ;12;304,442681093258
3371444;1;5;1; ; ; ; ; ; ; ; ; ; ; ; ;12;304,442681093258
3371445;1;1;2;2;13; ;3;13; ;1;2; ; ;1; ;12;122,490865285447
3371445;1;2;2;2;13; ;3;13; ;1;2; ; ;1; ;12;122,490865285447
3371445;1;3;2;2;13; ;3;13; ;1;2; ; ;1; ;12;122,490865285447
3371445;1;4;2;2;13; ;3;13; ;1;2; ; ;1; ;12;122,490865285447
3371445;1;5;2;2;13; ;3;13; ;1;3;13; ;1; ;12;122,490865285447
3371449;1;1;1; ; ; ; ; ; ; ; ; ; ; ; ;12;92,3215028292571
3371450;1;1;1; ; ; ; ; ; ; ; ; ; ; ; ;12;44,3772286537733
3371450;1;2;1; ; ; ; ; ; ; ; ; ; ; ; ;12;44,3772286537733
3371450;1;3;1; ; ; ; ; ; ; ; ; ; ; ; ;12;44,3772286537733
3371450;1;4;1; ; ; ; ; ; ; ; ; ; ; ; ;12;44,3772286537733
3371450;1;5;2;1; ; ;4; ;3; ;2; ; ;1; ;12;44,3772286537733
3371451;1;1;1; ; ; ; ; ; ; ; ; ; ; ; ;12;44,3772286537733
3371451;1;2;1; ; ; ; ; ; ; ; ; ; ; ; ;12;44,3772286537733
3371451;1;3;1; ; ; ; ; ; ; ; ; ; ; ; ;12;44,3772286537733
3371452;1;1;2;2;68; ;3;68; ;1;2; ; ;1; ;12;60,6988720235645
3371452;1;2;2;2;68; ;3;68; ;1;2; ; ;1; ;12;60,6988720235645
3371452;1;3;1; ; ; ; ; ; ; ; ; ; ; ; ;12;60,6988720235645
3371452;1;4;1; ; ; ; ; ; ; ; ; ; ; ; ;12;60,6988720235645
3371453;1;1;2;2;11; ;3;11; ;1;2; ; ;1; ;12;92,3215028292571
3371454;1;1;2;2;05; ;2; ; ;1;2; ; ;1; ;12;81,5425597071569
3371454;1;2;2;2;05; ;3;05; ;1;3;05; ;1; ;12;81,5425597071569
3371455;1;1;2;2;20; ;2; ; ;1;2; ; ;1; ;12;99,213285888184
3371455;1;2;1; ; ; ; ; ; ; ; ; ; ; ; ;12;99,213285888184
3371455;1;3;1; ; ; ; ; ; ; ; ; ; ; ; ;12;99,213285888184
3371455;1;4;1; ; ; ; ; ; ; ; ; ; ; ; ;12;99,213285888184
3371455;1;5;1; ; ; ; ; ; ; ; ; ; ; ; ;12;99,213285888184
3371456;1;1;1; ; ; ; ; ; ; ; ; ; ; ; ;12;75,5964855829414
3371456;1;2;1; ; ; ; ; ; ; ; ; ; ; ; ;12;75,5964855829414
3371456;1;3;1; ; ; ; ; ; ; ; ; ; ; ; ;12;75,5964855829414
3371456;1;4;2;1; ; ;2; ; ;2;2; ; ;1; ;12;75,5964855829414
3371457;1;1;1; ; ; ; ; ; ; ; ; ; ; ; ;12;52,4691817315774
3371457;1;2;1; ; ; ; ; ; ; ; ; ; ; ; ;12;52,4691817315774
3371457;1;3;1; ; ; ; ; ; ; ; ; ; ; ; ;12;52,4691817315774
3371458;1;1;1; ; ; ; ; ; ; ; ; ; ; ; ;12;101,446485688798
3371458;1;2;1; ; ; ; ; ; ; ; ; ; ; ; ;12;101,446485688798
3371458;1;3;2;1; ; ;4; ;3; ;4; ;3; ;1;12;101,446485688798
3371458;1;4;2;3; ;3;4; ;3; ;4; ;3; ;4;12;101,446485688798
3371458;1;5;2;3; ;3;1; ; ; ;4; ;3; ;4;12;101,446485688798
3371458;1;6;1; ; ; ; ; ; ; ; ; ; ; ; ;12;101,446485688798
3371459;1;1;1; ; ; ; ; ; ; ; ; ; ; ; ;12;92,3215028292571
3371460;1;1;1; ; ; ; ; ; ; ; ; ; ; ; ;12;73,2350628582009
3371460;1;2;1; ; ; ; ; ; ; ; ; ; ; ; ;12;73,2350628582009
3371460;1;3;1; ; ; ; ; ; ; ; ; ; ; ; ;12;73,2350628582009
3371460;1;4;1; ; ; ; ; ; ; ; ; ; ; ; ;12;73,2350628582009
3371460;1;5;1; ; ; ; ; ; ; ; ; ; ; ; ;12;73,2350628582009
3371461;1;1;1; ; ; ; ; ; ; ; ; ; ; ; ;12;78,8682204668414
3371461;1;2;1; ; ; ; ; ; ; ; ; ; ; ; ;12;78,8682204668414
3371461;1;3;1; ; ; ; ; ; ; ; ; ; ; ; ;12;78,8682204668414
3371462;1;1;1; ; ; ; ; ; ; ; ; ; ; ; ;12;134,402962215587
3371462;1;2;1; ; ; ; ; ; ; ; ; ; ; ; ;12;134,402962215587
3371462;1;3;1; ; ; ; ; ; ; ; ; ; ; ; ;12;134,402962215587
3371463;1;1;2;2;13; ;2; ; ;1;2; ; ;1; ;12;110,786161910344
3371463;1;2;2;2;20; ;2; ; ;1;2; ; ;1; ;12;110,786161910344
3371469;1;1;2;2;23; ;2; ; ;1;2; ; ;1; ;12;99,0773346913537
3371469;1;2;2;2;23; ;2; ; ;1;2; ; ;1; ;12;99,0773346913537
3371469;1;3;2;2;23; ;2; ; ;1;2; ; ;1; ;12;99,0773346913537
3371470;1;1;2;2;05; ;2; ; ;1;2; ; ;1; ;12;108,045041764558
3371470;1;2;2;2;70; ;2; ; ;1;2; ; ;1; ;12;108,045041764558
3371470;1;3;2;2;13; ;2; ; ;1;2; ; ;1; ;12;108,045041764558
3371470;1;4;1; ; ; ; ; ; ; ; ; ; ; ; ;12;108,045041764558
3371470;1;5;1; ; ; ; ; ; ; ; ; ; ; ; ;12;108,045041764558
3371471;1;1;2;2;70; ;2; ; ;1;2; ; ;1; ;12;120,946629608733
3371471;1;2;1; ; ; ; ; ; ; ; ; ; ; ; ;12;120,946629608733
3371471;1;3;1; ; ; ; ; ; ; ; ; ; ; ; ;12;120,946629608733
3371472;1;1;2;2;23; ;2; ; ;1;2; ; ;1; ;12;80,6489250754842
3371472;1;2;1; ; ; ; ; ; ; ; ; ; ; ; ;12;80,6489250754842
3371472;1;3;1; ; ; ; ; ; ; ; ; ; ; ; ;12;80,6489250754842
3371472;1;4;1; ; ; ; ; ; ; ; ; ; ; ; ;12;80,6489250754842
3371472;1;5;2;2;23; ;2; ; ;1;2; ; ;1; ;12;80,6489250754842
3371472;1;6;1; ; ; ; ; ; ; ; ; ; ; ; ;12;80,6489250754842
3371473;1;1;2;2;70; ;2; ; ;1;2; ; ;1; ;12;91,5219708233332
3371473;1;2;2;2;70; ;2; ; ;1;2; ; ;1; ;12;91,5219708233332
3371473;1;3;2;2;70; ;2; ; ;1;2; ; ;1; ;12;91,5219708233332
3371473;1;4;2;2;70; ;2; ; ;1;2; ; ;1; ;12;91,5219708233332
3371473;1;5;1; ; ; ; ; ; ; ; ; ; ; ; ;12;91,5219708233332
3371473;1;6;1; ; ; ; ; ; ; ; ; ; ; ; ;12;91,5219708233332
3371473;1;7;1; ; ; ; ; ; ; ; ; ; ; ; ;12;91,5219708233332
3371474;1;1;2;2;13; ;2; ; ;1;2; ; ;1; ;12;75,7095464308398
3371474;1;2;1; ; ; ; ; ; ; ; ; ; ; ; ;12;75,7095464308398
3371474;1;3;1; ; ; ; ; ; ; ; ; ; ; ; ;12;75,7095464308398
3371474;1;4;1; ; ; ; ; ; ; ; ; ; ; ; ;12;75,7095464308398
3371475;1;1;2;2;70; ;2; ; ;1;2; ; ;1; ;12;126,300559036683
3371475;1;2;2;2;70; ;2; ; ;1;2; ; ;1; ;12;126,300559036683
3371475;1;3;1; ; ; ; ; ; ; ; ; ; ; ; ;12;126,300559036683
3371475;1;4;1; ; ; ; ; ; ; ; ; ; ; ; ;12;126,300559036683
3371476;1;1;1; ; ; ; ; ; ; ; ; ; ; ; ;12;83,9674021336935
3371476;1;2;1; ; ; ; ; ; ; ; ; ; ; ; ;12;83,9674021336935
3371476;1;3;1; ; ; ; ; ; ; ; ; ; ; ; ;12;83,9674021336935
3371476;1;4;1; ; ; ; ; ; ; ; ; ; ; ; ;12;83,9674021336935
3371476;1;5;2;2;23; ;2; ; ;1;2; ; ;1; ;12;83,9674021336935
3371477;1;1;2;2;23; ;2; ; ;1;2; ; ;1; ;12;78,3585078958956
3371477;1;2;2;2;70; ;2; ; ;1;2; ; ;1; ;12;78,3585078958956
3371478;1;1;1; ; ; ; ; ; ; ; ; ; ; ; ;12;99,0773346913537
3371478;1;2;1; ; ; ; ; ; ; ; ; ; ; ; ;12;99,0773346913537
3371478;1;3;1; ; ; ; ; ; ; ; ; ; ; ; ;12;99,0773346913537
3371479;1;1;2;2;13; ;2; ; ;1;2; ; ;1; ;12;98,6663742791935
3371479;1;2;2;2;70; ;2; ; ;1;2; ; ;1; ;12;98,6663742791935
3371479;1;3;1; ; ; ; ; ; ; ; ; ; ; ; ;12;98,6663742791935
3371479;1;4;1; ; ; ; ; ; ; ; ; ; ; ; ;12;98,6663742791935
3371479;1;5;1; ; ; ; ; ; ; ; ; ; ; ; ;12;98,6663742791935
3371479;1;6;2;2;70; ;2; ; ;1;2; ; ;1; ;12;98,6663742791935
3371480;1;1;1; ; ; ; ; ; ; ; ; ; ; ; ;12;90,8247007941613
3371480;1;2;1; ; ; ; ; ; ; ; ; ; ; ; ;12;90,8247007941613
3371480;1;3;1; ; ; ; ; ; ; ; ; ; ; ; ;12;90,8247007941613
3371480;1;4;1; ; ; ; ; ; ; ; ; ; ; ; ;12;90,8247007941613
3371480;1;5;1; ; ; ; ; ; ; ; ; ; ; ; ;12;90,8247007941613
3371481;1;1;2;2;23; ;2; ; ;1;2; ; ;1; ;12;130,977550072352
3371481;1;2;1; ; ; ; ; ; ; ; ; ; ; ; ;12;130,977550072352
3371481;1;3;2;2;70; ;2; ; ;1;2; ; ;1; ;12;130,977550072352
3371481;1;4;1; ; ; ; ; ; ; ; ; ; ; ; ;12;130,977550072352
3371481;1;5;1; ; ; ; ; ; ; ; ; ; ; ; ;12;130,977550072352
3371481;1;6;1; ; ; ; ; ; ; ; ; ; ; ; ;12;130,977550072352
3371481;1;7;2;2;13; ;2; ; ;1;2; ; ;1; ;12;130,977550072352
3371481;1;8;1; ; ; ; ; ; ; ; ; ; ; ; ;12;130,977550072352
3371481;1;9;2;2;23; ;2; ; ;1;2; ; ;1; ;12;130,977550072352
3371481;1;10;1; ; ; ; ; ; ; ; ; ; ; ; ;12;130,977550072352
3371481;1;11;1; ; ; ; ; ; ; ; ; ; ; ; ;12;130,977550072352
3371482;1;1;2;2;70; ;2; ; ;1;2; ; ;1; ;12;67,2466621648603
3371482;1;2;1; ; ; ; ; ; ; ; ; ; ; ; ;12;67,2466621648603
3371482;1;3;1; ; ; ; ; ; ; ; ; ; ; ; ;12;67,2466621648603
3371482;1;4;1; ; ; ; ; ; ; ; ; ; ; ; ;12;67,2466621648603
3371482;1;5;1; ; ; ; ; ; ; ; ; ; ; ; ;12;67,2466621648603
3371483;1;1;2;1; ; ;3;11; ;1;2; ; ;1; ;12;89,9674709823598
3371483;1;2;2;1; ; ;3;11; ;1;2; ; ;1; ;12;89,9674709823598
3371483;1;3;2;1; ; ;3;11; ;1;2; ; ;1; ;12;89,9674709823598
3371484;1;1;1; ; ; ; ; ; ; ; ; ; ; ; ;12;109,356521144758
3371484;1;2;1; ; ; ; ; ; ; ; ; ; ; ; ;12;109,356521144758
3371484;1;3;1; ; ; ; ; ; ; ; ; ; ; ; ;12;109,356521144758
3371487;1;1;2;1; ; ;2; ; ;1;2; ; ;1; ;12;108,72296306522
3371487;1;2;1; ; ; ; ; ; ; ; ; ; ; ; ;12;108,72296306522
3371487;1;3;1; ; ; ; ; ; ; ; ; ; ; ; ;12;108,72296306522
3371487;1;4;1; ; ; ; ; ; ; ; ; ; ; ; ;12;108,72296306522
3371487;1;5;1; ; ; ; ; ; ; ; ; ; ; ; ;12;108,72296306522
3371488;1;1;2;2;70; ;2; ; ;1;2; ; ;1; ;12;85,777431039807
3371488;1;2;2;2;23; ;2; ; ;1;2; ; ;1; ;12;85,777431039807
3371488;1;3;1; ; ; ; ; ; ; ; ; ; ; ; ;12;85,777431039807
3371488;1;4;1; ; ; ; ; ; ; ; ; ; ; ; ;12;85,777431039807
3371489;1;1;2;2;70; ;2; ; ;1;2; ; ;1; ;12;78,3585078958956
3371489;1;2;2;2;70; ;2; ; ;1;2; ; ;1; ;12;78,3585078958956
3371490;1;1;2;2;13; ;2; ; ;1;2; ; ;1; ;12;104,436980030985
3371490;1;2;2;2;70; ;2; ; ;1;2; ; ;1; ;12;104,436980030985
3371490;1;3;1; ; ; ; ; ; ; ; ; ; ; ; ;12;104,436980030985
3371490;1;4;1; ; ; ; ; ; ; ; ; ; ; ; ;12;104,436980030985
3371490;1;5;2;1; ; ;2; ; ;1;2; ; ;1; ;12;104,436980030985
3371490;1;6;1; ; ; ; ; ; ; ; ; ; ; ; ;12;104,436980030985
3371490;1;7;1; ; ; ; ; ; ; ; ; ; ; ; ;12;104,436980030985
3371490;1;8;1; ; ; ; ; ; ; ; ; ; ; ; ;12;104,436980030985
3371491;1;1;2;1; ; ;2; ; ;1;2; ; ;1; ;12;82,6117656820624
3371491;1;2;2;2;47; ;3;47; ;2;2; ; ;1; ;12;82,6117656820624
3371491;1;3;2;1; ; ;2; ; ;1;2; ; ;1; ;12;82,6117656820624
3371491;1;4;1; ; ; ; ; ; ; ; ; ; ; ; ;12;82,6117656820624
3371492;1;1;2;2;23; ;2; ; ;1;2; ; ;1; ;12;117,146705915736
3371492;1;2;2;2;11; ;2; ; ;1;2; ; ;1; ;12;117,146705915736
3371492;1;3;1; ; ; ; ; ; ; ; ; ; ; ; ;12;117,146705915736
3371492;1;4;1; ; ; ; ; ; ; ; ; ; ; ; ;12;117,146705915736
3371492;1;5;2;2;11; ;2; ; ;1;2; ; ;1; ;12;117,146705915736
3371493;1;1;1; ; ; ; ; ; ; ; ; ; ; ; ;12;140,795087881581
3371493;1;2;1; ; ; ; ; ; ; ; ; ; ; ; ;12;140,795087881581
3371493;1;3;1; ; ; ; ; ; ; ; ; ; ; ; ;12;140,795087881581
3371493;1;4;1; ; ; ; ; ; ; ; ; ; ; ; ;12;140,795087881581
3371493;1;5;1; ; ; ; ; ; ; ; ; ; ; ; ;12;140,795087881581
3371494;1;1;1; ; ; ; ; ; ; ; ; ; ; ; ;12;93,3580656977118
3371494;1;2;2;2;70; ;2; ; ;1;2; ; ;1; ;12;93,3580656977118
3371494;1;3;1; ; ; ; ; ; ; ; ; ; ; ; ;12;93,3580656977118
3371494;1;4;1; ; ; ; ; ; ; ; ; ; ; ; ;12;93,3580656977118
3371494;1;5;1; ; ; ; ; ; ; ; ; ; ; ; ;12;93,3580656977118
3371495;1;1;2;2;23; ;2; ; ;1;2; ; ;1; ;12;100,227802813275
3371495;1;2;2;1; ; ;3;23; ;1;2; ; ;1; ;12;100,227802813275
3371496;1;1;1; ; ; ; ; ; ; ; ; ; ; ; ;12;122,302966316078
3371496;1;2;2;2;23; ;2; ; ;1;2; ; ;1; ;12;122,302966316078
3371496;1;3;1; ; ; ; ; ; ; ; ; ; ; ; ;12;122,302966316078
3371496;1;4;1; ; ; ; ; ; ; ; ; ; ; ; ;12;122,302966316078
3371497;1;1;2;2;70; ;2; ; ;1;2; ; ;1; ;12;123,781315752322
3371497;1;2;2;1; ; ;2; ; ;1;2; ; ;1; ;12;123,781315752322
3371497;1;3;1; ; ; ; ; ; ; ; ; ; ; ; ;12;123,781315752322
3371497;1;4;1; ; ; ; ; ; ; ; ; ; ; ; ;12;123,781315752322
3371497;1;5;1; ; ; ; ; ; ; ; ; ; ; ; ;12;123,781315752322
3371497;1;6;2;2;70; ;2; ; ;1;2; ; ;1; ;12;123,781315752322
3371497;1;7;1; ; ; ; ; ; ; ; ; ; ; ; ;12;123,781315752322
3371498;1;1;1; ; ; ; ; ; ; ; ; ; ; ; ;12;97,784215827623
3371498;1;2;2;2;70; ;2; ; ;1;2; ; ;1; ;12;97,784215827623
3371498;1;3;1; ; ; ; ; ; ; ; ; ; ; ; ;12;97,784215827623
3371498;1;4;1; ; ; ; ; ; ; ; ; ; ; ; ;12;97,784215827623
3371498;1;5;1; ; ; ; ; ; ; ; ; ; ; ; ;12;97,784215827623
3371499;1;1;1; ; ; ; ; ; ; ; ; ; ; ; ;12;107,621500011219
3371499;1;2;1; ; ; ; ; ; ; ; ; ; ; ; ;12;107,621500011219
3371499;1;3;1; ; ; ; ; ; ; ; ; ; ; ; ;12;107,621500011219
3371499;1;4;1; ; ; ; ; ; ; ; ; ; ; ; ;12;107,621500011219
3371499;1;5;1; ; ; ; ; ; ; ; ; ; ; ; ;12;107,621500011219
3371499;1;6;2;1; ; ;3;70; ;1;3;70; ;1; ;12;107,621500011219
3371499;1;7;1; ; ; ; ; ; ; ; ; ; ; ; ;12;107,621500011219
3371499;1;8;1; ; ; ; ; ; ; ; ; ; ; ; ;12;107,621500011219
3371499;1;9;1; ; ; ; ; ; ; ; ; ; ; ; ;12;107,621500011219
3371500;1;1;2;2;23; ;2; ; ;1;2; ; ;1; ;12;77,9741075580202
3371500;1;2;2;2;70; ;2; ; ;1;2; ; ;1; ;12;77,9741075580202
3371500;1;3;2;2;70; ;2; ; ;1;2; ; ;1; ;12;77,9741075580202
3371500;1;4;1; ; ; ; ; ; ; ; ; ; ; ; ;12;77,9741075580202
3371500;1;5;1; ; ; ; ; ; ; ; ; ; ; ; ;12;77,9741075580202
3371501;1;1;1; ; ; ; ; ; ; ; ; ; ; ; ;12;87,3319308807804
3371501;1;2;1; ; ; ; ; ; ; ; ; ; ; ; ;12;87,3319308807804
3371501;1;3;1; ; ; ; ; ; ; ; ; ; ; ; ;12;87,3319308807804
3371501;1;4;1; ; ; ; ; ; ; ; ; ; ; ; ;12;87,3319308807804
3371501;2;1;2;2;13; ;2; ; ;1;2; ; ;1; ;12;87,3319308807804
3371501;2;2;1; ; ; ; ; ; ; ; ; ; ; ; ;12;87,3319308807804
3371501;2;3;1; ; ; ; ; ; ; ; ; ; ; ; ;12;87,3319308807804
3371501;2;4;1; ; ; ; ; ; ; ; ; ; ; ; ;12;87,3319308807804
3371502;1;1;1; ; ; ; ; ; ; ; ; ; ; ; ;12;75,7090523248201
3371502;1;2;1; ; ; ; ; ; ; ; ; ; ; ; ;12;75,7090523248201
3371502;1;3;1; ; ; ; ; ; ; ; ; ; ; ; ;12;75,7090523248201
3371504;1;1;1; ; ; ; ; ; ; ; ; ; ; ; ;12;1191,35837304934
3371504;1;2;1; ; ; ; ; ; ; ; ; ; ; ; ;12;1191,35837304934
3371504;1;3;1; ; ; ; ; ; ; ; ; ; ; ; ;12;1191,35837304934
3371505;1;1;2;2;08; ;3;08; ;1;2; ; ;1; ;12;1371,36924230772
3371505;1;2;2;2;23; ;3;05; ;1;2; ; ;1; ;12;1371,36924230772
3371505;1;3;1; ; ; ; ; ; ; ; ; ; ; ; ;12;1371,36924230772
3371507;1;1;1; ; ; ; ; ; ; ; ; ; ; ; ;12;986,085106271959
3371507;1;2;1; ; ; ; ; ; ; ; ; ; ; ; ;12;986,085106271959
3371507;1;3;1; ; ; ; ; ; ; ; ; ; ; ; ;12;986,085106271959
3371508;1;1;1; ; ; ; ; ; ; ; ; ; ; ; ;12;1015,77057785205
3371508;1;2;1; ; ; ; ; ; ; ; ; ; ; ; ;12;1015,77057785205
3371508;1;3;2;1; ; ;2; ; ;1;3;08; ;1; ;12;1015,77057785205
3371508;1;4;1; ; ; ; ; ; ; ; ; ; ; ; ;12;1015,77057785205
3371509;1;1;1; ; ; ; ; ; ; ; ; ; ; ; ;12;1391,93893304775
3371509;1;2;1; ; ; ; ; ; ; ; ; ; ; ; ;12;1391,93893304775
3371509;1;3;1; ; ; ; ; ; ; ; ; ; ; ; ;12;1391,93893304775
3371509;1;4;1; ; ; ; ; ; ; ; ; ; ; ; ;12;1391,93893304775
3371510;1;1;1; ; ; ; ; ; ; ; ; ; ; ; ;12;992,893495456176
3371510;1;2;1; ; ; ; ; ; ; ; ; ; ; ; ;12;992,893495456176
3371510;1;3;1; ; ; ; ; ; ; ; ; ; ; ; ;12;992,893495456176
3371510;1;4;1; ; ; ; ; ; ; ; ; ; ; ; ;12;992,893495456176
3371511;1;1;2;2;08; ;2; ; ;1;2; ; ;1; ;12;907,832149185065
3371511;1;2;2;1; ; ;2; ; ;1;2; ; ;1; ;12;907,832149185065
3371512;1;1;1; ; ; ; ; ; ; ; ; ; ; ; ;12;1640,8344458353
3371512;1;2;2;1; ; ;2; ; ;2;2; ; ;1; ;12;1640,8344458353
3371512;1;3;2;2;08; ;2; ; ;1;2; ; ;1; ;12;1640,8344458353
3371512;1;4;1; ; ; ; ; ; ; ; ; ; ; ; ;12;1640,8344458353
3371512;1;5;2;1; ; ;3;08; ;1;3;08; ;1; ;12;1640,8344458353
3371512;1;6;2;2;08; ;3;08; ;1;3;08; ;1; ;12;1640,8344458353
3371512;1;7;2;2;08; ;1; ; ; ;3;08; ;1; ;12;1640,8344458353
3371513;1;1;1; ; ; ; ; ; ; ; ; ; ; ; ;12;1103,74907188849
3371513;1;2;1; ; ; ; ; ; ; ; ; ; ; ; ;12;1103,74907188849
3371514;1;1;2;2;13; ;3;47; ;1;2; ; ;2; ;12;5226,89358959357
3371514;1;2;2;2;20; ;3;47; ;1;2; ; ;2; ;12;5226,89358959357
3371514;1;3;2;2;08; ;3;08; ;2;2; ; ;2; ;12;5226,89358959357
3371514;1;4;2;2;08; ;3;08; ;2;2; ; ;2; ;12;5226,89358959357
3371515;1;1;2;1; ; ;2; ; ;1;2; ; ;1; ;12;764,481123463705
3371515;1;2;1; ; ; ; ; ; ; ; ; ; ; ; ;12;764,481123463705
3371515;1;3;1; ; ; ; ; ; ; ; ; ; ; ; ;12;764,481123463705
3371516;1;1;2;2;08; ;2; ; ;2;2; ; ;2; ;12;4322,03762476573
3371516;1;2;2;2;13; ;3;08; ;2;2; ; ;2; ;12;4322,03762476573
3371517;1;1;2;2;23; ;2; ; ;2;2; ; ;2; ;12;2932,09344589945
3371517;1;2;2;2;20; ;2; ; ;2;2; ; ;2; ;12;2932,09344589945
3371518;1;1;2;2;08; ;2; ; ;2;2; ; ;2; ;12;5193,39162316566
3371518;1;2;1; ; ; ; ; ; ; ; ; ; ; ; ;12;5193,39162316566
3371518;1;3;2;2;08; ;2; ; ;2;2; ; ;2; ;12;5193,39162316566
3371518;1;4;2;2;08; ;2; ; ;2;2; ; ;2; ;12;5193,39162316566
3371518;1;5;2;2;08; ;1; ; ; ;2; ; ;2; ;12;5193,39162316566
3371519;1;1;1; ; ; ; ; ; ; ; ; ; ; ; ;12;1113,11140070433
3371520;1;1;1; ; ; ; ; ; ; ; ; ; ; ; ;12;1130,96605346878
3371520;1;2;1; ; ; ; ; ; ; ; ; ; ; ; ;12;1130,96605346878
3371520;1;3;2;1; ; ;3;08; ;1;2; ; ;1; ;12;1130,96605346878
3371520;1;4;2;2;08; ;2; ; ;1;2; ; ;1; ;12;1130,96605346878
3371520;1;5;1; ; ; ; ; ; ; ; ; ; ; ; ;12;1130,96605346878
3371520;1;6;2;2;08; ;3;08; ;1;2; ; ;1; ;12;1130,96605346878
3371522;1;1;1; ; ; ; ; ; ; ; ; ; ; ; ;12;923,738202630116
3371522;1;2;1; ; ; ; ; ; ; ; ; ; ; ; ;12;923,738202630116
3371523;1;1;1; ; ; ; ; ; ; ; ; ; ; ; ;12;4205,64469385031
3371524;1;1;1; ; ; ; ; ; ; ; ; ; ; ; ;12;3467,7222434997
3371524;1;2;1; ; ; ; ; ; ; ; ; ; ; ; ;12;3467,7222434997
3371524;1;3;2;2;08; ;4; ;3; ;4; ;3; ;1;12;3467,7222434997
3371524;1;4;2;2;08; ;4; ;3; ;4; ;3; ;1;12;3467,7222434997
3371525;1;1;1; ; ; ; ; ; ; ; ; ; ; ; ;12;2820,04494025234
3371525;1;2;1; ; ; ; ; ; ; ; ; ; ; ; ;12;2820,04494025234
3371525;1;3;1; ; ; ; ; ; ; ; ; ; ; ; ;12;2820,04494025234
3371525;1;4;2;1; ; ;2; ; ;2;2; ; ;2; ;12;2820,04494025234
3371526;1;1;1; ; ; ; ; ; ; ; ; ; ; ; ;12;1159,1275883153
3371526;1;2;2;2;08; ;2; ; ;1;2; ; ;1; ;12;1159,1275883153
3371527;1;1;1; ; ; ; ; ; ; ; ; ; ; ; ;12;3808,9828120268
3371527;1;2;1; ; ; ; ; ; ; ; ; ; ; ; ;12;3808,9828120268
3371527;1;3;1; ; ; ; ; ; ; ; ; ; ; ; ;12;3808,9828120268
3371527;1;4;1; ; ; ; ; ; ; ; ; ; ; ; ;12;3808,9828120268
3371529;1;1;1; ; ; ; ; ; ; ; ; ; ; ; ;12;949,372198071249
3371529;1;2;2;2;08; ;2; ; ;1;2; ; ;1; ;12;949,372198071249
3371529;1;3;1; ; ; ; ; ; ; ; ; ; ; ; ;12;949,372198071249
3371529;1;4;1; ; ; ; ; ; ; ; ; ; ; ; ;12;949,372198071249
3371529;1;5;1; ; ; ; ; ; ; ; ; ; ; ; ;12;949,372198071249
3371531;1;1;2;1; ; ;2; ; ;1;2; ; ;1; ;12;569,189891482608
3371531;1;2;2;2;08; ;2; ; ;1;2; ; ;1; ;12;569,189891482608
3371531;1;3;2;2;08; ;2; ; ;1;2; ; ;1; ;12;569,189891482608
3371531;1;4;1; ; ; ; ; ; ; ; ; ; ; ; ;12;569,189891482608
3371532;1;1;1; ; ; ; ; ; ; ; ; ; ; ; ;12;1663,85456446536
3371532;1;2;1; ; ; ; ; ; ; ; ; ; ; ; ;12;1663,85456446536
3371532;1;3;1; ; ; ; ; ; ; ; ; ; ; ; ;12;1663,85456446536
3371532;1;4;2;2;08; ;2; ; ;1;2; ; ;1; ;12;1663,85456446536
3371532;1;5;1; ; ; ; ; ; ; ; ; ; ; ; ;12;1663,85456446536
3371532;2;1;1; ; ; ; ; ; ; ; ; ; ; ; ;12;1663,85456446536
3371532;2;2;1; ; ; ; ; ; ; ; ; ; ; ; ;12;1663,85456446536
3371532;2;3;1; ; ; ; ; ; ; ; ; ; ; ; ;12;1663,85456446536
3371532;2;4;1; ; ; ; ; ; ; ; ; ; ; ; ;12;1663,85456446536
3371532;2;5;1; ; ; ; ; ; ; ; ; ; ; ; ;12;1663,85456446536
3371533;1;1;1; ; ; ; ; ; ; ; ; ; ; ; ;12;674,426417045163
3371533;1;2;1; ; ; ; ; ; ; ; ; ; ; ; ;12;674,426417045163
3371533;1;3;1; ; ; ; ; ; ; ; ; ; ; ; ;12;674,426417045163
3371533;1;4;1; ; ; ; ; ; ; ; ; ; ; ; ;12;674,426417045163
3371534;1;1;1; ; ; ; ; ; ; ; ; ; ; ; ;12;1271,72965427727
3371534;1;2;1; ; ; ; ; ; ; ; ; ; ; ; ;12;1271,72965427727
3371534;1;3;1; ; ; ; ; ; ; ; ; ; ; ; ;12;1271,72965427727
3371534;1;4;1; ; ; ; ; ; ; ; ; ; ; ; ;12;1271,72965427727
3371534;1;5;1; ; ; ; ; ; ; ; ; ; ; ; ;12;1271,72965427727
3371535;1;1;2;2;13; ;2; ; ;1;2; ; ;1; ;12;90,8189848824803
3371536;1;1;2;2;23; ;2; ; ;1;2; ; ;1; ;12;82,6117656820624
3371536;1;2;2;2;70; ;2; ; ;1;2; ; ;1; ;12;82,6117656820624
3371536;1;3;1; ; ; ; ; ; ; ; ; ; ; ; ;12;82,6117656820624
3371536;1;4;1; ; ; ; ; ; ; ; ; ; ; ; ;12;82,6117656820624
3371537;1;1;2;2;70; ;2; ; ;1;2; ; ;1; ;12;95,9993217109723
3371537;1;2;1; ; ; ; ; ; ; ; ; ; ; ; ;12;95,9993217109723
3371537;1;3;2;1; ; ;2; ; ;1;2; ; ;1; ;12;95,9993217109723
3371537;1;4;1; ; ; ; ; ; ; ; ; ; ; ; ;12;95,9993217109723
3371538;1;1;1; ; ; ; ; ; ; ; ; ; ; ; ;12;78,3642238075766
3371538;1;2;1; ; ; ; ; ; ; ; ; ; ; ; ;12;78,3642238075766
3371538;1;3;1; ; ; ; ; ; ; ; ; ; ; ; ;12;78,3642238075766
3371538;1;4;1; ; ; ; ; ; ; ; ; ; ; ; ;12;78,3642238075766
3371538;1;5;1; ; ; ; ; ; ; ; ; ; ; ; ;12;78,3642238075766
3371538;1;6;1; ; ; ; ; ; ; ; ; ; ; ; ;12;78,3642238075766
3371539;1;1;1; ; ; ; ; ; ; ; ; ; ; ; ;12;98,2069661687437
3371539;1;2;2;2;70; ;2; ; ;1;2; ; ;1; ;12;98,2069661687437
3371539;1;3;1; ; ; ; ; ; ; ; ; ; ; ; ;12;98,2069661687437
3371539;1;4;1; ; ; ; ; ; ; ; ; ; ; ; ;12;98,2069661687437
3371540;1;1;1; ; ; ; ; ; ; ; ; ; ; ; ;12;89,9486163598702
3371540;1;2;1; ; ; ; ; ; ; ; ; ; ; ; ;12;89,9486163598702
3371541;1;1;2;1; ; ;2; ; ;1;2; ; ;1; ;12;110,686297777818
3371541;1;2;2;1; ; ;2; ; ;1;2; ; ;1; ;12;110,686297777818
3371541;1;3;2;1; ; ;2; ; ;1;2; ; ;1; ;12;110,686297777818
3371541;1;4;2;2;23; ;2; ; ;1;2; ; ;1; ;12;110,686297777818
3371542;1;1;1; ; ; ; ; ; ; ; ; ; ; ; ;12;137,432036148895
3371542;1;2;1; ; ; ; ; ; ; ; ; ; ; ; ;12;137,432036148895
3371542;1;3;1; ; ; ; ; ; ; ; ; ; ; ; ;12;137,432036148895
3371542;1;4;1; ; ; ; ; ; ; ; ; ; ; ; ;12;137,432036148895
3371542;1;5;1; ; ; ; ; ; ; ; ; ; ; ; ;12;137,432036148895
3371542;1;6;1; ; ; ; ; ; ; ; ; ; ; ; ;12;137,432036148895
3371542;1;7;1; ; ; ; ; ; ; ; ; ; ; ; ;12;137,432036148895
3371542;1;8;2;1; ; ;2; ; ;1;2; ; ;1; ;12;137,432036148895
3371542;1;9;2;2;13; ;2; ; ;1;2; ; ;1; ;12;137,432036148895
3371543;1;1;1; ; ; ; ; ; ; ; ; ; ; ; ;12;95,7499578196157
3371543;1;2;2;2;20; ;3;13; ;1;2; ; ;1; ;12;95,7499578196157
3371543;1;3;1; ; ; ; ; ; ; ; ; ; ; ; ;12;95,7499578196157
3371543;1;4;1; ; ; ; ; ; ; ; ; ; ; ; ;12;95,7499578196157
3371544;1;1;1; ; ; ; ; ; ; ; ; ; ; ; ;12;65,8980309093108
3371544;1;2;1; ; ; ; ; ; ; ; ; ; ; ; ;12;65,8980309093108
3371544;1;3;1; ; ; ; ; ; ; ; ; ; ; ; ;12;65,8980309093108
3371545;1;1;1; ; ; ; ; ; ; ; ; ; ; ; ;12;109,535829655897
3371545;1;2;1; ; ; ; ; ; ; ; ; ; ; ; ;12;109,535829655897
3371545;1;3;1; ; ; ; ; ; ; ; ; ; ; ; ;12;109,535829655897
3371545;1;4;1; ; ; ; ; ; ; ; ; ; ; ; ;12;109,535829655897
3371545;1;5;1; ; ; ; ; ; ; ; ; ; ; ; ;12;109,535829655897
3371546;1;1;2;2;13; ;2; ; ;1;2; ; ;1; ;12;89,3029710451736
3371546;1;2;2;1; ; ;2; ; ;1;2; ; ;1; ;12;89,3029710451736
3371546;1;3;1; ; ; ; ; ; ; ; ; ; ; ; ;12;89,3029710451736
3371546;1;4;2;2;70; ;2; ; ;1;2; ; ;1; ;12;89,3029710451736
3371546;1;5;2;2;70; ;3;70; ;1;2; ; ;1; ;12;89,3029710451736
3371546;1;6;2;2;70; ;3;70; ;1;2; ; ;1; ;12;89,3029710451736
3371547;1;1;1; ; ; ; ; ; ; ; ; ; ; ; ;12;106,457816675516
3371547;1;2;2;2;70; ;2; ; ;1;2; ; ;1; ;12;106,457816675516
3371547;1;3;1; ; ; ; ; ; ; ; ; ; ; ; ;12;106,457816675516
3371547;1;4;1; ; ; ; ; ; ; ; ; ; ; ; ;12;106,457816675516
3371547;1;5;1; ; ; ; ; ; ; ; ; ; ; ; ;12;106,457816675516
3371547;1;6;1; ; ; ; ; ; ; ; ; ; ; ; ;12;106,457816675516
3371548;1;1;1; ; ; ; ; ; ; ; ; ; ; ; ;12;111,856397280916
3371548;1;2;1; ; ; ; ; ; ; ; ; ; ; ; ;12;111,856397280916
3371548;1;3;1; ; ; ; ; ; ; ; ; ; ; ; ;12;111,856397280916
3371548;1;4;1; ; ; ; ; ; ; ; ; ; ; ; ;12;111,856397280916
3371548;1;5;1; ; ; ; ; ; ; ; ; ; ; ; ;12;111,856397280916
3371548;1;6;1; ; ; ; ; ; ; ; ; ; ; ; ;12;111,856397280916
3371548;1;7;1; ; ; ; ; ; ; ; ; ; ; ; ;12;111,856397280916
3371548;1;8;2;2;70; ;2; ; ;1;2; ; ;1; ;12;111,856397280916
3371548;1;9;1; ; ; ; ; ; ; ; ; ; ; ; ;12;111,856397280916
3371548;1;10;1; ; ; ; ; ; ; ; ; ; ; ; ;12;111,856397280916
3371548;1;11;1; ; ; ; ; ; ; ; ; ; ; ; ;12;111,856397280916
3371549;1;1;1; ; ; ; ; ; ; ; ; ; ; ; ;12;130,075347940216
3371549;1;2;1; ; ; ; ; ; ; ; ; ; ; ; ;12;130,075347940216
3371549;1;3;1; ; ; ; ; ; ; ; ; ; ; ; ;12;130,075347940216
3371549;1;4;1; ; ; ; ; ; ; ; ; ; ; ; ;12;130,075347940216
3371550;1;1;1; ; ; ; ; ; ; ; ; ; ; ; ;12;110,686297777818
3371550;1;2;1; ; ; ; ; ; ; ; ; ; ; ; ;12;110,686297777818
3371550;1;3;1; ; ; ; ; ; ; ; ; ; ; ; ;12;110,686297777818
3371550;1;4;1; ; ; ; ; ; ; ; ; ; ; ; ;12;110,686297777818
3371553;1;1;1; ; ; ; ; ; ; ; ; ; ; ; ;12;923,738202630116
3371553;1;2;1; ; ; ; ; ; ; ; ; ; ; ; ;12;923,738202630116
3371555;1;1;1; ; ; ; ; ; ; ; ; ; ; ; ;12;1465,57036459859
3371555;1;2;1; ; ; ; ; ; ; ; ; ; ; ; ;12;1465,57036459859
3371555;1;3;1; ; ; ; ; ; ; ; ; ; ; ; ;12;1465,57036459859
3371555;1;4;1; ; ; ; ; ; ; ; ; ; ; ; ;12;1465,57036459859
3371556;1;1;1; ; ; ; ; ; ; ; ; ; ; ; ;12;1225,7134666663
3371556;1;2;1; ; ; ; ; ; ; ; ; ; ; ; ;12;1225,7134666663
3371556;1;3;1; ; ; ; ; ; ; ; ; ; ; ; ;12;1225,7134666663
3371556;1;4;1; ; ; ; ; ; ; ; ; ; ; ; ;12;1225,7134666663
3371557;1;1;2;2;08; ;2; ; ;1;2; ; ;1; ;12;1154,65144959051
3371557;1;2;1; ; ; ; ; ; ; ; ; ; ; ; ;12;1154,65144959051
3371557;1;3;1; ; ; ; ; ; ; ; ; ; ; ; ;12;1154,65144959051
3371557;1;4;1; ; ; ; ; ; ; ; ; ; ; ; ;12;1154,65144959051
3371558;1;1;1; ; ; ; ; ; ; ; ; ; ; ; ;12;907,832149185065
3371558;1;2;1; ; ; ; ; ; ; ; ; ; ; ; ;12;907,832149185065
3371559;1;1;1; ; ; ; ; ; ; ; ; ; ; ; ;12;773,843452279541
3371559;1;2;1; ; ; ; ; ; ; ; ; ; ; ; ;12;773,843452279541
3371560;1;1;2;2;76; ;2; ; ;1;2; ; ;1; ;12;780,387176908757
3371560;1;2;1; ; ; ; ; ; ; ; ; ; ; ; ;12;780,387176908757
3371560;1;3;1; ; ; ; ; ; ; ; ; ; ; ; ;12;780,387176908757
3371561;1;1;1; ; ; ; ; ; ; ; ; ; ; ; ;12;1145,28912077468
3371561;1;2;1; ; ; ; ; ; ; ; ; ; ; ; ;12;1145,28912077468
3371561;1;3;1; ; ; ; ; ; ; ; ; ; ; ; ;12;1145,28912077468
3371561;1;4;1; ; ; ; ; ; ; ; ; ; ; ; ;12;1145,28912077468
3371561;1;5;1; ; ; ; ; ; ; ; ; ; ; ; ;12;1145,28912077468
3371562;1;1;2;2;68; ;2; ; ;1;2; ; ;1; ;12;780,387176908757
3371562;1;2;1; ; ; ; ; ; ; ; ; ; ; ; ;12;780,387176908757
3371562;1;3;1; ; ; ; ; ; ; ; ; ; ; ; ;12;780,387176908757
3371563;1;1;1; ; ; ; ; ; ; ; ; ; ; ; ;12;618,994835954664
3371563;1;2;1; ; ; ; ; ; ; ; ; ; ; ; ;12;618,994835954664
3371563;1;3;1; ; ; ; ; ; ; ; ; ; ; ; ;12;618,994835954664
3371563;1;4;1; ; ; ; ; ; ; ; ; ; ; ; ;12;618,994835954664
3371563;1;5;1; ; ; ; ; ; ; ; ; ; ; ; ;12;618,994835954664
3371563;1;6;1; ; ; ; ; ; ; ; ; ; ; ; ;12;618,994835954664
3371563;1;7;1; ; ; ; ; ; ; ; ; ; ; ; ;12;618,994835954664
3371564;1;1;2;1; ; ;2; ; ;1;2; ; ;1;1;12;2820,04494025234
3371564;1;2;1; ; ; ; ; ; ; ; ; ; ; ; ;12;2820,04494025234
3371564;1;3;1; ; ; ; ; ; ; ; ; ; ; ; ;12;2820,04494025234
3371564;1;4;1; ; ; ; ; ; ; ; ; ; ; ; ;12;2820,04494025234
3371565;1;1;1; ; ; ; ; ; ; ; ; ; ; ; ;12;4970,31448475844
3371566;1;1;2;2;47; ;2; ; ;1;2; ; ;1;1;12;2932,09344589945
3371566;1;2;1; ; ; ; ; ; ; ; ; ; ; ; ;12;2932,09344589945
3371567;1;1;1; ; ; ; ; ; ; ; ; ; ; ; ;12;870,539464796457
3371567;1;2;2;1; ; ;2; ; ;2;2; ; ;1; ;12;870,539464796457
3371567;1;3;1; ; ; ; ; ; ; ; ; ; ; ; ;12;870,539464796457
3371567;1;4;1; ; ; ; ; ; ; ; ; ; ; ; ;12;870,539464796457
3371567;1;5;1; ; ; ; ; ; ; ; ; ; ; ; ;12;870,539464796457
3371568;1;1;1; ; ; ; ; ; ; ; ; ; ; ; ;12;865,840773275599
3371568;1;2;1; ; ; ; ; ; ; ; ; ; ; ; ;12;865,840773275599
3371568;1;3;1; ; ; ; ; ; ; ; ; ; ; ; ;12;865,840773275599
3371568;1;4;1; ; ; ; ; ; ; ; ; ; ; ; ;12;865,840773275599
3371568;1;5;1; ; ; ; ; ; ; ; ; ; ; ; ;12;865,840773275599
3371568;1;6;1; ; ; ; ; ; ; ; ; ; ; ; ;12;865,840773275599
3371568;1;7;1; ; ; ; ; ; ; ; ; ; ; ; ;12;865,840773275599
3371569;1;1;1; ; ; ; ; ; ; ; ; ; ; ; ;12;1113,11140070433
3371570;1;1;2;2;20; ;2; ; ;1;2; ; ;1; ;12;1002,25582427201
3371570;1;2;1; ; ; ; ; ; ; ; ; ; ; ; ;12;1002,25582427201
3371570;1;3;1; ; ; ; ; ; ; ; ; ; ; ; ;12;1002,25582427201
3371571;1;1;1; ; ; ; ; ; ; ; ; ; ; ; ;12;2847,98322326897
3371571;1;2;1; ; ; ; ; ; ; ; ; ; ; ; ;12;2847,98322326897
3371571;1;3;1; ; ; ; ; ; ; ; ; ; ; ; ;12;2847,98322326897
3371572;1;1;1; ; ; ; ; ; ; ; ; ; ; ; ;12;7037,31088980923
3371572;1;2;1; ; ; ; ; ; ; ; ; ; ; ; ;12;7037,31088980923
3371572;1;3;1; ; ; ; ; ; ; ; ; ; ; ; ;12;7037,31088980923
3371572;1;4;1; ; ; ; ; ; ; ; ; ; ; ; ;12;7037,31088980923
3371572;1;5;1; ; ; ; ; ; ; ; ; ; ; ; ;12;7037,31088980923
3371573;1;1;1; ; ; ; ; ; ; ; ; ; ; ; ;12;3497,09494687972
3371573;1;2;1; ; ; ; ; ; ; ; ; ; ; ; ;12;3497,09494687972
3371573;1;3;1; ; ; ; ; ; ; ; ; ; ; ; ;12;3497,09494687972
3371574;1;1;1; ; ; ; ; ; ; ; ; ; ; ; ;12;764,481123463705
3371574;1;2;1; ; ; ; ; ; ; ; ; ; ; ; ;12;764,481123463705
3371574;1;3;1; ; ; ; ; ; ; ; ; ; ; ; ;12;764,481123463705
3371575;1;1;1; ; ; ; ; ; ; ; ; ; ; ; ;12;569,189891482608
3371575;1;2;1; ; ; ; ; ; ; ; ; ; ; ; ;12;569,189891482608
3371575;1;3;1; ; ; ; ; ; ; ; ; ; ; ; ;12;569,189891482608
3371575;1;4;1; ; ; ; ; ; ; ; ; ; ; ; ;12;569,189891482608
3371575;1;5;2;2;47; ;2; ; ;1;2; ; ;1; ;12;569,189891482608
3371575;1;6;1; ; ; ; ; ; ; ; ; ; ; ; ;12;569,189891482608
3371575;1;7;1; ; ; ; ; ; ; ; ; ; ; ; ;12;569,189891482608
3371575;1;8;1; ; ; ; ; ; ; ; ; ; ; ; ;12;569,189891482608
3371576;1;1;1; ; ; ; ; ; ; ; ; ; ; ; ;12;1165,67131294451
3371576;1;2;1; ; ; ; ; ; ; ; ; ; ; ; ;12;1165,67131294451
3371576;1;3;1; ; ; ; ; ; ; ; ; ; ; ; ;12;1165,67131294451
3371577;1;1;1; ; ; ; ; ; ; ; ; ; ; ; ;12;1080,4823536107
3371577;1;2;1; ; ; ; ; ; ; ; ; ; ; ; ;12;1080,4823536107
3371577;1;3;1; ; ; ; ; ; ; ; ; ; ; ; ;12;1080,4823536107
3371577;1;4;1; ; ; ; ; ; ; ; ; ; ; ; ;12;1080,4823536107
3371577;1;5;1; ; ; ; ; ; ; ; ; ; ; ; ;12;1080,4823536107
3371578;1;1;1; ; ; ; ; ; ; ; ; ; ; ; ;12;1129,01745414938
3371579;1;1;1; ; ; ; ; ; ; ; ; ; ; ; ;12;969,754390241086
3371579;1;2;1; ; ; ; ; ; ; ; ; ; ; ; ;12;969,754390241086
3371579;1;3;1; ; ; ; ; ; ; ; ; ; ; ; ;12;969,754390241086
3371580;1;1;1; ; ; ; ; ; ; ; ; ; ; ; ;12;773,843452279541
3371580;1;2;1; ; ; ; ; ; ; ; ; ; ; ; ;12;773,843452279541
3371581;1;1;1; ; ; ; ; ; ; ; ; ; ; ; ;12;969,754390241086
3371581;1;2;1; ; ; ; ; ; ; ; ; ; ; ; ;12;969,754390241086
3371581;1;3;1; ; ; ; ; ; ; ; ; ; ; ; ;12;969,754390241086
3371582;1;1;2;2;08; ;2; ; ;1;2; ; ;1; ;12;276,191505302351
3371582;1;2;2;2;44; ;2; ; ;1;2; ; ;1; ;12;276,191505302351
3371582;1;3;2;2;44; ;3;20; ;1;2; ; ;1; ;12;276,191505302351
3371582;1;4;1; ; ; ; ; ; ; ; ; ; ; ; ;12;276,191505302351
3371582;1;5;1; ; ; ; ; ; ; ; ; ; ; ; ;12;276,191505302351
3371583;1;1;1; ; ; ; ; ; ; ; ; ; ; ; ;12;218,199045457779
3371583;1;2;1; ; ; ; ; ; ; ; ; ; ; ; ;12;218,199045457779
3371584;1;1;2;2;44; ;2; ; ;1;2; ; ;1; ;12;88,7544573075467
3371584;1;2;2;2;44; ;2; ; ;1;2; ; ;1; ;12;88,7544573075467
3371584;1;3;2;2;44; ;2; ; ;1;2; ; ;1; ;12;88,7544573075467
3371584;1;4;2;2;08; ;3;44; ;1;2; ; ;1; ;12;88,7544573075467
3371586;1;1;2;2;20; ;2; ; ;1;2; ; ;1; ;12;184,643005658514
3371587;1;1;2;2;47; ;2; ; ;1;2; ; ;1; ;12;184,643005658514
3371588;1;1;2;2;08; ;2; ; ;1;2; ; ;1; ;12;92,2995955931206
3371588;1;2;2;1; ; ;2; ; ;1;2; ; ;1; ;12;92,2995955931206
3371588;1;3;1; ; ; ; ; ; ; ; ; ; ; ; ;12;92,2995955931206
3371589;1;1;1; ; ; ; ; ; ; ; ; ; ; ; ;12;44,3772286537733
3371589;1;2;1; ; ; ; ; ; ; ; ; ; ; ; ;12;44,3772286537733
3371589;1;3;2;1; ; ;3;08; ;1;2; ; ;1; ;12;44,3772286537733
3371590;1;1;1; ; ; ; ; ; ; ; ; ; ; ; ;12;81,8887053693926
3371590;1;2;1; ; ; ; ; ; ; ; ; ; ; ; ;12;81,8887053693926
3371590;1;3;1; ; ; ; ; ; ; ; ; ; ; ; ;12;81,8887053693926
3371591;1;1;1; ; ; ; ; ; ; ; ; ; ; ; ;12;44,3772286537733
3371591;1;2;2;1; ; ;2; ; ;1;2; ; ;1; ;12;44,3772286537733
3371591;1;3;1; ; ; ; ; ; ; ; ; ; ; ; ;12;44,3772286537733
3371591;1;4;1; ; ; ; ; ; ; ; ; ; ; ; ;12;44,3772286537733
3371591;1;5;1; ; ; ; ; ; ; ; ; ; ; ; ;12;44,3772286537733
3371591;1;6;1; ; ; ; ; ; ; ; ; ; ; ; ;12;44,3772286537733
3371592;1;1;2;2;76; ;2; ; ;1;2; ; ;1; ;12;58,7105664936034
3371592;1;2;1; ; ; ; ; ; ; ; ; ; ; ; ;12;58,7105664936034
3371592;1;3;2;2;47; ;2; ; ;1;2; ; ;1; ;12;58,7105664936034
3371594;1;1;1; ; ; ; ; ; ; ; ; ; ; ; ;12;61,7840540494711
3371594;1;2;1; ; ; ; ; ; ; ; ; ; ; ; ;12;61,7840540494711
3371594;1;3;2;1; ; ;2; ; ;1;2; ; ;1; ;12;61,7840540494711
3371594;1;4;2;1; ; ;2; ; ;1;2; ; ;1; ;12;61,7840540494711
3371594;1;5;2;1; ; ;2; ; ;1;2; ; ;1; ;12;61,7840540494711
3371594;1;6;2;1; ; ;2; ; ;1;2; ; ;1; ;12;61,7840540494711
3371594;1;7;2;2;44; ;3;44; ;2;3;44; ;2;1;12;61,7840540494711
3371595;1;1;2;2;66; ;3;66; ;1;2; ; ;1; ;12;146,328029229322
3371595;1;2;2;2;66; ;3;66; ;1;2; ; ;1; ;12;146,328029229322
3371595;1;3;2;2;66; ;3;66; ;1;2; ; ;1; ;12;146,328029229322
3371595;1;4;2;2;66; ;3;66; ;1;2; ; ;1; ;12;146,328029229322
3371595;1;5;2;2;66; ;3;66; ;1;2; ; ;1; ;12;146,328029229322
3371595;1;6;2;2;44; ;3;47; ;1;3;47; ;1; ;12;146,328029229322
3371595;1;7;2;2;47; ;3;47; ;2;3;47; ;2;1;12;146,328029229322
3371595;1;8;1; ; ; ; ; ; ; ; ; ; ; ; ;12;146,328029229322
3371597;1;1;1; ; ; ; ; ; ; ; ; ; ; ; ;12;57,5024656863855
3371597;1;2;2;2;25; ;2; ; ;1;2; ; ;1; ;12;57,5024656863855
3371597;1;3;2;1; ; ;2; ; ;1;2; ; ;1; ;12;57,5024656863855
3371597;1;4;1; ; ; ; ; ; ; ; ; ; ; ; ;12;57,5024656863855
3371598;1;1;1; ; ; ; ; ; ; ; ; ; ; ; ;12;56,5852658826949
3371598;1;2;1; ; ; ; ; ; ; ; ; ; ; ; ;12;56,5852658826949
3371599;1;1;2;2;44; ;3;44; ;1;2; ; ;1; ;12;64,3437241022438
3371601;1;1;2;2;44; ;3;11; ;1;2; ; ;1; ;12;67,9107696239543
3371601;1;2;2;2;70; ;3;70; ;1;2; ; ;1; ;12;67,9107696239543
3371602;1;1;1; ; ; ; ; ; ; ; ; ; ; ; ;12;69,0038908622727
3371602;1;2;1; ; ; ; ; ; ; ; ; ; ; ; ;12;69,0038908622727
3371602;1;3;1; ; ; ; ; ; ; ; ; ; ; ; ;12;69,0038908622727
3371602;1;4;1; ; ; ; ; ; ; ; ; ; ; ; ;12;69,0038908622727
3371607;1;1;2;2;05; ;3;05; ;1;2; ; ;1; ;12;86,8402467843647
3371607;1;2;1; ; ; ; ; ; ; ; ; ; ; ; ;12;86,8402467843647
3371608;1;1;2;2;70; ;3;70; ;2;2; ; ;1; ;12;106,452100763835
3371608;1;2;2;2;70; ;2; ; ;1;2; ; ;1; ;12;106,452100763835
3371609;1;1;2;2;23; ;2; ; ;1;2; ; ;1; ;12;85,489625988701
3371609;1;2;2;2;23; ;2; ; ;1;2; ; ;1; ;12;85,489625988701
3371609;1;3;1; ; ; ; ; ; ; ; ; ; ; ; ;12;85,489625988701
3371609;1;4;1; ; ; ; ; ; ; ; ; ; ; ; ;12;85,489625988701
3371609;1;5;1; ; ; ; ; ; ; ; ; ; ; ; ;12;85,489625988701
3371610;1;1;2;2;05; ;2; ; ;1;2; ; ;1; ;12;112,029495774354
3371610;1;2;2;2;05; ;2; ; ;1;2; ; ;1; ;12;112,029495774354
3371610;1;3;2;2;23; ;2; ; ;1;2; ; ;1; ;12;112,029495774354
3371610;1;4;1; ; ; ; ; ; ; ; ; ; ; ; ;12;112,029495774354
3371610;1;5;2;2;05; ;2; ; ;1;2; ; ;1; ;12;112,029495774354
3371610;1;6;1; ; ; ; ; ; ; ; ; ; ; ; ;12;112,029495774354
3371610;1;7;1; ; ; ; ; ; ; ; ; ; ; ; ;12;112,029495774354
3371610;1;8;1; ; ; ; ; ; ; ; ; ; ; ; ;12;112,029495774354
3371611;1;1;1; ; ; ; ; ; ; ; ; ; ; ; ;12;104,002591716808
3371611;1;2;1; ; ; ; ; ; ; ; ; ; ; ; ;12;104,002591716808
3371612;1;1;1; ; ; ; ; ; ; ; ; ; ; ; ;12;106,010289650531
3371612;1;2;2;2;70; ;2; ; ;1;2; ; ;1; ;12;106,010289650531
3371612;1;3;1; ; ; ; ; ; ; ; ; ; ; ; ;12;106,010289650531
3371613;1;1;2;2;70; ;2; ; ;1;2; ; ;1; ;12;67,0353603204231
3371613;1;2;1; ; ; ; ; ; ; ; ; ; ; ; ;12;67,0353603204231
3371613;1;3;1; ; ; ; ; ; ; ; ; ; ; ; ;12;67,0353603204231
3371613;1;4;1; ; ; ; ; ; ; ; ; ; ; ; ;12;67,0353603204231
3371613;1;5;1; ; ; ; ; ; ; ; ; ; ; ; ;12;67,0353603204231
3371614;1;1;2;2;70; ;2; ; ;1;2; ; ;1; ;12;123,659303023422
3371614;1;2;2;2;70; ;2; ; ;1;2; ; ;1; ;12;123,659303023422
3371614;1;3;1; ; ; ; ; ; ; ; ; ; ; ; ;12;123,659303023422
3371614;1;4;1; ; ; ; ; ; ; ; ; ; ; ; ;12;123,659303023422
3371614;1;5;1; ; ; ; ; ; ; ; ; ; ; ; ;12;123,659303023422
3371615;1;1;1; ; ; ; ; ; ; ; ; ; ; ; ;12;110,686297777818
3371615;1;2;1; ; ; ; ; ; ; ; ; ; ; ; ;12;110,686297777818
3371615;1;3;1; ; ; ; ; ; ; ; ; ; ; ; ;12;110,686297777818
3371615;1;4;1; ; ; ; ; ; ; ; ; ; ; ; ;12;110,686297777818
3371616;1;1;2;2;70; ;2; ; ;1;2; ; ;1; ;12;98,8906033810872
3371616;1;2;2;2;70; ;2; ; ;1;2; ; ;1; ;12;98,8906033810872
3371616;1;3;2;2;05; ;2; ; ;1;2; ; ;1; ;12;98,8906033810872
3371616;1;4;1; ; ; ; ; ; ; ; ; ; ; ; ;12;98,8906033810872
3371616;1;5;1; ; ; ; ; ; ; ; ; ; ; ; ;12;98,8906033810872
3371616;1;6;2;2;05; ;2; ; ;1;2; ; ;1; ;12;98,8906033810872
3371616;1;7;2;2;23; ;3;41; ;1;2; ; ;1; ;12;98,8906033810872
3371616;1;8;1; ; ; ; ; ; ; ; ; ; ; ; ;12;98,8906033810872
3371617;1;1;1; ; ; ; ; ; ; ; ; ; ; ; ;12;77,5204153592514
3371617;1;2;1; ; ; ; ; ; ; ; ; ; ; ; ;12;77,5204153592514
3371617;1;3;1; ; ; ; ; ; ; ; ; ; ; ; ;12;77,5204153592514
3371617;1;4;1; ; ; ; ; ; ; ; ; ; ; ; ;12;77,5204153592514
3371617;1;5;1; ; ; ; ; ; ; ; ; ; ; ; ;12;77,5204153592514
3371617;1;6;1; ; ; ; ; ; ; ; ; ; ; ; ;12;77,5204153592514
3371617;1;7;1; ; ; ; ; ; ; ; ; ; ; ; ;12;77,5204153592514
3371618;1;1;1; ; ; ; ; ; ; ; ; ; ; ; ;12;47,8721209539674
3371618;1;2;1; ; ; ; ; ; ; ; ; ; ; ; ;12;47,8721209539674
3371618;1;3;1; ; ; ; ; ; ; ; ; ; ; ; ;12;47,8721209539674
3371618;1;4;1; ; ; ; ; ; ; ; ; ; ; ; ;12;47,8721209539674
3371618;1;5;1; ; ; ; ; ; ; ; ; ; ; ; ;12;47,8721209539674
3371618;1;6;1; ; ; ; ; ; ; ; ; ; ; ; ;12;47,8721209539674
3371618;1;7;1; ; ; ; ; ; ; ; ; ; ; ; ;12;47,8721209539674
3371619;1;1;2;2;70; ;2; ; ;1;2; ; ;1; ;12;115,592700180783
3371619;1;2;1; ; ; ; ; ; ; ; ; ; ; ; ;12;115,592700180783
3371620;1;1;2;2;70; ;2; ; ;1;2; ; ;1; ;12;116,71814850643
3371620;1;2;1; ; ; ; ; ; ; ; ; ; ; ; ;12;116,71814850643
3371620;1;3;1; ; ; ; ; ; ; ; ; ; ; ; ;12;116,71814850643
3371620;1;4;1; ; ; ; ; ; ; ; ; ; ; ; ;12;116,71814850643
3371620;1;5;1; ; ; ; ; ; ; ; ; ; ; ; ;12;116,71814850643
3371621;1;1;1; ; ; ; ; ; ; ; ; ; ; ; ;12;116,949036888128
3371621;1;2;2;2;70; ;2; ; ;1;2; ; ;1; ;12;116,949036888128
3371621;1;3;1; ; ; ; ; ; ; ; ; ; ; ; ;12;116,949036888128
3371622;1;1;1; ; ; ; ; ; ; ; ; ; ; ; ;12;127,157788848484
3371622;1;2;2;2;70; ;2; ; ;1;2; ; ;1; ;12;127,157788848484
3371622;1;3;1; ; ; ; ; ; ; ; ; ; ; ; ;12;127,157788848484
3371622;1;4;1; ; ; ; ; ; ; ; ; ; ; ; ;12;127,157788848484
3371622;1;5;1; ; ; ; ; ; ; ; ; ; ; ; ;12;127,157788848484
3371622;1;6;2;2;70; ;2; ; ;1;2; ; ;1; ;12;127,157788848484
3371624;1;1;1; ; ; ; ; ; ; ; ; ; ; ; ;12;4205,64469385031
3371625;1;1;2;2;13; ;3;13; ;1;2; ; ;2; ;12;5277,50184579614
3371625;1;2;2;2;13; ;3;13; ;1;2; ; ;2; ;12;5277,50184579614
3371625;1;3;2;2;13; ;3;13; ;1;2; ; ;2; ;12;5277,50184579614
3371625;1;4;2;2;13; ;3;13; ;1;2; ; ;2; ;12;5277,50184579614
3371626;1;1;1; ; ; ; ; ; ; ; ; ; ; ; ;12;240,168645193194
3371626;1;2;1; ; ; ; ; ; ; ; ; ; ; ; ;12;240,168645193194
3371626;1;3;1; ; ; ; ; ; ; ; ; ; ; ; ;12;240,168645193194
3371626;1;4;1; ; ; ; ; ; ; ; ; ; ; ; ;12;240,168645193194
3371627;1;1;2;2;15; ;2; ; ;1;2; ; ;1; ;12;253,796920353307
3371628;1;1;1; ; ; ; ; ; ; ; ; ; ; ; ;12;458,26637058672
3371628;1;2;2;2;95; ;2; ; ;1;2; ; ;1; ;12;458,26637058672
3371628;1;3;1; ; ; ; ; ; ; ; ; ; ; ; ;12;458,26637058672
3371629;1;1;2;2;11; ;3;25; ;1;3;11; ;1; ;12;507,593840706614
3371630;1;1;1; ; ; ; ; ; ; ; ; ; ; ; ;12;494,317607897702
3371630;1;2;1; ; ; ; ; ; ; ; ; ; ; ; ;12;494,317607897702
3371631;1;1;1; ; ; ; ; ; ; ; ; ; ; ; ;12;181,114917405895
3371631;1;2;1; ; ; ; ; ; ; ; ; ; ; ; ;12;181,114917405895
3371632;1;1;2;2;25; ;2; ; ;1;2; ; ;1; ;12;171,95048809297
3371632;1;2;1; ; ; ; ; ; ; ; ; ; ; ; ;12;171,95048809297
3371632;1;3;1; ; ; ; ; ; ; ; ; ; ; ; ;12;171,95048809297
3371633;1;1;2;2;23; ;2; ; ;1;2; ; ;1; ;12;67,9107696239543
3371633;1;2;2;2;70; ;2; ; ;1;2; ; ;1; ;12;67,9107696239543
3371634;1;1;1; ; ; ; ; ; ; ; ; ; ; ; ;12;113,70693301979
3371634;1;2;1; ; ; ; ; ; ; ; ; ; ; ; ;12;113,70693301979
3371634;1;3;1; ; ; ; ; ; ; ; ; ; ; ; ;12;113,70693301979
3371634;1;4;1; ; ; ; ; ; ; ; ; ; ; ; ;12;113,70693301979
3371634;1;5;1; ; ; ; ; ; ; ; ; ; ; ; ;12;113,70693301979
3371634;1;6;2;2;20; ;2; ; ;1;2; ; ;1; ;12;113,70693301979
3371634;1;7;1; ; ; ; ; ; ; ; ; ; ; ; ;12;113,70693301979
3371634;1;8;1; ; ; ; ; ; ; ; ; ; ; ; ;12;113,70693301979
3371635;1;1;2;2;47; ;2; ; ;1;2; ; ;1; ;12;57,1318265018541
3371635;1;2;1; ; ; ; ; ; ; ; ; ; ; ; ;12;57,1318265018541
3371635;1;3;1; ; ; ; ; ; ; ; ; ; ; ; ;12;57,1318265018541
3371636;1;1;1; ; ; ; ; ; ; ; ; ; ; ; ;12;78,9161588237508
3371636;1;2;2;2;20; ;2; ; ;1;2; ; ;1; ;12;78,9161588237508
3371636;1;3;2;2;47; ;3;20; ;1;3;20; ;1; ;12;78,9161588237508
3371636;1;4;2;2;47; ;3;20; ;1;3;11; ;1; ;12;78,9161588237508
3371636;1;5;2;2;20; ;3;20; ;1;2; ; ;1; ;12;78,9161588237508
3371636;1;6;2;2;20; ;1; ; ; ;3;20; ;1; ;12;78,9161588237508
3371636;1;7;2;2;20; ;2; ; ;1;2; ; ;1; ;12;78,9161588237508
3371636;1;8;1; ; ; ; ; ; ; ; ; ; ; ; ;12;78,9161588237508
3371637;1;1;1; ; ; ; ; ; ; ; ; ; ; ; ;12;58,7105664936034
3371637;1;2;1; ; ; ; ; ; ; ; ; ; ; ; ;12;58,7105664936034
3371637;1;3;1; ; ; ; ; ; ; ; ; ; ; ; ;12;58,7105664936034
3371638;1;1;2;2;44; ;2; ; ;1;2; ; ;1; ;12;97,8794401670879
3371638;1;2;1; ; ; ; ; ; ; ; ; ; ; ; ;12;97,8794401670879
3371638;1;3;1; ; ; ; ; ; ; ; ; ; ; ; ;12;97,8794401670879
3371638;1;4;1; ; ; ; ; ; ; ; ; ; ; ; ;12;97,8794401670879
3371638;1;5;1; ; ; ; ; ; ; ; ; ; ; ; ;12;97,8794401670879
3371639;1;1;1; ; ; ; ; ; ; ; ; ; ; ; ;12;107,518304726892
3371639;1;2;1; ; ; ; ; ; ; ; ; ; ; ; ;12;107,518304726892
3371639;1;3;1; ; ; ; ; ; ; ; ; ; ; ; ;12;107,518304726892
3371639;1;4;1; ; ; ; ; ; ; ; ; ; ; ; ;12;107,518304726892
3371639;1;5;1; ; ; ; ; ; ; ; ; ; ; ; ;12;107,518304726892
3371640;1;1;1; ; ; ; ; ; ; ; ; ; ; ; ;12;44,3772286537733
3371640;1;2;1; ; ; ; ; ; ; ; ; ; ; ; ;12;44,3772286537733
3371640;1;3;1; ; ; ; ; ; ; ; ; ; ; ; ;12;44,3772286537733
3371640;1;4;1; ; ; ; ; ; ; ; ; ; ; ; ;12;44,3772286537733
3371641;1;1;1; ; ; ; ; ; ; ; ; ; ; ; ;12;60,1523114044053
3371641;1;2;1; ; ; ; ; ; ; ; ; ; ; ; ;12;60,1523114044053
3371641;1;3;1; ; ; ; ; ; ; ; ; ; ; ; ;12;60,1523114044053
3371642;1;1;2;2;44; ;3;44; ;1;2; ; ;1; ;12;70,7083757679002
3371642;1;2;1; ; ; ; ; ; ; ; ; ; ; ; ;12;70,7083757679002
3371642;1;3;1; ; ; ; ; ; ; ; ; ; ; ; ;12;70,7083757679002
3371642;1;4;1; ; ; ; ; ; ; ; ; ; ; ; ;12;70,7083757679002
3371642;1;5;2;2;08; ;3;08; ;1;3;08; ;1; ;12;70,7083757679002
3371643;1;1;1; ; ; ; ; ; ; ; ; ; ; ; ;12;66,3717889302947
3371643;1;2;1; ; ; ; ; ; ; ; ; ; ; ; ;12;66,3717889302947
3371643;1;3;1; ; ; ; ; ; ; ; ; ; ; ; ;12;66,3717889302947
3371643;1;4;1; ; ; ; ; ; ; ; ; ; ; ; ;12;66,3717889302947
3371643;1;5;1; ; ; ; ; ; ; ; ; ; ; ; ;12;66,3717889302947
3371644;1;1;1; ; ; ; ; ; ; ; ; ; ; ; ;12;92,9938083622946
3371644;1;2;1; ; ; ; ; ; ; ; ; ; ; ; ;12;92,9938083622946
3371644;1;3;1; ; ; ; ; ; ; ; ; ; ; ; ;12;92,9938083622946
3371645;1;1;1; ; ; ; ; ; ; ; ; ; ; ; ;12;81,8887053693926
3371645;1;2;2;2;23; ;2; ; ;1;2; ; ;1; ;12;81,8887053693926
3371645;1;3;1; ; ; ; ; ; ; ; ; ; ; ; ;12;81,8887053693926
3371646;1;1;2;2;20; ;2; ; ;1;2; ; ;1; ;12;107,267054745543
3371646;1;2;2;2;20; ;2; ; ;1;2; ; ;1; ;12;107,267054745543
3371646;1;3;1; ; ; ; ; ; ; ; ; ; ; ; ;12;107,267054745543
3371646;1;4;1; ; ; ; ; ; ; ; ; ; ; ; ;12;107,267054745543
3371646;1;5;1; ; ; ; ; ; ; ; ; ; ; ; ;12;107,267054745543
3371646;1;6;1; ; ; ; ; ; ; ; ; ; ; ; ;12;107,267054745543
3371647;1;1;1; ; ; ; ; ; ; ; ; ; ; ; ;12;94,9739348334361
3371647;1;2;1; ; ; ; ; ; ; ; ; ; ; ; ;12;94,9739348334361
3371648;1;1;1; ; ; ; ; ; ; ; ; ; ; ; ;12;97,1074145031642
3371648;1;2;2;2;70; ;2; ; ;1;2; ; ;1; ;12;97,1074145031642
3371648;1;3;1; ; ; ; ; ; ; ; ; ; ; ; ;12;97,1074145031642
3371648;1;4;1; ; ; ; ; ; ; ; ; ; ; ; ;12;97,1074145031642
3371648;1;5;1; ; ; ; ; ; ; ; ; ; ; ; ;12;97,1074145031642
3371649;1;1;2;2;70; ;2; ; ;1;2; ; ;1; ;12;82,8083831833311
3371649;1;2;2;2;70; ;2; ; ;1;2; ; ;1; ;12;82,8083831833311
3371650;1;1;2;2;20; ;2; ; ;1;2; ; ;1; ;12;109,992229010284
3371650;1;2;1; ; ; ; ; ; ; ; ; ; ; ; ;12;109,992229010284
3371650;1;3;1; ; ; ; ; ; ; ; ; ; ; ; ;12;109,992229010284
3371650;1;4;1; ; ; ; ; ; ; ; ; ; ; ; ;12;109,992229010284
3371651;1;1;1; ; ; ; ; ; ; ; ; ; ; ; ;12;78,3216598476822
3371651;1;2;1; ; ; ; ; ; ; ; ; ; ; ; ;12;78,3216598476822
3371652;1;1;1; ; ; ; ; ; ; ; ; ; ; ; ;12;92,8680634484163
3371652;1;2;1; ; ; ; ; ; ; ; ; ; ; ; ;12;92,8680634484163
3371657;1;1;1; ; ; ; ; ; ; ; ; ; ; ; ;12;965,225186852607
3371657;1;2;2;2;47; ;2; ; ;1;2; ; ;1; ;12;965,225186852607
3371657;1;3;1; ; ; ; ; ; ; ; ; ; ; ; ;12;965,225186852607
3371657;1;4;1; ; ; ; ; ; ; ; ; ; ; ; ;12;965,225186852607
3371657;1;5;1; ; ; ; ; ; ; ; ; ; ; ; ;12;965,225186852607
3371657;1;6;1; ; ; ; ; ; ; ; ; ; ; ; ;12;965,225186852607
3371657;1;7;1; ; ; ; ; ; ; ; ; ; ; ; ;12;965,225186852607
3371657;1;8;1; ; ; ; ; ; ; ; ; ; ; ; ;12;965,225186852607
3371658;1;1;1; ; ; ; ; ; ; ; ; ; ; ; ;12;1045,7085821498
3371658;1;2;1; ; ; ; ; ; ; ; ; ; ; ; ;12;1045,7085821498
3371658;1;3;1; ; ; ; ; ; ; ; ; ; ; ; ;12;1045,7085821498
3371659;1;1;1; ; ; ; ; ; ; ; ; ; ; ; ;12;944,12279984649
3371659;1;2;1; ; ; ; ; ; ; ; ; ; ; ; ;12;944,12279984649
3371659;1;3;1; ; ; ; ; ; ; ; ; ; ; ; ;12;944,12279984649
3371659;1;4;1; ; ; ; ; ; ; ; ; ; ; ; ;12;944,12279984649
3371659;1;5;1; ; ; ; ; ; ; ; ; ; ; ; ;12;944,12279984649
3371659;1;6;1; ; ; ; ; ; ; ; ; ; ; ; ;12;944,12279984649
3371660;1;1;1; ; ; ; ; ; ; ; ; ; ; ; ;12;789,749505724593
3371660;1;2;1; ; ; ; ; ; ; ; ; ; ; ; ;12;789,749505724593
3371661;1;1;1; ; ; ; ; ; ; ; ; ; ; ; ;12;773,843452279541
3371661;1;2;1; ; ; ; ; ; ; ; ; ; ; ; ;12;773,843452279541
3371662;1;1;1; ; ; ; ; ; ; ; ; ; ; ; ;12;923,738202630116
3371662;1;2;1; ; ; ; ; ; ; ; ; ; ; ; ;12;923,738202630116
3371663;1;1;1; ; ; ; ; ; ; ; ; ; ; ; ;12;958,315849043147
3371663;1;2;1; ; ; ; ; ; ; ; ; ; ; ; ;12;958,315849043147
3371663;1;3;1; ; ; ; ; ; ; ; ; ; ; ; ;12;958,315849043147
3371664;1;1;1; ; ; ; ; ; ; ; ; ; ; ; ;12;1004,33203665412
3371664;1;2;2;1; ; ;2; ; ;1;2; ; ;1; ;12;1004,33203665412
3371664;1;3;1; ; ; ; ; ; ; ; ; ; ; ; ;12;1004,33203665412
3371664;1;4;1; ; ; ; ; ; ; ; ; ; ; ; ;12;1004,33203665412
3371665;1;1;1; ; ; ; ; ; ; ; ; ; ; ; ;12;569,189891482608
3371665;1;2;1; ; ; ; ; ; ; ; ; ; ; ; ;12;569,189891482608
3371665;1;3;1; ; ; ; ; ; ; ; ; ; ; ; ;12;569,189891482608
3371666;1;1;1; ; ; ; ; ; ; ; ; ; ; ; ;12;1103,74907188849
3371666;1;2;1; ; ; ; ; ; ; ; ; ; ; ; ;12;1103,74907188849
3371667;1;1;1; ; ; ; ; ; ; ; ; ; ; ; ;12;569,189891482608
3371667;1;2;1; ; ; ; ; ; ; ; ; ; ; ; ;12;569,189891482608
3371667;1;3;1; ; ; ; ; ; ; ; ; ; ; ; ;12;569,189891482608
3371667;1;4;1; ; ; ; ; ; ; ; ; ; ; ; ;12;569,189891482608
3371668;1;1;1; ; ; ; ; ; ; ; ; ; ; ; ;12;1271,72965427727
3371668;1;2;1; ; ; ; ; ; ; ; ; ; ; ; ;12;1271,72965427727
3371668;1;3;1; ; ; ; ; ; ; ; ; ; ; ; ;12;1271,72965427727
3371668;1;4;1; ; ; ; ; ; ; ; ; ; ; ; ;12;1271,72965427727
3371668;1;5;1; ; ; ; ; ; ; ; ; ; ; ; ;12;1271,72965427727
3371669;1;1;1; ; ; ; ; ; ; ; ; ; ; ; ;12;1205,1351494486
3371669;1;2;1; ; ; ; ; ; ; ; ; ; ; ; ;12;1205,1351494486
3371669;1;3;1; ; ; ; ; ; ; ; ; ; ; ; ;12;1205,1351494486
3371669;1;4;1; ; ; ; ; ; ; ; ; ; ; ; ;12;1205,1351494486
3371669;1;5;1; ; ; ; ; ; ; ; ; ; ; ; ;12;1205,1351494486
3371670;1;1;1; ; ; ; ; ; ; ; ; ; ; ; ;12;1188,90538204296
3371670;1;2;1; ; ; ; ; ; ; ; ; ; ; ; ;12;1188,90538204296
3371670;1;3;1; ; ; ; ; ; ; ; ; ; ; ; ;12;1188,90538204296
3371670;1;4;1; ; ; ; ; ; ; ; ; ; ; ; ;12;1188,90538204296
3371670;1;5;1; ; ; ; ; ; ; ; ; ; ; ; ;12;1188,90538204296
3371670;1;6;1; ; ; ; ; ; ; ; ; ; ; ; ;12;1188,90538204296
3371670;1;7;1; ; ; ; ; ; ; ; ; ; ; ; ;12;1188,90538204296
3371670;1;8;2;2;13; ;2; ; ;1;2; ; ;1; ;12;1188,90538204296
3371670;1;9;1; ; ; ; ; ; ; ; ; ; ; ; ;12;1188,90538204296
3371671;1;1;1; ; ; ; ; ; ; ; ; ; ; ; ;12;1585,33694282346
3371671;1;2;1; ; ; ; ; ; ; ; ; ; ; ; ;12;1585,33694282346
3371671;1;3;1; ; ; ; ; ; ; ; ; ; ; ; ;12;1585,33694282346
3371671;1;4;1; ; ; ; ; ; ; ; ; ; ; ; ;12;1585,33694282346
3371671;1;5;1; ; ; ; ; ; ; ; ; ; ; ; ;12;1585,33694282346
3371671;1;6;1; ; ; ; ; ; ; ; ; ; ; ; ;12;1585,33694282346
3371671;1;7;1; ; ; ; ; ; ; ; ; ; ; ; ;12;1585,33694282346
3371671;1;8;1; ; ; ; ; ; ; ; ; ; ; ; ;12;1585,33694282346
3371671;1;9;1; ; ; ; ; ; ; ; ; ; ; ; ;12;1585,33694282346
3371672;1;1;1; ; ; ; ; ; ; ; ; ; ; ; ;12;1248,85257188139
3371672;1;2;2;2;23; ;2; ; ;1;2; ; ;1; ;12;1248,85257188139
3371672;1;3;2;2;23; ;3;23; ;2;2; ; ;1; ;12;1248,85257188139
3371672;1;4;1; ; ; ; ; ; ; ; ; ; ; ; ;12;1248,85257188139
3371672;1;5;1; ; ; ; ; ; ; ; ; ; ; ; ;12;1248,85257188139
3371673;1;1;1; ; ; ; ; ; ; ; ; ; ; ; ;12;755,118794647869
3371673;1;2;1; ; ; ; ; ; ; ; ; ; ; ; ;12;755,118794647869
3371673;1;3;1; ; ; ; ; ; ; ; ; ; ; ; ;12;755,118794647869
3371673;1;4;2;1; ; ;2; ; ;1;2; ; ;1; ;12;755,118794647869
3371674;1;1;2;1; ; ;2; ; ;1;2; ; ;1; ;12;1066,45638749989
3371674;1;2;2;2;47; ;2; ; ;1;2; ; ;1; ;12;1066,45638749989
3371674;1;3;1; ; ; ; ; ; ; ; ; ; ; ; ;12;1066,45638749989
3371674;1;4;2;1; ; ;2; ; ;1;2; ; ;1; ;12;1066,45638749989
3371674;1;5;1; ; ; ; ; ; ; ; ; ; ; ; ;12;1066,45638749989
3371675;1;1;1; ; ; ; ; ; ; ; ; ; ; ; ;12;1015,77057785205
3371675;1;2;1; ; ; ; ; ; ; ; ; ; ; ; ;12;1015,77057785205
3371675;1;3;1; ; ; ; ; ; ; ; ; ; ; ; ;12;1015,77057785205
3371675;1;4;1; ; ; ; ; ; ; ; ; ; ; ; ;12;1015,77057785205
3371677;1;1;1; ; ; ; ; ; ; ; ; ; ; ; ;12;5922,484306359
3371677;1;2;2;2;23; ;2; ; ;2;2; ; ;2; ;12;5922,484306359
3371677;1;3;2;2;13; ;3;13; ;2;2; ; ;2; ;12;5922,484306359
3371677;1;4;1; ; ; ; ; ; ; ; ; ; ; ; ;12;5922,484306359
3371678;1;1;2;2;13; ;2; ; ;2;2; ; ;2; ;12;3813,11207507469
3371678;1;2;2;2;13; ;2; ; ;2;2; ; ;2; ;12;3813,11207507469
3371678;1;3;2;2;13; ;2; ; ;2;2; ; ;2; ;12;3813,11207507469
3371678;1;4;2;2;13; ;2; ; ;2;2; ; ;2; ;12;3813,11207507469
3371679;1;1;1; ; ; ; ; ; ; ; ; ; ; ; ;12;569,189891482608
3371679;1;2;1; ; ; ; ; ; ; ; ; ; ; ; ;12;569,189891482608
3371679;1;3;1; ; ; ; ; ; ; ; ; ; ; ; ;12;569,189891482608
3371679;1;4;1; ; ; ; ; ; ; ; ; ; ; ; ;12;569,189891482608
3371679;1;5;1; ; ; ; ; ; ; ; ; ; ; ; ;12;569,189891482608
3371679;1;6;1; ; ; ; ; ; ; ; ; ; ; ; ;12;569,189891482608
3371679;1;7;1; ; ; ; ; ; ; ; ; ; ; ; ;12;569,189891482608
3371680;1;1;1; ; ; ; ; ; ; ; ; ; ; ; ;12;1296,94497187446
3371680;1;2;1; ; ; ; ; ; ; ; ; ; ; ; ;12;1296,94497187446
3371680;1;3;1; ; ; ; ; ; ; ; ; ; ; ; ;12;1296,94497187446
3371680;1;4;1; ; ; ; ; ; ; ; ; ; ; ; ;12;1296,94497187446
3371680;1;5;1; ; ; ; ; ; ; ; ; ; ; ; ;12;1296,94497187446
3371680;1;6;1; ; ; ; ; ; ; ; ; ; ; ; ;12;1296,94497187446
3371680;1;7;1; ; ; ; ; ; ; ; ; ; ; ; ;12;1296,94497187446
3371681;1;1;2;2;47; ;2; ; ;1;2; ; ;1; ;12;1129,01745414938
3371682;1;1;1; ; ; ; ; ; ; ; ; ; ; ; ;12;1481,89509588758
3371682;1;2;1; ; ; ; ; ; ; ; ; ; ; ; ;12;1481,89509588758
3371682;1;3;2;2;08; ;2; ; ;1;2; ; ;1; ;12;1481,89509588758
3371682;1;4;1; ; ; ; ; ; ; ; ; ; ; ; ;12;1481,89509588758
3371682;1;5;1; ; ; ; ; ; ; ; ; ; ; ; ;12;1481,89509588758
3371683;1;1;1; ; ; ; ; ; ; ; ; ; ; ; ;12;1066,45638749989
3371683;1;2;1; ; ; ; ; ; ; ; ; ; ; ; ;12;1066,45638749989
3371683;1;3;1; ; ; ; ; ; ; ; ; ; ; ; ;12;1066,45638749989
3371683;1;4;1; ; ; ; ; ; ; ; ; ; ; ; ;12;1066,45638749989
3371683;1;5;1; ; ; ; ; ; ; ; ; ; ; ; ;12;1066,45638749989
3371684;1;1;1; ; ; ; ; ; ; ; ; ; ; ; ;12;886,811131421753
3371684;1;2;1; ; ; ; ; ; ; ; ; ; ; ; ;12;886,811131421753
3371684;1;3;1; ; ; ; ; ; ; ; ; ; ; ; ;12;886,811131421753
3371684;1;4;1; ; ; ; ; ; ; ; ; ; ; ; ;12;886,811131421753
3371684;1;5;1; ; ; ; ; ; ; ; ; ; ; ; ;12;886,811131421753
3371684;1;6;2;2;08; ;3;08; ;1;3;05; ;1; ;12;886,811131421753
3371684;1;7;1; ; ; ; ; ; ; ; ; ; ; ; ;12;886,811131421753
3371684;1;8;1; ; ; ; ; ; ; ; ; ; ; ; ;12;886,811131421753
3371684;1;9;1; ; ; ; ; ; ; ; ; ; ; ; ;12;886,811131421753
3371685;1;1;1; ; ; ; ; ; ; ; ; ; ; ; ;12;1571,55153994654
3371685;1;2;1; ; ; ; ; ; ; ; ; ; ; ; ;12;1571,55153994654
3371685;1;3;1; ; ; ; ; ; ; ; ; ; ; ; ;12;1571,55153994654
3371685;1;4;1; ; ; ; ; ; ; ; ; ; ; ; ;12;1571,55153994654
3371685;1;5;1; ; ; ; ; ; ; ; ; ; ; ; ;12;1571,55153994654
3371685;1;6;1; ; ; ; ; ; ; ; ; ; ; ; ;12;1571,55153994654
3371685;1;7;1; ; ; ; ; ; ; ; ; ; ; ; ;12;1571,55153994654
3371685;1;8;2;2;08; ;4; ;3; ;2; ; ;1; ;12;1571,55153994654
3371685;1;9;2;1; ; ;3;08; ;1;2; ; ;1; ;12;1571,55153994654
3371686;1;1;1; ; ; ; ; ; ; ; ; ; ; ; ;12;1135,97985662254
3371686;1;2;1; ; ; ; ; ; ; ; ; ; ; ; ;12;1135,97985662254
3371686;1;3;1; ; ; ; ; ; ; ; ; ; ; ; ;12;1135,97985662254
3371687;1;1;2;2;23; ;2; ; ;1;2; ; ;1; ;12;73,4521054929308
3371687;1;2;2;2;13; ;2; ; ;1;2; ; ;1; ;12;73,4521054929308
3371687;1;3;1; ; ; ; ; ; ; ; ; ; ; ; ;12;73,4521054929308
3371687;1;4;1; ; ; ; ; ; ; ; ; ; ; ; ;12;73,4521054929308
3371688;1;1;1; ; ; ; ; ; ; ; ; ; ; ; ;12;96,6203263422258
3371688;1;2;1; ; ; ; ; ; ; ; ; ; ; ; ;12;96,6203263422258
3371688;1;3;1; ; ; ; ; ; ; ; ; ; ; ; ;12;96,6203263422258
3371689;1;1;2;2;70; ;2; ; ;1;2; ; ;1; ;12;121,611906304606
3371689;1;2;2;2;23; ;2; ; ;1;2; ; ;1; ;12;121,611906304606
3371689;1;3;1; ; ; ; ; ; ; ; ; ; ; ; ;12;121,611906304606
3371689;1;4;1; ; ; ; ; ; ; ; ; ; ; ; ;12;121,611906304606
3371689;1;5;1; ; ; ; ; ; ; ; ; ; ; ; ;12;121,611906304606
3371689;1;6;1; ; ; ; ; ; ; ; ; ; ; ; ;12;121,611906304606
3371689;1;7;1; ; ; ; ; ; ; ; ; ; ; ; ;12;121,611906304606
3371690;1;1;2;2;68; ;2; ; ;1;2; ; ;1; ;12;82,4133963987399
3371690;1;2;1; ; ; ; ; ; ; ; ; ; ; ; ;12;82,4133963987399
3371691;1;1;1; ; ; ; ; ; ; ; ; ; ; ; ;12;90,678162375008
3371691;1;2;1; ; ; ; ; ; ; ; ; ; ; ; ;12;90,678162375008
3371691;1;3;1; ; ; ; ; ; ; ; ; ; ; ; ;12;90,678162375008
3371691;1;4;1; ; ; ; ; ; ; ; ; ; ; ; ;12;90,678162375008
3371691;1;5;1; ; ; ; ; ; ; ; ; ; ; ; ;12;90,678162375008
3371691;1;6;1; ; ; ; ; ; ; ; ; ; ; ; ;12;90,678162375008
3371691;1;7;1; ; ; ; ; ; ; ; ; ; ; ; ;12;90,678162375008
3371691;1;8;1; ; ; ; ; ; ; ; ; ; ; ; ;12;90,678162375008
3371692;1;1;1; ; ; ; ; ; ; ; ; ; ; ; ;12;120,946629608733
3371692;1;2;2;2;70; ;2; ; ;1;2; ; ;1; ;12;120,946629608733
3371692;1;3;1; ; ; ; ; ; ; ; ; ; ; ; ;12;120,946629608733
3371693;1;1;2;2;23; ;2; ; ;1;2; ; ;1; ;12;76,6177708506754
3371693;1;2;2;2;23; ;2; ; ;1;2; ; ;1; ;12;76,6177708506754
3371693;1;3;1; ; ; ; ; ; ; ; ; ; ; ; ;12;76,6177708506754
3371693;1;4;1; ; ; ; ; ; ; ; ; ; ; ; ;12;76,6177708506754
3371694;1;1;1; ; ; ; ; ; ; ; ; ; ; ; ;12;72,8309858684876
3371694;1;2;1; ; ; ; ; ; ; ; ; ; ; ; ;12;72,8309858684876
3371694;1;3;1; ; ; ; ; ; ; ; ; ; ; ; ;12;72,8309858684876
3371695;1;1;1; ; ; ; ; ; ; ; ; ; ; ; ;12;85,2914628550724
3371695;1;2;1; ; ; ; ; ; ; ; ; ; ; ; ;12;85,2914628550724
3371696;1;1;1; ; ; ; ; ; ; ; ; ; ; ; ;12;101,085032625076
3371696;1;2;1; ; ; ; ; ; ; ; ; ; ; ; ;12;101,085032625076
3371696;1;3;1; ; ; ; ; ; ; ; ; ; ; ; ;12;101,085032625076
3371696;1;4;1; ; ; ; ; ; ; ; ; ; ; ; ;12;101,085032625076
3371697;1;1;1; ; ; ; ; ; ; ; ; ; ; ; ;12;116,949036888128
3371697;1;2;2;2;13; ;2; ; ;1;2; ; ;1; ;12;116,949036888128
3371697;1;3;1; ; ; ; ; ; ; ; ; ; ; ; ;12;116,949036888128
3371698;1;1;2;2;70; ;2; ; ;1;2; ; ;1; ;12;106,010289650531
3371698;1;2;1; ; ; ; ; ; ; ; ; ; ; ; ;12;106,010289650531
3371698;1;3;1; ; ; ; ; ; ; ; ; ; ; ; ;12;106,010289650531
3371699;1;1;1; ; ; ; ; ; ; ; ; ; ; ; ;12;90,6453922830223
3371699;1;2;1; ; ; ; ; ; ; ; ; ; ; ; ;12;90,6453922830223
3371699;1;3;1; ; ; ; ; ; ; ; ; ; ; ; ;12;90,6453922830223
3371700;1;1;2;2;70; ;2; ; ;1;2; ; ;1; ;12;84,4210943324623
3371700;1;2;1; ; ; ; ; ; ; ; ; ; ; ; ;12;84,4210943324623
3371700;1;3;1; ; ; ; ; ; ; ; ; ; ; ; ;12;84,4210943324623
3371701;1;1;1; ; ; ; ; ; ; ; ; ; ; ; ;12;106,010289650531
3371701;1;2;2;2;70; ;2; ; ;1;2; ; ;1; ;12;106,010289650531
3371701;1;3;1; ; ; ; ; ; ; ; ; ; ; ; ;12;106,010289650531
3371702;1;1;1; ; ; ; ; ; ; ; ; ; ; ; ;12;104,002591716808
3371702;1;2;1; ; ; ; ; ; ; ; ; ; ; ; ;12;104,002591716808
3371703;1;1;2;2;23; ;2; ; ;1;2; ; ;1; ;12;89,9674709823598
3371703;1;2;1; ; ; ; ; ; ; ; ; ; ; ; ;12;89,9674709823598
3371703;1;3;1; ; ; ; ; ; ; ; ; ; ; ; ;12;89,9674709823598
3371704;1;1;1; ; ; ; ; ; ; ; ; ; ; ; ;12;77,0653890321648
3371704;1;2;1; ; ; ; ; ; ; ; ; ; ; ; ;12;77,0653890321648
3371704;1;3;1; ; ; ; ; ; ; ; ; ; ; ; ;12;77,0653890321648
3371704;1;4;1; ; ; ; ; ; ; ; ; ; ; ; ;12;77,0653890321648
3371705;1;1;1; ; ; ; ; ; ; ; ; ; ; ; ;12;97,9766630495706
3371705;1;2;1; ; ; ; ; ; ; ; ; ; ; ; ;12;97,9766630495706
3371705;1;3;1; ; ; ; ; ; ; ; ; ; ; ; ;12;97,9766630495706
3371705;1;4;1; ; ; ; ; ; ; ; ; ; ; ; ;12;97,9766630495706
3371706;1;1;2;2;70; ;3;70; ;1;2; ; ;1; ;12;74,3532097234951
3371706;1;2;2;1; ; ;3;70; ;1;2; ; ;1; ;12;74,3532097234951
3371706;1;3;2;1; ; ;3;70; ;1;2; ; ;1; ;12;74,3532097234951
3371707;1;1;1; ; ; ; ; ; ; ; ; ; ; ; ;12;97,1062945269605
3371707;1;2;1; ; ; ; ; ; ; ; ; ; ; ; ;12;97,1062945269605
3371707;1;3;1; ; ; ; ; ; ; ; ; ; ; ; ;12;97,1062945269605
3371707;1;4;1; ; ; ; ; ; ; ; ; ; ; ; ;12;97,1062945269605
3371707;1;5;1; ; ; ; ; ; ; ; ; ; ; ; ;12;97,1062945269605
3371709;1;1;1; ; ; ; ; ; ; ; ; ; ; ; ;12;88,880220704053
3371709;1;2;2;2;23; ;2; ; ;1;2; ; ;1; ;12;88,880220704053
3371709;1;3;1; ; ; ; ; ; ; ; ; ; ; ; ;12;88,880220704053
3371709;1;4;1; ; ; ; ; ; ; ; ; ; ; ; ;12;88,880220704053
3371709;1;5;1; ; ; ; ; ; ; ; ; ; ; ; ;12;88,880220704053
3371709;1;6;1; ; ; ; ; ; ; ; ; ; ; ; ;12;88,880220704053
3371709;1;7;1; ; ; ; ; ; ; ; ; ; ; ; ;12;88,880220704053
3371710;1;1;1; ; ; ; ; ; ; ; ; ; ; ; ;12;115,592700180783
3371710;1;2;1; ; ; ; ; ; ; ; ; ; ; ; ;12;115,592700180783
3371711;1;1;2;2;70; ;2; ; ;1;2; ; ;1; ;12;115,592700180783
3371711;1;2;2;2;70; ;2; ; ;1;2; ; ;1; ;12;115,592700180783
3371714;1;1;2;2;17; ;2; ; ;1;2; ; ;1; ;12;242,8227023533
3371714;1;2;1; ; ; ; ; ; ; ; ; ; ; ; ;12;242,8227023533
3371715;1;1;1; ; ; ; ; ; ; ; ; ; ; ; ;12;238,372110959305
3371715;1;2;1; ; ; ; ; ; ; ; ; ; ; ; ;12;238,372110959305
3371715;1;3;1; ; ; ; ; ; ; ; ; ; ; ; ;12;238,372110959305
3371718;1;1;2;2;13; ;2; ; ;1;2; ; ;1; ;12;82,4352659885518
3371718;1;2;1; ; ; ; ; ; ; ; ; ; ; ; ;12;82,4352659885518
3371718;1;3;2;1; ; ;3;54; ;1;3;54; ;1; ;12;82,4352659885518
3371718;1;4;1; ; ; ; ; ; ; ; ; ; ; ; ;12;82,4352659885518
3371719;1;1;1; ; ; ; ; ; ; ; ; ; ; ; ;12;110,786161910344
3371719;1;2;2;2;23; ;4; ;3; ;2; ; ;1; ;12;110,786161910344
3371720;1;1;1; ; ; ; ; ; ; ; ; ; ; ; ;12;84,5630446097081
3371720;1;2;1; ; ; ; ; ; ; ; ; ; ; ; ;12;84,5630446097081
3371721;1;1;1; ; ; ; ; ; ; ; ; ; ; ; ;12;88,2558350452969
3371721;1;2;1; ; ; ; ; ; ; ; ; ; ; ; ;12;88,2558350452969
3371721;1;3;1; ; ; ; ; ; ; ; ; ; ; ; ;12;88,2558350452969
3371721;1;4;1; ; ; ; ; ; ; ; ; ; ; ; ;12;88,2558350452969
3371722;1;1;2;2;47; ;2; ; ;1;2; ; ;1; ;12;52,369467938472
3371722;1;2;1; ; ; ; ; ; ; ; ; ; ; ; ;12;52,369467938472
3371722;1;3;1; ; ; ; ; ; ; ; ; ; ; ; ;12;52,369467938472
3371722;1;4;2;2;20; ;3;44; ;1;2; ; ;1; ;12;52,369467938472
3371722;1;5;1; ; ; ; ; ; ; ; ; ; ; ; ;12;52,369467938472
3371722;1;6;1; ; ; ; ; ; ; ; ; ; ; ; ;12;52,369467938472
3371722;1;7;1; ; ; ; ; ; ; ; ; ; ; ; ;12;52,369467938472
3371722;1;8;1; ; ; ; ; ; ; ; ; ; ; ; ;12;52,369467938472
3371722;1;9;1; ; ; ; ; ; ; ; ; ; ; ; ;12;52,369467938472
3371723;1;1;1; ; ; ; ; ; ; ; ; ; ; ; ;12;74,9721184068133
3371723;1;2;1; ; ; ; ; ; ; ; ; ; ; ; ;12;74,9721184068133
3371723;1;3;1; ; ; ; ; ; ; ; ; ; ; ; ;12;74,9721184068133
3371723;1;4;1; ; ; ; ; ; ; ; ; ; ; ; ;12;74,9721184068133
3371723;1;5;1; ; ; ; ; ; ; ; ; ; ; ; ;12;74,9721184068133
3371723;1;6;1; ; ; ; ; ; ; ; ; ; ; ; ;12;74,9721184068133
3371723;1;7;1; ; ; ; ; ; ; ; ; ; ; ; ;12;74,9721184068133
3371724;1;1;1; ; ; ; ; ; ; ; ; ; ; ; ;12;77,6998789577133
3371724;1;2;1; ; ; ; ; ; ; ; ; ; ; ; ;12;77,6998789577133
3371724;1;3;1; ; ; ; ; ; ; ; ; ; ; ; ;12;77,6998789577133
3371724;1;4;1; ; ; ; ; ; ; ; ; ; ; ; ;12;77,6998789577133
3371724;1;5;1; ; ; ; ; ; ; ; ; ; ; ; ;12;77,6998789577133
3371724;1;6;1; ; ; ; ; ; ; ; ; ; ; ; ;12;77,6998789577133
3371724;1;7;1; ; ; ; ; ; ; ; ; ; ; ; ;12;77,6998789577133
3371725;1;1;1; ; ; ; ; ; ; ; ; ; ; ; ;12;56,9559050672263
3371725;1;2;1; ; ; ; ; ; ; ; ; ; ; ; ;12;56,9559050672263
3371725;1;3;1; ; ; ; ; ; ; ; ; ; ; ; ;12;56,9559050672263
3371726;1;1;2;2;20; ;3;20; ;1;2; ; ;1; ;12;92,8461562122797
3371726;1;2;2;2;47; ;3;20; ;1;2; ; ;1; ;12;92,8461562122797
3371726;1;3;2;2;47; ;3;20; ;1;2; ; ;1; ;12;92,8461562122797
3371726;1;4;1; ; ; ; ; ; ; ; ; ; ; ; ;12;92,8461562122797
3371727;1;1;1; ; ; ; ; ; ; ; ; ; ; ; ;12;106,971744107733
3371727;1;2;1; ; ; ; ; ; ; ; ; ; ; ; ;12;106,971744107733
3371727;1;3;1; ; ; ; ; ; ; ; ; ; ; ; ;12;106,971744107733
3371727;1;4;1; ; ; ; ; ; ; ; ; ; ; ; ;12;106,971744107733
3371728;1;1;1; ; ; ; ; ; ; ; ; ; ; ; ;12;60,6988720235645
3371728;1;2;1; ; ; ; ; ; ; ; ; ; ; ; ;12;60,6988720235645
3371728;1;3;1; ; ; ; ; ; ; ; ; ; ; ; ;12;60,6988720235645
3371728;1;4;1; ; ; ; ; ; ; ; ; ; ; ; ;12;60,6988720235645
3371729;1;1;2;2;23; ;2; ; ;1;2; ; ;1; ;12;64,890284721403
3371729;1;2;1; ; ; ; ; ; ; ; ; ; ; ; ;12;64,890284721403
3371730;1;1;1; ; ; ; ; ; ; ; ; ; ; ; ;12;162,927541408167
3371730;1;2;2;2;47; ;2; ; ;1;2; ; ;1; ;12;162,927541408167
3371730;1;3;1; ; ; ; ; ; ; ; ; ; ; ; ;12;162,927541408167
3371730;1;4;1; ; ; ; ; ; ; ; ; ; ; ; ;12;162,927541408167
3371730;1;5;1; ; ; ; ; ; ; ; ; ; ; ; ;12;162,927541408167
3371730;1;6;2;2;13; ;3;08; ;1;3;08; ;1; ;12;162,927541408167
3371730;1;7;1; ; ; ; ; ; ; ; ; ; ; ; ;12;162,927541408167
3371731;1;1;2;2;08; ;2; ; ;1;2; ; ;1; ;12;83,0993924627696
3371731;1;2;1; ; ; ; ; ; ; ; ; ; ; ; ;12;83,0993924627696
3371731;1;3;1; ; ; ; ; ; ; ; ; ; ; ; ;12;83,0993924627696
3371731;1;4;1; ; ; ; ; ; ; ; ; ; ; ; ;12;83,0993924627696
3371732;1;1;2;2;08; ;2; ; ;1;2; ; ;1; ;12;116,758267155333
3371732;1;2;1; ; ; ; ; ; ; ; ; ; ; ; ;12;116,758267155333
3371732;1;3;1; ; ; ; ; ; ; ; ; ; ; ; ;12;116,758267155333
3371732;1;4;1; ; ; ; ; ; ; ; ; ; ; ; ;12;116,758267155333
3371732;1;5;1; ; ; ; ; ; ; ; ; ; ; ; ;12;116,758267155333
3371732;1;6;1; ; ; ; ; ; ; ; ; ; ; ; ;12;116,758267155333
3371732;1;7;1; ; ; ; ; ; ; ; ; ; ; ; ;12;116,758267155333
3371733;1;1;2;2;20; ;2; ; ;1;2; ; ;1; ;12;61,2454326427237
3371733;1;2;1; ; ; ; ; ; ; ; ; ; ; ; ;12;61,2454326427237
3371733;1;3;1; ; ; ; ; ; ; ; ; ; ; ; ;12;61,2454326427237
3371733;1;4;1; ; ; ; ; ; ; ; ; ; ; ; ;12;61,2454326427237
3371733;1;5;1; ; ; ; ; ; ; ; ; ; ; ; ;12;61,2454326427237
3371734;1;1;2;2;47; ;3;44; ;1;2; ; ;1; ;12;74,1302471498437
3371734;1;2;2;2;47; ;3;44; ;1;2; ; ;1; ;12;74,1302471498437
3371734;1;3;2;2;44; ;3;44; ;1;2; ; ;1; ;12;74,1302471498437
3371734;1;4;2;2;20; ;3;20; ;1;2; ; ;1; ;12;74,1302471498437
3371735;1;1;2;2;20; ;2; ; ;1;2; ; ;1; ;12;126,644503996038
3371735;1;2;2;2;20; ;3;20; ;2;2; ; ;1; ;12;126,644503996038
3371735;1;3;2;2;20; ;1; ; ; ;2; ; ;1; ;12;126,644503996038
3371735;1;4;2;2;20; ;1; ; ; ;2; ; ;1; ;12;126,644503996038
3371736;1;1;2;2;05; ;3;05; ;1;2; ; ;1; ;12;96,4132017339902
3371736;1;2;1; ; ; ; ; ; ; ; ; ; ; ; ;12;96,4132017339902
3371736;1;3;1; ; ; ; ; ; ; ; ; ; ; ; ;12;96,4132017339902
3371736;1;4;1; ; ; ; ; ; ; ; ; ; ; ; ;12;96,4132017339902
3371736;1;5;1; ; ; ; ; ; ; ; ; ; ; ; ;12;96,4132017339902
3371737;1;1;2;2;20; ;3;44; ;1;2; ; ;1; ;12;75,5964855829414
3371737;1;2;1; ; ; ; ; ; ; ; ; ; ; ; ;12;75,5964855829414
3371737;1;3;2;2;20; ;3;44; ;1;2; ; ;1; ;12;75,5964855829414
3371737;1;4;2;2;20; ;3;44; ;1;2; ; ;1; ;12;75,5964855829414
3371738;1;1;2;2;08; ;3;08; ;1;2; ; ;1; ;12;96,0142932648458
3371738;1;2;2;2;44; ;3;08; ;1;2; ; ;1; ;12;96,0142932648458
3371738;1;3;2;2;08; ;1; ; ; ;2; ; ;1; ;12;96,0142932648458
3371742;1;1;1; ; ; ; ; ; ; ; ; ; ; ; ;12;294,02930182891
3371742;1;2;1; ; ; ; ; ; ; ; ; ; ; ; ;12;294,02930182891
3371742;1;3;1; ; ; ; ; ; ; ; ; ; ; ; ;12;294,02930182891
3371742;1;4;1; ; ; ; ; ; ; ; ; ; ; ; ;12;294,02930182891
3371742;2;1;2;2;50; ;2; ; ;1;2; ; ;1; ;12;294,02930182891
3371742;2;2;2;2;66; ;2; ; ;1;2; ; ;1; ;12;294,02930182891
3371742;2;3;1; ; ; ; ; ; ; ; ; ; ; ; ;12;294,02930182891
3371742;2;4;1; ; ; ; ; ; ; ; ; ; ; ; ;12;294,02930182891
3371742;3;1;1; ; ; ; ; ; ; ; ; ; ; ; ;12;294,02930182891
3371742;3;2;2;2;25; ;2; ; ;1;2; ; ;1; ;12;294,02930182891
3371742;3;3;1; ; ; ; ; ; ; ; ; ; ; ; ;12;294,02930182891
3371742;3;4;1; ; ; ; ; ; ; ; ; ; ; ; ;12;294,02930182891
3371743;1;1;2;2;85; ;3;99; ;2;2; ; ;1; ;12;439,93751196087
3371743;1;2;1; ; ; ; ; ; ; ; ; ; ; ; ;12;439,93751196087
3371743;1;3;2;2;85; ;2; ; ;1;2; ; ;1; ;12;439,93751196087
3371743;1;4;1; ; ; ; ; ; ; ; ; ; ; ; ;12;439,93751196087
3371744;1;1;2;2;19; ;3;25; ;1;2; ; ;1; ;12;440,692984607627
3371744;1;2;2;2;76; ;3;25; ;1;2; ; ;1; ;12;440,692984607627
3371744;1;3;2;2;50; ;3;25; ;1;2; ; ;1; ;12;440,692984607627
3371744;1;4;2;2;50; ;3;25; ;1;2; ; ;1; ;12;440,692984607627
3371745;1;1;2;2;11; ;2; ; ;1;2; ; ;1; ;12;494,317607897702
3371745;1;2;2;2;11; ;2; ; ;1;2; ; ;1; ;12;494,317607897702
3371746;1;1;2;2;73; ;2; ; ;1;2; ; ;1; ;12;458,26637058672
3371746;1;2;1; ; ; ; ; ; ; ; ; ; ; ; ;12;458,26637058672
3371746;1;3;1; ; ; ; ; ; ; ; ; ; ; ; ;12;458,26637058672
3371747;1;1;1; ; ; ; ; ; ; ; ; ; ; ; ;12;190,35384307184
3371747;1;2;1; ; ; ; ; ; ; ; ; ; ; ; ;12;190,35384307184
3371748;1;1;1; ; ; ; ; ; ; ; ; ; ; ; ;12;930,700605103271
3371748;1;2;1; ; ; ; ; ; ; ; ; ; ; ; ;12;930,700605103271
3371748;1;3;1; ; ; ; ; ; ; ; ; ; ; ; ;12;930,700605103271
3371748;1;4;1; ; ; ; ; ; ; ; ; ; ; ; ;12;930,700605103271
3371749;1;1;1; ; ; ; ; ; ; ; ; ; ; ; ;12;1036,48931371814
3371749;1;2;1; ; ; ; ; ; ; ; ; ; ; ; ;12;1036,48931371814
3371749;1;3;1; ; ; ; ; ; ; ; ; ; ; ; ;12;1036,48931371814
3371749;1;4;1; ; ; ; ; ; ; ; ; ; ; ; ;12;1036,48931371814
3371749;1;5;1; ; ; ; ; ; ; ; ; ; ; ; ;12;1036,48931371814
3371749;1;6;1; ; ; ; ; ; ; ; ; ; ; ; ;12;1036,48931371814
3371749;1;7;1; ; ; ; ; ; ; ; ; ; ; ; ;12;1036,48931371814
3371749;1;8;1; ; ; ; ; ; ; ; ; ; ; ; ;12;1036,48931371814
3371750;1;1;1; ; ; ; ; ; ; ; ; ; ; ; ;12;1264,66609063961
3371750;1;2;1; ; ; ; ; ; ; ; ; ; ; ; ;12;1264,66609063961
3371750;1;3;1; ; ; ; ; ; ; ; ; ; ; ; ;12;1264,66609063961
3371750;1;4;1; ; ; ; ; ; ; ; ; ; ; ; ;12;1264,66609063961
3371750;1;5;1; ; ; ; ; ; ; ; ; ; ; ; ;12;1264,66609063961
3371750;1;6;1; ; ; ; ; ; ; ; ; ; ; ; ;12;1264,66609063961
3371750;1;7;1; ; ; ; ; ; ; ; ; ; ; ; ;12;1264,66609063961
3371751;1;1;1; ; ; ; ; ; ; ; ; ; ; ; ;12;1228,01223184447
3371751;1;2;1; ; ; ; ; ; ; ; ; ; ; ; ;12;1228,01223184447
3371751;1;3;1; ; ; ; ; ; ; ; ; ; ; ; ;12;1228,01223184447
3371751;1;4;1; ; ; ; ; ; ; ; ; ; ; ; ;12;1228,01223184447
3371751;1;5;1; ; ; ; ; ; ; ; ; ; ; ; ;12;1228,01223184447
3371752;1;1;2;2;20; ;2; ; ;1;2; ; ;1; ;12;1004,33203665412
3371752;1;2;1; ; ; ; ; ; ; ; ; ; ; ; ;12;1004,33203665412
3371752;1;3;1; ; ; ; ; ; ; ; ; ; ; ; ;12;1004,33203665412
3371752;1;4;1; ; ; ; ; ; ; ; ; ; ; ; ;12;1004,33203665412
3371753;1;1;1; ; ; ; ; ; ; ; ; ; ; ; ;12;620,910813616695
3371753;1;2;1; ; ; ; ; ; ; ; ; ; ; ; ;12;620,910813616695
3371753;1;3;1; ; ; ; ; ; ; ; ; ; ; ; ;12;620,910813616695
3371753;1;4;1; ; ; ; ; ; ; ; ; ; ; ; ;12;620,910813616695
3371753;1;5;1; ; ; ; ; ; ; ; ; ; ; ; ;12;620,910813616695
3371753;1;6;1; ; ; ; ; ; ; ; ; ; ; ; ;12;620,910813616695
3371753;1;7;2;2;08; ;2; ; ;1;2; ; ;1; ;12;620,910813616695
3371753;1;8;1; ; ; ; ; ; ; ; ; ; ; ; ;12;620,910813616695
3371753;1;9;1; ; ; ; ; ; ; ; ; ; ; ; ;12;620,910813616695
3371753;1;10;1; ; ; ; ; ; ; ; ; ; ; ; ;12;620,910813616695
3371753;1;11;1; ; ; ; ; ; ; ; ; ; ; ; ;12;620,910813616695
3371753;1;12;2;2;08; ;2; ; ;1;2; ; ;1; ;12;620,910813616695
3371753;1;13;1; ; ; ; ; ; ; ; ; ; ; ; ;12;620,910813616695
3371753;1;14;1; ; ; ; ; ; ; ; ; ; ; ; ;12;620,910813616695
3371753;1;15;1; ; ; ; ; ; ; ; ; ; ; ; ;12;620,910813616695
3371754;1;1;1; ; ; ; ; ; ; ; ; ; ; ; ;12;1244,18893458641
3371754;1;2;1; ; ; ; ; ; ; ; ; ; ; ; ;12;1244,18893458641
3371754;1;3;1; ; ; ; ; ; ; ; ; ; ; ; ;12;1244,18893458641
3371754;1;4;1; ; ; ; ; ; ; ; ; ; ; ; ;12;1244,18893458641
3371756;1;1;1; ; ; ; ; ; ; ; ; ; ; ; ;12;806,021172349889
3371756;1;2;1; ; ; ; ; ; ; ; ; ; ; ; ;12;806,021172349889
3371756;1;3;1; ; ; ; ; ; ; ; ; ; ; ; ;12;806,021172349889
3371756;1;4;2;2;08; ;2; ; ;1;2; ; ;1; ;12;806,021172349889
3371756;1;5;1; ; ; ; ; ; ; ; ; ; ; ; ;12;806,021172349889
3371756;1;6;1; ; ; ; ; ; ; ; ; ; ; ; ;12;806,021172349889
3371757;1;1;1; ; ; ; ; ; ; ; ; ; ; ; ;12;569,189891482608
3371757;1;2;1; ; ; ; ; ; ; ; ; ; ; ; ;12;569,189891482608
3371757;1;3;1; ; ; ; ; ; ; ; ; ; ; ; ;12;569,189891482608
3371757;1;4;2;2;08; ;3;08; ;1;2; ; ;1; ;12;569,189891482608
3371757;1;5;1; ; ; ; ; ; ; ; ; ; ; ; ;12;569,189891482608
3371757;1;6;1; ; ; ; ; ; ; ; ; ; ; ; ;12;569,189891482608
3371758;1;1;1; ; ; ; ; ; ; ; ; ; ; ; ;12;1435,65635548054
3371758;1;2;1; ; ; ; ; ; ; ; ; ; ; ; ;12;1435,65635548054
3371758;1;3;1; ; ; ; ; ; ; ; ; ; ; ; ;12;1435,65635548054
3371758;1;4;1; ; ; ; ; ; ; ; ; ; ; ; ;12;1435,65635548054
3371759;1;1;1; ; ; ; ; ; ; ; ; ; ; ; ;12;755,118794647869
3371759;1;2;2;2;08; ;2; ; ;1;2; ; ;1; ;12;755,118794647869
3371759;1;3;1; ; ; ; ; ; ; ; ; ; ; ; ;12;755,118794647869
3371759;1;4;1; ; ; ; ; ; ; ; ; ; ; ; ;12;755,118794647869
3371760;1;1;1; ; ; ; ; ; ; ; ; ; ; ; ;12;1015,77057785205
3371760;1;2;1; ; ; ; ; ; ; ; ; ; ; ; ;12;1015,77057785205
3371760;1;3;1; ; ; ; ; ; ; ; ; ; ; ; ;12;1015,77057785205
3371760;1;4;1; ; ; ; ; ; ; ; ; ; ; ; ;12;1015,77057785205
3371761;1;1;1; ; ; ; ; ; ; ; ; ; ; ; ;12;838,198892420237
3371761;1;2;1; ; ; ; ; ; ; ; ; ; ; ; ;12;838,198892420237
3371761;1;3;1; ; ; ; ; ; ; ; ; ; ; ; ;12;838,198892420237
3371761;1;4;1; ; ; ; ; ; ; ; ; ; ; ; ;12;838,198892420237
3371761;1;5;1; ; ; ; ; ; ; ; ; ; ; ; ;12;838,198892420237
3371761;1;6;1; ; ; ; ; ; ; ; ; ; ; ; ;12;838,198892420237
3371761;1;7;1; ; ; ; ; ; ; ; ; ; ; ; ;12;838,198892420237
3371761;1;8;1; ; ; ; ; ; ; ; ; ; ; ; ;12;838,198892420237
3371761;1;9;1; ; ; ; ; ; ; ; ; ; ; ; ;12;838,198892420237
3371761;1;10;1; ; ; ; ; ; ; ; ; ; ; ; ;12;838,198892420237
3371762;1;1;1; ; ; ; ; ; ; ; ; ; ; ; ;12;569,189891482608
3371762;1;2;1; ; ; ; ; ; ; ; ; ; ; ; ;12;569,189891482608
3371762;1;3;1; ; ; ; ; ; ; ; ; ; ; ; ;12;569,189891482608
3371762;1;4;1; ; ; ; ; ; ; ; ; ; ; ; ;12;569,189891482608
3371762;1;5;1; ; ; ; ; ; ; ; ; ; ; ; ;12;569,189891482608
3371762;1;6;1; ; ; ; ; ; ; ; ; ; ; ; ;12;569,189891482608
3371763;1;1;1; ; ; ; ; ; ; ; ; ; ; ; ;12;1303,86526258869
3371763;1;2;1; ; ; ; ; ; ; ; ; ; ; ; ;12;1303,86526258869
3371763;1;3;1; ; ; ; ; ; ; ; ; ; ; ; ;12;1303,86526258869
3371763;1;4;1; ; ; ; ; ; ; ; ; ; ; ; ;12;1303,86526258869
3371763;1;5;1; ; ; ; ; ; ; ; ; ; ; ; ;12;1303,86526258869
3371763;1;6;1; ; ; ; ; ; ; ; ; ; ; ; ;12;1303,86526258869
3371763;1;7;1; ; ; ; ; ; ; ; ; ; ; ; ;12;1303,86526258869
3371763;1;8;1; ; ; ; ; ; ; ; ; ; ; ; ;12;1303,86526258869
3371763;1;9;1; ; ; ; ; ; ; ; ; ; ; ; ;12;1303,86526258869
3371764;1;1;2;1; ; ;2; ; ;1;2; ; ;1; ;12;764,481123463705
3371764;1;2;2;2;08; ;2; ; ;1;2; ; ;1; ;12;764,481123463705
3371764;1;3;1; ; ; ; ; ; ; ; ; ; ; ; ;12;764,481123463705
3371765;1;1;1; ; ; ; ; ; ; ; ; ; ; ; ;12;1437,95512065872
3371765;1;2;1; ; ; ; ; ; ; ; ; ; ; ; ;12;1437,95512065872
3371765;1;3;1; ; ; ; ; ; ; ; ; ; ; ; ;12;1437,95512065872
3371765;1;4;1; ; ; ; ; ; ; ; ; ; ; ; ;12;1437,95512065872
3371765;1;5;1; ; ; ; ; ; ; ; ; ; ; ; ;12;1437,95512065872
3371766;1;1;1; ; ; ; ; ; ; ; ; ; ; ; ;12;1659,55910346697
3371766;1;2;1; ; ; ; ; ; ; ; ; ; ; ; ;12;1659,55910346697
3371766;1;3;1; ; ; ; ; ; ; ; ; ; ; ; ;12;1659,55910346697
3371766;1;4;1; ; ; ; ; ; ; ; ; ; ; ; ;12;1659,55910346697
3371766;1;5;1; ; ; ; ; ; ; ; ; ; ; ; ;12;1659,55910346697
3371767;1;1;1; ; ; ; ; ; ; ; ; ; ; ; ;12;762,398926339718
3371767;1;2;1; ; ; ; ; ; ; ; ; ; ; ; ;12;762,398926339718
3371767;1;3;1; ; ; ; ; ; ; ; ; ; ; ; ;12;762,398926339718
3371769;1;1;2;2;08; ;2; ; ;2;2; ; ;2; ;12;4886,20426212796
3371769;1;2;2;2;08; ;3;08; ;1;3;08; ;1;1;12;4886,20426212796
3371770;1;1;2;2;05; ;3;05; ;1;3;05; ;2; ;12;4577,78186598282
3371770;1;2;2;2;23; ;3;05; ;1;3;05; ;2; ;12;4577,78186598282
3371770;1;3;2;2;23; ;3;05; ;2;3;23; ;2; ;12;4577,78186598282
3371770;1;4;2;2;23; ;1; ; ; ;1; ; ; ; ;12;4577,78186598282
3371771;1;1;1; ; ; ; ; ; ; ; ; ; ; ; ;12;3893,09303465728
3371771;1;2;1; ; ; ; ; ; ; ; ; ; ; ; ;12;3893,09303465728
3371771;1;3;1; ; ; ; ; ; ; ; ; ; ; ; ;12;3893,09303465728
3371772;1;1;1; ; ; ; ; ; ; ; ; ; ; ; ;12;569,189891482608
3371772;1;2;1; ; ; ; ; ; ; ; ; ; ; ; ;12;569,189891482608
3371772;1;3;1; ; ; ; ; ; ; ; ; ; ; ; ;12;569,189891482608
3371772;1;4;1; ; ; ; ; ; ; ; ; ; ; ; ;12;569,189891482608
3371772;1;5;1; ; ; ; ; ; ; ; ; ; ; ; ;12;569,189891482608
3371772;1;6;1; ; ; ; ; ; ; ; ; ; ; ; ;12;569,189891482608
3371772;1;7;1; ; ; ; ; ; ; ; ; ; ; ; ;12;569,189891482608
3371773;1;1;1; ; ; ; ; ; ; ; ; ; ; ; ;12;1189,05960787116
3371773;1;2;1; ; ; ; ; ; ; ; ; ; ; ; ;12;1189,05960787116
3371774;1;1;1; ; ; ; ; ; ; ; ; ; ; ; ;12;866,063326071672
3371774;1;2;1; ; ; ; ; ; ; ; ; ; ; ; ;12;866,063326071672
3371774;1;3;1; ; ; ; ; ; ; ; ; ; ; ; ;12;866,063326071672
3371774;1;4;1; ; ; ; ; ; ; ; ; ; ; ; ;12;866,063326071672
3371774;1;5;1; ; ; ; ; ; ; ; ; ; ; ; ;12;866,063326071672
3371774;1;6;1; ; ; ; ; ; ; ; ; ; ; ; ;12;866,063326071672
3371774;1;7;1; ; ; ; ; ; ; ; ; ; ; ; ;12;866,063326071672
3371775;1;1;1; ; ; ; ; ; ; ; ; ; ; ; ;12;1205,1351494486
3371775;1;2;1; ; ; ; ; ; ; ; ; ; ; ; ;12;1205,1351494486
3371775;1;3;1; ; ; ; ; ; ; ; ; ; ; ; ;12;1205,1351494486
3371775;1;4;1; ; ; ; ; ; ; ; ; ; ; ; ;12;1205,1351494486
3371775;1;5;1; ; ; ; ; ; ; ; ; ; ; ; ;12;1205,1351494486
3371776;1;1;1; ; ; ; ; ; ; ; ; ; ; ; ;12;1170,55750303556
3371776;1;2;1; ; ; ; ; ; ; ; ; ; ; ; ;12;1170,55750303556
3371776;1;3;1; ; ; ; ; ; ; ; ; ; ; ; ;12;1170,55750303556
3371776;1;4;1; ; ; ; ; ; ; ; ; ; ; ; ;12;1170,55750303556
3371777;1;1;1; ; ; ; ; ; ; ; ; ; ; ; ;12;1004,33203665412
3371777;1;2;1; ; ; ; ; ; ; ; ; ; ; ; ;12;1004,33203665412
3371777;1;3;1; ; ; ; ; ; ; ; ; ; ; ; ;12;1004,33203665412
3371777;1;4;1; ; ; ; ; ; ; ; ; ; ; ; ;12;1004,33203665412
3371778;1;1;1; ; ; ; ; ; ; ; ; ; ; ; ;12;845,128022151398
3371778;1;2;1; ; ; ; ; ; ; ; ; ; ; ; ;12;845,128022151398
3371779;1;1;1; ; ; ; ; ; ; ; ; ; ; ; ;12;1135,97985662254
3371779;1;2;1; ; ; ; ; ; ; ; ; ; ; ; ;12;1135,97985662254
3371779;1;3;1; ; ; ; ; ; ; ; ; ; ; ; ;12;1135,97985662254
3371780;1;1;2;2;13; ;2; ; ;1;2; ; ;1; ;12;56,507459325726
3371780;1;2;2;2;47; ;2; ; ;1;2; ; ;1; ;12;56,507459325726
3371780;1;3;1; ; ; ; ; ; ; ; ; ; ; ; ;12;56,507459325726
3371780;1;4;1; ; ; ; ; ; ; ; ; ; ; ; ;12;56,507459325726
3371780;1;5;1; ; ; ; ; ; ; ; ; ; ; ; ;12;56,507459325726
3371780;1;6;2;2;44; ;2; ; ;1;2; ; ;1; ;12;56,507459325726
3371781;1;1;2;2;23; ;2; ; ;1;2; ; ;1; ;12;64,3437241022438
3371782;1;1;2;2;13; ;2; ; ;1;2; ; ;1; ;12;96,0142932648458
3371782;1;2;1; ; ; ; ; ; ; ; ; ; ; ; ;12;96,0142932648458
3371782;1;3;1; ; ; ; ; ; ; ; ; ; ; ; ;12;96,0142932648458
3371783;1;1;1; ; ; ; ; ; ; ; ; ; ; ; ;12;92,2995955931206
3371783;1;2;1; ; ; ; ; ; ; ; ; ; ; ; ;12;92,2995955931206
3371783;1;3;1; ; ; ; ; ; ; ; ; ; ; ; ;12;92,2995955931206
3371784;1;1;1; ; ; ; ; ; ; ; ; ; ; ; ;12;68,4573302431135
3371784;1;2;2;2;44; ;2; ; ;1;2; ; ;1; ;12;68,4573302431135
3371784;1;3;1; ; ; ; ; ; ; ; ; ; ; ; ;12;68,4573302431135
3371785;1;1;2;2;44; ;2; ; ;1;2; ; ;1; ;12;72,6885022390417
3371785;1;2;2;2;44; ;2; ; ;1;2; ; ;1; ;12;72,6885022390417
3371785;1;3;1; ; ; ; ; ; ; ; ; ; ; ; ;12;72,6885022390417
3371785;1;4;1; ; ; ; ; ; ; ; ; ; ; ; ;12;72,6885022390417
3371786;1;1;2;2;47; ;2; ; ;1;2; ; ;1; ;12;61,2454326427237
3371786;1;2;2;2;47; ;2; ; ;1;2; ; ;1; ;12;61,2454326427237
3371786;1;3;1; ; ; ; ; ; ; ; ; ; ; ; ;12;61,2454326427237
3371786;1;4;1; ; ; ; ; ; ; ; ; ; ; ; ;12;61,2454326427237
3371786;1;5;1; ; ; ; ; ; ; ; ; ; ; ; ;12;61,2454326427237
3371787;1;1;2;2;44; ;2; ; ;1;2; ; ;1; ;12;72,5709363839831
3371787;1;2;1; ; ; ; ; ; ; ; ; ; ; ; ;12;72,5709363839831
3371787;1;3;1; ; ; ; ; ; ; ; ; ; ; ; ;12;72,5709363839831
3371787;1;4;1; ; ; ; ; ; ; ; ; ; ; ; ;12;72,5709363839831
3371787;1;5;1; ; ; ; ; ; ; ; ; ; ; ; ;12;72,5709363839831
3371788;1;1;2;2;20; ;2; ; ;1;2; ; ;1; ;12;146,989569417381
3371788;1;2;1; ; ; ; ; ; ; ; ; ; ; ; ;12;146,989569417381
3371788;1;3;1; ; ; ; ; ; ; ; ; ; ; ; ;12;146,989569417381
3371788;1;4;1; ; ; ; ; ; ; ; ; ; ; ; ;12;146,989569417381
3371788;1;5;1; ; ; ; ; ; ; ; ; ; ; ; ;12;146,989569417381
3371788;1;6;1; ; ; ; ; ; ; ; ; ; ; ; ;12;146,989569417381
3371789;1;1;1; ; ; ; ; ; ; ; ; ; ; ; ;12;99,9802472557006
3371789;1;2;2;2;47; ;2; ; ;1;2; ; ;1; ;12;99,9802472557006
3371789;1;3;1; ; ; ; ; ; ; ; ; ; ; ; ;12;99,9802472557006
3371789;1;4;1; ; ; ; ; ; ; ; ; ; ; ; ;12;99,9802472557006
3371789;1;5;1; ; ; ; ; ; ; ; ; ; ; ; ;12;99,9802472557006
3371789;1;6;1; ; ; ; ; ; ; ; ; ; ; ; ;12;99,9802472557006
3371790;1;1;1; ; ; ; ; ; ; ; ; ; ; ; ;12;146,328029229322
3371790;1;2;1; ; ; ; ; ; ; ; ; ; ; ; ;12;146,328029229322
3371790;1;3;1; ; ; ; ; ; ; ; ; ; ; ; ;12;146,328029229322
3371790;1;4;1; ; ; ; ; ; ; ; ; ; ; ; ;12;146,328029229322
3371790;1;5;1; ; ; ; ; ; ; ; ; ; ; ; ;12;146,328029229322
3371790;1;6;1; ; ; ; ; ; ; ; ; ; ; ; ;12;146,328029229322
3371790;1;7;1; ; ; ; ; ; ; ; ; ; ; ; ;12;146,328029229322
3371790;1;8;1; ; ; ; ; ; ; ; ; ; ; ; ;12;146,328029229322
3371791;1;1;1; ; ; ; ; ; ; ; ; ; ; ; ;12;96,0142932648458
3371791;1;2;1; ; ; ; ; ; ; ; ; ; ; ; ;12;96,0142932648458
3371791;1;3;1; ; ; ; ; ; ; ; ; ; ; ; ;12;96,0142932648458
3371792;1;1;2;2;23; ;2; ; ;1;2; ; ;1; ;12;148,654295024919
3371792;1;2;1; ; ; ; ; ; ; ; ; ; ; ; ;12;148,654295024919
3371792;1;3;1; ; ; ; ; ; ; ; ; ; ; ; ;12;148,654295024919
3371792;1;4;1; ; ; ; ; ; ; ; ; ; ; ; ;12;148,654295024919
3371793;1;1;2;2;08; ;3;08; ;1;2; ; ;1; ;12;84,6887895235865
3371793;1;2;2;2;08; ;3;08; ;1;2; ; ;1; ;12;84,6887895235865
3371793;1;3;2;2;08; ;3;08; ;1;2; ; ;1; ;12;84,6887895235865
3371794;1;1;2;2;13; ;2; ; ;1;2; ; ;1; ;12;103,700009223833
3371794;1;2;1; ; ; ; ; ; ; ; ; ; ; ; ;12;103,700009223833
3371794;1;3;1; ; ; ; ; ; ; ; ; ; ; ; ;12;103,700009223833
3371794;1;4;1; ; ; ; ; ; ; ; ; ; ; ; ;12;103,700009223833
3371794;1;5;1; ; ; ; ; ; ; ; ; ; ; ; ;12;103,700009223833
3371795;1;1;2;2;47; ;2; ; ;1;2; ; ;1; ;12;124,117816905737
3371795;1;2;1; ; ; ; ; ; ; ; ; ; ; ; ;12;124,117816905737
3371795;1;3;1; ; ; ; ; ; ; ; ; ; ; ; ;12;124,117816905737
3371795;1;4;1; ; ; ; ; ; ; ; ; ; ; ; ;12;124,117816905737
3371796;1;1;1; ; ; ; ; ; ; ; ; ; ; ; ;12;96,0142932648458
3371796;1;2;1; ; ; ; ; ; ; ; ; ; ; ; ;12;96,0142932648458
3371796;1;3;1; ; ; ; ; ; ; ; ; ; ; ; ;12;96,0142932648458
3371797;1;1;1; ; ; ; ; ; ; ; ; ; ; ; ;12;64,890284721403
3371797;1;2;1; ; ; ; ; ; ; ; ; ; ; ; ;12;64,890284721403
3371798;1;1;2;2;05; ;3;05; ;1;2; ; ;1; ;12;84,5630446097081
3371798;1;2;2;2;05; ;2; ; ;1;2; ; ;1; ;12;84,5630446097081
3371802;1;1;1; ; ; ; ; ; ; ; ; ; ; ; ;12;93,5403689814538
3371802;1;2;1; ; ; ; ; ; ; ; ; ; ; ; ;12;93,5403689814538
3371802;1;3;1; ; ; ; ; ; ; ; ; ; ; ; ;12;93,5403689814538
3371802;1;4;1; ; ; ; ; ; ; ; ; ; ; ; ;12;93,5403689814538
3371803;1;1;2;2;05; ;3;08; ;1;2; ; ;1; ;12;124,889842569661
3371803;1;2;2;2;47; ;3;08; ;1;2; ; ;1; ;12;124,889842569661
3371803;1;3;2;2;08; ;2; ; ;1;2; ; ;1; ;12;124,889842569661
3371803;1;4;2;2;08; ;1; ; ; ;2; ; ;1; ;12;124,889842569661
3371804;1;1;1; ; ; ; ; ; ; ; ; ; ; ; ;12;95,5845647779728
3371804;1;2;1; ; ; ; ; ; ; ; ; ; ; ; ;12;95,5845647779728
3371804;1;3;1; ; ; ; ; ; ; ; ; ; ; ; ;12;95,5845647779728
3371804;1;4;1; ; ; ; ; ; ; ; ; ; ; ; ;12;95,5845647779728
3371804;1;5;1; ; ; ; ; ; ; ; ; ; ; ; ;12;95,5845647779728
3371804;1;6;1; ; ; ; ; ; ; ; ; ; ; ; ;12;95,5845647779728
3371805;1;1;1; ; ; ; ; ; ; ; ; ; ; ; ;12;97,9766630495706
3371805;1;2;1; ; ; ; ; ; ; ; ; ; ; ; ;12;97,9766630495706
3371805;1;3;1; ; ; ; ; ; ; ; ; ; ; ; ;12;97,9766630495706
3371805;1;4;1; ; ; ; ; ; ; ; ; ; ; ; ;12;97,9766630495706
3371806;1;1;1; ; ; ; ; ; ; ; ; ; ; ; ;12;107,366626357875
3371806;1;2;1; ; ; ; ; ; ; ; ; ; ; ; ;12;107,366626357875
3371806;1;3;1; ; ; ; ; ; ; ; ; ; ; ; ;12;107,366626357875
3371806;1;4;1; ; ; ; ; ; ; ; ; ; ; ; ;12;107,366626357875
3371807;1;1;1; ; ; ; ; ; ; ; ; ; ; ; ;12;105,332368349868
3371807;1;2;1; ; ; ; ; ; ; ; ; ; ; ; ;12;105,332368349868
3371807;1;3;1; ; ; ; ; ; ; ; ; ; ; ; ;12;105,332368349868
3371808;1;1;2;2;44; ;2; ; ;1;2; ; ;1; ;12;101,781808548228
3371808;1;2;2;2;70; ;2; ; ;1;2; ; ;1; ;12;101,781808548228
3371808;1;3;1; ; ; ; ; ; ; ; ; ; ; ; ;12;101,781808548228
3371808;1;4;1; ; ; ; ; ; ; ; ; ; ; ; ;12;101,781808548228
3371808;1;5;2;2;23; ;2; ; ;1;2; ; ;1; ;12;101,781808548228
3371809;1;1;1; ; ; ; ; ; ; ; ; ; ; ; ;12;120,946629608733
3371809;1;2;1; ; ; ; ; ; ; ; ; ; ; ; ;12;120,946629608733
3371809;1;3;1; ; ; ; ; ; ; ; ; ; ; ; ;12;120,946629608733
3371810;1;1;2;2;05; ;2; ; ;1;2; ; ;1; ;12;109,535829655897
3371810;1;2;2;2;05; ;2; ; ;1;2; ; ;1; ;12;109,535829655897
3371810;1;3;1; ; ; ; ; ; ; ; ; ; ; ; ;12;109,535829655897
3371810;1;4;1; ; ; ; ; ; ; ; ; ; ; ; ;12;109,535829655897
3371810;1;5;1; ; ; ; ; ; ; ; ; ; ; ; ;12;109,535829655897
3371811;1;1;2;2;13; ;2; ; ;1;2; ; ;1; ;12;58,5157655347285
3371811;1;2;2;2;13; ;2; ; ;1;2; ; ;1; ;12;58,5157655347285
3371811;1;3;1; ; ; ; ; ; ; ; ; ; ; ; ;12;58,5157655347285
3371811;1;4;1; ; ; ; ; ; ; ; ; ; ; ; ;12;58,5157655347285
3371812;1;1;2;2;13; ;2; ; ;1;2; ; ;1; ;12;113,578279703647
3371812;1;2;2;2;13; ;2; ; ;1;2; ; ;1; ;12;113,578279703647
3371812;1;3;1; ; ; ; ; ; ; ; ; ; ; ; ;12;113,578279703647
3371812;1;4;1; ; ; ; ; ; ; ; ; ; ; ; ;12;113,578279703647
3371812;1;5;1; ; ; ; ; ; ; ; ; ; ; ; ;12;113,578279703647
3371812;1;6;1; ; ; ; ; ; ; ; ; ; ; ; ;12;113,578279703647
3371812;1;7;1; ; ; ; ; ; ; ; ; ; ; ; ;12;113,578279703647
3371812;1;8;1; ; ; ; ; ; ; ; ; ; ; ; ;12;113,578279703647
3371813;1;1;1; ; ; ; ; ; ; ; ; ; ; ; ;12;115,592700180783
3371813;1;2;1; ; ; ; ; ; ; ; ; ; ; ; ;12;115,592700180783
3371814;1;1;1; ; ; ; ; ; ; ; ; ; ; ; ;12;100,227802813275
3371814;1;2;1; ; ; ; ; ; ; ; ; ; ; ; ;12;100,227802813275
3371815;1;1;1; ; ; ; ; ; ; ; ; ; ; ; ;12;111,36421907848
3371815;1;2;1; ; ; ; ; ; ; ; ; ; ; ; ;12;111,36421907848
3371815;1;3;1; ; ; ; ; ; ; ; ; ; ; ; ;12;111,36421907848
3371815;1;4;1; ; ; ; ; ; ; ; ; ; ; ; ;12;111,36421907848
3371816;1;1;2;2;70; ;2; ; ;1;2; ; ;1; ;12;95,0720365189533
3371816;1;2;1; ; ; ; ; ; ; ; ; ; ; ; ;12;95,0720365189533
3371816;1;3;1; ; ; ; ; ; ; ; ; ; ; ; ;12;95,0720365189533
3371816;1;4;1; ; ; ; ; ; ; ; ; ; ; ; ;12;95,0720365189533
3371817;1;1;2;2;13; ;2; ; ;1;2; ; ;1; ;12;110,935661669175
3371817;1;2;2;2;13; ;2; ; ;1;2; ; ;1; ;12;110,935661669175
3371817;1;3;2;2;13; ;2; ; ;1;2; ; ;1; ;12;110,935661669175
3371817;1;4;1; ; ; ; ; ; ; ; ; ; ; ; ;12;110,935661669175
3371818;1;1;2;2;70; ;2; ; ;1;2; ; ;1; ;12;78,3585078958956
3371818;1;2;2;2;70; ;2; ; ;1;2; ; ;1; ;12;78,3585078958956
3371819;1;1;2;2;70; ;2; ; ;1;2; ; ;1; ;12;118,305373595472
3371819;1;2;1; ; ; ; ; ; ; ; ; ; ; ; ;12;118,305373595472
3371819;1;3;1; ; ; ; ; ; ; ; ; ; ; ; ;12;118,305373595472
3371819;1;4;1; ; ; ; ; ; ; ; ; ; ; ; ;12;118,305373595472
3371820;1;1;2;2;13; ;2; ; ;1;2; ; ;1; ;12;99,0961893138433
3371820;1;2;2;2;13; ;2; ; ;1;2; ; ;1; ;12;99,0961893138433
3371820;1;3;2;2;13; ;2; ; ;1;2; ; ;1; ;12;99,0961893138433
3371820;1;4;2;2;13; ;2; ; ;1;2; ; ;1; ;12;99,0961893138433
3371821;1;1;1; ; ; ; ; ; ; ; ; ; ; ; ;12;107,366626357875
3371821;1;2;1; ; ; ; ; ; ; ; ; ; ; ; ;12;107,366626357875
3371821;1;3;1; ; ; ; ; ; ; ; ; ; ; ; ;12;107,366626357875
3371821;1;4;1; ; ; ; ; ; ; ; ; ; ; ; ;12;107,366626357875
3371822;1;1;2;2;70; ;2; ; ;1;2; ; ;1; ;12;116,463068703393
3371824;1;1;1; ; ; ; ; ; ; ; ; ; ; ; ;12;116,463068703393
3371825;1;1;2;2;70; ;2; ; ;1;2; ; ;1; ;12;65,6468836275339
3371825;1;2;2;2;70; ;2; ; ;1;2; ; ;1; ;12;65,6468836275339
3371825;1;3;1; ; ; ; ; ; ; ; ; ; ; ; ;12;65,6468836275339
3371825;1;4;1; ; ; ; ; ; ; ; ; ; ; ; ;12;65,6468836275339
3371825;1;5;2;2;70; ;3;70; ;1;2; ; ;1; ;12;65,6468836275339
3371825;1;6;2;2;47; ;2; ; ;1;2; ; ;1; ;12;65,6468836275339
3371825;1;7;1; ; ; ; ; ; ; ; ; ; ; ; ;12;65,6468836275339
3371826;1;1;2;2;70; ;2; ; ;1;2; ; ;1; ;12;110,686297777818
3371826;1;2;2;2;13; ;2; ; ;1;2; ; ;1; ;12;110,686297777818
3371826;1;3;1; ; ; ; ; ; ; ; ; ; ; ; ;12;110,686297777818
3371826;1;4;1; ; ; ; ; ; ; ; ; ; ; ; ;12;110,686297777818
3371827;1;1;2;2;70; ;2; ; ;1;2; ; ;1; ;12;103,138639361593
3371827;1;2;1; ; ; ; ; ; ; ; ; ; ; ; ;12;103,138639361593
3371827;1;3;1; ; ; ; ; ; ; ; ; ; ; ; ;12;103,138639361593
3371827;1;4;1; ; ; ; ; ; ; ; ; ; ; ; ;12;103,138639361593
3371827;2;1;1; ; ; ; ; ; ; ; ; ; ; ; ;12;103,138639361593
3371827;2;2;1; ; ; ; ; ; ; ; ; ; ; ; ;12;103,138639361593
3371827;2;3;1; ; ; ; ; ; ; ; ; ; ; ; ;12;103,138639361593
3371830;1;1;1; ; ; ; ; ; ; ; ; ; ; ; ;12;152,812136476558
3371830;1;2;1; ; ; ; ; ; ; ; ; ; ; ; ;12;152,812136476558
3371830;1;3;1; ; ; ; ; ; ; ; ; ; ; ; ;12;152,812136476558
3371831;1;1;1; ; ; ; ; ; ; ; ; ; ; ; ;12;158,330036800049
3371831;1;2;1; ; ; ; ; ; ; ; ; ; ; ; ;12;158,330036800049
3371831;1;3;1; ; ; ; ; ; ; ; ; ; ; ; ;12;158,330036800049
3371831;1;4;1; ; ; ; ; ; ; ; ; ; ; ; ;12;158,330036800049
3371831;1;5;1; ; ; ; ; ; ; ; ; ; ; ; ;12;158,330036800049
3371831;1;6;1; ; ; ; ; ; ; ; ; ; ; ; ;12;158,330036800049
3371831;1;7;1; ; ; ; ; ; ; ; ; ; ; ; ;12;158,330036800049
3371832;1;1;1; ; ; ; ; ; ; ; ; ; ; ; ;12;240,520687544395
3371832;1;2;1; ; ; ; ; ; ; ; ; ; ; ; ;12;240,520687544395
3371832;1;3;1; ; ; ; ; ; ; ; ; ; ; ; ;12;240,520687544395
3371833;1;1;2;1; ; ;2; ; ;1;2; ; ;1; ;12;118,305373595472
3371833;1;2;2;2;13; ;2; ; ;1;2; ; ;1; ;12;118,305373595472
3371833;1;3;2;2;70; ;2; ; ;1;2; ; ;1; ;12;118,305373595472
3371833;1;4;1; ; ; ; ; ; ; ; ; ; ; ; ;12;118,305373595472
3371834;1;1;1; ; ; ; ; ; ; ; ; ; ; ; ;12;93,9916237772499
3371834;1;2;1; ; ; ; ; ; ; ; ; ; ; ; ;12;93,9916237772499
3371834;1;3;1; ; ; ; ; ; ; ; ; ; ; ; ;12;93,9916237772499
3371835;1;1;1; ; ; ; ; ; ; ; ; ; ; ; ;12;85,1260698134294
3371835;1;2;1; ; ; ; ; ; ; ; ; ; ; ; ;12;85,1260698134294
3371835;1;3;1; ; ; ; ; ; ; ; ; ; ; ; ;12;85,1260698134294
3371835;1;4;1; ; ; ; ; ; ; ; ; ; ; ; ;12;85,1260698134294
3371836;1;1;1; ; ; ; ; ; ; ; ; ; ; ; ;12;132,262354385078
3371836;1;2;1; ; ; ; ; ; ; ; ; ; ; ; ;12;132,262354385078
3371836;1;3;1; ; ; ; ; ; ; ; ; ; ; ; ;12;132,262354385078
3371836;1;4;2;1; ; ;2; ; ;1;2; ; ;1; ;12;132,262354385078
3371836;1;5;1; ; ; ; ; ; ; ; ; ; ; ; ;12;132,262354385078
3371836;1;6;1; ; ; ; ; ; ; ; ; ; ; ; ;12;132,262354385078
3371836;1;7;1; ; ; ; ; ; ; ; ; ; ; ; ;12;132,262354385078
3371838;1;1;2;2;08; ;2; ; ;1;2; ; ;1; ;12;60,991628506346
3371838;1;2;2;2;08; ;2; ; ;1;2; ; ;1; ;12;60,991628506346
3371838;1;3;1; ; ; ; ; ; ; ; ; ; ; ; ;12;60,991628506346
3371838;1;4;1; ; ; ; ; ; ; ; ; ; ; ; ;12;60,991628506346
3371838;1;5;2;2;08; ;2; ; ;1;2; ; ;1; ;12;60,991628506346
3371839;1;1;2;2;15; ;2; ; ;1;2; ; ;1; ;12;219,002771636739
3371839;1;2;2;2;15; ;2; ; ;1;2; ; ;1; ;12;219,002771636739
3371839;1;3;2;2;11; ;2; ; ;1;2; ; ;1; ;12;219,002771636739
3371839;1;4;2;2;95; ;2; ; ;1;2; ; ;1; ;12;219,002771636739
3371839;1;5;2;2;11; ;2; ; ;1;2; ; ;1; ;12;219,002771636739
3371839;1;6;1; ; ; ; ; ; ; ; ; ; ; ; ;12;219,002771636739
3371839;1;7;1; ; ; ; ; ; ; ; ; ; ; ; ;12;219,002771636739
3371839;1;8;1; ; ; ; ; ; ; ; ; ; ; ; ;12;219,002771636739
3371839;1;9;1; ; ; ; ; ; ; ; ; ; ; ; ;12;219,002771636739
3371840;1;1;1; ; ; ; ; ; ; ; ; ; ; ; ;12;231,381952203648
3371840;1;2;1; ; ; ; ; ; ; ; ; ; ; ; ;12;231,381952203648
3371840;1;3;1; ; ; ; ; ; ; ; ; ; ; ; ;12;231,381952203648
3371840;1;4;1; ; ; ; ; ; ; ; ; ; ; ; ;12;231,381952203648
3371840;1;5;1; ; ; ; ; ; ; ; ; ; ; ; ;12;231,381952203648
3371841;1;1;2;2;11; ;2; ; ;1;2; ; ;1; ;12;189,976106748461
3371841;1;2;2;2;11; ;2; ; ;1;2; ; ;1; ;12;189,976106748461
3371842;1;1;2;2;11; ;2; ; ;1;2; ; ;1; ;12;444,286053075406
3371842;1;2;2;2;50; ;2; ; ;1;2; ; ;1; ;12;444,286053075406
3371842;1;3;1; ; ; ; ; ; ; ; ; ; ; ; ;12;444,286053075406
3371842;1;4;1; ; ; ; ; ; ; ; ; ; ; ; ;12;444,286053075406
3371842;1;5;1; ; ; ; ; ; ; ; ; ; ; ; ;12;444,286053075406
3371843;1;1;2;3; ;3;2; ; ;1;2; ; ;1; ;12;362,352318611443
3371843;1;2;2;2;76; ;3;76; ;1;2; ; ;1; ;12;362,352318611443
3371843;1;3;1; ; ; ; ; ; ; ; ; ; ; ; ;12;362,352318611443
3371843;1;4;2;2;76; ;3;76; ;1;3;76; ;1; ;12;362,352318611443
3371844;1;1;2;2;25; ;2; ; ;1;2; ; ;1; ;12;365,228905346857
3371845;1;1;2;2;68; ;2; ; ;1;2; ; ;1; ;12;321,332033346827
3371845;1;2;2;2;73; ;2; ; ;1;2; ; ;1; ;12;321,332033346827
3371845;1;3;2;2;68; ;2; ; ;1;2; ; ;1; ;12;321,332033346827
3371846;1;1;1; ; ; ; ; ; ; ; ; ; ; ; ;12;344,727544687995
3371846;1;2;2;2;25; ;2; ; ;1;2; ; ;1; ;12;344,727544687995
3371846;1;3;1; ; ; ; ; ; ; ; ; ; ; ; ;12;344,727544687995
3371846;1;4;1; ; ; ; ; ; ; ; ; ; ; ; ;12;344,727544687995
3371847;1;1;2;2;50; ;2; ; ;1;2; ; ;1; ;12;179,379625071832
3371847;1;2;2;2;95; ;2; ; ;1;2; ; ;1; ;12;179,379625071832
3371847;1;3;2;2;11; ;2; ; ;1;2; ; ;1; ;12;179,379625071832
3371848;1;1;2;2;97; ;2; ; ;1;2; ; ;1; ;12;224,291603122793
3371848;1;2;1; ; ; ; ; ; ; ; ; ; ; ; ;12;224,291603122793
3371848;1;3;1; ; ; ; ; ; ; ; ; ; ; ; ;12;224,291603122793
3371848;1;4;2;2;97; ;2; ; ;1;2; ; ;1; ;12;224,291603122793
3371848;1;5;2;2;97; ;2; ; ;1;2; ; ;1; ;12;224,291603122793
3371849;1;1;2;2;95; ;2; ; ;1;2; ; ;1; ;12;507,593840706614
3371850;1;1;2;2;68; ;2; ; ;1;2; ; ;1; ;12;422,215133275738
3371850;1;2;2;2;15; ;2; ; ;1;2; ; ;1; ;12;422,215133275738
3371850;1;3;1; ; ; ; ; ; ; ; ; ; ; ; ;12;422,215133275738
3371850;1;4;1; ; ; ; ; ; ; ; ; ; ; ; ;12;422,215133275738
3371851;1;1;2;2;50; ;2; ; ;1;2; ; ;1; ;12;298,770140304095
3371851;1;2;2;2;50; ;2; ; ;1;2; ; ;1; ;12;298,770140304095
3371851;1;3;2;2;11; ;2; ; ;1;2; ; ;1; ;12;298,770140304095
3371851;1;4;2;2;11; ;2; ; ;1;2; ; ;1; ;12;298,770140304095
3371851;1;5;2;2;85; ;3;50; ;1;2; ; ;1; ;12;298,770140304095
3371852;1;1;2;2;11; ;2; ; ;1;2; ; ;1; ;12;229,585417969758
3371852;1;2;1; ; ; ; ; ; ; ; ; ; ; ; ;12;229,585417969758
3371852;1;3;1; ; ; ; ; ; ; ; ; ; ; ; ;12;229,585417969758
3371852;1;4;1; ; ; ; ; ; ; ; ; ; ; ; ;12;229,585417969758
3371853;1;1;2;2;11; ;2; ; ;1;2; ; ;1; ;12;497,91067636548
3371853;1;2;2;2;50; ;2; ; ;1;2; ; ;1; ;12;497,91067636548
3371853;1;3;1; ; ; ; ; ; ; ; ; ; ; ; ;12;497,91067636548
3371854;1;1;2;2;95; ;2; ; ;1;2; ; ;1; ;12;247,158803948851
3371854;1;2;1; ; ; ; ; ; ; ; ; ; ; ; ;12;247,158803948851
3371855;1;1;2;2;50; ;3;50; ;2;2; ; ;1; ;12;360,664888405767
3371855;1;2;2;2;50; ;3;50; ;2;2; ; ;1; ;12;360,664888405767
3371855;2;1;2;2;50; ;3;50; ;1;2; ; ;1; ;12;360,664888405767
3371855;2;2;2;1; ; ;3;50; ;1;2; ; ;1; ;12;360,664888405767
3371855;2;3;1; ; ; ; ; ; ; ; ; ; ; ; ;12;360,664888405767
3371855;2;4;1; ; ; ; ; ; ; ; ; ; ; ; ;12;360,664888405767
3371855;2;5;1; ; ; ; ; ; ; ; ; ; ; ; ;12;360,664888405767
3371855;3;1;1; ; ; ; ; ; ; ; ; ; ; ; ;12;360,664888405767
3371855;3;2;1; ; ; ; ; ; ; ; ; ; ; ; ;12;360,664888405767
3371856;1;1;1; ; ; ; ; ; ; ; ; ; ; ; ;12;296,973606070205
3371856;1;2;1; ; ; ; ; ; ; ; ; ; ; ; ;12;296,973606070205
3371856;1;3;1; ; ; ; ; ; ; ; ; ; ; ; ;12;296,973606070205
3371856;1;4;1; ; ; ; ; ; ; ; ; ; ; ; ;12;296,973606070205
3371857;1;1;1; ; ; ; ; ; ; ; ; ; ; ; ;12;208,192058439056
3371857;1;2;1; ; ; ; ; ; ; ; ; ; ; ; ;12;208,192058439056
3371857;1;3;1; ; ; ; ; ; ; ; ; ; ; ; ;12;208,192058439056
3371857;1;4;1; ; ; ; ; ; ; ; ; ; ; ; ;12;208,192058439056
3371857;1;5;1; ; ; ; ; ; ; ; ; ; ; ; ;12;208,192058439056
3371858;1;1;2;2;73; ;2; ; ;1;2; ; ;1; ;12;164,663330370957
3371858;1;2;2;2;25; ;2; ; ;1;2; ; ;1; ;12;164,663330370957
3371858;1;3;1; ; ; ; ; ; ; ; ; ; ; ; ;12;164,663330370957
3371859;1;1;2;1; ; ;2; ; ;1;2; ; ;1; ;12;96,6203263422258
3371859;1;2;2;2;70; ;2; ; ;1;2; ; ;1; ;12;96,6203263422258
3371859;1;3;1; ; ; ; ; ; ; ; ; ; ; ; ;12;96,6203263422258
3371860;1;1;1; ; ; ; ; ; ; ; ; ; ; ; ;12;85,489625988701
3371860;1;2;2;2;70; ;2; ; ;1;2; ; ;1; ;12;85,489625988701
3371860;1;3;1; ; ; ; ; ; ; ; ; ; ; ; ;12;85,489625988701
3371860;1;4;1; ; ; ; ; ; ; ; ; ; ; ; ;12;85,489625988701
3371860;1;5;1; ; ; ; ; ; ; ; ; ; ; ; ;12;85,489625988701
3371861;1;1;1; ; ; ; ; ; ; ; ; ; ; ; ;12;65,5193464831165
3371861;1;2;2;1; ; ;3;13; ;1;2; ; ;1; ;12;65,5193464831165
3371861;2;1;1; ; ; ; ; ; ; ; ; ; ; ; ;12;65,5193464831165
3371861;2;2;2;1; ; ;2; ; ;1;2; ; ;1; ;12;65,5193464831165
3371861;2;3;1; ; ; ; ; ; ; ; ; ; ; ; ;12;65,5193464831165
3371861;2;4;1; ; ; ; ; ; ; ; ; ; ; ; ;12;65,5193464831165
3371861;3;1;1; ; ; ; ; ; ; ; ; ; ; ; ;12;65,5193464831165
3371861;3;2;2;1; ; ;3;44; ;1;2; ; ;1; ;12;65,5193464831165
3371861;3;3;2;2;44; ;1; ; ; ;2; ; ;1; ;12;65,5193464831165
3371861;3;4;1; ; ; ; ; ; ; ; ; ; ; ; ;12;65,5193464831165
3371862;1;1;1; ; ; ; ; ; ; ; ; ; ; ; ;12;116,463068703393
3371863;1;1;2;2;68; ;2; ; ;1;2; ; ;1; ;12;96,4278791202782
3371863;1;2;2;2;68; ;2; ; ;1;2; ; ;1; ;12;96,4278791202782
3371863;1;3;2;2;68; ;2; ; ;1;2; ; ;1; ;12;96,4278791202782
3371863;1;4;1; ; ; ; ; ; ; ; ; ; ; ; ;12;96,4278791202782
3371864;1;1;1; ; ; ; ; ; ; ; ; ; ; ; ;12;196,095488124709
3371864;1;2;1; ; ; ; ; ; ; ; ; ; ; ; ;12;196,095488124709
3371864;1;3;2;2;11; ;2; ; ;1;2; ; ;1; ;12;196,095488124709
3371864;1;4;1; ; ; ; ; ; ; ; ; ; ; ; ;12;196,095488124709
3371866;1;1;2;2;15; ;2; ; ;1;2; ; ;1; ;12;196,210531293337
3371866;1;2;2;2;15; ;2; ; ;1;2; ; ;1; ;12;196,210531293337
3371866;1;3;2;2;85; ;2; ; ;1;2; ; ;1; ;12;196,210531293337
3371866;1;4;2;2;15; ;2; ; ;1;2; ; ;1; ;12;196,210531293337
3371866;1;5;2;2;81; ;3;50; ;1;2; ; ;1; ;12;196,210531293337
3371866;1;6;1; ; ; ; ; ; ; ; ; ; ; ; ;12;196,210531293337
3371867;1;1;2;2;11; ;2; ; ;1;2; ; ;1; ;12;171,95048809297
3371867;1;2;2;2;50; ;2; ; ;1;2; ; ;1; ;12;171,95048809297
3371867;1;3;1; ; ; ; ; ; ; ; ; ; ; ; ;12;171,95048809297
3371869;1;1;2;2;54; ;2; ; ;1;2; ; ;1; ;12;207,575186699732
3371870;1;1;1; ; ; ; ; ; ; ; ; ; ; ; ;12;183,715726667383
3371870;2;1;1; ; ; ; ; ; ; ; ; ; ; ; ;12;183,715726667383
3371870;2;2;1; ; ; ; ; ; ; ; ; ; ; ; ;12;183,715726667383
3371871;1;1;1; ; ; ; ; ; ; ; ; ; ; ; ;12;253,796920353307
3371872;1;1;1; ; ; ; ; ; ; ; ; ; ; ; ;12;237,981120182733
3371872;1;2;1; ; ; ; ; ; ; ; ; ; ; ; ;12;237,981120182733
3371872;1;3;1; ; ; ; ; ; ; ; ; ; ; ; ;12;237,981120182733
3371872;1;4;1; ; ; ; ; ; ; ; ; ; ; ; ;12;237,981120182733
3371873;1;1;2;2;50; ;2; ; ;1;2; ; ;1; ;12;214,236149948828
3371873;1;2;2;2;76; ;2; ; ;1;2; ; ;1; ;12;214,236149948828
3371873;1;3;2;2;50; ;2; ; ;1;2; ; ;1; ;12;214,236149948828
3371873;1;4;1; ; ; ; ; ; ; ; ; ; ; ; ;12;214,236149948828
3371873;1;5;1; ; ; ; ; ; ; ; ; ; ; ; ;12;214,236149948828
3371874;1;1;2;2;11; ;2; ; ;1;2; ; ;1; ;12;188,166318061378
3371874;1;2;2;2;25; ;2; ; ;1;2; ; ;1; ;12;188,166318061378
3371875;1;1;2;2;05; ;2; ; ;1;2; ; ;1; ;12;230,929719527249
3371875;1;2;2;2;17; ;2; ; ;1;2; ; ;1; ;12;230,929719527249
3371875;1;3;1; ; ; ; ; ; ; ; ; ; ; ; ;12;230,929719527249
3371875;1;4;1; ; ; ; ; ; ; ; ; ; ; ; ;12;230,929719527249
3371876;1;1;1; ; ; ; ; ; ; ; ; ; ; ; ;12;189,962852295268
3371876;1;2;1; ; ; ; ; ; ; ; ; ; ; ; ;12;189,962852295268
3371876;1;3;1; ; ; ; ; ; ; ; ; ; ; ; ;12;189,962852295268
3371877;1;1;2;2;63; ;2; ; ;1;2; ; ;1; ;12;286,390378846769
3371877;1;2;1; ; ; ; ; ; ; ; ; ; ; ; ;12;286,390378846769
3371877;1;3;1; ; ; ; ; ; ; ; ; ; ; ; ;12;286,390378846769
3371877;1;4;1; ; ; ; ; ; ; ; ; ; ; ; ;12;286,390378846769
3371878;1;1;2;2;11; ;2; ; ;1;2; ; ;1; ;12;191,346655648315
3371878;1;2;2;2;15; ;2; ; ;1;2; ; ;1; ;12;191,346655648315
3371878;1;3;2;2;11; ;2; ; ;1;2; ; ;1; ;12;191,346655648315
3371878;1;4;1; ; ; ; ; ; ; ; ; ; ; ; ;12;191,346655648315
3371878;1;5;1; ; ; ; ; ; ; ; ; ; ; ; ;12;191,346655648315
3371878;1;6;1; ; ; ; ; ; ; ; ; ; ; ; ;12;191,346655648315
3371880;1;1;2;2;70; ;2; ; ;1;2; ; ;1; ;12;49,4193231892109
3371880;1;2;2;2;70; ;2; ; ;1;2; ; ;1; ;12;49,4193231892109
3371880;1;3;2;2;70; ;2; ; ;1;2; ; ;1; ;12;49,4193231892109
3371880;1;4;1; ; ; ; ; ; ; ; ; ; ; ; ;12;49,4193231892109
3371880;1;5;1; ; ; ; ; ; ; ; ; ; ; ; ;12;49,4193231892109
3371880;1;6;1; ; ; ; ; ; ; ; ; ; ; ; ;12;49,4193231892109
3371880;1;7;1; ; ; ; ; ; ; ; ; ; ; ; ;12;49,4193231892109
3371881;1;1;1; ; ; ; ; ; ; ; ; ; ; ; ;12;116,71814850643
3371881;1;2;1; ; ; ; ; ; ; ; ; ; ; ; ;12;116,71814850643
3371881;1;3;1; ; ; ; ; ; ; ; ; ; ; ; ;12;116,71814850643
3371881;1;4;1; ; ; ; ; ; ; ; ; ; ; ; ;12;116,71814850643
3371881;1;5;1; ; ; ; ; ; ; ; ; ; ; ; ;12;116,71814850643
3371882;1;1;2;2;70; ;2; ; ;1;2; ; ;1; ;12;82,4133963987399
3371882;1;2;1; ; ; ; ; ; ; ; ; ; ; ; ;12;82,4133963987399
3371883;1;1;1; ; ; ; ; ; ; ; ; ; ; ; ;12;95,0720365189533
3371883;1;2;1; ; ; ; ; ; ; ; ; ; ; ; ;12;95,0720365189533
3371883;1;3;1; ; ; ; ; ; ; ; ; ; ; ; ;12;95,0720365189533
3371883;1;4;1; ; ; ; ; ; ; ; ; ; ; ; ;12;95,0720365189533
3371884;1;1;2;1; ; ;3;13; ;1;3;13; ;1; ;12;96,6203263422258
3371884;1;2;2;1; ; ;3;13; ;1;3;13; ;1; ;12;96,6203263422258
3371884;1;3;2;1; ; ;1; ; ; ;3;13; ;1; ;12;96,6203263422258
3371885;1;1;2;2;70; ;2; ; ;1;2; ; ;1; ;12;86,616857704769
3371885;1;2;1; ; ; ; ; ; ; ; ; ; ; ; ;12;86,616857704769
3371885;1;3;1; ; ; ; ; ; ; ; ; ; ; ; ;12;86,616857704769
3371885;1;4;1; ; ; ; ; ; ; ; ; ; ; ; ;12;86,616857704769
3371886;1;1;2;2;08; ;2; ; ;1;2; ; ;1; ;12;66,3574390197606
3371886;1;2;2;2;70; ;3;23; ;1;2; ; ;1; ;12;66,3574390197606
3371886;1;3;2;2;70; ;3;23; ;1;2; ; ;1; ;12;66,3574390197606
3371886;1;4;2;2;70; ;3;23; ;1;2; ; ;1; ;12;66,3574390197606
3371886;1;5;2;2;23; ;3;23; ;1;2; ; ;1; ;12;66,3574390197606
3371887;1;1;1; ; ; ; ; ; ; ; ; ; ; ; ;12;106,010289650531
3371887;1;2;1; ; ; ; ; ; ; ; ; ; ; ; ;12;106,010289650531
3371887;1;3;1; ; ; ; ; ; ; ; ; ; ; ; ;12;106,010289650531
3371888;1;1;1; ; ; ; ; ; ; ; ; ; ; ; ;12;107,366626357875
3371888;1;2;2;2;13; ;3;13; ;1;2; ; ;1; ;12;107,366626357875
3371888;1;3;1; ; ; ; ; ; ; ; ; ; ; ; ;12;107,366626357875
3371888;1;4;1; ; ; ; ; ; ; ; ; ; ; ; ;12;107,366626357875
3371889;1;1;1; ; ; ; ; ; ; ; ; ; ; ; ;12;87,9466343378289
3371889;1;2;1; ; ; ; ; ; ; ; ; ; ; ; ;12;87,9466343378289
3371889;1;3;1; ; ; ; ; ; ; ; ; ; ; ; ;12;87,9466343378289
3371889;1;4;1; ; ; ; ; ; ; ; ; ; ; ; ;12;87,9466343378289
3371889;1;5;2;2;70; ;2; ; ;1;2; ; ;1; ;12;87,9466343378289
3371890;1;1;1; ; ; ; ; ; ; ; ; ; ; ; ;12;110,686297777818
3371890;1;2;2;2;13; ;2; ; ;1;2; ; ;1; ;12;110,686297777818
3371890;1;3;1; ; ; ; ; ; ; ; ; ; ; ; ;12;110,686297777818
3371890;1;4;1; ; ; ; ; ; ; ; ; ; ; ; ;12;110,686297777818
3371891;1;1;2;2;15; ;3;18; ;2;3;95; ;2;1;12;4610,28345762768
3371892;1;1;2;1; ; ;2; ; ;1;3;25; ;1; ;12;4914,00001356867
3371892;1;2;2;2;11; ;3;11; ;1;3;25; ;1; ;12;4914,00001356867
3371892;1;3;2;2;08; ;3;11; ;1;3;25; ;1; ;12;4914,00001356867
3371892;1;4;2;2;11; ;3;11; ;1;3;25; ;1; ;12;4914,00001356867
3371893;1;1;1; ; ; ; ; ; ; ; ; ; ; ; ;12;3545,20669765515
3371893;1;2;1; ; ; ; ; ; ; ; ; ; ; ; ;12;3545,20669765515
3371893;1;3;1; ; ; ; ; ; ; ; ; ; ; ; ;12;3545,20669765515
3371894;1;1;1; ; ; ; ; ; ; ; ; ; ; ; ;12;2117,54131131168
3371895;1;1;1; ; ; ; ; ; ; ; ; ; ; ; ;12;1711,55540227262
3371896;1;1;1; ; ; ; ; ; ; ; ; ; ; ; ;12;3341,67812671994
3371896;1;2;1; ; ; ; ; ; ; ; ; ; ; ; ;12;3341,67812671994
3371896;1;3;1; ; ; ; ; ; ; ; ; ; ; ; ;12;3341,67812671994
3371896;1;4;1; ; ; ; ; ; ; ; ; ; ; ; ;12;3341,67812671994
3371896;1;5;1; ; ; ; ; ; ; ; ; ; ; ; ;12;3341,67812671994
3371896;1;6;1; ; ; ; ; ; ; ; ; ; ; ; ;12;3341,67812671994
3371897;1;1;1; ; ; ; ; ; ; ; ; ; ; ; ;12;1204,00682377601
3371897;1;2;1; ; ; ; ; ; ; ; ; ; ; ; ;12;1204,00682377601
3371897;1;3;1; ; ; ; ; ; ; ; ; ; ; ; ;12;1204,00682377601
3371897;1;4;1; ; ; ; ; ; ; ; ; ; ; ; ;12;1204,00682377601
3371897;1;5;1; ; ; ; ; ; ; ; ; ; ; ; ;12;1204,00682377601
3371897;1;6;1; ; ; ; ; ; ; ; ; ; ; ; ;12;1204,00682377601
3371898;1;1;1; ; ; ; ; ; ; ; ; ; ; ; ;12;4130,21074142537
3371898;1;2;1; ; ; ; ; ; ; ; ; ; ; ; ;12;4130,21074142537
3371898;1;3;1; ; ; ; ; ; ; ; ; ; ; ; ;12;4130,21074142537
3371898;1;4;1; ; ; ; ; ; ; ; ; ; ; ; ;12;4130,21074142537
3371898;1;5;1; ; ; ; ; ; ; ; ; ; ; ; ;12;4130,21074142537
3371898;1;6;1; ; ; ; ; ; ; ; ; ; ; ; ;12;4130,21074142537
3371899;1;1;1; ; ; ; ; ; ; ; ; ; ; ; ;12;1472,35725297779
3371899;1;2;1; ; ; ; ; ; ; ; ; ; ; ; ;12;1472,35725297779
3371900;1;1;2;2;25; ;2; ; ;2;2; ; ;2; ;12;2994,15001369102
3371900;1;2;2;1; ; ;2; ; ;2;2; ; ;2; ;12;2994,15001369102
3371900;1;3;2;1; ; ;2; ; ;2;2; ; ;2; ;12;2994,15001369102
3371900;1;4;2;1; ; ;2; ; ;2;2; ; ;2; ;12;2994,15001369102
3371900;1;5;2;2;11; ;2; ; ;2;2; ; ;2; ;12;2994,15001369102
3371901;1;1;2;2;11; ;4; ;3; ;2; ; ;1; ;12;4468,78224092656
3371901;1;2;2;2;11; ;3;15; ;2;2; ; ;1; ;12;4468,78224092656
3371902;1;1;1; ; ; ; ; ; ; ; ; ; ; ; ;12;3452,52785236077
3371903;1;1;1; ; ; ; ; ; ; ; ; ; ; ; ;12;2111,49002461583
3371903;1;2;2;2;11; ;2; ; ;2;2; ; ;2; ;12;2111,49002461583
3371903;1;3;1; ; ; ; ; ; ; ; ; ; ; ; ;12;2111,49002461583
3371903;1;4;1; ; ; ; ; ; ; ; ; ; ; ; ;12;2111,49002461583
3371904;1;1;2;2;15; ;2; ; ;2;2; ; ;2; ;12;2938,49234369255
3371904;1;2;2;2;15; ;2; ; ;2;2; ; ;2; ;12;2938,49234369255
3371904;1;3;1; ; ; ; ; ; ; ; ; ; ; ; ;12;2938,49234369255
3371904;1;4;1; ; ; ; ; ; ; ; ; ; ; ; ;12;2938,49234369255
3371904;1;5;1; ; ; ; ; ; ; ; ; ; ; ; ;12;2938,49234369255
3371905;1;1;2;2;25; ;3;25; ;2;2; ; ;2; ;12;2592,34531900147
3371905;1;2;2;2;25; ;3;25; ;2;2; ; ;2; ;12;2592,34531900147
3371905;1;3;2;2;25; ;3;25; ;2;2; ; ;2; ;12;2592,34531900147
3371905;1;4;2;2;25; ;3;25; ;2;2; ; ;2; ;12;2592,34531900147
3371905;1;5;2;2;25; ;3;25; ;2;2; ; ;2; ;12;2592,34531900147
3371906;1;1;2;2;25; ;3;11; ;1;2; ; ;2; ;12;1711,55540227262
3371907;1;1;2;2;15; ;2; ; ;1;2; ; ;1; ;12;4271,44727950176
3371907;1;2;2;2;25; ;2; ; ;1;2; ; ;1; ;12;4271,44727950176
3371907;1;3;2;2;11; ;2; ; ;1;2; ; ;1; ;12;4271,44727950176
3371908;1;1;2;2;25; ;2; ; ;2;2; ; ;2; ;12;2938,49234369255
3371908;1;2;2;2;05; ;2; ; ;2;2; ; ;2; ;12;2938,49234369255
3371908;1;3;2;2;25; ;2; ; ;2;2; ; ;2; ;12;2938,49234369255
3371908;1;4;2;2;25; ;2; ; ;2;2; ; ;2; ;12;2938,49234369255
3371908;1;5;2;2;25; ;2; ; ;2;2; ; ;2; ;12;2938,49234369255
3371909;1;1;1; ; ; ; ; ; ; ; ; ; ; ; ;12;1472,35725297779
3371909;1;2;1; ; ; ; ; ; ; ; ; ; ; ; ;12;1472,35725297779
3371910;1;1;2;2;25; ;2; ; ;2;2; ; ;2; ;12;2551,76442367668
3371910;1;2;2;2;25; ;2; ; ;2;2; ; ;2; ;12;2551,76442367668
3371910;1;3;2;2;25; ;2; ; ;2;2; ; ;2; ;12;2551,76442367668
3371910;1;4;2;2;25; ;2; ; ;2;2; ; ;2; ;12;2551,76442367668
3371910;1;5;2;2;25; ;2; ; ;2;2; ; ;2; ;12;2551,76442367668
3371911;1;1;2;2;68; ;3;68; ;2;2; ; ;1;1;12;2783,3277680124
3371911;1;2;2;2;68; ;2; ; ;2;2; ; ;2; ;12;2783,3277680124
3371911;1;3;2;2;68; ;3;68; ;2;2; ; ;2; ;12;2783,3277680124
3371911;1;4;2;2;25; ;1; ; ; ;2; ; ;2; ;12;2783,3277680124
3371911;1;5;1; ; ; ; ; ; ; ; ; ; ; ; ;12;2783,3277680124
3371911;1;6;1; ; ; ; ; ; ; ; ; ; ; ; ;12;2783,3277680124
3371912;1;1;2;1; ; ;2; ; ;1;2; ; ;1; ;12;4057,5516006255
3371912;1;2;2;1; ; ;3;15; ;1;3;15; ;1; ;12;4057,5516006255
3371912;1;3;1; ; ; ; ; ; ; ; ; ; ; ; ;12;4057,5516006255
3371912;2;1;1; ; ; ; ; ; ; ; ; ; ; ; ;12;4057,5516006255
3371912;2;2;2;1; ; ;2; ; ;1;2; ; ;1; ;12;4057,5516006255
3371912;2;3;1; ; ; ; ; ; ; ; ; ; ; ; ;12;4057,5516006255
3371912;3;1;1; ; ; ; ; ; ; ; ; ; ; ; ;12;4057,5516006255
3371912;3;2;2;2;11; ;2; ; ;1;2; ; ;1; ;12;4057,5516006255
3371912;3;3;1; ; ; ; ; ; ; ; ; ; ; ; ;12;4057,5516006255
3371912;3;4;1; ; ; ; ; ; ; ; ; ; ; ; ;12;4057,5516006255
3371913;1;1;1; ; ; ; ; ; ; ; ; ; ; ; ;12;3793,62579507431
3371913;1;2;1; ; ; ; ; ; ; ; ; ; ; ; ;12;3793,62579507431
3371913;1;3;2;2;11; ;2; ; ;1;2; ; ;1; ;12;3793,62579507431
3371914;1;1;2;1; ; ;2; ; ;1;2; ; ;1; ;12;4330,30895328574
3371914;1;2;1; ; ; ; ; ; ; ; ; ; ; ; ;12;4330,30895328574
3371914;1;3;1; ; ; ; ; ; ; ; ; ; ; ; ;12;4330,30895328574
3371915;1;1;2;2;15; ;3;15; ;2;3;25; ;1; ;12;4584,9620485599
3371915;1;2;2;2;15; ;3;15; ;2;3;25; ;1; ;12;4584,9620485599
3371915;1;3;2;2;15; ;1; ; ; ;3;25; ;1; ;12;4584,9620485599
3371915;1;4;2;2;11; ;1; ; ; ;3;25; ;1; ;12;4584,9620485599
3371918;1;1;1; ; ; ; ; ; ; ; ; ; ; ; ;12;4526,10037477592
3371918;1;2;2;2;15; ;2; ; ;1;2; ; ;1; ;12;4526,10037477592
3371918;1;3;2;2;11; ;2; ; ;1;2; ; ;1; ;12;4526,10037477592
3371918;1;4;2;2;11; ;2; ; ;1;2; ; ;1; ;12;4526,10037477592
3371919;1;1;2;2;25; ;3;25; ;1;2; ; ;1; ;12;3701,41901750718
3371919;1;2;2;2;25; ;3;25; ;1;2; ; ;1; ;12;3701,41901750718
3371919;1;3;2;2;25; ;3;25; ;1;2; ; ;1; ;12;3701,41901750718
3371919;1;4;2;2;25; ;1; ; ; ;2; ; ;1; ;12;3701,41901750718
3371920;1;1;1; ; ; ; ; ; ; ; ; ; ; ; ;12;4030,45698251595
3371920;1;2;1; ; ; ; ; ; ; ; ; ; ; ; ;12;4030,45698251595
3371920;1;3;1; ; ; ; ; ; ; ; ; ; ; ; ;12;4030,45698251595
3371920;1;4;1; ; ; ; ; ; ; ; ; ; ; ; ;12;4030,45698251595
3371921;1;1;2;2;15; ;2; ; ;2;2; ; ;2; ;12;2095,03216160431
3371921;1;2;2;2;25; ;2; ; ;2;2; ; ;2; ;12;2095,03216160431
3371921;1;3;1; ; ; ; ; ; ; ; ; ; ; ; ;12;2095,03216160431
3371922;1;1;1; ; ; ; ; ; ; ; ; ; ; ; ;12;2450,87642965716
3371922;1;2;1; ; ; ; ; ; ; ; ; ; ; ; ;12;2450,87642965716
3371922;1;3;1; ; ; ; ; ; ; ; ; ; ; ; ;12;2450,87642965716
3371922;1;4;1; ; ; ; ; ; ; ; ; ; ; ; ;12;2450,87642965716
3371922;1;5;1; ; ; ; ; ; ; ; ; ; ; ; ;12;2450,87642965716
3371923;1;1;1; ; ; ; ; ; ; ; ; ; ; ; ;12;4527,98634914916
3371923;1;2;2;1; ; ;2; ; ;2;2; ; ;2; ;12;4527,98634914916
3371923;1;3;2;1; ; ;2; ; ;2;2; ; ;2; ;12;4527,98634914916
3371923;1;4;2;1; ; ;2; ; ;2;2; ; ;2; ;12;4527,98634914916
3371923;1;5;2;1; ; ;2; ; ;2;2; ; ;2; ;12;4527,98634914916
3371923;1;6;1; ; ; ; ; ; ; ; ; ; ; ; ;12;4527,98634914916
3371923;1;7;1; ; ; ; ; ; ; ; ; ; ; ; ;12;4527,98634914916
3371923;1;8;1; ; ; ; ; ; ; ; ; ; ; ; ;12;4527,98634914916
3371924;1;1;2;1; ; ;3;15; ;1;2; ; ;1;1;12;2129,81795997369
3371924;1;2;2;1; ; ;3;15; ;1;2; ; ;2; ;12;2129,81795997369
3371925;1;1;1; ; ; ; ; ; ; ; ; ; ; ; ;12;1155,86646928648
3371925;1;2;1; ; ; ; ; ; ; ; ; ; ; ; ;12;1155,86646928648
3371925;1;3;1; ; ; ; ; ; ; ; ; ; ; ; ;12;1155,86646928648
3371925;1;4;1; ; ; ; ; ; ; ; ; ; ; ; ;12;1155,86646928648
3371926;1;1;1; ; ; ; ; ; ; ; ; ; ; ; ;12;1830,86294675204
3371926;1;2;1; ; ; ; ; ; ; ; ; ; ; ; ;12;1830,86294675204
3371926;1;3;1; ; ; ; ; ; ; ; ; ; ; ; ;12;1830,86294675204
3371926;1;4;1; ; ; ; ; ; ; ; ; ; ; ; ;12;1830,86294675204
3371926;1;5;1; ; ; ; ; ; ; ; ; ; ; ; ;12;1830,86294675204
3371926;1;6;1; ; ; ; ; ; ; ; ; ; ; ; ;12;1830,86294675204
3371926;1;7;1; ; ; ; ; ; ; ; ; ; ; ; ;12;1830,86294675204
3371927;1;1;1; ; ; ; ; ; ; ; ; ; ; ; ;12;1131,99658728729
3371927;1;2;1; ; ; ; ; ; ; ; ; ; ; ; ;12;1131,99658728729
3371927;1;3;1; ; ; ; ; ; ; ; ; ; ; ; ;12;1131,99658728729
3371927;1;4;1; ; ; ; ; ; ; ; ; ; ; ; ;12;1131,99658728729
3371927;1;5;1; ; ; ; ; ; ; ; ; ; ; ; ;12;1131,99658728729
3371927;1;6;1; ; ; ; ; ; ; ; ; ; ; ; ;12;1131,99658728729
3371927;1;7;1; ; ; ; ; ; ; ; ; ; ; ; ;12;1131,99658728729
3371927;1;8;1; ; ; ; ; ; ; ; ; ; ; ; ;12;1131,99658728729
3371928;1;1;1; ; ; ; ; ; ; ; ; ; ; ; ;12;2682,25573227565
3371929;1;1;2;2;15; ;2; ; ;2;2; ; ;2; ;12;2954,95020670406
3371929;1;2;2;2;25; ;2; ; ;2;2; ; ;2; ;12;2954,95020670406
3371929;1;3;1; ; ; ; ; ; ; ; ; ; ; ; ;12;2954,95020670406
3371929;1;4;1; ; ; ; ; ; ; ; ; ; ; ; ;12;2954,95020670406
3371929;1;5;1; ; ; ; ; ; ; ; ; ; ; ; ;12;2954,95020670406
3371929;1;6;1; ; ; ; ; ; ; ; ; ; ; ; ;12;2954,95020670406
3371930;1;1;1; ; ; ; ; ; ; ; ; ; ; ; ;12;2756,67408294972
3371930;1;2;1; ; ; ; ; ; ; ; ; ; ; ; ;12;2756,67408294972
3371930;1;3;1; ; ; ; ; ; ; ; ; ; ; ; ;12;2756,67408294972
3371931;1;1;2;2;25; ;3;25; ;2;2; ; ;1; ;12;3687,75621921883
3371931;1;2;2;2;25; ;3;25; ;2;2; ; ;1; ;12;3687,75621921883
3371932;1;1;2;2;73; ;2; ; ;2;2; ; ;2; ;12;2117,54131131168
3371933;1;1;2;2;68; ;2; ; ;1;2; ; ;2; ;12;2118,42509130193
3371933;1;2;2;2;68; ;2; ; ;1;2; ; ;2; ;12;2118,42509130193
3371933;1;3;2;1; ; ;2; ; ;1;2; ; ;2; ;12;2118,42509130193
3371933;1;4;2;1; ; ;2; ; ;1;2; ; ;2; ;12;2118,42509130193
3371934;1;1;2;2;68; ;2; ; ;2;2; ; ;2; ;12;1131,99658728729
3371934;1;2;2;2;25; ;2; ; ;2;2; ; ;2; ;12;1131,99658728729
3371934;1;3;2;2;50; ;2; ; ;2;2; ; ;2; ;12;1131,99658728729
3371935;1;1;2;2;25; ;2; ; ;2;2; ; ;2; ;12;2204,23631064776
3371935;1;2;2;2;25; ;2; ; ;2;2; ; ;2; ;12;2204,23631064776
3371935;1;3;2;2;25; ;2; ; ;2;2; ; ;2; ;12;2204,23631064776
3371935;1;4;2;2;25; ;2; ; ;2;2; ; ;2; ;12;2204,23631064776
3371936;1;1;2;2;73; ;2; ; ;2;2; ; ;2; ;12;1801,05052762037
3371936;1;2;2;2;15; ;2; ; ;2;2; ; ;2; ;12;1801,05052762037
3371936;1;3;2;2;11; ;2; ; ;2;2; ; ;2; ;12;1801,05052762037
3371937;1;1;2;2;11; ;2; ; ;2;2; ; ;2; ;12;1382,7879699193
3371937;1;2;2;2;05; ;2; ; ;2;2; ; ;2; ;12;1382,7879699193
3371940;1;1;1; ; ; ; ; ; ; ; ; ; ; ; ;12;3894,71769594259
3371940;1;2;1; ; ; ; ; ; ; ; ; ; ; ; ;12;3894,71769594259
3371940;1;3;1; ; ; ; ; ; ; ; ; ; ; ; ;12;3894,71769594259
3371941;1;1;2;2;25; ;2; ; ;1;2; ; ;1; ;12;3701,41901750718
3371941;1;2;2;2;25; ;2; ; ;1;2; ; ;1; ;12;3701,41901750718
3371941;1;3;1; ; ; ; ; ; ; ; ; ; ; ; ;12;3701,41901750718
3371941;1;4;1; ; ; ; ; ; ; ; ; ; ; ; ;12;3701,41901750718
3371942;1;1;2;2;25; ;3;25; ;2;2; ; ;1; ;12;3785,60210035894
3371943;1;1;2;2;15; ;3;15; ;1;3;15; ;1; ;12;4430,02901203759
3371944;1;1;2;2;81; ;3;11; ;1;2; ; ;1; ;12;3942,40931449299
3371944;1;2;2;1; ; ;3;11; ;1;2; ; ;1; ;12;3942,40931449299
3371944;1;3;1; ; ; ; ; ; ; ; ; ; ; ; ;12;3942,40931449299
3371945;1;1;1; ; ; ; ; ; ; ; ; ; ; ; ;12;3687,75621921883
3371945;1;2;1; ; ; ; ; ; ; ; ; ; ; ; ;12;3687,75621921883
3371946;1;1;1; ; ; ; ; ; ; ; ; ; ; ; ;12;4290,87200791787
3371946;1;2;1; ; ; ; ; ; ; ; ; ; ; ; ;12;4290,87200791787
3371946;1;3;1; ; ; ; ; ; ; ; ; ; ; ; ;12;4290,87200791787
3371947;1;1;2;2;15; ;2; ; ;1;2; ; ;1; ;12;3868,01066480891
3371947;1;2;2;2;11; ;2; ; ;1;2; ; ;1; ;12;3868,01066480891
3371948;1;1;1; ; ; ; ; ; ; ; ; ; ; ; ;12;5050,59912359775
3371948;1;2;2;1; ; ;2; ; ;2;2; ; ;1; ;12;5050,59912359775
3371948;1;3;1; ; ; ; ; ; ; ; ; ; ; ; ;12;5050,59912359775
3371948;1;4;1; ; ; ; ; ; ; ; ; ; ; ; ;12;5050,59912359775
3371949;1;1;1; ; ; ; ; ; ; ; ; ; ; ; ;12;1785,97375294669
3371949;1;2;1; ; ; ; ; ; ; ; ; ; ; ; ;12;1785,97375294669
3371949;1;3;1; ; ; ; ; ; ; ; ; ; ; ; ;12;1785,97375294669
3371950;1;1;1; ; ; ; ; ; ; ; ; ; ; ; ;12;3190,01341532447
3371950;1;2;1; ; ; ; ; ; ; ; ; ; ; ; ;12;3190,01341532447
3371950;1;3;1; ; ; ; ; ; ; ; ; ; ; ; ;12;3190,01341532447
3371950;1;4;1; ; ; ; ; ; ; ; ; ; ; ; ;12;3190,01341532447
3371951;1;1;2;2;15; ;3;15; ;2;2; ; ;2; ;12;3417,89285365827
3371951;1;2;2;1; ; ;3;15; ;2;2; ; ;2; ;12;3417,89285365827
3371951;1;3;2;1; ; ;3;15; ;2;2; ; ;2; ;12;3417,89285365827
3371952;1;1;1; ; ; ; ; ; ; ; ; ; ; ; ;12;2682,25573227565
3371953;1;1;1; ; ; ; ; ; ; ; ; ; ; ; ;12;2204,23631064776
3371953;1;2;1; ; ; ; ; ; ; ; ; ; ; ; ;12;2204,23631064776
3371953;1;3;1; ; ; ; ; ; ; ; ; ; ; ; ;12;2204,23631064776
3371953;1;4;1; ; ; ; ; ; ; ; ; ; ; ; ;12;2204,23631064776
3371954;1;1;1; ; ; ; ; ; ; ; ; ; ; ; ;12;1890,61981067886
3371954;1;2;1; ; ; ; ; ; ; ; ; ; ; ; ;12;1890,61981067886
3371954;1;3;1; ; ; ; ; ; ; ; ; ; ; ; ;12;1890,61981067886
3371955;1;1;1; ; ; ; ; ; ; ; ; ; ; ; ;12;3190,01341532447
3371955;1;2;1; ; ; ; ; ; ; ; ; ; ; ; ;12;3190,01341532447
3371955;1;3;1; ; ; ; ; ; ; ; ; ; ; ; ;12;3190,01341532447
3371955;1;4;1; ; ; ; ; ; ; ; ; ; ; ; ;12;3190,01341532447
3371956;1;1;2;1; ; ;3;25; ;2;3;20; ;2; ;12;1382,7879699193
3371956;1;2;2;2;20; ;3;25; ;2;3;20; ;2; ;12;1382,7879699193
3371957;1;1;1; ; ; ; ; ; ; ; ; ; ; ; ;12;2401,62865441186
3371957;1;2;2;2;25; ;2; ; ;2;2; ; ;2; ;12;2401,62865441186
3371957;1;3;1; ; ; ; ; ; ; ; ; ; ; ; ;12;2401,62865441186
3371957;1;4;1; ; ; ; ; ; ; ; ; ; ; ; ;12;2401,62865441186
3371958;1;1;2;2;05; ;3;25; ;2;2; ; ;2; ;12;1382,7879699193
3371958;1;2;2;2;05; ;3;25; ;2;2; ; ;2; ;12;1382,7879699193
3371959;1;1;2;2;25; ;3;25; ;2;2; ; ;1; ;12;5499,69526136054
3371959;1;2;2;2;11; ;3;25; ;2;2; ; ;1; ;12;5499,69526136054
3371959;1;3;2;2;25; ;1; ; ; ;2; ; ;1; ;12;5499,69526136054
3371959;1;4;2;2;25; ;1; ; ; ;2; ; ;1; ;12;5499,69526136054
3371959;2;1;1; ; ; ; ; ; ; ; ; ; ; ; ;12;5499,69526136054
3371959;2;2;1; ; ; ; ; ; ; ; ; ; ; ; ;12;5499,69526136054
3371959;2;3;1; ; ; ; ; ; ; ; ; ; ; ; ;12;5499,69526136054
3371959;2;4;1; ; ; ; ; ; ; ; ; ; ; ; ;12;5499,69526136054
3371959;2;5;1; ; ; ; ; ; ; ; ; ; ; ; ;12;5499,69526136054
3371959;2;6;2;2;15; ;3;15; ;2;2; ; ;1; ;12;5499,69526136054
3371959;2;7;1; ; ; ; ; ; ; ; ; ; ; ; ;12;5499,69526136054
3371959;3;1;2;2;17; ;3;17; ;2;3;15; ;1; ;12;5499,69526136054
3371960;1;1;2;2;25; ;2; ; ;2;2; ; ;2; ;12;2204,23631064776
3371960;1;2;1; ; ; ; ; ; ; ; ; ; ; ; ;12;2204,23631064776
3371960;1;3;1; ; ; ; ; ; ; ; ; ; ; ; ;12;2204,23631064776
3371960;1;4;1; ; ; ; ; ; ; ; ; ; ; ; ;12;2204,23631064776
3371961;1;1;1; ; ; ; ; ; ; ; ; ; ; ; ;12;2117,54131131168
3371962;1;1;1; ; ; ; ; ; ; ; ; ; ; ; ;12;2117,54131131168
3371963;1;1;1; ; ; ; ; ; ; ; ; ; ; ; ;12;1785,97375294669
3371963;1;2;1; ; ; ; ; ; ; ; ; ; ; ; ;12;1785,97375294669
3371963;1;3;1; ; ; ; ; ; ; ; ; ; ; ; ;12;1785,97375294669
3371964;1;1;2;2;25; ;2; ; ;2;2; ; ;2; ;12;3270,94368204779
3371964;1;2;2;2;73; ;3;25; ;2;2; ; ;2; ;12;3270,94368204779
3371964;1;3;1; ; ; ; ; ; ; ; ; ; ; ; ;12;3270,94368204779
3371964;1;4;2;2;25; ;3;25; ;1;2; ; ;2; ;12;3270,94368204779
3371964;1;5;2;2;25; ;1; ; ; ;2; ; ;2; ;12;3270,94368204779
3371964;1;6;1; ; ; ; ; ; ; ; ; ; ; ; ;12;3270,94368204779
3371965;1;1;1; ; ; ; ; ; ; ; ; ; ; ; ;12;1801,05052762037
3371965;1;2;1; ; ; ; ; ; ; ; ; ; ; ; ;12;1801,05052762037
3371965;1;3;1; ; ; ; ; ; ; ; ; ; ; ; ;12;1801,05052762037
3371968;1;1;1; ; ; ; ; ; ; ; ; ; ; ; ;12;3082,08253642914
3371968;1;2;1; ; ; ; ; ; ; ; ; ; ; ; ;12;3082,08253642914
3371968;1;3;1; ; ; ; ; ; ; ; ; ; ; ; ;12;3082,08253642914
3371969;1;1;2;1; ; ;3;25; ;1;2; ; ;1; ;12;4430,02901203759
3371970;1;1;1; ; ; ; ; ; ; ; ; ; ; ; ;12;3452,52785236077
3371971;1;1;2;1; ; ;2; ; ;2;2; ; ;1; ;12;3284,31960452598
3371972;1;1;2;2;68; ;3;68; ;1;3;68; ;1; ;12;3284,31960452598
3371973;1;1;2;1; ; ;3;23; ;1;2; ; ;1; ;12;3793,62579507431
3371973;1;2;2;1; ; ;3;23; ;1;2; ; ;1; ;12;3793,62579507431
3371973;1;3;1; ; ; ; ; ; ; ; ; ; ; ; ;12;3793,62579507431
3371974;1;1;2;2;15; ;3;11; ;1;2; ; ;1; ;12;4430,02901203759
3371975;1;1;1; ; ; ; ; ; ; ; ; ; ; ; ;12;3942,40931449299
3371975;1;2;2;2;25; ;2; ; ;1;2; ; ;1; ;12;3942,40931449299
3371975;1;3;1; ; ; ; ; ; ; ; ; ; ; ; ;12;3942,40931449299
3371976;1;1;2;1; ; ;2; ; ;1;2; ; ;1; ;12;1500,21933182517
3371976;1;2;2;1; ; ;2; ; ;1;2; ; ;1; ;12;1500,21933182517
3371977;1;1;2;1; ; ;2; ; ;1;2; ; ;1; ;12;2182,25906331099
3371977;1;2;2;2;73; ;2; ; ;1;2; ; ;1; ;12;2182,25906331099
3371977;1;3;1; ; ; ; ; ; ; ; ; ; ; ; ;12;2182,25906331099
3371978;1;1;1; ; ; ; ; ; ; ; ; ; ; ; ;12;2674,45193762462
3371978;1;2;2;2;17; ;3;17; ;1;2; ; ;1; ;12;2674,45193762462
3371978;1;3;1; ; ; ; ; ; ; ; ; ; ; ; ;12;2674,45193762462
3371979;1;1;2;2;25; ;3;25; ;2;2; ; ;2; ;12;3561,54416898381
3371979;1;2;2;2;25; ;3;25; ;2;2; ; ;2; ;12;3561,54416898381
3371979;1;3;2;2;25; ;3;25; ;2;2; ; ;2; ;12;3561,54416898381
3371979;1;4;2;2;25; ;3;25; ;2;2; ; ;2; ;12;3561,54416898381
3371980;1;1;2;2;25; ;3;25; ;2;3;25; ;2; ;12;4114,27541091322
3371980;1;2;2;2;25; ;3;25; ;2;3;25; ;2; ;12;4114,27541091322
3371980;1;3;2;1; ; ;1; ; ; ;3;25; ;2; ;12;4114,27541091322
3371981;1;1;2;2;76; ;3;11; ;1;3;76; ;2; ;12;4908,7188978793
3371981;1;2;2;2;76; ;3;76; ;2;3;76; ;2; ;12;4908,7188978793
3371981;1;3;2;2;11; ;1; ; ; ;3;76; ;2; ;12;4908,7188978793
3371982;1;1;2;2;25; ;3;11; ;1;3;11; ;1;1;12;2877,50564694761
3371983;1;1;2;2;25; ;2; ; ;2;2; ; ;2; ;12;1903,13826120936
3371983;1;2;2;2;25; ;2; ; ;2;2; ; ;2; ;12;1903,13826120936
3371983;1;3;1; ; ; ; ; ; ; ; ; ; ; ; ;12;1903,13826120936
3371983;1;4;1; ; ; ; ; ; ; ; ; ; ; ; ;12;1903,13826120936
3371984;1;1;1; ; ; ; ; ; ; ; ; ; ; ; ;12;2625,82153774443
3371984;1;2;2;2;25; ;2; ; ;2;2; ; ;2; ;12;2625,82153774443
3371984;1;3;1; ; ; ; ; ; ; ; ; ; ; ; ;12;2625,82153774443
3371984;1;4;2;2;25; ;3;25; ;2;3;25; ;2; ;12;2625,82153774443
3371985;1;1;2;1; ; ;3;25; ;1;2; ; ;2; ;12;2877,50564694761
3371986;1;1;2;2;41; ;3;25; ;1;2; ; ;2; ;12;5467,64360588598
3371986;1;2;2;2;25; ;3;25; ;1;2; ; ;2; ;12;5467,64360588598
3371986;1;3;2;2;25; ;3;25; ;1;2; ; ;2; ;12;5467,64360588598
3371986;1;4;2;2;25; ;1; ; ; ;2; ; ;2; ;12;5467,64360588598
3371987;1;1;2;1; ; ;2; ; ;2;2; ; ;1; ;12;2134,40886898753
3371987;1;2;1; ; ; ; ; ; ; ; ; ; ; ; ;12;2134,40886898753
3371988;1;1;2;2;20; ;3;13; ;2;2; ; ;1; ;12;2318,77691361887
3371988;1;2;2;2;11; ;2; ; ;1;2; ; ;1; ;12;2318,77691361887
3371989;1;1;2;2;25; ;2; ; ;1;2; ; ;1; ;12;2266,7678599146
3371989;1;2;1; ; ; ; ; ; ; ; ; ; ; ; ;12;2266,7678599146
3371990;1;1;2;2;17; ;3;17; ;1;2; ; ;1; ;12;1817,98378911057
3371991;1;1;1; ; ; ; ; ; ; ; ; ; ; ; ;12;1932,54408011748
3371991;1;2;1; ; ; ; ; ; ; ; ; ; ; ; ;12;1932,54408011748
3371992;1;1;2;2;11; ;3;11; ;1;3;11; ;1; ;12;2765,40897977621
3371992;1;2;2;2;15; ;3;11; ;1;3;11; ;1; ;12;2765,40897977621
3371992;1;3;2;2;11; ;3;11; ;1;3;25; ;2;1;12;2765,40897977621
3371992;1;4;2;2;15; ;3;15; ;1;3;15; ;1; ;12;2765,40897977621
3371993;1;1;1; ; ; ; ; ; ; ; ; ; ; ; ;12;4908,7188978793
3371993;1;2;1; ; ; ; ; ; ; ; ; ; ; ; ;12;4908,7188978793
3371993;1;3;1; ; ; ; ; ; ; ; ; ; ; ; ;12;4908,7188978793
3371994;1;1;1; ; ; ; ; ; ; ; ; ; ; ; ;12;4434,35181646538
3371994;1;2;1; ; ; ; ; ; ; ; ; ; ; ; ;12;4434,35181646538
3371994;1;3;1; ; ; ; ; ; ; ; ; ; ; ; ;12;4434,35181646538
3371994;1;4;1; ; ; ; ; ; ; ; ; ; ; ; ;12;4434,35181646538
3371994;1;5;1; ; ; ; ; ; ; ; ; ; ; ; ;12;4434,35181646538
3371995;1;1;1; ; ; ; ; ; ; ; ; ; ; ; ;12;2631,28746260754
3371995;1;2;1; ; ; ; ; ; ; ; ; ; ; ; ;12;2631,28746260754
3371996;1;1;1; ; ; ; ; ; ; ; ; ; ; ; ;12;4534,24289159171
3371996;1;2;1; ; ; ; ; ; ; ; ; ; ; ; ;12;4534,24289159171
3371996;1;3;2;2;25; ;2; ; ;2;2; ; ;2; ;12;4534,24289159171
3371996;1;4;1; ; ; ; ; ; ; ; ; ; ; ; ;12;4534,24289159171
3371996;1;5;2;1; ; ;3;11; ;1;3;11; ;1;4;12;4534,24289159171
3371997;1;1;2;2;15; ;2; ; ;2;2; ; ;2; ;12;2721,57849353151
3371998;1;1;2;1; ; ;2; ; ;2;3;11; ;1; ;12;1551,19096380246
3371998;1;2;2;2;25; ;3;25; ;2;3;25; ;2;3;12;1551,19096380246
3371998;1;3;2;2;25; ;2; ; ;1;2; ; ;1; ;12;1551,19096380246
3371999;1;1;1; ; ; ; ; ; ; ; ; ; ; ; ;12;3560,05833807865
3372000;1;1;1; ; ; ; ; ; ; ; ; ; ; ; ;12;2877,50564694761
3372001;1;1;1; ; ; ; ; ; ; ; ; ; ; ; ;12;1903,13826120936
3372001;1;2;1; ; ; ; ; ; ; ; ; ; ; ; ;12;1903,13826120936
3372001;1;3;1; ; ; ; ; ; ; ; ; ; ; ; ;12;1903,13826120936
3372001;1;4;2;1; ; ;3;25; ;2;2; ; ;2; ;12;1903,13826120936
3372001;1;5;1; ; ; ; ; ; ; ; ; ; ; ; ;12;1903,13826120936
3372001;1;6;1; ; ; ; ; ; ; ; ; ; ; ; ;12;1903,13826120936
3372005;1;1;1; ; ; ; ; ; ; ; ; ; ; ; ;12;2459,73615474062
3372005;1;2;1; ; ; ; ; ; ; ; ; ; ; ; ;12;2459,73615474062
3372005;1;3;2;2;25; ;2; ; ;2;2; ; ;1; ;12;2459,73615474062
3372006;1;1;2;2;11; ;3;11; ;1;3;11; ;1; ;12;2095,46088054021
3372007;1;1;2;2;25; ;2; ; ;1;2; ; ;1; ;12;2861,02715170085
3372007;1;2;2;2;13; ;2; ; ;1;2; ; ;1; ;12;2861,02715170085
3372007;1;3;2;2;13; ;2; ; ;1;2; ; ;1; ;12;2861,02715170085
3372007;1;4;1; ; ; ; ; ; ; ; ; ; ; ; ;12;2861,02715170085
3372007;2;1;2;2;25; ;3;11; ;1;2; ; ;1; ;12;2861,02715170085
3372008;1;1;2;1; ; ;2; ; ;1;2; ; ;1; ;12;2099,90227135406
3372008;1;2;1; ; ; ; ; ; ; ; ; ; ; ; ;12;2099,90227135406
3372008;1;3;1; ; ; ; ; ; ; ; ; ; ; ; ;12;2099,90227135406
3372009;1;1;2;2;11; ;2; ; ;1;2; ; ;1; ;12;2423,75469750232
3372009;1;2;2;1; ; ;2; ; ;1;2; ; ;1; ;12;2423,75469750232
3372009;1;3;2;1; ; ;2; ; ;1;2; ; ;1; ;12;2423,75469750232
3372009;1;4;1; ; ; ; ; ; ; ; ; ; ; ; ;12;2423,75469750232
3372009;1;5;2;1; ; ;2; ; ;1;2; ; ;1; ;12;2423,75469750232
3372009;1;6;2;2;11; ;2; ; ;1;2; ; ;1; ;12;2423,75469750232
3372010;1;1;2;2;25; ;2; ; ;1;2; ; ;1; ;12;2250,30853740288
3372011;1;1;2;2;25; ;2; ; ;1;2; ; ;1; ;12;1665,75125480937
3372011;1;2;2;1; ; ;2; ; ;1;2; ; ;1; ;12;1665,75125480937
3372011;1;3;2;2;11; ;2; ; ;1;2; ; ;1; ;12;1665,75125480937
3372011;1;4;2;2;68; ;2; ; ;1;2; ; ;1; ;12;1665,75125480937
3372012;1;1;2;2;73; ;2; ; ;2;2; ; ;1; ;12;1911,09283590886
3372013;1;1;2;2;11; ;2; ; ;1;2; ; ;1; ;12;2282,03609461643
3372013;1;2;1; ; ; ; ; ; ; ; ; ; ; ; ;12;2282,03609461643
3372013;1;3;1; ; ; ; ; ; ; ; ; ; ; ; ;12;2282,03609461643
3372014;1;1;2;2;25; ;2; ; ;2;2; ; ;2; ;12;3259,73874656656
3372014;1;2;2;1; ; ;2; ; ;2;2; ; ;2; ;12;3259,73874656656
3372014;1;3;1; ; ; ; ; ; ; ; ; ; ; ; ;12;3259,73874656656
3372015;1;1;2;2;25; ;2; ; ;2;2; ; ;2; ;12;2883,69911302487
3372015;1;2;2;2;73; ;2; ; ;2;2; ; ;2; ;12;2883,69911302487
3372015;1;3;1; ; ; ; ; ; ; ; ; ; ; ; ;12;2883,69911302487
3372016;1;1;1; ; ; ; ; ; ; ; ; ; ; ; ;12;4381,33507047334
3372016;1;2;2;2;11; ;2; ; ;2;2; ; ;2; ;12;4381,33507047334
3372016;1;3;1; ; ; ; ; ; ; ; ; ; ; ; ;12;4381,33507047334
3372016;1;4;1; ; ; ; ; ; ; ; ; ; ; ; ;12;4381,33507047334
3372017;1;1;2;2;15; ;2; ; ;2;2; ; ;2; ;12;5031,5107949637
3372017;1;2;2;2;47; ;2; ; ;2;2; ; ;2; ;12;5031,5107949637
3372017;1;3;1; ; ; ; ; ; ; ; ; ; ; ; ;12;5031,5107949637
3372017;1;4;1; ; ; ; ; ; ; ; ; ; ; ; ;12;5031,5107949637
3372018;1;1;2;1; ; ;2; ; ;2;2; ; ;2; ;12;2877,50564694761
3372019;1;1;1; ; ; ; ; ; ; ; ; ; ; ; ;12;3561,54416898381
3372019;1;2;2;1; ; ;2; ; ;2;2; ; ;2; ;12;3561,54416898381
3372019;1;3;1; ; ; ; ; ; ; ; ; ; ; ; ;12;3561,54416898381
3372019;1;4;1; ; ; ; ; ; ; ; ; ; ; ; ;12;3561,54416898381
3372020;1;1;1; ; ; ; ; ; ; ; ; ; ; ; ;12;3027,96687550059
3372020;1;2;2;1; ; ;2; ; ;2;2; ; ;2; ;12;3027,96687550059
3372020;1;3;1; ; ; ; ; ; ; ; ; ; ; ; ;12;3027,96687550059
3372021;1;1;1; ; ; ; ; ; ; ; ; ; ; ; ;12;2396,97484619499
3372021;1;2;1; ; ; ; ; ; ; ; ; ; ; ; ;12;2396,97484619499
3372021;1;3;1; ; ; ; ; ; ; ; ; ; ; ; ;12;2396,97484619499
3372022;1;1;2;2;25; ;2; ; ;2;2; ; ;2; ;12;2475,36030919145
3372022;1;2;2;2;25; ;2; ; ;2;2; ; ;2; ;12;2475,36030919145
3372023;1;1;2;1; ; ;2; ; ;1;2; ; ;1; ;12;2182,25906331099
3372023;1;2;1; ; ; ; ; ; ; ; ; ; ; ; ;12;2182,25906331099
3372023;1;3;1; ; ; ; ; ; ; ; ; ; ; ; ;12;2182,25906331099
3372024;1;1;2;1; ; ;3;11; ;1;3;11; ;1; ;12;2141,07685349469
3372024;1;2;2;2;73; ;3;73; ;1;2; ; ;1; ;12;2141,07685349469
3372025;1;1;1; ; ; ; ; ; ; ; ; ; ; ; ;12;2872,03972208449
3372025;1;2;1; ; ; ; ; ; ; ; ; ; ; ; ;12;2872,03972208449
3372025;1;3;1; ; ; ; ; ; ; ; ; ; ; ; ;12;2872,03972208449
3372026;1;1;2;1; ; ;2; ; ;2;2; ; ;2; ;12;2168,8472516021
3372026;1;2;2;2;25; ;2; ; ;2;2; ; ;2; ;12;2168,8472516021
3372027;1;1;2;2;25; ;2; ; ;2;2; ; ;2; ;12;1903,13826120936
3372027;1;2;2;2;25; ;2; ; ;2;2; ; ;2; ;12;1903,13826120936
3372027;1;3;2;2;25; ;3;25; ;2;2; ; ;2; ;12;1903,13826120936
3372027;1;4;2;2;25; ;3;11; ;1;2; ; ;2; ;12;1903,13826120936
3372028;1;1;1; ; ; ; ; ; ; ; ; ; ; ; ;12;3052,74077419119
3372028;1;2;1; ; ; ; ; ; ; ; ; ; ; ; ;12;3052,74077419119
3372028;1;3;1; ; ; ; ; ; ; ; ; ; ; ; ;12;3052,74077419119
3372028;1;4;1; ; ; ; ; ; ; ; ; ; ; ; ;12;3052,74077419119
3372028;1;5;2;1; ; ;2; ; ;2;2; ; ;2; ;12;3052,74077419119
3372028;1;6;2;2;11; ;2; ; ;2;2; ; ;2; ;12;3052,74077419119
3372028;1;7;1; ; ; ; ; ; ; ; ; ; ; ; ;12;3052,74077419119
3372029;1;1;1; ; ; ; ; ; ; ; ; ; ; ; ;12;3560,05833807865
3372030;1;1;2;1; ; ;2; ; ;2;2; ; ;2; ;12;2324,77440501819
3372030;1;2;2;1; ; ;2; ; ;2;2; ; ;2; ;12;2324,77440501819
3372031;1;1;2;2;25; ;2; ; ;1;2; ; ;1; ;12;2407,94164374956
3372031;1;2;1; ; ; ; ; ; ; ; ; ; ; ; ;12;2407,94164374956
3372031;1;3;1; ; ; ; ; ; ; ; ; ; ; ; ;12;2407,94164374956
3372031;1;4;2;1; ; ;3;25; ;1;2; ; ;1; ;12;2407,94164374956
3372031;1;5;1; ; ; ; ; ; ; ; ; ; ; ; ;12;2407,94164374956
3372031;1;6;1; ; ; ; ; ; ; ; ; ; ; ; ;12;2407,94164374956
3372031;1;7;1; ; ; ; ; ; ; ; ; ; ; ; ;12;2407,94164374956
3372031;1;8;2;1; ; ;3;25; ;2;2; ; ;1; ;12;2407,94164374956
3372032;1;1;1; ; ; ; ; ; ; ; ; ; ; ; ;12;2475,36030919145
3372032;1;2;1; ; ; ; ; ; ; ; ; ; ; ; ;12;2475,36030919145
3372033;1;1;2;2;25; ;2; ; ;2;2; ; ;2; ;12;2324,77440501819
3372033;1;2;1; ; ; ; ; ; ; ; ; ; ; ; ;12;2324,77440501819
3372039;1;1;2;2;11; ;3;50; ;1;2; ; ;1; ;12;2141,07685349469
3372039;1;2;2;2;11; ;3;50; ;1;2; ; ;1; ;12;2141,07685349469
3372040;1;1;2;2;11; ;3;11; ;1;2; ; ;1; ;12;1932,54408011748
3372040;1;2;2;2;11; ;3;11; ;1;2; ; ;1; ;12;1932,54408011748
3372041;1;1;2;2;11; ;3;11; ;1;3;11; ;1; ;12;1907,90340953519
3372041;2;1;2;2;11; ;2; ; ;1;2; ; ;1; ;12;1907,90340953519
3372041;2;2;2;1; ; ;2; ; ;1;2; ; ;1; ;12;1907,90340953519
3372042;1;1;2;1; ; ;2; ; ;1;2; ; ;1; ;12;2361,12887115308
3372042;1;2;1; ; ; ; ; ; ; ; ; ; ; ; ;12;2361,12887115308
3372042;1;3;2;1; ; ;3;11; ;1;3;20; ;1; ;12;2361,12887115308
3372042;1;4;2;2;11; ;3;20; ;1;3;20; ;1; ;12;2361,12887115308
3372042;1;5;2;2;11; ;3;20; ;1;3;20; ;1; ;12;2361,12887115308
3372042;1;6;2;2;20; ;1; ; ; ;3;20; ;1; ;12;2361,12887115308
3372043;1;1;2;1; ; ;2; ; ;1;2; ; ;1; ;12;2048,86265065693
3372043;1;2;2;2;17; ;2; ; ;1;2; ; ;1; ;12;2048,86265065693
3372043;1;3;1; ; ; ; ; ; ; ; ; ; ; ; ;12;2048,86265065693
3372043;1;4;2;2;25; ;2; ; ;1;2; ; ;1; ;12;2048,86265065693
3372044;1;1;2;2;63; ;3;11; ;1;2; ; ;1; ;12;2182,25906331099
3372044;1;2;2;2;23; ;3;11; ;1;2; ; ;1; ;12;2182,25906331099
3372044;1;3;2;2;11; ;1; ; ; ;2; ; ;1; ;12;2182,25906331099
3372045;1;1;1; ; ; ; ; ; ; ; ; ; ; ; ;12;2619,25345754668
3372045;1;2;2;2;50; ;3;50; ;1;2; ; ;1; ;12;2619,25345754668
3372045;1;3;2;2;50; ;3;50; ;1;2; ; ;1; ;12;2619,25345754668
3372045;1;4;2;2;50; ;3;50; ;1;2; ; ;1; ;12;2619,25345754668
3372045;1;5;2;2;50; ;3;50; ;1;2; ; ;1; ;12;2619,25345754668
3372046;1;1;2;2;23; ;3;05; ;2;2; ; ;1; ;12;2452,17332627293
3372047;1;1;2;1; ; ;2; ; ;1;2; ; ;1; ;12;2173,65881311632
3372047;1;2;1; ; ; ; ; ; ; ; ; ; ; ; ;12;2173,65881311632
3372048;1;1;1; ; ; ; ; ; ; ; ; ; ; ; ;12;1629,38889637857
3372048;1;2;2;2;25; ;2; ; ;1;2; ; ;1; ;12;1629,38889637857
3372048;1;3;1; ; ; ; ; ; ; ; ; ; ; ; ;12;1629,38889637857
3372048;1;4;1; ; ; ; ; ; ; ; ; ; ; ; ;12;1629,38889637857
3372049;1;1;2;2;52; ;2; ; ;1;2; ; ;1; ;12;1839,43503331919
3372049;1;2;2;2;11; ;2; ; ;1;2; ; ;1; ;12;1839,43503331919
3372050;1;1;2;2;11; ;4; ;2; ;2; ; ;1; ;12;2364,39288657336
3372050;1;2;2;2;63; ;4; ;2; ;2; ; ;1; ;12;2364,39288657336
3372050;1;3;2;3; ;2;4; ;2; ;2; ; ;1; ;12;2364,39288657336
3372051;1;1;2;2;25; ;2; ; ;1;2; ; ;1; ;12;2385,84413078198
3372051;1;2;2;2;25; ;2; ; ;1;2; ; ;1; ;12;2385,84413078198
3372051;1;3;2;2;25; ;2; ; ;1;2; ; ;1; ;12;2385,84413078198
3372051;1;4;2;2;11; ;2; ; ;1;3;11; ;1; ;12;2385,84413078198
3372052;1;1;2;2;25; ;3;25; ;2;2; ; ;1; ;12;1942,24608931022
3372052;1;2;2;1; ; ;3;25; ;2;2; ; ;1; ;12;1942,24608931022
3372052;1;3;2;1; ; ;3;25; ;2;2; ; ;1; ;12;1942,24608931022
3372052;1;4;2;2;25; ;3;25; ;2;2; ; ;1; ;12;1942,24608931022
3372052;1;5;2;2;25; ;3;25; ;2;2; ; ;1; ;12;1942,24608931022
3372052;2;1;2;2;11; ;3;11; ;1;3;18; ;2;1;12;1942,24608931022
3372052;3;1;2;2;25; ;2; ; ;1;2; ; ;1; ;12;1942,24608931022
3372052;3;2;2;2;25; ;2; ; ;1;2; ; ;1; ;12;1942,24608931022
3372053;1;1;2;2;17; ;3;11; ;1;3;11; ;1;1;12;2877,50564694761
3372054;1;1;2;2;73; ;2; ; ;1;2; ; ;2; ;12;3549,88477804343
3372054;1;2;2;2;73; ;2; ; ;1;2; ; ;2; ;12;3549,88477804343
3372054;1;3;2;1; ; ;2; ; ;2;2; ; ;2; ;12;3549,88477804343
3372054;1;4;2;2;25; ;2; ; ;1;2; ; ;2; ;12;3549,88477804343
3372055;1;1;2;2;15; ;3;85; ;1;3;63; ;2; ;12;3002,61946097713
3372055;1;2;2;2;66; ;2; ; ;1;3;63; ;1;1;12;3002,61946097713
3372055;1;3;2;2;63; ;3;85; ;1;3;63; ;1;4;12;3002,61946097713
3372056;1;1;2;2;47; ;3;47; ;1;3;47; ;1;1;12;3678,14259999095
3372056;1;2;2;2;47; ;3;47; ;1;3;47; ;1;3;12;3678,14259999095
3372056;1;3;2;2;47; ;3;47; ;1;3;47; ;1;4;12;3678,14259999095
3372057;1;1;2;2;25; ;2; ; ;2;2; ; ;2; ;12;2475,36030919145
3372057;1;2;2;2;25; ;2; ; ;2;2; ; ;2; ;12;2475,36030919145
3372058;1;1;1; ; ; ; ; ; ; ; ; ; ; ; ;12;2496,75187750043
3372058;1;2;1; ; ; ; ; ; ; ; ; ; ; ; ;12;2496,75187750043
3372058;1;3;1; ; ; ; ; ; ; ; ; ; ; ; ;12;2496,75187750043
3372059;1;1;2;2;11; ;2; ; ;2;2; ; ;2; ;12;3705,81193145952
3372059;1;2;2;1; ; ;2; ; ;2;2; ; ;2; ;12;3705,81193145952
3372059;1;3;1; ; ; ; ; ; ; ; ; ; ; ; ;12;3705,81193145952
3372059;1;4;1; ; ; ; ; ; ; ; ; ; ; ; ;12;3705,81193145952
3372060;1;1;2;2;25; ;2; ; ;2;2; ; ;2; ;12;2631,28746260754
3372060;1;2;2;1; ; ;2; ; ;2;2; ; ;2; ;12;2631,28746260754
3372061;1;1;2;2;41; ;2; ; ;2;2; ; ;2; ;12;3560,05833807865
3372062;1;1;1; ; ; ; ; ; ; ; ; ; ; ; ;12;2505,3521276951
3372062;1;2;1; ; ; ; ; ; ; ; ; ; ; ; ;12;2505,3521276951
3372062;1;3;1; ; ; ; ; ; ; ; ; ; ; ; ;12;2505,3521276951
3372062;1;4;2;2;11; ;1; ; ; ;2; ; ;1; ;12;2505,3521276951
3372063;1;1;1; ; ; ; ; ; ; ; ; ; ; ; ;12;3486,55166816835
3372063;1;2;1; ; ; ; ; ; ; ; ; ; ; ; ;12;3486,55166816835
3372063;1;3;1; ; ; ; ; ; ; ; ; ; ; ; ;12;3486,55166816835
3372063;1;4;2;1; ; ;2; ; ;2;3;25; ;1;4;12;3486,55166816835
3372063;1;5;2;2;11; ;3;25; ;1;3;25; ;1;4;12;3486,55166816835
3372063;1;6;2;2;11; ;1; ; ; ;3;25; ;1;4;12;3486,55166816835
3372064;1;1;2;2;25; ;2; ; ;2;2; ; ;2; ;12;1922,62906726203
3372064;1;2;1; ; ; ; ; ; ; ; ; ; ; ; ;12;1922,62906726203
3372064;1;3;1; ; ; ; ; ; ; ; ; ; ; ; ;12;1922,62906726203
3372065;1;1;2;1; ; ;2; ; ;2;2; ; ;2; ;12;2877,50564694761
3372066;1;1;2;2;15; ;3;11; ;1;2; ; ;2; ;12;2877,50564694761
3372067;1;1;2;2;11; ;3;11; ;1;2; ; ;2; ;12;1903,13826120936
3372067;1;2;2;2;25; ;3;11; ;1;2; ; ;2; ;12;1903,13826120936
3372067;1;3;2;2;11; ;3;11; ;1;2; ; ;2; ;12;1903,13826120936
3372068;1;1;1; ; ; ; ; ; ; ; ; ; ; ; ;12;2877,50564694761
3372069;1;1;2;2;25; ;2; ; ;1;2; ; ;1; ;12;2365,49464557143
3372069;1;2;1; ; ; ; ; ; ; ; ; ; ; ; ;12;2365,49464557143
3372069;1;3;1; ; ; ; ; ; ; ; ; ; ; ; ;12;2365,49464557143
3372069;1;4;1; ; ; ; ; ; ; ; ; ; ; ; ;12;2365,49464557143
3372069;1;5;2;2;25; ;2; ; ;1;2; ; ;1; ;12;2365,49464557143
3372069;1;6;1; ; ; ; ; ; ; ; ; ; ; ; ;12;2365,49464557143
3372069;2;1;2;2;25; ;3;25; ;2;2; ; ;1; ;12;2365,49464557143
3372069;2;2;2;2;25; ;1; ; ; ;2; ; ;1; ;12;2365,49464557143
3372070;1;1;2;2;25; ;2; ; ;2;2; ; ;2; ;12;2631,28746260754
3372070;1;2;2;2;25; ;2; ; ;2;2; ; ;2; ;12;2631,28746260754
3372071;1;1;1; ; ; ; ; ; ; ; ; ; ; ; ;12;2721,57849353151
3372080;1;1;1; ; ; ; ; ; ; ; ; ; ; ; ;12;1684,58737645652
3372080;1;2;1; ; ; ; ; ; ; ; ; ; ; ; ;12;1684,58737645652
3372082;1;1;2;2;25; ;2; ; ;2;2; ; ;2;3;12;2250,30853740288
3372083;1;1;2;2;25; ;2; ; ;1;2; ; ;1; ;12;1911,09283590886
3372084;1;1;2;2;25; ;2; ; ;1;2; ; ;2;3;12;1932,54408011748
3372084;1;2;2;2;25; ;2; ; ;2;2; ; ;2;4;12;1932,54408011748
3372085;1;1;1; ; ; ; ; ; ; ; ; ; ; ; ;12;2496,75187750043
3372085;1;2;2;2;73; ;3;73; ;2;2; ; ;1; ;12;2496,75187750043
3372085;1;3;2;2;25; ;1; ; ; ;1; ; ; ; ;12;2496,75187750043
3372086;1;1;2;1; ; ;2; ; ;1;2; ; ;1; ;12;1779,83560397985
3372086;1;2;2;1; ; ;2; ; ;1;2; ; ;1; ;12;1779,83560397985
3372086;1;3;1; ; ; ; ; ; ; ; ; ; ; ; ;12;1779,83560397985
3372086;1;4;2;2;11; ;2; ; ;1;2; ; ;1; ;12;1779,83560397985
3372086;1;5;1; ; ; ; ; ; ; ; ; ; ; ; ;12;1779,83560397985
3372086;1;6;1; ; ; ; ; ; ; ; ; ; ; ; ;12;1779,83560397985
3372087;1;1;2;2;20; ;3;25; ;2;3;25; ;2;4;12;1958,94303023232
3372087;1;2;2;2;11; ;3;25; ;2;3;25; ;2;4;12;1958,94303023232
3372088;1;1;2;2;11; ;3;11; ;1;2; ; ;1; ;12;1847,90643791639
3372088;1;2;2;2;11; ;3;11; ;1;2; ; ;1; ;12;1847,90643791639
3372089;1;1;2;2;11; ;2; ; ;1;2; ; ;1; ;12;1559,02021629045
3372089;1;2;1; ; ; ; ; ; ; ; ; ; ; ; ;12;1559,02021629045
3372089;1;3;2;2;23; ;3;23; ;1;3;11; ;1; ;12;1559,02021629045
3372090;1;1;2;2;11; ;3;54; ;1;3;11; ;1; ;12;2426,78280263339
3372090;1;2;2;2;54; ;3;54; ;1;2; ; ;1; ;12;2426,78280263339
3372090;1;3;2;2;54; ;3;54; ;1;3;11; ;1; ;12;2426,78280263339
3372090;1;4;2;2;54; ;1; ; ; ;3;11; ;1; ;12;2426,78280263339
3372091;1;1;2;2;73; ;3;66; ;1;2; ; ;1; ;12;2653,72090758023
3372091;1;2;2;2;73; ;3;25; ;1;2; ; ;1; ;12;2653,72090758023
3372092;1;1;2;2;15; ;2; ; ;1;2; ; ;1; ;12;1448,0010769624
3372092;1;2;2;2;15; ;2; ; ;1;2; ; ;1; ;12;1448,0010769624
3372092;1;3;1; ; ; ; ; ; ; ; ; ; ; ; ;12;1448,0010769624
3372092;1;4;1; ; ; ; ; ; ; ; ; ; ; ; ;12;1448,0010769624
3372092;2;1;2;1; ; ;2; ; ;1;2; ; ;1; ;12;1448,0010769624
3372092;2;2;1; ; ; ; ; ; ; ; ; ; ; ; ;12;1448,0010769624
3372093;1;1;2;2;25; ;2; ; ;1;2; ; ;1; ;12;2047,30631624511
3372093;1;2;2;2;25; ;2; ; ;1;2; ; ;1; ;12;2047,30631624511
3372094;1;1;1; ; ; ; ; ; ; ; ; ; ; ; ;12;2221,47070569561
3372094;1;2;2;2;73; ;2; ; ;1;2; ; ;1; ;12;2221,47070569561
3372094;1;3;1; ; ; ; ; ; ; ; ; ; ; ; ;12;2221,47070569561
3372094;1;4;1; ; ; ; ; ; ; ; ; ; ; ; ;12;2221,47070569561
3372095;1;1;2;1; ; ;2; ; ;1;2; ; ;1; ;12;2086,68491124334
3372095;1;2;2;1; ; ;3;11; ;1;2; ; ;1; ;12;2086,68491124334
3372095;1;3;2;2;11; ;1; ; ; ;2; ; ;1; ;12;2086,68491124334
3372096;1;1;2;2;73; ;2; ; ;1;2; ; ;1; ;12;1990,64994420831
3372096;1;2;2;2;73; ;2; ; ;1;2; ; ;1; ;12;1990,64994420831
3372096;1;3;1; ; ; ; ; ; ; ; ; ; ; ; ;12;1990,64994420831
3372096;1;4;1; ; ; ; ; ; ; ; ; ; ; ; ;12;1990,64994420831
3372096;1;5;1; ; ; ; ; ; ; ; ; ; ; ; ;12;1990,64994420831
3372096;1;6;2;2;73; ;2; ; ;1;2; ; ;1; ;12;1990,64994420831
3372096;1;7;2;2;25; ;2; ; ;1;2; ; ;1; ;12;1990,64994420831
3372097;1;1;2;1; ; ;2; ; ;1;2; ; ;1; ;12;2486,79541880434
3372097;1;2;1; ; ; ; ; ; ; ; ; ; ; ; ;12;2486,79541880434
3372097;1;3;1; ; ; ; ; ; ; ; ; ; ; ; ;12;2486,79541880434
3372097;1;4;1; ; ; ; ; ; ; ; ; ; ; ; ;12;2486,79541880434
3372098;1;1;2;1; ; ;2; ; ;1;2; ; ;1; ;12;2979,42439802162
3372098;1;2;1; ; ; ; ; ; ; ; ; ; ; ; ;12;2979,42439802162
3372098;1;3;1; ; ; ; ; ; ; ; ; ; ; ; ;12;2979,42439802162
3372098;2;1;1; ; ; ; ; ; ; ; ; ; ; ; ;12;2979,42439802162
3372098;2;2;2;2;73; ;2; ; ;1;2; ; ;1; ;12;2979,42439802162
3372098;2;3;1; ; ; ; ; ; ; ; ; ; ; ; ;12;2979,42439802162
3372098;2;4;1; ; ; ; ; ; ; ; ; ; ; ; ;12;2979,42439802162
3372099;1;1;1; ; ; ; ; ; ; ; ; ; ; ; ;12;1827,39467175165
3372100;1;1;2;2;25; ;2; ; ;1;2; ; ;1; ;12;1757,5944740454
3372100;1;2;2;2;11; ;2; ; ;1;2; ; ;1; ;12;1757,5944740454
3372100;1;3;2;2;25; ;2; ; ;1;3;25; ;1; ;12;1757,5944740454
3372100;1;4;2;2;11; ;2; ; ;1;2; ; ;1; ;12;1757,5944740454
3372101;1;1;2;2;11; ;2; ; ;1;2; ; ;1; ;12;2352,00962435206
3372101;1;2;2;2;11; ;2; ; ;1;2; ; ;1; ;12;2352,00962435206
3372101;1;3;2;2;11; ;1; ; ; ;2; ; ;1; ;12;2352,00962435206
3372102;1;1;1; ; ; ; ; ; ; ; ; ; ; ; ;12;1490,48665823318
3372102;1;2;2;2;25; ;2; ; ;1;2; ; ;1; ;12;1490,48665823318
3372102;1;3;1; ; ; ; ; ; ; ; ; ; ; ; ;12;1490,48665823318
3372102;1;4;1; ; ; ; ; ; ; ; ; ; ; ; ;12;1490,48665823318
3372102;1;5;1; ; ; ; ; ; ; ; ; ; ; ; ;12;1490,48665823318
3372103;1;1;2;2;73; ;2; ; ;1;2; ; ;1; ;12;1827,39467175165
3372104;1;1;2;2;25; ;3;25; ;1;2; ; ;1; ;12;1950,90712995472
3372104;1;2;2;2;25; ;3;25; ;1;2; ; ;1; ;12;1950,90712995472
3372104;1;3;2;2;25; ;3;25; ;1;2; ; ;1; ;12;1950,90712995472
3372105;1;1;2;2;25; ;2; ; ;1;2; ; ;1; ;12;2151,7540926219
3372106;1;1;2;2;25; ;2; ; ;1;2; ; ;1; ;12;2151,7540926219
3372110;1;1;2;1; ; ;2; ; ;1;2; ; ;1; ;12;2291,99700818111
3372110;1;2;2;2;15; ;2; ; ;1;2; ; ;1; ;12;2291,99700818111
3372110;1;3;2;2;11; ;2; ; ;1;2; ; ;1; ;12;2291,99700818111
3372112;1;1;2;2;68; ;3;11; ;1;2; ; ;1; ;12;1972,41088295579
3372112;1;2;2;2;63; ;3;11; ;1;2; ; ;1; ;12;1972,41088295579
3372112;1;3;2;2;11; ;3;11; ;1;2; ; ;1; ;12;1972,41088295579
3372113;1;1;2;2;15; ;2; ; ;1;2; ; ;1; ;12;1847,90643791639
3372113;1;2;1; ; ; ; ; ; ; ; ; ; ; ; ;12;1847,90643791639
3372114;1;1;2;2;11; ;3;11; ;1;2; ; ;1; ;12;2221,47070569561
3372114;1;2;2;2;11; ;3;11; ;1;2; ; ;1; ;12;2221,47070569561
3372114;1;3;2;2;11; ;3;11; ;1;2; ; ;1; ;12;2221,47070569561
3372114;1;4;2;2;11; ;1; ; ; ;2; ; ;1; ;12;2221,47070569561
3372116;1;1;1; ; ; ; ; ; ; ; ; ; ; ; ;12;2426,78280263339
3372116;1;2;2;2;73; ;3;73; ;1;2; ; ;1; ;12;2426,78280263339
3372116;1;3;2;2;73; ;3;73; ;1;2; ; ;1; ;12;2426,78280263339
3372116;1;4;1; ; ; ; ; ; ; ; ; ; ; ; ;12;2426,78280263339
3372117;1;1;2;2;25; ;2; ; ;1;2; ; ;1; ;12;2133,28781968774
3372117;1;2;2;1; ; ;2; ; ;1;2; ; ;1; ;12;2133,28781968774
3372117;1;3;1; ; ; ; ; ; ; ; ; ; ; ; ;12;2133,28781968774
3372117;1;4;1; ; ; ; ; ; ; ; ; ; ; ; ;12;2133,28781968774
3372118;1;1;1; ; ; ; ; ; ; ; ; ; ; ; ;12;2429,76753389796
3372118;1;2;1; ; ; ; ; ; ; ; ; ; ; ; ;12;2429,76753389796
3372118;1;3;1; ; ; ; ; ; ; ; ; ; ; ; ;12;2429,76753389796
3372118;1;4;2;1; ; ;3;99; ;1;2; ; ;1; ;12;2429,76753389796
3372119;1;1;2;2;41; ;2; ; ;1;2; ; ;1; ;12;1827,39467175165
3372120;1;1;2;2;25; ;2; ; ;1;2; ; ;1; ;12;1720,35225052451
3372120;1;2;1; ; ; ; ; ; ; ; ; ; ; ; ;12;1720,35225052451
3372120;1;3;1; ; ; ; ; ; ; ; ; ; ; ; ;12;1720,35225052451
3372121;1;1;2;2;66; ;2; ; ;1;2; ; ;1; ;12;1720,35225052451
3372121;1;2;2;2;25; ;2; ; ;1;2; ; ;1; ;12;1720,35225052451
3372121;1;3;2;2;11; ;3;11; ;1;2; ; ;1; ;12;1720,35225052451
3372122;1;1;2;2;73; ;2; ; ;1;2; ; ;1; ;12;2244,02796509094
3372122;1;2;2;2;73; ;2; ; ;1;2; ; ;1; ;12;2244,02796509094
3372122;1;3;2;2;73; ;2; ; ;1;2; ; ;1; ;12;2244,02796509094
3372122;1;4;1; ; ; ; ; ; ; ; ; ; ; ; ;12;2244,02796509094
3372122;2;1;2;2;25; ;2; ; ;1;2; ; ;1; ;12;2244,02796509094
3372122;2;2;2;2;73; ;2; ; ;1;2; ; ;1; ;12;2244,02796509094
3372122;2;3;1; ; ; ; ; ; ; ; ; ; ; ; ;12;2244,02796509094
3372122;2;4;1; ; ; ; ; ; ; ; ; ; ; ; ;12;2244,02796509094
3372122;2;5;1; ; ; ; ; ; ; ; ; ; ; ; ;12;2244,02796509094
3372123;1;1;1; ; ; ; ; ; ; ; ; ; ; ; ;12;2164,44282078923
3372123;1;2;2;1; ; ;2; ; ;1;2; ; ;1; ;12;2164,44282078923
3372123;1;3;1; ; ; ; ; ; ; ; ; ; ; ; ;12;2164,44282078923
3372123;1;4;1; ; ; ; ; ; ; ; ; ; ; ; ;12;2164,44282078923
3372125;1;1;2;2;11; ;3;11; ;1;3;73; ;1; ;12;2440,18521674572
3372126;1;1;2;2;41; ;2; ; ;1;2; ; ;1; ;12;1685,58241684599
3372126;1;2;2;1; ; ;2; ; ;1;2; ; ;1; ;12;1685,58241684599
3372126;1;3;1; ; ; ; ; ; ; ; ; ; ; ; ;12;1685,58241684599
3372127;1;1;2;2;25; ;2; ; ;1;2; ; ;1; ;12;2352,00962435206
3372127;1;2;2;2;25; ;2; ; ;1;2; ; ;1; ;12;2352,00962435206
3372127;1;3;1; ; ; ; ; ; ; ; ; ; ; ; ;12;2352,00962435206
3372128;1;1;2;1; ; ;3;25; ;1;2; ; ;1; ;12;2164,44282078923
3372128;1;2;2;2;11; ;2; ; ;1;2; ; ;1; ;12;2164,44282078923
3372128;1;3;1; ; ; ; ; ; ; ; ; ; ; ; ;12;2164,44282078923
3372128;1;4;1; ; ; ; ; ; ; ; ; ; ; ; ;12;2164,44282078923
3372129;1;1;2;2;08; ;2; ; ;1;2; ; ;1; ;12;2086,68491124334
3372129;1;2;2;2;76; ;2; ; ;1;2; ; ;1; ;12;2086,68491124334
3372129;1;3;1; ; ; ; ; ; ; ; ; ; ; ; ;12;2086,68491124334
3372130;1;1;2;2;11; ;2; ; ;1;2; ; ;1; ;12;1743,45866153961
3372130;1;2;2;2;11; ;3;11; ;1;2; ; ;1; ;12;1743,45866153961
3372130;1;3;2;2;11; ;2; ; ;1;2; ; ;1; ;12;1743,45866153961
3372131;1;1;2;2;47; ;3;20; ;1;2; ; ;1; ;12;2086,68491124334
3372131;1;2;2;2;20; ;3;20; ;1;2; ; ;1; ;12;2086,68491124334
3372131;1;3;1; ; ; ; ; ; ; ; ; ; ; ; ;12;2086,68491124334
3372132;1;1;2;2;25; ;2; ; ;1;2; ; ;1; ;12;2015,0370732993
3372132;1;2;2;2;11; ;2; ; ;1;2; ; ;1; ;12;2015,0370732993
3372132;1;3;2;2;25; ;2; ; ;1;2; ; ;1; ;12;2015,0370732993
3372132;1;4;2;2;25; ;2; ; ;1;3;25; ;1; ;12;2015,0370732993
3372132;1;5;2;2;11; ;1; ; ; ;1; ; ; ; ;12;2015,0370732993
3372134;1;1;1; ; ; ; ; ; ; ; ; ; ; ; ;12;2569,78489736818
3372134;1;2;1; ; ; ; ; ; ; ; ; ; ; ; ;12;2569,78489736818
3372134;1;3;1; ; ; ; ; ; ; ; ; ; ; ; ;12;2569,78489736818
3372134;1;4;1; ; ; ; ; ; ; ; ; ; ; ; ;12;2569,78489736818
3372135;1;1;2;2;11; ;2; ; ;1;2; ; ;1; ;12;1179,40739646728
3372135;1;2;1; ; ; ; ; ; ; ; ; ; ; ; ;12;1179,40739646728
3372135;1;3;1; ; ; ; ; ; ; ; ; ; ; ; ;12;1179,40739646728
3372135;1;4;2;2;15; ;2; ; ;1;2; ; ;1; ;12;1179,40739646728
3372136;1;1;2;2;52; ;2; ; ;1;2; ; ;1; ;12;2151,7540926219
3372137;1;1;2;2;25; ;2; ; ;1;2; ; ;1; ;12;2086,68491124334
3372137;1;2;2;2;25; ;3;25; ;1;2; ; ;1; ;12;2086,68491124334
3372137;1;3;2;2;25; ;1; ; ; ;2; ; ;1; ;12;2086,68491124334
3372138;1;1;2;2;25; ;2; ; ;1;2; ; ;1; ;12;1720,35225052451
3372138;1;2;2;2;73; ;2; ; ;1;2; ; ;1; ;12;1720,35225052451
3372138;1;3;1; ; ; ; ; ; ; ; ; ; ; ; ;12;1720,35225052451
3372139;1;1;1; ; ; ; ; ; ; ; ; ; ; ; ;12;1824,34492939917
3372139;1;2;2;2;25; ;2; ; ;1;2; ; ;1; ;12;1824,34492939917
3372139;1;3;1; ; ; ; ; ; ; ; ; ; ; ; ;12;1824,34492939917
3372140;1;1;2;2;73; ;2; ; ;1;2; ; ;1; ;12;2427,83630902763
3372140;1;2;2;2;25; ;2; ; ;1;2; ; ;1; ;12;2427,83630902763
3372140;1;3;1; ; ; ; ; ; ; ; ; ; ; ; ;12;2427,83630902763
3372140;1;4;2;2;11; ;2; ; ;1;2; ; ;1; ;12;2427,83630902763
3372140;1;5;1; ; ; ; ; ; ; ; ; ; ; ; ;12;2427,83630902763
3372140;1;6;2;2;11; ;2; ; ;1;2; ; ;1; ;12;2427,83630902763
3372140;1;7;2;2;11; ;2; ; ;1;2; ; ;1; ;12;2427,83630902763
3372140;1;8;1; ; ; ; ; ; ; ; ; ; ; ; ;12;2427,83630902763
3372140;1;9;1; ; ; ; ; ; ; ; ; ; ; ; ;12;2427,83630902763
3372141;1;1;2;2;15; ;2; ; ;1;2; ; ;1; ;12;1951,89911679105
3372141;1;2;2;2;66; ;2; ; ;1;2; ; ;1; ;12;1951,89911679105
3372142;1;1;2;2;11; ;3;11; ;1;3;11; ;1; ;12;2086,68491124334
3372142;1;2;2;2;76; ;3;11; ;1;3;11; ;1; ;12;2086,68491124334
3372142;1;3;2;2;11; ;1; ; ; ;3;11; ;1; ;12;2086,68491124334
3372143;1;1;1; ; ; ; ; ; ; ; ; ; ; ; ;12;2036,88863339735
3372143;1;2;2;1; ; ;2; ; ;1;2; ; ;1; ;12;2036,88863339735
3372143;1;3;2;2;11; ;2; ; ;1;2; ; ;1; ;12;2036,88863339735
3372143;1;4;1; ; ; ; ; ; ; ; ; ; ; ; ;12;2036,88863339735
3372143;1;5;1; ; ; ; ; ; ; ; ; ; ; ; ;12;2036,88863339735
3372144;1;1;2;2;05; ;2; ; ;1;2; ; ;1; ;12;1685,58241684599
3372144;1;2;2;2;11; ;3;11; ;1;2; ; ;1; ;12;1685,58241684599
3372144;1;3;1; ; ; ; ; ; ; ; ; ; ; ; ;12;1685,58241684599
3372145;1;1;2;2;25; ;2; ; ;2;2; ; ;2; ;12;934,72592234312
3372145;1;2;2;2;25; ;2; ; ;2;2; ; ;2; ;12;934,72592234312
3372145;1;3;2;2;25; ;2; ; ;2;2; ; ;2; ;12;934,72592234312
3372145;1;4;2;2;25; ;2; ; ;2;2; ; ;2; ;12;934,72592234312
3372146;1;1;2;2;25; ;2; ; ;2;2; ; ;2; ;12;763,751421516955
3372146;1;2;2;2;25; ;2; ; ;2;2; ; ;2; ;12;763,751421516955
3372146;1;3;2;2;25; ;4; ;4; ;2; ; ;2; ;12;763,751421516955
3372147;1;1;2;2;11; ;3;11; ;1;2; ; ;2; ;12;624,366128377499
3372147;1;2;2;2;11; ;3;11; ;1;2; ; ;2; ;12;624,366128377499
3372148;1;1;2;2;73; ;2; ; ;2;2; ; ;2; ;12;898,336915065198
3372148;1;2;2;2;73; ;2; ; ;2;2; ; ;2; ;12;898,336915065198
3372148;1;3;1; ; ; ; ; ; ; ; ; ; ; ; ;12;898,336915065198
3372148;1;4;1; ; ; ; ; ; ; ; ; ; ; ; ;12;898,336915065198
3372149;1;1;2;2;73; ;2; ; ;2;2; ; ;2; ;12;1174,65516835196
3372149;1;2;2;2;41; ;2; ; ;2;2; ; ;2; ;12;1174,65516835196
3372149;1;3;2;2;50; ;3;11; ;1;3;11; ;1;4;12;1174,65516835196
3372149;1;4;2;2;11; ;2; ; ;2;2; ; ;2; ;12;1174,65516835196
3372149;1;5;1; ; ; ; ; ; ; ; ; ; ; ; ;12;1174,65516835196
3372149;1;6;2;2;11; ;2; ; ;2;2; ; ;2; ;12;1174,65516835196
3372150;1;1;2;2;15; ;3;25; ;1;3;25; ;2; ;12;663,696012082038
3372150;1;2;2;2;25; ;3;25; ;1;2; ; ;2; ;12;663,696012082038
3372151;1;1;2;2;11; ;2; ; ;1;2; ; ;1; ;12;1847,90643791639
3372151;1;2;2;2;25; ;2; ; ;1;2; ; ;1; ;12;1847,90643791639
3372152;1;1;2;2;11; ;2; ; ;1;2; ; ;1; ;12;2365,2897834564
3372152;1;2;2;2;11; ;2; ; ;1;2; ; ;1; ;12;2365,2897834564
3372153;1;1;2;2;25; ;2; ; ;1;2; ; ;1; ;12;1455,02753741578
3372153;1;2;2;2;15; ;2; ; ;1;2; ; ;1; ;12;1455,02753741578
3372153;1;3;2;2;11; ;2; ; ;1;2; ; ;1; ;12;1455,02753741578
3372154;1;1;2;1; ; ;2; ; ;1;2; ; ;1; ;12;1972,41088295579
3372154;1;2;2;2;63; ;2; ; ;1;2; ; ;1; ;12;1972,41088295579
3372154;1;3;2;1; ; ;3;11; ;1;2; ; ;1; ;12;1972,41088295579
3372155;1;1;2;2;63; ;2; ; ;1;2; ; ;1; ;12;1827,39467175165
3372156;1;1;1; ; ; ; ; ; ; ; ; ; ; ; ;12;1899,1181076805
3372156;1;2;2;2;25; ;2; ; ;1;2; ; ;1; ;12;1899,1181076805
3372156;1;3;1; ; ; ; ; ; ; ; ; ; ; ; ;12;1899,1181076805
3372156;1;4;1; ; ; ; ; ; ; ; ; ; ; ; ;12;1899,1181076805
3372159;1;1;2;2;25; ;2; ; ;1;2; ; ;1; ;12;2387,40420763516
3372159;1;2;2;2;25; ;2; ; ;1;2; ; ;1; ;12;2387,40420763516
3372159;1;3;1; ; ; ; ; ; ; ; ; ; ; ; ;12;2387,40420763516
3372160;1;1;2;2;25; ;2; ; ;1;2; ; ;1; ;12;2133,28781968774
3372160;1;2;2;2;25; ;2; ; ;1;2; ; ;1; ;12;2133,28781968774
3372160;1;3;2;2;25; ;2; ; ;1;2; ; ;1; ;12;2133,28781968774
3372160;1;4;2;2;25; ;2; ; ;1;2; ; ;1; ;12;2133,28781968774
3372161;1;1;1; ; ; ; ; ; ; ; ; ; ; ; ;12;1478,44208176382
3372161;1;2;1; ; ; ; ; ; ; ; ; ; ; ; ;12;1478,44208176382
3372161;1;3;1; ; ; ; ; ; ; ; ; ; ; ; ;12;1478,44208176382
3372161;1;4;1; ; ; ; ; ; ; ; ; ; ; ; ;12;1478,44208176382
3372161;1;5;1; ; ; ; ; ; ; ; ; ; ; ; ;12;1478,44208176382
3372161;1;6;1; ; ; ; ; ; ; ; ; ; ; ; ;12;1478,44208176382
3372161;1;7;1; ; ; ; ; ; ; ; ; ; ; ; ;12;1478,44208176382
3372161;1;8;1; ; ; ; ; ; ; ; ; ; ; ; ;12;1478,44208176382
3372162;1;1;2;2;25; ;3;25; ;1;2; ; ;2; ;12;1269,11015874179
3372162;1;2;2;2;25; ;3;25; ;1;2; ; ;2; ;12;1269,11015874179
3372162;1;3;2;2;25; ;3;25; ;1;2; ; ;2; ;12;1269,11015874179
3372162;1;4;2;2;25; ;3;25; ;1;2; ; ;2; ;12;1269,11015874179
3372163;1;1;2;2;11; ;3;11; ;1;3;11; ;1;4;12;586,383480910881
3372163;1;2;2;1; ; ;3;11; ;1;3;11; ;1;4;12;586,383480910881
3372165;1;1;2;2;54; ;3;81; ;1;2; ; ;2; ;12;719,590290987424
3372165;1;2;2;2;11; ;3;11; ;1;3;11; ;1;1;12;719,590290987424
3372165;1;3;2;2;81; ;3;11; ;1;3;11; ;1;4;12;719,590290987424
3372165;1;4;2;2;81; ;3;11; ;1;3;11; ;1;1;12;719,590290987424
3372165;1;5;2;2;81; ;3;11; ;1;3;11; ;1;4;12;719,590290987424
3372166;1;1;2;1; ; ;2; ; ;2;2; ; ;2; ;12;897,962140335945
3372167;1;1;2;2;25; ;2; ; ;1;2; ; ;1; ;12;1345,48452545594
3372167;1;2;2;2;25; ;2; ; ;1;2; ; ;1; ;12;1345,48452545594
3372168;1;1;2;1; ; ;3;11; ;1;2; ; ;1; ;12;2735,72569292195
3372168;1;2;2;2;15; ;3;11; ;1;2; ; ;1; ;12;2735,72569292195
3372168;1;3;2;2;11; ;3;11; ;1;2; ; ;1; ;12;2735,72569292195
3372168;1;4;2;2;11; ;3;11; ;1;2; ; ;1; ;12;2735,72569292195
3372168;1;5;2;2;11; ;3;11; ;1;2; ; ;1; ;12;2735,72569292195
3372169;1;1;2;2;25; ;3;25; ;1;2; ; ;1; ;12;2003,68813906527
3372170;1;1;1; ; ; ; ; ; ; ; ; ; ; ; ;12;1831,57653645957
3372170;1;2;2;2;15; ;2; ; ;1;2; ; ;1; ;12;1831,57653645957
3372170;1;3;1; ; ; ; ; ; ; ; ; ; ; ; ;12;1831,57653645957
3372170;1;4;1; ; ; ; ; ; ; ; ; ; ; ; ;12;1831,57653645957
3372170;1;5;1; ; ; ; ; ; ; ; ; ; ; ; ;12;1831,57653645957
3372179;1;1;2;2;15; ;3;11; ;1;2; ; ;1; ;12;1847,90643791639
3372179;1;2;2;2;15; ;3;11; ;1;2; ; ;1; ;12;1847,90643791639
3372180;1;1;2;2;25; ;2; ; ;1;2; ; ;1; ;12;2376,9865247874
3372180;1;2;1; ; ; ; ; ; ; ; ; ; ; ; ;12;2376,9865247874
3372180;1;3;1; ; ; ; ; ; ; ; ; ; ; ; ;12;2376,9865247874
3372180;1;4;1; ; ; ; ; ; ; ; ; ; ; ; ;12;2376,9865247874
3372180;1;5;1; ; ; ; ; ; ; ; ; ; ; ; ;12;2376,9865247874
3372180;1;6;1; ; ; ; ; ; ; ; ; ; ; ; ;12;2376,9865247874
3372181;1;1;2;2;25; ;2; ; ;1;2; ; ;1; ;12;1696,79074200729
3372181;1;2;2;2;73; ;2; ; ;1;2; ; ;1; ;12;1696,79074200729
3372181;1;3;1; ; ; ; ; ; ; ; ; ; ; ; ;12;1696,79074200729
3372181;1;4;1; ; ; ; ; ; ; ; ; ; ; ; ;12;1696,79074200729
3372182;1;1;2;2;25; ;2; ; ;1;2; ; ;1; ;12;2122,93514792789
3372182;1;2;2;2;25; ;2; ; ;1;2; ; ;1; ;12;2122,93514792789
3372182;1;3;1; ; ; ; ; ; ; ; ; ; ; ; ;12;2122,93514792789
3372182;1;4;1; ; ; ; ; ; ; ; ; ; ; ; ;12;2122,93514792789
3372182;1;5;2;2;25; ;3;25; ;1;2; ; ;1; ;12;2122,93514792789
3372183;1;1;2;2;25; ;2; ; ;1;2; ; ;1; ;12;1847,90643791639
3372183;1;2;2;2;25; ;2; ; ;1;2; ; ;1; ;12;1847,90643791639
3372184;1;1;2;2;11; ;2; ; ;1;2; ; ;1; ;12;2569,78489736818
3372184;1;2;2;2;73; ;2; ; ;1;2; ; ;1; ;12;2569,78489736818
3372184;1;3;1; ; ; ; ; ; ; ; ; ; ; ; ;12;2569,78489736818
3372184;1;4;1; ; ; ; ; ; ; ; ; ; ; ; ;12;2569,78489736818
3372185;1;1;2;1; ; ;2; ; ;1;2; ; ;1; ;12;1847,90643791639
3372185;1;2;2;2;73; ;2; ; ;1;2; ; ;1; ;12;1847,90643791639
3372187;1;1;2;1; ; ;2; ; ;1;2; ; ;1; ;12;1847,90643791639
3372187;1;2;2;1; ; ;2; ; ;1;2; ; ;1; ;12;1847,90643791639
3372188;1;1;2;2;25; ;2; ; ;1;2; ; ;1; ;12;1827,39467175165
3372189;1;1;1; ; ; ; ; ; ; ; ; ; ; ; ;12;1470,76600793559
3372189;1;2;1; ; ; ; ; ; ; ; ; ; ; ; ;12;1470,76600793559
3372189;1;3;1; ; ; ; ; ; ; ; ; ; ; ; ;12;1470,76600793559
3372189;1;4;1; ; ; ; ; ; ; ; ; ; ; ; ;12;1470,76600793559
3372190;1;1;2;2;25; ;2; ; ;1;2; ; ;1; ;12;1523,54701704615
3372190;1;2;2;2;25; ;2; ; ;1;2; ; ;1; ;12;1523,54701704615
3372191;1;1;2;2;73; ;2; ; ;1;2; ; ;1; ;12;3056,95675547852
3372191;1;2;2;2;73; ;2; ; ;1;2; ; ;1; ;12;3056,95675547852
3372191;1;3;2;2;73; ;2; ; ;1;2; ; ;1; ;12;3056,95675547852
3372191;1;4;1; ; ; ; ; ; ; ; ; ; ; ; ;12;3056,95675547852
3372191;1;5;1; ; ; ; ; ; ; ; ; ; ; ; ;12;3056,95675547852
3372191;1;6;1; ; ; ; ; ; ; ; ; ; ; ; ;12;3056,95675547852
3372192;1;1;2;1; ; ;3;25; ;1;2; ; ;1; ;12;3032,20540713217
3372192;1;2;2;1; ; ;3;25; ;1;2; ; ;1; ;12;3032,20540713217
3372192;1;3;2;2;25; ;1; ; ; ;2; ; ;1; ;12;3032,20540713217
3372192;1;4;1; ; ; ; ; ; ; ; ; ; ; ; ;12;3032,20540713217
3372192;1;5;1; ; ; ; ; ; ; ; ; ; ; ; ;12;3032,20540713217
3372193;1;1;2;2;41; ;2; ; ;1;2; ; ;1; ;12;2440,18521674572
3372194;1;1;2;2;11; ;2; ; ;1;2; ; ;1; ;12;2274,97781958541
3372194;1;2;2;2;11; ;2; ; ;1;2; ; ;1; ;12;2274,97781958541
3372194;1;3;2;2;23; ;2; ; ;1;2; ; ;1; ;12;2274,97781958541
3372194;1;4;2;2;23; ;2; ; ;1;2; ; ;1; ;12;2274,97781958541
3372195;1;1;2;1; ; ;2; ; ;1;2; ; ;1; ;12;1951,89911679105
3372195;1;2;2;1; ; ;2; ; ;1;2; ; ;1; ;12;1951,89911679105
3372196;1;1;2;1; ; ;3;25; ;1;2; ; ;1; ;12;2537,63790943036
3372196;1;2;2;1; ; ;3;25; ;1;2; ; ;1; ;12;2537,63790943036
3372196;1;3;2;1; ; ;3;25; ;1;2; ; ;1; ;12;2537,63790943036
3372196;1;4;2;1; ; ;3;25; ;1;2; ; ;1; ;12;2537,63790943036
3372196;1;5;2;1; ; ;3;25; ;1;2; ; ;1; ;12;2537,63790943036
3372197;1;1;2;2;11; ;2; ; ;1;2; ; ;1; ;12;2040,93036258616
3372197;1;2;2;2;11; ;2; ; ;1;2; ; ;1; ;12;2040,93036258616
3372198;1;1;2;2;25; ;2; ; ;1;2; ; ;1; ;12;2151,7540926219
3372199;1;1;2;2;41; ;2; ; ;1;2; ; ;1; ;12;2344,77801729166
3372200;1;1;2;1; ; ;2; ; ;1;2; ; ;1; ;12;1951,89911679105
3372200;1;2;2;2;11; ;2; ; ;1;2; ; ;1; ;12;1951,89911679105
3372201;1;1;2;2;25; ;2; ; ;1;2; ; ;1; ;12;1523,54701704615
3372201;1;2;2;2;25; ;2; ; ;1;2; ; ;1; ;12;1523,54701704615
3372202;1;1;2;1; ; ;2; ; ;1;2; ; ;1; ;12;2061,4421287509
3372202;1;2;2;2;25; ;2; ; ;1;2; ; ;1; ;12;2061,4421287509
3372202;1;3;2;2;11; ;3;11; ;1;2; ; ;1; ;12;2061,4421287509
3372205;1;1;2;2;17; ;2; ; ;1;2; ; ;1; ;12;1434,51577125104
3372205;1;2;2;2;76; ;2; ; ;1;2; ; ;1; ;12;1434,51577125104
3372206;1;1;2;2;73; ;2; ; ;1;2; ; ;1; ;12;2653,72090758023
3372206;1;2;1; ; ; ; ; ; ; ; ; ; ; ; ;12;2653,72090758023
3372208;1;1;2;2;25; ;2; ; ;1;2; ; ;1; ;12;1827,39467175165
3372209;1;1;2;2;25; ;2; ; ;1;2; ; ;1; ;12;1847,90643791639
3372209;1;2;2;2;15; ;2; ; ;1;2; ; ;1; ;12;1847,90643791639
3372210;1;1;2;2;11; ;2; ; ;1;2; ; ;1; ;12;2474,37769791413
3372210;1;2;2;2;76; ;2; ; ;1;2; ; ;1; ;12;2474,37769791413
3372210;1;3;2;2;76; ;3;76; ;1;2; ; ;1; ;12;2474,37769791413
3372210;1;4;2;1; ; ;2; ; ;1;2; ; ;1; ;12;2474,37769791413
3372211;1;1;2;2;11; ;2; ; ;1;2; ; ;1; ;12;2352,00962435206
3372211;1;2;2;1; ; ;2; ; ;1;2; ; ;1; ;12;2352,00962435206
3372211;1;3;1; ; ; ; ; ; ; ; ; ; ; ; ;12;2352,00962435206
3372212;1;1;2;2;25; ;2; ; ;1;2; ; ;1; ;12;2172,26585878664
3372212;1;2;2;2;25; ;2; ; ;1;2; ; ;1; ;12;2172,26585878664
3372214;1;1;2;2;73; ;2; ; ;1;2; ; ;1; ;12;2260,84200707962
3372214;1;2;1; ; ; ; ; ; ; ; ; ; ; ; ;12;2260,84200707962
3372214;1;3;1; ; ; ; ; ; ; ; ; ; ; ; ;12;2260,84200707962
3372215;1;1;2;2;73; ;3;11; ;1;3;11; ;1; ;12;1843,86470872758
3372215;1;2;2;2;73; ;3;66; ;1;3;11; ;1; ;12;1843,86470872758
3372215;1;3;2;2;11; ;3;11; ;1;3;11; ;1; ;12;1843,86470872758
3372215;1;4;2;2;11; ;3;66; ;1;3;11; ;1; ;12;1843,86470872758
3372215;1;5;2;2;11; ;1; ; ; ;1; ; ; ; ;12;1843,86470872758
3372218;1;1;1; ; ; ; ; ; ; ; ; ; ; ; ;12;1824,34492939917
3372218;1;2;1; ; ; ; ; ; ; ; ; ; ; ; ;12;1824,34492939917
3372218;1;3;2;2;25; ;3;25; ;1;2; ; ;1; ;12;1824,34492939917
3372219;1;1;2;1; ; ;2; ; ;1;2; ; ;1; ;12;1720,35225052451
3372219;1;2;2;2;68; ;2; ; ;1;2; ; ;1; ;12;1720,35225052451
3372219;1;3;1; ; ; ; ; ; ; ; ; ; ; ; ;12;1720,35225052451
3372220;1;1;2;2;25; ;3;25; ;1;2; ; ;1; ;12;2061,4421287509
3372220;1;2;2;2;73; ;3;25; ;1;2; ; ;1; ;12;2061,4421287509
3372220;1;3;2;2;25; ;3;25; ;1;2; ; ;1; ;12;2061,4421287509
3372221;1;1;2;2;11; ;3;25; ;1;2; ; ;1; ;12;2866,2646115784
3372221;1;2;1; ; ; ; ; ; ; ; ; ; ; ; ;12;2866,2646115784
3372221;1;3;2;2;11; ;3;25; ;1;3;11; ;1; ;12;2866,2646115784
3372221;1;4;1; ; ; ; ; ; ; ; ; ; ; ; ;12;2866,2646115784
3372222;1;1;2;2;15; ;2; ; ;1;2; ; ;1; ;12;1434,51577125104
3372222;1;2;2;2;25; ;3;25; ;2;3;11; ;1; ;12;1434,51577125104
3372223;1;1;2;2;73; ;2; ; ;1;2; ; ;1; ;12;1899,1181076805
3372223;1;2;2;2;73; ;2; ; ;1;2; ; ;1; ;12;1899,1181076805
3372223;1;3;2;2;11; ;2; ; ;1;2; ; ;1; ;12;1899,1181076805
3372223;1;4;1; ; ; ; ; ; ; ; ; ; ; ; ;12;1899,1181076805
3372224;1;1;1; ; ; ; ; ; ; ; ; ; ; ; ;12;2151,7540926219
3372225;1;1;2;2;25; ;2; ; ;1;2; ; ;1; ;12;1465,24387574075
3372225;1;2;1; ; ; ; ; ; ; ; ; ; ; ; ;12;1465,24387574075
3372225;1;3;1; ; ; ; ; ; ; ; ; ; ; ; ;12;1465,24387574075
3372225;1;4;1; ; ; ; ; ; ; ; ; ; ; ; ;12;1465,24387574075
3372225;1;5;2;2;25; ;2; ; ;1;2; ; ;1; ;12;1465,24387574075
3372226;1;1;2;2;25; ;2; ; ;1;2; ; ;1; ;12;1803,34902270257
3372226;1;2;2;2;15; ;2; ; ;1;2; ; ;1; ;12;1803,34902270257
3372226;2;1;1; ; ; ; ; ; ; ; ; ; ; ; ;12;1803,34902270257
3372226;2;2;2;2;18; ;2; ; ;1;2; ; ;1; ;12;1803,34902270257
3372226;2;3;1; ; ; ; ; ; ; ; ; ; ; ; ;12;1803,34902270257
3372227;1;1;2;2;15; ;2; ; ;1;2; ; ;1; ;12;1881,10693224846
3372227;1;2;2;2;73; ;2; ; ;1;2; ; ;1; ;12;1881,10693224846
3372227;1;3;2;2;73; ;2; ; ;1;2; ; ;1; ;12;1881,10693224846
3372227;1;4;2;1; ; ;2; ; ;1;2; ; ;1; ;12;1881,10693224846
3372227;1;5;1; ; ; ; ; ; ; ; ; ; ; ; ;12;1881,10693224846
3372227;1;6;1; ; ; ; ; ; ; ; ; ; ; ; ;12;1881,10693224846
3372228;1;1;1; ; ; ; ; ; ; ; ; ; ; ; ;12;1847,90643791639
3372228;1;2;1; ; ; ; ; ; ; ; ; ; ; ; ;12;1847,90643791639
3372229;1;1;2;2;73; ;2; ; ;1;2; ; ;1; ;12;1738,36342595655
3372230;1;1;2;2;25; ;2; ; ;1;2; ; ;1; ;12;1524,60052344039
3372230;1;2;2;2;11; ;3;11; ;1;2; ; ;1; ;12;1524,60052344039
3372230;1;3;2;2;11; ;3;11; ;1;2; ; ;1; ;12;1524,60052344039
3372230;2;1;2;2;11; ;2; ; ;1;2; ; ;1; ;12;1524,60052344039
3372230;2;2;2;2;25; ;2; ; ;1;2; ; ;1; ;12;1524,60052344039
3372230;2;3;2;2;11; ;2; ; ;1;2; ; ;1; ;12;1524,60052344039
3372230;2;4;2;2;11; ;2; ; ;1;2; ; ;1; ;12;1524,60052344039
3372231;1;1;2;2;25; ;2; ; ;2;2; ; ;2; ;12;547,053597206341
3372231;1;2;2;2;25; ;2; ; ;2;2; ; ;2; ;12;547,053597206341
3372232;1;1;2;2;63; ;3;63; ;2;3;63; ;2; ;12;1098,7213206525
3372232;1;2;2;2;63; ;2; ; ;2;3;63; ;2; ;12;1098,7213206525
3372232;1;3;2;2;63; ;3;63; ;1;3;63; ;2; ;12;1098,7213206525
3372232;1;4;2;2;63; ;2; ; ;2;3;63; ;2; ;12;1098,7213206525
3372233;1;1;2;2;11; ;3;11; ;1;2; ; ;1; ;12;1827,39467175165
3372234;1;1;2;2;73; ;3;25; ;2;2; ; ;2; ;12;586,383480910881
3372234;1;2;2;2;25; ;3;25; ;2;2; ; ;2; ;12;586,383480910881
3372235;1;1;2;2;68; ;2; ; ;2;2; ; ;2; ;12;686,470337579577
3372236;1;1;2;2;73; ;3;73; ;1;2; ; ;2; ;12;586,383480910881
3372236;1;2;2;2;73; ;3;73; ;2;2; ; ;2; ;12;586,383480910881
3372237;1;1;2;2;73; ;3;25; ;2;3;25; ;2; ;12;1246,30458176819
3372237;1;2;2;2;25; ;3;25; ;1;3;25; ;2; ;12;1246,30458176819
3372237;1;3;2;2;73; ;3;25; ;1;3;25; ;1;3;12;1246,30458176819
3372238;1;1;2;2;25; ;2; ; ;1;2; ; ;1; ;12;2692,10751574212
3372238;1;2;1; ; ; ; ; ; ; ; ; ; ; ; ;12;2692,10751574212
3372238;1;3;1; ; ; ; ; ; ; ; ; ; ; ; ;12;2692,10751574212
3372238;1;4;1; ; ; ; ; ; ; ; ; ; ; ; ;12;2692,10751574212
3372239;1;1;2;2;25; ;2; ; ;1;3;25; ;1; ;12;1913,37617519428
3372239;1;2;1; ; ; ; ; ; ; ; ; ; ; ; ;12;1913,37617519428
3372239;1;3;1; ; ; ; ; ; ; ; ; ; ; ; ;12;1913,37617519428
3372240;1;1;2;2;25; ;2; ; ;1;2; ; ;1; ;12;1586,76358951558
3372240;1;2;2;2;25; ;2; ; ;1;2; ; ;1; ;12;1586,76358951558
3372240;1;3;1; ; ; ; ; ; ; ; ; ; ; ; ;12;1586,76358951558
3372240;1;4;1; ; ; ; ; ; ; ; ; ; ; ; ;12;1586,76358951558
3372240;1;5;2;2;25; ;2; ; ;1;2; ; ;1; ;12;1586,76358951558
3372240;1;6;1; ; ; ; ; ; ; ; ; ; ; ; ;12;1586,76358951558
3372241;1;1;1; ; ; ; ; ; ; ; ; ; ; ; ;12;1771,56392028862
3372241;1;2;1; ; ; ; ; ; ; ; ; ; ; ; ;12;1771,56392028862
3372241;1;3;1; ; ; ; ; ; ; ; ; ; ; ; ;12;1771,56392028862
3372241;1;4;1; ; ; ; ; ; ; ; ; ; ; ; ;12;1771,56392028862
3372241;1;5;2;2;73; ;3;73; ;1;2; ; ;1; ;12;1771,56392028862
3372242;1;1;2;2;25; ;2; ; ;1;2; ; ;1; ;12;1501,74471422045
3372242;1;2;1; ; ; ; ; ; ; ; ; ; ; ; ;12;1501,74471422045
3372242;1;3;1; ; ; ; ; ; ; ; ; ; ; ; ;12;1501,74471422045
3372242;1;4;1; ; ; ; ; ; ; ; ; ; ; ; ;12;1501,74471422045
3372242;1;5;1; ; ; ; ; ; ; ; ; ; ; ; ;12;1501,74471422045
3372242;2;1;1; ; ; ; ; ; ; ; ; ; ; ; ;12;1501,74471422045
3372242;2;2;1; ; ; ; ; ; ; ; ; ; ; ; ;12;1501,74471422045
3372242;2;3;1; ; ; ; ; ; ; ; ; ; ; ; ;12;1501,74471422045
3372242;3;1;1; ; ; ; ; ; ; ; ; ; ; ; ;12;1501,74471422045
3372242;3;2;1; ; ; ; ; ; ; ; ; ; ; ; ;12;1501,74471422045
3372242;3;3;1; ; ; ; ; ; ; ; ; ; ; ; ;12;1501,74471422045
3372242;3;4;1; ; ; ; ; ; ; ; ; ; ; ; ;12;1501,74471422045
3372242;3;5;1; ; ; ; ; ; ; ; ; ; ; ; ;12;1501,74471422045
3372243;1;1;2;2;25; ;2; ; ;1;2; ; ;1; ;12;2344,77801729166
3372244;1;1;2;2;11; ;2; ; ;1;2; ; ;1; ;12;2505,53269901562
3372244;1;2;2;2;11; ;2; ; ;1;2; ; ;1; ;12;2505,53269901562
3372244;1;3;2;2;11; ;3;11; ;1;2; ; ;1; ;12;2505,53269901562
3372244;1;4;2;2;11; ;2; ; ;1;2; ; ;1; ;12;2505,53269901562
3372245;1;1;2;2;41; ;3;11; ;1;2; ; ;1; ;12;2136,33756204022
3372245;1;2;2;2;11; ;3;11; ;1;2; ; ;1; ;12;2136,33756204022
3372246;1;1;2;2;11; ;2; ; ;1;2; ; ;1; ;12;1631,32100472941
3372246;1;2;1; ; ; ; ; ; ; ; ; ; ; ; ;12;1631,32100472941
3372246;1;3;1; ; ; ; ; ; ; ; ; ; ; ; ;12;1631,32100472941
3372247;1;1;2;2;25; ;2; ; ;2;2; ; ;2; ;12;686,470337579577
3372248;1;1;2;2;15; ;2; ; ;2;2; ; ;2; ;12;686,470337579577
3372249;1;1;2;2;76; ;2; ; ;2;2; ; ;2; ;12;1068,93664116211
3372249;1;2;1; ; ; ; ; ; ; ; ; ; ; ; ;12;1068,93664116211
3372250;1;1;2;2;25; ;2; ; ;2;2; ; ;2; ;12;686,470337579577
3372251;1;1;1; ; ; ; ; ; ; ; ; ; ; ; ;12;686,470337579577
3372252;1;1;1; ; ; ; ; ; ; ; ; ; ; ; ;12;1309,97098392518
3372252;1;2;1; ; ; ; ; ; ; ; ; ; ; ; ;12;1309,97098392518
3372252;1;3;1; ; ; ; ; ; ; ; ; ; ; ; ;12;1309,97098392518
3372252;1;4;1; ; ; ; ; ; ; ; ; ; ; ; ;12;1309,97098392518
3372253;1;1;2;2;25; ;2; ; ;2;2; ; ;2; ;12;1068,72575315449
3372253;1;2;1; ; ; ; ; ; ; ; ; ; ; ; ;12;1068,72575315449
3372253;1;3;1; ; ; ; ; ; ; ; ; ; ; ; ;12;1068,72575315449
3372253;1;4;1; ; ; ; ; ; ; ; ; ; ; ; ;12;1068,72575315449
3372255;1;1;2;2;41; ;2; ; ;1;2; ; ;1; ;12;2151,7540926219
3372258;1;1;1; ; ; ; ; ; ; ; ; ; ; ; ;12;2473,38571107779
3372258;1;2;2;2;73; ;2; ; ;1;2; ; ;1; ;12;2473,38571107779
3372258;1;3;1; ; ; ; ; ; ; ; ; ; ; ; ;12;2473,38571107779
3372258;1;4;1; ; ; ; ; ; ; ; ; ; ; ; ;12;2473,38571107779
3372258;1;5;1; ; ; ; ; ; ; ; ; ; ; ; ;12;2473,38571107779
3372259;1;1;1; ; ; ; ; ; ; ; ; ; ; ; ;12;1847,90643791639
3372259;1;2;2;2;25; ;2; ; ;1;2; ; ;1; ;12;1847,90643791639
3372260;1;1;1; ; ; ; ; ; ; ; ; ; ; ; ;12;2652,72892074389
3372260;1;2;1; ; ; ; ; ; ; ; ; ; ; ; ;12;2652,72892074389
3372260;1;3;1; ; ; ; ; ; ; ; ; ; ; ; ;12;2652,72892074389
3372261;1;1;2;1; ; ;4; ;3; ;2; ; ;1; ;12;2696,34709792373
3372261;1;2;2;1; ; ;4; ;3; ;2; ; ;1; ;12;2696,34709792373
3372261;1;3;2;1; ; ;4; ;3; ;2; ; ;1; ;12;2696,34709792373
3372261;1;4;2;1; ; ;4; ;3; ;2; ; ;1; ;12;2696,34709792373
3372262;1;1;2;2;25; ;2; ; ;1;2; ; ;1; ;12;1827,39467175165
3372263;1;1;2;1; ; ;2; ; ;1;2; ; ;1; ;12;1738,36342595655
3372264;1;1;1; ; ; ; ; ; ; ; ; ; ; ; ;12;371,40328574604
3372264;1;2;1; ; ; ; ; ; ; ; ; ; ; ; ;12;371,40328574604
3372265;1;1;2;2;13; ;2; ; ;1;2; ; ;1; ;12;340,155145762243
3372265;1;2;1; ; ; ; ; ; ; ; ; ; ; ; ;12;340,155145762243
3372265;1;3;1; ; ; ; ; ; ; ; ; ; ; ; ;12;340,155145762243
3372265;1;4;1; ; ; ; ; ; ; ; ; ; ; ; ;12;340,155145762243
3372265;1;5;2;2;13; ;2; ; ;1;2; ; ;1; ;12;340,155145762243
3372265;1;6;1; ; ; ; ; ; ; ; ; ; ; ; ;12;340,155145762243
3372265;1;7;1; ; ; ; ; ; ; ; ; ; ; ; ;12;340,155145762243
3372265;1;8;1; ; ; ; ; ; ; ; ; ; ; ; ;12;340,155145762243
3372265;1;9;2;2;13; ;3;13; ;1;2; ; ;1; ;12;340,155145762243
3372266;1;1;1; ; ; ; ; ; ; ; ; ; ; ; ;12;500,835342559432
3372266;1;2;1; ; ; ; ; ; ; ; ; ; ; ; ;12;500,835342559432
3372266;1;3;1; ; ; ; ; ; ; ; ; ; ; ; ;12;500,835342559432
3372266;1;4;2;2;13; ;2; ; ;1;2; ; ;1; ;12;500,835342559432
3372266;1;5;1; ; ; ; ; ; ; ; ; ; ; ; ;12;500,835342559432
3372266;1;6;1; ; ; ; ; ; ; ; ; ; ; ; ;12;500,835342559432
3372266;1;7;1; ; ; ; ; ; ; ; ; ; ; ; ;12;500,835342559432
3372266;1;8;1; ; ; ; ; ; ; ; ; ; ; ; ;12;500,835342559432
3372266;1;9;1; ; ; ; ; ; ; ; ; ; ; ; ;12;500,835342559432
3372266;1;10;1; ; ; ; ; ; ; ; ; ; ; ; ;12;500,835342559432
3372267;1;1;1; ; ; ; ; ; ; ; ; ; ; ; ;12;377,929444255589
3372267;1;2;1; ; ; ; ; ; ; ; ; ; ; ; ;12;377,929444255589
3372267;1;3;1; ; ; ; ; ; ; ; ; ; ; ; ;12;377,929444255589
3372267;1;4;1; ; ; ; ; ; ; ; ; ; ; ; ;12;377,929444255589
3372268;1;1;1; ; ; ; ; ; ; ; ; ; ; ; ;12;217,273156948382
3372268;1;2;1; ; ; ; ; ; ; ; ; ; ; ; ;12;217,273156948382
3372268;1;3;1; ; ; ; ; ; ; ; ; ; ; ; ;12;217,273156948382
3372268;1;4;1; ; ; ; ; ; ; ; ; ; ; ; ;12;217,273156948382
3372268;1;5;1; ; ; ; ; ; ; ; ; ; ; ; ;12;217,273156948382
3372268;1;6;1; ; ; ; ; ; ; ; ; ; ; ; ;12;217,273156948382
3372269;1;1;1; ; ; ; ; ; ; ; ; ; ; ; ;12;425,881561631042
3372269;1;2;1; ; ; ; ; ; ; ; ; ; ; ; ;12;425,881561631042
3372269;1;3;1; ; ; ; ; ; ; ; ; ; ; ; ;12;425,881561631042
3372270;1;1;2;2;05; ;2; ; ;1;2; ; ;1; ;12;410,666713933558
3372270;1;2;2;2;68; ;2; ; ;1;2; ; ;1; ;12;410,666713933558
3372270;1;3;1; ; ; ; ; ; ; ; ; ; ; ; ;12;410,666713933558
3372270;1;4;1; ; ; ; ; ; ; ; ; ; ; ; ;12;410,666713933558
3372271;1;1;2;2;23; ;3;23; ;1;2; ; ;1; ;12;431,81535169649
3372271;1;2;2;2;23; ;3;23; ;1;2; ; ;1; ;12;431,81535169649
3372271;1;3;2;2;23; ;3;23; ;1;3;23; ;1; ;12;431,81535169649
3372271;1;4;2;2;23; ;3;23; ;1;3;23; ;1; ;12;431,81535169649
3372271;1;5;2;2;23; ;3;23; ;1;3;23; ;1; ;12;431,81535169649
3372271;1;6;2;2;23; ;3;23; ;1;3;23; ;1; ;12;431,81535169649
3372271;1;7;2;2;08; ;3;08; ;1;3;08; ;1; ;12;431,81535169649
3372272;1;1;2;2;47; ;2; ; ;1;2; ; ;1; ;12;277,525873697476
3372272;1;2;2;2;47; ;2; ; ;1;2; ; ;1; ;12;277,525873697476
3372272;1;3;2;2;47; ;2; ; ;1;2; ; ;1; ;12;277,525873697476
3372272;1;4;2;2;47; ;2; ; ;1;2; ; ;1; ;12;277,525873697476
3372272;1;5;1; ; ; ; ; ; ; ; ; ; ; ; ;12;277,525873697476
3372272;1;6;2;2;47; ;3;47; ;1;2; ; ;1; ;12;277,525873697476
3372272;1;7;2;2;47; ;3;47; ;1;2; ; ;1; ;12;277,525873697476
3372273;1;1;1; ; ; ; ; ; ; ; ; ; ; ; ;12;288,108464016904
3372273;1;2;1; ; ; ; ; ; ; ; ; ; ; ; ;12;288,108464016904
3372274;1;1;1; ; ; ; ; ; ; ; ; ; ; ; ;12;465,13175672433
3372274;1;2;1; ; ; ; ; ; ; ; ; ; ; ; ;12;465,13175672433
3372274;1;3;1; ; ; ; ; ; ; ; ; ; ; ; ;12;465,13175672433
3372274;1;4;1; ; ; ; ; ; ; ; ; ; ; ; ;12;465,13175672433
3372274;1;5;1; ; ; ; ; ; ; ; ; ; ; ; ;12;465,13175672433
3372274;1;6;1; ; ; ; ; ; ; ; ; ; ; ; ;12;465,13175672433
3372274;1;7;1; ; ; ; ; ; ; ; ; ; ; ; ;12;465,13175672433
3372275;1;1;1; ; ; ; ; ; ; ; ; ; ; ; ;12;400,822237841899
3372275;1;2;1; ; ; ; ; ; ; ; ; ; ; ; ;12;400,822237841899
3372275;1;3;1; ; ; ; ; ; ; ; ; ; ; ; ;12;400,822237841899
3372275;1;4;1; ; ; ; ; ; ; ; ; ; ; ; ;12;400,822237841899
3372275;1;5;1; ; ; ; ; ; ; ; ; ; ; ; ;12;400,822237841899
3372275;1;6;1; ; ; ; ; ; ; ; ; ; ; ; ;12;400,822237841899
3372275;1;7;1; ; ; ; ; ; ; ; ; ; ; ; ;12;400,822237841899
3372276;1;1;1; ; ; ; ; ; ; ; ; ; ; ; ;12;441,87455460449
3372276;1;2;1; ; ; ; ; ; ; ; ; ; ; ; ;12;441,87455460449
3372276;1;3;1; ; ; ; ; ; ; ; ; ; ; ; ;12;441,87455460449
3372277;1;1;1; ; ; ; ; ; ; ; ; ; ; ; ;12;415,917767386221
3372277;1;2;2;2;54; ;2; ; ;1;2; ; ;1; ;12;415,917767386221
3372277;1;3;1; ; ; ; ; ; ; ; ; ; ; ; ;12;415,917767386221
3372277;1;4;1; ; ; ; ; ; ; ; ; ; ; ; ;12;415,917767386221
3372277;1;5;1; ; ; ; ; ; ; ; ; ; ; ; ;12;415,917767386221
3372278;1;1;1; ; ; ; ; ; ; ; ; ; ; ; ;12;363,237983969533
3372278;1;2;1; ; ; ; ; ; ; ; ; ; ; ; ;12;363,237983969533
3372278;1;3;1; ; ; ; ; ; ; ; ; ; ; ; ;12;363,237983969533
3372278;1;4;1; ; ; ; ; ; ; ; ; ; ; ; ;12;363,237983969533
3372279;1;1;2;2;05; ;2; ; ;1;2; ; ;1; ;12;361,208004538538
3372279;1;2;2;2;05; ;2; ; ;1;2; ; ;1; ;12;361,208004538538
3372279;1;3;1; ; ; ; ; ; ; ; ; ; ; ; ;12;361,208004538538
3372279;1;4;2;2;05; ;2; ; ;1;2; ; ;1; ;12;361,208004538538
3372279;1;5;1; ; ; ; ; ; ; ; ; ; ; ; ;12;361,208004538538
3372279;1;6;1; ; ; ; ; ; ; ; ; ; ; ; ;12;361,208004538538
3372279;1;7;1; ; ; ; ; ; ; ; ; ; ; ; ;12;361,208004538538
3372279;1;8;1; ; ; ; ; ; ; ; ; ; ; ; ;12;361,208004538538
3372280;1;1;1; ; ; ; ; ; ; ; ; ; ; ; ;12;579,24358296036
3372280;1;2;1; ; ; ; ; ; ; ; ; ; ; ; ;12;579,24358296036
3372280;1;3;1; ; ; ; ; ; ; ; ; ; ; ; ;12;579,24358296036
3372280;1;4;1; ; ; ; ; ; ; ; ; ; ; ; ;12;579,24358296036
3372280;1;5;1; ; ; ; ; ; ; ; ; ; ; ; ;12;579,24358296036
3372280;1;6;1; ; ; ; ; ; ; ; ; ; ; ; ;12;579,24358296036
3372281;1;1;1; ; ; ; ; ; ; ; ; ; ; ; ;12;433,778233860655
3372281;1;2;1; ; ; ; ; ; ; ; ; ; ; ; ;12;433,778233860655
3372281;1;3;1; ; ; ; ; ; ; ; ; ; ; ; ;12;433,778233860655
3372281;1;4;1; ; ; ; ; ; ; ; ; ; ; ; ;12;433,778233860655
3372282;1;1;1; ; ; ; ; ; ; ; ; ; ; ; ;12;371,40328574604
3372282;1;2;2;2;05; ;2; ; ;1;2; ; ;1; ;12;371,40328574604
3372283;1;1;1; ; ; ; ; ; ; ; ; ; ; ; ;12;410,666713933558
3372283;1;2;2;2;23; ;2; ; ;1;2; ; ;1; ;12;410,666713933558
3372283;1;3;1; ; ; ; ; ; ; ; ; ; ; ; ;12;410,666713933558
3372283;1;4;1; ; ; ; ; ; ; ; ; ; ; ; ;12;410,666713933558
3372284;1;1;1; ; ; ; ; ; ; ; ; ; ; ; ;12;505,366331077146
3372285;1;1;2;2;63; ;2; ; ;1;2; ; ;1; ;12;332,808288574565
3372285;1;2;2;2;17; ;2; ; ;1;2; ; ;1; ;12;332,808288574565
3372285;1;3;1; ; ; ; ; ; ; ; ; ; ; ; ;12;332,808288574565
3372285;1;4;1; ; ; ; ; ; ; ; ; ; ; ; ;12;332,808288574565
3372285;1;5;1; ; ; ; ; ; ; ; ; ; ; ; ;12;332,808288574565
3372285;1;6;2;2;17; ;2; ; ;1;2; ; ;1; ;12;332,808288574565
3372286;1;1;2;1; ; ;3;76; ;1;3;18; ;1; ;12;371,40328574604
3372286;1;2;1; ; ; ; ; ; ; ; ; ; ; ; ;12;371,40328574604
3372287;1;1;2;2;13; ;2; ; ;1;2; ; ;1; ;12;371,40328574604
3372287;1;2;2;2;13; ;2; ; ;1;2; ; ;1; ;12;371,40328574604
3372288;1;1;2;2;23; ;2; ; ;1;2; ; ;1; ;12;432,931107552019
3372288;1;2;1; ; ; ; ; ; ; ; ; ; ; ; ;12;432,931107552019
3372288;1;3;1; ; ; ; ; ; ; ; ; ; ; ; ;12;432,931107552019
3372288;1;4;1; ; ; ; ; ; ; ; ; ; ; ; ;12;432,931107552019
3372292;1;1;1; ; ; ; ; ; ; ; ; ; ; ; ;12;425,881561631042
3372292;1;2;1; ; ; ; ; ; ; ; ; ; ; ; ;12;425,881561631042
3372292;1;3;1; ; ; ; ; ; ; ; ; ; ; ; ;12;425,881561631042
3372295;1;1;2;2;17; ;2; ; ;1;2; ; ;1; ;12;465,993188629707
3372295;1;2;2;2;70; ;2; ; ;1;2; ; ;1; ;12;465,993188629707
3372295;1;3;2;2;70; ;2; ; ;1;2; ; ;1; ;12;465,993188629707
3372295;1;4;1; ; ; ; ; ; ; ; ; ; ; ; ;12;465,993188629707
3372296;1;1;1; ; ; ; ; ; ; ; ; ; ; ; ;12;367,601177886312
3372296;1;2;2;2;13; ;2; ; ;1;2; ; ;1; ;12;367,601177886312
3372296;1;3;1; ; ; ; ; ; ; ; ; ; ; ; ;12;367,601177886312
3372296;1;4;1; ; ; ; ; ; ; ; ; ; ; ; ;12;367,601177886312
3372296;1;5;1; ; ; ; ; ; ; ; ; ; ; ; ;12;367,601177886312
3372296;1;6;1; ; ; ; ; ; ; ; ; ; ; ; ;12;367,601177886312
3372296;1;7;1; ; ; ; ; ; ; ; ; ; ; ; ;12;367,601177886312
3372296;1;8;1; ; ; ; ; ; ; ; ; ; ; ; ;12;367,601177886312
3372296;1;9;1; ; ; ; ; ; ; ; ; ; ; ; ;12;367,601177886312
3372297;1;1;1; ; ; ; ; ; ; ; ; ; ; ; ;12;450,039856380996
3372298;1;1;1; ; ; ; ; ; ; ; ; ; ; ; ;12;346,128864817099
3372299;1;1;1; ; ; ; ; ; ; ; ; ; ; ; ;12;272,89361631942
3372299;1;2;1; ; ; ; ; ; ; ; ; ; ; ; ;12;272,89361631942
3372299;1;3;1; ; ; ; ; ; ; ; ; ; ; ; ;12;272,89361631942
3372300;1;1;1; ; ; ; ; ; ; ; ; ; ; ; ;12;377,929444255589
3372300;1;2;2;2;23; ;2; ; ;1;2; ; ;1; ;12;377,929444255589
3372300;1;3;1; ; ; ; ; ; ; ; ; ; ; ; ;12;377,929444255589
3372300;1;4;1; ; ; ; ; ; ; ; ; ; ; ; ;12;377,929444255589
3372301;1;1;1; ; ; ; ; ; ; ; ; ; ; ; ;12;340,973590351072
3372301;1;2;1; ; ; ; ; ; ; ; ; ; ; ; ;12;340,973590351072
3372301;1;3;1; ; ; ; ; ; ; ; ; ; ; ; ;12;340,973590351072
3372301;1;4;1; ; ; ; ; ; ; ; ; ; ; ; ;12;340,973590351072
3372302;1;1;1; ; ; ; ; ; ; ; ; ; ; ; ;12;480,359837516043
3372302;1;2;2;2;13; ;2; ; ;1;2; ; ;1; ;12;480,359837516043
3372302;1;3;1; ; ; ; ; ; ; ; ; ; ; ; ;12;480,359837516043
3372302;1;4;1; ; ; ; ; ; ; ; ; ; ; ; ;12;480,359837516043
3372303;1;1;2;2;13; ;2; ; ;1;2; ; ;1; ;12;308,464650907131
3372303;1;2;2;2;13; ;2; ; ;1;2; ; ;1; ;12;308,464650907131
3372303;1;3;1; ; ; ; ; ; ; ; ; ; ; ; ;12;308,464650907131
3372303;1;4;1; ; ; ; ; ; ; ; ; ; ; ; ;12;308,464650907131
3372303;1;5;1; ; ; ; ; ; ; ; ; ; ; ; ;12;308,464650907131
3372303;1;6;2;2;70; ;2; ; ;1;2; ; ;1; ;12;308,464650907131
3372303;1;7;2;2;13; ;2; ; ;1;2; ; ;1; ;12;308,464650907131
3372304;1;1;1; ; ; ; ; ; ; ; ; ; ; ; ;12;432,931107552019
3372304;1;2;1; ; ; ; ; ; ; ; ; ; ; ; ;12;432,931107552019
3372304;1;3;1; ; ; ; ; ; ; ; ; ; ; ; ;12;432,931107552019
3372304;1;4;1; ; ; ; ; ; ; ; ; ; ; ; ;12;432,931107552019
3372305;1;1;1; ; ; ; ; ; ; ; ; ; ; ; ;12;400,6071407021
3372305;1;2;1; ; ; ; ; ; ; ; ; ; ; ; ;12;400,6071407021
3372306;1;1;1; ; ; ; ; ; ; ; ; ; ; ; ;12;511,528017462238
3372306;1;2;1; ; ; ; ; ; ; ; ; ; ; ; ;12;511,528017462238
3372306;1;3;1; ; ; ; ; ; ; ; ; ; ; ; ;12;511,528017462238
3372306;1;4;1; ; ; ; ; ; ; ; ; ; ; ; ;12;511,528017462238
3372306;1;5;2;2;13; ;2; ; ;1;2; ; ;1; ;12;511,528017462238
3372306;1;6;2;2;13; ;2; ; ;1;2; ; ;1; ;12;511,528017462238
3372307;1;1;2;2;76; ;2; ; ;1;2; ; ;1; ;12;370,356510923183
3372307;1;2;1; ; ; ; ; ; ; ; ; ; ; ; ;12;370,356510923183
3372307;1;3;1; ; ; ; ; ; ; ; ; ; ; ; ;12;370,356510923183
3372307;1;4;1; ; ; ; ; ; ; ; ; ; ; ; ;12;370,356510923183
3372308;1;1;1; ; ; ; ; ; ; ; ; ; ; ; ;12;602,988574882264
3372308;1;2;1; ; ; ; ; ; ; ; ; ; ; ; ;12;602,988574882264
3372308;1;3;1; ; ; ; ; ; ; ; ; ; ; ; ;12;602,988574882264
3372308;1;4;1; ; ; ; ; ; ; ; ; ; ; ; ;12;602,988574882264
3372308;1;5;1; ; ; ; ; ; ; ; ; ; ; ; ;12;602,988574882264
3372308;1;6;1; ; ; ; ; ; ; ; ; ; ; ; ;12;602,988574882264
3372309;1;1;1; ; ; ; ; ; ; ; ; ; ; ; ;12;455,93361539825
3372309;1;2;1; ; ; ; ; ; ; ; ; ; ; ; ;12;455,93361539825
3372310;1;1;1; ; ; ; ; ; ; ; ; ; ; ; ;12;361,787139888409
3372310;1;2;1; ; ; ; ; ; ; ; ; ; ; ; ;12;361,787139888409
3372310;1;3;1; ; ; ; ; ; ; ; ; ; ; ; ;12;361,787139888409
3372310;1;4;1; ; ; ; ; ; ; ; ; ; ; ; ;12;361,787139888409
3372310;1;5;1; ; ; ; ; ; ; ; ; ; ; ; ;12;361,787139888409
3372310;1;6;1; ; ; ; ; ; ; ; ; ; ; ; ;12;361,787139888409
3372310;1;7;1; ; ; ; ; ; ; ; ; ; ; ; ;12;361,787139888409
3372310;1;8;1; ; ; ; ; ; ; ; ; ; ; ; ;12;361,787139888409
3372311;1;1;2;2;13; ;2; ; ;1;2; ; ;1; ;12;375,173740895261
3372311;1;2;1; ; ; ; ; ; ; ; ; ; ; ; ;12;375,173740895261
3372311;1;3;1; ; ; ; ; ; ; ; ; ; ; ; ;12;375,173740895261
3372312;1;1;1; ; ; ; ; ; ; ; ; ; ; ; ;12;333,669720479943
3372312;1;2;2;2;47; ;2; ; ;1;2; ; ;1; ;12;333,669720479943
3372312;1;3;1; ; ; ; ; ; ; ; ; ; ; ; ;12;333,669720479943
3372313;1;1;2;2;05; ;2; ; ;1;2; ; ;1; ;12;425,129843985585
3372314;1;1;2;2;44; ;2; ; ;1;2; ; ;1; ;12;415,070641077585
3372314;1;2;2;2;13; ;2; ; ;1;2; ; ;1; ;12;415,070641077585
3372314;1;3;1; ; ; ; ; ; ; ; ; ; ; ; ;12;415,070641077585
3372314;1;4;1; ; ; ; ; ; ; ; ; ; ; ; ;12;415,070641077585
3372314;1;5;1; ; ; ; ; ; ; ; ; ; ; ; ;12;415,070641077585
3372315;1;1;2;2;13; ;2; ; ;1;2; ; ;1; ;12;409,391608876672
3372315;1;2;2;2;13; ;4; ;3; ;2; ; ;1; ;12;409,391608876672
3372315;1;3;1; ; ; ; ; ; ; ; ; ; ; ; ;12;409,391608876672
3372316;1;1;1; ; ; ; ; ; ; ; ; ; ; ; ;12;450,778340932223
3372316;1;2;1; ; ; ; ; ; ; ; ; ; ; ; ;12;450,778340932223
3372316;1;3;1; ; ; ; ; ; ; ; ; ; ; ; ;12;450,778340932223
3372316;1;4;1; ; ; ; ; ; ; ; ; ; ; ; ;12;450,778340932223
3372316;1;5;1; ; ; ; ; ; ; ; ; ; ; ; ;12;450,778340932223
3372317;1;1;1; ; ; ; ; ; ; ; ; ; ; ; ;12;435,901537728688
3372317;1;2;2;2;23; ;2; ; ;1;2; ; ;1; ;12;435,901537728688
3372317;1;3;1; ; ; ; ; ; ; ; ; ; ; ; ;12;435,901537728688
3372317;1;4;1; ; ; ; ; ; ; ; ; ; ; ; ;12;435,901537728688
3372321;1;1;1; ; ; ; ; ; ; ; ; ; ; ; ;12;465,469801218278
3372321;1;2;1; ; ; ; ; ; ; ; ; ; ; ; ;12;465,469801218278
3372321;1;3;1; ; ; ; ; ; ; ; ; ; ; ; ;12;465,469801218278
3372321;1;4;1; ; ; ; ; ; ; ; ; ; ; ; ;12;465,469801218278
3372321;1;5;1; ; ; ; ; ; ; ; ; ; ; ; ;12;465,469801218278
3372323;1;1;1; ; ; ; ; ; ; ; ; ; ; ; ;12;455,93361539825
3372323;1;2;1; ; ; ; ; ; ; ; ; ; ; ; ;12;455,93361539825
3372324;1;1;2;2;68; ;2; ; ;1;2; ; ;1; ;12;377,929444255589
3372324;1;2;2;2;68; ;2; ; ;1;2; ; ;1; ;12;377,929444255589
3372324;1;3;1; ; ; ; ; ; ; ; ; ; ; ; ;12;377,929444255589
3372324;1;4;1; ; ; ; ; ; ; ; ; ; ; ; ;12;377,929444255589
3372325;1;1;2;2;76; ;2; ; ;1;2; ; ;1; ;12;306,75572236966
3372325;1;2;1; ; ; ; ; ; ; ; ; ; ; ; ;12;306,75572236966
3372325;1;3;1; ; ; ; ; ; ; ; ; ; ; ; ;12;306,75572236966
3372325;1;4;1; ; ; ; ; ; ; ; ; ; ; ; ;12;306,75572236966
3372326;1;1;1; ; ; ; ; ; ; ; ; ; ; ; ;12;487,409383437021
3372326;1;2;1; ; ; ; ; ; ; ; ; ; ; ; ;12;487,409383437021
3372326;1;3;1; ; ; ; ; ; ; ; ; ; ; ; ;12;487,409383437021
3372326;1;4;1; ; ; ; ; ; ; ; ; ; ; ; ;12;487,409383437021
3372326;1;5;1; ; ; ; ; ; ; ; ; ; ; ; ;12;487,409383437021
3372327;1;1;1; ; ; ; ; ; ; ; ; ; ; ; ;12;363,237983969533
3372327;1;2;1; ; ; ; ; ; ; ; ; ; ; ; ;12;363,237983969533
3372327;1;3;1; ; ; ; ; ; ; ; ; ; ; ; ;12;363,237983969533
3372327;1;4;1; ; ; ; ; ; ; ; ; ; ; ; ;12;363,237983969533
3372328;1;1;1; ; ; ; ; ; ; ; ; ; ; ; ;12;385,502377587995
3372328;1;2;1; ; ; ; ; ; ; ; ; ; ; ; ;12;385,502377587995
3372328;1;3;1; ; ; ; ; ; ; ; ; ; ; ; ;12;385,502377587995
3372328;1;4;1; ; ; ; ; ; ; ; ; ; ; ; ;12;385,502377587995
3372329;1;1;1; ; ; ; ; ; ; ; ; ; ; ; ;12;481,208036327191
3372329;1;2;2;2;13; ;2; ; ;1;2; ; ;1; ;12;481,208036327191
3372329;1;3;1; ; ; ; ; ; ; ; ; ; ; ; ;12;481,208036327191
3372330;1;1;1; ; ; ; ; ; ; ; ; ; ; ; ;12;380,575063032539
3372330;1;2;1; ; ; ; ; ; ; ; ; ; ; ; ;12;380,575063032539
3372330;1;3;1; ; ; ; ; ; ; ; ; ; ; ; ;12;380,575063032539
3372330;1;4;1; ; ; ; ; ; ; ; ; ; ; ; ;12;380,575063032539
3372331;1;1;2;2;13; ;2; ; ;1;2; ; ;1; ;12;440,718767700766
3372331;1;2;1; ; ; ; ; ; ; ; ; ; ; ; ;12;440,718767700766
3372331;1;3;2;2;11; ;3;11; ;1;2; ; ;1; ;12;440,718767700766
3372332;1;1;1; ; ; ; ; ; ; ; ; ; ; ; ;12;371,40328574604
3372332;1;2;1; ; ; ; ; ; ; ; ; ; ; ; ;12;371,40328574604
3372333;1;1;2;2;70; ;2; ; ;1;2; ; ;1; ;12;396,313298141451
3372333;1;2;1; ; ; ; ; ; ; ; ; ; ; ; ;12;396,313298141451
3372334;1;1;1; ; ; ; ; ; ; ; ; ; ; ; ;12;447,512853578154
3372334;1;2;1; ; ; ; ; ; ; ; ; ; ; ; ;12;447,512853578154
3372334;1;3;1; ; ; ; ; ; ; ; ; ; ; ; ;12;447,512853578154
3372334;1;4;1; ; ; ; ; ; ; ; ; ; ; ; ;12;447,512853578154
3372334;1;5;1; ; ; ; ; ; ; ; ; ; ; ; ;12;447,512853578154
3372334;1;6;1; ; ; ; ; ; ; ; ; ; ; ; ;12;447,512853578154
3372334;1;7;1; ; ; ; ; ; ; ; ; ; ; ; ;12;447,512853578154
3372334;1;8;1; ; ; ; ; ; ; ; ; ; ; ; ;12;447,512853578154
3372334;1;9;1; ; ; ; ; ; ; ; ; ; ; ; ;12;447,512853578154
3372335;1;1;1; ; ; ; ; ; ; ; ; ; ; ; ;12;494,783740757717
3372335;1;2;1; ; ; ; ; ; ; ; ; ; ; ; ;12;494,783740757717
3372335;1;3;1; ; ; ; ; ; ; ; ; ; ; ; ;12;494,783740757717
3372335;1;4;1; ; ; ; ; ; ; ; ; ; ; ; ;12;494,783740757717
3372335;1;5;1; ; ; ; ; ; ; ; ; ; ; ; ;12;494,783740757717
3372335;1;6;1; ; ; ; ; ; ; ; ; ; ; ; ;12;494,783740757717
3372336;1;1;1; ; ; ; ; ; ; ; ; ; ; ; ;12;434,825008683512
3372336;1;2;2;2;23; ;2; ; ;1;2; ; ;1; ;12;434,825008683512
3372337;1;1;2;2;23; ;2; ; ;1;2; ; ;1; ;12;485,50187888784
3372337;1;2;2;2;13; ;2; ; ;1;2; ; ;1; ;12;485,50187888784
3372337;1;3;1; ; ; ; ; ; ; ; ; ; ; ; ;12;485,50187888784
3372338;1;1;2;2;44; ;2; ; ;1;2; ; ;1; ;12;425,358174219613
3372338;1;2;1; ; ; ; ; ; ; ; ; ; ; ; ;12;425,358174219613
3372338;1;3;1; ; ; ; ; ; ; ; ; ; ; ; ;12;425,358174219613
3372338;1;4;1; ; ; ; ; ; ; ; ; ; ; ; ;12;425,358174219613
3372339;1;1;1; ; ; ; ; ; ; ; ; ; ; ; ;12;534,838113401045
3372339;1;2;1; ; ; ; ; ; ; ; ; ; ; ; ;12;534,838113401045
3372339;1;3;1; ; ; ; ; ; ; ; ; ; ; ; ;12;534,838113401045
3372339;1;4;1; ; ; ; ; ; ; ; ; ; ; ; ;12;534,838113401045
3372339;1;5;1; ; ; ; ; ; ; ; ; ; ; ; ;12;534,838113401045
3372340;1;1;2;2;23; ;2; ; ;1;2; ; ;1; ;12;346,128864817099
3372341;1;1;1; ; ; ; ; ; ; ; ; ; ; ; ;12;440,827779781633
3372341;1;2;1; ; ; ; ; ; ; ; ; ; ; ; ;12;440,827779781633
3372341;1;3;1; ; ; ; ; ; ; ; ; ; ; ; ;12;440,827779781633
3372341;1;4;1; ; ; ; ; ; ; ; ; ; ; ; ;12;440,827779781633
3372341;1;5;1; ; ; ; ; ; ; ; ; ; ; ; ;12;440,827779781633
3372342;1;1;2;2;23; ;2; ; ;1;2; ; ;1; ;12;371,108228568639
3372342;1;2;1; ; ; ; ; ; ; ; ; ; ; ; ;12;371,108228568639
3372342;1;3;1; ; ; ; ; ; ; ; ; ; ; ; ;12;371,108228568639
3372342;1;4;1; ; ; ; ; ; ; ; ; ; ; ; ;12;371,108228568639
3372342;1;5;1; ; ; ; ; ; ; ; ; ; ; ; ;12;371,108228568639
3372342;1;6;1; ; ; ; ; ; ; ; ; ; ; ; ;12;371,108228568639
3372343;1;1;1; ; ; ; ; ; ; ; ; ; ; ; ;12;455,93361539825
3372343;1;2;1; ; ; ; ; ; ; ; ; ; ; ; ;12;455,93361539825
3372344;1;1;1; ; ; ; ; ; ; ; ; ; ; ; ;12;371,40328574604
3372344;1;2;1; ; ; ; ; ; ; ; ; ; ; ; ;12;371,40328574604
3372345;1;1;1; ; ; ; ; ; ; ; ; ; ; ; ;12;346,128864817099
3372349;1;1;1; ; ; ; ; ; ; ; ; ; ; ; ;12;355,665050637127
3372349;1;2;1; ; ; ; ; ; ; ; ; ; ; ; ;12;355,665050637127
3372349;1;3;1; ; ; ; ; ; ; ; ; ; ; ; ;12;355,665050637127
3372349;1;4;1; ; ; ; ; ; ; ; ; ; ; ; ;12;355,665050637127
3372352;1;1;2;2;52; ;2; ; ;1;2; ; ;1; ;12;227,289750572402
3372352;1;2;2;1; ; ;2; ; ;1;2; ; ;1; ;12;227,289750572402
3372352;1;3;2;2;52; ;2; ; ;1;2; ; ;1; ;12;227,289750572402
3372352;1;4;2;2;86; ;2; ; ;1;2; ; ;1; ;12;227,289750572402
3372352;1;5;2;2;52; ;2; ; ;1;2; ; ;1; ;12;227,289750572402
3372353;1;1;1; ; ; ; ; ; ; ; ; ; ; ; ;12;213,796570423857
3372353;1;2;1; ; ; ; ; ; ; ; ; ; ; ; ;12;213,796570423857
3372353;1;3;1; ; ; ; ; ; ; ; ; ; ; ; ;12;213,796570423857
3372354;1;1;1; ; ; ; ; ; ; ; ; ; ; ; ;12;183,803692341477
3372354;1;2;1; ; ; ; ; ; ; ; ; ; ; ; ;12;183,803692341477
3372354;1;3;1; ; ; ; ; ; ; ; ; ; ; ; ;12;183,803692341477
3372354;1;4;1; ; ; ; ; ; ; ; ; ; ; ; ;12;183,803692341477
3372355;1;1;1; ; ; ; ; ; ; ; ; ; ; ; ;12;247,581596372283
3372355;1;2;1; ; ; ; ; ; ; ; ; ; ; ; ;12;247,581596372283
3372355;1;3;1; ; ; ; ; ; ; ; ; ; ; ; ;12;247,581596372283
3372355;1;4;1; ; ; ; ; ; ; ; ; ; ; ; ;12;247,581596372283
3372356;1;1;1; ; ; ; ; ; ; ; ; ; ; ; ;12;217,635039683864
3372356;1;2;1; ; ; ; ; ; ; ; ; ; ; ; ;12;217,635039683864
3372356;1;3;1; ; ; ; ; ; ; ; ; ; ; ; ;12;217,635039683864
3372356;1;4;1; ; ; ; ; ; ; ; ; ; ; ; ;12;217,635039683864
3372356;1;5;1; ; ; ; ; ; ; ; ; ; ; ; ;12;217,635039683864
3372357;1;1;1; ; ; ; ; ; ; ; ; ; ; ; ;12;163,811589250016
3372357;1;2;2;2;52; ;2; ; ;1;2; ; ;1; ;12;163,811589250016
3372357;1;3;1; ; ; ; ; ; ; ; ; ; ; ; ;12;163,811589250016
3372357;1;4;2;2;52; ;3;52; ;2;2; ; ;1; ;12;163,811589250016
3372357;1;5;1; ; ; ; ; ; ; ; ; ; ; ; ;12;163,811589250016
3372357;1;6;1; ; ; ; ; ; ; ; ; ; ; ; ;12;163,811589250016
3372358;1;1;2;1; ; ;4; ;2; ;4; ;2; ;1;12;170,619312179549
3372358;1;2;2;1; ; ;4; ;2; ;4; ;2; ;4;12;170,619312179549
3372358;1;3;2;1; ; ;4; ;2; ;4; ;2; ;2;12;170,619312179549
3372359;1;1;1; ; ; ; ; ; ; ; ; ; ; ; ;12;191,660212819417
3372359;1;2;2;1; ; ;2; ; ;1;2; ; ;1; ;12;191,660212819417
3372360;1;1;1; ; ; ; ; ; ; ; ; ; ; ; ;12;239,191198098424
3372360;1;2;2;1; ; ;2; ; ;1;2; ; ;1; ;12;239,191198098424
3372360;1;3;1; ; ; ; ; ; ; ; ; ; ; ; ;12;239,191198098424
3372361;1;1;2;2;52; ;3;76; ;1;2; ; ;1; ;12;200,612190261929
3372361;1;2;2;2;76; ;3;76; ;1;3;52; ;1; ;12;200,612190261929
3372362;1;1;2;2;52; ;2; ; ;1;2; ; ;1; ;12;200,612190261929
3372362;1;2;2;2;52; ;3;52; ;1;2; ; ;1; ;12;200,612190261929
3372363;1;1;2;2;52; ;2; ; ;1;2; ; ;1; ;12;191,660212819417
3372363;1;2;2;2;52; ;2; ; ;1;2; ; ;1; ;12;191,660212819417
3372364;1;1;2;1; ; ;2; ; ;1;2; ; ;1; ;12;233,835637041703
3372364;1;2;1; ; ; ; ; ; ; ; ; ; ; ; ;12;233,835637041703
3372364;1;3;1; ; ; ; ; ; ; ; ; ; ; ; ;12;233,835637041703
3372364;1;4;1; ; ; ; ; ; ; ; ; ; ; ; ;12;233,835637041703
3372365;1;1;1; ; ; ; ; ; ; ; ; ; ; ; ;12;235,707850218995
3372365;1;2;2;2;52; ;2; ; ;1;2; ; ;1; ;12;235,707850218995
3372366;1;1;2;2;52; ;2; ; ;1;2; ; ;1; ;12;235,707850218995
3372366;1;2;2;2;52; ;2; ; ;1;2; ; ;1; ;12;235,707850218995
3372367;1;1;2;2;52; ;2; ; ;1;2; ; ;1; ;12;156,564552862351
3372367;1;2;1; ; ; ; ; ; ; ; ; ; ; ; ;12;156,564552862351
3372368;1;1;2;2;52; ;2; ; ;1;2; ; ;1; ;12;200,612190261929
3372368;1;2;2;2;52; ;2; ; ;1;2; ; ;1; ;12;200,612190261929
3372369;1;1;2;2;76; ;2; ; ;1;2; ; ;1; ;12;148,174154588492
3372370;1;1;2;2;52; ;3;76; ;1;2; ; ;1; ;12;242,207415294335
3372371;1;1;1; ; ; ; ; ; ; ; ; ; ; ; ;12;250,823533509919
3372371;1;2;1; ; ; ; ; ; ; ; ; ; ; ; ;12;250,823533509919
3372371;1;3;1; ; ; ; ; ; ; ; ; ; ; ; ;12;250,823533509919
3372371;1;4;1; ; ; ; ; ; ; ; ; ; ; ; ;12;250,823533509919
3372371;1;5;1; ; ; ; ; ; ; ; ; ; ; ; ;12;250,823533509919
3372371;1;6;1; ; ; ; ; ; ; ; ; ; ; ; ;12;250,823533509919
3372371;1;7;1; ; ; ; ; ; ; ; ; ; ; ; ;12;250,823533509919
3372372;1;1;2;2;52; ;3;52; ;1;2; ; ;1; ;12;265,673026928641
3372372;1;2;2;2;52; ;3;52; ;1;2; ; ;1; ;12;265,673026928641
3372372;1;3;2;1; ; ;3;52; ;1;2; ; ;1; ;12;265,673026928641
3372372;1;4;2;2;52; ;3;52; ;1;2; ; ;1; ;12;265,673026928641
3372372;1;5;2;2;52; ;3;52; ;1;2; ; ;1; ;12;265,673026928641
3372373;1;1;1; ; ; ; ; ; ; ; ; ; ; ; ;12;226,047287866973
3372373;1;2;2;2;76; ;2; ; ;1;2; ; ;1; ;12;226,047287866973
3372373;1;3;1; ; ; ; ; ; ; ; ; ; ; ; ;12;226,047287866973
3372373;1;4;1; ; ; ; ; ; ; ; ; ; ; ; ;12;226,047287866973
3372374;1;1;1; ; ; ; ; ; ; ; ; ; ; ; ;12;191,660212819417
3372374;1;2;2;2;52; ;2; ; ;1;2; ; ;1; ;12;191,660212819417
3372375;1;1;1; ; ; ; ; ; ; ; ; ; ; ; ;12;173,222441567123
3372375;1;2;1; ; ; ; ; ; ; ; ; ; ; ; ;12;173,222441567123
3372375;1;3;1; ; ; ; ; ; ; ; ; ; ; ; ;12;173,222441567123
3372375;1;4;1; ; ; ; ; ; ; ; ; ; ; ; ;12;173,222441567123
3372375;1;5;1; ; ; ; ; ; ; ; ; ; ; ; ;12;173,222441567123
3372375;1;6;1; ; ; ; ; ; ; ; ; ; ; ; ;12;173,222441567123
3372375;1;7;1; ; ; ; ; ; ; ; ; ; ; ; ;12;173,222441567123
3372375;1;8;1; ; ; ; ; ; ; ; ; ; ; ; ;12;173,222441567123
3372375;1;9;1; ; ; ; ; ; ; ; ; ; ; ; ;12;173,222441567123
3372376;1;1;1; ; ; ; ; ; ; ; ; ; ; ; ;12;140,626434097169
3372376;1;2;1; ; ; ; ; ; ; ; ; ; ; ; ;12;140,626434097169
3372376;1;3;1; ; ; ; ; ; ; ; ; ; ; ; ;12;140,626434097169
3372376;1;4;1; ; ; ; ; ; ; ; ; ; ; ; ;12;140,626434097169
3372377;1;1;1; ; ; ; ; ; ; ; ; ; ; ; ;12;162,22891390569
3372377;1;2;1; ; ; ; ; ; ; ; ; ; ; ; ;12;162,22891390569
3372379;1;1;2;2;13; ;2; ; ;1;2; ; ;1; ;12;200,050611093276
3372379;1;2;2;2;52; ;2; ; ;1;2; ; ;1; ;12;200,050611093276
3372379;1;3;1; ; ; ; ; ; ; ; ; ; ; ; ;12;200,050611093276
3372380;1;1;1; ; ; ; ; ; ; ; ; ; ; ; ;12;234,397216210355
3372380;1;2;2;2;86; ;2; ; ;1;2; ; ;1; ;12;234,397216210355
3372380;1;3;1; ; ; ; ; ; ; ; ; ; ; ; ;12;234,397216210355
3372381;1;1;1; ; ; ; ; ; ; ; ; ; ; ; ;12;178,661082668738
3372381;1;2;1; ; ; ; ; ; ; ; ; ; ; ; ;12;178,661082668738
3372381;1;3;1; ; ; ; ; ; ; ; ; ; ; ; ;12;178,661082668738
3372381;1;4;1; ; ; ; ; ; ; ; ; ; ; ; ;12;178,661082668738
3372382;1;1;1; ; ; ; ; ; ; ; ; ; ; ; ;12;148,174154588492
3372383;1;1;1; ; ; ; ; ; ; ; ; ; ; ; ;12;240,520452128291
3372383;1;2;1; ; ; ; ; ; ; ; ; ; ; ; ;12;240,520452128291
3372383;1;3;1; ; ; ; ; ; ; ; ; ; ; ; ;12;240,520452128291
3372383;1;4;1; ; ; ; ; ; ; ; ; ; ; ; ;12;240,520452128291
3372383;1;5;1; ; ; ; ; ; ; ; ; ; ; ; ;12;240,520452128291
3372383;1;6;1; ; ; ; ; ; ; ; ; ; ; ; ;12;240,520452128291
3372388;1;1;1; ; ; ; ; ; ; ; ; ; ; ; ;12;154,85896967508
3372388;1;2;1; ; ; ; ; ; ; ; ; ; ; ; ;12;154,85896967508
3372388;1;3;1; ; ; ; ; ; ; ; ; ; ; ; ;12;154,85896967508
3372389;1;1;2;1; ; ;2; ; ;1;2; ; ;1; ;12;268,182242158782
3372389;1;2;2;2;52; ;2; ; ;1;2; ; ;1; ;12;268,182242158782
3372389;1;3;1; ; ; ; ; ; ; ; ; ; ; ; ;12;268,182242158782
3372389;1;4;1; ; ; ; ; ; ; ; ; ; ; ; ;12;268,182242158782
3372390;1;1;1; ; ; ; ; ; ; ; ; ; ; ; ;12;148,174154588492
3372391;1;1;1; ; ; ; ; ; ; ; ; ; ; ; ;12;213,796570423857
3372391;1;2;2;2;52; ;2; ; ;1;2; ; ;1; ;12;213,796570423857
3372391;1;3;1; ; ; ; ; ; ; ; ; ; ; ; ;12;213,796570423857
3372392;1;1;1; ; ; ; ; ; ; ; ; ; ; ; ;12;153,810814259097
3372392;1;2;1; ; ; ; ; ; ; ; ; ; ; ; ;12;153,810814259097
3372392;1;3;1; ; ; ; ; ; ; ; ; ; ; ; ;12;153,810814259097
3372392;1;4;1; ; ; ; ; ; ; ; ; ; ; ; ;12;153,810814259097
3372392;1;5;1; ; ; ; ; ; ; ; ; ; ; ; ;12;153,810814259097
3372393;1;1;2;2;52; ;3;52; ;2;2; ; ;1; ;12;215,755574925586
3372393;1;2;2;2;52; ;3;52; ;2;2; ; ;1; ;12;215,755574925586
3372393;1;3;1; ; ; ; ; ; ; ; ; ; ; ; ;12;215,755574925586
3372394;1;1;2;2;52; ;3;52; ;2;2; ; ;1; ;12;203,533958972705
3372394;1;2;2;2;52; ;3;52; ;2;2; ; ;1; ;12;203,533958972705
3372394;1;3;2;2;52; ;2; ; ;1;2; ; ;1; ;12;203,533958972705
3372394;1;4;2;2;52; ;3;52; ;2;2; ; ;1; ;12;203,533958972705
3372395;1;1;2;2;52; ;2; ; ;1;2; ; ;1; ;12;162,247533926917
3372395;1;2;2;2;52; ;2; ; ;1;2; ; ;1; ;12;162,247533926917
3372395;1;3;1; ; ; ; ; ; ; ; ; ; ; ; ;12;162,247533926917
3372395;1;4;1; ; ; ; ; ; ; ; ; ; ; ; ;12;162,247533926917
3372395;1;5;2;1; ; ;3;25; ;2;2; ; ;1; ;12;162,247533926917
3372395;1;6;2;1; ; ;3;25; ;2;2; ; ;1; ;12;162,247533926917
3372396;1;1;2;2;52; ;2; ; ;1;2; ; ;1; ;12;200,612190261929
3372396;1;2;2;1; ; ;2; ; ;1;2; ; ;1; ;12;200,612190261929
3372397;1;1;2;2;86; ;2; ; ;1;2; ; ;1; ;12;132,23603582331
3372397;1;2;1; ; ; ; ; ; ; ; ; ; ; ; ;12;132,23603582331
3372397;1;3;1; ; ; ; ; ; ; ; ; ; ; ; ;12;132,23603582331
3372398;1;1;2;2;52; ;2; ; ;1;2; ; ;1; ;12;192,240412009296
3372398;1;2;1; ; ; ; ; ; ; ; ; ; ; ; ;12;192,240412009296
3372398;1;3;2;2;52; ;2; ; ;1;2; ; ;1; ;12;192,240412009296
3372398;1;4;1; ; ; ; ; ; ; ; ; ; ; ; ;12;192,240412009296
3372398;1;5;2;1; ; ;3;17; ;1;2; ; ;1; ;12;192,240412009296
3372401;1;1;1; ; ; ; ; ; ; ; ; ; ; ; ;12;156,564552862351
3372401;1;2;1; ; ; ; ; ; ; ; ; ; ; ; ;12;156,564552862351
3372402;1;1;2;2;52; ;2; ; ;1;2; ; ;1; ;12;216,831407640994
3372402;1;2;2;2;86; ;2; ; ;1;2; ; ;1; ;12;216,831407640994
3372402;1;3;2;1; ; ;2; ; ;1;2; ; ;1; ;12;216,831407640994
3372402;1;4;2;2;11; ;2; ; ;1;2; ; ;1; ;12;216,831407640994
3372402;1;5;2;2;11; ;2; ; ;1;2; ; ;1; ;12;216,831407640994
3372403;1;1;2;2;52; ;2; ; ;1;2; ; ;1; ;12;252,488646766713
3372403;1;2;2;2;52; ;2; ; ;1;2; ; ;1; ;12;252,488646766713
3372403;1;3;2;2;52; ;2; ; ;1;2; ; ;1; ;12;252,488646766713
3372403;1;4;2;2;52; ;2; ; ;1;2; ; ;1; ;12;252,488646766713
3372404;1;1;2;2;52; ;2; ; ;1;2; ; ;1; ;12;183,803692341477
3372404;1;2;2;2;52; ;2; ; ;1;2; ; ;1; ;12;183,803692341477
3372404;1;3;1; ; ; ; ; ; ; ; ; ; ; ; ;12;183,803692341477
3372404;1;4;1; ; ; ; ; ; ; ; ; ; ; ; ;12;183,803692341477
3372405;1;1;2;1; ; ;2; ; ;1;2; ; ;1; ;12;204,404338127975
3372405;1;2;2;2;52; ;2; ; ;1;2; ; ;1; ;12;204,404338127975
3372405;1;3;2;2;52; ;2; ; ;1;2; ; ;1; ;12;204,404338127975
3372405;1;4;2;2;52; ;2; ; ;1;2; ; ;1; ;12;204,404338127975
3372406;1;1;2;2;52; ;2; ; ;1;2; ; ;1; ;12;200,050611093276
3372406;1;2;2;2;52; ;2; ; ;1;2; ; ;1; ;12;200,050611093276
3372406;1;3;2;2;52; ;2; ; ;1;2; ; ;1; ;12;200,050611093276
3372408;1;1;1; ; ; ; ; ; ; ; ; ; ; ; ;12;383,320425638834
3372408;1;2;2;2;52; ;2; ; ;1;2; ; ;1; ;12;383,320425638834
3372409;1;1;2;2;52; ;2; ; ;1;2; ; ;1; ;12;431,511149851173
3372409;1;2;1; ; ; ; ; ; ; ; ; ; ; ; ;12;431,511149851173
3372409;1;3;1; ; ; ; ; ; ; ; ; ; ; ; ;12;431,511149851173
3372410;1;1;1; ; ; ; ; ; ; ; ; ; ; ; ;12;324,45782781138
3372410;1;2;1; ; ; ; ; ; ; ; ; ; ; ; ;12;324,45782781138
3372412;1;1;1; ; ; ; ; ; ; ; ; ; ; ; ;12;148,174154588492
3372413;1;1;1; ; ; ; ; ; ; ; ; ; ; ; ;12;198,878905701924
3372413;1;2;2;2;52; ;2; ; ;1;2; ; ;1; ;12;198,878905701924
3372413;1;3;1; ; ; ; ; ; ; ; ; ; ; ; ;12;198,878905701924
3372413;1;4;1; ; ; ; ; ; ; ; ; ; ; ; ;12;198,878905701924
3372413;1;5;2;2;52; ;2; ; ;1;2; ; ;1; ;12;198,878905701924
3372413;1;6;2;2;52; ;2; ; ;1;2; ; ;1; ;12;198,878905701924
3372413;1;7;2;2;52; ;2; ; ;1;2; ; ;1; ;12;198,878905701924
3372415;1;1;1; ; ; ; ; ; ; ; ; ; ; ; ;12;309,662536604692
3372415;1;2;1; ; ; ; ; ; ; ; ; ; ; ; ;12;309,662536604692
3372415;1;3;1; ; ; ; ; ; ; ; ; ; ; ; ;12;309,662536604692
3372415;1;4;1; ; ; ; ; ; ; ; ; ; ; ; ;12;309,662536604692
3372415;1;5;1; ; ; ; ; ; ; ; ; ; ; ; ;12;309,662536604692
3372415;1;6;1; ; ; ; ; ; ; ; ; ; ; ; ;12;309,662536604692
3372415;1;7;1; ; ; ; ; ; ; ; ; ; ; ; ;12;309,662536604692
3372416;1;1;1; ; ; ; ; ; ; ; ; ; ; ; ;12;396,690055812011
3372416;1;2;1; ; ; ; ; ; ; ; ; ; ; ; ;12;396,690055812011
3372416;1;3;1; ; ; ; ; ; ; ; ; ; ; ; ;12;396,690055812011
3372416;1;4;1; ; ; ; ; ; ; ; ; ; ; ; ;12;396,690055812011
3372418;1;1;1; ; ; ; ; ; ; ; ; ; ; ; ;12;215,697885091384
3372418;1;2;2;2;86; ;3;86; ;2;2; ; ;1; ;12;215,697885091384
3372418;1;3;1; ; ; ; ; ; ; ; ; ; ; ; ;12;215,697885091384
3372419;1;1;1; ; ; ; ; ; ; ; ; ; ; ; ;12;371,525393686413
3372419;1;2;1; ; ; ; ; ; ; ; ; ; ; ; ;12;371,525393686413
3372419;1;3;1; ; ; ; ; ; ; ; ; ; ; ; ;12;371,525393686413
3372419;1;4;1; ; ; ; ; ; ; ; ; ; ; ; ;12;371,525393686413
3372422;1;1;2;2;18; ;3;18; ;1;2; ; ;1; ;12;1217,20284152442
3372422;1;2;2;2;18; ;3;18; ;1;2; ; ;1; ;12;1217,20284152442
3372422;1;3;2;2;18; ;3;18; ;1;2; ; ;1; ;12;1217,20284152442
3372422;1;4;2;2;18; ;3;18; ;1;3;18; ;1; ;12;1217,20284152442
3372422;1;5;2;2;18; ;3;18; ;1;2; ; ;1; ;12;1217,20284152442
3372422;1;6;2;2;18; ;3;18; ;1;2; ; ;1; ;12;1217,20284152442
3372423;1;1;2;2;76; ;2; ; ;1;2; ; ;1; ;12;1042,54901031856
3372423;1;2;2;2;41; ;2; ; ;1;2; ; ;1; ;12;1042,54901031856
3372423;1;3;1; ; ; ; ; ; ; ; ; ; ; ; ;12;1042,54901031856
3372423;1;4;1; ; ; ; ; ; ; ; ; ; ; ; ;12;1042,54901031856
3372423;1;5;2;2;11; ;1; ; ; ;3;11; ;1; ;12;1042,54901031856
3372424;1;1;2;2;52; ;3;41; ;2;2; ; ;1; ;12;289,810200362957
3372424;1;2;2;2;41; ;3;41; ;1;3;41; ;1; ;12;289,810200362957
3372424;1;3;2;2;41; ;3;41; ;1;2; ; ;1; ;12;289,810200362957
3372424;1;4;2;2;41; ;3;41; ;1;2; ; ;1; ;12;289,810200362957
3372424;1;5;2;2;41; ;3;41; ;1;2; ; ;1; ;12;289,810200362957
3372426;1;1;1; ; ; ; ; ; ; ; ; ; ; ; ;12;289,810200362957
3372426;1;2;2;2;44; ;3;18; ;1;2; ; ;1; ;12;289,810200362957
3372426;1;3;2;2;15; ;2; ; ;1;2; ; ;1; ;12;289,810200362957
3372427;1;1;2;2;18; ;2; ; ;1;2; ; ;1; ;12;1217,20284152442
3372427;1;2;2;2;18; ;2; ; ;1;2; ; ;1; ;12;1217,20284152442
3372427;1;3;1; ; ; ; ; ; ; ; ; ; ; ; ;12;1217,20284152442
3372427;1;4;1; ; ; ; ; ; ; ; ; ; ; ; ;12;1217,20284152442
3372427;1;5;1; ; ; ; ; ; ; ; ; ; ; ; ;12;1217,20284152442
3372428;1;1;2;2;18; ;2; ; ;1;2; ; ;1; ;12;289,810200362957
3372428;1;2;2;2;76; ;2; ; ;1;2; ; ;1; ;12;289,810200362957
3372428;1;3;1; ; ; ; ; ; ; ; ; ; ; ; ;12;289,810200362957
3372428;1;4;1; ; ; ; ; ; ; ; ; ; ; ; ;12;289,810200362957
3372429;1;1;2;2;76; ;2; ; ;2;2; ; ;1; ;12;1217,20284152442
3372429;1;2;2;2;41; ;2; ; ;1;2; ; ;1; ;12;1217,20284152442
3372429;1;3;1; ; ; ; ; ; ; ; ; ; ; ; ;12;1217,20284152442
3372429;1;4;2;2;41; ;3;41; ;2;2; ; ;1; ;12;1217,20284152442
3372429;1;5;2;2;41; ;1; ; ; ;1; ; ; ; ;12;1217,20284152442
3372431;1;1;2;2;76; ;3;18; ;1;2; ; ;1; ;12;289,810200362957
3372431;1;2;2;2;17; ;3;18; ;1;2; ; ;1; ;12;289,810200362957
3372431;1;3;2;2;18; ;3;41; ;1;2; ; ;1; ;12;289,810200362957
3372431;1;4;2;2;18; ;3;18; ;2;2; ; ;1; ;12;289,810200362957
3372431;1;5;1; ; ; ; ; ; ; ; ; ; ; ; ;12;289,810200362957
3372432;1;1;2;2;18; ;2; ; ;1;2; ; ;1; ;12;289,810200362957
3372433;1;1;2;2;54; ;2; ; ;1;2; ; ;1; ;12;1196,44718494443
3372433;1;2;2;2;52; ;2; ; ;1;2; ; ;1; ;12;1196,44718494443
3372433;1;3;2;2;52; ;2; ; ;1;2; ; ;1; ;12;1196,44718494443
3372434;1;1;2;2;18; ;2; ; ;1;2; ; ;1; ;12;1217,20284152442
3372434;1;2;1; ; ; ; ; ; ; ; ; ; ; ; ;12;1217,20284152442
3372434;1;3;1; ; ; ; ; ; ; ; ; ; ; ; ;12;1217,20284152442
3372434;1;4;1; ; ; ; ; ; ; ; ; ; ; ; ;12;1217,20284152442
3372434;1;5;1; ; ; ; ; ; ; ; ; ; ; ; ;12;1217,20284152442
3372435;1;1;2;2;41; ;2; ; ;1;2; ; ;1; ;12;289,810200362957
3372436;1;1;2;2;18; ;2; ; ;1;2; ; ;1; ;12;1217,20284152442
3372436;1;2;1; ; ; ; ; ; ; ; ; ; ; ; ;12;1217,20284152442
3372436;1;3;1; ; ; ; ; ; ; ; ; ; ; ; ;12;1217,20284152442
3372436;1;4;1; ; ; ; ; ; ; ; ; ; ; ; ;12;1217,20284152442
3372436;1;5;1; ; ; ; ; ; ; ; ; ; ; ; ;12;1217,20284152442
3372436;1;6;1; ; ; ; ; ; ; ; ; ; ; ; ;12;1217,20284152442
3372436;1;7;1; ; ; ; ; ; ; ; ; ; ; ; ;12;1217,20284152442
3372438;1;1;2;2;73; ;2; ; ;1;2; ; ;1; ;12;1028,05398778162
3372438;1;2;1; ; ; ; ; ; ; ; ; ; ; ; ;12;1028,05398778162
3372440;1;1;2;2;18; ;2; ; ;1;2; ; ;1; ;12;1041,41885059305
3372440;1;2;2;2;18; ;2; ; ;2;2; ; ;2;1;12;1041,41885059305
3372440;1;3;2;2;18; ;2; ; ;2;2; ; ;2;2;12;1041,41885059305
3372440;1;4;1; ; ; ; ; ; ; ; ; ; ; ; ;12;1041,41885059305
3372441;1;1;2;2;11; ;2; ; ;2;2; ; ;1; ;12;447,578037863436
3372441;1;2;2;2;18; ;3;19; ;1;2; ; ;1; ;12;447,578037863436
3372441;1;3;2;2;19; ;1; ; ; ;2; ; ;1; ;12;447,578037863436
3372442;1;1;2;2;18; ;2; ; ;1;2; ; ;1; ;12;910,116836526203
3372442;1;2;2;2;18; ;2; ; ;1;2; ; ;1; ;12;910,116836526203
3372442;1;3;2;2;18; ;2; ; ;1;3;73; ;1; ;12;910,116836526203
3372442;1;4;2;2;18; ;2; ; ;1;2; ; ;1; ;12;910,116836526203
3372443;1;1;2;2;18; ;2; ; ;1;2; ; ;1; ;12;1182,10803715522
3372443;1;2;1; ; ; ; ; ; ; ; ; ; ; ; ;12;1182,10803715522
3372444;1;1;2;2;76; ;2; ; ;2;2; ; ;2; ;12;221,434665575157
3372444;1;2;2;2;18; ;3;18; ;2;2; ; ;2; ;12;221,434665575157
3372444;1;3;1; ; ; ; ; ; ; ; ; ; ; ; ;12;221,434665575157
3372445;1;1;1; ; ; ; ; ; ; ; ; ; ; ; ;12;716,298497621112
3372445;1;2;1; ; ; ; ; ; ; ; ; ; ; ; ;12;716,298497621112
3372445;1;3;1; ; ; ; ; ; ; ; ; ; ; ; ;12;716,298497621112
3372445;1;4;1; ; ; ; ; ; ; ; ; ; ; ; ;12;716,298497621112
3372446;1;1;1; ; ; ; ; ; ; ; ; ; ; ; ;12;284,474541654374
3372446;1;2;2;2;76; ;2; ; ;2;2; ; ;2; ;12;284,474541654374
3372446;1;3;1; ; ; ; ; ; ; ; ; ; ; ; ;12;284,474541654374
3372446;1;4;2;2;18; ;2; ; ;2;2; ; ;2; ;12;284,474541654374
3372447;1;1;2;2;18; ;3;18; ;2;2; ; ;1;1;12;223,524643972208
3372447;1;2;1; ; ; ; ; ; ; ; ; ; ; ; ;12;223,524643972208
3372448;1;1;1; ; ; ; ; ; ; ; ; ; ; ; ;12;395,326007035936
3372448;1;2;2;2;18; ;3;18; ;1;3;41; ;1;1;12;395,326007035936
3372449;1;1;2;2;18; ;2; ; ;2;2; ; ;2; ;12;459,535357648695
3372449;1;2;2;2;18; ;2; ; ;2;2; ; ;2; ;12;459,535357648695
3372449;1;3;2;2;18; ;2; ; ;2;2; ; ;2; ;12;459,535357648695
3372450;1;1;2;2;18; ;2; ; ;2;2; ; ;2; ;12;223,524643972208
3372450;1;2;2;2;18; ;2; ; ;2;2; ; ;2; ;12;223,524643972208
3372451;1;1;1; ; ; ; ; ; ; ; ; ; ; ; ;12;452,729362430404
3372451;1;2;2;2;18; ;2; ; ;2;2; ; ;2; ;12;452,729362430404
3372451;1;3;1; ; ; ; ; ; ; ; ; ; ; ; ;12;452,729362430404
3372451;1;4;1; ; ; ; ; ; ; ; ; ; ; ; ;12;452,729362430404
3372451;1;5;2;2;18; ;1; ; ; ;2; ; ;2; ;12;452,729362430404
3372452;1;1;2;2;18; ;2; ; ;2;2; ; ;2; ;12;445,097264502484
3372452;1;2;2;2;41; ;2; ; ;2;2; ; ;2; ;12;445,097264502484
3372452;1;3;2;2;18; ;2; ; ;2;2; ; ;2; ;12;445,097264502484
3372452;1;4;2;2;18; ;2; ; ;2;2; ; ;2; ;12;445,097264502484
3372452;1;5;1; ; ; ; ; ; ; ; ; ; ; ; ;12;445,097264502484
3372453;1;1;2;2;18; ;2; ; ;2;2; ; ;2; ;12;556,774832593674
3372453;1;2;2;2;76; ;2; ; ;2;2; ; ;2; ;12;556,774832593674
3372453;1;3;1; ; ; ; ; ; ; ; ; ; ; ; ;12;556,774832593674
3372453;1;4;1; ; ; ; ; ; ; ; ; ; ; ; ;12;556,774832593674
3372453;1;5;1; ; ; ; ; ; ; ; ; ; ; ; ;12;556,774832593674
3372454;1;1;2;2;18; ;3;18; ;1;2; ; ;1; ;12;316,156582214135
3372454;1;2;2;2;18; ;3;18; ;1;2; ; ;1; ;12;316,156582214135
3372455;1;1;2;2;18; ;2; ; ;2;2; ; ;2; ;12;253,999592813291
3372455;1;2;2;2;18; ;2; ; ;2;2; ; ;2; ;12;253,999592813291
3372455;1;3;1; ; ; ; ; ; ; ; ; ; ; ; ;12;253,999592813291
3372456;1;1;1; ; ; ; ; ; ; ; ; ; ; ; ;12;369,223703192178
3372456;1;2;1; ; ; ; ; ; ; ; ; ; ; ; ;12;369,223703192178
3372457;1;1;2;2;18; ;2; ; ;1;2; ; ;1; ;12;684,828844027822
3372457;1;2;2;2;18; ;2; ; ;1;2; ; ;1; ;12;684,828844027822
3372457;1;3;2;2;18; ;2; ; ;1;2; ; ;1; ;12;684,828844027822
3372457;1;4;2;2;18; ;2; ; ;1;2; ; ;1; ;12;684,828844027822
3372457;1;5;2;2;18; ;2; ; ;1;2; ; ;1; ;12;684,828844027822
3372458;1;1;1; ; ; ; ; ; ; ; ; ; ; ; ;12;1849,68127403101
3372458;1;2;1; ; ; ; ; ; ; ; ; ; ; ; ;12;1849,68127403101
3372458;1;3;1; ; ; ; ; ; ; ; ; ; ; ; ;12;1849,68127403101
3372459;1;1;2;2;18; ;2; ; ;1;2; ; ;1;1;12;710,665051565475
3372459;1;2;2;2;18; ;2; ; ;1;2; ; ;1;1;12;710,665051565475
3372460;1;1;1; ; ; ; ; ; ; ; ; ; ; ; ;12;875,774409980226
3372460;1;2;1; ; ; ; ; ; ; ; ; ; ; ; ;12;875,774409980226
3372461;1;1;2;2;73; ;2; ; ;1;2; ; ;2; ;12;886,191022358152
3372461;1;2;2;2;76; ;2; ; ;1;2; ; ;2; ;12;886,191022358152
3372462;1;1;2;2;18; ;3;76; ;1;3;18; ;1; ;12;316,156582214135
3372462;1;2;2;2;18; ;3;76; ;1;2; ; ;1; ;12;316,156582214135
3372462;1;3;2;2;18; ;3;76; ;1;2; ; ;1; ;12;316,156582214135
3372462;1;4;2;2;18; ;3;76; ;1;2; ; ;1; ;12;316,156582214135
3372463;1;1;1; ; ; ; ; ; ; ; ; ; ; ; ;12;1327,85764529937
3372463;1;2;2;2;18; ;3;18; ;1;2; ; ;1; ;12;1327,85764529937
3372464;1;1;1; ; ; ; ; ; ; ; ; ; ; ; ;12;329,951308846154
3372465;1;1;1; ; ; ; ; ; ; ; ; ; ; ; ;12;326,036475408327
3372465;1;2;2;2;18; ;3;18; ;1;2; ; ;1; ;12;326,036475408327
3372467;1;1;2;2;86; ;2; ; ;2;2; ; ;1; ;12;293,290052307692
3372469;1;1;2;2;19; ;2; ; ;1;2; ; ;1; ;12;1028,05398778162
3372469;1;2;1; ; ; ; ; ; ; ; ; ; ; ; ;12;1028,05398778162
3372471;1;1;1; ; ; ; ; ; ; ; ; ; ; ; ;12;289,810200362957
3372471;1;2;1; ; ; ; ; ; ; ; ; ; ; ; ;12;289,810200362957
3372472;1;1;1; ; ; ; ; ; ; ; ; ; ; ; ;12;627,759773692171
3372472;1;2;2;2;17; ;2; ; ;1;2; ; ;1; ;12;627,759773692171
3372472;1;3;1; ; ; ; ; ; ; ; ; ; ; ; ;12;627,759773692171
3372472;1;4;1; ; ; ; ; ; ; ; ; ; ; ; ;12;627,759773692171
3372472;1;5;1; ; ; ; ; ; ; ; ; ; ; ; ;12;627,759773692171
3372473;1;1;1; ; ; ; ; ; ; ; ; ; ; ; ;12;1217,20284152442
3372473;1;2;1; ; ; ; ; ; ; ; ; ; ; ; ;12;1217,20284152442
3372473;1;3;1; ; ; ; ; ; ; ; ; ; ; ; ;12;1217,20284152442
3372473;1;4;1; ; ; ; ; ; ; ; ; ; ; ; ;12;1217,20284152442
3372474;1;1;1; ; ; ; ; ; ; ; ; ; ; ; ;12;289,810200362957
3372474;1;2;2;2;76; ;2; ; ;1;2; ; ;1; ;12;289,810200362957
3372475;1;1;2;2;41; ;3;18; ;1;2; ; ;1; ;12;289,810200362957
3372475;1;2;2;2;41; ;3;18; ;1;2; ; ;1; ;12;289,810200362957
3372475;1;3;2;2;18; ;3;18; ;1;2; ; ;1; ;12;289,810200362957
3372475;1;4;2;2;18; ;3;18; ;1;2; ; ;1; ;12;289,810200362957
3372476;1;1;2;2;41; ;3;18; ;1;2; ; ;1; ;12;1217,20284152442
3372476;1;2;2;2;41; ;3;41; ;1;2; ; ;1; ;12;1217,20284152442
3372476;1;3;2;2;18; ;3;18; ;1;2; ; ;1; ;12;1217,20284152442
3372476;1;4;2;2;18; ;3;18; ;2;2; ; ;1; ;12;1217,20284152442
3372476;1;5;2;2;18; ;1; ; ; ;2; ; ;1; ;12;1217,20284152442
3372476;1;6;1; ; ; ; ; ; ; ; ; ; ; ; ;12;1217,20284152442
3372477;1;1;1; ; ; ; ; ; ; ; ; ; ; ; ;12;1089,96845146674
3372477;1;2;1; ; ; ; ; ; ; ; ; ; ; ; ;12;1089,96845146674
3372477;1;3;2;2;41; ;3;18; ;1;2; ; ;1; ;12;1089,96845146674
3372477;1;4;1; ; ; ; ; ; ; ; ; ; ; ; ;12;1089,96845146674
3372477;1;5;1; ; ; ; ; ; ; ; ; ; ; ; ;12;1089,96845146674
3372477;1;6;2;2;18; ;2; ; ;1;2; ; ;1; ;12;1089,96845146674
3372477;1;7;1; ; ; ; ; ; ; ; ; ; ; ; ;12;1089,96845146674
3372478;1;1;1; ; ; ; ; ; ; ; ; ; ; ; ;12;289,810200362957
3372478;1;2;1; ; ; ; ; ; ; ; ; ; ; ; ;12;289,810200362957
3372479;1;1;1; ; ; ; ; ; ; ; ; ; ; ; ;12;1217,20284152442
3372479;1;2;1; ; ; ; ; ; ; ; ; ; ; ; ;12;1217,20284152442
3372479;1;3;1; ; ; ; ; ; ; ; ; ; ; ; ;12;1217,20284152442
3372479;1;4;1; ; ; ; ; ; ; ; ; ; ; ; ;12;1217,20284152442
3372480;1;1;1; ; ; ; ; ; ; ; ; ; ; ; ;12;899,750974321185
3372480;1;2;1; ; ; ; ; ; ; ; ; ; ; ; ;12;899,750974321185
3372480;1;3;1; ; ; ; ; ; ; ; ; ; ; ; ;12;899,750974321185
3372481;1;1;2;2;73; ;2; ; ;1;2; ; ;1; ;12;1217,20284152442
3372481;1;2;1; ; ; ; ; ; ; ; ; ; ; ; ;12;1217,20284152442
3372481;1;3;1; ; ; ; ; ; ; ; ; ; ; ; ;12;1217,20284152442
3372481;1;4;1; ; ; ; ; ; ; ; ; ; ; ; ;12;1217,20284152442
3372481;1;5;1; ; ; ; ; ; ; ; ; ; ; ; ;12;1217,20284152442
3372482;1;1;1; ; ; ; ; ; ; ; ; ; ; ; ;12;1217,20284152442
3372482;1;2;1; ; ; ; ; ; ; ; ; ; ; ; ;12;1217,20284152442
3372482;1;3;1; ; ; ; ; ; ; ; ; ; ; ; ;12;1217,20284152442
3372485;1;1;1; ; ; ; ; ; ; ; ; ; ; ; ;12;447,578037863436
3372485;1;2;1; ; ; ; ; ; ; ; ; ; ; ; ;12;447,578037863436
3372485;1;3;1; ; ; ; ; ; ; ; ; ; ; ; ;12;447,578037863436
3372486;1;1;1; ; ; ; ; ; ; ; ; ; ; ; ;12;289,810200362957
3372487;1;1;1; ; ; ; ; ; ; ; ; ; ; ; ;12;1217,20284152442
3372487;1;2;1; ; ; ; ; ; ; ; ; ; ; ; ;12;1217,20284152442
3372487;1;3;1; ; ; ; ; ; ; ; ; ; ; ; ;12;1217,20284152442
3372487;1;4;1; ; ; ; ; ; ; ; ; ; ; ; ;12;1217,20284152442
3372487;1;5;1; ; ; ; ; ; ; ; ; ; ; ; ;12;1217,20284152442
3372487;1;6;1; ; ; ; ; ; ; ; ; ; ; ; ;12;1217,20284152442
3372487;1;7;1; ; ; ; ; ; ; ; ; ; ; ; ;12;1217,20284152442
3372488;1;1;2;2;05; ;2; ; ;1;2; ; ;1; ;12;289,810200362957
3372488;1;2;1; ; ; ; ; ; ; ; ; ; ; ; ;12;289,810200362957
3372488;1;3;2;2;63; ;3;73; ;1;2; ; ;1; ;12;289,810200362957
3372488;1;4;2;2;18; ;3;73; ;1;2; ; ;1; ;12;289,810200362957
3372489;1;1;2;2;18; ;2; ; ;2;2; ; ;1; ;12;289,810200362957
3372489;1;2;1; ; ; ; ; ; ; ; ; ; ; ; ;12;289,810200362957
3372489;1;3;2;2;18; ;3;63; ;1;2; ; ;1; ;12;289,810200362957
3372489;1;4;1; ; ; ; ; ; ; ; ; ; ; ; ;12;289,810200362957
3372489;1;5;1; ; ; ; ; ; ; ; ; ; ; ; ;12;289,810200362957
3372489;1;6;1; ; ; ; ; ; ; ; ; ; ; ; ;12;289,810200362957
3372490;1;1;1; ; ; ; ; ; ; ; ; ; ; ; ;12;318,20894342605
3372490;1;2;1; ; ; ; ; ; ; ; ; ; ; ; ;12;318,20894342605
3372490;1;3;1; ; ; ; ; ; ; ; ; ; ; ; ;12;318,20894342605
3372490;1;4;1; ; ; ; ; ; ; ; ; ; ; ; ;12;318,20894342605
3372491;1;1;1; ; ; ; ; ; ; ; ; ; ; ; ;12;627,085900985269
3372491;1;2;1; ; ; ; ; ; ; ; ; ; ; ; ;12;627,085900985269
3372491;1;3;1; ; ; ; ; ; ; ; ; ; ; ; ;12;627,085900985269
3372491;1;4;1; ; ; ; ; ; ; ; ; ; ; ; ;12;627,085900985269
3372491;1;5;1; ; ; ; ; ; ; ; ; ; ; ; ;12;627,085900985269
3372492;1;1;1; ; ; ; ; ; ; ; ; ; ; ; ;12;414,622315661402
3372492;1;2;1; ; ; ; ; ; ; ; ; ; ; ; ;12;414,622315661402
3372492;1;3;1; ; ; ; ; ; ; ; ; ; ; ; ;12;414,622315661402
3372492;1;4;1; ; ; ; ; ; ; ; ; ; ; ; ;12;414,622315661402
3372493;1;1;1; ; ; ; ; ; ; ; ; ; ; ; ;12;257,275917669907
3372493;1;2;1; ; ; ; ; ; ; ; ; ; ; ; ;12;257,275917669907
3372493;1;3;1; ; ; ; ; ; ; ; ; ; ; ; ;12;257,275917669907
3372494;1;1;1; ; ; ; ; ; ; ; ; ; ; ; ;12;310,576845498131
3372494;1;2;1; ; ; ; ; ; ; ; ; ; ; ; ;12;310,576845498131
3372494;1;3;1; ; ; ; ; ; ; ; ; ; ; ; ;12;310,576845498131
3372494;1;4;1; ; ; ; ; ; ; ; ; ; ; ; ;12;310,576845498131
3372495;1;1;1; ; ; ; ; ; ; ; ; ; ; ; ;12;180,102729043241
3372495;1;2;1; ; ; ; ; ; ; ; ; ; ; ; ;12;180,102729043241
3372495;1;3;1; ; ; ; ; ; ; ; ; ; ; ; ;12;180,102729043241
3372496;1;1;2;2;19; ;2; ; ;1;2; ; ;2; ;12;395,326007035936
3372496;1;2;2;2;18; ;2; ; ;1;3;18; ;2; ;12;395,326007035936
3372497;1;1;2;2;18; ;2; ; ;2;2; ; ;2; ;12;408,520597882567
3372497;1;2;2;2;18; ;2; ; ;2;2; ; ;2; ;12;408,520597882567
3372497;1;3;2;2;18; ;2; ; ;2;2; ; ;2; ;12;408,520597882567
3372497;1;4;2;2;18; ;2; ; ;2;2; ; ;2; ;12;408,520597882567
3372497;1;5;2;2;18; ;1; ; ; ;2; ; ;2; ;12;408,520597882567
3372498;1;1;1; ; ; ; ; ; ; ; ; ; ; ; ;12;581,778078616759
3372498;1;2;1; ; ; ; ; ; ; ; ; ; ; ; ;12;581,778078616759
3372498;1;3;1; ; ; ; ; ; ; ; ; ; ; ; ;12;581,778078616759
3372499;1;1;1; ; ; ; ; ; ; ; ; ; ; ; ;12;180,102729043241
3372499;1;2;1; ; ; ; ; ; ; ; ; ; ; ; ;12;180,102729043241
3372499;1;3;1; ; ; ; ; ; ; ; ; ; ; ; ;12;180,102729043241
3372499;1;4;1; ; ; ; ; ; ; ; ; ; ; ; ;12;180,102729043241
3372499;1;5;1; ; ; ; ; ; ; ; ; ; ; ; ;12;180,102729043241
3372499;1;6;1; ; ; ; ; ; ; ; ; ; ; ; ;12;180,102729043241
3372500;1;1;2;2;18; ;3;18; ;1;2; ; ;1; ;12;502,034342342528
3372500;1;2;2;2;41; ;3;18; ;1;2; ; ;1; ;12;502,034342342528
3372500;1;3;2;2;41; ;3;18; ;1;2; ; ;1; ;12;502,034342342528
3372500;1;4;2;2;73; ;3;18; ;1;2; ; ;1; ;12;502,034342342528
3372501;1;1;1; ; ; ; ; ; ; ; ; ; ; ; ;12;395,326007035936
3372501;1;2;2;2;18; ;2; ; ;2;2; ; ;2; ;12;395,326007035936
3372502;1;1;1; ; ; ; ; ; ; ; ; ; ; ; ;12;180,102729043241
3372502;1;2;1; ; ; ; ; ; ; ; ; ; ; ; ;12;180,102729043241
3372502;1;3;1; ; ; ; ; ; ; ; ; ; ; ; ;12;180,102729043241
3372503;1;1;1; ; ; ; ; ; ; ; ; ; ; ; ;12;316,156582214135
3372503;1;2;1; ; ; ; ; ; ; ; ; ; ; ; ;12;316,156582214135
3372503;1;3;1; ; ; ; ; ; ; ; ; ; ; ; ;12;316,156582214135
3372504;1;1;1; ; ; ; ; ; ; ; ; ; ; ; ;12;1077,00384485835
3372505;1;1;2;1; ; ;3;18; ;2;2; ; ;1;4;12;989,726611471053
3372505;1;2;1; ; ; ; ; ; ; ; ; ; ; ; ;12;989,726611471053
3372506;1;1;2;2;19; ;2; ; ;2;2; ; ;2; ;12;824,617253056302
3372506;1;2;1; ; ; ; ; ; ; ; ; ; ; ; ;12;824,617253056302
3372507;1;1;1; ; ; ; ; ; ; ; ; ; ; ; ;12;824,617253056302
3372507;1;2;1; ; ; ; ; ; ; ; ; ; ; ; ;12;824,617253056302
3372508;1;1;2;2;18; ;2; ; ;1;2; ; ;1; ;12;335,595491014799
3372508;1;2;1; ; ; ; ; ; ; ; ; ; ; ; ;12;335,595491014799
3372509;1;1;2;2;23; ;2; ; ;1;2; ; ;1; ;12;316,156582214135
3372509;1;2;2;2;41; ;2; ; ;1;2; ; ;1; ;12;316,156582214135
3372509;1;3;2;2;18; ;2; ; ;1;2; ; ;1; ;12;316,156582214135
3372509;1;4;1; ; ; ; ; ; ; ; ; ; ; ; ;12;316,156582214135
3372509;1;5;2;2;23; ;2; ; ;1;2; ; ;1; ;12;316,156582214135
3372510;1;1;2;2;63; ;2; ; ;1;2; ; ;1; ;12;326,036475408327
3372510;1;2;2;2;63; ;2; ; ;1;2; ; ;1; ;12;326,036475408327
3372510;1;3;2;2;63; ;3;73; ;1;3;73; ;1; ;12;326,036475408327
3372511;1;1;1; ; ; ; ; ; ; ; ; ; ; ; ;12;326,036475408327
3372512;1;1;1; ; ; ; ; ; ; ; ; ; ; ; ;12;1217,20284152442
3372512;1;2;2;2;76; ;2; ; ;1;2; ; ;1; ;12;1217,20284152442
3372512;1;3;2;2;18; ;1; ; ; ;2; ; ;1; ;12;1217,20284152442
3372512;1;4;2;2;76; ;3;11; ;1;2; ; ;1; ;12;1217,20284152442
3372512;1;5;1; ; ; ; ; ; ; ; ; ; ; ; ;12;1217,20284152442
3372514;1;1;2;2;18; ;2; ; ;2;2; ; ;1; ;12;1369,35319671497
3372514;1;2;1; ; ; ; ; ; ; ; ; ; ; ; ;12;1369,35319671497
3372514;1;3;1; ; ; ; ; ; ; ; ; ; ; ; ;12;1369,35319671497
3372514;1;4;2;2;18; ;2; ; ;1;2; ; ;1; ;12;1369,35319671497
3372514;1;5;1; ; ; ; ; ; ; ; ; ; ; ; ;12;1369,35319671497
3372514;1;6;1; ; ; ; ; ; ; ; ; ; ; ; ;12;1369,35319671497
3372515;1;1;1; ; ; ; ; ; ; ; ; ; ; ; ;12;1217,20284152442
3372515;1;2;1; ; ; ; ; ; ; ; ; ; ; ; ;12;1217,20284152442
3372515;1;3;1; ; ; ; ; ; ; ; ; ; ; ; ;12;1217,20284152442
3372515;1;4;1; ; ; ; ; ; ; ; ; ; ; ; ;12;1217,20284152442
3372515;1;5;2;2;18; ;1; ; ; ;2; ; ;1; ;12;1217,20284152442
3372517;1;1;2;2;41; ;2; ; ;1;2; ; ;1; ;12;289,810200362957
3372517;1;2;2;2;18; ;2; ; ;1;2; ; ;1; ;12;289,810200362957
3372517;1;3;1; ; ; ; ; ; ; ; ; ; ; ; ;12;289,810200362957
3372518;1;1;1; ; ; ; ; ; ; ; ; ; ; ; ;12;1217,20284152442
3372518;1;2;2;2;18; ;2; ; ;2;2; ; ;2;1;12;1217,20284152442
3372518;1;3;1; ; ; ; ; ; ; ; ; ; ; ; ;12;1217,20284152442
3372518;1;4;1; ; ; ; ; ; ; ; ; ; ; ; ;12;1217,20284152442
3372519;1;1;2;2;18; ;3;76; ;1;2; ; ;1; ;12;1217,20284152442
3372519;1;2;1; ; ; ; ; ; ; ; ; ; ; ; ;12;1217,20284152442
3372519;1;3;1; ; ; ; ; ; ; ; ; ; ; ; ;12;1217,20284152442
3372519;1;4;1; ; ; ; ; ; ; ; ; ; ; ; ;12;1217,20284152442
3372520;1;1;2;2;76; ;2; ; ;1;2; ; ;1; ;12;1217,20284152442
3372520;1;2;2;2;18; ;2; ; ;1;2; ; ;1; ;12;1217,20284152442
3372520;1;3;2;2;18; ;2; ; ;1;2; ; ;1; ;12;1217,20284152442
3372520;1;4;1; ; ; ; ; ; ; ; ; ; ; ; ;12;1217,20284152442
3372520;1;5;1; ; ; ; ; ; ; ; ; ; ; ; ;12;1217,20284152442
3372520;1;6;1; ; ; ; ; ; ; ; ; ; ; ; ;12;1217,20284152442
3372520;1;7;1; ; ; ; ; ; ; ; ; ; ; ; ;12;1217,20284152442
3372520;1;8;1; ; ; ; ; ; ; ; ; ; ; ; ;12;1217,20284152442
3372522;1;1;1; ; ; ; ; ; ; ; ; ; ; ; ;12;1217,20284152442
3372522;1;2;2;2;18; ;2; ; ;1;2; ; ;1; ;12;1217,20284152442
3372522;1;3;1; ; ; ; ; ; ; ; ; ; ; ; ;12;1217,20284152442
3372522;1;4;2;2;18; ;2; ; ;1;2; ; ;1; ;12;1217,20284152442
3372522;1;5;1; ; ; ; ; ; ; ; ; ; ; ; ;12;1217,20284152442
3372522;1;6;1; ; ; ; ; ; ; ; ; ; ; ; ;12;1217,20284152442
3372522;1;7;1; ; ; ; ; ; ; ; ; ; ; ; ;12;1217,20284152442
3372523;1;1;2;2;41; ;2; ; ;1;2; ; ;1; ;12;289,810200362957
3372524;1;1;2;2;41; ;2; ; ;2;2; ; ;2;3;12;1217,20284152442
3372524;1;2;2;2;18; ;2; ; ;2;2; ; ;2;1;12;1217,20284152442
3372524;1;3;2;2;18; ;2; ; ;2;2; ; ;2;1;12;1217,20284152442
3372524;1;4;2;2;18; ;2; ; ;2;2; ; ;2;3;12;1217,20284152442
3372524;1;5;2;2;18; ;2; ; ;2;2; ; ;2;2;12;1217,20284152442
3372524;1;6;2;2;18; ;2; ; ;2;2; ; ;2;2;12;1217,20284152442
3372524;1;7;2;2;18; ;2; ; ;2;2; ; ;2;2;12;1217,20284152442
3372524;1;8;1; ; ; ; ; ; ; ; ; ; ; ; ;12;1217,20284152442
3372524;1;9;2;2;18; ;3;41; ;1;2; ; ;1; ;12;1217,20284152442
3372525;1;1;2;2;18; ;2; ; ;1;2; ; ;1; ;12;1217,20284152442
3372525;1;2;2;2;18; ;2; ; ;1;2; ; ;1; ;12;1217,20284152442
3372525;1;3;1; ; ; ; ; ; ; ; ; ; ; ; ;12;1217,20284152442
3372525;1;4;2;2;18; ;2; ; ;1;2; ; ;1; ;12;1217,20284152442
3372525;1;5;1; ; ; ; ; ; ; ; ; ; ; ; ;12;1217,20284152442
3372526;1;1;2;2;18; ;2; ; ;1;2; ; ;1; ;12;1041,41885059305
3372526;1;2;1; ; ; ; ; ; ; ; ; ; ; ; ;12;1041,41885059305
3372526;1;3;2;2;18; ;2; ; ;1;2; ; ;1; ;12;1041,41885059305
3372526;1;4;2;2;18; ;1; ; ; ;2; ; ;1; ;12;1041,41885059305
3372527;1;1;2;2;18; ;2; ; ;1;2; ; ;1; ;12;759,148604849421
3372527;1;2;1; ; ; ; ; ; ; ; ; ; ; ; ;12;759,148604849421
3372527;1;3;1; ; ; ; ; ; ; ; ; ; ; ; ;12;759,148604849421
3372527;1;4;1; ; ; ; ; ; ; ; ; ; ; ; ;12;759,148604849421
3372528;1;1;1; ; ; ; ; ; ; ; ; ; ; ; ;12;289,810200362957
3372528;1;2;1; ; ; ; ; ; ; ; ; ; ; ; ;12;289,810200362957
3372528;1;3;2;2;63; ;2; ; ;1;2; ; ;1; ;12;289,810200362957
3372529;1;1;2;2;18; ;2; ; ;1;2; ; ;1; ;12;1217,20284152442
3372529;1;2;1; ; ; ; ; ; ; ; ; ; ; ; ;12;1217,20284152442
3372529;1;3;1; ; ; ; ; ; ; ; ; ; ; ; ;12;1217,20284152442
3372529;1;4;1; ; ; ; ; ; ; ; ; ; ; ; ;12;1217,20284152442
3372529;1;5;2;2;18; ;1; ; ; ;2; ; ;1; ;12;1217,20284152442
3372530;1;1;2;2;73; ;2; ; ;2;2; ; ;2; ;12;720,410916172965
3372530;1;2;2;2;73; ;2; ; ;2;2; ; ;2; ;12;720,410916172965
3372530;1;3;1; ; ; ; ; ; ; ; ; ; ; ; ;12;720,410916172965
3372530;1;4;1; ; ; ; ; ; ; ; ; ; ; ; ;12;720,410916172965
3372530;1;5;1; ; ; ; ; ; ; ; ; ; ; ; ;12;720,410916172965
3372530;1;6;1; ; ; ; ; ; ; ; ; ; ; ; ;12;720,410916172965
3372530;1;7;1; ; ; ; ; ; ; ; ; ; ; ; ;12;720,410916172965
3372530;1;8;2;2;18; ;1; ; ; ;2; ; ;2; ;12;720,410916172965
3372531;1;1;1; ; ; ; ; ; ; ; ; ; ; ; ;12;511,467010225164
3372531;1;2;2;2;18; ;2; ; ;2;2; ; ;2; ;12;511,467010225164
3372531;1;3;2;2;18; ;1; ; ; ;2; ; ;2; ;12;511,467010225164
3372532;1;1;2;2;73; ;2; ; ;1;2; ; ;1; ;12;496,040821646727
3372532;1;2;1; ; ; ; ; ; ; ; ; ; ; ; ;12;496,040821646727
3372532;1;3;2;2;25; ;2; ; ;1;2; ; ;1; ;12;496,040821646727
3372532;1;4;1; ; ; ; ; ; ; ; ; ; ; ; ;12;496,040821646727
3372532;1;5;1; ; ; ; ; ; ; ; ; ; ; ; ;12;496,040821646727
3372532;1;6;1; ; ; ; ; ; ; ; ; ; ; ; ;12;496,040821646727
3372532;1;7;2;2;73; ;2; ; ;2;2; ; ;1; ;12;496,040821646727
3372533;1;1;2;2;73; ;3;18; ;2;2; ; ;2; ;12;334,316215833792
3372533;1;2;2;2;66; ;3;18; ;2;2; ; ;2; ;12;334,316215833792
3372533;1;3;2;2;18; ;3;18; ;2;2; ; ;2; ;12;334,316215833792
3372533;1;4;2;2;18; ;2; ; ;2;2; ; ;2; ;12;334,316215833792
3372533;1;5;2;2;18; ;2; ; ;2;2; ; ;2; ;12;334,316215833792
3372534;1;1;2;2;73; ;2; ; ;2;2; ; ;2; ;12;278,732621405294
3372534;1;2;2;2;63; ;2; ; ;2;2; ; ;2; ;12;278,732621405294
3372535;1;1;2;2;18; ;3;18; ;1;3;18; ;1;1;12;339,665647161437
3372535;1;2;2;2;18; ;3;18; ;1;3;18; ;1;2;12;339,665647161437
3372535;1;3;2;2;18; ;1; ; ; ;3;18; ;1;4;12;339,665647161437
3372536;1;1;2;2;76; ;2; ; ;2;2; ; ;2; ;12;335,309874090134
3372536;1;2;2;2;73; ;2; ; ;2;2; ; ;2; ;12;335,309874090134
3372536;1;3;2;2;41; ;2; ; ;2;2; ; ;2; ;12;335,309874090134
3372537;1;1;1; ; ; ; ; ; ; ; ; ; ; ; ;12;388,520011817644
3372537;1;2;2;2;18; ;2; ; ;2;2; ; ;2; ;12;388,520011817644
3372537;1;3;2;2;18; ;2; ; ;2;2; ; ;2; ;12;388,520011817644
3372537;1;4;2;2;18; ;1; ; ; ;1; ; ; ; ;12;388,520011817644
3372538;1;1;1; ; ; ; ; ; ; ; ; ; ; ; ;12;358,045062976562
3372538;1;2;2;2;73; ;2; ; ;2;2; ; ;2; ;12;358,045062976562
3372538;1;3;1; ; ; ; ; ; ; ; ; ; ; ; ;12;358,045062976562
3372539;1;1;2;2;18; ;2; ; ;2;2; ; ;2; ;12;388,520011817644
3372539;1;2;2;2;18; ;2; ; ;2;2; ; ;2; ;12;388,520011817644
3372539;1;3;2;2;18; ;2; ; ;2;2; ; ;2; ;12;388,520011817644
3372539;1;4;2;2;18; ;1; ; ; ;2; ; ;2; ;12;388,520011817644
3372540;1;1;2;2;73; ;2; ; ;2;2; ; ;2; ;12;658,265127265808
3372540;1;2;2;2;86; ;2; ; ;2;2; ; ;2; ;12;658,265127265808
3372540;1;3;2;2;18; ;2; ; ;2;2; ; ;2; ;12;658,265127265808
3372540;1;4;2;2;18; ;2; ; ;2;2; ; ;2; ;12;658,265127265808
3372540;1;5;2;2;18; ;1; ; ; ;2; ; ;2; ;12;658,265127265808
3372541;1;1;2;2;18; ;2; ; ;2;2; ; ;2; ;12;273,366318151627
3372541;1;2;2;2;66; ;2; ; ;2;2; ; ;2; ;12;273,366318151627
3372541;1;3;1; ; ; ; ; ; ; ; ; ; ; ; ;12;273,366318151627
3372542;1;1;2;2;18; ;2; ; ;1;2; ; ;1; ;12;1217,20284152442
3372542;1;2;1; ; ; ; ; ; ; ; ; ; ; ; ;12;1217,20284152442
3372542;1;3;1; ; ; ; ; ; ; ; ; ; ; ; ;12;1217,20284152442
3372542;1;4;1; ; ; ; ; ; ; ; ; ; ; ; ;12;1217,20284152442
3372542;1;5;1; ; ; ; ; ; ; ; ; ; ; ; ;12;1217,20284152442
3372542;1;6;1; ; ; ; ; ; ; ; ; ; ; ; ;12;1217,20284152442
3372542;1;7;2;2;18; ;2; ; ;1;2; ; ;1; ;12;1217,20284152442
3372542;1;8;1; ; ; ; ; ; ; ; ; ; ; ; ;12;1217,20284152442
3372542;1;9;1; ; ; ; ; ; ; ; ; ; ; ; ;12;1217,20284152442
3372544;1;1;1; ; ; ; ; ; ; ; ; ; ; ; ;12;447,257659612405
3372544;1;2;1; ; ; ; ; ; ; ; ; ; ; ; ;12;447,257659612405
3372545;1;1;1; ; ; ; ; ; ; ; ; ; ; ; ;12;1070,42382788818
3372545;1;2;1; ; ; ; ; ; ; ; ; ; ; ; ;12;1070,42382788818
3372545;1;3;1; ; ; ; ; ; ; ; ; ; ; ; ;12;1070,42382788818
3372545;1;4;1; ; ; ; ; ; ; ; ; ; ; ; ;12;1070,42382788818
3372546;1;1;2;2;18; ;2; ; ;2;2; ; ;2; ;12;710,665051565475
3372546;1;2;2;2;18; ;2; ; ;2;2; ; ;2; ;12;710,665051565475
3372547;1;1;1; ; ; ; ; ; ; ; ; ; ; ; ;12;824,617253056302
3372547;1;2;1; ; ; ; ; ; ; ; ; ; ; ; ;12;824,617253056302
3372548;1;1;2;2;18; ;3;05; ;1;2; ; ;2; ;12;1546,64286643217
3372548;1;2;2;2;25; ;3;05; ;1;2; ; ;2; ;12;1546,64286643217
3372548;1;3;2;2;18; ;3;41; ;1;2; ; ;2; ;12;1546,64286643217
3372548;1;4;2;2;11; ;1; ; ; ;2; ; ;2; ;12;1546,64286643217
3372548;1;5;2;2;05; ;1; ; ; ;2; ; ;2; ;12;1546,64286643217
3372549;1;1;2;2;76; ;2; ; ;1;2; ; ;1; ;12;316,156582214135
3372549;1;2;2;2;76; ;2; ; ;1;2; ; ;1; ;12;316,156582214135
3372549;1;3;1; ; ; ; ; ; ; ; ; ; ; ; ;12;316,156582214135
3372549;1;4;1; ; ; ; ; ; ; ; ; ; ; ; ;12;316,156582214135
3372550;1;1;2;2;76; ;2; ; ;1;2; ; ;1; ;12;996,282056173568
3372550;1;2;1; ; ; ; ; ; ; ; ; ; ; ; ;12;996,282056173568
3372550;1;3;2;2;18; ;1; ; ; ;2; ; ;1; ;12;996,282056173568
3372550;1;4;1; ; ; ; ; ; ; ; ; ; ; ; ;12;996,282056173568
3372551;1;1;1; ; ; ; ; ; ; ; ; ; ; ; ;12;316,156582214135
3372551;1;2;1; ; ; ; ; ; ; ; ; ; ; ; ;12;316,156582214135
3372552;1;1;2;2;76; ;2; ; ;1;2; ; ;1; ;12;326,036475408327
3372552;1;2;1; ; ; ; ; ; ; ; ; ; ; ; ;12;326,036475408327
3372553;1;1;2;2;18; ;2; ; ;1;2; ; ;1; ;12;676,996651796465
3372553;1;2;2;2;18; ;2; ; ;1;2; ; ;1; ;12;676,996651796465
3372554;1;1;2;2;25; ;2; ; ;1;2; ; ;1; ;12;3873,3169800038
3372554;1;2;2;2;15; ;2; ; ;1;2; ; ;1; ;12;3873,3169800038
3372554;1;3;1; ; ; ; ; ; ; ; ; ; ; ; ;12;3873,3169800038
3372554;1;4;1; ; ; ; ; ; ; ; ; ; ; ; ;12;3873,3169800038
3372554;1;5;1; ; ; ; ; ; ; ; ; ; ; ; ;12;3873,3169800038
3372554;1;6;1; ; ; ; ; ; ; ; ; ; ; ; ;12;3873,3169800038
3372554;1;7;1; ; ; ; ; ; ; ; ; ; ; ; ;12;3873,3169800038
3372554;1;8;1; ; ; ; ; ; ; ; ; ; ; ; ;12;3873,3169800038
3372554;1;9;1; ; ; ; ; ; ; ; ; ; ; ; ;12;3873,3169800038
3372555;1;1;2;2;15; ;2; ; ;1;2; ; ;1; ;12;2906,16809250304
3372555;1;2;2;2;15; ;2; ; ;1;2; ; ;1; ;12;2906,16809250304
3372555;1;3;1; ; ; ; ; ; ; ; ; ; ; ; ;12;2906,16809250304
3372555;1;4;1; ; ; ; ; ; ; ; ; ; ; ; ;12;2906,16809250304
3372556;1;1;1; ; ; ; ; ; ; ; ; ; ; ; ;12;3278,59727390285
3372556;1;2;1; ; ; ; ; ; ; ; ; ; ; ; ;12;3278,59727390285
3372556;1;3;1; ; ; ; ; ; ; ; ; ; ; ; ;12;3278,59727390285
3372557;1;1;1; ; ; ; ; ; ; ; ; ; ; ; ;12;2981,14152360654
3372557;1;2;1; ; ; ; ; ; ; ; ; ; ; ; ;12;2981,14152360654
3372557;1;3;2;1; ; ;2; ; ;1;2; ; ;1; ;12;2981,14152360654
3372557;1;4;1; ; ; ; ; ; ; ; ; ; ; ; ;12;2981,14152360654
3372557;1;5;1; ; ; ; ; ; ; ; ; ; ; ; ;12;2981,14152360654
3372558;1;1;2;2;15; ;2; ; ;1;2; ; ;1; ;12;2035,01017533726
3372558;1;2;1; ; ; ; ; ; ; ; ; ; ; ; ;12;2035,01017533726
3372558;1;3;1; ; ; ; ; ; ; ; ; ; ; ; ;12;2035,01017533726
3372559;1;1;1; ; ; ; ; ; ; ; ; ; ; ; ;12;2196,42518391263
3372559;1;2;2;2;41; ;2; ; ;1;2; ; ;1; ;12;2196,42518391263
3372559;1;3;1; ; ; ; ; ; ; ; ; ; ; ; ;12;2196,42518391263
3372559;1;4;1; ; ; ; ; ; ; ; ; ; ; ; ;12;2196,42518391263
3372560;1;1;2;2;41; ;2; ; ;1;2; ; ;1; ;12;2671,84127400309
3372560;1;2;1; ; ; ; ; ; ; ; ; ; ; ; ;12;2671,84127400309
3372560;1;3;1; ; ; ; ; ; ; ; ; ; ; ; ;12;2671,84127400309
3372561;1;1;2;2;73; ;2; ; ;1;2; ; ;1; ;12;2289,62400717581
3372561;1;2;1; ; ; ; ; ; ; ; ; ; ; ; ;12;2289,62400717581
3372561;1;3;1; ; ; ; ; ; ; ; ; ; ; ; ;12;2289,62400717581
3372561;1;4;1; ; ; ; ; ; ; ; ; ; ; ; ;12;2289,62400717581
3372562;1;1;2;2;15; ;2; ; ;1;2; ; ;1; ;12;2430,64028706059
3372562;1;2;2;2;15; ;2; ; ;1;2; ; ;1; ;12;2430,64028706059
3372563;1;1;1; ; ; ; ; ; ; ; ; ; ; ; ;12;2950,12847068583
3372563;1;2;1; ; ; ; ; ; ; ; ; ; ; ; ;12;2950,12847068583
3372563;1;3;1; ; ; ; ; ; ; ; ; ; ; ; ;12;2950,12847068583
3372564;1;1;2;1; ; ;2; ; ;1;3;50; ;1; ;12;2035,01017533726
3372564;1;2;2;2;50; ;3;50; ;1;3;85; ;1; ;12;2035,01017533726
3372564;1;3;2;2;25; ;2; ; ;1;2; ; ;1; ;12;2035,01017533726
3372565;1;1;2;2;73; ;2; ; ;1;2; ; ;1; ;12;2158,10559135566
3372565;1;2;2;2;73; ;2; ; ;1;2; ; ;1; ;12;2158,10559135566
3372565;1;3;2;2;73; ;2; ; ;1;2; ; ;1; ;12;2158,10559135566
3372565;1;4;2;2;73; ;2; ; ;1;2; ; ;1; ;12;2158,10559135566
3372565;1;5;2;2;73; ;2; ; ;1;2; ; ;1; ;12;2158,10559135566
3372565;1;6;2;2;73; ;3;73; ;2;2; ; ;1; ;12;2158,10559135566
3372566;1;1;1; ; ; ; ; ; ; ; ; ; ; ; ;12;2677,77228099175
3372566;1;2;2;2;47; ;2; ; ;1;2; ; ;1; ;12;2677,77228099175
3372566;1;3;1; ; ; ; ; ; ; ; ; ; ; ; ;12;2677,77228099175
3372566;1;4;2;2;47; ;2; ; ;1;2; ; ;1; ;12;2677,77228099175
3372567;1;1;2;2;41; ;3;41; ;1;2; ; ;1; ;12;1670,82748728788
3372567;1;2;2;2;15; ;2; ; ;1;2; ; ;1; ;12;1670,82748728788
3372567;1;3;1; ; ; ; ; ; ; ; ; ; ; ; ;12;1670,82748728788
3372567;1;4;1; ; ; ; ; ; ; ; ; ; ; ; ;12;1670,82748728788
3372567;1;5;1; ; ; ; ; ; ; ; ; ; ; ; ;12;1670,82748728788
3372568;1;1;2;2;15; ;2; ; ;1;2; ; ;1; ;12;2573,44196964413
3372568;1;2;1; ; ; ; ; ; ; ; ; ; ; ; ;12;2573,44196964413
3372568;1;3;1; ; ; ; ; ; ; ; ; ; ; ; ;12;2573,44196964413
3372568;1;4;1; ; ; ; ; ; ; ; ; ; ; ; ;12;2573,44196964413
3372568;1;5;1; ; ; ; ; ; ; ; ; ; ; ; ;12;2573,44196964413
3372569;1;1;2;2;73; ;2; ; ;1;2; ; ;1; ;12;2475,58134917214
3372570;1;1;2;2;25; ;2; ; ;1;2; ; ;1; ;12;2987,29747352714
3372570;1;2;2;2;25; ;2; ; ;1;2; ; ;1; ;12;2987,29747352714
3372570;1;3;2;2;25; ;2; ; ;1;2; ; ;1; ;12;2987,29747352714
3372571;1;1;1; ; ; ; ; ; ; ; ; ; ; ; ;12;2424,61356716215
3372571;1;2;1; ; ; ; ; ; ; ; ; ; ; ; ;12;2424,61356716215
3372571;1;3;1; ; ; ; ; ; ; ; ; ; ; ; ;12;2424,61356716215
3372571;1;4;1; ; ; ; ; ; ; ; ; ; ; ; ;12;2424,61356716215
3372571;1;5;1; ; ; ; ; ; ; ; ; ; ; ; ;12;2424,61356716215
3372572;1;1;1; ; ; ; ; ; ; ; ; ; ; ; ;12;2444,34335331948
3372572;1;2;2;2;15; ;2; ; ;1;2; ; ;1; ;12;2444,34335331948
3372573;1;1;2;2;25; ;2; ; ;1;2; ; ;1; ;12;2690,06666616277
3372573;1;2;1; ; ; ; ; ; ; ; ; ; ; ; ;12;2690,06666616277
3372575;1;1;2;2;15; ;2; ; ;1;2; ; ;1; ;12;2894,09865026395
3372575;1;2;2;2;15; ;2; ; ;1;2; ; ;1; ;12;2894,09865026395
3372575;1;3;1; ; ; ; ; ; ; ; ; ; ; ; ;12;2894,09865026395
3372578;1;1;2;2;68; ;2; ; ;1;2; ; ;1; ;12;2183,41258021965
3372578;1;2;2;1; ; ;2; ; ;1;2; ; ;1; ;12;2183,41258021965
3372578;1;3;1; ; ; ; ; ; ; ; ; ; ; ; ;12;2183,41258021965
3372578;1;4;2;2;68; ;2; ; ;1;2; ; ;1; ;12;2183,41258021965
3372579;1;1;2;2;73; ;2; ; ;1;2; ; ;1; ;12;2227,66317976528
3372579;1;2;1; ; ; ; ; ; ; ; ; ; ; ; ;12;2227,66317976528
3372579;1;3;1; ; ; ; ; ; ; ; ; ; ; ; ;12;2227,66317976528
3372580;1;1;2;2;73; ;2; ; ;1;2; ; ;1; ;12;2461,87828291325
3372581;1;1;2;2;73; ;2; ; ;1;2; ; ;1; ;12;2740,78798520815
3372581;1;2;1; ; ; ; ; ; ; ; ; ; ; ; ;12;2740,78798520815
3372581;1;3;1; ; ; ; ; ; ; ; ; ; ; ; ;12;2740,78798520815
3372581;1;4;1; ; ; ; ; ; ; ; ; ; ; ; ;12;2740,78798520815
3372581;1;5;1; ; ; ; ; ; ; ; ; ; ; ; ;12;2740,78798520815
3372581;1;6;1; ; ; ; ; ; ; ; ; ; ; ; ;12;2740,78798520815
3372581;1;7;1; ; ; ; ; ; ; ; ; ; ; ; ;12;2740,78798520815
3372582;1;1;1; ; ; ; ; ; ; ; ; ; ; ; ;12;2671,84127400309
3372582;1;2;1; ; ; ; ; ; ; ; ; ; ; ; ;12;2671,84127400309
3372582;1;3;1; ; ; ; ; ; ; ; ; ; ; ; ;12;2671,84127400309
3372583;1;1;1; ; ; ; ; ; ; ; ; ; ; ; ;12;2511,88138343667
3372583;1;2;1; ; ; ; ; ; ; ; ; ; ; ; ;12;2511,88138343667
3372583;1;3;1; ; ; ; ; ; ; ; ; ; ; ; ;12;2511,88138343667
3372583;1;4;1; ; ; ; ; ; ; ; ; ; ; ; ;12;2511,88138343667
3372584;1;1;2;2;15; ;2; ; ;1;2; ; ;1; ;12;3239,8774401428
3372584;1;2;1; ; ; ; ; ; ; ; ; ; ; ; ;12;3239,8774401428
3372584;1;3;1; ; ; ; ; ; ; ; ; ; ; ; ;12;3239,8774401428
3372584;1;4;1; ; ; ; ; ; ; ; ; ; ; ; ;12;3239,8774401428
3372584;1;5;1; ; ; ; ; ; ; ; ; ; ; ; ;12;3239,8774401428
3372585;1;1;1; ; ; ; ; ; ; ; ; ; ; ; ;12;2190,31567091311
3372585;1;2;2;2;25; ;2; ; ;1;2; ; ;1; ;12;2190,31567091311
3372585;1;3;1; ; ; ; ; ; ; ; ; ; ; ; ;12;2190,31567091311
3372585;1;4;2;2;25; ;3;15; ;1;2; ; ;1; ;12;2190,31567091311
3372585;1;5;1; ; ; ; ; ; ; ; ; ; ; ; ;12;2190,31567091311
3372585;1;6;2;1; ; ;3;15; ;1;2; ; ;1; ;12;2190,31567091311
3372586;1;1;1; ; ; ; ; ; ; ; ; ; ; ; ;12;3000,31007722011
3372586;1;2;1; ; ; ; ; ; ; ; ; ; ; ; ;12;3000,31007722011
3372586;1;3;1; ; ; ; ; ; ; ; ; ; ; ; ;12;3000,31007722011
3372587;1;1;2;2;73; ;2; ; ;1;2; ; ;1; ;12;2715,14871209483
3372587;1;2;2;2;73; ;2; ; ;1;2; ; ;1; ;12;2715,14871209483
3372587;1;3;1; ; ; ; ; ; ; ; ; ; ; ; ;12;2715,14871209483
3372588;1;1;2;2;15; ;2; ; ;1;2; ; ;1; ;12;3160,09146177567
3372588;1;2;1; ; ; ; ; ; ; ; ; ; ; ; ;12;3160,09146177567
3372588;1;3;1; ; ; ; ; ; ; ; ; ; ; ; ;12;3160,09146177567
3372588;1;4;1; ; ; ; ; ; ; ; ; ; ; ; ;12;3160,09146177567
3372588;1;5;1; ; ; ; ; ; ; ; ; ; ; ; ;12;3160,09146177567
3372589;1;1;2;2;73; ;3;73; ;2;2; ; ;1; ;12;2658,82867031012
3372589;1;2;2;2;25; ;2; ; ;1;2; ; ;1; ;12;2658,82867031012
3372589;1;3;2;2;50; ;2; ; ;1;2; ; ;1; ;12;2658,82867031012
3372590;1;1;2;2;08; ;3;08; ;1;3;08; ;1; ;12;2652,89766332146
3372590;1;2;2;2;08; ;3;08; ;1;3;08; ;1; ;12;2652,89766332146
3372591;1;1;1; ; ; ; ; ; ; ; ; ; ; ; ;12;2664,75967729878
3372591;1;2;2;2;25; ;2; ; ;1;2; ; ;1; ;12;2664,75967729878
3372591;1;3;1; ; ; ; ; ; ; ; ; ; ; ; ;12;2664,75967729878
3372591;1;4;1; ; ; ; ; ; ; ; ; ; ; ; ;12;2664,75967729878
3372592;1;1;1; ; ; ; ; ; ; ; ; ; ; ; ;12;2590,21224379486
3372592;1;2;1; ; ; ; ; ; ; ; ; ; ; ; ;12;2590,21224379486
3372593;1;1;1; ; ; ; ; ; ; ; ; ; ; ; ;12;2208,71956908364
3372593;1;2;1; ; ; ; ; ; ; ; ; ; ; ; ;12;2208,71956908364
3372594;1;1;1; ; ; ; ; ; ; ; ; ; ; ; ;12;2950,12847068583
3372594;1;2;1; ; ; ; ; ; ; ; ; ; ; ; ;12;2950,12847068583
3372594;1;3;1; ; ; ; ; ; ; ; ; ; ; ; ;12;2950,12847068583
3372595;1;1;2;2;15; ;2; ; ;1;2; ; ;1; ;12;2297,39606644604
3372595;1;2;1; ; ; ; ; ; ; ; ; ; ; ; ;12;2297,39606644604
3372595;1;3;1; ; ; ; ; ; ; ; ; ; ; ; ;12;2297,39606644604
3372596;1;1;1; ; ; ; ; ; ; ; ; ; ; ; ;12;2690,78488468473
3372596;1;2;2;2;70; ;3;70; ;2;2; ; ;1; ;12;2690,78488468473
3372596;1;3;1; ; ; ; ; ; ; ; ; ; ; ; ;12;2690,78488468473
3372596;1;4;1; ; ; ; ; ; ; ; ; ; ; ; ;12;2690,78488468473
3372597;1;1;2;2;52; ;2; ; ;1;2; ; ;1; ;12;1474,49960550318
3372597;1;2;1; ; ; ; ; ; ; ; ; ; ; ; ;12;1474,49960550318
3372597;1;3;1; ; ; ; ; ; ; ; ; ; ; ; ;12;1474,49960550318
3372597;1;4;1; ; ; ; ; ; ; ; ; ; ; ; ;12;1474,49960550318
3372597;1;5;1; ; ; ; ; ; ; ; ; ; ; ; ;12;1474,49960550318
3372597;1;6;1; ; ; ; ; ; ; ; ; ; ; ; ;12;1474,49960550318
3372597;1;7;2;1; ; ;3;52; ;2;3;52; ;2;4;12;1474,49960550318
3372597;1;8;1; ; ; ; ; ; ; ; ; ; ; ; ;12;1474,49960550318
3372597;1;9;2;2;52; ;2; ; ;1;2; ; ;1; ;12;1474,49960550318
3372598;1;1;2;2;15; ;2; ; ;1;2; ; ;1; ;12;2183,41258021965
3372598;1;2;1; ; ; ; ; ; ; ; ; ; ; ; ;12;2183,41258021965
3372598;1;3;1; ; ; ; ; ; ; ; ; ; ; ; ;12;2183,41258021965
3372598;1;4;1; ; ; ; ; ; ; ; ; ; ; ; ;12;2183,41258021965
3372599;1;1;2;2;25; ;2; ; ;1;2; ; ;1; ;12;2220,58158306097
3372599;1;2;1; ; ; ; ; ; ; ; ; ; ; ; ;12;2220,58158306097
3372599;1;3;1; ; ; ; ; ; ; ; ; ; ; ; ;12;2220,58158306097
3372599;1;4;1; ; ; ; ; ; ; ; ; ; ; ; ;12;2220,58158306097
3372602;1;1;1; ; ; ; ; ; ; ; ; ; ; ; ;12;2148,34272103213
3372602;1;2;1; ; ; ; ; ; ; ; ; ; ; ; ;12;2148,34272103213
3372602;1;3;1; ; ; ; ; ; ; ; ; ; ; ; ;12;2148,34272103213
3372602;1;4;1; ; ; ; ; ; ; ; ; ; ; ; ;12;2148,34272103213
3372602;1;5;1; ; ; ; ; ; ; ; ; ; ; ; ;12;2148,34272103213
3372602;1;6;1; ; ; ; ; ; ; ; ; ; ; ; ;12;2148,34272103213
3372603;1;1;2;2;41; ;2; ; ;1;2; ; ;1; ;12;2183,41258021965
3372603;1;2;2;2;41; ;2; ; ;1;2; ; ;1; ;12;2183,41258021965
3372603;1;3;2;2;41; ;2; ; ;1;2; ; ;1; ;12;2183,41258021965
3372603;1;4;2;2;41; ;2; ; ;1;2; ; ;1; ;12;2183,41258021965
3372604;1;1;2;2;52; ;2; ; ;1;2; ; ;1; ;12;2183,41258021965
3372604;1;2;2;2;66; ;2; ; ;1;2; ; ;1; ;12;2183,41258021965
3372604;1;3;1; ; ; ; ; ; ; ; ; ; ; ; ;12;2183,41258021965
3372604;1;4;1; ; ; ; ; ; ; ; ; ; ; ; ;12;2183,41258021965
3372605;1;1;2;2;17; ;2; ; ;1;2; ; ;1; ;12;2720,38925651757
3372605;1;2;2;2;17; ;2; ; ;1;2; ; ;1; ;12;2720,38925651757
3372605;1;3;1; ; ; ; ; ; ; ; ; ; ; ; ;12;2720,38925651757
3372605;1;4;1; ; ; ; ; ; ; ; ; ; ; ; ;12;2720,38925651757
3372606;1;1;2;2;25; ;2; ; ;1;2; ; ;1; ;12;2524,12933168662
3372606;1;2;2;2;25; ;2; ; ;1;2; ; ;1; ;12;2524,12933168662
3372607;1;1;2;2;15; ;2; ; ;1;2; ; ;1; ;12;2208,71956908364
3372607;1;2;1; ; ; ; ; ; ; ; ; ; ; ; ;12;2208,71956908364
3372608;1;1;1; ; ; ; ; ; ; ; ; ; ; ; ;12;1713,92749711785
3372608;1;2;2;2;15; ;2; ; ;1;2; ; ;1; ;12;1713,92749711785
3372608;1;3;1; ; ; ; ; ; ; ; ; ; ; ; ;12;1713,92749711785
3372608;1;4;1; ; ; ; ; ; ; ; ; ; ; ; ;12;1713,92749711785
3372608;1;5;1; ; ; ; ; ; ; ; ; ; ; ; ;12;1713,92749711785
3372608;1;6;1; ; ; ; ; ; ; ; ; ; ; ; ;12;1713,92749711785
3372609;1;1;2;2;25; ;2; ; ;1;2; ; ;1; ;12;2720,38925651757
3372609;1;2;1; ; ; ; ; ; ; ; ; ; ; ; ;12;2720,38925651757
3372609;1;3;1; ; ; ; ; ; ; ; ; ; ; ; ;12;2720,38925651757
3372609;1;4;1; ; ; ; ; ; ; ; ; ; ; ; ;12;2720,38925651757
3372610;1;1;2;2;25; ;2; ; ;1;2; ; ;1; ;12;2091,12278886021
3372610;1;2;1; ; ; ; ; ; ; ; ; ; ; ; ;12;2091,12278886021
3372610;1;3;1; ; ; ; ; ; ; ; ; ; ; ; ;12;2091,12278886021
3372610;1;4;1; ; ; ; ; ; ; ; ; ; ; ; ;12;2091,12278886021
3372611;1;1;1; ; ; ; ; ; ; ; ; ; ; ; ;12;2670,69068428744
3372611;1;2;1; ; ; ; ; ; ; ; ; ; ; ; ;12;2670,69068428744
3372611;1;3;1; ; ; ; ; ; ; ; ; ; ; ; ;12;2670,69068428744
3372611;1;4;1; ; ; ; ; ; ; ; ; ; ; ; ;12;2670,69068428744
3372611;1;5;1; ; ; ; ; ; ; ; ; ; ; ; ;12;2670,69068428744
3372612;1;1;2;2;25; ;2; ; ;1;2; ; ;1; ;12;2524,12933168662
3372612;1;2;1; ; ; ; ; ; ; ; ; ; ; ; ;12;2524,12933168662
3372613;1;1;1; ; ; ; ; ; ; ; ; ; ; ; ;12;2664,75967729878
3372613;1;2;2;2;73; ;2; ; ;1;2; ; ;1; ;12;2664,75967729878
3372613;1;3;1; ; ; ; ; ; ; ; ; ; ; ; ;12;2664,75967729878
3372613;1;4;1; ; ; ; ; ; ; ; ; ; ; ; ;12;2664,75967729878
3372614;1;1;2;2;19; ;2; ; ;1;2; ; ;1; ;12;2492,89133583397
3372614;1;2;2;2;15; ;2; ; ;1;2; ; ;1; ;12;2492,89133583397
3372614;1;3;1; ; ; ; ; ; ; ; ; ; ; ; ;12;2492,89133583397
3372615;1;1;1; ; ; ; ; ; ; ; ; ; ; ; ;12;2165,18718805998
3372615;1;2;1; ; ; ; ; ; ; ; ; ; ; ; ;12;2165,18718805998
3372615;1;3;1; ; ; ; ; ; ; ; ; ; ; ; ;12;2165,18718805998
3372615;1;4;1; ; ; ; ; ; ; ; ; ; ; ; ;12;2165,18718805998
3372615;1;5;2;2;86; ;2; ; ;1;2; ; ;1; ;12;2165,18718805998
3372616;1;1;2;2;76; ;3;76; ;1;3;76; ;1; ;12;2690,06666616277
3372616;1;2;2;1; ; ;3;76; ;1;3;76; ;1; ;12;2690,06666616277
3372617;1;1;2;2;18; ;2; ; ;1;2; ; ;1; ;12;2461,87828291325
3372618;1;1;2;1; ; ;3;50; ;1;2; ; ;1; ;12;2671,84127400309
3372618;1;2;2;1; ; ;3;50; ;1;2; ; ;1; ;12;2671,84127400309
3372618;1;3;2;1; ; ;3;50; ;1;2; ; ;1; ;12;2671,84127400309
3372619;1;1;2;2;50; ;2; ; ;1;2; ; ;1; ;12;2062,05812953846
3372619;1;2;2;2;66; ;2; ; ;1;2; ; ;1; ;12;2062,05812953846
3372619;1;3;1; ; ; ; ; ; ; ; ; ; ; ; ;12;2062,05812953846
3372619;1;4;1; ; ; ; ; ; ; ; ; ; ; ; ;12;2062,05812953846
3372619;1;5;1; ; ; ; ; ; ; ; ; ; ; ; ;12;2062,05812953846
3372619;1;6;1; ; ; ; ; ; ; ; ; ; ; ; ;12;2062,05812953846
3372619;1;7;1; ; ; ; ; ; ; ; ; ; ; ; ;12;2062,05812953846
3372619;1;8;1; ; ; ; ; ; ; ; ; ; ; ; ;12;2062,05812953846
3372619;1;9;1; ; ; ; ; ; ; ; ; ; ; ; ;12;2062,05812953846
3372620;1;1;2;2;54; ;2; ; ;1;2; ; ;1; ;12;2652,89766332146
3372620;1;2;2;2;41; ;2; ; ;1;2; ; ;1; ;12;2652,89766332146
3372621;1;1;2;2;15; ;2; ; ;1;2; ; ;1; ;12;2461,87828291325
3372622;1;1;2;2;73; ;3;05; ;2;2; ; ;1; ;12;2430,64028706059
3372622;1;2;2;2;73; ;3;73; ;2;2; ; ;1; ;12;2430,64028706059
3372623;1;1;2;2;73; ;3;05; ;1;2; ; ;1; ;12;2845,32572481754
3372623;1;2;2;2;17; ;3;05; ;1;2; ; ;1; ;12;2845,32572481754
3372623;1;3;1; ; ; ; ; ; ; ; ; ; ; ; ;12;2845,32572481754
3372623;1;4;1; ; ; ; ; ; ; ; ; ; ; ; ;12;2845,32572481754
3372623;1;5;2;2;73; ;2; ; ;1;2; ; ;1; ;12;2845,32572481754
3372624;1;1;1; ; ; ; ; ; ; ; ; ; ; ; ;12;2932,59354109206
3372624;1;2;1; ; ; ; ; ; ; ; ; ; ; ; ;12;2932,59354109206
3372624;1;3;1; ; ; ; ; ; ; ; ; ; ; ; ;12;2932,59354109206
3372624;1;4;1; ; ; ; ; ; ; ; ; ; ; ; ;12;2932,59354109206
3372625;1;1;2;1; ; ;2; ; ;1;2; ; ;1; ;12;2202,35619090129
3372625;1;2;2;2;25; ;2; ; ;1;2; ; ;1; ;12;2202,35619090129
3372625;1;3;1; ; ; ; ; ; ; ; ; ; ; ; ;12;2202,35619090129
3372625;1;4;1; ; ; ; ; ; ; ; ; ; ; ; ;12;2202,35619090129
3372625;1;5;1; ; ; ; ; ; ; ; ; ; ; ; ;12;2202,35619090129
3372626;1;1;1; ; ; ; ; ; ; ; ; ; ; ; ;12;2802,20910010759
3372626;1;2;1; ; ; ; ; ; ; ; ; ; ; ; ;12;2802,20910010759
3372626;1;3;1; ; ; ; ; ; ; ; ; ; ; ; ;12;2802,20910010759
3372627;1;1;1; ; ; ; ; ; ; ; ; ; ; ; ;12;2703,07926985574
3372627;1;2;1; ; ; ; ; ; ; ; ; ; ; ; ;12;2703,07926985574
3372629;1;1;2;2;68; ;2; ; ;1;2; ; ;1; ;12;2492,89133583397
3372629;1;2;2;2;68; ;2; ; ;1;2; ; ;1; ;12;2492,89133583397
3372629;1;3;2;2;68; ;2; ; ;1;2; ; ;1; ;12;2492,89133583397
3372630;1;1;2;2;25; ;2; ; ;1;2; ; ;1; ;12;3000,08513428818
3372630;1;2;2;2;15; ;2; ; ;1;2; ; ;1; ;12;3000,08513428818
3372630;1;3;1; ; ; ; ; ; ; ; ; ; ; ; ;12;3000,08513428818
3372630;1;4;2;2;25; ;2; ; ;1;2; ; ;1; ;12;3000,08513428818
3372630;1;5;1; ; ; ; ; ; ; ; ; ; ; ; ;12;3000,08513428818
3372630;1;6;1; ; ; ; ; ; ; ; ; ; ; ; ;12;3000,08513428818
3372631;1;1;2;2;15; ;2; ; ;1;2; ; ;1; ;12;2516,35727241639
3372631;1;2;2;2;15; ;2; ; ;1;2; ; ;1; ;12;2516,35727241639
3372631;1;3;2;1; ; ;2; ; ;1;2; ; ;1; ;12;2516,35727241639
3372632;1;1;2;2;25; ;2; ; ;1;2; ; ;1; ;12;2658,82867031012
3372632;1;2;2;2;23; ;2; ; ;1;2; ; ;1; ;12;2658,82867031012
3372632;1;3;2;2;23; ;2; ; ;1;2; ; ;1; ;12;2658,82867031012
3372633;1;1;1; ; ; ; ; ; ; ; ; ; ; ; ;12;2474,71238059536
3372633;1;2;1; ; ; ; ; ; ; ; ; ; ; ; ;12;2474,71238059536
3372633;1;3;1; ; ; ; ; ; ; ; ; ; ; ; ;12;2474,71238059536
3372633;1;4;1; ; ; ; ; ; ; ; ; ; ; ; ;12;2474,71238059536
3372634;1;1;1; ; ; ; ; ; ; ; ; ; ; ; ;12;2220,58158306097
3372634;1;2;1; ; ; ; ; ; ; ; ; ; ; ; ;12;2220,58158306097
3372634;1;3;1; ; ; ; ; ; ; ; ; ; ; ; ;12;2220,58158306097
3372634;1;4;1; ; ; ; ; ; ; ; ; ; ; ; ;12;2220,58158306097
3372635;1;1;1; ; ; ; ; ; ; ; ; ; ; ; ;12;2333,26372951688
3372635;1;2;2;2;15; ;2; ; ;1;2; ; ;1; ;12;2333,26372951688
3372635;1;3;1; ; ; ; ; ; ; ; ; ; ; ; ;12;2333,26372951688
3372635;1;4;1; ; ; ; ; ; ; ; ; ; ; ; ;12;2333,26372951688
3372635;1;5;1; ; ; ; ; ; ; ; ; ; ; ; ;12;2333,26372951688
3372635;1;6;1; ; ; ; ; ; ; ; ; ; ; ; ;12;2333,26372951688
3372635;1;7;1; ; ; ; ; ; ; ; ; ; ; ; ;12;2333,26372951688
3372635;1;8;1; ; ; ; ; ; ; ; ; ; ; ; ;12;2333,26372951688
3372635;1;9;2;1; ; ;2; ; ;1;2; ; ;1; ;12;2333,26372951688
3372635;1;10;2;3; ;4;1; ; ; ;2; ; ;1; ;12;2333,26372951688
3372636;1;1;1; ; ; ; ; ; ; ; ; ; ; ; ;12;2709,72849536636
3372636;1;2;1; ; ; ; ; ; ; ; ; ; ; ; ;12;2709,72849536636
3372636;1;3;1; ; ; ; ; ; ; ; ; ; ; ; ;12;2709,72849536636
3372636;1;4;1; ; ; ; ; ; ; ; ; ; ; ; ;12;2709,72849536636
3372636;1;5;1; ; ; ; ; ; ; ; ; ; ; ; ;12;2709,72849536636
3372637;1;1;2;2;15; ;2; ; ;1;2; ; ;1; ;12;2488,41544685425
3372637;1;2;2;2;15; ;2; ; ;1;2; ; ;1; ;12;2488,41544685425
3372637;1;3;1; ; ; ; ; ; ; ; ; ; ; ; ;12;2488,41544685425
3372637;1;4;1; ; ; ; ; ; ; ; ; ; ; ; ;12;2488,41544685425
3372638;1;1;2;2;25; ;2; ; ;1;2; ; ;1; ;12;2715,14871209483
3372638;1;2;2;2;25; ;2; ; ;1;2; ; ;1; ;12;2715,14871209483
3372638;1;3;1; ; ; ; ; ; ; ; ; ; ; ; ;12;2715,14871209483
3372639;1;1;1; ; ; ; ; ; ; ; ; ; ; ; ;12;2969,07208136746
3372639;1;2;2;1; ; ;2; ; ;1;2; ; ;1; ;12;2969,07208136746
3372639;1;3;1; ; ; ; ; ; ; ; ; ; ; ; ;12;2969,07208136746
3372639;1;4;1; ; ; ; ; ; ; ; ; ; ; ; ;12;2969,07208136746
3372640;1;1;2;1; ; ;4; ;2; ;2; ; ;1; ;12;2475,58134917214
3372641;1;1;2;2;68; ;2; ; ;1;2; ; ;1; ;12;2821,36013905099
3372641;1;2;1; ; ; ; ; ; ; ; ; ; ; ; ;12;2821,36013905099
3372641;1;3;1; ; ; ; ; ; ; ; ; ; ; ; ;12;2821,36013905099
3372642;1;1;2;2;15; ;2; ; ;1;2; ; ;1; ;12;2475,58134917214
3372643;1;1;2;2;18; ;2; ; ;1;4; ;3; ;1;12;2652,89766332146
3372643;1;2;1; ; ; ; ; ; ; ; ; ; ; ; ;12;2652,89766332146
3372645;1;1;2;2;25; ;2; ; ;1;2; ; ;1; ;12;3309,61032682356
3372645;1;2;2;2;68; ;2; ; ;1;2; ; ;1; ;12;3309,61032682356
3372645;1;3;1; ; ; ; ; ; ; ; ; ; ; ; ;12;3309,61032682356
3372645;1;4;1; ; ; ; ; ; ; ; ; ; ; ; ;12;3309,61032682356
3372645;1;5;1; ; ; ; ; ; ; ; ; ; ; ; ;12;3309,61032682356
3372646;1;1;1; ; ; ; ; ; ; ; ; ; ; ; ;12;2524,12933168662
3372646;1;2;2;2;73; ;2; ; ;1;2; ; ;1; ;12;2524,12933168662
3372647;1;1;2;2;17; ;2; ; ;1;2; ; ;1; ;12;2658,82867031012
3372647;1;2;2;2;17; ;2; ; ;1;2; ; ;1; ;12;2658,82867031012
3372647;1;3;2;2;17; ;3;17; ;1;3;19; ;1; ;12;2658,82867031012
3372648;1;1;1; ; ; ; ; ; ; ; ; ; ; ; ;12;1276,83099958435
3372648;1;2;1; ; ; ; ; ; ; ; ; ; ; ; ;12;1276,83099958435
3372648;1;3;2;1; ; ;3;25; ;2;2; ; ;1; ;12;1276,83099958435
3372648;1;4;1; ; ; ; ; ; ; ; ; ; ; ; ;12;1276,83099958435
3372648;1;5;1; ; ; ; ; ; ; ; ; ; ; ; ;12;1276,83099958435
3372649;1;1;2;2;25; ;3;25; ;1;2; ; ;1; ;12;2987,29747352714
3372649;1;2;2;1; ; ;3;25; ;1;2; ; ;1; ;12;2987,29747352714
3372649;1;3;2;1; ; ;3;25; ;1;2; ; ;1; ;12;2987,29747352714
3372650;1;1;2;2;13; ;2; ; ;1;2; ; ;1; ;12;1986,46219282278
3372650;1;2;1; ; ; ; ; ; ; ; ; ; ; ; ;12;1986,46219282278
3372651;1;1;2;2;15; ;2; ; ;1;2; ; ;1; ;12;2023,40625273216
3372651;1;2;2;2;15; ;2; ; ;1;2; ; ;1; ;12;2023,40625273216
3372651;1;3;2;2;15; ;2; ; ;1;2; ; ;1; ;12;2023,40625273216
3372651;1;4;2;1; ; ;2; ; ;1;2; ; ;1; ;12;2023,40625273216
3372651;1;5;1; ; ; ; ; ; ; ; ; ; ; ; ;12;2023,40625273216
3372652;1;1;2;2;66; ;2; ; ;1;2; ; ;1; ;12;2048,71324159615
3372652;1;2;2;2;17; ;2; ; ;1;2; ; ;1; ;12;2048,71324159615
3372652;1;3;1; ; ; ; ; ; ; ; ; ; ; ; ;12;2048,71324159615
3372653;1;1;2;2;25; ;2; ; ;1;2; ; ;1; ;12;2541,66426128038
3372654;1;1;1; ; ; ; ; ; ; ; ; ; ; ; ;12;1246,55813938295
3372654;1;2;1; ; ; ; ; ; ; ; ; ; ; ; ;12;1246,55813938295
3372654;1;3;1; ; ; ; ; ; ; ; ; ; ; ; ;12;1246,55813938295
3372654;1;4;1; ; ; ; ; ; ; ; ; ; ; ; ;12;1246,55813938295
3372654;1;5;1; ; ; ; ; ; ; ; ; ; ; ; ;12;1246,55813938295
3372655;1;1;2;2;15; ;2; ; ;1;2; ; ;1; ;12;2524,12933168662
3372655;1;2;1; ; ; ; ; ; ; ; ; ; ; ; ;12;2524,12933168662
3372656;1;1;2;1; ; ;4; ;11; ;2; ; ;1; ;12;2208,71956908364
3372656;1;2;2;1; ; ;4; ;11; ;2; ; ;1; ;12;2208,71956908364
3372657;1;1;2;2;25; ;2; ; ;1;2; ; ;1; ;12;2052,3201619991
3372657;1;2;2;2;25; ;2; ; ;1;2; ; ;1; ;12;2052,3201619991
3372657;1;3;1; ; ; ; ; ; ; ; ; ; ; ; ;12;2052,3201619991
3372657;1;4;1; ; ; ; ; ; ; ; ; ; ; ; ;12;2052,3201619991
3372657;1;5;2;2;25; ;2; ; ;1;2; ; ;1; ;12;2052,3201619991
3372658;1;1;2;2;15; ;2; ; ;1;2; ; ;1; ;12;2017,70018867543
3372659;1;1;2;2;15; ;2; ; ;1;2; ; ;1; ;12;2734,09232277646
3372659;1;2;2;2;25; ;2; ; ;1;2; ; ;1; ;12;2734,09232277646
3372659;1;3;1; ; ; ; ; ; ; ; ; ; ; ; ;12;2734,09232277646
3372659;1;4;1; ; ; ; ; ; ; ; ; ; ; ; ;12;2734,09232277646
3372660;1;1;2;2;17; ;2; ; ;1;2; ; ;1; ;12;2047,84427301938
3372660;1;2;2;2;17; ;2; ; ;1;2; ; ;1; ;12;2047,84427301938
3372660;1;3;1; ; ; ; ; ; ; ; ; ; ; ; ;12;2047,84427301938
3372660;1;4;1; ; ; ; ; ; ; ; ; ; ; ; ;12;2047,84427301938
3372660;2;1;2;2;25; ;2; ; ;1;2; ; ;1; ;12;2047,84427301938
3372660;2;2;1; ; ; ; ; ; ; ; ; ; ; ; ;12;2047,84427301938
3372661;1;1;1; ; ; ; ; ; ; ; ; ; ; ; ;12;2541,66426128038
3372662;1;1;2;2;25; ;3;25; ;1;3;25; ;1; ;12;1542,28409858497
3372662;1;2;2;2;25; ;3;25; ;1;2; ; ;1; ;12;1542,28409858497
3372663;1;1;1; ; ; ; ; ; ; ; ; ; ; ; ;12;2467,80928990191
3372663;1;2;1; ; ; ; ; ; ; ; ; ; ; ; ;12;2467,80928990191
3372664;1;1;1; ; ; ; ; ; ; ; ; ; ; ; ;12;2461,87828291325
3372665;1;1;2;2;76; ;2; ; ;1;2; ; ;1; ;12;2652,89766332146
3372665;1;2;1; ; ; ; ; ; ; ; ; ; ; ; ;12;2652,89766332146
3372666;1;1;1; ; ; ; ; ; ; ; ; ; ; ; ;12;2727,95388752604
3372666;1;2;1; ; ; ; ; ; ; ; ; ; ; ; ;12;2727,95388752604
3372666;1;3;1; ; ; ; ; ; ; ; ; ; ; ; ;12;2727,95388752604
3372666;1;4;1; ; ; ; ; ; ; ; ; ; ; ; ;12;2727,95388752604
3372667;1;1;2;2;13; ;2; ; ;1;2; ; ;1; ;12;2684,13565917411
3372668;1;1;1; ; ; ; ; ; ; ; ; ; ; ; ;12;2652,89766332146
3372668;1;2;2;2;08; ;2; ; ;1;2; ; ;1; ;12;2652,89766332146
3372669;1;1;1; ; ; ; ; ; ; ; ; ; ; ; ;12;2541,66426128038
3372670;1;1;2;2;15; ;2; ; ;1;2; ; ;1; ;12;2467,80928990191
3372670;1;2;2;2;15; ;3;15; ;2;2; ; ;1; ;12;2467,80928990191
3372671;1;1;2;2;63; ;2; ; ;1;2; ; ;1; ;12;2283,69300018715
3372671;1;2;1; ; ; ; ; ; ; ; ; ; ; ; ;12;2283,69300018715
3372671;1;3;1; ; ; ; ; ; ; ; ; ; ; ; ;12;2283,69300018715
3372675;1;1;2;2;25; ;2; ; ;1;2; ; ;1; ;12;2177,48157323099
3372675;1;2;2;2;66; ;2; ; ;1;2; ; ;1; ;12;2177,48157323099
3372675;1;3;1; ; ; ; ; ; ; ; ; ; ; ; ;12;2177,48157323099
3372676;1;1;2;2;15; ;2; ; ;1;2; ; ;1; ;12;1733,30347899318
3372676;1;2;1; ; ; ; ; ; ; ; ; ; ; ; ;12;1733,30347899318
3372676;1;3;1; ; ; ; ; ; ; ; ; ; ; ; ;12;1733,30347899318
3372677;1;1;1; ; ; ; ; ; ; ; ; ; ; ; ;12;2975,00308835612
3372677;1;2;1; ; ; ; ; ; ; ; ; ; ; ; ;12;2975,00308835612
3372677;1;3;1; ; ; ; ; ; ; ; ; ; ; ; ;12;2975,00308835612
3372677;1;4;1; ; ; ; ; ; ; ; ; ; ; ; ;12;2975,00308835612
3372677;1;5;1; ; ; ; ; ; ; ; ; ; ; ; ;12;2975,00308835612
3372678;1;1;2;2;41; ;2; ; ;1;2; ; ;1; ;12;2511,88138343667
3372678;1;2;1; ; ; ; ; ; ; ; ; ; ; ; ;12;2511,88138343667
3372678;1;3;1; ; ; ; ; ; ; ; ; ; ; ; ;12;2511,88138343667
3372678;1;4;1; ; ; ; ; ; ; ; ; ; ; ; ;12;2511,88138343667
3372679;1;1;2;2;25; ;2; ; ;1;2; ; ;1; ;12;2479,18826957508
3372679;1;2;1; ; ; ; ; ; ; ; ; ; ; ; ;12;2479,18826957508
3372679;1;3;1; ; ; ; ; ; ; ; ; ; ; ; ;12;2479,18826957508
3372680;1;1;1; ; ; ; ; ; ; ; ; ; ; ; ;12;2969,07208136746
3372680;1;2;1; ; ; ; ; ; ; ; ; ; ; ; ;12;2969,07208136746
3372680;1;3;1; ; ; ; ; ; ; ; ; ; ; ; ;12;2969,07208136746
3372680;1;4;1; ; ; ; ; ; ; ; ; ; ; ; ;12;2969,07208136746
3372681;1;1;2;2;25; ;2; ; ;1;2; ; ;1; ;12;2492,89133583397
3372681;1;2;2;2;15; ;2; ; ;1;2; ; ;1; ;12;2492,89133583397
3372681;1;3;1; ; ; ; ; ; ; ; ; ; ; ; ;12;2492,89133583397
3372682;1;1;1; ; ; ; ; ; ; ; ; ; ; ; ;12;2461,87828291325
3372683;1;1;1; ; ; ; ; ; ; ; ; ; ; ; ;12;2177,48157323099
3372683;1;2;1; ; ; ; ; ; ; ; ; ; ; ; ;12;2177,48157323099
3372683;1;3;1; ; ; ; ; ; ; ; ; ; ; ; ;12;2177,48157323099
3372684;1;1;1; ; ; ; ; ; ; ; ; ; ; ; ;12;3160,09146177567
3372684;1;2;2;2;85; ;2; ; ;1;2; ; ;1; ;12;3160,09146177567
3372684;1;3;2;2;54; ;3;85; ;1;2; ; ;1; ;12;3160,09146177567
3372684;1;4;2;2;85; ;2; ; ;1;2; ; ;1; ;12;3160,09146177567
3372684;1;5;2;2;85; ;1; ; ; ;2; ; ;1; ;12;3160,09146177567
3372685;1;1;2;2;70; ;3;70; ;1;2; ; ;1; ;12;2461,87828291325
3372686;1;1;1; ; ; ; ; ; ; ; ; ; ; ; ;12;2220,58158306097
3372686;1;2;1; ; ; ; ; ; ; ; ; ; ; ; ;12;2220,58158306097
3372686;1;3;1; ; ; ; ; ; ; ; ; ; ; ; ;12;2220,58158306097
3372686;2;1;2;2;73; ;3;73; ;1;2; ; ;1; ;12;2220,58158306097
3372687;1;1;2;2;13; ;3;13; ;1;3;13; ;1; ;12;2652,89766332146
3372687;1;2;2;2;47; ;3;08; ;1;3;13; ;1; ;12;2652,89766332146
3372688;1;1;2;2;15; ;2; ; ;1;2; ; ;1; ;12;2541,66426128038
3372689;1;1;2;2;70; ;2; ; ;1;2; ; ;1; ;12;2461,87828291325
3372690;1;1;2;2;73; ;2; ; ;1;2; ; ;1; ;12;2510,42626542773
3372690;1;2;2;2;25; ;2; ; ;1;2; ; ;1; ;12;2510,42626542773
3372691;1;1;2;2;25; ;2; ; ;1;2; ; ;1; ;12;2524,12933168662
3372691;1;2;1; ; ; ; ; ; ; ; ; ; ; ; ;12;2524,12933168662
3372692;1;1;2;2;08; ;3;08; ;1;2; ; ;1; ;12;2017,70018867543
3372693;1;1;1; ; ; ; ; ; ; ; ; ; ; ; ;12;2671,84127400309
3372693;1;2;1; ; ; ; ; ; ; ; ; ; ; ; ;12;2671,84127400309
3372693;1;3;1; ; ; ; ; ; ; ; ; ; ; ; ;12;2671,84127400309
3372695;1;1;2;2;68; ;2; ; ;1;2; ; ;1; ;12;2881,08604657098
3372695;1;2;1; ; ; ; ; ; ; ; ; ; ; ; ;12;2881,08604657098
3372695;1;3;1; ; ; ; ; ; ; ; ; ; ; ; ;12;2881,08604657098
3372696;1;1;2;2;25; ;2; ; ;1;2; ; ;1; ;12;2042,57480634573
3372696;1;2;1; ; ; ; ; ; ; ; ; ; ; ; ;12;2042,57480634573
3372696;1;3;1; ; ; ; ; ; ; ; ; ; ; ; ;12;2042,57480634573
3372697;1;1;1; ; ; ; ; ; ; ; ; ; ; ; ;12;2652,89766332146
3372697;1;2;1; ; ; ; ; ; ; ; ; ; ; ; ;12;2652,89766332146
3372698;1;1;2;2;15; ;2; ; ;1;2; ; ;1; ;12;2461,87828291325
3372699;1;1;1; ; ; ; ; ; ; ; ; ; ; ; ;12;2658,82867031012
3372699;1;2;2;2;73; ;2; ; ;1;2; ; ;1; ;12;2658,82867031012
3372699;1;3;1; ; ; ; ; ; ; ; ; ; ; ; ;12;2658,82867031012
3372700;1;1;2;2;18; ;2; ; ;1;2; ; ;1; ;12;2950,12847068583
3372700;1;2;1; ; ; ; ; ; ; ; ; ; ; ; ;12;2950,12847068583
3372700;1;3;1; ; ; ; ; ; ; ; ; ; ; ; ;12;2950,12847068583
3372701;1;1;1; ; ; ; ; ; ; ; ; ; ; ; ;12;2969,07208136746
3372701;1;2;1; ; ; ; ; ; ; ; ; ; ; ; ;12;2969,07208136746
3372701;1;3;1; ; ; ; ; ; ; ; ; ; ; ; ;12;2969,07208136746
3372701;1;4;1; ; ; ; ; ; ; ; ; ; ; ; ;12;2969,07208136746
3372702;1;1;2;2;73; ;2; ; ;1;2; ; ;1; ;12;2177,48157323099
3372702;1;2;2;2;66; ;2; ; ;1;2; ; ;1; ;12;2177,48157323099
3372702;1;3;1; ; ; ; ; ; ; ; ; ; ; ; ;12;2177,48157323099
3372703;1;1;1; ; ; ; ; ; ; ; ; ; ; ; ;12;2499,04728575456
3372704;1;1;2;2;27; ;2; ; ;1;2; ; ;1; ;12;2652,89766332146
3372704;1;2;1; ; ; ; ; ; ; ; ; ; ; ; ;12;2652,89766332146
3372705;1;1;1; ; ; ; ; ; ; ; ; ; ; ; ;12;2072,17917817858
3372705;1;2;1; ; ; ; ; ; ; ; ; ; ; ; ;12;2072,17917817858
3372705;1;3;1; ; ; ; ; ; ; ; ; ; ; ; ;12;2072,17917817858
3372706;1;1;2;2;25; ;2; ; ;1;2; ; ;1; ;12;2954,71607501752
3372706;1;2;2;2;25; ;2; ; ;1;2; ; ;1; ;12;2954,71607501752
3372706;1;3;1; ; ; ; ; ; ; ; ; ; ; ; ;12;2954,71607501752
3372706;1;4;1; ; ; ; ; ; ; ; ; ; ; ; ;12;2954,71607501752
3372706;1;5;2;2;25; ;2; ; ;1;2; ; ;1; ;12;2954,71607501752
3372707;1;1;2;1; ; ;2; ; ;1;2; ; ;1; ;12;2504,75334981129
3372707;1;2;2;1; ; ;2; ; ;1;2; ; ;1; ;12;2504,75334981129
3372707;1;3;2;1; ; ;2; ; ;1;2; ; ;1; ;12;2504,75334981129
3372707;1;4;2;2;13; ;2; ; ;1;2; ; ;1; ;12;2504,75334981129
3372707;1;5;2;2;13; ;2; ; ;1;2; ; ;1; ;12;2504,75334981129
3372708;1;1;1; ; ; ; ; ; ; ; ; ; ; ; ;12;2652,89766332146
3372708;1;2;1; ; ; ; ; ; ; ; ; ; ; ; ;12;2652,89766332146
3372709;1;1;1; ; ; ; ; ; ; ; ; ; ; ; ;12;2671,84127400309
3372709;1;2;1; ; ; ; ; ; ; ; ; ; ; ; ;12;2671,84127400309
3372709;1;3;1; ; ; ; ; ; ; ; ; ; ; ; ;12;2671,84127400309
3372710;1;1;1; ; ; ; ; ; ; ; ; ; ; ; ;12;2458,04641957837
3372710;1;2;1; ; ; ; ; ; ; ; ; ; ; ; ;12;2458,04641957837
3372711;1;1;2;2;25; ;2; ; ;1;2; ; ;1; ;12;2479,18826957508
3372711;1;2;2;2;25; ;2; ; ;1;2; ; ;1; ;12;2479,18826957508
3372711;1;3;2;1; ; ;3;66; ;1;2; ; ;1; ;12;2479,18826957508
3372712;1;1;1; ; ; ; ; ; ; ; ; ; ; ; ;12;2475,58134917214
3372713;1;1;1; ; ; ; ; ; ; ; ; ; ; ; ;12;2475,58134917214
3372714;1;1;1; ; ; ; ; ; ; ; ; ; ; ; ;12;2461,87828291325
3372715;1;1;2;2;23; ;2; ; ;1;2; ; ;1; ;12;2664,75967729878
3372715;1;2;2;2;23; ;2; ; ;1;2; ; ;1; ;12;2664,75967729878
3372715;1;3;1; ; ; ; ; ; ; ; ; ; ; ; ;12;2664,75967729878
3372715;1;4;1; ; ; ; ; ; ; ; ; ; ; ; ;12;2664,75967729878
3372716;1;1;1; ; ; ; ; ; ; ; ; ; ; ; ;12;2475,58134917214
3372717;1;1;2;2;08; ;2; ; ;1;2; ; ;1; ;12;2461,87828291325
3372718;1;1;2;2;17; ;2; ; ;1;2; ; ;1; ;12;2461,87828291325
3372719;1;1;2;2;25; ;3;73; ;1;2; ; ;1; ;12;2043,11451885683
3372719;1;2;2;2;73; ;3;73; ;1;2; ; ;1; ;12;2043,11451885683
3372719;1;3;1; ; ; ; ; ; ; ; ; ; ; ; ;12;2043,11451885683
3372719;1;4;1; ; ; ; ; ; ; ; ; ; ; ; ;12;2043,11451885683
3372719;1;5;2;2;25; ;3;73; ;1;2; ; ;1; ;12;2043,11451885683
3372719;1;6;2;2;25; ;1; ; ; ;1; ; ; ; ;12;2043,11451885683
3372719;1;7;2;2;25; ;2; ; ;1;2; ; ;1; ;12;2043,11451885683
3372719;1;8;2;2;47; ;3;47; ;1;2; ; ;1; ;12;2043,11451885683
3372720;1;1;1; ; ; ; ; ; ; ; ; ; ; ; ;12;2475,58134917214
3372721;1;1;2;2;47; ;3;70; ;1;3;76; ;2;1;12;2690,78488468473
3372721;1;2;2;2;47; ;3;70; ;1;3;76; ;2;1;12;2690,78488468473
3372721;1;3;2;2;47; ;3;70; ;1;3;76; ;2;1;12;2690,78488468473
3372721;1;4;2;2;47; ;1; ; ; ;3;76; ;2;1;12;2690,78488468473
3372723;1;1;2;2;68; ;2; ; ;1;2; ; ;1; ;12;3283,61287539366
3372723;1;2;2;2;13; ;2; ; ;1;2; ; ;1; ;12;3283,61287539366
3372723;1;3;2;2;08; ;2; ; ;1;2; ; ;1; ;12;3283,61287539366
3372723;1;4;1; ; ; ; ; ; ; ; ; ; ; ; ;12;3283,61287539366
3372723;1;5;1; ; ; ; ; ; ; ; ; ; ; ; ;12;3283,61287539366
3372723;1;6;2;2;13; ;2; ; ;1;2; ; ;1; ;12;3283,61287539366
3372723;1;7;2;2;08; ;2; ; ;1;2; ; ;1; ;12;3283,61287539366
3372726;1;1;2;2;15; ;2; ; ;1;2; ; ;1; ;12;2430,64028706059
3372726;1;2;2;2;15; ;2; ; ;1;2; ; ;1; ;12;2430,64028706059
3372727;1;1;2;1; ; ;2; ; ;1;2; ; ;1; ;12;2652,89766332146
3372727;1;2;1; ; ; ; ; ; ; ; ; ; ; ; ;12;2652,89766332146
3372728;1;1;2;1; ; ;2; ; ;1;2; ; ;1; ;12;2524,12933168662
3372728;1;2;1; ; ; ; ; ; ; ; ; ; ; ; ;12;2524,12933168662
3372729;1;1;2;2;25; ;4; ;1; ;2; ; ;1; ;12;2684,13565917411
3372730;1;1;1; ; ; ; ; ; ; ; ; ; ; ; ;12;3278,59727390285
3372730;1;2;1; ; ; ; ; ; ; ; ; ; ; ; ;12;3278,59727390285
3372730;1;3;1; ; ; ; ; ; ; ; ; ; ; ; ;12;3278,59727390285
3372731;1;1;2;2;63; ;2; ; ;1;2; ; ;1; ;12;2721,07971908349
3372731;1;2;2;2;05; ;2; ; ;1;2; ; ;1; ;12;2721,07971908349
3372731;1;3;2;2;25; ;2; ; ;1;2; ; ;1; ;12;2721,07971908349
3372731;1;4;1; ; ; ; ; ; ; ; ; ; ; ; ;12;2721,07971908349
3372732;1;1;2;2;73; ;2; ; ;1;2; ; ;1; ;12;2689,84172323084
3372732;1;2;2;2;73; ;2; ; ;1;2; ; ;1; ;12;2689,84172323084
3372732;1;3;2;2;73; ;2; ; ;1;2; ; ;1; ;12;2689,84172323084
3372732;1;4;2;2;73; ;2; ; ;1;2; ; ;1; ;12;2689,84172323084
3372732;1;5;1; ; ; ; ; ; ; ; ; ; ; ; ;12;2689,84172323084
3372733;1;1;1; ; ; ; ; ; ; ; ; ; ; ; ;12;2671,84127400309
3372733;1;2;1; ; ; ; ; ; ; ; ; ; ; ; ;12;2671,84127400309
3372733;1;3;1; ; ; ; ; ; ; ; ; ; ; ; ;12;2671,84127400309
3372734;1;1;1; ; ; ; ; ; ; ; ; ; ; ; ;12;2671,84127400309
3372734;1;2;1; ; ; ; ; ; ; ; ; ; ; ; ;12;2671,84127400309
3372734;1;3;1; ; ; ; ; ; ; ; ; ; ; ; ;12;2671,84127400309
3372735;1;1;1; ; ; ; ; ; ; ; ; ; ; ; ;12;2480,64338758402
3372735;1;2;1; ; ; ; ; ; ; ; ; ; ; ; ;12;2480,64338758402
3372735;1;3;1; ; ; ; ; ; ; ; ; ; ; ; ;12;2480,64338758402
3372735;1;4;1; ; ; ; ; ; ; ; ; ; ; ; ;12;2480,64338758402
3372735;1;5;1; ; ; ; ; ; ; ; ; ; ; ; ;12;2480,64338758402
3372736;1;1;1; ; ; ; ; ; ; ; ; ; ; ; ;12;2678,46274355767
3372736;1;2;1; ; ; ; ; ; ; ; ; ; ; ; ;12;2678,46274355767
3372736;1;3;1; ; ; ; ; ; ; ; ; ; ; ; ;12;2678,46274355767
3372736;1;4;1; ; ; ; ; ; ; ; ; ; ; ; ;12;2678,46274355767
3372737;1;1;2;2;13; ;2; ; ;1;2; ; ;1; ;12;2621,6596674688
3372737;1;2;2;2;08; ;2; ; ;1;2; ; ;1; ;12;2621,6596674688
3372737;1;3;2;2;08; ;2; ; ;1;2; ; ;1; ;12;2621,6596674688
3372740;1;1;2;2;17; ;2; ; ;1;2; ; ;1; ;12;2480,82189359488
3372740;1;2;1; ; ; ; ; ; ; ; ; ; ; ; ;12;2480,82189359488
3372741;1;1;2;2;68; ;2; ; ;1;2; ; ;1; ;12;2524,12933168662
3372741;1;2;2;2;76; ;2; ; ;1;2; ; ;1; ;12;2524,12933168662
3372742;1;1;1; ; ; ; ; ; ; ; ; ; ; ; ;12;2671,84127400309
3372742;1;2;2;2;08; ;2; ; ;1;2; ; ;1; ;12;2671,84127400309
3372742;1;3;1; ; ; ; ; ; ; ; ; ; ; ; ;12;2671,84127400309
3372743;1;1;2;2;76; ;2; ; ;1;2; ; ;1; ;12;2510,42626542773
3372743;1;2;2;2;76; ;3;76; ;1;2; ; ;1; ;12;2510,42626542773
3372744;1;1;1; ; ; ; ; ; ; ; ; ; ; ; ;12;2987,29747352714
3372744;1;2;2;1; ; ;3;66; ;1;2; ; ;1; ;12;2987,29747352714
3372744;1;3;1; ; ; ; ; ; ; ; ; ; ; ; ;12;2987,29747352714
3372745;1;1;1; ; ; ; ; ; ; ; ; ; ; ; ;12;1733,30347899318
3372745;1;2;1; ; ; ; ; ; ; ; ; ; ; ; ;12;1733,30347899318
3372745;1;3;1; ; ; ; ; ; ; ; ; ; ; ; ;12;1733,30347899318
3372746;1;1;1; ; ; ; ; ; ; ; ; ; ; ; ;12;2036,64379935707
3372746;1;2;1; ; ; ; ; ; ; ; ; ; ; ; ;12;2036,64379935707
3372747;1;1;2;1; ; ;4; ;8; ;4; ;8; ;1;12;2652,89766332146
3372747;1;2;2;3; ;2;4; ;8; ;4; ;8; ;1;12;2652,89766332146
3372748;1;1;1; ; ; ; ; ; ; ; ; ; ; ; ;12;2881,08604657098
3372748;1;2;1; ; ; ; ; ; ; ; ; ; ; ; ;12;2881,08604657098
3372748;1;3;1; ; ; ; ; ; ; ; ; ; ; ; ;12;2881,08604657098
3372749;1;1;2;2;15; ;2; ; ;1;2; ; ;1; ;12;2652,89766332146
3372749;1;2;2;2;05; ;3;08; ;1;2; ; ;1; ;12;2652,89766332146
3372750;1;1;2;2;17; ;2; ; ;1;2; ; ;1; ;12;2152,174584367
3372750;1;2;2;2;73; ;2; ; ;1;2; ; ;1; ;12;2152,174584367
3372750;1;3;2;2;17; ;2; ; ;1;2; ; ;1; ;12;2152,174584367
3372750;1;4;2;2;17; ;2; ; ;1;2; ; ;1; ;12;2152,174584367
3372750;1;5;2;2;73; ;2; ; ;1;2; ; ;1; ;12;2152,174584367
3372751;1;1;2;2;85; ;2; ; ;1;2; ; ;1; ;12;2547,59526826904
3372751;1;2;1; ; ; ; ; ; ; ; ; ; ; ; ;12;2547,59526826904
3372756;1;1;2;2;68; ;2; ; ;1;2; ; ;1; ;12;2541,66426128038
3372757;1;1;1; ; ; ; ; ; ; ; ; ; ; ; ;12;2461,87828291325
3372758;1;1;2;2;23; ;2; ; ;1;2; ; ;1; ;12;2418,68256017349
3372758;1;2;1; ; ; ; ; ; ; ; ; ; ; ; ;12;2418,68256017349
3372758;1;3;1; ; ; ; ; ; ; ; ; ; ; ; ;12;2418,68256017349
3372758;1;4;1; ; ; ; ; ; ; ; ; ; ; ; ;12;2418,68256017349
3372759;1;1;2;2;15; ;2; ; ;1;2; ; ;1; ;12;2684,13565917411
3372760;1;1;1; ; ; ; ; ; ; ; ; ; ; ; ;12;2658,82867031012
3372760;1;2;1; ; ; ; ; ; ; ; ; ; ; ; ;12;2658,82867031012
3372760;1;3;1; ; ; ; ; ; ; ; ; ; ; ; ;12;2658,82867031012
3372761;1;1;1; ; ; ; ; ; ; ; ; ; ; ; ;12;2969,07208136746
3372761;1;2;2;2;17; ;2; ; ;1;2; ; ;1; ;12;2969,07208136746
3372761;1;3;2;2;17; ;2; ; ;1;2; ; ;1; ;12;2969,07208136746
3372761;1;4;1; ; ; ; ; ; ; ; ; ; ; ; ;12;2969,07208136746
3372762;1;1;1; ; ; ; ; ; ; ; ; ; ; ; ;12;2516,35727241639
3372762;1;2;1; ; ; ; ; ; ; ; ; ; ; ; ;12;2516,35727241639
3372762;1;3;1; ; ; ; ; ; ; ; ; ; ; ; ;12;2516,35727241639
3372763;1;1;2;2;23; ;2; ; ;1;2; ; ;1; ;12;2165,18718805998
3372763;1;2;2;2;23; ;2; ; ;1;2; ; ;1; ;12;2165,18718805998
3372763;1;3;1; ; ; ; ; ; ; ; ; ; ; ; ;12;2165,18718805998
3372763;1;4;2;2;23; ;3;23; ;1;2; ; ;1; ;12;2165,18718805998
3372763;1;5;2;2;23; ;3;13; ;1;2; ; ;1; ;12;2165,18718805998
3372764;1;1;2;2;41; ;2; ; ;1;2; ; ;1; ;12;461,353128582308
3372764;1;2;2;2;18; ;2; ; ;1;2; ; ;1; ;12;461,353128582308
3372764;1;3;1; ; ; ; ; ; ; ; ; ; ; ; ;12;461,353128582308
3372765;1;1;2;2;63; ;2; ; ;1;2; ; ;1; ;12;289,810200362957
3372765;1;2;2;2;63; ;2; ; ;1;2; ; ;1; ;12;289,810200362957
3372766;1;1;2;2;18; ;2; ; ;1;2; ; ;1; ;12;922,736945810085
3372766;1;2;2;2;41; ;2; ; ;1;2; ; ;1; ;12;922,736945810085
3372766;1;3;2;2;41; ;2; ; ;1;2; ; ;1; ;12;922,736945810085
3372766;1;4;2;2;41; ;2; ; ;1;2; ; ;1; ;12;922,736945810085
3372766;1;5;2;2;41; ;2; ; ;1;2; ; ;1; ;12;922,736945810085
3372767;1;1;1; ; ; ; ; ; ; ; ; ; ; ; ;12;1217,20284152442
3372767;1;2;1; ; ; ; ; ; ; ; ; ; ; ; ;12;1217,20284152442
3372767;1;3;1; ; ; ; ; ; ; ; ; ; ; ; ;12;1217,20284152442
3372767;1;4;1; ; ; ; ; ; ; ; ; ; ; ; ;12;1217,20284152442
3372767;1;5;1; ; ; ; ; ; ; ; ; ; ; ; ;12;1217,20284152442
3372768;1;1;2;2;41; ;3;18; ;2;2; ; ;1; ;12;289,810200362957
3372768;1;2;2;2;18; ;2; ; ;1;2; ; ;1; ;12;289,810200362957
3372769;1;1;2;2;18; ;2; ; ;2;2; ; ;2;1;12;615,139664408289
3372769;1;2;2;2;18; ;2; ; ;2;2; ; ;2;1;12;615,139664408289
3372769;1;3;2;2;18; ;2; ; ;2;2; ; ;2;2;12;615,139664408289
3372769;1;4;1; ; ; ; ; ; ; ; ; ; ; ; ;12;615,139664408289
3372770;1;1;2;2;81; ;2; ; ;1;2; ; ;1; ;12;289,810200362957
3372770;1;2;2;2;73; ;2; ; ;1;2; ; ;1; ;12;289,810200362957
3372771;1;1;2;2;18; ;2; ; ;1;2; ; ;1; ;12;305,910161591574
3372771;1;2;2;2;18; ;2; ; ;1;2; ; ;1; ;12;305,910161591574
3372773;1;1;2;2;18; ;2; ; ;1;2; ; ;1; ;12;289,810200362957
3372774;1;1;2;2;18; ;3;11; ;1;3;18; ;1; ;12;293,290052307692
3372775;1;1;2;2;41; ;2; ; ;1;2; ; ;1; ;12;307,629200096899
3372775;1;2;2;2;18; ;3;18; ;1;2; ; ;1; ;12;307,629200096899
3372776;1;1;2;2;18; ;2; ; ;1;2; ; ;1; ;12;289,810200362957
3372776;1;2;2;2;18; ;2; ; ;1;2; ; ;1; ;12;289,810200362957
3372776;1;3;2;2;18; ;2; ; ;1;2; ; ;1; ;12;289,810200362957
3372777;1;1;2;2;25; ;3;73; ;1;3;73; ;1; ;12;1217,20284152442
3372778;1;1;1; ; ; ; ; ; ; ; ; ; ; ; ;12;1217,20284152442
3372778;1;2;1; ; ; ; ; ; ; ; ; ; ; ; ;12;1217,20284152442
3372778;1;3;1; ; ; ; ; ; ; ; ; ; ; ; ;12;1217,20284152442
3372779;1;1;1; ; ; ; ; ; ; ; ; ; ; ; ;12;289,810200362957
3372779;1;2;1; ; ; ; ; ; ; ; ; ; ; ; ;12;289,810200362957
3372779;1;3;1; ; ; ; ; ; ; ; ; ; ; ; ;12;289,810200362957
3372780;1;1;2;2;18; ;2; ; ;1;2; ; ;1; ;12;289,810200362957
3372780;1;2;2;2;18; ;2; ; ;1;2; ; ;1; ;12;289,810200362957
3372780;1;3;2;2;76; ;2; ; ;1;2; ; ;1; ;12;289,810200362957
3372780;1;4;2;2;18; ;2; ; ;1;2; ; ;1; ;12;289,810200362957
3372780;1;5;1; ; ; ; ; ; ; ; ; ; ; ; ;12;289,810200362957
3372781;1;1;2;2;41; ;2; ; ;1;2; ; ;1; ;12;289,810200362957
3372781;1;2;2;2;76; ;2; ; ;1;2; ; ;1; ;12;289,810200362957
3372781;1;3;2;2;18; ;2; ; ;1;2; ; ;1; ;12;289,810200362957
3372782;1;1;2;2;41; ;2; ; ;1;2; ; ;1; ;12;495,387289941499
3372782;1;2;2;2;17; ;2; ; ;1;2; ; ;1; ;12;495,387289941499
3372782;1;3;2;2;18; ;2; ; ;1;2; ; ;1; ;12;495,387289941499
3372782;1;4;2;2;18; ;2; ; ;1;2; ; ;1; ;12;495,387289941499
3372782;1;5;1; ; ; ; ; ; ; ; ; ; ; ; ;12;495,387289941499
3372782;1;6;1; ; ; ; ; ; ; ; ; ; ; ; ;12;495,387289941499
3372782;1;7;2;2;18; ;1; ; ; ;2; ; ;1; ;12;495,387289941499
3372782;1;8;2;2;18; ;2; ; ;1;2; ; ;1; ;12;495,387289941499
3372782;1;9;2;2;18; ;1; ; ; ;2; ; ;1; ;12;495,387289941499
3372784;1;1;2;2;73; ;2; ; ;1;2; ; ;1; ;12;1217,20284152442
3372784;1;2;1; ; ; ; ; ; ; ; ; ; ; ; ;12;1217,20284152442
3372784;1;3;1; ; ; ; ; ; ; ; ; ; ; ; ;12;1217,20284152442
3372784;1;4;1; ; ; ; ; ; ; ; ; ; ; ; ;12;1217,20284152442
3372784;1;5;1; ; ; ; ; ; ; ; ; ; ; ; ;12;1217,20284152442
3372785;1;1;2;2;25; ;2; ; ;1;2; ; ;1; ;12;1217,20284152442
3372785;1;2;2;2;41; ;1; ; ; ;2; ; ;1; ;12;1217,20284152442
3372785;1;3;2;2;11; ;2; ; ;1;2; ; ;1; ;12;1217,20284152442
3372785;1;4;2;2;11; ;2; ; ;1;2; ; ;1; ;12;1217,20284152442
3372785;1;5;2;2;18; ;2; ; ;1;2; ; ;1; ;12;1217,20284152442
3372785;1;6;2;2;25; ;2; ; ;1;2; ; ;1; ;12;1217,20284152442
3372785;1;7;2;2;18; ;1; ; ; ;2; ; ;1; ;12;1217,20284152442
3372786;1;1;2;2;18; ;3;18; ;1;3;18; ;1; ;12;1217,20284152442
3372786;1;2;1; ; ; ; ; ; ; ; ; ; ; ; ;12;1217,20284152442
3372787;1;1;1; ; ; ; ; ; ; ; ; ; ; ; ;12;867,450416155427
3372787;1;2;1; ; ; ; ; ; ; ; ; ; ; ; ;12;867,450416155427
3372787;1;3;1; ; ; ; ; ; ; ; ; ; ; ; ;12;867,450416155427
3372787;1;4;1; ; ; ; ; ; ; ; ; ; ; ; ;12;867,450416155427
3372787;1;5;1; ; ; ; ; ; ; ; ; ; ; ; ;12;867,450416155427
3372787;1;6;1; ; ; ; ; ; ; ; ; ; ; ; ;12;867,450416155427
3372788;1;1;1; ; ; ; ; ; ; ; ; ; ; ; ;12;1016,6011453071
3372788;1;2;2;2;63; ;2; ; ;1;2; ; ;1; ;12;1016,6011453071
3372788;1;3;1; ; ; ; ; ; ; ; ; ; ; ; ;12;1016,6011453071
3372788;1;4;1; ; ; ; ; ; ; ; ; ; ; ; ;12;1016,6011453071
3372788;1;5;1; ; ; ; ; ; ; ; ; ; ; ; ;12;1016,6011453071
3372789;1;1;1; ; ; ; ; ; ; ; ; ; ; ; ;12;1017,64158508927
3372789;1;2;1; ; ; ; ; ; ; ; ; ; ; ; ;12;1017,64158508927
3372789;1;3;1; ; ; ; ; ; ; ; ; ; ; ; ;12;1017,64158508927
3372790;1;1;1; ; ; ; ; ; ; ; ; ; ; ; ;12;1337,02557295148
3372792;1;1;2;2;05; ;2; ; ;1;2; ; ;1; ;12;949,676572780353
3372792;1;2;2;2;05; ;2; ; ;1;2; ; ;1; ;12;949,676572780353
3372793;1;1;2;2;05; ;2; ; ;1;2; ; ;1; ;12;1051,72339124348
3372795;1;1;2;2;05; ;2; ; ;1;2; ; ;1; ;12;1440,54404316927
3372795;2;1;1; ; ; ; ; ; ; ; ; ; ; ; ;12;1440,54404316927
3372795;2;2;1; ; ; ; ; ; ; ; ; ; ; ; ;12;1440,54404316927
3372795;2;3;2;2;05; ;2; ; ;1;2; ; ;1; ;12;1440,54404316927
3372795;2;4;1; ; ; ; ; ; ; ; ; ; ; ; ;12;1440,54404316927
3372796;1;1;2;2;76; ;2; ; ;1;2; ; ;1; ;12;1162,87448011627
3372796;1;2;2;2;05; ;2; ; ;1;2; ; ;1; ;12;1162,87448011627
3372796;1;3;1; ; ; ; ; ; ; ; ; ; ; ; ;12;1162,87448011627
3372796;1;4;1; ; ; ; ; ; ; ; ; ; ; ; ;12;1162,87448011627
3372796;1;5;1; ; ; ; ; ; ; ; ; ; ; ; ;12;1162,87448011627
3372797;1;1;2;2;05; ;2; ; ;1;2; ; ;1; ;12;1269,12375691821
3372797;1;2;2;2;05; ;3;05; ;1;2; ; ;1; ;12;1269,12375691821
3372798;1;1;2;2;66; ;2; ; ;1;2; ; ;1; ;12;1231,09472910122
3372798;1;2;2;2;17; ;2; ; ;1;2; ; ;1; ;12;1231,09472910122
3372798;1;3;2;2;66; ;2; ; ;1;2; ; ;1; ;12;1231,09472910122
3372798;1;4;1; ; ; ; ; ; ; ; ; ; ; ; ;12;1231,09472910122
3372798;1;5;1; ; ; ; ; ; ; ; ; ; ; ; ;12;1231,09472910122
3372799;1;1;2;2;05; ;2; ; ;1;2; ; ;1; ;12;1242,13347088365
3372799;1;2;2;2;05; ;2; ; ;1;2; ; ;1; ;12;1242,13347088365
3372799;1;3;2;2;05; ;2; ; ;1;2; ; ;1; ;12;1242,13347088365
3372799;1;4;1; ; ; ; ; ; ; ; ; ; ; ; ;12;1242,13347088365
3372800;1;1;2;2;05; ;2; ; ;1;2; ; ;1; ;12;1380,14830098184
3372800;1;2;1; ; ; ; ; ; ; ; ; ; ; ; ;12;1380,14830098184
3372800;1;3;1; ; ; ; ; ; ; ; ; ; ; ; ;12;1380,14830098184
3372800;1;4;1; ; ; ; ; ; ; ; ; ; ; ; ;12;1380,14830098184
3372801;1;1;1; ; ; ; ; ; ; ; ; ; ; ; ;12;1006,3476066308
3372801;1;2;1; ; ; ; ; ; ; ; ; ; ; ; ;12;1006,3476066308
3372801;1;3;1; ; ; ; ; ; ; ; ; ; ; ; ;12;1006,3476066308
3372801;1;4;1; ; ; ; ; ; ; ; ; ; ; ; ;12;1006,3476066308
3372801;1;5;1; ; ; ; ; ; ; ; ; ; ; ; ;12;1006,3476066308
3372802;1;1;1; ; ; ; ; ; ; ; ; ; ; ; ;12;1244,09822616933
3372802;1;2;1; ; ; ; ; ; ; ; ; ; ; ; ;12;1244,09822616933
3372803;1;1;1; ; ; ; ; ; ; ; ; ; ; ; ;12;1411,33988049081
3372803;1;2;1; ; ; ; ; ; ; ; ; ; ; ; ;12;1411,33988049081
3372804;1;1;2;2;50; ;2; ; ;1;2; ; ;1; ;12;1409,84387700423
3372804;1;2;1; ; ; ; ; ; ; ; ; ; ; ; ;12;1409,84387700423
3372804;1;3;1; ; ; ; ; ; ; ; ; ; ; ; ;12;1409,84387700423
3372806;1;1;2;2;70; ;2; ; ;1;2; ; ;1; ;12;1449,57723029947
3372806;1;2;2;2;70; ;2; ; ;1;2; ; ;1; ;12;1449,57723029947
3372806;1;3;1; ; ; ; ; ; ; ; ; ; ; ; ;12;1449,57723029947
3372806;1;4;1; ; ; ; ; ; ; ; ; ; ; ; ;12;1449,57723029947
3372806;1;5;1; ; ; ; ; ; ; ; ; ; ; ; ;12;1449,57723029947
3372806;1;6;2;2;70; ;3;08; ;1;3;08; ;1; ;12;1449,57723029947
3372807;1;1;1; ; ; ; ; ; ; ; ; ; ; ; ;12;1416,08349238011
3372807;1;2;1; ; ; ; ; ; ; ; ; ; ; ; ;12;1416,08349238011
3372807;1;3;1; ; ; ; ; ; ; ; ; ; ; ; ;12;1416,08349238011
3372809;1;1;1; ; ; ; ; ; ; ; ; ; ; ; ;12;1001,94527751318
3372809;1;2;1; ; ; ; ; ; ; ; ; ; ; ; ;12;1001,94527751318
3372809;1;3;1; ; ; ; ; ; ; ; ; ; ; ; ;12;1001,94527751318
3372810;1;1;2;2;05; ;2; ; ;1;2; ; ;1; ;12;1348,11848007119
3372810;1;2;1; ; ; ; ; ; ; ; ; ; ; ; ;12;1348,11848007119
3372811;1;1;1; ; ; ; ; ; ; ; ; ; ; ; ;12;628,264988374249
3372811;1;2;1; ; ; ; ; ; ; ; ; ; ; ; ;12;628,264988374249
3372811;1;3;1; ; ; ; ; ; ; ; ; ; ; ; ;12;628,264988374249
3372811;1;4;1; ; ; ; ; ; ; ; ; ; ; ; ;12;628,264988374249
3372811;1;5;1; ; ; ; ; ; ; ; ; ; ; ; ;12;628,264988374249
3372811;1;6;1; ; ; ; ; ; ; ; ; ; ; ; ;12;628,264988374249
3372812;1;1;1; ; ; ; ; ; ; ; ; ; ; ; ;12;977,837754460581
3372812;1;2;1; ; ; ; ; ; ; ; ; ; ; ; ;12;977,837754460581
3372812;1;3;1; ; ; ; ; ; ; ; ; ; ; ; ;12;977,837754460581
3372812;1;4;1; ; ; ; ; ; ; ; ; ; ; ; ;12;977,837754460581
3372812;1;5;1; ; ; ; ; ; ; ; ; ; ; ; ;12;977,837754460581
3372812;1;6;1; ; ; ; ; ; ; ; ; ; ; ; ;12;977,837754460581
3372813;1;1;1; ; ; ; ; ; ; ; ; ; ; ; ;12;950,758708303871
3372813;1;2;1; ; ; ; ; ; ; ; ; ; ; ; ;12;950,758708303871
3372814;1;1;2;2;20; ;2; ; ;1;2; ; ;1; ;12;1122,98188936543
3372814;1;2;1; ; ; ; ; ; ; ; ; ; ; ; ;12;1122,98188936543
3372815;1;1;1; ; ; ; ; ; ; ; ; ; ; ; ;12;567,679001673709
3372815;1;2;1; ; ; ; ; ; ; ; ; ; ; ; ;12;567,679001673709
3372815;1;3;1; ; ; ; ; ; ; ; ; ; ; ; ;12;567,679001673709
3372815;1;4;1; ; ; ; ; ; ; ; ; ; ; ; ;12;567,679001673709
3372815;1;5;1; ; ; ; ; ; ; ; ; ; ; ; ;12;567,679001673709
3372815;1;6;1; ; ; ; ; ; ; ; ; ; ; ; ;12;567,679001673709
3372815;1;7;1; ; ; ; ; ; ; ; ; ; ; ; ;12;567,679001673709
3372815;1;8;1; ; ; ; ; ; ; ; ; ; ; ; ;12;567,679001673709
3372815;1;9;1; ; ; ; ; ; ; ; ; ; ; ; ;12;567,679001673709
3372816;1;1;2;2;17; ;2; ; ;1;2; ; ;1; ;12;1175,50583077429
3372816;1;2;2;2;23; ;2; ; ;1;2; ; ;1; ;12;1175,50583077429
3372817;1;1;1; ; ; ; ; ; ; ; ; ; ; ; ;12;1051,72339124348
3372821;1;1;1; ; ; ; ; ; ; ; ; ; ; ; ;12;1270,20589244173
3372821;1;2;1; ; ; ; ; ; ; ; ; ; ; ; ;12;1270,20589244173
3372822;1;1;2;2;17; ;2; ; ;1;2; ; ;1; ;12;1203,32301565633
3372823;1;1;1; ; ; ; ; ; ; ; ; ; ; ; ;12;1244,09822616933
3372823;1;2;1; ; ; ; ; ; ; ; ; ; ; ; ;12;1244,09822616933
3372824;1;1;1; ; ; ; ; ; ; ; ; ; ; ; ;12;1530,23320985883
3372824;1;2;1; ; ; ; ; ; ; ; ; ; ; ; ;12;1530,23320985883
3372824;1;3;1; ; ; ; ; ; ; ; ; ; ; ; ;12;1530,23320985883
3372825;1;1;2;2;54; ;2; ; ;1;2; ; ;1; ;12;1337,02557295148
3372826;1;1;2;2;76; ;2; ; ;1;2; ; ;1; ;12;803,534705227566
3372826;1;2;1; ; ; ; ; ; ; ; ; ; ; ; ;12;803,534705227566
3372828;1;1;1; ; ; ; ; ; ; ; ; ; ; ; ;12;1321,39246165104
3372828;1;2;2;2;05; ;2; ; ;1;2; ; ;1; ;12;1321,39246165104
3372828;1;3;1; ; ; ; ; ; ; ; ; ; ; ; ;12;1321,39246165104
3372829;1;1;1; ; ; ; ; ; ; ; ; ; ; ; ;12;1467,27006158942
3372829;1;2;1; ; ; ; ; ; ; ; ; ; ; ; ;12;1467,27006158942
3372829;1;3;1; ; ; ; ; ; ; ; ; ; ; ; ;12;1467,27006158942
3372829;1;4;1; ; ; ; ; ; ; ; ; ; ; ; ;12;1467,27006158942
3372831;1;1;2;2;63; ;3;63; ;1;2; ; ;1; ;12;938,382594321881
3372831;1;2;2;2;63; ;3;63; ;1;2; ; ;1; ;12;938,382594321881
3372831;1;3;2;2;63; ;3;63; ;1;2; ; ;1; ;12;938,382594321881
3372831;1;4;2;2;63; ;3;63; ;1;2; ; ;1; ;12;938,382594321881
3372832;1;1;2;2;05; ;2; ; ;1;2; ; ;1; ;12;1203,32301565633
3372833;1;1;2;2;05; ;2; ; ;1;2; ; ;1; ;12;938,382594321881
3372833;1;2;2;2;05; ;2; ; ;1;2; ; ;1; ;12;938,382594321881
3372833;1;3;1; ; ; ; ; ; ; ; ; ; ; ; ;12;938,382594321881
3372833;1;4;1; ; ; ; ; ; ; ; ; ; ; ; ;12;938,382594321881
3372834;1;1;1; ; ; ; ; ; ; ; ; ; ; ; ;12;1341,21312348924
3372834;1;2;1; ; ; ; ; ; ; ; ; ; ; ; ;12;1341,21312348924
3372834;1;3;1; ; ; ; ; ; ; ; ; ; ; ; ;12;1341,21312348924
3372834;1;4;1; ; ; ; ; ; ; ; ; ; ; ; ;12;1341,21312348924
3372834;1;5;1; ; ; ; ; ; ; ; ; ; ; ; ;12;1341,21312348924
3372834;1;6;2;2;63; ;2; ; ;1;2; ; ;1; ;12;1341,21312348924
3372835;1;1;1; ; ; ; ; ; ; ; ; ; ; ; ;12;1326,02331966363
3372835;1;2;1; ; ; ; ; ; ; ; ; ; ; ; ;12;1326,02331966363
3372836;1;1;2;2;05; ;2; ; ;1;2; ; ;1; ;12;1242,13347088365
3372836;1;2;1; ; ; ; ; ; ; ; ; ; ; ; ;12;1242,13347088365
3372836;1;3;1; ; ; ; ; ; ; ; ; ; ; ; ;12;1242,13347088365
3372836;1;4;1; ; ; ; ; ; ; ; ; ; ; ; ;12;1242,13347088365
3372837;1;1;2;2;05; ;2; ; ;1;2; ; ;1; ;12;1122,98188936543
3372837;1;2;1; ; ; ; ; ; ; ; ; ; ; ; ;12;1122,98188936543
3372838;1;1;1; ; ; ; ; ; ; ; ; ; ; ; ;12;1118,60626802888
3372838;1;2;1; ; ; ; ; ; ; ; ; ; ; ; ;12;1118,60626802888
3372839;1;1;2;2;05; ;2; ; ;1;2; ; ;1; ;12;681,442665632867
3372839;1;2;2;2;05; ;2; ; ;1;2; ; ;1; ;12;681,442665632867
3372839;2;1;1; ; ; ; ; ; ; ; ; ; ; ; ;12;681,442665632867
3372839;2;2;1; ; ; ; ; ; ; ; ; ; ; ; ;12;681,442665632867
3372839;2;3;1; ; ; ; ; ; ; ; ; ; ; ; ;12;681,442665632867
3372840;1;1;2;2;05; ;2; ; ;1;2; ; ;1; ;12;859,123603554493
3372840;1;2;1; ; ; ; ; ; ; ; ; ; ; ; ;12;859,123603554493
3372840;1;3;1; ; ; ; ; ; ; ; ; ; ; ; ;12;859,123603554493
3372840;1;4;1; ; ; ; ; ; ; ; ; ; ; ; ;12;859,123603554493
3372840;1;5;1; ; ; ; ; ; ; ; ; ; ; ; ;12;859,123603554493
3372842;1;1;2;2;05; ;2; ; ;1;2; ; ;1; ;12;949,676572780353
3372842;1;2;1; ; ; ; ; ; ; ; ; ; ; ; ;12;949,676572780353
3372843;1;1;2;2;73; ;3;05; ;1;2; ; ;1; ;12;1203,32301565633
3372844;1;1;1; ; ; ; ; ; ; ; ; ; ; ; ;12;1001,94527751318
3372844;1;2;1; ; ; ; ; ; ; ; ; ; ; ; ;12;1001,94527751318
3372844;1;3;1; ; ; ; ; ; ; ; ; ; ; ; ;12;1001,94527751318
3372845;1;1;2;2;05; ;2; ; ;1;2; ; ;1; ;12;1051,72339124348
3372846;1;1;2;2;05; ;3;05; ;1;3;05; ;1; ;12;871,499717536482
3372846;1;2;1; ; ; ; ; ; ; ; ; ; ; ; ;12;871,499717536482
3372846;1;3;2;2;05; ;3;05; ;1;3;05; ;1; ;12;871,499717536482
3372847;1;1;1; ; ; ; ; ; ; ; ; ; ; ; ;12;1186,57128033779
3372847;1;2;1; ; ; ; ; ; ; ; ; ; ; ; ;12;1186,57128033779
3372847;1;3;1; ; ; ; ; ; ; ; ; ; ; ; ;12;1186,57128033779
3372848;1;1;2;2;05; ;2; ; ;1;2; ; ;1; ;12;1331,10247713824
3372848;1;2;2;2;05; ;2; ; ;1;2; ; ;1; ;12;1331,10247713824
3372848;1;3;1; ; ; ; ; ; ; ; ; ; ; ; ;12;1331,10247713824
3372848;1;4;1; ; ; ; ; ; ; ; ; ; ; ; ;12;1331,10247713824
3372848;1;5;1; ; ; ; ; ; ; ; ; ; ; ; ;12;1331,10247713824
3372850;1;1;2;2;05; ;2; ; ;1;2; ; ;1; ;12;938,382594321881
3372850;1;2;1; ; ; ; ; ; ; ; ; ; ; ; ;12;938,382594321881
3372850;1;3;1; ; ; ; ; ; ; ; ; ; ; ; ;12;938,382594321881
3372850;1;4;1; ; ; ; ; ; ; ; ; ; ; ; ;12;938,382594321881
3372851;1;1;2;2;05; ;2; ; ;1;2; ; ;1; ;12;1326,02331966363
3372851;1;2;1; ; ; ; ; ; ; ; ; ; ; ; ;12;1326,02331966363
3372852;1;1;1; ; ; ; ; ; ; ; ; ; ; ; ;12;1189,86476615083
3372852;1;2;1; ; ; ; ; ; ; ; ; ; ; ; ;12;1189,86476615083
3372852;1;3;1; ; ; ; ; ; ; ; ; ; ; ; ;12;1189,86476615083
3372853;1;1;2;1; ; ;3;05; ;1;2; ; ;1; ;12;1270,20589244173
3372853;1;2;2;2;05; ;3;05; ;1;2; ; ;1; ;12;1270,20589244173
3372854;1;1;2;2;05; ;2; ; ;1;2; ; ;1; ;12;1118,60626802888
3372854;1;2;1; ; ; ; ; ; ; ; ; ; ; ; ;12;1118,60626802888
3372855;1;1;1; ; ; ; ; ; ; ; ; ; ; ; ;12;1336,82450161272
3372855;1;2;1; ; ; ; ; ; ; ; ; ; ; ; ;12;1336,82450161272
3372855;1;3;1; ; ; ; ; ; ; ; ; ; ; ; ;12;1336,82450161272
3372855;1;4;1; ; ; ; ; ; ; ; ; ; ; ; ;12;1336,82450161272
3372856;1;1;2;2;27; ;2; ; ;1;2; ; ;1; ;12;640,967422311735
3372856;1;2;2;2;27; ;2; ; ;1;2; ; ;1; ;12;640,967422311735
3372856;1;3;2;2;11; ;2; ; ;1;2; ; ;1; ;12;640,967422311735
3372856;1;4;2;2;27; ;2; ; ;1;2; ; ;1; ;12;640,967422311735
3372856;1;5;2;2;27; ;2; ; ;1;2; ; ;1; ;12;640,967422311735
3372856;1;6;1; ; ; ; ; ; ; ; ; ; ; ; ;12;640,967422311735
3372856;1;7;1; ; ; ; ; ; ; ; ; ; ; ; ;12;640,967422311735
3372857;1;1;2;2;05; ;2; ; ;1;2; ; ;1; ;12;1484,04850468903
3372857;1;2;2;2;05; ;2; ; ;1;2; ; ;1; ;12;1484,04850468903
3372857;1;3;2;2;05; ;2; ; ;1;2; ; ;1; ;12;1484,04850468903
3372857;1;4;2;2;05; ;2; ; ;1;2; ; ;1; ;12;1484,04850468903
3372858;1;1;1; ; ; ; ; ; ; ; ; ; ; ; ;12;1212,13164349316
3372858;1;2;2;2;05; ;2; ; ;1;2; ; ;1; ;12;1212,13164349316
3372858;1;3;1; ; ; ; ; ; ; ; ; ; ; ; ;12;1212,13164349316
3372858;1;4;1; ; ; ; ; ; ; ; ; ; ; ; ;12;1212,13164349316
3372858;1;5;2;1; ; ;4; ;4; ;4; ;4; ;1;12;1212,13164349316
3372858;1;6;1; ; ; ; ; ; ; ; ; ; ; ; ;12;1212,13164349316
3372858;1;7;1; ; ; ; ; ; ; ; ; ; ; ; ;12;1212,13164349316
3372859;1;1;1; ; ; ; ; ; ; ; ; ; ; ; ;12;1202,24088013282
3372860;1;1;1; ; ; ; ; ; ; ; ; ; ; ; ;12;1348,11848007119
3372860;1;2;1; ; ; ; ; ; ; ; ; ; ; ; ;12;1348,11848007119
3372861;1;1;1; ; ; ; ; ; ; ; ; ; ; ; ;12;1269,12375691821
3372861;1;2;1; ; ; ; ; ; ; ; ; ; ; ; ;12;1269,12375691821
3372862;1;1;1; ; ; ; ; ; ; ; ; ; ; ; ;12;1444,09276565834
3372862;1;2;1; ; ; ; ; ; ; ; ; ; ; ; ;12;1444,09276565834
3372862;1;3;1; ; ; ; ; ; ; ; ; ; ; ; ;12;1444,09276565834
3372862;1;4;1; ; ; ; ; ; ; ; ; ; ; ; ;12;1444,09276565834
3372864;1;1;2;2;05; ;2; ; ;1;2; ; ;1; ;12;1308,75208005464
3372864;1;2;2;2;05; ;2; ; ;1;2; ; ;1; ;12;1308,75208005464
3372864;1;3;2;2;05; ;2; ; ;1;2; ; ;1; ;12;1308,75208005464
3372864;1;4;1; ; ; ; ; ; ; ; ; ; ; ; ;12;1308,75208005464
3372864;1;5;1; ; ; ; ; ; ; ; ; ; ; ; ;12;1308,75208005464
3372864;1;6;2;2;23; ;3;23; ;1;2; ; ;1; ;12;1308,75208005464
3372865;1;1;1; ; ; ; ; ; ; ; ; ; ; ; ;12;949,676572780353
3372865;1;2;1; ; ; ; ; ; ; ; ; ; ; ; ;12;949,676572780353
3372867;1;1;2;2;05; ;2; ; ;1;2; ; ;1; ;12;960,0882864941
3372867;1;2;2;2;05; ;2; ; ;1;2; ; ;1; ;12;960,0882864941
3372867;1;3;2;2;05; ;2; ; ;1;2; ; ;1; ;12;960,0882864941
3372867;1;4;1; ; ; ; ; ; ; ; ; ; ; ; ;12;960,0882864941
3372868;1;1;2;2;05; ;2; ; ;1;2; ; ;1; ;12;1190,94690167434
3372868;1;2;1; ; ; ; ; ; ; ; ; ; ; ; ;12;1190,94690167434
3372868;1;3;1; ; ; ; ; ; ; ; ; ; ; ; ;12;1190,94690167434
3372869;1;1;2;2;05; ;2; ; ;1;2; ; ;1; ;12;1242,13347088365
3372869;1;2;1; ; ; ; ; ; ; ; ; ; ; ; ;12;1242,13347088365
3372869;1;3;1; ; ; ; ; ; ; ; ; ; ; ; ;12;1242,13347088365
3372869;1;4;2;2;05; ;2; ; ;1;2; ; ;1; ;12;1242,13347088365
3372870;1;1;1; ; ; ; ; ; ; ; ; ; ; ; ;12;1326,02331966363
3372870;1;2;1; ; ; ; ; ; ; ; ; ; ; ; ;12;1326,02331966363
3372871;1;1;2;2;23; ;2; ; ;1;2; ; ;1; ;12;685,818286969418
3372871;1;2;2;2;23; ;2; ; ;1;2; ; ;1; ;12;685,818286969418
3372871;1;3;1; ; ; ; ; ; ; ; ; ; ; ; ;12;685,818286969418
3372871;1;4;2;2;05; ;2; ; ;1;2; ; ;1; ;12;685,818286969418
3372871;1;5;1; ; ; ; ; ; ; ; ; ; ; ; ;12;685,818286969418
3372872;1;1;1; ; ; ; ; ; ; ; ; ; ; ; ;12;748,2988346372
3372872;1;2;1; ; ; ; ; ; ; ; ; ; ; ; ;12;748,2988346372
3372872;1;3;1; ; ; ; ; ; ; ; ; ; ; ; ;12;748,2988346372
3372872;1;4;1; ; ; ; ; ; ; ; ; ; ; ; ;12;748,2988346372
3372873;1;1;2;2;17; ;3;05; ;1;3;05; ;1; ;12;1119,68840355239
3372873;1;2;1; ; ; ; ; ; ; ; ; ; ; ; ;12;1119,68840355239
3372874;1;1;1; ; ; ; ; ; ; ; ; ; ; ; ;12;1416,08349238011
3372874;1;2;2;2;05; ;2; ; ;1;2; ; ;1; ;12;1416,08349238011
3372874;1;3;1; ; ; ; ; ; ; ; ; ; ; ; ;12;1416,08349238011
3372877;1;1;1; ; ; ; ; ; ; ; ; ; ; ; ;12;1016,29518195134
3372877;1;2;1; ; ; ; ; ; ; ; ; ; ; ; ;12;1016,29518195134
3372877;1;3;1; ; ; ; ; ; ; ; ; ; ; ; ;12;1016,29518195134
3372877;1;4;1; ; ; ; ; ; ; ; ; ; ; ; ;12;1016,29518195134
3372878;1;1;2;2;05; ;2; ; ;1;2; ; ;1; ;12;1051,72339124348
3372879;1;1;1; ; ; ; ; ; ; ; ; ; ; ; ;12;1231,48419733656
3372879;1;2;2;2;76; ;2; ; ;1;2; ; ;1; ;12;1231,48419733656
3372879;1;3;1; ; ; ; ; ; ; ; ; ; ; ; ;12;1231,48419733656
3372879;1;4;1; ; ; ; ; ; ; ; ; ; ; ; ;12;1231,48419733656
3372879;1;5;2;2;05; ;2; ; ;1;2; ; ;1; ;12;1231,48419733656
3372880;1;1;1; ; ; ; ; ; ; ; ; ; ; ; ;12;859,123603554493
3372880;1;2;1; ; ; ; ; ; ; ; ; ; ; ; ;12;859,123603554493
3372880;1;3;1; ; ; ; ; ; ; ; ; ; ; ; ;12;859,123603554493
3372880;1;4;1; ; ; ; ; ; ; ; ; ; ; ; ;12;859,123603554493
3372880;1;5;1; ; ; ; ; ; ; ; ; ; ; ; ;12;859,123603554493
3372882;1;1;1; ; ; ; ; ; ; ; ; ; ; ; ;12;1242,38870755969
3372882;1;2;2;2;05; ;3;05; ;1;3;05; ;1; ;12;1242,38870755969
3372882;1;3;2;2;05; ;3;05; ;1;3;05; ;1; ;12;1242,38870755969
3372884;1;1;1; ; ; ; ; ; ; ; ; ; ; ; ;12;1314,72934120516
3372884;1;2;1; ; ; ; ; ; ; ; ; ; ; ; ;12;1314,72934120516
3372884;1;3;1; ; ; ; ; ; ; ; ; ; ; ; ;12;1314,72934120516
3372884;1;4;1; ; ; ; ; ; ; ; ; ; ; ; ;12;1314,72934120516
3372885;1;1;1; ; ; ; ; ; ; ; ; ; ; ; ;12;1242,38870755969
3372885;1;2;1; ; ; ; ; ; ; ; ; ; ; ; ;12;1242,38870755969
3372885;1;3;1; ; ; ; ; ; ; ; ; ; ; ; ;12;1242,38870755969
3372886;1;1;2;2;05; ;2; ; ;1;2; ; ;1; ;12;1000,86314198966
3372886;1;2;1; ; ; ; ; ; ; ; ; ; ; ; ;12;1000,86314198966
3372886;1;3;2;2;05; ;1; ; ; ;2; ; ;1; ;12;1000,86314198966
3372887;1;1;1; ; ; ; ; ; ; ; ; ; ; ; ;12;1321,39246165104
3372887;1;2;2;2;05; ;2; ; ;1;2; ; ;1; ;12;1321,39246165104
3372887;1;3;1; ; ; ; ; ; ; ; ; ; ; ; ;12;1321,39246165104
3372888;1;1;1; ; ; ; ; ; ; ; ; ; ; ; ;12;1122,98188936543
3372888;1;2;1; ; ; ; ; ; ; ; ; ; ; ; ;12;1122,98188936543
3372890;1;1;2;2;05; ;2; ; ;1;2; ; ;1; ;12;1175,50583077429
3372890;1;2;1; ; ; ; ; ; ; ; ; ; ; ; ;12;1175,50583077429
3372891;1;1;2;2;05; ;2; ; ;1;2; ; ;1; ;12;1073,45901231117
3372891;1;2;2;2;05; ;2; ; ;1;2; ; ;1; ;12;1073,45901231117
3372891;1;3;1; ; ; ; ; ; ; ; ; ; ; ; ;12;1073,45901231117
3372892;1;1;2;2;05; ;2; ; ;1;2; ; ;1; ;12;1006,57613552577
3372892;1;2;2;2;05; ;2; ; ;1;2; ; ;1; ;12;1006,57613552577
3372894;1;1;2;2;05; ;4; ;11; ;2; ; ;1; ;12;1243,47084308321
3372894;1;2;2;2;05; ;4; ;11; ;2; ; ;1; ;12;1243,47084308321
3372894;1;3;2;2;05; ;4; ;11; ;2; ; ;1; ;12;1243,47084308321
3372895;1;1;1; ; ; ; ; ; ; ; ; ; ; ; ;12;989,569163531192
3372895;1;2;2;2;05; ;2; ; ;1;2; ; ;1; ;12;989,569163531192
3372895;1;3;1; ; ; ; ; ; ; ; ; ; ; ; ;12;989,569163531192
3372895;1;4;1; ; ; ; ; ; ; ; ; ; ; ; ;12;989,569163531192
3372895;1;5;1; ; ; ; ; ; ; ; ; ; ; ; ;12;989,569163531192
3372896;1;1;2;2;05; ;2; ; ;1;2; ; ;1; ;12;1032,42892013957
3372896;1;2;2;2;05; ;2; ; ;1;2; ; ;1; ;12;1032,42892013957
3372896;1;3;1; ; ; ; ; ; ; ; ; ; ; ; ;12;1032,42892013957
3372896;1;4;1; ; ; ; ; ; ; ; ; ; ; ; ;12;1032,42892013957
3372896;1;5;1; ; ; ; ; ; ; ; ; ; ; ; ;12;1032,42892013957
3372897;1;1;2;2;05; ;3;05; ;2;2; ; ;1; ;12;792,240726769094
3372897;1;2;2;2;05; ;3;05; ;1;3;05; ;2;1;12;792,240726769094
3372897;1;3;2;2;05; ;3;76; ;1;3;76; ;1; ;12;792,240726769094
3372897;1;4;2;2;05; ;3;05; ;2;2; ; ;1; ;12;792,240726769094
3372898;1;1;1; ; ; ; ; ; ; ; ; ; ; ; ;12;1242,38870755969
3372898;1;2;1; ; ; ; ; ; ; ; ; ; ; ; ;12;1242,38870755969
3372898;1;3;1; ; ; ; ; ; ; ; ; ; ; ; ;12;1242,38870755969
3372899;1;1;1; ; ; ; ; ; ; ; ; ; ; ; ;12;567,679001673709
3372899;1;2;2;2;05; ;2; ; ;1;2; ; ;1; ;12;567,679001673709
3372899;1;3;1; ; ; ; ; ; ; ; ; ; ; ; ;12;567,679001673709
3372899;1;4;1; ; ; ; ; ; ; ; ; ; ; ; ;12;567,679001673709
3372899;1;5;2;2;05; ;3;05; ;1;2; ; ;1; ;12;567,679001673709
3372899;1;6;2;1; ; ;2; ; ;1;2; ; ;1; ;12;567,679001673709
3372899;1;7;2;2;05; ;2; ; ;1;2; ; ;1; ;12;567,679001673709
3372899;1;8;1; ; ; ; ; ; ; ; ; ; ; ; ;12;567,679001673709
3372900;1;1;1; ; ; ; ; ; ; ; ; ; ; ; ;12;1104,01880375737
3372900;1;2;1; ; ; ; ; ; ; ; ; ; ; ; ;12;1104,01880375737
3372900;1;3;1; ; ; ; ; ; ; ; ; ; ; ; ;12;1104,01880375737
3372900;1;4;1; ; ; ; ; ; ; ; ; ; ; ; ;12;1104,01880375737
3372901;1;1;1; ; ; ; ; ; ; ; ; ; ; ; ;12;1175,50583077429
3372901;1;2;1; ; ; ; ; ; ; ; ; ; ; ; ;12;1175,50583077429
3372902;1;1;2;2;05; ;2; ; ;1;2; ; ;1; ;12;1321,39246165104
3372902;1;2;1; ; ; ; ; ; ; ; ; ; ; ; ;12;1321,39246165104
3372902;1;3;1; ; ; ; ; ; ; ; ; ; ; ; ;12;1321,39246165104
3372903;1;1;1; ; ; ; ; ; ; ; ; ; ; ; ;12;1549,5849783365
3372903;1;2;1; ; ; ; ; ; ; ; ; ; ; ; ;12;1549,5849783365
3372903;1;3;1; ; ; ; ; ; ; ; ; ; ; ; ;12;1549,5849783365
3372903;1;4;2;1; ; ;2; ; ;1;2; ; ;1; ;12;1549,5849783365
3372903;1;5;2;2;23; ;3;94; ;1;2; ; ;1; ;12;1549,5849783365
3372903;1;6;1; ; ; ; ; ; ; ; ; ; ; ; ;12;1549,5849783365
3372905;1;1;1; ; ; ; ; ; ; ; ; ; ; ; ;12;1321,39246165104
3372905;1;2;2;2;05; ;2; ; ;1;2; ; ;1; ;12;1321,39246165104
3372905;1;3;1; ; ; ; ; ; ; ; ; ; ; ; ;12;1321,39246165104
3372907;1;1;2;2;05; ;3;05; ;1;2; ; ;1; ;12;1326,02331966363
3372907;1;2;2;2;05; ;2; ; ;1;2; ; ;1; ;12;1326,02331966363
3372908;1;1;2;2;17; ;3;17; ;1;2; ; ;1; ;12;1017,64158508927
3372908;1;2;2;2;17; ;3;17; ;1;3;17; ;1; ;12;1017,64158508927
3372908;1;3;2;2;52; ;3;08; ;1;3;17; ;1; ;12;1017,64158508927
3372909;1;1;2;2;05; ;2; ; ;1;2; ; ;1; ;12;765,077277736806
3372909;1;2;2;2;05; ;2; ; ;1;2; ; ;1; ;12;765,077277736806
3372909;1;3;2;2;05; ;3;05; ;1;2; ; ;1; ;12;765,077277736806
3372909;1;4;2;2;05; ;2; ; ;1;2; ; ;1; ;12;765,077277736806
3372910;1;1;2;2;05; ;2; ; ;1;2; ; ;1; ;12;1203,32301565633
3372911;1;1;2;2;20; ;2; ; ;1;2; ; ;1; ;12;1309,39678496602
3372911;1;2;1; ; ; ; ; ; ; ; ; ; ; ; ;12;1309,39678496602
3372911;1;3;1; ; ; ; ; ; ; ; ; ; ; ; ;12;1309,39678496602
3372911;1;4;1; ; ; ; ; ; ; ; ; ; ; ; ;12;1309,39678496602
3372911;1;5;1; ; ; ; ; ; ; ; ; ; ; ; ;12;1309,39678496602
3372912;1;1;2;1; ; ;2; ; ;1;2; ; ;1; ;12;1051,72339124348
3372913;1;1;2;2;05; ;2; ; ;1;2; ; ;1; ;12;949,676572780353
3372913;1;2;1; ; ; ; ; ; ; ; ; ; ; ; ;12;949,676572780353
3372914;1;1;2;2;05; ;2; ; ;1;2; ; ;1; ;12;978,530421748758
3372914;1;2;2;1; ; ;2; ; ;1;2; ; ;1; ;12;978,530421748758
3372914;1;3;1; ; ; ; ; ; ; ; ; ; ; ; ;12;978,530421748758
3372914;1;4;1; ; ; ; ; ; ; ; ; ; ; ; ;12;978,530421748758
3372914;1;5;1; ; ; ; ; ; ; ; ; ; ; ; ;12;978,530421748758
3372914;1;6;1; ; ; ; ; ; ; ; ; ; ; ; ;12;978,530421748758
3372915;1;1;2;2;05; ;2; ; ;1;2; ; ;1; ;12;949,676572780353
3372915;1;2;2;2;05; ;2; ; ;1;2; ; ;1; ;12;949,676572780353
3372916;1;1;1; ; ; ; ; ; ; ; ; ; ; ; ;12;1189,86476615083
3372916;1;2;1; ; ; ; ; ; ; ; ; ; ; ; ;12;1189,86476615083
3372916;1;3;1; ; ; ; ; ; ; ; ; ; ; ; ;12;1189,86476615083
3372917;1;1;2;2;05; ;2; ; ;1;2; ; ;1; ;12;853,72789903551
3372917;1;2;1; ; ; ; ; ; ; ; ; ; ; ; ;12;853,72789903551
3372917;1;3;1; ; ; ; ; ; ; ; ; ; ; ; ;12;853,72789903551
3372917;1;4;1; ; ; ; ; ; ; ; ; ; ; ; ;12;853,72789903551
3372917;1;5;2;1; ; ;2; ; ;1;2; ; ;1; ;12;853,72789903551
3372917;1;6;1; ; ; ; ; ; ; ; ; ; ; ; ;12;853,72789903551
3372917;1;7;1; ; ; ; ; ; ; ; ; ; ; ; ;12;853,72789903551
3372917;1;8;1; ; ; ; ; ; ; ; ; ; ; ; ;12;853,72789903551
3372917;1;9;1; ; ; ; ; ; ; ; ; ; ; ; ;12;853,72789903551
3372918;1;1;2;1; ; ;2; ; ;1;2; ; ;1; ;12;1309,27158434509
3372918;1;2;1; ; ; ; ; ; ; ; ; ; ; ; ;12;1309,27158434509
3372918;1;3;1; ; ; ; ; ; ; ; ; ; ; ; ;12;1309,27158434509
3372918;1;4;1; ; ; ; ; ; ; ; ; ; ; ; ;12;1309,27158434509
3372919;1;1;1; ; ; ; ; ; ; ; ; ; ; ; ;12;842,989865366266
3372919;1;2;1; ; ; ; ; ; ; ; ; ; ; ; ;12;842,989865366266
3372919;1;3;1; ; ; ; ; ; ; ; ; ; ; ; ;12;842,989865366266
3372919;1;4;1; ; ; ; ; ; ; ; ; ; ; ; ;12;842,989865366266
3372920;1;1;2;2;23; ;2; ; ;1;2; ; ;1; ;12;1270,20589244173
3372920;1;2;2;2;05; ;2; ; ;1;2; ; ;1; ;12;1270,20589244173
3372921;1;1;2;2;63; ;2; ; ;1;2; ; ;1; ;12;1259,14044287823
3372922;1;1;2;2;13; ;2; ; ;1;2; ; ;1; ;12;1270,20589244173
3372922;1;2;2;2;13; ;3;05; ;1;2; ; ;1; ;12;1270,20589244173
3372924;1;1;2;2;66; ;2; ; ;1;2; ; ;1; ;12;1190,94690167434
3372924;1;2;1; ; ; ; ; ; ; ; ; ; ; ; ;12;1190,94690167434
3372924;1;3;1; ; ; ; ; ; ; ; ; ; ; ; ;12;1190,94690167434
3372925;1;1;2;2;05; ;2; ; ;1;2; ; ;1; ;12;765,077277736806
3372925;1;2;2;2;05; ;2; ; ;1;2; ; ;1; ;12;765,077277736806
3372925;1;3;2;1; ; ;2; ; ;1;2; ; ;1; ;12;765,077277736806
3372925;1;4;2;1; ; ;2; ; ;1;2; ; ;1; ;12;765,077277736806
3372926;1;1;2;2;05; ;2; ; ;1;2; ; ;1; ;12;1190,94690167434
3372926;1;2;1; ; ; ; ; ; ; ; ; ; ; ; ;12;1190,94690167434
3372926;1;3;1; ; ; ; ; ; ; ; ; ; ; ; ;12;1190,94690167434
3372927;1;1;1; ; ; ; ; ; ; ; ; ; ; ; ;12;1460,87120875795
3372927;1;2;1; ; ; ; ; ; ; ; ; ; ; ; ;12;1460,87120875795
3372927;2;1;2;2;05; ;2; ; ;1;2; ; ;1; ;12;1460,87120875795
3372927;2;2;2;2;05; ;2; ; ;1;2; ; ;1; ;12;1460,87120875795
3372928;1;1;2;2;05; ;2; ; ;1;2; ; ;1; ;12;935,089108508848
3372928;1;2;2;2;05; ;2; ; ;1;2; ; ;1; ;12;935,089108508848
3372928;1;3;2;2;05; ;2; ; ;1;2; ; ;1; ;12;935,089108508848
3372928;1;4;1; ; ; ; ; ; ; ; ; ; ; ; ;12;935,089108508848
3372929;1;1;1; ; ; ; ; ; ; ; ; ; ; ; ;12;1164,21185231582
3372929;1;2;1; ; ; ; ; ; ; ; ; ; ; ; ;12;1164,21185231582
3372929;1;3;1; ; ; ; ; ; ; ; ; ; ; ; ;12;1164,21185231582
3372929;1;4;1; ; ; ; ; ; ; ; ; ; ; ; ;12;1164,21185231582
3372930;1;1;2;1; ; ;2; ; ;1;2; ; ;1; ;12;1321,39246165104
3372930;1;2;1; ; ; ; ; ; ; ; ; ; ; ; ;12;1321,39246165104
3372930;1;3;1; ; ; ; ; ; ; ; ; ; ; ; ;12;1321,39246165104
3372931;1;1;2;2;05; ;2; ; ;1;2; ; ;1; ;12;1119,68840355239
3372931;1;2;1; ; ; ; ; ; ; ; ; ; ; ; ;12;1119,68840355239
3372932;1;1;2;2;05; ;2; ; ;1;2; ; ;1; ;12;788,191425388039
3372932;1;2;1; ; ; ; ; ; ; ; ; ; ; ; ;12;788,191425388039
3372932;1;3;1; ; ; ; ; ; ; ; ; ; ; ; ;12;788,191425388039
3372932;1;4;1; ; ; ; ; ; ; ; ; ; ; ; ;12;788,191425388039
3372932;1;5;1; ; ; ; ; ; ; ; ; ; ; ; ;12;788,191425388039
3372932;1;6;1; ; ; ; ; ; ; ; ; ; ; ; ;12;788,191425388039
3372932;1;7;1; ; ; ; ; ; ; ; ; ; ; ; ;12;788,191425388039
3372933;1;1;2;2;05; ;3;05; ;1;2; ; ;1; ;12;1456,24035074536
3372933;1;2;1; ; ; ; ; ; ; ; ; ; ; ; ;12;1456,24035074536
3372933;1;3;1; ; ; ; ; ; ; ; ; ; ; ; ;12;1456,24035074536
3372933;1;4;1; ; ; ; ; ; ; ; ; ; ; ; ;12;1456,24035074536
3372933;1;5;1; ; ; ; ; ; ; ; ; ; ; ; ;12;1456,24035074536
3372934;1;1;2;2;05; ;3;05; ;2;3;05; ;2;4;12;699,064588483886
3372934;1;2;2;2;05; ;3;05; ;2;3;05; ;2;1;12;699,064588483886
3372934;1;3;2;2;05; ;2; ; ;2;2; ; ;1; ;12;699,064588483886
3372934;1;4;2;2;05; ;2; ; ;2;2; ; ;1; ;12;699,064588483886
3372934;1;5;2;2;05; ;3;05; ;2;2; ; ;2;1;12;699,064588483886
3372934;1;6;2;2;05; ;2; ; ;2;2; ; ;2;1;12;699,064588483886
3372934;1;7;2;2;05; ;3;05; ;2;3;05; ;2;1;12;699,064588483886
3372934;1;8;2;2;05; ;3;05; ;2;3;05; ;2;1;12;699,064588483886
3372934;1;9;2;2;05; ;3;05; ;2;3;05; ;2;4;12;699,064588483886
3372934;1;10;2;1; ; ;1; ; ; ;3;05; ;2;4;12;699,064588483886
3372934;1;11;2;2;05; ;3;05; ;2;3;05; ;2;1;12;699,064588483886
3372934;1;12;2;2;05; ;3;05; ;2;3;05; ;2;1;12;699,064588483886
3372934;1;13;2;2;05; ;3;05; ;2;3;05; ;2;1;12;699,064588483886
3372934;1;14;2;2;05; ;3;05; ;2;3;05; ;2;1;12;699,064588483886
3372934;1;15;2;2;05; ;3;05; ;2;3;05; ;2;4;12;699,064588483886
3372935;1;1;1; ; ; ; ; ; ; ; ; ; ; ; ;12;1259,14044287823
3372936;1;1;2;2;05; ;3;05; ;1;2; ; ;1; ;12;1203,32301565633
3372937;1;1;1; ; ; ; ; ; ; ; ; ; ; ; ;12;1293,60198455007
3372937;1;2;1; ; ; ; ; ; ; ; ; ; ; ; ;12;1293,60198455007
3372937;1;3;1; ; ; ; ; ; ; ; ; ; ; ; ;12;1293,60198455007
3372937;1;4;1; ; ; ; ; ; ; ; ; ; ; ; ;12;1293,60198455007
3372937;1;5;1; ; ; ; ; ; ; ; ; ; ; ; ;12;1293,60198455007
3372937;1;6;1; ; ; ; ; ; ; ; ; ; ; ; ;12;1293,60198455007
3372938;1;1;2;2;05; ;2; ; ;1;2; ; ;1; ;12;1190,94690167434
3372938;1;2;1; ; ; ; ; ; ; ; ; ; ; ; ;12;1190,94690167434
3372938;1;3;1; ; ; ; ; ; ; ; ; ; ; ; ;12;1190,94690167434
3372939;1;1;2;2;05; ;2; ; ;1;2; ; ;1; ;12;1118,60626802888
3372939;1;2;2;2;05; ;2; ; ;1;2; ; ;1; ;12;1118,60626802888
3372940;1;1;2;2;17; ;2; ; ;1;2; ; ;1; ;12;1175,50583077429
3372940;1;2;2;2;17; ;2; ; ;1;2; ; ;1; ;12;1175,50583077429
3372942;1;1;2;2;05; ;3;05; ;1;2; ; ;1; ;12;910,954877675183
3372942;1;2;2;2;05; ;3;05; ;1;2; ; ;1; ;12;910,954877675183
3372942;1;3;2;1; ; ;3;05; ;1;2; ; ;1; ;12;910,954877675183
3372942;1;4;2;2;05; ;3;05; ;1;2; ; ;1; ;12;910,954877675183
3372942;1;5;2;2;05; ;3;05; ;1;2; ; ;1; ;12;910,954877675183
3372943;1;1;2;2;05; ;3;05; ;1;2; ; ;1; ;12;1243,47084308321
3372943;1;2;2;2;05; ;3;05; ;1;2; ; ;1; ;12;1243,47084308321
3372943;1;3;2;2;05; ;3;76; ;1;2; ; ;1; ;12;1243,47084308321
3372944;1;1;1; ; ; ; ; ; ; ; ; ; ; ; ;12;1270,20589244173
3372944;1;2;2;3; ;4;3;05; ;1;2; ; ;1; ;12;1270,20589244173
3372945;1;1;2;2;05; ;2; ; ;1;2; ; ;1; ;12;1336,82450161272
3372945;1;2;2;2;05; ;2; ; ;1;2; ; ;1; ;12;1336,82450161272
3372945;1;3;2;2;05; ;2; ; ;1;2; ; ;1; ;12;1336,82450161272
3372945;1;4;1; ; ; ; ; ; ; ; ; ; ; ; ;12;1336,82450161272
3372946;1;1;2;2;05; ;2; ; ;1;2; ; ;1; ;12;1243,47084308321
3372946;1;2;2;2;05; ;2; ; ;1;2; ; ;1; ;12;1243,47084308321
3372946;1;3;2;2;05; ;2; ; ;1;2; ; ;1; ;12;1243,47084308321
3372947;1;1;2;2;05; ;2; ; ;1;2; ; ;1; ;12;938,382594321881
3372947;1;2;2;2;05; ;2; ; ;1;2; ; ;1; ;12;938,382594321881
3372947;1;3;1; ; ; ; ; ; ; ; ; ; ; ; ;12;938,382594321881
3372947;1;4;1; ; ; ; ; ; ; ; ; ; ; ; ;12;938,382594321881
3372948;1;1;2;2;05; ;2; ; ;1;2; ; ;1; ;12;1017,64158508927
3372948;1;2;1; ; ; ; ; ; ; ; ; ; ; ; ;12;1017,64158508927
3372948;1;3;1; ; ; ; ; ; ; ; ; ; ; ; ;12;1017,64158508927
3372949;1;1;1; ; ; ; ; ; ; ; ; ; ; ; ;12;1079,88457292371
3372949;1;2;1; ; ; ; ; ; ; ; ; ; ; ; ;12;1079,88457292371
3372949;1;3;1; ; ; ; ; ; ; ; ; ; ; ; ;12;1079,88457292371
3372949;1;4;1; ; ; ; ; ; ; ; ; ; ; ; ;12;1079,88457292371
3372949;1;5;1; ; ; ; ; ; ; ; ; ; ; ; ;12;1079,88457292371
3372950;1;1;2;2;05; ;2; ; ;1;2; ; ;1; ;12;1237,7578495471
3372950;1;2;2;2;05; ;2; ; ;1;2; ; ;1; ;12;1237,7578495471
3372950;1;3;1; ; ; ; ; ; ; ; ; ; ; ; ;12;1237,7578495471
3372950;1;4;2;2;52; ;2; ; ;1;2; ; ;1; ;12;1237,7578495471
3372951;1;1;2;1; ; ;2; ; ;1;2; ; ;1; ;12;1416,08349238011
3372951;1;2;2;2;27; ;2; ; ;1;2; ; ;1; ;12;1416,08349238011
3372951;1;3;1; ; ; ; ; ; ; ; ; ; ; ; ;12;1416,08349238011
3372952;1;1;2;1; ; ;2; ; ;1;2; ; ;1; ;12;1416,08349238011
3372952;1;2;2;2;05; ;3;05; ;1;3;05; ;1; ;12;1416,08349238011
3372952;1;3;1; ; ; ; ; ; ; ; ; ; ; ; ;12;1416,08349238011
3372953;1;1;2;2;76; ;3;05; ;1;3;05; ;1; ;12;1336,82450161272
3372953;1;2;2;2;05; ;3;05; ;1;3;05; ;1; ;12;1336,82450161272
3372953;1;3;2;2;05; ;3;05; ;1;3;05; ;1; ;12;1336,82450161272
3372953;1;4;2;2;05; ;1; ; ; ;3;05; ;1; ;12;1336,82450161272
3372954;1;1;2;2;05; ;2; ; ;1;2; ; ;1; ;12;765,077277736806
3372954;1;2;2;2;05; ;2; ; ;1;2; ; ;1; ;12;765,077277736806
3372954;1;3;1; ; ; ; ; ; ; ; ; ; ; ; ;12;765,077277736806
3372954;1;4;1; ; ; ; ; ; ; ; ; ; ; ; ;12;765,077277736806
3372955;1;1;2;2;05; ;3;11; ;1;2; ; ;1; ;12;1206,96049826756
3372955;1;2;2;2;25; ;3;11; ;1;2; ; ;1; ;12;1206,96049826756
3372955;1;3;2;2;11; ;3;11; ;1;2; ; ;1; ;12;1206,96049826756
3372955;1;4;2;2;11; ;3;11; ;1;2; ; ;1; ;12;1206,96049826756
3372955;1;5;2;2;11; ;3;11; ;1;2; ; ;1; ;12;1206,96049826756
3372955;1;6;2;2;11; ;3;11; ;1;2; ; ;1; ;12;1206,96049826756
3372956;1;1;1; ; ; ; ; ; ; ; ; ; ; ; ;12;1203,32301565633
3372957;1;1;2;2;05; ;2; ; ;1;2; ; ;1; ;12;1321,39246165104
3372957;1;2;1; ; ; ; ; ; ; ; ; ; ; ; ;12;1321,39246165104
3372957;1;3;1; ; ; ; ; ; ; ; ; ; ; ; ;12;1321,39246165104
3372961;1;1;2;2;05; ;2; ; ;1;2; ; ;1; ;12;1321,39246165104
3372961;1;2;2;1; ; ;2; ; ;1;2; ; ;1; ;12;1321,39246165104
3372961;1;3;1; ; ; ; ; ; ; ; ; ; ; ; ;12;1321,39246165104
3372962;1;1;2;2;76; ;2; ; ;1;2; ; ;1; ;12;1561,96109231849
3372962;1;2;2;2;05; ;2; ; ;1;2; ; ;1; ;12;1561,96109231849
3372962;1;3;1; ; ; ; ; ; ; ; ; ; ; ; ;12;1561,96109231849
3372962;1;4;1; ; ; ; ; ; ; ; ; ; ; ; ;12;1561,96109231849
3372963;1;1;1; ; ; ; ; ; ; ; ; ; ; ; ;12;2001,72628397933
3372963;1;2;1; ; ; ; ; ; ; ; ; ; ; ; ;12;2001,72628397933
3372963;1;3;1; ; ; ; ; ; ; ; ; ; ; ; ;12;2001,72628397933
3372964;1;1;2;2;05; ;3;05; ;1;2; ; ;1; ;12;2103,44678248696
3372965;1;1;1; ; ; ; ; ; ; ; ; ; ; ; ;12;2035,28317017854
3372965;1;2;1; ; ; ; ; ; ; ; ; ; ; ; ;12;2035,28317017854
3372965;1;3;1; ; ; ; ; ; ; ; ; ; ; ; ;12;2035,28317017854
3372966;1;1;2;1; ; ;2; ; ;1;2; ; ;1; ;12;2642,78492330209
3372966;1;2;1; ; ; ; ; ; ; ; ; ; ; ; ;12;2642,78492330209
3372966;1;3;1; ; ; ; ; ; ; ; ; ; ; ; ;12;2642,78492330209
3372967;1;1;1; ; ; ; ; ; ; ; ; ; ; ; ;12;2518,98694122959
3372967;1;2;1; ; ; ; ; ; ; ; ; ; ; ; ;12;2518,98694122959
3372967;1;3;1; ; ; ; ; ; ; ; ; ; ; ; ;12;2518,98694122959
3372967;1;4;1; ; ; ; ; ; ; ; ; ; ; ; ;12;2518,98694122959
3372967;1;5;1; ; ; ; ; ; ; ; ; ; ; ; ;12;2518,98694122959
3372967;1;6;1; ; ; ; ; ; ; ; ; ; ; ; ;12;2518,98694122959
3372969;1;1;2;2;05; ;2; ; ;1;2; ; ;1; ;12;1051,72339124348
3372970;1;1;1; ; ; ; ; ; ; ; ; ; ; ; ;12;1336,82450161272
3372970;1;2;1; ; ; ; ; ; ; ; ; ; ; ; ;12;1336,82450161272
3372970;1;3;1; ; ; ; ; ; ; ; ; ; ; ; ;12;1336,82450161272
3372970;1;4;1; ; ; ; ; ; ; ; ; ; ; ; ;12;1336,82450161272
3372971;1;1;2;1; ; ;2; ; ;1;2; ; ;1; ;12;1203,32301565633
3372972;1;1;2;2;17; ;2; ; ;1;2; ; ;1; ;12;1259,14044287823
3372973;1;1;1; ; ; ; ; ; ; ; ; ; ; ; ;12;921,604151222275
3372973;1;2;1; ; ; ; ; ; ; ; ; ; ; ; ;12;921,604151222275
3372973;1;3;1; ; ; ; ; ; ; ; ; ; ; ; ;12;921,604151222275
3372973;1;4;1; ; ; ; ; ; ; ; ; ; ; ; ;12;921,604151222275
3372974;1;1;2;2;17; ;2; ; ;1;3;05; ;1; ;12;1561,96109231849
3372974;1;2;1; ; ; ; ; ; ; ; ; ; ; ; ;12;1561,96109231849
3372974;1;3;2;1; ; ;3;05; ;1;2; ; ;1; ;12;1561,96109231849
3372974;1;4;2;2;05; ;3;05; ;1;2; ; ;1; ;12;1561,96109231849
3372975;1;1;2;2;05; ;2; ; ;1;2; ; ;1; ;12;1184,16410014379
3372975;1;2;2;3; ;3;2; ; ;1;2; ; ;1; ;12;1184,16410014379
3372975;1;3;1; ; ; ; ; ; ; ; ; ; ; ; ;12;1184,16410014379
3372975;1;4;2;2;05; ;2; ; ;1;2; ; ;1; ;12;1184,16410014379
3372975;1;5;1; ; ; ; ; ; ; ; ; ; ; ; ;12;1184,16410014379
3372976;1;1;2;2;05; ;2; ; ;1;2; ; ;1; ;12;1179,64929349969
3372976;1;2;1; ; ; ; ; ; ; ; ; ; ; ; ;12;1179,64929349969
3372977;1;1;1; ; ; ; ; ; ; ; ; ; ; ; ;12;1051,72339124348
3372978;1;1;2;2;05; ;2; ; ;1;2; ; ;1; ;12;1242,51390818062
3372978;1;2;2;2;27; ;2; ; ;1;2; ; ;1; ;12;1242,51390818062
3372978;1;3;1; ; ; ; ; ; ; ; ; ; ; ; ;12;1242,51390818062
3372978;1;4;1; ; ; ; ; ; ; ; ; ; ; ; ;12;1242,51390818062
3372979;1;1;1; ; ; ; ; ; ; ; ; ; ; ; ;12;2103,44678248696
3372980;1;1;1; ; ; ; ; ; ; ; ; ; ; ; ;12;2237,21253605775
3372980;1;2;1; ; ; ; ; ; ; ; ; ; ; ; ;12;2237,21253605775
3372981;1;1;2;2;17; ;2; ; ;1;2; ; ;1; ;12;2193,27261648449
3372981;1;2;2;2;17; ;2; ; ;1;2; ; ;1; ;12;2193,27261648449
3372981;1;3;1; ; ; ; ; ; ; ; ; ; ; ; ;12;2193,27261648449
3372982;1;1;2;2;05; ;2; ; ;1;2; ; ;1; ;12;963,440645355481
3372982;1;2;2;1; ; ;2; ; ;1;2; ; ;1; ;12;963,440645355481
3372982;1;3;2;2;05; ;2; ; ;1;2; ; ;1; ;12;963,440645355481
3372982;1;4;1; ; ; ; ; ; ; ; ; ; ; ; ;12;963,440645355481
3372982;1;5;1; ; ; ; ; ; ; ; ; ; ; ; ;12;963,440645355481
3372985;1;1;1; ; ; ; ; ; ; ; ; ; ; ; ;12;1269,12375691821
3372985;1;2;1; ; ; ; ; ; ; ; ; ; ; ; ;12;1269,12375691821
3372986;1;1;2;2;05; ;2; ; ;1;2; ; ;1; ;12;1276,2719137144
3372986;1;2;1; ; ; ; ; ; ; ; ; ; ; ; ;12;1276,2719137144
3372986;1;3;1; ; ; ; ; ; ; ; ; ; ; ; ;12;1276,2719137144
3372986;1;4;1; ; ; ; ; ; ; ; ; ; ; ; ;12;1276,2719137144
3372986;1;5;1; ; ; ; ; ; ; ; ; ; ; ; ;12;1276,2719137144
3372986;1;6;1; ; ; ; ; ; ; ; ; ; ; ; ;12;1276,2719137144
3372987;1;1;2;2;05; ;2; ; ;1;2; ; ;1; ;12;1432,79878719987
3372987;1;2;2;2;05; ;2; ; ;1;2; ; ;1; ;12;1432,79878719987
3372987;1;3;1; ; ; ; ; ; ; ; ; ; ; ; ;12;1432,79878719987
3372987;1;4;1; ; ; ; ; ; ; ; ; ; ; ; ;12;1432,79878719987
3372987;1;5;1; ; ; ; ; ; ; ; ; ; ; ; ;12;1432,79878719987
3372987;1;6;1; ; ; ; ; ; ; ; ; ; ; ; ;12;1432,79878719987
3372988;1;1;1; ; ; ; ; ; ; ; ; ; ; ; ;12;864,412800423191
3372988;1;2;2;1; ; ;3;05; ;1;2; ; ;1; ;12;864,412800423191
3372989;1;1;1; ; ; ; ; ; ; ; ; ; ; ; ;12;981,35004778433
3372989;1;2;1; ; ; ; ; ; ; ; ; ; ; ; ;12;981,35004778433
3372989;2;1;2;2;05; ;2; ; ;1;2; ; ;1; ;12;981,35004778433
3372989;2;2;2;2;05; ;2; ; ;1;2; ; ;1; ;12;981,35004778433
3372990;1;1;1; ; ; ; ; ; ; ; ; ; ; ; ;12;1107,3122895704
3372990;1;2;1; ; ; ; ; ; ; ; ; ; ; ; ;12;1107,3122895704
3372990;1;3;1; ; ; ; ; ; ; ; ; ; ; ; ;12;1107,3122895704
3372990;1;4;1; ; ; ; ; ; ; ; ; ; ; ; ;12;1107,3122895704
3372991;1;1;1; ; ; ; ; ; ; ; ; ; ; ; ;12;1085,60659739819
3372991;1;2;1; ; ; ; ; ; ; ; ; ; ; ; ;12;1085,60659739819
3372991;1;3;1; ; ; ; ; ; ; ; ; ; ; ; ;12;1085,60659739819
3372991;1;4;1; ; ; ; ; ; ; ; ; ; ; ; ;12;1085,60659739819
3372992;1;1;2;2;05; ;2; ; ;1;2; ; ;1; ;12;2223,37582181391
3372992;1;2;2;2;05; ;2; ; ;1;2; ; ;1; ;12;2223,37582181391
3372992;1;3;1; ; ; ; ; ; ; ; ; ; ; ; ;12;2223,37582181391
3372992;1;4;1; ; ; ; ; ; ; ; ; ; ; ; ;12;2223,37582181391
3372993;1;1;1; ; ; ; ; ; ; ; ; ; ; ; ;12;2103,44678248696
3372995;1;1;1; ; ; ; ; ; ; ; ; ; ; ; ;12;1460,75370100811
3372995;2;1;1; ; ; ; ; ; ; ; ; ; ; ; ;12;1460,75370100811
3372995;2;2;1; ; ; ; ; ; ; ; ; ; ; ; ;12;1460,75370100811
3372995;2;3;1; ; ; ; ; ; ; ; ; ; ; ; ;12;1460,75370100811
3372995;2;4;1; ; ; ; ; ; ; ; ; ; ; ; ;12;1460,75370100811
3372995;3;1;1; ; ; ; ; ; ; ; ; ; ; ; ;12;1460,75370100811
3372995;4;1;1; ; ; ; ; ; ; ; ; ; ; ; ;12;1460,75370100811
3372995;5;1;2;1; ; ;2; ; ;1;2; ; ;1; ;12;1460,75370100811
3372996;1;1;1; ; ; ; ; ; ; ; ; ; ; ; ;12;1348,11848007119
3372996;1;2;2;1; ; ;2; ; ;1;2; ; ;1; ;12;1348,11848007119
3372997;1;1;2;2;05; ;2; ; ;1;2; ; ;1; ;12;994,200021543781
3372997;1;2;1; ; ; ; ; ; ; ; ; ; ; ; ;12;994,200021543781
3372997;1;3;1; ; ; ; ; ; ; ; ; ; ; ; ;12;994,200021543781
3372997;1;4;1; ; ; ; ; ; ; ; ; ; ; ; ;12;994,200021543781
3372998;1;1;2;2;23; ;2; ; ;1;3;23; ;2;4;12;949,412305165943
3372998;1;2;2;2;23; ;3;23; ;2;3;23; ;2;4;12;949,412305165943
3372998;1;3;2;2;23; ;3;23; ;2;3;23; ;2;4;12;949,412305165943
3372999;1;1;1; ; ; ; ; ; ; ; ; ; ; ; ;12;950,758708303871
3372999;1;2;1; ; ; ; ; ; ; ; ; ; ; ; ;12;950,758708303871
3373000;1;1;1; ; ; ; ; ; ; ; ; ; ; ; ;12;1309,39678496602
3373000;1;2;1; ; ; ; ; ; ; ; ; ; ; ; ;12;1309,39678496602
3373000;1;3;1; ; ; ; ; ; ; ; ; ; ; ; ;12;1309,39678496602
3373000;1;4;1; ; ; ; ; ; ; ; ; ; ; ; ;12;1309,39678496602
3373000;1;5;1; ; ; ; ; ; ; ; ; ; ; ; ;12;1309,39678496602
3373001;1;1;2;2;05; ;2; ; ;1;2; ; ;1; ;12;1243,47084308321
3373001;1;2;1; ; ; ; ; ; ; ; ; ; ; ; ;12;1243,47084308321
3373001;1;3;1; ; ; ; ; ; ; ; ; ; ; ; ;12;1243,47084308321
3373002;1;1;2;2;27; ;2; ; ;1;2; ; ;1; ;12;1000,59887437525
3373002;1;2;2;2;27; ;2; ; ;1;2; ; ;1; ;12;1000,59887437525
3373002;1;3;1; ; ; ; ; ; ; ; ; ; ; ; ;12;1000,59887437525
3373002;1;4;1; ; ; ; ; ; ; ; ; ; ; ; ;12;1000,59887437525
3373003;1;1;2;2;05; ;2; ; ;1;2; ; ;1; ;12;934,865236660869
3373004;1;1;1; ; ; ; ; ; ; ; ; ; ; ; ;12;1091,37888292283
3373004;1;2;1; ; ; ; ; ; ; ; ; ; ; ; ;12;1091,37888292283
3373004;1;3;1; ; ; ; ; ; ; ; ; ; ; ; ;12;1091,37888292283
3373004;1;4;1; ; ; ; ; ; ; ; ; ; ; ; ;12;1091,37888292283
3373004;1;5;1; ; ; ; ; ; ; ; ; ; ; ; ;12;1091,37888292283
3373005;1;1;1; ; ; ; ; ; ; ; ; ; ; ; ;12;1491,03572214484
3373005;1;2;2;1; ; ;2; ; ;1;2; ; ;1; ;12;1491,03572214484
3373005;1;3;2;1; ; ;2; ; ;1;2; ; ;1; ;12;1491,03572214484
3373005;1;4;1; ; ; ; ; ; ; ; ; ; ; ; ;12;1491,03572214484
3373005;2;1;1; ; ; ; ; ; ; ; ; ; ; ; ;12;1491,03572214484
3373006;1;1;2;2;52; ;2; ; ;1;2; ; ;1; ;12;1243,47084308321
3373006;1;2;1; ; ; ; ; ; ; ; ; ; ; ; ;12;1243,47084308321
3373006;1;3;2;2;52; ;2; ; ;1;2; ; ;1; ;12;1243,47084308321
3373008;1;1;2;2;23; ;2; ; ;1;2; ; ;1; ;12;1175,50583077429
3373008;1;2;2;2;05; ;2; ; ;1;2; ; ;1; ;12;1175,50583077429
3373009;1;1;1; ; ; ; ; ; ; ; ; ; ; ; ;12;882,793695994954
3373011;1;1;2;2;05; ;3;05; ;1;3;05; ;1; ;12;1017,64158508927
3373011;1;2;2;2;05; ;2; ; ;1;3;05; ;1; ;12;1017,64158508927
3373011;1;3;2;1; ; ;3;05; ;1;3;05; ;1; ;12;1017,64158508927
3373012;1;1;1; ; ; ; ; ; ; ; ; ; ; ; ;12;1950,65139211575
3373012;1;2;1; ; ; ; ; ; ; ; ; ; ; ; ;12;1950,65139211575
3373012;1;3;1; ; ; ; ; ; ; ; ; ; ; ; ;12;1950,65139211575
3373012;1;4;1; ; ; ; ; ; ; ; ; ; ; ; ;12;1950,65139211575
3373012;2;1;2;2;05; ;2; ; ;2;2; ; ;1; ;12;1950,65139211575
3373012;2;2;1; ; ; ; ; ; ; ; ; ; ; ; ;12;1950,65139211575
3373012;2;3;1; ; ; ; ; ; ; ; ; ; ; ; ;12;1950,65139211575
3373012;2;4;1; ; ; ; ; ; ; ; ; ; ; ; ;12;1950,65139211575
3373012;2;5;1; ; ; ; ; ; ; ; ; ; ; ; ;12;1950,65139211575
3373012;2;6;2;1; ; ;2; ; ;1;2; ; ;1; ;12;1950,65139211575
3373012;2;7;1; ; ; ; ; ; ; ; ; ; ; ; ;12;1950,65139211575
3373012;2;8;2;2;08; ;2; ; ;1;2; ; ;1; ;12;1950,65139211575
3373013;1;1;1; ; ; ; ; ; ; ; ; ; ; ; ;12;2538,24751383643
3373013;1;2;1; ; ; ; ; ; ; ; ; ; ; ; ;12;2538,24751383643
3373015;1;1;2;2;05; ;2; ; ;1;2; ; ;1; ;12;1732,08392135283
3373015;1;2;2;2;05; ;2; ; ;1;2; ; ;1; ;12;1732,08392135283
3373015;1;3;2;2;05; ;2; ; ;1;2; ; ;1; ;12;1732,08392135283
3373018;1;1;1; ; ; ; ; ; ; ; ; ; ; ; ;12;2486,94168616642
3373018;1;2;2;2;05; ;2; ; ;1;2; ; ;1; ;12;2486,94168616642
3373018;1;3;1; ; ; ; ; ; ; ; ; ; ; ; ;12;2486,94168616642
3373019;1;1;2;2;11; ;2; ; ;1;2; ; ;1; ;12;2237,21253605775
3373019;1;2;2;2;11; ;3;11; ;1;2; ; ;1; ;12;2237,21253605775
3373020;1;1;2;1; ; ;2; ; ;1;2; ; ;1; ;12;2137,65630859716
3373020;1;2;1; ; ; ; ; ; ; ; ; ; ; ; ;12;2137,65630859716
3373020;1;3;1; ; ; ; ; ; ; ; ; ; ; ; ;12;2137,65630859716
3373020;1;4;1; ; ; ; ; ; ; ; ; ; ; ; ;12;2137,65630859716
3373021;1;1;2;2;05; ;2; ; ;1;2; ; ;1; ;12;2035,28317017854
3373021;1;2;2;2;05; ;2; ; ;1;2; ; ;1; ;12;2035,28317017854
3373021;1;3;2;2;05; ;2; ; ;1;2; ; ;1; ;12;2035,28317017854
3373022;1;1;1; ; ; ; ; ; ; ; ; ; ; ; ;12;1096,24684000691
3373022;1;2;1; ; ; ; ; ; ; ; ; ; ; ; ;12;1096,24684000691
3373022;1;3;1; ; ; ; ; ; ; ; ; ; ; ; ;12;1096,24684000691
3373023;1;1;1; ; ; ; ; ; ; ; ; ; ; ; ;12;1051,72339124348
3373024;1;1;2;2;13; ;2; ; ;1;2; ; ;1; ;12;1203,32301565633
3373025;1;1;1; ; ; ; ; ; ; ; ; ; ; ; ;12;1169,79283723819
3373025;1;2;1; ; ; ; ; ; ; ; ; ; ; ; ;12;1169,79283723819
3373025;1;3;1; ; ; ; ; ; ; ; ; ; ; ; ;12;1169,79283723819
3373026;1;1;2;1; ; ;2; ; ;1;2; ; ;1; ;12;2493,52865779249
3373026;1;2;2;1; ; ;2; ; ;1;2; ; ;1; ;12;2493,52865779249
3373026;1;3;2;2;05; ;2; ; ;1;2; ; ;1; ;12;2493,52865779249
3373027;1;1;1; ; ; ; ; ; ; ; ; ; ; ; ;12;2212,46030809377
3373027;1;2;1; ; ; ; ; ; ; ; ; ; ; ; ;12;2212,46030809377
3373027;1;3;1; ; ; ; ; ; ; ; ; ; ; ; ;12;2212,46030809377
3373027;1;4;1; ; ; ; ; ; ; ; ; ; ; ; ;12;2212,46030809377
3373028;1;1;1; ; ; ; ; ; ; ; ; ; ; ; ;12;2035,28317017854
3373028;1;2;1; ; ; ; ; ; ; ; ; ; ; ; ;12;2035,28317017854
3373028;1;3;1; ; ; ; ; ; ; ; ; ; ; ; ;12;2035,28317017854
3373029;1;1;2;2;05; ;2; ; ;1;2; ; ;1; ;12;1876,76518864376
3373029;1;2;2;2;66; ;2; ; ;1;2; ; ;1; ;12;1876,76518864376
3373029;1;3;1; ; ; ; ; ; ; ; ; ; ; ; ;12;1876,76518864376
3373029;1;4;1; ; ; ; ; ; ; ; ; ; ; ; ;12;1876,76518864376
3373030;1;1;2;2;05; ;2; ; ;1;2; ; ;1; ;12;1091,87121867036
3373030;1;2;1; ; ; ; ; ; ; ; ; ; ; ; ;12;1091,87121867036
3373030;1;3;1; ; ; ; ; ; ; ; ; ; ; ; ;12;1091,87121867036
3373031;1;1;1; ; ; ; ; ; ; ; ; ; ; ; ;12;1259,14044287823
3373032;1;1;2;2;05; ;2; ; ;1;2; ; ;1; ;12;972,46440047609
3373032;1;2;1; ; ; ; ; ; ; ; ; ; ; ; ;12;972,46440047609
3373035;1;1;2;2;23; ;3;13; ;1;3;13; ;1; ;12;803,534705227566
3373035;1;2;2;2;05; ;3;68; ;1;3;13; ;1; ;12;803,534705227566
3373036;1;1;1; ; ; ; ; ; ; ; ; ; ; ; ;12;1019,30205612991
3373036;1;2;2;2;05; ;2; ; ;1;2; ; ;1; ;12;1019,30205612991
3373036;1;3;2;2;05; ;2; ; ;1;2; ; ;1; ;12;1019,30205612991
3373036;1;4;2;2;05; ;2; ; ;1;2; ; ;1; ;12;1019,30205612991
3373036;1;5;1; ; ; ; ; ; ; ; ; ; ; ; ;12;1019,30205612991
3373037;1;1;1; ; ; ; ; ; ; ; ; ; ; ; ;12;1416,08349238011
3373037;1;2;2;1; ; ;2; ; ;1;2; ; ;1; ;12;1416,08349238011
3373037;1;3;1; ; ; ; ; ; ; ; ; ; ; ; ;12;1416,08349238011
3373038;1;1;2;2;05; ;2; ; ;1;2; ; ;1; ;12;1119,68840355239
3373038;1;2;1; ; ; ; ; ; ; ; ; ; ; ; ;12;1119,68840355239
3373039;1;1;2;2;11; ;2; ; ;1;2; ; ;1; ;12;1348,11848007119
3373039;1;2;1; ; ; ; ; ; ; ; ; ; ; ; ;12;1348,11848007119
3373042;1;1;2;2;05; ;2; ; ;1;2; ; ;1; ;12;1271,28802796525
3373042;1;2;2;2;05; ;3;05; ;2;2; ; ;1; ;12;1271,28802796525
3373043;1;1;2;2;68; ;2; ; ;1;2; ; ;1; ;12;502,135529845035
3373043;1;2;2;2;11; ;2; ; ;1;2; ; ;1; ;12;502,135529845035
3373043;1;3;2;1; ; ;2; ; ;1;2; ; ;1; ;12;502,135529845035
3373043;1;4;1; ; ; ; ; ; ; ; ; ; ; ; ;12;502,135529845035
3373043;1;5;2;2;68; ;2; ; ;1;2; ; ;1; ;12;502,135529845035
3373044;1;1;1; ; ; ; ; ; ; ; ; ; ; ; ;12;428,718068948981
3373045;1;1;2;2;11; ;2; ; ;1;2; ; ;1; ;12;481,071631341404
3373045;1;2;2;2;68; ;2; ; ;1;2; ; ;1; ;12;481,071631341404
3373045;1;3;2;2;54; ;2; ; ;1;2; ; ;1; ;12;481,071631341404
3373046;1;1;2;2;13; ;2; ; ;1;2; ; ;1; ;12;268,29224519499
3373046;1;2;1; ; ; ; ; ; ; ; ; ; ; ; ;12;268,29224519499
3373046;1;3;2;2;13; ;2; ; ;1;2; ; ;1; ;12;268,29224519499
3373046;1;4;1; ; ; ; ; ; ; ; ; ; ; ; ;12;268,29224519499
3373046;1;5;2;2;13; ;2; ; ;1;2; ; ;1; ;12;268,29224519499
3373047;1;1;2;2;47; ;2; ; ;1;2; ; ;1; ;12;489,828122021733
3373047;1;2;2;2;68; ;2; ; ;1;2; ; ;1; ;12;489,828122021733
3373047;1;3;1; ; ; ; ; ; ; ; ; ; ; ; ;12;489,828122021733
3373047;1;4;1; ; ; ; ; ; ; ; ; ; ; ; ;12;489,828122021733
3373048;1;1;2;2;68; ;2; ; ;1;2; ; ;1; ;12;591,001726743849
3373048;1;2;2;2;68; ;2; ; ;1;2; ; ;1; ;12;591,001726743849
3373048;1;3;1; ; ; ; ; ; ; ; ; ; ; ; ;12;591,001726743849
3373048;1;4;1; ; ; ; ; ; ; ; ; ; ; ; ;12;591,001726743849
3373048;1;5;1; ; ; ; ; ; ; ; ; ; ; ; ;12;591,001726743849
3373049;1;1;2;2;68; ;2; ; ;1;2; ; ;1; ;12;353,987152167458
3373049;1;2;2;2;68; ;2; ; ;1;2; ; ;1; ;12;353,987152167458
3373049;1;3;2;2;68; ;2; ; ;1;2; ; ;1; ;12;353,987152167458
3373049;1;4;1; ; ; ; ; ; ; ; ; ; ; ; ;12;353,987152167458
3373049;1;5;1; ; ; ; ; ; ; ; ; ; ; ; ;12;353,987152167458
3373050;1;1;2;2;68; ;2; ; ;1;2; ; ;1; ;12;512,858430670127
3373050;1;2;2;2;68; ;2; ; ;1;2; ; ;1; ;12;512,858430670127
3373050;1;3;2;2;68; ;2; ; ;1;2; ; ;1; ;12;512,858430670127
3373050;1;4;1; ; ; ; ; ; ; ; ; ; ; ; ;12;512,858430670127
3373051;1;1;2;2;20; ;2; ; ;1;2; ; ;1; ;12;283,848149677546
3373051;1;2;1; ; ; ; ; ; ; ; ; ; ; ; ;12;283,848149677546
3373051;1;3;1; ; ; ; ; ; ; ; ; ; ; ; ;12;283,848149677546
3373051;1;4;2;2;20; ;2; ; ;1;2; ; ;1; ;12;283,848149677546
3373051;1;5;1; ; ; ; ; ; ; ; ; ; ; ; ;12;283,848149677546
3373052;1;1;2;2;15; ;2; ; ;1;2; ; ;1; ;12;414,019166948591
3373052;1;2;2;2;54; ;2; ; ;1;2; ; ;1; ;12;414,019166948591
3373052;1;3;2;2;54; ;3;54; ;1;2; ; ;1; ;12;414,019166948591
3373053;1;1;2;2;13; ;2; ; ;1;2; ; ;1; ;12;442,073553317015
3373053;1;2;2;2;68; ;2; ; ;1;2; ; ;1; ;12;442,073553317015
3373054;1;1;2;1; ; ;2; ; ;1;2; ; ;1; ;12;576,546412958459
3373054;1;2;2;2;05; ;2; ; ;1;2; ; ;1; ;12;576,546412958459
3373054;1;3;2;2;05; ;2; ; ;1;2; ; ;1; ;12;576,546412958459
3373054;1;4;1; ; ; ; ; ; ; ; ; ; ; ; ;12;576,546412958459
3373055;1;1;1; ; ; ; ; ; ; ; ; ; ; ; ;12;311,90253604597
3373055;1;2;1; ; ; ; ; ; ; ; ; ; ; ; ;12;311,90253604597
3373055;1;3;1; ; ; ; ; ; ; ; ; ; ; ; ;12;311,90253604597
3373055;1;4;2;2;13; ;3;13; ;1;2; ; ;1; ;12;311,90253604597
3373056;1;1;2;2;68; ;2; ; ;1;2; ; ;1; ;12;413,565212394435
3373056;1;2;1; ; ; ; ; ; ; ; ; ; ; ; ;12;413,565212394435
3373056;1;3;1; ; ; ; ; ; ; ; ; ; ; ; ;12;413,565212394435
3373056;1;4;1; ; ; ; ; ; ; ; ; ; ; ; ;12;413,565212394435
3373056;1;5;1; ; ; ; ; ; ; ; ; ; ; ; ;12;413,565212394435
3373057;1;1;2;2;25; ;2; ; ;1;2; ; ;1; ;12;341,679744344156
3373057;1;2;2;2;11; ;2; ; ;1;2; ; ;1; ;12;341,679744344156
3373057;1;3;2;2;25; ;2; ; ;1;2; ; ;1; ;12;341,679744344156
3373057;1;4;1; ; ; ; ; ; ; ; ; ; ; ; ;12;341,679744344156
3373058;1;1;2;2;11; ;3;76; ;1;2; ; ;1; ;12;514,78182896572
3373058;1;2;2;2;76; ;3;76; ;1;2; ; ;1; ;12;514,78182896572
3373058;1;3;2;2;76; ;3;76; ;1;2; ; ;1; ;12;514,78182896572
3373058;1;4;2;2;76; ;3;76; ;1;2; ; ;1; ;12;514,78182896572
3373061;1;1;2;2;68; ;2; ; ;1;2; ; ;1; ;12;481,071631341404
3373061;1;2;2;2;68; ;2; ; ;1;2; ; ;1; ;12;481,071631341404
3373061;1;3;1; ; ; ; ; ; ; ; ; ; ; ; ;12;481,071631341404
3373063;1;1;1; ; ; ; ; ; ; ; ; ; ; ; ;12;972,46440047609
3373063;1;2;1; ; ; ; ; ; ; ; ; ; ; ; ;12;972,46440047609
3373064;1;1;2;2;27; ;2; ; ;1;2; ; ;1; ;12;1051,72339124348
3373065;1;1;2;2;73; ;2; ; ;1;2; ; ;1; ;12;867,450416155427
3373065;1;2;2;2;05; ;2; ; ;1;2; ; ;1; ;12;867,450416155427
3373065;1;3;2;2;05; ;2; ; ;1;2; ; ;1; ;12;867,450416155427
3373065;1;4;2;2;05; ;2; ; ;1;2; ; ;1; ;12;867,450416155427
3373065;1;5;2;2;27; ;2; ; ;1;2; ; ;1; ;12;867,450416155427
3373065;1;6;1; ; ; ; ; ; ; ; ; ; ; ; ;12;867,450416155427
3373066;1;1;2;2;18; ;2; ; ;1;2; ; ;1; ;12;1163,1297167923
3373066;1;2;2;2;05; ;2; ; ;1;2; ; ;1; ;12;1163,1297167923
3373066;1;3;1; ; ; ; ; ; ; ; ; ; ; ; ;12;1163,1297167923
3373066;1;4;2;2;05; ;2; ; ;1;2; ; ;1; ;12;1163,1297167923
3373068;1;1;2;2;68; ;3;41; ;1;2; ; ;1; ;12;531,848505570621
3373068;1;2;2;2;76; ;3;66; ;1;2; ; ;1; ;12;531,848505570621
3373068;1;3;1; ; ; ; ; ; ; ; ; ; ; ; ;12;531,848505570621
3373068;1;4;2;2;68; ;3;41; ;1;2; ; ;1; ;12;531,848505570621
3373069;1;1;1; ; ; ; ; ; ; ; ; ; ; ; ;12;475,372808236343
3373069;1;2;1; ; ; ; ; ; ; ; ; ; ; ; ;12;475,372808236343
3373069;1;3;1; ; ; ; ; ; ; ; ; ; ; ; ;12;475,372808236343
3373070;1;1;1; ; ; ; ; ; ; ; ; ; ; ; ;12;356,187572281981
3373070;1;2;1; ; ; ; ; ; ; ; ; ; ; ; ;12;356,187572281981
3373070;1;3;1; ; ; ; ; ; ; ; ; ; ; ; ;12;356,187572281981
3373070;1;4;1; ; ; ; ; ; ; ; ; ; ; ; ;12;356,187572281981
3373071;1;1;2;2;54; ;2; ; ;1;2; ; ;1; ;12;455,840902578488
3373071;1;2;1; ; ; ; ; ; ; ; ; ; ; ; ;12;455,840902578488
3373071;1;3;1; ; ; ; ; ; ; ; ; ; ; ; ;12;455,840902578488
3373071;1;4;1; ; ; ; ; ; ; ; ; ; ; ; ;12;455,840902578488
3373072;1;1;2;2;68; ;2; ; ;1;2; ; ;1; ;12;536,989330015686
3373072;1;2;1; ; ; ; ; ; ; ; ; ; ; ; ;12;536,989330015686
3373072;1;3;1; ; ; ; ; ; ; ; ; ; ; ; ;12;536,989330015686
3373073;1;1;2;2;68; ;2; ; ;1;2; ; ;1; ;12;522,481502077861
3373073;1;2;2;2;68; ;2; ; ;1;2; ; ;1; ;12;522,481502077861
3373073;1;3;2;2;68; ;2; ; ;1;2; ; ;1; ;12;522,481502077861
3373074;1;1;2;2;68; ;3;68; ;1;2; ; ;1; ;12;496,138464197612
3373074;1;2;1; ; ; ; ; ; ; ; ; ; ; ; ;12;496,138464197612
3373074;1;3;2;2;68; ;3;68; ;1;2; ; ;1; ;12;496,138464197612
3373075;1;1;2;2;68; ;3;15; ;1;2; ; ;1; ;12;415,075984516779
3373075;1;2;2;2;54; ;3;15; ;1;2; ; ;1; ;12;415,075984516779
3373075;1;3;2;2;54; ;3;15; ;1;2; ; ;1; ;12;415,075984516779
3373075;1;4;2;2;19; ;3;15; ;1;2; ; ;1; ;12;415,075984516779
3373075;1;5;2;2;15; ;1; ; ; ;2; ; ;1; ;12;415,075984516779
3373076;1;1;2;2;68; ;2; ; ;1;2; ; ;1; ;12;414,019166948591
3373076;1;2;2;2;68; ;2; ; ;1;2; ; ;1; ;12;414,019166948591
3373076;1;3;2;2;68; ;3;47; ;1;2; ; ;1; ;12;414,019166948591
3373077;1;1;2;2;68; ;2; ; ;1;2; ; ;1; ;12;486,727442597296
3373077;1;2;1; ; ; ; ; ; ; ; ; ; ; ; ;12;486,727442597296
3373077;1;3;1; ; ; ; ; ; ; ; ; ; ; ; ;12;486,727442597296
3373077;1;4;1; ; ; ; ; ; ; ; ; ; ; ; ;12;486,727442597296
3373077;1;5;1; ; ; ; ; ; ; ; ; ; ; ; ;12;486,727442597296
3373078;1;1;2;2;68; ;2; ; ;1;2; ; ;1; ;12;514,78182896572
3373078;1;2;2;2;68; ;2; ; ;1;2; ; ;1; ;12;514,78182896572
3373078;1;3;1; ; ; ; ; ; ; ; ; ; ; ; ;12;514,78182896572
3373078;1;4;1; ; ; ; ; ; ; ; ; ; ; ; ;12;514,78182896572
3373079;1;1;2;2;68; ;2; ; ;1;2; ; ;1; ;12;441,619598762858
3373079;1;2;2;2;73; ;3;41; ;1;2; ; ;1; ;12;441,619598762858
3373079;1;3;2;2;73; ;3;41; ;1;2; ; ;1; ;12;441,619598762858
3373079;1;4;2;2;73; ;3;41; ;1;2; ; ;1; ;12;441,619598762858
3373080;1;1;2;2;68; ;2; ; ;1;2; ; ;1; ;12;347,378567449218
3373080;1;2;2;2;68; ;2; ; ;1;2; ; ;1; ;12;347,378567449218
3373080;1;3;1; ; ; ; ; ; ; ; ; ; ; ; ;12;347,378567449218
3373080;1;4;1; ; ; ; ; ; ; ; ; ; ; ; ;12;347,378567449218
3373081;1;1;2;2;11; ;2; ; ;1;2; ; ;1; ;12;347,378567449218
3373081;1;2;2;2;68; ;2; ; ;1;2; ; ;1; ;12;347,378567449218
3373081;1;3;1; ; ; ; ; ; ; ; ; ; ; ; ;12;347,378567449218
3373081;1;4;1; ; ; ; ; ; ; ; ; ; ; ; ;12;347,378567449218
3373082;1;1;2;2;20; ;3;68; ;1;2; ; ;1; ;12;509,126017709828
3373082;1;2;2;2;20; ;3;20; ;1;2; ; ;1; ;12;509,126017709828
3373083;1;1;2;1; ; ;2; ; ;1;2; ; ;1; ;12;451,705365748205
3373083;1;2;2;1; ; ;2; ; ;1;2; ; ;1; ;12;451,705365748205
3373083;1;3;2;1; ; ;2; ; ;1;2; ; ;1; ;12;451,705365748205
3373084;1;1;2;2;54; ;2; ; ;1;2; ; ;1; ;12;542,836215334143
3373084;1;2;2;1; ; ;2; ; ;1;2; ; ;1; ;12;542,836215334143
3373084;1;3;2;1; ; ;2; ; ;1;2; ; ;1; ;12;542,836215334143
3373085;1;1;1; ; ; ; ; ; ; ; ; ; ; ; ;12;372,566284362965
3373085;1;2;2;2;68; ;3;68; ;1;2; ; ;1; ;12;372,566284362965
3373085;1;3;1; ; ; ; ; ; ; ; ; ; ; ; ;12;372,566284362965
3373085;2;1;1; ; ; ; ; ; ; ; ; ; ; ; ;12;372,566284362965
3373085;2;2;1; ; ; ; ; ; ; ; ; ; ; ; ;12;372,566284362965
3373086;1;1;2;2;76; ;2; ; ;1;2; ; ;1; ;12;453,017244972981
3373086;1;2;1; ; ; ; ; ; ; ; ; ; ; ; ;12;453,017244972981
3373086;1;3;1; ; ; ; ; ; ; ; ; ; ; ; ;12;453,017244972981
3373086;1;4;1; ; ; ; ; ; ; ; ; ; ; ; ;12;453,017244972981
3373087;1;1;2;1; ; ;2; ; ;1;2; ; ;1; ;12;428,718068948981
3373090;1;1;2;1; ; ;2; ; ;1;2; ; ;1; ;12;417,99516812389
3373090;1;2;2;2;11; ;2; ; ;1;2; ; ;1; ;12;417,99516812389
3373093;1;1;2;1; ; ;2; ; ;1;2; ; ;1; ;12;392,764439360973
3373093;1;2;1; ; ; ; ; ; ; ; ; ; ; ; ;12;392,764439360973
3373093;1;3;1; ; ; ; ; ; ; ; ; ; ; ; ;12;392,764439360973
3373094;1;1;2;2;68; ;2; ; ;1;2; ; ;1; ;12;403,487340186065
3373094;1;2;1; ; ; ; ; ; ; ; ; ; ; ; ;12;403,487340186065
3373095;1;1;2;2;68; ;2; ; ;1;2; ; ;1; ;12;394,964859475496
3373095;1;2;1; ; ; ; ; ; ; ; ; ; ; ; ;12;394,964859475496
3373096;1;1;1; ; ; ; ; ; ; ; ; ; ; ; ;12;972,46440047609
3373096;1;2;1; ; ; ; ; ; ; ; ; ; ; ; ;12;972,46440047609
3373097;1;1;1; ; ; ; ; ; ; ; ; ; ; ; ;12;952,419179344516
3373097;1;2;2;2;05; ;2; ; ;1;2; ; ;1; ;12;952,419179344516
3373097;1;3;2;2;05; ;2; ; ;1;2; ; ;1; ;12;952,419179344516
3373097;1;4;2;1; ; ;2; ; ;1;2; ; ;1; ;12;952,419179344516
3373098;1;1;2;2;52; ;2; ; ;1;2; ; ;1; ;12;859,123603554493
3373098;1;2;1; ; ; ; ; ; ; ; ; ; ; ; ;12;859,123603554493
3373098;1;3;2;1; ; ;3;52; ;2;2; ; ;1; ;12;859,123603554493
3373098;1;4;2;1; ; ;3;52; ;2;2; ; ;1; ;12;859,123603554493
3373098;1;5;1; ; ; ; ; ; ; ; ; ; ; ; ;12;859,123603554493
3373099;1;1;1; ; ; ; ; ; ; ; ; ; ; ; ;12;1321,38343071267
3373099;1;2;2;2;05; ;2; ; ;1;2; ; ;1; ;12;1321,38343071267
3373099;1;3;1; ; ; ; ; ; ; ; ; ; ; ; ;12;1321,38343071267
3373100;1;1;2;2;05; ;2; ; ;1;2; ; ;1; ;12;949,676572780353
3373100;1;2;1; ; ; ; ; ; ; ; ; ; ; ; ;12;949,676572780353
3373104;1;1;2;2;68; ;2; ; ;1;2; ; ;1; ;12;548,492026590035
3373104;1;2;2;2;68; ;2; ; ;1;2; ; ;1; ;12;548,492026590035
3373104;1;3;2;2;08; ;2; ; ;1;2; ; ;1; ;12;548,492026590035
3373104;1;4;2;2;08; ;2; ; ;1;2; ; ;1; ;12;548,492026590035
3373104;1;5;2;2;08; ;2; ; ;1;2; ; ;1; ;12;548,492026590035
3373105;1;1;2;2;68; ;3;68; ;1;2; ; ;1; ;12;607,721693216364
3373105;1;2;2;2;68; ;3;68; ;1;2; ; ;1; ;12;607,721693216364
3373105;1;3;2;2;68; ;3;68; ;1;2; ; ;1; ;12;607,721693216364
3373105;1;4;2;2;68; ;3;68; ;1;2; ; ;1; ;12;607,721693216364
3373105;1;5;1; ; ; ; ; ; ; ; ; ; ; ; ;12;607,721693216364
3373105;1;6;2;2;68; ;3;68; ;1;2; ; ;1; ;12;607,721693216364
3373106;1;1;1; ; ; ; ; ; ; ; ; ; ; ; ;12;1077,03368966246
3373106;1;2;2;2;68; ;2; ; ;1;2; ; ;1; ;12;1077,03368966246
3373106;1;3;1; ; ; ; ; ; ; ; ; ; ; ; ;12;1077,03368966246
3373106;1;4;1; ; ; ; ; ; ; ; ; ; ; ; ;12;1077,03368966246
3373107;1;1;2;2;47; ;2; ; ;1;2; ; ;1; ;12;1178,29331808292
3373107;1;2;2;1; ; ;2; ; ;1;2; ; ;1; ;12;1178,29331808292
3373107;1;3;2;1; ; ;2; ; ;1;2; ; ;1; ;12;1178,29331808292
3373108;1;1;2;2;68; ;3;68; ;1;2; ; ;1; ;12;1570,74399448565
3373108;1;2;2;2;68; ;2; ; ;1;2; ; ;1; ;12;1570,74399448565
3373108;1;3;1; ; ; ; ; ; ; ; ; ; ; ; ;12;1570,74399448565
3373109;1;1;2;2;68; ;2; ; ;1;2; ; ;1; ;12;628,120179601624
3373109;1;2;2;2;54; ;2; ; ;1;2; ; ;1; ;12;628,120179601624
3373109;1;3;2;2;68; ;3;68; ;1;2; ; ;1; ;12;628,120179601624
3373110;1;1;2;2;68; ;2; ; ;1;2; ; ;1; ;12;442,073553317015
3373110;1;2;2;2;13; ;2; ; ;1;2; ; ;1; ;12;442,073553317015
3373111;1;1;2;2;68; ;2; ; ;1;2; ; ;1; ;12;292,94611909889
3373111;1;2;2;2;68; ;2; ; ;1;2; ; ;1; ;12;292,94611909889
3373111;1;3;2;2;68; ;2; ; ;1;2; ; ;1; ;12;292,94611909889
3373111;1;4;2;2;68; ;2; ; ;1;2; ; ;1; ;12;292,94611909889
3373111;1;5;1; ; ; ; ; ; ; ; ; ; ; ; ;12;292,94611909889
3373112;1;1;2;2;68; ;3;68; ;1;2; ; ;1; ;12;406,837740388516
3373112;1;2;2;2;68; ;3;68; ;1;2; ; ;1; ;12;406,837740388516
3373112;1;3;2;2;68; ;3;68; ;1;2; ; ;1; ;12;406,837740388516
3373112;1;4;2;2;68; ;3;68; ;1;2; ; ;1; ;12;406,837740388516
3373112;1;5;2;2;68; ;3;68; ;1;2; ; ;1; ;12;406,837740388516
3373113;1;1;2;2;68; ;2; ; ;1;2; ; ;1; ;12;267,109121720372
3373113;1;2;2;2;68; ;2; ; ;1;2; ; ;1; ;12;267,109121720372
3373114;1;1;2;2;68; ;2; ; ;1;2; ; ;1; ;12;433,719349284887
3373114;1;2;1; ; ; ; ; ; ; ; ; ; ; ; ;12;433,719349284887
3373114;1;3;1; ; ; ; ; ; ; ; ; ; ; ; ;12;433,719349284887
3373114;1;4;1; ; ; ; ; ; ; ; ; ; ; ; ;12;433,719349284887
3373114;1;5;1; ; ; ; ; ; ; ; ; ; ; ; ;12;433,719349284887
3373114;1;6;1; ; ; ; ; ; ; ; ; ; ; ; ;12;433,719349284887
3373115;1;1;2;2;54; ;3;68; ;1;2; ; ;1; ;12;600,065793233201
3373115;1;2;2;2;68; ;3;68; ;1;2; ; ;1; ;12;600,065793233201
3373115;1;3;2;2;68; ;3;68; ;1;2; ; ;1; ;12;600,065793233201
3373115;1;4;2;2;68; ;2; ; ;1;2; ; ;1; ;12;600,065793233201
3373116;1;1;2;2;68; ;3;68; ;1;2; ; ;1; ;12;519,657844472354
3373116;1;2;2;2;68; ;3;68; ;1;2; ; ;1; ;12;519,657844472354
3373116;1;3;2;1; ; ;3;68; ;1;2; ; ;1; ;12;519,657844472354
3373117;1;1;2;2;68; ;2; ; ;1;2; ; ;1; ;12;400,832965517385
3373117;1;2;1; ; ; ; ; ; ; ; ; ; ; ; ;12;400,832965517385
3373117;1;3;2;2;68; ;3;68; ;1;2; ; ;1; ;12;400,832965517385
3373117;1;4;2;2;68; ;2; ; ;1;2; ; ;1; ;12;400,832965517385
3373117;1;5;2;2;68; ;2; ; ;1;2; ; ;1; ;12;400,832965517385
3373118;1;1;2;2;68; ;2; ; ;1;2; ; ;1; ;12;424,962858604557
3373118;1;2;2;2;54; ;2; ; ;1;2; ; ;1; ;12;424,962858604557
3373118;1;3;1; ; ; ; ; ; ; ; ; ; ; ; ;12;424,962858604557
3373118;1;4;1; ; ; ; ; ; ; ; ; ; ; ; ;12;424,962858604557
3373118;1;5;1; ; ; ; ; ; ; ; ; ; ; ; ;12;424,962858604557
3373122;1;1;2;2;68; ;2; ; ;1;2; ; ;1; ;12;514,78182896572
3373122;1;2;2;2;68; ;2; ; ;1;2; ; ;1; ;12;514,78182896572
3373122;1;3;2;2;68; ;2; ; ;1;2; ; ;1; ;12;514,78182896572
3373122;1;4;2;2;68; ;2; ; ;1;2; ; ;1; ;12;514,78182896572
3373123;1;1;2;2;68; ;2; ; ;1;2; ; ;1; ;12;433,230277658537
3373123;1;2;1; ; ; ; ; ; ; ; ; ; ; ; ;12;433,230277658537
3373123;1;3;1; ; ; ; ; ; ; ; ; ; ; ; ;12;433,230277658537
3373123;1;4;1; ; ; ; ; ; ; ; ; ; ; ; ;12;433,230277658537
3373123;2;1;2;2;68; ;2; ; ;1;2; ; ;1; ;12;433,230277658537
3373123;2;2;1; ; ; ; ; ; ; ; ; ; ; ; ;12;433,230277658537
3373124;1;1;2;2;68; ;2; ; ;1;2; ; ;1; ;12;481,071631341404
3373124;1;2;2;2;68; ;2; ; ;1;2; ; ;1; ;12;481,071631341404
3373124;1;3;2;2;68; ;2; ; ;1;2; ; ;1; ;12;481,071631341404
3373125;1;1;2;2;68; ;2; ; ;1;2; ; ;1; ;12;1483,78691209937
3373125;1;2;2;1; ; ;2; ; ;1;2; ; ;1; ;12;1483,78691209937
3373125;1;3;2;1; ; ;2; ; ;1;2; ; ;1; ;12;1483,78691209937
3373125;1;4;1; ; ; ; ; ; ; ; ; ; ; ; ;12;1483,78691209937
3373125;1;5;2;1; ; ;2; ; ;1;2; ; ;1; ;12;1483,78691209937
3373125;1;6;2;2;20; ;2; ; ;1;2; ; ;1; ;12;1483,78691209937
3373125;1;7;1; ; ; ; ; ; ; ; ; ; ; ; ;12;1483,78691209937
3373125;1;8;2;1; ; ;3;68; ;1;2; ; ;1; ;12;1483,78691209937
3373126;1;1;2;2;68; ;2; ; ;1;2; ; ;1; ;12;1326,22065995104
3373126;1;2;2;2;05; ;2; ; ;1;2; ; ;1; ;12;1326,22065995104
3373127;1;1;2;2;68; ;2; ; ;1;2; ; ;1; ;12;1227,42945432587
3373127;1;2;2;2;68; ;2; ; ;1;2; ; ;1; ;12;1227,42945432587
3373127;1;3;2;2;68; ;2; ; ;1;2; ; ;1; ;12;1227,42945432587
3373127;1;4;2;1; ; ;2; ; ;1;2; ; ;1; ;12;1227,42945432587
3373128;1;1;2;2;68; ;2; ; ;1;2; ; ;1; ;12;434,373880204873
3373128;1;2;2;1; ; ;2; ; ;1;2; ; ;1; ;12;434,373880204873
3373128;1;3;1; ; ; ; ; ; ; ; ; ; ; ; ;12;434,373880204873
3373129;1;1;2;2;68; ;2; ; ;1;2; ; ;1; ;12;442,073553317015
3373129;1;2;2;2;68; ;2; ; ;1;2; ; ;1; ;12;442,073553317015
3373130;1;1;2;2;68; ;2; ; ;1;2; ; ;1; ;12;558,435131665869
3373131;1;1;2;2;20; ;2; ; ;1;2; ; ;1; ;12;556,412490533051
3373131;1;2;1; ; ; ; ; ; ; ; ; ; ; ; ;12;556,412490533051
3373131;1;3;1; ; ; ; ; ; ; ; ; ; ; ; ;12;556,412490533051
3373131;1;4;1; ; ; ; ; ; ; ; ; ; ; ; ;12;556,412490533051
3373131;1;5;1; ; ; ; ; ; ; ; ; ; ; ; ;12;556,412490533051
3373131;1;6;2;2;68; ;3;68; ;1;2; ; ;1; ;12;556,412490533051
3373131;1;7;2;2;68; ;2; ; ;1;2; ; ;1; ;12;556,412490533051
3373132;1;1;2;2;68; ;2; ; ;1;2; ; ;1; ;12;449,094002928694
3373132;1;2;2;2;68; ;2; ; ;1;2; ; ;1; ;12;449,094002928694
3373132;1;3;2;2;68; ;2; ; ;1;2; ; ;1; ;12;449,094002928694
3373132;1;4;2;2;68; ;2; ; ;1;2; ; ;1; ;12;449,094002928694
3373133;1;1;2;2;68; ;2; ; ;1;2; ; ;1; ;12;1303,12164061462
3373133;1;2;1; ; ; ; ; ; ; ; ; ; ; ; ;12;1303,12164061462
3373133;1;3;1; ; ; ; ; ; ; ; ; ; ; ; ;12;1303,12164061462
3373134;1;1;2;2;68; ;2; ; ;1;2; ; ;1; ;12;467,304282079931
3373135;1;1;1; ; ; ; ; ; ; ; ; ; ; ; ;12;1286,15420684694
3373136;1;1;2;2;68; ;2; ; ;1;2; ; ;1; ;12;1295,28755215609
3373136;1;2;2;2;11; ;2; ; ;1;2; ; ;1; ;12;1295,28755215609
3373136;1;3;2;2;11; ;2; ; ;1;2; ; ;1; ;12;1295,28755215609
3373136;2;1;2;1; ; ;2; ; ;1;2; ; ;1; ;12;1295,28755215609
3373137;1;1;2;2;68; ;2; ; ;1;2; ; ;1; ;12;1794,04030599622
3373137;1;2;2;2;68; ;2; ; ;1;2; ; ;1; ;12;1794,04030599622
3373137;1;3;1; ; ; ; ; ; ; ; ; ; ; ; ;12;1794,04030599622
3373137;1;4;1; ; ; ; ; ; ; ; ; ; ; ; ;12;1794,04030599622
3373137;1;5;1; ; ; ; ; ; ; ; ; ; ; ; ;12;1794,04030599622
3373138;1;1;1; ; ; ; ; ; ; ; ; ; ; ; ;12;428,718068948981
3373139;1;1;2;2;68; ;2; ; ;1;2; ; ;1; ;12;509,126017709828
3373139;1;2;2;2;68; ;2; ; ;1;2; ; ;1; ;12;509,126017709828
3373140;1;1;2;2;68; ;2; ; ;1;2; ; ;1; ;12;442,073553317015
3373140;1;2;2;2;68; ;2; ; ;1;2; ; ;1; ;12;442,073553317015
3373141;1;1;2;2;68; ;2; ; ;1;2; ; ;1; ;12;364,710052992549
3373141;1;2;2;2;68; ;2; ; ;1;2; ; ;1; ;12;364,710052992549
3373141;1;3;2;2;68; ;2; ; ;1;2; ; ;1; ;12;364,710052992549
3373141;1;4;1; ; ; ; ; ; ; ; ; ; ; ; ;12;364,710052992549
3373142;1;1;1; ; ; ; ; ; ; ; ; ; ; ; ;12;1242,05750084577
3373142;1;2;1; ; ; ; ; ; ; ; ; ; ; ; ;12;1242,05750084577
3373142;1;3;1; ; ; ; ; ; ; ; ; ; ; ; ;12;1242,05750084577
3373143;1;1;2;2;68; ;2; ; ;1;2; ; ;1; ;12;1303,75852497261
3373143;1;2;2;2;68; ;2; ; ;1;2; ; ;1; ;12;1303,75852497261
3373143;1;3;1; ; ; ; ; ; ; ; ; ; ; ; ;12;1303,75852497261
3373143;1;4;2;1; ; ;3;68; ;1;2; ; ;1; ;12;1303,75852497261
3373144;1;1;1; ; ; ; ; ; ; ; ; ; ; ; ;12;509,126017709828
3373144;1;2;2;2;68; ;2; ; ;1;2; ; ;1; ;12;509,126017709828
3373145;1;1;1; ; ; ; ; ; ; ; ; ; ; ; ;12;427,574466402645
3373145;1;2;2;2;54; ;2; ; ;1;2; ; ;1; ;12;427,574466402645
3373145;1;3;1; ; ; ; ; ; ; ; ; ; ; ; ;12;427,574466402645
3373145;1;4;1; ; ; ; ; ; ; ; ; ; ; ; ;12;427,574466402645
3373146;1;1;2;2;68; ;2; ; ;1;2; ; ;1; ;12;298,21228124528
3373146;1;2;2;2;68; ;2; ; ;1;2; ; ;1; ;12;298,21228124528
3373146;1;3;1; ; ; ; ; ; ; ; ; ; ; ; ;12;298,21228124528
3373146;1;4;1; ; ; ; ; ; ; ; ; ; ; ; ;12;298,21228124528
3373147;1;1;1; ; ; ; ; ; ; ; ; ; ; ; ;12;229,703273229141
3373147;1;2;1; ; ; ; ; ; ; ; ; ; ; ; ;12;229,703273229141
3373147;1;3;1; ; ; ; ; ; ; ; ; ; ; ; ;12;229,703273229141
3373147;1;4;1; ; ; ; ; ; ; ; ; ; ; ; ;12;229,703273229141
3373148;1;1;2;2;68; ;2; ; ;1;2; ; ;1; ;12;533,181850497405
3373148;1;2;2;2;68; ;2; ; ;1;2; ; ;1; ;12;533,181850497405
3373148;1;3;1; ; ; ; ; ; ; ; ; ; ; ; ;12;533,181850497405
3373148;1;4;1; ; ; ; ; ; ; ; ; ; ; ; ;12;533,181850497405
3373148;1;5;1; ; ; ; ; ; ; ; ; ; ; ; ;12;533,181850497405
3373148;1;6;1; ; ; ; ; ; ; ; ; ; ; ; ;12;533,181850497405
3373148;1;7;1; ; ; ; ; ; ; ; ; ; ; ; ;12;533,181850497405
3373148;1;8;1; ; ; ; ; ; ; ; ; ; ; ; ;12;533,181850497405
3373149;1;1;1; ; ; ; ; ; ; ; ; ; ; ; ;12;367,711489579761
3373149;1;2;1; ; ; ; ; ; ; ; ; ; ; ; ;12;367,711489579761
3373149;1;3;1; ; ; ; ; ; ; ; ; ; ; ; ;12;367,711489579761
3373149;1;4;1; ; ; ; ; ; ; ; ; ; ; ; ;12;367,711489579761
3373149;2;1;2;2;68; ;2; ; ;1;2; ; ;1; ;12;367,711489579761
3373149;2;2;1; ; ; ; ; ; ; ; ; ; ; ; ;12;367,711489579761
3373149;2;3;1; ; ; ; ; ; ; ; ; ; ; ; ;12;367,711489579761
3373149;2;4;1; ; ; ; ; ; ; ; ; ; ; ; ;12;367,711489579761
3373149;2;5;1; ; ; ; ; ; ; ; ; ; ; ; ;12;367,711489579761
3373150;1;1;2;2;68; ;2; ; ;1;2; ; ;1; ;12;403,487340186065
3373150;1;2;1; ; ; ; ; ; ; ; ; ; ; ; ;12;403,487340186065
3373151;1;1;2;2;68; ;2; ; ;1;2; ; ;1; ;12;332,268744589824
3373151;1;2;1; ; ; ; ; ; ; ; ; ; ; ; ;12;332,268744589824
3373151;1;3;1; ; ; ; ; ; ; ; ; ; ; ; ;12;332,268744589824
3373152;1;1;2;2;68; ;2; ; ;1;2; ; ;1; ;12;1253,98550437167
3373152;1;2;2;2;68; ;2; ; ;1;2; ; ;1; ;12;1253,98550437167
3373153;1;1;2;2;68; ;2; ; ;1;2; ; ;1; ;12;467,261270230762
3373153;1;2;1; ; ; ; ; ; ; ; ; ; ; ; ;12;467,261270230762
3373153;1;3;1; ; ; ; ; ; ; ; ; ; ; ; ;12;467,261270230762
3373154;1;1;1; ; ; ; ; ; ; ; ; ; ; ; ;12;542,793203484974
3373154;1;2;2;2;54; ;2; ; ;1;2; ; ;1; ;12;542,793203484974
3373154;1;3;1; ; ; ; ; ; ; ; ; ; ; ; ;12;542,793203484974
3373154;1;4;1; ; ; ; ; ; ; ; ; ; ; ; ;12;542,793203484974
3373154;1;5;1; ; ; ; ; ; ; ; ; ; ; ; ;12;542,793203484974
3373155;1;1;2;2;20; ;2; ; ;1;2; ; ;1; ;12;543,282275111323
3373155;1;2;1; ; ; ; ; ; ; ; ; ; ; ; ;12;543,282275111323
3373155;1;3;1; ; ; ; ; ; ; ; ; ; ; ; ;12;543,282275111323
3373155;1;4;1; ; ; ; ; ; ; ; ; ; ; ; ;12;543,282275111323
3373155;1;5;1; ; ; ; ; ; ; ; ; ; ; ; ;12;543,282275111323
3373158;1;1;2;2;68; ;2; ; ;1;2; ; ;1; ;12;496,627535823961
3373158;1;2;1; ; ; ; ; ; ; ; ; ; ; ; ;12;496,627535823961
3373158;1;3;1; ; ; ; ; ; ; ; ; ; ; ; ;12;496,627535823961
3373159;1;1;1; ; ; ; ; ; ; ; ; ; ; ; ;12;580,171087036654
3373159;1;2;2;2;68; ;2; ; ;1;2; ; ;1; ;12;580,171087036654
3373159;1;3;1; ; ; ; ; ; ; ; ; ; ; ; ;12;580,171087036654
3373159;1;4;1; ; ; ; ; ; ; ; ; ; ; ; ;12;580,171087036654
3373159;1;5;2;2;68; ;2; ; ;1;2; ; ;1; ;12;580,171087036654
3373159;1;6;1; ; ; ; ; ; ; ; ; ; ; ; ;12;580,171087036654
3373159;2;1;1; ; ; ; ; ; ; ; ; ; ; ; ;12;580,171087036654
3373159;3;1;1; ; ; ; ; ; ; ; ; ; ; ; ;12;580,171087036654
3373159;4;1;1; ; ; ; ; ; ; ; ; ; ; ; ;12;580,171087036654
3373159;4;2;2;2;68; ;2; ; ;1;2; ; ;1; ;12;580,171087036654
3373160;1;1;2;2;68; ;2; ; ;1;2; ; ;1; ;12;557,291529119534
3373160;1;2;2;2;68; ;2; ; ;1;2; ; ;1; ;12;557,291529119534
3373160;1;3;1; ; ; ; ; ; ; ; ; ; ; ; ;12;557,291529119534
3373160;1;4;1; ; ; ; ; ; ; ; ; ; ; ; ;12;557,291529119534
3373161;1;1;2;2;68; ;2; ; ;1;2; ; ;1; ;12;551,315684195542
3373161;1;2;2;2;68; ;2; ; ;1;2; ; ;1; ;12;551,315684195542
3373161;1;3;2;2;68; ;2; ; ;1;2; ; ;1; ;12;551,315684195542
3373161;1;4;2;2;68; ;2; ; ;1;2; ; ;1; ;12;551,315684195542
3373161;1;5;2;2;68; ;3;68; ;2;2; ; ;1; ;12;551,315684195542
3373162;1;1;2;2;68; ;2; ; ;1;2; ; ;1; ;12;481,071631341404
3373162;1;2;2;2;20; ;2; ; ;1;2; ; ;1; ;12;481,071631341404
3373162;1;3;2;2;47; ;2; ; ;1;2; ; ;1; ;12;481,071631341404
3373163;1;1;2;2;68; ;3;08; ;1;2; ; ;1; ;12;481,759595865322
3373163;1;2;2;2;05; ;3;08; ;1;2; ; ;1; ;12;481,759595865322
3373164;1;1;2;2;11; ;3;68; ;1;2; ; ;1; ;12;387,888423854338
3373164;1;2;2;2;68; ;3;68; ;1;2; ; ;1; ;12;387,888423854338
3373164;1;3;2;2;11; ;3;68; ;1;2; ; ;1; ;12;387,888423854338
3373164;1;4;2;2;68; ;3;68; ;1;3;68; ;1; ;12;387,888423854338
3373165;1;1;2;2;68; ;2; ; ;1;2; ; ;1; ;12;475,372808236343
3373165;1;2;2;2;54; ;3;68; ;1;2; ; ;1; ;12;475,372808236343
3373165;1;3;2;2;68; ;1; ; ; ;2; ; ;1; ;12;475,372808236343
3373166;1;1;2;2;68; ;2; ; ;1;2; ; ;1; ;12;441,576586913689
3373166;1;2;2;2;68; ;2; ; ;1;2; ; ;1; ;12;441,576586913689
3373166;1;3;2;2;68; ;2; ; ;1;2; ; ;1; ;12;441,576586913689
3373166;1;4;2;2;68; ;2; ; ;1;2; ; ;1; ;12;441,576586913689
3373166;1;5;1; ; ; ; ; ; ; ; ; ; ; ; ;12;441,576586913689
3373166;1;6;1; ; ; ; ; ; ; ; ; ; ; ; ;12;441,576586913689
3373167;1;1;2;2;68; ;3;76; ;1;2; ; ;1; ;12;495,526945126795
3373167;1;2;2;2;76; ;3;76; ;1;2; ; ;1; ;12;495,526945126795
3373167;1;3;2;2;68; ;3;76; ;1;2; ; ;1; ;12;495,526945126795
3373167;1;4;2;2;76; ;3;76; ;1;2; ; ;1; ;12;495,526945126795
3373168;1;1;2;2;54; ;2; ; ;1;2; ; ;1; ;12;448,006386391837
3373168;1;2;2;2;68; ;2; ; ;1;2; ; ;1; ;12;448,006386391837
3373168;1;3;2;2;68; ;2; ; ;1;2; ; ;1; ;12;448,006386391837
3373169;1;1;2;2;68; ;2; ; ;1;2; ; ;1; ;12;442,073553317015
3373169;1;2;2;2;68; ;2; ; ;1;2; ; ;1; ;12;442,073553317015
3373170;1;1;2;2;68; ;2; ; ;1;2; ; ;1; ;12;449,92978468743
3373170;1;2;1; ; ; ; ; ; ; ; ; ; ; ; ;12;449,92978468743
3373170;1;3;1; ; ; ; ; ; ; ; ; ; ; ; ;12;449,92978468743
3373171;1;1;2;2;68; ;2; ; ;1;2; ; ;1; ;12;481,071631341404
3373171;1;2;2;2;68; ;2; ; ;1;2; ; ;1; ;12;481,071631341404
3373171;1;3;2;2;68; ;2; ; ;1;2; ; ;1; ;12;481,071631341404
3373172;1;1;2;2;68; ;2; ; ;1;2; ; ;1; ;12;522,481502077861
3373172;1;2;2;2;54; ;2; ; ;1;2; ; ;1; ;12;522,481502077861
3373172;1;3;1; ; ; ; ; ; ; ; ; ; ; ; ;12;522,481502077861
3373173;1;1;1; ; ; ; ; ; ; ; ; ; ; ; ;12;475,329796387174
3373173;1;2;1; ; ; ; ; ; ; ; ; ; ; ; ;12;475,329796387174
3373173;1;3;1; ; ; ; ; ; ; ; ; ; ; ; ;12;475,329796387174
3373173;1;4;1; ; ; ; ; ; ; ; ; ; ; ; ;12;475,329796387174
3373173;1;5;1; ; ; ; ; ; ; ; ; ; ; ; ;12;475,329796387174
3373174;1;1;1; ; ; ; ; ; ; ; ; ; ; ; ;12;509,126017709828
3373174;1;2;1; ; ; ; ; ; ; ; ; ; ; ; ;12;509,126017709828
3373175;1;1;1; ; ; ; ; ; ; ; ; ; ; ; ;12;576,546412958459
3373175;1;2;2;2;68; ;2; ; ;1;2; ; ;1; ;12;576,546412958459
3373175;1;3;1; ; ; ; ; ; ; ; ; ; ; ; ;12;576,546412958459
3373175;1;4;1; ; ; ; ; ; ; ; ; ; ; ; ;12;576,546412958459
3373176;1;1;2;2;68; ;2; ; ;1;2; ; ;1; ;12;543,692456536501
3373176;1;2;1; ; ; ; ; ; ; ; ; ; ; ; ;12;543,692456536501
3373176;1;3;1; ; ; ; ; ; ; ; ; ; ; ; ;12;543,692456536501
3373176;1;4;1; ; ; ; ; ; ; ; ; ; ; ; ;12;543,692456536501
3373176;1;5;2;1; ; ;2; ; ;1;3;20; ;1; ;12;543,692456536501
3373176;1;6;1; ; ; ; ; ; ; ; ; ; ; ; ;12;543,692456536501
3373177;1;1;2;2;68; ;2; ; ;1;2; ; ;1; ;12;481,071631341404
3373177;1;2;2;2;68; ;2; ; ;1;2; ; ;1; ;12;481,071631341404
3373177;1;3;1; ; ; ; ; ; ; ; ; ; ; ; ;12;481,071631341404
3373178;1;1;1; ; ; ; ; ; ; ; ; ; ; ; ;12;509,126017709828
3373178;1;2;1; ; ; ; ; ; ; ; ; ; ; ; ;12;509,126017709828
3373180;1;1;2;2;68; ;2; ; ;1;2; ; ;1; ;12;487,680216059644
3373180;1;2;2;2;68; ;2; ; ;1;2; ; ;1; ;12;487,680216059644
3373180;2;1;2;2;68; ;1; ; ; ;2; ; ;1; ;12;487,680216059644
3373180;3;1;2;2;68; ;2; ; ;1;2; ; ;1; ;12;487,680216059644
3373181;1;1;2;2;68; ;2; ; ;1;2; ; ;1; ;12;527,237299002417
3373181;1;2;1; ; ; ; ; ; ; ; ; ; ; ; ;12;527,237299002417
3373181;1;3;1; ; ; ; ; ; ; ; ; ; ; ; ;12;527,237299002417
3373181;2;1;2;2;68; ;2; ; ;1;2; ; ;1; ;12;527,237299002417
3373181;2;2;1; ; ; ; ; ; ; ; ; ; ; ; ;12;527,237299002417
3373182;1;1;2;2;68; ;2; ; ;1;2; ; ;1; ;12;475,372808236343
3373182;1;2;2;2;68; ;2; ; ;1;2; ; ;1; ;12;475,372808236343
3373182;1;3;1; ; ; ; ; ; ; ; ; ; ; ; ;12;475,372808236343
3373183;1;1;2;2;68; ;2; ; ;1;2; ; ;1; ;12;559,291372868227
3373183;1;2;1; ; ; ; ; ; ; ; ; ; ; ; ;12;559,291372868227
3373183;1;3;1; ; ; ; ; ; ; ; ; ; ; ; ;12;559,291372868227
3373183;1;4;1; ; ; ; ; ; ; ; ; ; ; ; ;12;559,291372868227
3373184;1;1;2;2;68; ;2; ; ;1;2; ; ;1; ;12;522,481502077861
3373184;1;2;2;2;41; ;2; ; ;1;2; ; ;1; ;12;522,481502077861
3373184;1;3;1; ; ; ; ; ; ; ; ; ; ; ; ;12;522,481502077861
3373185;1;1;2;2;11; ;2; ; ;1;2; ; ;1; ;12;403,487340186065
3373185;1;2;2;2;11; ;2; ; ;1;2; ; ;1; ;12;403,487340186065
3373186;1;1;2;2;68; ;2; ; ;1;2; ; ;1; ;12;466,285944362866
3373186;2;1;2;2;68; ;2; ; ;1;2; ; ;1; ;12;466,285944362866
3373186;2;2;2;2;68; ;3;68; ;1;2; ; ;1; ;12;466,285944362866
3373186;2;3;1; ; ; ; ; ; ; ; ; ; ; ; ;12;466,285944362866
3373186;3;1;2;2;68; ;2; ; ;1;2; ; ;1; ;12;466,285944362866
3373186;3;2;2;2;68; ;3;68; ;1;3;68; ;1; ;12;466,285944362866
3373186;3;3;1; ; ; ; ; ; ; ; ; ; ; ; ;12;466,285944362866
3373186;4;1;2;2;68; ;3;68; ;1;2; ; ;1; ;12;466,285944362866
3373186;4;2;2;2;68; ;3;68; ;1;2; ; ;1; ;12;466,285944362866
3373186;4;3;2;2;68; ;1; ; ; ;3;68; ;1; ;12;466,285944362866
3373187;1;1;2;2;68; ;3;68; ;1;2; ; ;1; ;12;525,525950514243
3373187;1;2;2;2;68; ;3;68; ;1;2; ; ;1; ;12;525,525950514243
3373187;1;3;2;2;68; ;3;68; ;1;2; ; ;1; ;12;525,525950514243
3373187;1;4;2;2;68; ;2; ; ;1;2; ; ;1; ;12;525,525950514243
3373187;1;5;2;2;68; ;3;68; ;1;2; ; ;1; ;12;525,525950514243
3373187;2;1;2;2;20; ;3;20; ;1;2; ; ;1; ;12;525,525950514243
3373188;1;1;2;2;68; ;2; ; ;1;2; ; ;1; ;12;423,598465227347
3373188;1;2;2;2;68; ;2; ; ;1;2; ; ;1; ;12;423,598465227347
3373188;1;3;2;2;68; ;2; ; ;1;4; ;3; ;1;12;423,598465227347
3373188;1;4;2;2;68; ;2; ; ;1;4; ;3; ;1;12;423,598465227347
3373188;1;5;2;2;68; ;1; ; ; ;4; ;3; ;1;12;423,598465227347
3373189;1;1;2;1; ; ;3;68; ;1;3;68; ;1; ;12;483,682994160915
3373189;1;2;2;2;68; ;2; ; ;1;2; ; ;1; ;12;483,682994160915
3373190;1;1;2;2;68; ;2; ; ;1;2; ; ;1; ;12;511,082849609352
3373190;1;2;1; ; ; ; ; ; ; ; ; ; ; ; ;12;511,082849609352
3373190;1;3;1; ; ; ; ; ; ; ; ; ; ; ; ;12;511,082849609352
3373190;1;4;1; ; ; ; ; ; ; ; ; ; ; ; ;12;511,082849609352
3373191;1;1;2;2;68; ;2; ; ;1;2; ; ;1; ;12;567,135391358143
3373191;1;2;2;2;68; ;2; ; ;1;2; ; ;1; ;12;567,135391358143
3373191;1;3;1; ; ; ; ; ; ; ; ; ; ; ; ;12;567,135391358143
3373191;1;4;1; ; ; ; ; ; ; ; ; ; ; ; ;12;567,135391358143
3373191;1;5;1; ; ; ; ; ; ; ; ; ; ; ; ;12;567,135391358143
3373191;1;6;1; ; ; ; ; ; ; ; ; ; ; ; ;12;567,135391358143
3373192;1;1;2;2;68; ;2; ; ;1;2; ; ;1; ;12;462,428266573297
3373192;1;2;2;1; ; ;2; ; ;1;2; ; ;1; ;12;462,428266573297
3373193;1;1;2;2;68; ;2; ; ;1;2; ; ;1; ;12;434,373880204873
3373193;1;2;1; ; ; ; ; ; ; ; ; ; ; ; ;12;434,373880204873
3373193;1;3;1; ; ; ; ; ; ; ; ; ; ; ; ;12;434,373880204873
3373194;1;1;2;2;68; ;3;54; ;1;2; ; ;1; ;12;428,632045250642
3373194;1;2;2;1; ; ;3;54; ;1;2; ; ;1; ;12;428,632045250642
3373194;1;3;2;1; ; ;3;54; ;1;2; ; ;1; ;12;428,632045250642
3373194;1;4;2;1; ; ;3;54; ;1;2; ; ;1; ;12;428,632045250642
3373194;1;5;1; ; ; ; ; ; ; ; ; ; ; ; ;12;428,632045250642
3373195;1;1;1; ; ; ; ; ; ; ; ; ; ; ; ;12;504,058928140628
3373195;1;2;1; ; ; ; ; ; ; ; ; ; ; ; ;12;504,058928140628
3373195;1;3;1; ; ; ; ; ; ; ; ; ; ; ; ;12;504,058928140628
3373195;1;4;1; ; ; ; ; ; ; ; ; ; ; ; ;12;504,058928140628
3373195;1;5;1; ; ; ; ; ; ; ; ; ; ; ; ;12;504,058928140628
3373196;1;1;2;2;68; ;2; ; ;1;2; ; ;1; ;12;557,291529119534
3373196;1;2;2;2;68; ;2; ; ;1;2; ; ;1; ;12;557,291529119534
3373196;1;3;1; ; ; ; ; ; ; ; ; ; ; ; ;12;557,291529119534
3373196;1;4;2;2;68; ;2; ; ;1;2; ; ;1; ;12;557,291529119534
3373197;1;1;2;2;68; ;2; ; ;1;2; ; ;1; ;12;560,947496626732
3373197;1;2;2;2;68; ;2; ; ;1;2; ; ;1; ;12;560,947496626732
3373197;1;3;2;2;68; ;2; ; ;1;2; ; ;1; ;12;560,947496626732
3373197;1;4;2;2;68; ;2; ; ;1;2; ; ;1; ;12;560,947496626732
3373197;1;5;2;2;68; ;2; ; ;1;2; ; ;1; ;12;560,947496626732
3373197;1;6;2;2;68; ;2; ; ;1;2; ; ;1; ;12;560,947496626732
3373198;1;1;2;2;68; ;3;68; ;1;2; ; ;1; ;12;475,372808236343
3373198;1;2;2;2;68; ;2; ; ;1;2; ; ;1; ;12;475,372808236343
3373198;1;3;1; ; ; ; ; ; ; ; ; ; ; ; ;12;475,372808236343
3373199;1;1;2;2;68; ;2; ; ;1;2; ; ;1; ;12;442,073553317015
3373199;1;2;2;2;68; ;2; ; ;1;2; ; ;1; ;12;442,073553317015
3373200;1;1;2;2;13; ;3;68; ;1;2; ; ;1; ;12;443,130370885202
3373200;1;2;2;2;13; ;3;68; ;1;2; ; ;1; ;12;443,130370885202
3373200;1;3;2;2;68; ;1; ; ; ;2; ; ;1; ;12;443,130370885202
3373200;1;4;2;2;13; ;3;13; ;2;2; ; ;1; ;12;443,130370885202
3373201;1;1;1; ; ; ; ; ; ; ; ; ; ; ; ;12;2473,89373746031
3373201;1;2;1; ; ; ; ; ; ; ; ; ; ; ; ;12;2473,89373746031
3373201;1;3;1; ; ; ; ; ; ; ; ; ; ; ; ;12;2473,89373746031
3373201;1;4;1; ; ; ; ; ; ; ; ; ; ; ; ;12;2473,89373746031
3373201;1;5;1; ; ; ; ; ; ; ; ; ; ; ; ;12;2473,89373746031
3373201;1;6;2;2;05; ;2; ; ;1;2; ; ;1; ;12;2473,89373746031
3373201;1;7;2;2;05; ;2; ; ;1;2; ; ;1; ;12;2473,89373746031
3373201;1;8;2;1; ; ;2; ; ;1;2; ; ;1; ;12;2473,89373746031
3373201;1;9;2;2;05; ;2; ; ;1;2; ; ;1; ;12;2473,89373746031
3373201;1;10;2;2;05; ;2; ; ;1;2; ; ;1; ;12;2473,89373746031
3373201;1;11;1; ; ; ; ; ; ; ; ; ; ; ; ;12;2473,89373746031
3373201;1;12;1; ; ; ; ; ; ; ; ; ; ; ; ;12;2473,89373746031
3373201;1;13;1; ; ; ; ; ; ; ; ; ; ; ; ;12;2473,89373746031
3373201;1;14;1; ; ; ; ; ; ; ; ; ; ; ; ;12;2473,89373746031
3373201;1;15;1; ; ; ; ; ; ; ; ; ; ; ; ;12;2473,89373746031
3373201;1;16;1; ; ; ; ; ; ; ; ; ; ; ; ;12;2473,89373746031
3373201;1;17;1; ; ; ; ; ; ; ; ; ; ; ; ;12;2473,89373746031
3373201;1;18;1; ; ; ; ; ; ; ; ; ; ; ; ;12;2473,89373746031
3373202;1;1;2;2;70; ;2; ; ;2;2; ; ;2; ;12;551,527874273227
3373202;1;2;1; ; ; ; ; ; ; ; ; ; ; ; ;12;551,527874273227
3373202;1;3;1; ; ; ; ; ; ; ; ; ; ; ; ;12;551,527874273227
3373202;1;4;1; ; ; ; ; ; ; ; ; ; ; ; ;12;551,527874273227
3373202;1;5;1; ; ; ; ; ; ; ; ; ; ; ; ;12;551,527874273227
3373202;1;6;1; ; ; ; ; ; ; ; ; ; ; ; ;12;551,527874273227
3373203;1;1;2;2;70; ;2; ; ;2;2; ; ;2; ;12;458,427647273625
3373203;1;2;2;2;70; ;2; ; ;2;2; ; ;2; ;12;458,427647273625
3373203;1;3;2;2;05; ;2; ; ;2;2; ; ;2; ;12;458,427647273625
3373203;1;4;1; ; ; ; ; ; ; ; ; ; ; ; ;12;458,427647273625
3373203;1;5;1; ; ; ; ; ; ; ; ; ; ; ; ;12;458,427647273625
3373204;1;1;2;2;70; ;2; ; ;2;2; ; ;2; ;12;453,623883798373
3373204;1;2;2;2;70; ;2; ; ;2;2; ; ;2; ;12;453,623883798373
3373204;1;3;1; ; ; ; ; ; ; ; ; ; ; ; ;12;453,623883798373
3373205;1;1;1; ; ; ; ; ; ; ; ; ; ; ; ;12;760,457771625625
3373205;1;2;1; ; ; ; ; ; ; ; ; ; ; ; ;12;760,457771625625
3373205;1;3;1; ; ; ; ; ; ; ; ; ; ; ; ;12;760,457771625625
3373206;1;1;2;2;13; ;2; ; ;2;2; ; ;2; ;12;895,229621371382
3373206;1;2;2;2;05; ;2; ; ;2;2; ; ;2; ;12;895,229621371382
3373206;1;3;1; ; ; ; ; ; ; ; ; ; ; ; ;12;895,229621371382
3373206;1;4;1; ; ; ; ; ; ; ; ; ; ; ; ;12;895,229621371382
3373207;1;1;1; ; ; ; ; ; ; ; ; ; ; ; ;12;545,228455523316
3373207;1;2;1; ; ; ; ; ; ; ; ; ; ; ; ;12;545,228455523316
3373207;1;3;1; ; ; ; ; ; ; ; ; ; ; ; ;12;545,228455523316
3373207;1;4;1; ; ; ; ; ; ; ; ; ; ; ; ;12;545,228455523316
3373208;1;1;1; ; ; ; ; ; ; ; ; ; ; ; ;12;591,819731243618
3373208;1;2;1; ; ; ; ; ; ; ; ; ; ; ; ;12;591,819731243618
3373210;1;1;1; ; ; ; ; ; ; ; ; ; ; ; ;12;680,573176467853
3373210;1;2;1; ; ; ; ; ; ; ; ; ; ; ; ;12;680,573176467853
3373210;1;3;1; ; ; ; ; ; ; ; ; ; ; ; ;12;680,573176467853
3373210;1;4;1; ; ; ; ; ; ; ; ; ; ; ; ;12;680,573176467853
3373211;1;1;1; ; ; ; ; ; ; ; ; ; ; ; ;12;784,693600698147
3373211;1;2;1; ; ; ; ; ; ; ; ; ; ; ; ;12;784,693600698147
3373211;1;3;1; ; ; ; ; ; ; ; ; ; ; ; ;12;784,693600698147
3373211;1;4;1; ; ; ; ; ; ; ; ; ; ; ; ;12;784,693600698147
3373212;1;1;1; ; ; ; ; ; ; ; ; ; ; ; ;12;1376,14643211484
3373213;1;1;2;2;70; ;2; ; ;2;2; ; ;2; ;12;750,618177483195
3373213;1;2;1; ; ; ; ; ; ; ; ; ; ; ; ;12;750,618177483195
3373213;1;3;2;2;70; ;2; ; ;2;2; ; ;2; ;12;750,618177483195
3373213;1;4;1; ; ; ; ; ; ; ; ; ; ; ; ;12;750,618177483195
3373213;1;5;1; ; ; ; ; ; ; ; ; ; ; ; ;12;750,618177483195
3373214;1;1;1; ; ; ; ; ; ; ; ; ; ; ; ;12;1239,72393787833
3373214;1;2;1; ; ; ; ; ; ; ; ; ; ; ; ;12;1239,72393787833
3373214;1;3;1; ; ; ; ; ; ; ; ; ; ; ; ;12;1239,72393787833
3373214;1;4;2;2;70; ;2; ; ;1;2; ; ;1; ;12;1239,72393787833
3373214;1;5;1; ; ; ; ; ; ; ; ; ; ; ; ;12;1239,72393787833
3373214;1;6;1; ; ; ; ; ; ; ; ; ; ; ; ;12;1239,72393787833
3373214;1;7;1; ; ; ; ; ; ; ; ; ; ; ; ;12;1239,72393787833
3373215;1;1;1; ; ; ; ; ; ; ; ; ; ; ; ;12;2511,93179114599
3373215;1;2;2;2;13; ;2; ; ;1;2; ; ;1; ;12;2511,93179114599
3373215;1;3;1; ; ; ; ; ; ; ; ; ; ; ; ;12;2511,93179114599
3373215;1;4;1; ; ; ; ; ; ; ; ; ; ; ; ;12;2511,93179114599
3373215;1;5;1; ; ; ; ; ; ; ; ; ; ; ; ;12;2511,93179114599
3373215;1;6;1; ; ; ; ; ; ; ; ; ; ; ; ;12;2511,93179114599
3373215;1;7;1; ; ; ; ; ; ; ; ; ; ; ; ;12;2511,93179114599
3373215;1;8;2;2;70; ;2; ; ;1;2; ; ;1; ;12;2511,93179114599
3373216;1;1;2;2;13; ;2; ; ;1;2; ; ;1; ;12;1072,46512265685
3373216;1;2;1; ; ; ; ; ; ; ; ; ; ; ; ;12;1072,46512265685
3373216;1;3;1; ; ; ; ; ; ; ; ; ; ; ; ;12;1072,46512265685
3373216;1;4;1; ; ; ; ; ; ; ; ; ; ; ; ;12;1072,46512265685
3373216;1;5;1; ; ; ; ; ; ; ; ; ; ; ; ;12;1072,46512265685
3373216;1;6;1; ; ; ; ; ; ; ; ; ; ; ; ;12;1072,46512265685
3373218;1;1;2;2;70; ;2; ; ;1;2; ; ;1; ;12;1716,37148289729
3373218;1;2;2;2;70; ;2; ; ;1;2; ; ;1; ;12;1716,37148289729
3373218;1;3;2;2;70; ;2; ; ;1;2; ; ;1; ;12;1716,37148289729
3373219;1;1;2;2;13; ;3;13; ;2;2; ; ;2; ;12;787,352897775284
3373219;1;2;2;2;13; ;3;13; ;2;2; ; ;2; ;12;787,352897775284
3373219;1;3;2;2;13; ;3;13; ;2;2; ; ;2; ;12;787,352897775284
3373219;1;4;2;2;13; ;1; ; ; ;2; ; ;2; ;12;787,352897775284
3373219;1;5;1; ; ; ; ; ; ; ; ; ; ; ; ;12;787,352897775284
3373220;1;1;2;2;13; ;2; ; ;2;2; ; ;2; ;12;869,381959331171
3373220;1;2;2;2;13; ;2; ; ;2;2; ; ;2; ;12;869,381959331171
3373220;1;3;1; ; ; ; ; ; ; ; ; ; ; ; ;12;869,381959331171
3373220;1;4;1; ; ; ; ; ; ; ; ; ; ; ; ;12;869,381959331171
3373220;1;5;1; ; ; ; ; ; ; ; ; ; ; ; ;12;869,381959331171
3373221;1;1;1; ; ; ; ; ; ; ; ; ; ; ; ;12;739,597649975768
3373222;1;1;2;2;47; ;2; ; ;1;2; ; ;1; ;12;1141,27242454754
3373222;1;2;2;2;05; ;2; ; ;1;2; ; ;1; ;12;1141,27242454754
3373224;1;1;1; ; ; ; ; ; ; ; ; ; ; ; ;12;963,973799363822
3373224;1;2;2;2;13; ;2; ; ;1;2; ; ;1; ;12;963,973799363822
3373224;1;3;1; ; ; ; ; ; ; ; ; ; ; ; ;12;963,973799363822
3373224;1;4;1; ; ; ; ; ; ; ; ; ; ; ; ;12;963,973799363822
3373224;1;5;1; ; ; ; ; ; ; ; ; ; ; ; ;12;963,973799363822
3373225;1;1;1; ; ; ; ; ; ; ; ; ; ; ; ;12;1362,33877156595
3373225;1;2;2;2;08; ;3;08; ;1;2; ; ;1; ;12;1362,33877156595
3373226;1;1;2;2;13; ;2; ; ;1;2; ; ;1; ;12;1872,49818771276
3373226;1;2;1; ; ; ; ; ; ; ; ; ; ; ; ;12;1872,49818771276
3373226;1;3;1; ; ; ; ; ; ; ; ; ; ; ; ;12;1872,49818771276
3373226;1;4;1; ; ; ; ; ; ; ; ; ; ; ; ;12;1872,49818771276
3373227;1;1;2;2;70; ;2; ; ;1;2; ; ;1; ;12;1641,62834657472
3373228;1;1;1; ; ; ; ; ; ; ; ; ; ; ; ;12;1362,33877156595
3373228;1;2;1; ; ; ; ; ; ; ; ; ; ; ; ;12;1362,33877156595
3373231;1;1;2;1; ; ;2; ; ;1;2; ; ;1; ;12;1141,27242454754
3373231;1;2;2;1; ; ;2; ; ;1;2; ; ;1; ;12;1141,27242454754
3373232;1;1;2;1; ; ;2; ; ;1;2; ; ;1; ;12;2131,12868305008
3373232;1;2;2;1; ; ;2; ; ;1;2; ; ;1; ;12;2131,12868305008
3373232;1;3;1; ; ; ; ; ; ; ; ; ; ; ; ;12;2131,12868305008
3373234;1;1;1; ; ; ; ; ; ; ; ; ; ; ; ;12;423,78841531242
3373234;1;2;2;2;13; ;2; ; ;2;2; ; ;2; ;12;423,78841531242
3373234;1;3;2;2;13; ;2; ; ;2;2; ; ;2; ;12;423,78841531242
3373236;1;1;2;1; ; ;2; ; ;2;2; ; ;2; ;12;681,802069832938
3373236;1;2;2;2;13; ;2; ; ;2;2; ; ;2; ;12;681,802069832938
3373236;1;3;1; ; ; ; ; ; ; ; ; ; ; ; ;12;681,802069832938
3373236;1;4;1; ; ; ; ; ; ; ; ; ; ; ; ;12;681,802069832938
3373237;1;1;1; ; ; ; ; ; ; ; ; ; ; ; ;12;669,286217327588
3373237;1;2;2;2;23; ;2; ; ;2;2; ; ;2; ;12;669,286217327588
3373237;1;3;2;2;05; ;2; ; ;2;2; ; ;2; ;12;669,286217327588
3373237;1;4;1; ; ; ; ; ; ; ; ; ; ; ; ;12;669,286217327588
3373237;1;5;1; ; ; ; ; ; ; ; ; ; ; ; ;12;669,286217327588
3373238;1;1;2;2;70; ;2; ; ;2;2; ; ;2; ;12;777,777387606228
3373238;1;2;2;2;70; ;2; ; ;2;2; ; ;2; ;12;777,777387606228
3373238;1;3;1; ; ; ; ; ; ; ; ; ; ; ; ;12;777,777387606228
3373238;1;4;1; ; ; ; ; ; ; ; ; ; ; ; ;12;777,777387606228
3373239;1;1;1; ; ; ; ; ; ; ; ; ; ; ; ;12;864,396766600282
3373239;1;2;2;2;70; ;2; ; ;2;2; ; ;2; ;12;864,396766600282
3373239;1;3;2;2;70; ;2; ; ;2;2; ; ;2; ;12;864,396766600282
3373239;1;4;2;2;70; ;2; ; ;2;2; ; ;2; ;12;864,396766600282
3373239;1;5;2;2;70; ;2; ; ;2;2; ; ;2; ;12;864,396766600282
3373239;1;6;2;2;70; ;2; ; ;2;2; ; ;2; ;12;864,396766600282
3373240;1;1;1; ; ; ; ; ; ; ; ; ; ; ; ;12;806,998409409639
3373240;1;2;1; ; ; ; ; ; ; ; ; ; ; ; ;12;806,998409409639
3373240;1;3;1; ; ; ; ; ; ; ; ; ; ; ; ;12;806,998409409639
3373240;1;4;1; ; ; ; ; ; ; ; ; ; ; ; ;12;806,998409409639
3373241;1;1;2;2;05; ;2; ; ;2;2; ; ;2; ;12;799,254303598092
3373241;1;2;1; ; ; ; ; ; ; ; ; ; ; ; ;12;799,254303598092
3373241;1;3;1; ; ; ; ; ; ; ; ; ; ; ; ;12;799,254303598092
3373241;1;4;1; ; ; ; ; ; ; ; ; ; ; ; ;12;799,254303598092
3373242;1;1;1; ; ; ; ; ; ; ; ; ; ; ; ;12;1216,01556087011
3373242;1;2;1; ; ; ; ; ; ; ; ; ; ; ; ;12;1216,01556087011
3373242;1;3;1; ; ; ; ; ; ; ; ; ; ; ; ;12;1216,01556087011
3373242;1;4;1; ; ; ; ; ; ; ; ; ; ; ; ;12;1216,01556087011
3373243;1;1;1; ; ; ; ; ; ; ; ; ; ; ; ;12;960,986531056114
3373243;1;2;1; ; ; ; ; ; ; ; ; ; ; ; ;12;960,986531056114
3373243;1;3;1; ; ; ; ; ; ; ; ; ; ; ; ;12;960,986531056114
3373243;1;4;2;2;23; ;3;23; ;2;3;23; ;2; ;12;960,986531056114
3373243;1;5;1; ; ; ; ; ; ; ; ; ; ; ; ;12;960,986531056114
3373243;1;6;1; ; ; ; ; ; ; ; ; ; ; ; ;12;960,986531056114
3373245;1;1;1; ; ; ; ; ; ; ; ; ; ; ; ;12;436,30426781777
3373245;1;2;1; ; ; ; ; ; ; ; ; ; ; ; ;12;436,30426781777
3373246;1;1;2;2;70; ;2; ; ;2;2; ; ;2; ;12;625,812499740832
3373247;1;1;1; ; ; ; ; ; ; ; ; ; ; ; ;12;813,882605720109
3373248;1;1;1; ; ; ; ; ; ; ; ; ; ; ; ;12;952,84142459911
3373248;1;2;1; ; ; ; ; ; ; ; ; ; ; ; ;12;952,84142459911
3373248;1;3;1; ; ; ; ; ; ; ; ; ; ; ; ;12;952,84142459911
3373248;1;4;1; ; ; ; ; ; ; ; ; ; ; ; ;12;952,84142459911
3373248;1;5;1; ; ; ; ; ; ; ; ; ; ; ; ;12;952,84142459911
3373248;1;6;1; ; ; ; ; ; ; ; ; ; ; ; ;12;952,84142459911
3373249;1;1;1; ; ; ; ; ; ; ; ; ; ; ; ;12;705,604881478554
3373249;1;2;1; ; ; ; ; ; ; ; ; ; ; ; ;12;705,604881478554
3373250;1;1;1; ; ; ; ; ; ; ; ; ; ; ; ;12;876,298172423089
3373250;1;2;1; ; ; ; ; ; ; ; ; ; ; ; ;12;876,298172423089
3373250;1;3;1; ; ; ; ; ; ; ; ; ; ; ; ;12;876,298172423089
3373250;1;4;1; ; ; ; ; ; ; ; ; ; ; ; ;12;876,298172423089
3373250;1;5;1; ; ; ; ; ; ; ; ; ; ; ; ;12;876,298172423089
3373251;1;1;2;2;08; ;2; ; ;1;2; ; ;1; ;12;1454,28863774722
3373251;1;2;2;2;70; ;2; ; ;1;2; ; ;1; ;12;1454,28863774722
3373251;1;3;1; ; ; ; ; ; ; ; ; ; ; ; ;12;1454,28863774722
3373252;1;1;1; ; ; ; ; ; ; ; ; ; ; ; ;12;1807,69505225133
3373252;1;2;2;2;70; ;2; ; ;1;2; ; ;1; ;12;1807,69505225133
3373252;1;3;1; ; ; ; ; ; ; ; ; ; ; ; ;12;1807,69505225133
3373252;1;4;1; ; ; ; ; ; ; ; ; ; ; ; ;12;1807,69505225133
3373253;1;1;2;1; ; ;2; ; ;1;2; ; ;1; ;12;1376,14643211484
3373255;1;1;2;2;70; ;2; ; ;2;2; ; ;1; ;12;1641,62834657472
3373256;1;1;2;2;05; ;3;70; ;1;2; ; ;1; ;12;1988,3711979653
3373256;1;2;2;2;05; ;3;70; ;1;2; ; ;1; ;12;1988,3711979653
3373256;1;3;2;2;05; ;3;70; ;1;2; ; ;1; ;12;1988,3711979653
3373256;1;4;2;2;05; ;3;70; ;1;2; ; ;1; ;12;1988,3711979653
3373257;1;1;2;2;13; ;2; ; ;2;3;08; ;1;1;12;885,44066516524
3373257;1;2;1; ; ; ; ; ; ; ; ; ; ; ; ;12;885,44066516524
3373257;1;3;1; ; ; ; ; ; ; ; ; ; ; ; ;12;885,44066516524
3373258;1;1;2;1; ; ;2; ; ;1;2; ; ;2; ;12;888,81402492844
3373258;1;2;1; ; ; ; ; ; ; ; ; ; ; ; ;12;888,81402492844
3373258;1;3;2;1; ; ;3;05; ;1;3;13; ;2; ;12;888,81402492844
3373258;1;4;2;1; ; ;3;05; ;1;3;13; ;2; ;12;888,81402492844
3373259;1;1;2;2;13; ;2; ; ;2;2; ; ;2; ;12;668,671770645045
3373259;1;2;2;2;13; ;2; ; ;2;2; ; ;2; ;12;668,671770645045
3373259;1;3;1; ; ; ; ; ; ; ; ; ; ; ; ;12;668,671770645045
3373259;1;4;1; ; ; ; ; ; ; ; ; ; ; ; ;12;668,671770645045
3373259;1;5;2;2;70; ;1; ; ; ;2; ; ;2; ;12;668,671770645045
3373260;1;1;1; ; ; ; ; ; ; ; ; ; ; ; ;12;2437,26691514496
3373260;1;2;2;2;13; ;3;13; ;2;2; ; ;1; ;12;2437,26691514496
3373260;1;3;1; ; ; ; ; ; ; ; ; ; ; ; ;12;2437,26691514496
3373261;1;1;1; ; ; ; ; ; ; ; ; ; ; ; ;12;1246,32539412894
3373261;1;2;1; ; ; ; ; ; ; ; ; ; ; ; ;12;1246,32539412894
3373261;1;3;1; ; ; ; ; ; ; ; ; ; ; ; ;12;1246,32539412894
3373261;1;4;2;2;13; ;3;13; ;2;2; ; ;1; ;12;1246,32539412894
3373261;1;5;1; ; ; ; ; ; ; ; ; ; ; ; ;12;1246,32539412894
3373262;1;1;2;2;13; ;2; ; ;1;2; ; ;1; ;12;1726,35045967815
3373262;1;2;2;2;05; ;2; ; ;1;2; ; ;1; ;12;1726,35045967815
3373262;1;3;1; ; ; ; ; ; ; ; ; ; ; ; ;12;1726,35045967815
3373262;1;4;1; ; ; ; ; ; ; ; ; ; ; ; ;12;1726,35045967815
3373263;1;1;1; ; ; ; ; ; ; ; ; ; ; ; ;12;2488,26239005749
3373263;1;2;1; ; ; ; ; ; ; ; ; ; ; ; ;12;2488,26239005749
3373263;1;3;1; ; ; ; ; ; ; ; ; ; ; ; ;12;2488,26239005749
3373263;1;4;1; ; ; ; ; ; ; ; ; ; ; ; ;12;2488,26239005749
3373264;1;1;1; ; ; ; ; ; ; ; ; ; ; ; ;12;1362,33877156595
3373264;1;2;2;2;13; ;3;13; ;1;2; ; ;1; ;12;1362,33877156595
3373265;1;1;2;1; ; ;3;13; ;2;2; ; ;1; ;12;1478,1373819399
3373265;1;2;1; ; ; ; ; ; ; ; ; ; ; ; ;12;1478,1373819399
3373265;1;3;1; ; ; ; ; ; ; ; ; ; ; ; ;12;1478,1373819399
3373266;1;1;2;2;70; ;2; ; ;1;2; ; ;1; ;12;1858,69052716386
3373266;1;2;1; ; ; ; ; ; ; ; ; ; ; ; ;12;1858,69052716386
3373266;1;3;1; ; ; ; ; ; ; ; ; ; ; ; ;12;1858,69052716386
3373266;1;4;1; ; ; ; ; ; ; ; ; ; ; ; ;12;1858,69052716386
3373266;1;5;2;2;13; ;1; ; ; ;3;13; ;1; ;12;1858,69052716386
3373268;1;1;1; ; ; ; ; ; ; ; ; ; ; ; ;12;1947,25015039531
3373268;1;2;2;2;13; ;2; ; ;1;2; ; ;1; ;12;1947,25015039531
3373268;1;3;1; ; ; ; ; ; ; ; ; ; ; ; ;12;1947,25015039531
3373268;1;4;1; ; ; ; ; ; ; ; ; ; ; ; ;12;1947,25015039531
3373268;1;5;1; ; ; ; ; ; ; ; ; ; ; ; ;12;1947,25015039531
3373269;1;1;1; ; ; ; ; ; ; ; ; ; ; ; ;12;1362,33877156595
3373269;1;2;1; ; ; ; ; ; ; ; ; ; ; ; ;12;1362,33877156595
3373271;1;1;2;2;13; ;2; ; ;1;2; ; ;1; ;12;1478,1373819399
3373271;1;2;2;2;13; ;2; ; ;1;2; ; ;1; ;12;1478,1373819399
3373271;1;3;2;2;70; ;2; ; ;1;2; ; ;1; ;12;1478,1373819399
3373273;1;1;2;2;05; ;2; ; ;1;2; ; ;1; ;12;1141,27242454754
3373273;1;2;1; ; ; ; ; ; ; ; ; ; ; ; ;12;1141,27242454754
3373274;1;1;2;2;70; ;2; ; ;2;2; ; ;2; ;12;681,187623150396
3373274;1;2;2;2;23; ;2; ; ;2;2; ; ;2; ;12;681,187623150396
3373274;1;3;1; ; ; ; ; ; ; ; ; ; ; ; ;12;681,187623150396
3373274;1;4;1; ; ; ; ; ; ; ; ; ; ; ; ;12;681,187623150396
3373276;1;1;2;2;23; ;2; ; ;2;2; ; ;2; ;12;693,089028973203
3373276;1;2;2;2;23; ;2; ; ;2;2; ; ;2; ;12;693,089028973203
3373276;1;3;2;2;08; ;3;08; ;1;3;08; ;1;3;12;693,089028973203
3373277;1;1;2;2;23; ;3;70; ;2;2; ; ;2; ;12;754,982362413692
3373277;1;2;2;2;70; ;3;70; ;2;2; ; ;2; ;12;754,982362413692
3373277;1;3;2;2;70; ;3;70; ;2;2; ; ;2; ;12;754,982362413692
3373277;1;4;2;2;70; ;3;70; ;2;2; ; ;2; ;12;754,982362413692
3373277;1;5;2;2;70; ;3;70; ;2;2; ; ;2; ;12;754,982362413692
3373278;1;1;1; ; ; ; ; ; ; ; ; ; ; ; ;12;777,777387606228
3373278;1;2;1; ; ; ; ; ; ; ; ; ; ; ; ;12;777,777387606228
3373278;1;3;1; ; ; ; ; ; ; ; ; ; ; ; ;12;777,777387606228
3373278;1;4;1; ; ; ; ; ; ; ; ; ; ; ; ;12;777,777387606228
3373279;1;1;1; ; ; ; ; ; ; ; ; ; ; ; ;12;436,30426781777
3373279;1;2;1; ; ; ; ; ; ; ; ; ; ; ; ;12;436,30426781777
3373280;1;1;1; ; ; ; ; ; ; ; ; ; ; ; ;12;669,410447529087
3373280;1;2;2;2;70; ;3;70; ;2;2; ; ;2; ;12;669,410447529087
3373280;1;3;2;2;08; ;3;70; ;2;2; ; ;2; ;12;669,410447529087
3373280;1;4;1; ; ; ; ; ; ; ; ; ; ; ; ;12;669,410447529087
3373280;1;5;1; ; ; ; ; ; ; ; ; ; ; ; ;12;669,410447529087
3373280;1;6;1; ; ; ; ; ; ; ; ; ; ; ; ;12;669,410447529087
3373281;1;1;2;2;23; ;3;23; ;2;2; ; ;2; ;12;773,406641557881
3373281;1;2;2;1; ; ;3;23; ;2;2; ; ;2; ;12;773,406641557881
3373281;1;3;2;2;70; ;3;23; ;2;2; ; ;2; ;12;773,406641557881
3373281;1;4;2;2;70; ;1; ; ; ;2; ; ;2; ;12;773,406641557881
3373281;1;5;2;2;70; ;1; ; ; ;2; ; ;2; ;12;773,406641557881
3373282;1;1;2;2;23; ;2; ; ;1;2; ; ;1; ;12;1178,53849923271
3373283;1;1;1; ; ; ; ; ; ; ; ; ; ; ; ;12;436,30426781777
3373283;1;2;1; ; ; ; ; ; ; ; ; ; ; ; ;12;436,30426781777
3373284;1;1;1; ; ; ; ; ; ; ; ; ; ; ; ;12;705,604881478554
3373284;1;2;2;2;13; ;2; ; ;2;2; ; ;2; ;12;705,604881478554
3373285;1;1;2;2;70; ;3;70; ;1;2; ; ;2; ;12;885,44066516524
3373285;1;2;2;2;13; ;2; ; ;2;2; ; ;2; ;12;885,44066516524
3373285;1;3;1; ; ; ; ; ; ; ; ; ; ; ; ;12;885,44066516524
3373286;1;1;1; ; ; ; ; ; ; ; ; ; ; ; ;12;799,254303598092
3373286;1;2;2;2;70; ;2; ; ;2;2; ; ;2; ;12;799,254303598092
3373286;1;3;1; ; ; ; ; ; ; ; ; ; ; ; ;12;799,254303598092
3373286;1;4;1; ; ; ; ; ; ; ; ; ; ; ; ;12;799,254303598092
3373287;1;1;1; ; ; ; ; ; ; ; ; ; ; ; ;12;441,108031293022
3373287;1;2;1; ; ; ; ; ; ; ; ; ; ; ; ;12;441,108031293022
3373287;1;3;2;2;05; ;2; ; ;2;2; ; ;2; ;12;441,108031293022
3373287;1;4;1; ; ; ; ; ; ; ; ; ; ; ; ;12;441,108031293022
3373288;1;1;2;2;13; ;2; ; ;2;2; ; ;2; ;12;739,597649975768
3373290;1;1;1; ; ; ; ; ; ; ; ; ; ; ; ;12;811,1557094209
3373290;1;2;1; ; ; ; ; ; ; ; ; ; ; ; ;12;811,1557094209
3373290;1;3;1; ; ; ; ; ; ; ; ; ; ; ; ;12;811,1557094209
3373291;1;1;1; ; ; ; ; ; ; ; ; ; ; ; ;12;767,373984717544
3373291;1;2;1; ; ; ; ; ; ; ; ; ; ; ; ;12;767,373984717544
3373291;1;3;1; ; ; ; ; ; ; ; ; ; ; ; ;12;767,373984717544
3373292;1;1;2;1; ; ;3;05; ;1;2; ; ;2; ;12;516,096649555492
3373292;1;2;2;1; ; ;3;05; ;1;2; ; ;2; ;12;516,096649555492
3373292;1;3;2;2;70; ;2; ; ;2;2; ; ;2; ;12;516,096649555492
3373293;1;1;1; ; ; ; ; ; ; ; ; ; ; ; ;12;1189,11879302221
3373293;1;2;2;1; ; ;2; ; ;1;2; ; ;1; ;12;1189,11879302221
3373293;1;3;2;1; ; ;2; ; ;1;2; ; ;1; ;12;1189,11879302221
3373293;1;4;1; ; ; ; ; ; ; ; ; ; ; ; ;12;1189,11879302221
3373293;1;5;1; ; ; ; ; ; ; ; ; ; ; ; ;12;1189,11879302221
3373293;1;6;1; ; ; ; ; ; ; ; ; ; ; ; ;12;1189,11879302221
3373294;1;1;2;2;13; ;2; ; ;1;2; ; ;1; ;12;1338,88035742967
3373294;1;2;1; ; ; ; ; ; ; ; ; ; ; ; ;12;1338,88035742967
3373296;1;1;1; ; ; ; ; ; ; ; ; ; ; ; ;12;1988,3711979653
3373296;1;2;1; ; ; ; ; ; ; ; ; ; ; ; ;12;1988,3711979653
3373296;1;3;1; ; ; ; ; ; ; ; ; ; ; ; ;12;1988,3711979653
3373296;1;4;1; ; ; ; ; ; ; ; ; ; ; ; ;12;1988,3711979653
3373297;1;1;1; ; ; ; ; ; ; ; ; ; ; ; ;12;1641,62834657472
3373298;1;1;1; ; ; ; ; ; ; ; ; ; ; ; ;12;2039,36667287783
3373298;1;2;2;2;70; ;2; ; ;1;2; ; ;1; ;12;2039,36667287783
3373298;1;3;1; ; ; ; ; ; ; ; ; ; ; ; ;12;2039,36667287783
3373298;1;4;1; ; ; ; ; ; ; ; ; ; ; ; ;12;2039,36667287783
3373298;1;5;1; ; ; ; ; ; ; ; ; ; ; ; ;12;2039,36667287783
3373299;1;1;2;2;13; ;2; ; ;1;2; ; ;2; ;12;688,228066443813
3373299;1;2;1; ; ; ; ; ; ; ; ; ; ; ; ;12;688,228066443813
3373299;1;3;1; ; ; ; ; ; ; ; ; ; ; ; ;12;688,228066443813
3373299;1;4;1; ; ; ; ; ; ; ; ; ; ; ; ;12;688,228066443813
3373299;1;5;2;2;13; ;2; ; ;1;2; ; ;2; ;12;688,228066443813
3373300;1;1;2;2;05; ;3;13; ;1;2; ; ;2; ;12;779,889837222894
3373300;1;2;2;2;13; ;3;13; ;1;2; ; ;1;4;12;779,889837222894
3373301;1;1;1; ; ; ; ; ; ; ; ; ; ; ; ;12;789,46534739195
3373301;1;2;1; ; ; ; ; ; ; ; ; ; ; ; ;12;789,46534739195
3373301;1;3;1; ; ; ; ; ; ; ; ; ; ; ; ;12;789,46534739195
3373302;1;1;2;2;13; ;2; ; ;1;2; ; ;1; ;12;2025,55901232894
3373302;1;2;2;2;13; ;2; ; ;1;2; ; ;1; ;12;2025,55901232894
3373302;1;3;1; ; ; ; ; ; ; ; ; ; ; ; ;12;2025,55901232894
3373302;1;4;1; ; ; ; ; ; ; ; ; ; ; ; ;12;2025,55901232894
3373302;1;5;1; ; ; ; ; ; ; ; ; ; ; ; ;12;2025,55901232894
3373302;1;6;2;2;13; ;4; ;3; ;2; ; ;1; ;12;2025,55901232894
3373303;1;1;1; ; ; ; ; ; ; ; ; ; ; ; ;12;1362,33877156595
3373303;1;2;1; ; ; ; ; ; ; ; ; ; ; ; ;12;1362,33877156595
3373304;1;1;1; ; ; ; ; ; ; ; ; ; ; ; ;12;705,604881478554
3373304;1;2;1; ; ; ; ; ; ; ; ; ; ; ; ;12;705,604881478554
3373305;1;1;1; ; ; ; ; ; ; ; ; ; ; ; ;12;1413,33424647848
3373305;1;2;1; ; ; ; ; ; ; ; ; ; ; ; ;12;1413,33424647848
3373305;1;3;1; ; ; ; ; ; ; ; ; ; ; ; ;12;1413,33424647848
3373306;1;1;2;2;70; ;2; ; ;1;2; ; ;1; ;12;1362,33877156595
3373306;1;2;1; ; ; ; ; ; ; ; ; ; ; ; ;12;1362,33877156595
3373307;1;1;1; ; ; ; ; ; ; ; ; ; ; ; ;12;1743,22013998339
3373307;1;2;1; ; ; ; ; ; ; ; ; ; ; ; ;12;1743,22013998339
3373307;1;3;1; ; ; ; ; ; ; ; ; ; ; ; ;12;1743,22013998339
3373307;1;4;1; ; ; ; ; ; ; ; ; ; ; ; ;12;1743,22013998339
3373308;1;1;1; ; ; ; ; ; ; ; ; ; ; ; ;12;1790,82537194609
3373308;1;2;1; ; ; ; ; ; ; ; ; ; ; ; ;12;1790,82537194609
3373308;1;3;1; ; ; ; ; ; ; ; ; ; ; ; ;12;1790,82537194609
3373308;1;4;1; ; ; ; ; ; ; ; ; ; ; ; ;12;1790,82537194609
3373310;1;1;1; ; ; ; ; ; ; ; ; ; ; ; ;12;1950,30334379167
3373310;1;2;2;2;70; ;2; ; ;1;2; ; ;1; ;12;1950,30334379167
3373310;1;3;2;1; ; ;2; ; ;1;3;08; ;1; ;12;1950,30334379167
3373310;1;4;1; ; ; ; ; ; ; ; ; ; ; ; ;12;1950,30334379167
3373310;1;5;1; ; ; ; ; ; ; ; ; ; ; ; ;12;1950,30334379167
3373310;1;6;1; ; ; ; ; ; ; ; ; ; ; ; ;12;1950,30334379167
3373310;1;7;1; ; ; ; ; ; ; ; ; ; ; ; ;12;1950,30334379167
3373312;1;1;2;1; ; ;2; ; ;1;2; ; ;1; ;12;1376,14643211484
3373313;1;1;2;1; ; ;2; ; ;1;2; ; ;1; ;12;2321,20183936866
3373313;1;2;2;2;70; ;2; ; ;1;2; ; ;1; ;12;2321,20183936866
3373313;1;3;1; ; ; ; ; ; ; ; ; ; ; ; ;12;2321,20183936866
3373313;1;4;1; ; ; ; ; ; ; ; ; ; ; ; ;12;2321,20183936866
3373313;1;5;2;1; ; ;2; ; ;1;2; ; ;1; ;12;2321,20183936866
3373313;1;6;1; ; ; ; ; ; ; ; ; ; ; ; ;12;2321,20183936866
3373313;1;7;1; ; ; ; ; ; ; ; ; ; ; ; ;12;2321,20183936866
3373313;1;8;1; ; ; ; ; ; ; ; ; ; ; ; ;12;2321,20183936866
3373313;1;9;1; ; ; ; ; ; ; ; ; ; ; ; ;12;2321,20183936866
3373314;1;1;1; ; ; ; ; ; ; ; ; ; ; ; ;12;1665,086760711
3373315;1;1;2;2;70; ;2; ; ;2;2; ; ;2; ;12;773,406641557881
3373315;1;2;2;2;05; ;2; ; ;2;2; ; ;2; ;12;773,406641557881
3373315;1;3;2;2;70; ;3;70; ;1;2; ; ;2; ;12;773,406641557881
3373315;1;4;1; ; ; ; ; ; ; ; ; ; ; ; ;12;773,406641557881
3373315;1;5;2;2;70; ;2; ; ;2;2; ; ;2; ;12;773,406641557881
3373317;1;1;2;2;70; ;2; ; ;1;2; ; ;1; ;12;1427,06364670584
3373317;1;2;2;2;70; ;2; ; ;1;2; ; ;1; ;12;1427,06364670584
3373317;1;3;2;2;08; ;1; ; ; ;2; ; ;1; ;12;1427,06364670584
3373317;1;4;2;2;70; ;1; ; ; ;1; ; ; ; ;12;1427,06364670584
3373317;1;5;2;2;70; ;2; ; ;1;2; ; ;1; ;12;1427,06364670584
3373318;1;1;2;2;13; ;2; ; ;2;2; ; ;2; ;12;767,498214919043
3373318;1;2;2;2;23; ;2; ; ;2;2; ; ;2; ;12;767,498214919043
3373318;1;3;1; ; ; ; ; ; ; ; ; ; ; ; ;12;767,498214919043
3373318;1;4;1; ; ; ; ; ; ; ; ; ; ; ; ;12;767,498214919043
3373319;1;1;2;1; ; ;2; ; ;2;2; ; ;2; ;12;722,924497459157
3373319;1;2;2;2;23; ;3;27; ;1;2; ; ;2; ;12;722,924497459157
3373319;1;3;2;2;23; ;3;05; ;1;2; ; ;2; ;12;722,924497459157
3373320;1;1;2;2;70; ;2; ; ;2;2; ; ;2; ;12;848,721000368816
3373320;1;2;1; ; ; ; ; ; ; ; ; ; ; ; ;12;848,721000368816
3373320;1;3;1; ; ; ; ; ; ; ; ; ; ; ; ;12;848,721000368816
3373320;1;4;1; ; ; ; ; ; ; ; ; ; ; ; ;12;848,721000368816
3373320;1;5;1; ; ; ; ; ; ; ; ; ; ; ; ;12;848,721000368816
3373320;1;6;1; ; ; ; ; ; ; ; ; ; ; ; ;12;848,721000368816
3373321;1;1;1; ; ; ; ; ; ; ; ; ; ; ; ;12;789,46534739195
3373321;1;2;1; ; ; ; ; ; ; ; ; ; ; ; ;12;789,46534739195
3373321;1;3;1; ; ; ; ; ; ; ; ; ; ; ; ;12;789,46534739195
3373322;1;1;2;2;70; ;2; ; ;2;2; ; ;2; ;12;683,416580736827
3373322;1;2;1; ; ; ; ; ; ; ; ; ; ; ; ;12;683,416580736827
3373322;1;3;1; ; ; ; ; ; ; ; ; ; ; ; ;12;683,416580736827
3373322;1;4;1; ; ; ; ; ; ; ; ; ; ; ; ;12;683,416580736827
3373322;1;5;2;1; ; ;3;70; ;1;2; ; ;2; ;12;683,416580736827
3373323;1;1;2;2;70; ;2; ; ;2;2; ; ;2; ;12;797,209453203497
3373323;1;2;1; ; ; ; ; ; ; ; ; ; ; ; ;12;797,209453203497
3373323;1;3;1; ; ; ; ; ; ; ; ; ; ; ; ;12;797,209453203497
3373324;1;1;2;2;70; ;2; ; ;1;2; ; ;1;4;12;648,55032587923
3373324;1;2;2;2;70; ;2; ; ;1;2; ; ;1;4;12;648,55032587923
3373324;1;3;2;2;13; ;2; ; ;1;2; ; ;1;4;12;648,55032587923
3373324;1;4;1; ; ; ; ; ; ; ; ; ; ; ; ;12;648,55032587923
3373325;1;1;2;2;70; ;2; ; ;2;2; ; ;2; ;12;727,081797470418
3373325;1;2;1; ; ; ; ; ; ; ; ; ; ; ; ;12;727,081797470418
3373326;1;1;2;2;70; ;2; ; ;2;2; ; ;2; ;12;940,940018776302
3373326;1;2;2;2;05; ;2; ; ;2;2; ; ;2; ;12;940,940018776302
3373326;1;3;2;2;70; ;3;70; ;1;2; ; ;2; ;12;940,940018776302
3373326;1;4;2;2;05; ;2; ; ;2;2; ; ;2; ;12;940,940018776302
3373326;1;5;2;2;05; ;2; ; ;2;2; ; ;2; ;12;940,940018776302
3373326;1;6;2;2;05; ;2; ; ;2;2; ; ;2; ;12;940,940018776302
3373326;1;7;1; ; ; ; ; ; ; ; ; ; ; ; ;12;940,940018776302
3373327;1;1;1; ; ; ; ; ; ; ; ; ; ; ; ;12;700,743918949164
3373327;1;2;1; ; ; ; ; ; ; ; ; ; ; ; ;12;700,743918949164
3373327;1;3;2;1; ; ;3;05; ;1;2; ; ;2; ;12;700,743918949164
3373327;1;4;1; ; ; ; ; ; ; ; ; ; ; ; ;12;700,743918949164
3373328;1;1;2;1; ; ;2; ; ;2;2; ; ;2; ;12;876,298172423089
3373328;1;2;2;2;05; ;2; ; ;2;2; ; ;2; ;12;876,298172423089
3373328;1;3;1; ; ; ; ; ; ; ; ; ; ; ; ;12;876,298172423089
3373328;1;4;1; ; ; ; ; ; ; ; ; ; ; ; ;12;876,298172423089
3373328;1;5;1; ; ; ; ; ; ; ; ; ; ; ; ;12;876,298172423089
3373329;1;1;1; ; ; ; ; ; ; ; ; ; ; ; ;12;765,261535100878
3373329;1;2;2;2;70; ;2; ; ;2;2; ; ;2; ;12;765,261535100878
3373329;1;3;2;2;05; ;2; ; ;2;2; ; ;2; ;12;765,261535100878
3373329;1;4;2;2;13; ;2; ; ;2;2; ; ;2; ;12;765,261535100878
3373329;1;5;1; ; ; ; ; ; ; ; ; ; ; ; ;12;765,261535100878
3373330;1;1;1; ; ; ; ; ; ; ; ; ; ; ; ;12;809,021643190718
3373330;1;2;2;2;13; ;2; ; ;2;2; ; ;2; ;12;809,021643190718
3373330;1;3;2;2;13; ;2; ; ;2;2; ; ;2; ;12;809,021643190718
3373331;1;1;2;2;70; ;2; ; ;2;2; ; ;2; ;12;507,862327262901
3373331;1;2;2;2;23; ;2; ; ;2;2; ; ;2; ;12;507,862327262901
3373331;1;3;1; ; ; ; ; ; ; ; ; ; ; ; ;12;507,862327262901
3373331;1;4;2;2;70; ;1; ; ; ;2; ; ;2; ;12;507,862327262901
3373332;1;1;2;2;70; ;2; ; ;2;2; ; ;2; ;12;785,308047380689
3373332;1;2;2;2;70; ;2; ; ;2;2; ; ;2; ;12;785,308047380689
3373332;1;3;1; ; ; ; ; ; ; ; ; ; ; ; ;12;785,308047380689
3373332;1;4;1; ; ; ; ; ; ; ; ; ; ; ; ;12;785,308047380689
3373333;1;1;2;2;13; ;2; ; ;2;2; ; ;2; ;12;676,333221738855
3373333;1;2;2;2;13; ;2; ; ;2;2; ; ;2; ;12;676,333221738855
3373333;1;3;2;2;13; ;2; ; ;2;2; ; ;2; ;12;676,333221738855
3373333;1;4;2;2;13; ;2; ; ;2;2; ; ;2; ;12;676,333221738855
3373333;1;5;2;2;13; ;2; ; ;2;2; ; ;2; ;12;676,333221738855
3373334;1;1;2;2;13; ;2; ; ;2;2; ; ;2; ;12;848,721000368816
3373334;1;2;1; ; ; ; ; ; ; ; ; ; ; ; ;12;848,721000368816
3373334;1;3;1; ; ; ; ; ; ; ; ; ; ; ; ;12;848,721000368816
3373334;1;4;1; ; ; ; ; ; ; ; ; ; ; ; ;12;848,721000368816
3373334;1;5;1; ; ; ; ; ; ; ; ; ; ; ; ;12;848,721000368816
3373334;1;6;1; ; ; ; ; ; ; ; ; ; ; ; ;12;848,721000368816
3373335;1;1;2;1; ; ;2; ; ;2;2; ; ;2; ;12;703,278985824802
3373335;1;2;2;2;05; ;3;23; ;2;2; ; ;2; ;12;703,278985824802
3373335;1;3;2;2;23; ;3;23; ;2;2; ; ;2; ;12;703,278985824802
3373335;1;4;2;2;23; ;3;23; ;2;2; ; ;2; ;12;703,278985824802
3373336;1;1;2;2;70; ;2; ; ;2;2; ; ;2; ;12;419,631115301159
3373336;1;2;2;2;70; ;2; ; ;2;2; ; ;2; ;12;419,631115301159
3373336;1;3;2;2;70; ;2; ; ;2;2; ; ;2; ;12;419,631115301159
3373336;1;4;2;2;70; ;2; ; ;2;2; ; ;2; ;12;419,631115301159
3373337;1;1;1; ; ; ; ; ; ; ; ; ; ; ; ;12;777,777387606228
3373337;1;2;1; ; ; ; ; ; ; ; ; ; ; ; ;12;777,777387606228
3373337;1;3;1; ; ; ; ; ; ; ; ; ; ; ; ;12;777,777387606228
3373337;1;4;1; ; ; ; ; ; ; ; ; ; ; ; ;12;777,777387606228
3373338;1;1;1; ; ; ; ; ; ; ; ; ; ; ; ;12;659,220490677488
3373338;1;2;1; ; ; ; ; ; ; ; ; ; ; ; ;12;659,220490677488
3373338;1;3;2;1; ; ;2; ; ;2;2; ; ;2; ;12;659,220490677488
3373338;1;4;1; ; ; ; ; ; ; ; ; ; ; ; ;12;659,220490677488
3373338;1;5;1; ; ; ; ; ; ; ; ; ; ; ; ;12;659,220490677488
3373339;1;1;1; ; ; ; ; ; ; ; ; ; ; ; ;12;436,30426781777
3373339;1;2;1; ; ; ; ; ; ; ; ; ; ; ; ;12;436,30426781777
3373340;1;1;1; ; ; ; ; ; ; ; ; ; ; ; ;12;1807,69505225133
3373340;1;2;2;2;13; ;2; ; ;1;2; ; ;1; ;12;1807,69505225133
3373340;1;3;1; ; ; ; ; ; ; ; ; ; ; ; ;12;1807,69505225133
3373340;1;4;1; ; ; ; ; ; ; ; ; ; ; ; ;12;1807,69505225133
3373341;1;1;1; ; ; ; ; ; ; ; ; ; ; ; ;12;1807,69505225133
3373341;1;2;2;2;13; ;2; ; ;1;2; ; ;1; ;12;1807,69505225133
3373341;1;3;1; ; ; ; ; ; ; ; ; ; ; ; ;12;1807,69505225133
3373341;1;4;1; ; ; ; ; ; ; ; ; ; ; ; ;12;1807,69505225133
3373342;1;1;1; ; ; ; ; ; ; ; ; ; ; ; ;12;2444,14489624975
3373342;1;2;1; ; ; ; ; ; ; ; ; ; ; ; ;12;2444,14489624975
3373342;1;3;2;2;70; ;2; ; ;1;2; ; ;1; ;12;2444,14489624975
3373342;1;4;1; ; ; ; ; ; ; ; ; ; ; ; ;12;2444,14489624975
3373344;1;1;2;2;13; ;2; ; ;1;2; ; ;1; ;12;1634,18582643383
3373344;1;2;2;2;13; ;2; ; ;1;2; ; ;1; ;12;1634,18582643383
3373344;1;3;1; ; ; ; ; ; ; ; ; ; ; ; ;12;1634,18582643383
3373344;1;4;1; ; ; ; ; ; ; ; ; ; ; ; ;12;1634,18582643383
3373344;1;5;1; ; ; ; ; ; ; ; ; ; ; ; ;12;1634,18582643383
3373344;1;6;2;2;70; ;2; ; ;1;2; ; ;1; ;12;1634,18582643383
3373344;1;7;2;2;70; ;1; ; ; ;2; ; ;1; ;12;1634,18582643383
3373345;1;1;1; ; ; ; ; ; ; ; ; ; ; ; ;12;1444,01158733261
3373345;1;2;1; ; ; ; ; ; ; ; ; ; ; ; ;12;1444,01158733261
3373346;1;1;2;2;70; ;2; ; ;2;2; ; ;2; ;12;436,30426781777
3373346;1;2;2;2;70; ;2; ; ;2;2; ; ;2; ;12;436,30426781777
3373347;1;1;2;2;54; ;2; ; ;1;2; ; ;1; ;12;1022,32470773573
3373347;1;2;2;2;68; ;2; ; ;1;2; ; ;1; ;12;1022,32470773573
3373347;1;3;2;2;68; ;2; ; ;1;2; ; ;1; ;12;1022,32470773573
3373347;1;4;2;2;05; ;3;70; ;1;3;70; ;1; ;12;1022,32470773573
3373349;1;1;1; ; ; ; ; ; ; ; ; ; ; ; ;12;1732,95191592877
3373349;1;2;2;2;13; ;2; ; ;1;2; ; ;1; ;12;1732,95191592877
3373350;1;1;2;2;13; ;2; ; ;1;2; ; ;1; ;12;991,198790405204
3373350;1;2;2;2;13; ;2; ; ;1;2; ; ;1; ;12;991,198790405204
3373350;1;3;2;2;13; ;2; ; ;1;2; ; ;1; ;12;991,198790405204
3373351;1;1;2;2;13; ;2; ; ;2;2; ; ;2; ;12;495,354196989284
3373351;1;2;1; ; ; ; ; ; ; ; ; ; ; ; ;12;495,354196989284
3373351;1;3;1; ; ; ; ; ; ; ; ; ; ; ; ;12;495,354196989284
3373352;1;1;1; ; ; ; ; ; ; ; ; ; ; ; ;12;878,343022817684
3373352;1;2;1; ; ; ; ; ; ; ; ; ; ; ; ;12;878,343022817684
3373352;1;3;2;2;70; ;1; ; ; ;1; ; ; ; ;12;878,343022817684
3373352;1;4;1; ; ; ; ; ; ; ; ; ; ; ; ;12;878,343022817684
3373352;1;5;1; ; ; ; ; ; ; ; ; ; ; ; ;12;878,343022817684
3373352;1;6;2;2;13; ;2; ; ;2;2; ; ;2; ;12;878,343022817684
3373353;1;1;2;2;70; ;2; ; ;2;2; ; ;2; ;12;883,328215548574
3373353;1;2;1; ; ; ; ; ; ; ; ; ; ; ; ;12;883,328215548574
3373353;1;3;1; ; ; ; ; ; ; ; ; ; ; ; ;12;883,328215548574
3373353;1;4;1; ; ; ; ; ; ; ; ; ; ; ; ;12;883,328215548574
3373353;1;5;1; ; ; ; ; ; ; ; ; ; ; ; ;12;883,328215548574
3373354;1;1;2;2;70; ;2; ; ;2;2; ; ;2; ;12;532,769802072104
3373355;1;1;1; ; ; ; ; ; ; ; ; ; ; ; ;12;419,631115301159
3373355;1;2;2;1; ; ;2; ; ;2;3;44; ;1;4;12;419,631115301159
3373355;1;3;2;2;44; ;3;44; ;1;3;44; ;1;1;12;419,631115301159
3373355;1;4;2;2;44; ;3;44; ;1;3;44; ;1;4;12;419,631115301159
3373356;1;1;1; ; ; ; ; ; ; ; ; ; ; ; ;12;527,908839542713
3373356;1;2;2;2;70; ;2; ; ;2;2; ; ;2; ;12;527,908839542713
3373356;1;3;1; ; ; ; ; ; ; ; ; ; ; ; ;12;527,908839542713
3373357;1;1;1; ; ; ; ; ; ; ; ; ; ; ; ;12;980,418596653383
3373357;1;2;1; ; ; ; ; ; ; ; ; ; ; ; ;12;980,418596653383
3373357;1;3;1; ; ; ; ; ; ; ; ; ; ; ; ;12;980,418596653383
3373357;1;4;1; ; ; ; ; ; ; ; ; ; ; ; ;12;980,418596653383
3373357;1;5;1; ; ; ; ; ; ; ; ; ; ; ; ;12;980,418596653383
3373358;1;1;1; ; ; ; ; ; ; ; ; ; ; ; ;12;1003,75658612474
3373358;1;2;2;3; ;3;2; ; ;2;2; ; ;2; ;12;1003,75658612474
3373358;1;3;2;3; ;3;2; ; ;2;2; ; ;2; ;12;1003,75658612474
3373358;1;4;2;3; ;3;2; ; ;2;2; ; ;2; ;12;1003,75658612474
3373358;1;5;2;3; ;3;2; ; ;2;2; ; ;2; ;12;1003,75658612474
3373358;1;6;2;3; ;3;2; ; ;2;2; ; ;2; ;12;1003,75658612474
3373358;1;7;2;3; ;3;2; ; ;2;2; ; ;2; ;12;1003,75658612474
3373358;1;8;1; ; ; ; ; ; ; ; ; ; ; ; ;12;1003,75658612474
3373358;1;9;1; ; ; ; ; ; ; ; ; ; ; ; ;12;1003,75658612474
3373358;1;10;1; ; ; ; ; ; ; ; ; ; ; ; ;12;1003,75658612474
3373358;1;11;1; ; ; ; ; ; ; ; ; ; ; ; ;12;1003,75658612474
3373359;1;1;1; ; ; ; ; ; ; ; ; ; ; ; ;12;1117,23294913427
3373359;1;2;1; ; ; ; ; ; ; ; ; ; ; ; ;12;1117,23294913427
3373359;1;3;1; ; ; ; ; ; ; ; ; ; ; ; ;12;1117,23294913427
3373359;1;4;1; ; ; ; ; ; ; ; ; ; ; ; ;12;1117,23294913427
3373359;1;5;1; ; ; ; ; ; ; ; ; ; ; ; ;12;1117,23294913427
3373359;1;6;1; ; ; ; ; ; ; ; ; ; ; ; ;12;1117,23294913427
3373359;1;7;1; ; ; ; ; ; ; ; ; ; ; ; ;12;1117,23294913427
3373359;1;8;1; ; ; ; ; ; ; ; ; ; ; ; ;12;1117,23294913427
3373359;1;9;1; ; ; ; ; ; ; ; ; ; ; ; ;12;1117,23294913427
3373360;1;1;1; ; ; ; ; ; ; ; ; ; ; ; ;12;680,573176467853
3373360;1;2;2;2;13; ;2; ; ;2;2; ; ;2; ;12;680,573176467853
3373360;1;3;2;2;13; ;2; ; ;2;2; ; ;2; ;12;680,573176467853
3373360;1;4;2;2;13; ;2; ; ;2;2; ; ;2; ;12;680,573176467853
3373361;1;1;1; ; ; ; ; ; ; ; ; ; ; ; ;12;625,812499740832
3373362;1;1;1; ; ; ; ; ; ; ; ; ; ; ; ;12;705,604881478554
3373362;1;2;2;1; ; ;2; ; ;2;2; ; ;2; ;12;705,604881478554
3373363;1;1;1; ; ; ; ; ; ; ; ; ; ; ; ;12;888,81402492844
3373363;1;2;1; ; ; ; ; ; ; ; ; ; ; ; ;12;888,81402492844
3373363;1;3;1; ; ; ; ; ; ; ; ; ; ; ; ;12;888,81402492844
3373363;1;4;1; ; ; ; ; ; ; ; ; ; ; ; ;12;888,81402492844
3373364;1;1;1; ; ; ; ; ; ; ; ; ; ; ; ;12;739,597649975768
3373365;1;1;1; ; ; ; ; ; ; ; ; ; ; ; ;12;873,752705379518
3373365;1;2;1; ; ; ; ; ; ; ; ; ; ; ; ;12;873,752705379518
3373365;1;3;1; ; ; ; ; ; ; ; ; ; ; ; ;12;873,752705379518
3373365;1;4;1; ; ; ; ; ; ; ; ; ; ; ; ;12;873,752705379518
3373366;1;1;1; ; ; ; ; ; ; ; ; ; ; ; ;12;361,139016997583
3373366;1;2;1; ; ; ; ; ; ; ; ; ; ; ; ;12;361,139016997583
3373366;1;3;2;2;70; ;2; ; ;2;2; ; ;2; ;12;361,139016997583
3373367;1;1;1; ; ; ; ; ; ; ; ; ; ; ; ;12;905,487177445052
3373367;1;2;1; ; ; ; ; ; ; ; ; ; ; ; ;12;905,487177445052
3373368;1;1;1; ; ; ; ; ; ; ; ; ; ; ; ;12;787,352897775284
3373368;1;2;1; ; ; ; ; ; ; ; ; ; ; ; ;12;787,352897775284
3373368;1;3;1; ; ; ; ; ; ; ; ; ; ; ; ;12;787,352897775284
3373368;1;4;1; ; ; ; ; ; ; ; ; ; ; ; ;12;787,352897775284
3373368;1;5;1; ; ; ; ; ; ; ; ; ; ; ; ;12;787,352897775284
3373369;1;1;1; ; ; ; ; ; ; ; ; ; ; ; ;12;625,812499740832
3373370;1;1;1; ; ; ; ; ; ; ; ; ; ; ; ;12;515,392987037363
3373370;1;2;1; ; ; ; ; ; ; ; ; ; ; ; ;12;515,392987037363
3373370;1;3;1; ; ; ; ; ; ; ; ; ; ; ; ;12;515,392987037363
3373370;1;4;1; ; ; ; ; ; ; ; ; ; ; ; ;12;515,392987037363
3373371;1;1;1; ; ; ; ; ; ; ; ; ; ; ; ;12;368,318730823341
3373371;1;2;1; ; ; ; ; ; ; ; ; ; ; ; ;12;368,318730823341
3373371;1;3;1; ; ; ; ; ; ; ; ; ; ; ; ;12;368,318730823341
3373371;1;4;1; ; ; ; ; ; ; ; ; ; ; ; ;12;368,318730823341
3373372;1;1;1; ; ; ; ; ; ; ; ; ; ; ; ;12;453,623883798373
3373372;1;2;1; ; ; ; ; ; ; ; ; ; ; ; ;12;453,623883798373
3373372;1;3;1; ; ; ; ; ; ; ; ; ; ; ; ;12;453,623883798373
3373373;1;1;1; ; ; ; ; ; ; ; ; ; ; ; ;12;873,752705379518
3373373;1;2;1; ; ; ; ; ; ; ; ; ; ; ; ;12;873,752705379518
3373373;1;3;1; ; ; ; ; ; ; ; ; ; ; ; ;12;873,752705379518
3373373;1;4;1; ; ; ; ; ; ; ; ; ; ; ; ;12;873,752705379518
3373374;1;1;1; ; ; ; ; ; ; ; ; ; ; ; ;12;1777,34593459068
3373374;1;2;1; ; ; ; ; ; ; ; ; ; ; ; ;12;1777,34593459068
3373374;1;3;1; ; ; ; ; ; ; ; ; ; ; ; ;12;1777,34593459068
3373374;1;4;1; ; ; ; ; ; ; ; ; ; ; ; ;12;1777,34593459068
3373374;1;5;1; ; ; ; ; ; ; ; ; ; ; ; ;12;1777,34593459068
3373375;1;1;1; ; ; ; ; ; ; ; ; ; ; ; ;12;2045,96812912845
3373375;1;2;1; ; ; ; ; ; ; ; ; ; ; ; ;12;2045,96812912845
3373375;1;3;1; ; ; ; ; ; ; ; ; ; ; ; ;12;2045,96812912845
3373376;1;1;1; ; ; ; ; ; ; ; ; ; ; ; ;12;1783,9473908413
3373376;1;2;1; ; ; ; ; ; ; ; ; ; ; ; ;12;1783,9473908413
3373376;1;3;1; ; ; ; ; ; ; ; ; ; ; ; ;12;1783,9473908413
3373378;1;1;1; ; ; ; ; ; ; ; ; ; ; ; ;12;1780,40795434703
3373378;1;2;1; ; ; ; ; ; ; ; ; ; ; ; ;12;1780,40795434703
3373378;1;3;1; ; ; ; ; ; ; ; ; ; ; ; ;12;1780,40795434703
3373378;1;4;1; ; ; ; ; ; ; ; ; ; ; ; ;12;1780,40795434703
3373378;1;5;1; ; ; ; ; ; ; ; ; ; ; ; ;12;1780,40795434703
3373378;1;6;1; ; ; ; ; ; ; ; ; ; ; ; ;12;1780,40795434703
3373379;1;1;1; ; ; ; ; ; ; ; ; ; ; ; ;12;2875,69351638625
3373379;1;2;1; ; ; ; ; ; ; ; ; ; ; ; ;12;2875,69351638625
3373379;1;3;1; ; ; ; ; ; ; ; ; ; ; ; ;12;2875,69351638625
3373379;1;4;1; ; ; ; ; ; ; ; ; ; ; ; ;12;2875,69351638625
3373379;1;5;1; ; ; ; ; ; ; ; ; ; ; ; ;12;2875,69351638625
3373379;1;6;1; ; ; ; ; ; ; ; ; ; ; ; ;12;2875,69351638625
3373379;1;7;1; ; ; ; ; ; ; ; ; ; ; ; ;12;2875,69351638625
3373380;1;1;1; ; ; ; ; ; ; ; ; ; ; ; ;12;727,081797470418
3373380;1;2;1; ; ; ; ; ; ; ; ; ; ; ; ;12;727,081797470418
3373381;1;1;2;2;70; ;3;13; ;1;3;70; ;1; ;12;1732,95191592877
3373381;1;2;2;2;70; ;3;70; ;2;3;70; ;1; ;12;1732,95191592877
3373382;1;1;2;1; ; ;3;11; ;1;2; ; ;1; ;12;1427,14190702737
3373382;1;2;2;2;08; ;3;11; ;1;2; ; ;1; ;12;1427,14190702737
3373383;1;1;2;2;05; ;2; ; ;1;2; ; ;1; ;12;2161,72776358268
3373383;1;2;1; ; ; ; ; ; ; ; ; ; ; ; ;12;2161,72776358268
3373383;1;3;1; ; ; ; ; ; ; ; ; ; ; ; ;12;2161,72776358268
3373383;1;4;1; ; ; ; ; ; ; ; ; ; ; ; ;12;2161,72776358268
3373383;1;5;1; ; ; ; ; ; ; ; ; ; ; ; ;12;2161,72776358268
3373385;1;1;1; ; ; ; ; ; ; ; ; ; ; ; ;12;436,30426781777
3373385;1;2;1; ; ; ; ; ; ; ; ; ; ; ; ;12;436,30426781777
3373386;1;1;1; ; ; ; ; ; ; ; ; ; ; ; ;12;527,908839542713
3373386;1;2;1; ; ; ; ; ; ; ; ; ; ; ; ;12;527,908839542713
3373386;1;3;1; ; ; ; ; ; ; ; ; ; ; ; ;12;527,908839542713
3373387;1;1;1; ; ; ; ; ; ; ; ; ; ; ; ;12;765,87598178342
3373387;1;2;2;2;70; ;2; ; ;2;2; ; ;2; ;12;765,87598178342
3373387;1;3;1; ; ; ; ; ; ; ; ; ; ; ; ;12;765,87598178342
3373387;1;4;1; ; ; ; ; ; ; ; ; ; ; ; ;12;765,87598178342
3373387;1;5;1; ; ; ; ; ; ; ; ; ; ; ; ;12;765,87598178342
3373388;1;1;1; ; ; ; ; ; ; ; ; ; ; ; ;12;739,597649975768
3373389;1;1;1; ; ; ; ; ; ; ; ; ; ; ; ;12;554,893181527959
3373389;1;2;1; ; ; ; ; ; ; ; ; ; ; ; ;12;554,893181527959
3373389;1;3;1; ; ; ; ; ; ; ; ; ; ; ; ;12;554,893181527959
3373389;1;4;1; ; ; ; ; ; ; ; ; ; ; ; ;12;554,893181527959
3373390;1;1;1; ; ; ; ; ; ; ; ; ; ; ; ;12;849,335447051359
3373390;1;2;1; ; ; ; ; ; ; ; ; ; ; ; ;12;849,335447051359
3373390;1;3;1; ; ; ; ; ; ; ; ; ; ; ; ;12;849,335447051359
3373390;1;4;1; ; ; ; ; ; ; ; ; ; ; ; ;12;849,335447051359
3373390;1;5;1; ; ; ; ; ; ; ; ; ; ; ; ;12;849,335447051359
3373390;1;6;1; ; ; ; ; ; ; ; ; ; ; ; ;12;849,335447051359
3373391;1;1;1; ; ; ; ; ; ; ; ; ; ; ; ;12;876,298172423089
3373391;1;2;1; ; ; ; ; ; ; ; ; ; ; ; ;12;876,298172423089
3373391;1;3;1; ; ; ; ; ; ; ; ; ; ; ; ;12;876,298172423089
3373391;1;4;1; ; ; ; ; ; ; ; ; ; ; ; ;12;876,298172423089
3373391;1;5;1; ; ; ; ; ; ; ; ; ; ; ; ;12;876,298172423089
3373392;1;1;2;2;47; ;2; ; ;1;2; ; ;1; ;12;91,7444275107182
3373392;1;2;1; ; ; ; ; ; ; ; ; ; ; ; ;12;91,7444275107182
3373392;1;3;1; ; ; ; ; ; ; ; ; ; ; ; ;12;91,7444275107182
3373392;1;4;1; ; ; ; ; ; ; ; ; ; ; ; ;12;91,7444275107182
3373392;1;5;1; ; ; ; ; ; ; ; ; ; ; ; ;12;91,7444275107182
3373392;1;6;1; ; ; ; ; ; ; ; ; ; ; ; ;12;91,7444275107182
3373392;1;7;1; ; ; ; ; ; ; ; ; ; ; ; ;12;91,7444275107182
3373392;1;8;1; ; ; ; ; ; ; ; ; ; ; ; ;12;91,7444275107182
3373393;1;1;2;2;44; ;2; ; ;1;2; ; ;1; ;12;153,432801706656
3373393;1;2;2;2;44; ;2; ; ;1;2; ; ;1; ;12;153,432801706656
3373393;1;3;2;2;44; ;2; ; ;1;2; ; ;1; ;12;153,432801706656
3373394;1;1;2;2;47; ;2; ; ;1;2; ; ;1; ;12;141,636150675981
3373394;1;2;1; ; ; ; ; ; ; ; ; ; ; ; ;12;141,636150675981
3373394;1;3;1; ; ; ; ; ; ; ; ; ; ; ; ;12;141,636150675981
3373394;1;4;2;2;47; ;3;47; ;1;2; ; ;1; ;12;141,636150675981
3373395;1;1;1; ; ; ; ; ; ; ; ; ; ; ; ;12;161,365325534426
3373395;1;2;1; ; ; ; ; ; ; ; ; ; ; ; ;12;161,365325534426
3373396;1;1;2;2;20; ;2; ; ;1;2; ; ;1; ;12;132,699287896456
3373396;1;2;1; ; ; ; ; ; ; ; ; ; ; ; ;12;132,699287896456
3373396;1;3;2;1; ; ;3;44; ;1;2; ; ;1; ;12;132,699287896456
3373396;1;4;2;2;44; ;1; ; ; ;2; ; ;1; ;12;132,699287896456
3373397;1;1;1; ; ; ; ; ; ; ; ; ; ; ; ;12;138,438605102056
3373397;1;2;1; ; ; ; ; ; ; ; ; ; ; ; ;12;138,438605102056
3373397;1;3;1; ; ; ; ; ; ; ; ; ; ; ; ;12;138,438605102056
3373397;1;4;1; ; ; ; ; ; ; ; ; ; ; ; ;12;138,438605102056
3373398;1;1;1; ; ; ; ; ; ; ; ; ; ; ; ;12;173,392832422944
3373398;1;2;2;2;47; ;2; ; ;1;2; ; ;1; ;12;173,392832422944
3373398;1;3;1; ; ; ; ; ; ; ; ; ; ; ; ;12;173,392832422944
3373399;1;1;2;2;63; ;2; ; ;1;2; ; ;1; ;12;106,997110055064
3373399;1;2;1; ; ; ; ; ; ; ; ; ; ; ; ;12;106,997110055064
3373399;1;3;1; ; ; ; ; ; ; ; ; ; ; ; ;12;106,997110055064
3373399;1;4;2;2;20; ;2; ; ;1;2; ; ;1; ;12;106,997110055064
3373399;1;5;1; ; ; ; ; ; ; ; ; ; ; ; ;12;106,997110055064
3373400;1;1;1; ; ; ; ; ; ; ; ; ; ; ; ;12;187,66606712358
3373400;1;2;2;2;08; ;2; ; ;1;2; ; ;1; ;12;187,66606712358
3373400;1;3;1; ; ; ; ; ; ; ; ; ; ; ; ;12;187,66606712358
3373400;1;4;1; ; ; ; ; ; ; ; ; ; ; ; ;12;187,66606712358
3373400;1;5;1; ; ; ; ; ; ; ; ; ; ; ; ;12;187,66606712358
3373401;1;1;1; ; ; ; ; ; ; ; ; ; ; ; ;12;246,787518850013
3373401;1;2;2;2;70; ;2; ; ;1;2; ; ;1; ;12;246,787518850013
3373401;1;3;1; ; ; ; ; ; ; ; ; ; ; ; ;12;246,787518850013
3373401;1;4;1; ; ; ; ; ; ; ; ; ; ; ; ;12;246,787518850013
3373401;1;5;1; ; ; ; ; ; ; ; ; ; ; ; ;12;246,787518850013
3373401;1;6;1; ; ; ; ; ; ; ; ; ; ; ; ;12;246,787518850013
3373401;1;7;1; ; ; ; ; ; ; ; ; ; ; ; ;12;246,787518850013
3373402;1;1;1; ; ; ; ; ; ; ; ; ; ; ; ;12;197,843749982531
3373402;1;2;1; ; ; ; ; ; ; ; ; ; ; ; ;12;197,843749982531
3373402;1;3;1; ; ; ; ; ; ; ; ; ; ; ; ;12;197,843749982531
3373402;1;4;1; ; ; ; ; ; ; ; ; ; ; ; ;12;197,843749982531
3373403;1;1;2;2;47; ;2; ; ;1;2; ; ;1; ;12;181,752707490445
3373403;1;2;2;2;54; ;2; ; ;1;2; ; ;1; ;12;181,752707490445
3373403;1;3;1; ; ; ; ; ; ; ; ; ; ; ; ;12;181,752707490445
3373403;1;4;1; ; ; ; ; ; ; ; ; ; ; ; ;12;181,752707490445
3373403;1;5;1; ; ; ; ; ; ; ; ; ; ; ; ;12;181,752707490445
3373404;1;1;1; ; ; ; ; ; ; ; ; ; ; ; ;12;225,593790214162
3373404;1;2;1; ; ; ; ; ; ; ; ; ; ; ; ;12;225,593790214162
3373404;1;3;1; ; ; ; ; ; ; ; ; ; ; ; ;12;225,593790214162
3373404;1;4;1; ; ; ; ; ; ; ; ; ; ; ; ;12;225,593790214162
3373404;1;5;2;1; ; ;2; ; ;1;2; ; ;1; ;12;225,593790214162
3373404;1;6;2;2;20; ;3;11; ;1;2; ; ;1; ;12;225,593790214162
3373404;1;7;1; ; ; ; ; ; ; ; ; ; ; ; ;12;225,593790214162
3373405;1;1;1; ; ; ; ; ; ; ; ; ; ; ; ;12;169,48144710492
3373405;1;2;1; ; ; ; ; ; ; ; ; ; ; ; ;12;169,48144710492
3373405;1;3;2;1; ; ;3;08; ;1;2; ; ;1; ;12;169,48144710492
3373405;1;4;1; ; ; ; ; ; ; ; ; ; ; ; ;12;169,48144710492
3373405;1;5;1; ; ; ; ; ; ; ; ; ; ; ; ;12;169,48144710492
3373408;1;1;2;2;47; ;2; ; ;1;2; ; ;1; ;12;166,305987000997
3373408;1;2;2;2;47; ;2; ; ;1;2; ; ;1; ;12;166,305987000997
3373408;1;3;2;2;47; ;2; ; ;1;2; ; ;1; ;12;166,305987000997
3373408;1;4;1; ; ; ; ; ; ; ; ; ; ; ; ;12;166,305987000997
3373408;1;5;2;2;47; ;2; ; ;1;2; ; ;1; ;12;166,305987000997
3373409;1;1;2;2;15; ;2; ; ;1;2; ; ;1; ;12;153,086669852475
3373409;1;2;2;2;20; ;2; ; ;1;2; ; ;1; ;12;153,086669852475
3373409;1;3;2;2;20; ;2; ; ;1;2; ; ;1; ;12;153,086669852475
3373409;1;4;2;2;08; ;2; ; ;1;2; ; ;1; ;12;153,086669852475
3373409;1;5;2;2;20; ;2; ; ;1;2; ; ;1; ;12;153,086669852475
3373409;1;6;2;2;20; ;3;47; ;1;2; ; ;1; ;12;153,086669852475
3373409;1;7;1; ; ; ; ; ; ; ; ; ; ; ; ;12;153,086669852475
3373410;1;1;2;2;27; ;2; ; ;1;2; ; ;1; ;12;139,835905246775
3373410;1;2;1; ; ; ; ; ; ; ; ; ; ; ; ;12;139,835905246775
3373410;1;3;1; ; ; ; ; ; ; ; ; ; ; ; ;12;139,835905246775
3373410;1;4;1; ; ; ; ; ; ; ; ; ; ; ; ;12;139,835905246775
3373410;1;5;1; ; ; ; ; ; ; ; ; ; ; ; ;12;139,835905246775
3373411;1;1;1; ; ; ; ; ; ; ; ; ; ; ; ;12;156,463995793848
3373411;1;2;1; ; ; ; ; ; ; ; ; ; ; ; ;12;156,463995793848
3373411;1;3;1; ; ; ; ; ; ; ; ; ; ; ; ;12;156,463995793848
3373412;1;1;1; ; ; ; ; ; ; ; ; ; ; ; ;12;156,463995793848
3373412;1;2;2;2;44; ;2; ; ;1;2; ; ;1; ;12;156,463995793848
3373412;1;3;1; ; ; ; ; ; ; ; ; ; ; ; ;12;156,463995793848
3373413;1;1;2;2;47; ;2; ; ;1;2; ; ;1; ;12;158,699283403588
3373413;1;2;1; ; ; ; ; ; ; ; ; ; ; ; ;12;158,699283403588
3373413;1;3;1; ; ; ; ; ; ; ; ; ; ; ; ;12;158,699283403588
3373413;1;4;1; ; ; ; ; ; ; ; ; ; ; ; ;12;158,699283403588
3373413;1;5;1; ; ; ; ; ; ; ; ; ; ; ; ;12;158,699283403588
3373414;1;1;2;2;20; ;2; ; ;1;2; ; ;1; ;12;126,072088519222
3373414;1;2;2;2;20; ;2; ; ;1;2; ; ;1; ;12;126,072088519222
3373414;1;3;1; ; ; ; ; ; ; ; ; ; ; ; ;12;126,072088519222
3373414;1;4;1; ; ; ; ; ; ; ; ; ; ; ; ;12;126,072088519222
3373414;1;5;1; ; ; ; ; ; ; ; ; ; ; ; ;12;126,072088519222
3373414;1;6;1; ; ; ; ; ; ; ; ; ; ; ; ;12;126,072088519222
3373415;1;1;1; ; ; ; ; ; ; ; ; ; ; ; ;12;190,707132632213
3373415;1;2;1; ; ; ; ; ; ; ; ; ; ; ; ;12;190,707132632213
3373415;1;3;1; ; ; ; ; ; ; ; ; ; ; ; ;12;190,707132632213
3373416;1;1;2;2;76; ;2; ; ;1;2; ; ;1; ;12;151,562666053269
3373416;1;2;2;2;13; ;2; ; ;1;2; ; ;1; ;12;151,562666053269
3373416;1;3;2;2;20; ;2; ; ;1;2; ; ;1; ;12;151,562666053269
3373416;1;4;1; ; ; ; ; ; ; ; ; ; ; ; ;12;151,562666053269
3373418;1;1;1; ; ; ; ; ; ; ; ; ; ; ; ;12;186,286329341105
3373418;1;2;1; ; ; ; ; ; ; ; ; ; ; ; ;12;186,286329341105
3373419;1;1;1; ; ; ; ; ; ; ; ; ; ; ; ;12;161,365325534426
3373419;1;2;1; ; ; ; ; ; ; ; ; ; ; ; ;12;161,365325534426
3373420;1;1;1; ; ; ; ; ; ; ; ; ; ; ; ;12;168,501942884745
3373420;1;2;1; ; ; ; ; ; ; ; ; ; ; ; ;12;168,501942884745
3373420;1;3;1; ; ; ; ; ; ; ; ; ; ; ; ;12;168,501942884745
3373423;1;1;2;2;47; ;2; ; ;1;2; ; ;1; ;12;127,882774150808
3373423;1;2;1; ; ; ; ; ; ; ; ; ; ; ; ;12;127,882774150808
3373423;1;3;1; ; ; ; ; ; ; ; ; ; ; ; ;12;127,882774150808
3373423;1;4;1; ; ; ; ; ; ; ; ; ; ; ; ;12;127,882774150808
3373424;1;1;1; ; ; ; ; ; ; ; ; ; ; ; ;12;161,66626494446
3373424;1;2;1; ; ; ; ; ; ; ; ; ; ; ; ;12;161,66626494446
3373424;1;3;1; ; ; ; ; ; ; ; ; ; ; ; ;12;161,66626494446
3373424;1;4;1; ; ; ; ; ; ; ; ; ; ; ; ;12;161,66626494446
3373425;1;1;1; ; ; ; ; ; ; ; ; ; ; ; ;12;142,859408393164
3373425;1;2;2;2;05; ;2; ; ;1;2; ; ;1; ;12;142,859408393164
3373425;1;3;1; ; ; ; ; ; ; ; ; ; ; ; ;12;142,859408393164
3373425;1;4;1; ; ; ; ; ; ; ; ; ; ; ; ;12;142,859408393164
3373425;1;5;1; ; ; ; ; ; ; ; ; ; ; ; ;12;142,859408393164
3373426;1;1;2;2;23; ;2; ; ;1;2; ; ;1; ;12;147,778300495986
3373426;1;2;2;2;23; ;2; ; ;1;2; ; ;1; ;12;147,778300495986
3373427;1;1;1; ; ; ; ; ; ; ; ; ; ; ; ;12;173,912690598407
3373427;1;2;1; ; ; ; ; ; ; ; ; ; ; ; ;12;173,912690598407
3373427;1;3;1; ; ; ; ; ; ; ; ; ; ; ; ;12;173,912690598407
3373427;1;4;1; ; ; ; ; ; ; ; ; ; ; ; ;12;173,912690598407
3373427;1;5;1; ; ; ; ; ; ; ; ; ; ; ; ;12;173,912690598407
3373428;1;1;2;2;20; ;2; ; ;1;2; ; ;1; ;12;139,149695584579
3373428;1;2;2;2;25; ;2; ; ;1;2; ; ;1; ;12;139,149695584579
3373428;1;3;1; ; ; ; ; ; ; ; ; ; ; ; ;12;139,149695584579
3373429;1;1;2;2;47; ;2; ; ;1;2; ; ;1; ;12;92,3238726595267
3373429;1;2;2;2;20; ;2; ; ;1;2; ; ;1; ;12;92,3238726595267
3373429;1;3;1; ; ; ; ; ; ; ; ; ; ; ; ;12;92,3238726595267
3373429;1;4;1; ; ; ; ; ; ; ; ; ; ; ; ;12;92,3238726595267
3373430;1;1;2;2;47; ;2; ; ;1;2; ; ;1; ;12;175,638560235063
3373430;1;2;1; ; ; ; ; ; ; ; ; ; ; ; ;12;175,638560235063
3373430;1;3;1; ; ; ; ; ; ; ; ; ; ; ; ;12;175,638560235063
3373430;1;4;2;2;47; ;2; ; ;1;2; ; ;1; ;12;175,638560235063
3373431;1;1;2;2;13; ;2; ; ;1;2; ; ;1; ;12;125,177400293976
3373431;1;2;1; ; ; ; ; ; ; ; ; ; ; ; ;12;125,177400293976
3373431;1;3;1; ; ; ; ; ; ; ; ; ; ; ; ;12;125,177400293976
3373432;1;1;2;2;08; ;2; ; ;1;3;20; ;1; ;12;154,268039910101
3373432;1;2;2;1; ; ;2; ; ;1;2; ; ;1; ;12;154,268039910101
3373432;1;3;2;2;44; ;2; ; ;1;2; ; ;1; ;12;154,268039910101
3373432;1;4;2;2;44; ;2; ; ;1;2; ; ;1; ;12;154,268039910101
3373432;1;5;2;2;44; ;2; ; ;1;2; ; ;1; ;12;154,268039910101
3373434;1;1;2;2;54; ;2; ; ;1;2; ; ;1; ;12;81,8919961011898
3373434;1;2;1; ; ; ; ; ; ; ; ; ; ; ; ;12;81,8919961011898
3373434;1;3;1; ; ; ; ; ; ; ; ; ; ; ; ;12;81,8919961011898
3373434;1;4;1; ; ; ; ; ; ; ; ; ; ; ; ;12;81,8919961011898
3373434;1;5;1; ; ; ; ; ; ; ; ; ; ; ; ;12;81,8919961011898
3373434;1;6;1; ; ; ; ; ; ; ; ; ; ; ; ;12;81,8919961011898
3373434;1;7;1; ; ; ; ; ; ; ; ; ; ; ; ;12;81,8919961011898
3373435;1;1;2;2;68; ;2; ; ;1;2; ; ;1; ;12;140,164474738711
3373435;1;2;1; ; ; ; ; ; ; ; ; ; ; ; ;12;140,164474738711
3373435;1;3;1; ; ; ; ; ; ; ; ; ; ; ; ;12;140,164474738711
3373438;1;1;1; ; ; ; ; ; ; ; ; ; ; ; ;12;129,608643787463
3373438;1;2;1; ; ; ; ; ; ; ; ; ; ; ; ;12;129,608643787463
3373438;1;3;1; ; ; ; ; ; ; ; ; ; ; ; ;12;129,608643787463
3373439;1;1;2;2;73; ;2; ; ;1;2; ; ;1; ;12;138,604956588789
3373439;1;2;1; ; ; ; ; ; ; ; ; ; ; ; ;12;138,604956588789
3373439;1;3;1; ; ; ; ; ; ; ; ; ; ; ; ;12;138,604956588789
3373439;1;4;2;2;73; ;2; ; ;1;2; ; ;1; ;12;138,604956588789
3373440;1;1;1; ; ; ; ; ; ; ; ; ; ; ; ;12;135,019391501126
3373440;1;2;1; ; ; ; ; ; ; ; ; ; ; ; ;12;135,019391501126
3373440;1;3;1; ; ; ; ; ; ; ; ; ; ; ; ;12;135,019391501126
3373440;1;4;1; ; ; ; ; ; ; ; ; ; ; ; ;12;135,019391501126
3373440;1;5;1; ; ; ; ; ; ; ; ; ; ; ; ;12;135,019391501126
3373441;1;1;2;2;20; ;3;08; ;1;2; ; ;1; ;12;185,1691718298
3373441;1;2;2;2;08; ;3;08; ;1;2; ; ;1; ;12;185,1691718298
3373441;1;3;1; ; ; ; ; ; ; ; ; ; ; ; ;12;185,1691718298
3373441;1;4;2;2;20; ;3;08; ;1;2; ; ;1; ;12;185,1691718298
3373441;1;5;2;2;08; ;3;08; ;1;3;08; ;1; ;12;185,1691718298
3373442;1;1;1; ; ; ; ; ; ; ; ; ; ; ; ;12;134,499533325663
3373442;1;2;1; ; ; ; ; ; ; ; ; ; ; ; ;12;134,499533325663
3373442;1;3;1; ; ; ; ; ; ; ; ; ; ; ; ;12;134,499533325663
3373443;1;1;1; ; ; ; ; ; ; ; ; ; ; ; ;12;168,501942884745
3373443;1;2;1; ; ; ; ; ; ; ; ; ; ; ; ;12;168,501942884745
3373443;1;3;1; ; ; ; ; ; ; ; ; ; ; ; ;12;168,501942884745
3373444;1;1;2;2;20; ;2; ; ;1;2; ; ;1; ;12;186,286329341105
3373444;1;2;2;2;47; ;3;47; ;1;3;47; ;1; ;12;186,286329341105
3373445;1;1;1; ; ; ; ; ; ; ; ; ; ; ; ;12;117,570696696566
3373445;1;2;1; ; ; ; ; ; ; ; ; ; ; ; ;12;117,570696696566
3373445;1;3;1; ; ; ; ; ; ; ; ; ; ; ; ;12;117,570696696566
3373446;1;1;1; ; ; ; ; ; ; ; ; ; ; ; ;12;101,402252194206
3373446;1;2;1; ; ; ; ; ; ; ; ; ; ; ; ;12;101,402252194206
3373446;1;3;1; ; ; ; ; ; ; ; ; ; ; ; ;12;101,402252194206
3373446;1;4;1; ; ; ; ; ; ; ; ; ; ; ; ;12;101,402252194206
3373446;1;5;1; ; ; ; ; ; ; ; ; ; ; ; ;12;101,402252194206
3373448;1;1;2;2;15; ;3;05; ;2;2; ; ;1; ;12;158,699283403588
3373448;1;2;2;2;41; ;3;41; ;1;2; ; ;1; ;12;158,699283403588
3373448;1;3;2;2;41; ;3;41; ;1;2; ; ;1; ;12;158,699283403588
3373448;1;4;2;2;41; ;3;41; ;1;2; ; ;1; ;12;158,699283403588
3373448;1;5;1; ; ; ; ; ; ; ; ; ; ; ; ;12;158,699283403588
3373449;1;1;2;2;20; ;2; ; ;1;2; ; ;1; ;12;147,778300495986
3373449;1;2;1; ; ; ; ; ; ; ; ; ; ; ; ;12;147,778300495986
3373450;1;1;2;2;20; ;2; ; ;1;2; ; ;1; ;12;146,33551608233
3373450;1;2;2;2;47; ;2; ; ;1;2; ; ;1; ;12;146,33551608233
3373450;1;3;1; ; ; ; ; ; ; ; ; ; ; ; ;12;146,33551608233
3373450;1;4;2;1; ; ;2; ; ;1;2; ; ;1; ;12;146,33551608233
3373450;1;5;1; ; ; ; ; ; ; ; ; ; ; ; ;12;146,33551608233
3373450;1;6;1; ; ; ; ; ; ; ; ; ; ; ; ;12;146,33551608233
3373451;1;1;2;2;20; ;2; ; ;1;2; ; ;1; ;12;164,233693685371
3373451;1;2;2;2;20; ;2; ; ;1;2; ; ;1; ;12;164,233693685371
3373451;1;3;2;2;20; ;2; ; ;1;2; ; ;1; ;12;164,233693685371
3373451;1;4;2;2;20; ;2; ; ;1;2; ; ;1; ;12;164,233693685371
3373451;1;5;1; ; ; ; ; ; ; ; ; ; ; ; ;12;164,233693685371
3373451;1;6;1; ; ; ; ; ; ; ; ; ; ; ; ;12;164,233693685371
3373451;1;7;1; ; ; ; ; ; ; ; ; ; ; ; ;12;164,233693685371
3373451;1;8;1; ; ; ; ; ; ; ; ; ; ; ; ;12;164,233693685371
3373451;1;9;1; ; ; ; ; ; ; ; ; ; ; ; ;12;164,233693685371
3373452;1;1;2;2;13; ;2; ; ;1;2; ; ;1; ;12;185,470111239833
3373452;1;2;2;2;13; ;2; ; ;1;2; ; ;1; ;12;185,470111239833
3373452;1;3;2;2;11; ;3;13; ;1;3;13; ;1; ;12;185,470111239833
3373452;1;4;2;2;13; ;2; ; ;1;2; ; ;1; ;12;185,470111239833
3373452;1;5;2;2;13; ;2; ; ;1;2; ; ;1; ;12;185,470111239833
3373452;1;6;1; ; ; ; ; ; ; ; ; ; ; ; ;12;185,470111239833
3373452;1;7;1; ; ; ; ; ; ; ; ; ; ; ; ;12;185,470111239833
3373453;1;1;1; ; ; ; ; ; ; ; ; ; ; ; ;12;173,912690598407
3373453;1;2;1; ; ; ; ; ; ; ; ; ; ; ; ;12;173,912690598407
3373453;1;3;1; ; ; ; ; ; ; ; ; ; ; ; ;12;173,912690598407
3373453;1;4;1; ; ; ; ; ; ; ; ; ; ; ; ;12;173,912690598407
3373453;1;5;1; ; ; ; ; ; ; ; ; ; ; ; ;12;173,912690598407
3373454;1;1;1; ; ; ; ; ; ; ; ; ; ; ; ;12;183,234823630094
3373454;1;2;2;2;20; ;2; ; ;1;2; ; ;1; ;12;183,234823630094
3373454;1;3;1; ; ; ; ; ; ; ; ; ; ; ; ;12;183,234823630094
3373454;1;4;1; ; ; ; ; ; ; ; ; ; ; ; ;12;183,234823630094
3373454;1;5;1; ; ; ; ; ; ; ; ; ; ; ; ;12;183,234823630094
3373455;1;1;1; ; ; ; ; ; ; ; ; ; ; ; ;12;164,070699391258
3373455;1;2;1; ; ; ; ; ; ; ; ; ; ; ; ;12;164,070699391258
3373455;1;3;1; ; ; ; ; ; ; ; ; ; ; ; ;12;164,070699391258
3373456;1;1;1; ; ; ; ; ; ; ; ; ; ; ; ;12;140,539498116505
3373456;1;2;1; ; ; ; ; ; ; ; ; ; ; ; ;12;140,539498116505
3373456;1;3;1; ; ; ; ; ; ; ; ; ; ; ; ;12;140,539498116505
3373456;1;4;1; ; ; ; ; ; ; ; ; ; ; ; ;12;140,539498116505
3373457;1;1;2;2;54; ;3;13; ;1;2; ; ;1; ;12;156,463995793848
3373457;1;2;2;2;54; ;2; ; ;1;2; ; ;1; ;12;156,463995793848
3373457;1;3;2;2;54; ;2; ; ;1;2; ; ;1; ;12;156,463995793848
3373458;1;1;2;2;44; ;2; ; ;1;2; ; ;1; ;12;190,707132632213
3373458;1;2;2;1; ; ;2; ; ;1;4; ;3; ;2;12;190,707132632213
3373458;1;3;2;3; ;3;1; ; ; ;1; ; ; ; ;12;190,707132632213
3373459;1;1;1; ; ; ; ; ; ; ; ; ; ; ; ;12;183,580955484274
3373460;1;1;2;2;20; ;2; ; ;1;2; ; ;1; ;12;146,32564466089
3373460;1;2;1; ; ; ; ; ; ; ; ; ; ; ; ;12;146,32564466089
3373460;1;3;1; ; ; ; ; ; ; ; ; ; ; ; ;12;146,32564466089
3373460;1;4;1; ; ; ; ; ; ; ; ; ; ; ; ;12;146,32564466089
3373460;1;5;1; ; ; ; ; ; ; ; ; ; ; ; ;12;146,32564466089
3373460;1;6;1; ; ; ; ; ; ; ; ; ; ; ; ;12;146,32564466089
3373460;1;7;1; ; ; ; ; ; ; ; ; ; ; ; ;12;146,32564466089
3373460;1;8;1; ; ; ; ; ; ; ; ; ; ; ; ;12;146,32564466089
3373461;1;1;2;2;20; ;2; ; ;1;2; ; ;1; ;12;183,580955484274
3373462;1;1;2;2;44; ;2; ; ;1;2; ; ;1; ;12;111,590375255536
3373462;1;2;2;2;44; ;2; ; ;1;2; ; ;1; ;12;111,590375255536
3373462;1;3;2;2;44; ;2; ; ;1;2; ; ;1; ;12;111,590375255536
3373464;1;1;2;2;44; ;2; ; ;1;2; ; ;1; ;12;107,382573635237
3373464;1;2;1; ; ; ; ; ; ; ; ; ; ; ; ;12;107,382573635237
3373464;1;3;1; ; ; ; ; ; ; ; ; ; ; ; ;12;107,382573635237
3373464;1;4;1; ; ; ; ; ; ; ; ; ; ; ; ;12;107,382573635237
3373464;1;5;1; ; ; ; ; ; ; ; ; ; ; ; ;12;107,382573635237
3373465;1;1;2;2;20; ;2; ; ;1;2; ; ;1; ;12;193,412506489044
3373465;1;2;1; ; ; ; ; ; ; ; ; ; ; ; ;12;193,412506489044
3373465;1;3;1; ; ; ; ; ; ; ; ; ; ; ; ;12;193,412506489044
3373465;1;4;1; ; ; ; ; ; ; ; ; ; ; ; ;12;193,412506489044
3373466;1;1;2;2;47; ;2; ; ;1;2; ; ;1; ;12;116,021618749022
3373466;1;2;1; ; ; ; ; ; ; ; ; ; ; ; ;12;116,021618749022
3373466;1;3;1; ; ; ; ; ; ; ; ; ; ; ; ;12;116,021618749022
3373467;1;1;1; ; ; ; ; ; ; ; ; ; ; ; ;12;181,384999600527
3373467;1;2;1; ; ; ; ; ; ; ; ; ; ; ; ;12;181,384999600527
3373467;1;3;1; ; ; ; ; ; ; ; ; ; ; ; ;12;181,384999600527
3373468;1;1;1; ; ; ; ; ; ; ; ; ; ; ; ;12;175,376952551022
3373468;2;1;1; ; ; ; ; ; ; ; ; ; ; ; ;12;175,376952551022
3373468;2;2;1; ; ; ; ; ; ; ; ; ; ; ; ;12;175,376952551022
3373468;2;3;1; ; ; ; ; ; ; ; ; ; ; ; ;12;175,376952551022
3373468;3;1;1; ; ; ; ; ; ; ; ; ; ; ; ;12;175,376952551022
3373468;3;2;1; ; ; ; ; ; ; ; ; ; ; ; ;12;175,376952551022
3373469;1;1;1; ; ; ; ; ; ; ; ; ; ; ; ;12;161,874743507511
3373469;1;2;2;2;20; ;2; ; ;1;2; ; ;1; ;12;161,874743507511
3373469;1;3;1; ; ; ; ; ; ; ; ; ; ; ; ;12;161,874743507511
3373469;1;4;1; ; ; ; ; ; ; ; ; ; ; ; ;12;161,874743507511
3373469;1;5;2;2;13; ;2; ; ;1;2; ; ;1; ;12;161,874743507511
3373470;1;1;2;2;20; ;2; ; ;1;2; ; ;1; ;12;128,126527647815
3373470;1;2;1; ; ; ; ; ; ; ; ; ; ; ; ;12;128,126527647815
3373470;1;3;1; ; ; ; ; ; ; ; ; ; ; ; ;12;128,126527647815
3373471;1;1;1; ; ; ; ; ; ; ; ; ; ; ; ;12;122,839734327064
3373471;1;2;2;2;23; ;2; ; ;1;2; ; ;1; ;12;122,839734327064
3373471;1;3;1; ; ; ; ; ; ; ; ; ; ; ; ;12;122,839734327064
3373471;1;4;1; ; ; ; ; ; ; ; ; ; ; ; ;12;122,839734327064
3373472;1;1;2;2;47; ;2; ; ;1;2; ; ;1; ;12;162,118497004518
3373472;1;2;2;2;47; ;2; ; ;1;2; ; ;1; ;12;162,118497004518
3373472;1;3;2;2;47; ;2; ; ;1;2; ; ;1; ;12;162,118497004518
3373472;1;4;2;2;47; ;2; ; ;1;2; ; ;1; ;12;162,118497004518
3373473;1;1;1; ; ; ; ; ; ; ; ; ; ; ; ;12;161,66626494446
3373473;1;2;2;2;13; ;2; ; ;1;2; ; ;1; ;12;161,66626494446
3373473;1;3;1; ; ; ; ; ; ; ; ; ; ; ; ;12;161,66626494446
3373473;1;4;1; ; ; ; ; ; ; ; ; ; ; ; ;12;161,66626494446
3373474;1;1;2;2;13; ;2; ; ;1;2; ; ;1; ;12;122,146206206784
3373474;1;2;2;2;47; ;2; ; ;1;2; ; ;1; ;12;122,146206206784
3373474;1;3;1; ; ; ; ; ; ; ; ; ; ; ; ;12;122,146206206784
3373475;1;1;2;2;47; ;2; ; ;1;2; ; ;1; ;12;180,529449773262
3373475;1;2;1; ; ; ; ; ; ; ; ; ; ; ; ;12;180,529449773262
3373475;1;3;1; ; ; ; ; ; ; ; ; ; ; ; ;12;180,529449773262
3373475;1;4;1; ; ; ; ; ; ; ; ; ; ; ; ;12;180,529449773262
3373476;1;1;1; ; ; ; ; ; ; ; ; ; ; ; ;12;141,64659087836
3373476;1;2;1; ; ; ; ; ; ; ; ; ; ; ; ;12;141,64659087836
3373476;1;3;1; ; ; ; ; ; ; ; ; ; ; ; ;12;141,64659087836
3373477;1;1;1; ; ; ; ; ; ; ; ; ; ; ; ;12;168,501942884745
3373477;1;2;1; ; ; ; ; ; ; ; ; ; ; ; ;12;168,501942884745
3373477;1;3;1; ; ; ; ; ; ; ; ; ; ; ; ;12;168,501942884745
3373478;1;1;2;2;20; ;2; ; ;1;2; ; ;1; ;12;114,989277232647
3373478;1;2;1; ; ; ; ; ; ; ; ; ; ; ; ;12;114,989277232647
3373478;1;3;1; ; ; ; ; ; ; ; ; ; ; ; ;12;114,989277232647
3373478;1;4;1; ; ; ; ; ; ; ; ; ; ; ; ;12;114,989277232647
3373478;1;5;1; ; ; ; ; ; ; ; ; ; ; ; ;12;114,989277232647
3373479;1;1;2;2;68; ;2; ; ;1;2; ; ;1; ;12;197,843749982531
3373479;1;2;2;2;47; ;2; ; ;1;2; ; ;1; ;12;197,843749982531
3373479;1;3;1; ; ; ; ; ; ; ; ; ; ; ; ;12;197,843749982531
3373479;1;4;1; ; ; ; ; ; ; ; ; ; ; ; ;12;197,843749982531
3373480;1;1;2;2;68; ;2; ; ;1;2; ; ;1; ;12;168,501942884745
3373480;1;2;1; ; ; ; ; ; ; ; ; ; ; ; ;12;168,501942884745
3373480;1;3;1; ; ; ; ; ; ; ; ; ; ; ; ;12;168,501942884745
3373481;1;1;1; ; ; ; ; ; ; ; ; ; ; ; ;12;129,598203585084
3373481;1;2;2;2;44; ;2; ; ;1;2; ; ;1; ;12;129,598203585084
3373481;1;3;2;2;11; ;2; ; ;1;2; ; ;1; ;12;129,598203585084
3373481;1;4;2;2;11; ;1; ; ; ;2; ; ;1; ;12;129,598203585084
3373483;1;1;2;2;44; ;2; ; ;1;2; ; ;1; ;12;113,786331139283
3373484;1;1;1; ; ; ; ; ; ; ; ; ; ; ; ;12;146,537480416559
3373484;1;2;1; ; ; ; ; ; ; ; ; ; ; ; ;12;146,537480416559
3373484;1;3;1; ; ; ; ; ; ; ; ; ; ; ; ;12;146,537480416559
3373485;1;1;1; ; ; ; ; ; ; ; ; ; ; ; ;12;166,776073248089
3373485;1;2;2;2;76; ;2; ; ;1;2; ; ;1; ;12;166,776073248089
3373485;1;3;1; ; ; ; ; ; ; ; ; ; ; ; ;12;166,776073248089
3373485;1;4;1; ; ; ; ; ; ; ; ; ; ; ; ;12;166,776073248089
3373486;1;1;2;2;44; ;2; ; ;1;2; ; ;1; ;12;173,392832422944
3373486;1;2;2;2;44; ;2; ; ;1;2; ; ;1; ;12;173,392832422944
3373486;1;3;1; ; ; ; ; ; ; ; ; ; ; ; ;12;173,392832422944
3373487;1;1;2;1; ; ;2; ; ;1;2; ; ;1; ;12;160,307811372933
3373487;1;2;2;2;44; ;2; ; ;1;2; ; ;1; ;12;160,307811372933
3373487;1;3;2;2;44; ;2; ; ;1;2; ; ;1; ;12;160,307811372933
3373487;1;4;1; ; ; ; ; ; ; ; ; ; ; ; ;12;160,307811372933
3373487;1;5;1; ; ; ; ; ; ; ; ; ; ; ; ;12;160,307811372933
3373487;1;6;1; ; ; ; ; ; ; ; ; ; ; ; ;12;160,307811372933
3373488;1;1;1; ; ; ; ; ; ; ; ; ; ; ; ;12;188,125713168293
3373488;1;2;2;2;08; ;2; ; ;1;2; ; ;1; ;12;188,125713168293
3373488;1;3;2;2;44; ;2; ; ;1;2; ; ;1; ;12;188,125713168293
3373488;1;4;1; ; ; ; ; ; ; ; ; ; ; ; ;12;188,125713168293
3373488;1;5;1; ; ; ; ; ; ; ; ; ; ; ; ;12;188,125713168293
3373489;1;1;1; ; ; ; ; ; ; ; ; ; ; ; ;12;128,126527647815
3373489;1;2;1; ; ; ; ; ; ; ; ; ; ; ; ;12;128,126527647815
3373489;1;3;1; ; ; ; ; ; ; ; ; ; ; ; ;12;128,126527647815
3373490;1;1;1; ; ; ; ; ; ; ; ; ; ; ; ;12;175,638560235063
3373490;1;2;2;2;47; ;2; ; ;1;2; ; ;1; ;12;175,638560235063
3373490;1;3;1; ; ; ; ; ; ; ; ; ; ; ; ;12;175,638560235063
3373490;1;4;1; ; ; ; ; ; ; ; ; ; ; ; ;12;175,638560235063
3373491;1;1;2;2;44; ;2; ; ;1;2; ; ;1; ;12;178,679625743695
3373491;1;2;2;2;44; ;3;44; ;1;2; ; ;1; ;12;178,679625743695
3373492;1;1;2;2;68; ;3;68; ;1;3;08; ;1; ;12;183,580955484274
3373496;1;1;1; ; ; ; ; ; ; ; ; ; ; ; ;12;217,572924840977
3373496;1;2;1; ; ; ; ; ; ; ; ; ; ; ; ;12;217,572924840977
3373497;1;1;1; ; ; ; ; ; ; ; ; ; ; ; ;12;109,232397664804
3373497;1;2;1; ; ; ; ; ; ; ; ; ; ; ; ;12;109,232397664804
3373497;1;3;1; ; ; ; ; ; ; ; ; ; ; ; ;12;109,232397664804
3373497;1;4;1; ; ; ; ; ; ; ; ; ; ; ; ;12;109,232397664804
3373497;1;5;1; ; ; ; ; ; ; ; ; ; ; ; ;12;109,232397664804
3373497;1;6;1; ; ; ; ; ; ; ; ; ; ; ; ;12;109,232397664804
3373497;1;7;1; ; ; ; ; ; ; ; ; ; ; ; ;12;109,232397664804
3373498;1;1;2;2;76; ;2; ; ;1;2; ; ;1; ;12;164,070699391258
3373498;1;2;2;2;15; ;2; ; ;1;2; ; ;1; ;12;164,070699391258
3373498;1;3;2;2;05; ;2; ; ;1;2; ; ;1; ;12;164,070699391258
3373499;1;1;2;2;68; ;2; ; ;1;2; ; ;1; ;12;152,711839802692
3373499;1;2;1; ; ; ; ; ; ; ; ; ; ; ; ;12;152,711839802692
3373499;1;3;1; ; ; ; ; ; ; ; ; ; ; ; ;12;152,711839802692
3373499;1;4;1; ; ; ; ; ; ; ; ; ; ; ; ;12;152,711839802692
3373499;1;5;1; ; ; ; ; ; ; ; ; ; ; ; ;12;152,711839802692
3373499;1;6;1; ; ; ; ; ; ; ; ; ; ; ; ;12;152,711839802692
3373500;1;1;2;2;20; ;3;20; ;2;2; ; ;1; ;12;180,914913353435
3373500;1;2;1; ; ; ; ; ; ; ; ; ; ; ; ;12;180,914913353435
3373500;1;3;2;2;20; ;3;20; ;2;2; ; ;1; ;12;180,914913353435
3373500;1;4;2;2;13; ;2; ; ;1;2; ; ;1; ;12;180,914913353435
3373501;1;1;2;2;44; ;2; ; ;1;2; ; ;1; ;12;164,823870861349
3373501;1;2;2;2;47; ;2; ; ;1;2; ; ;1; ;12;164,823870861349
3373501;1;3;1; ; ; ; ; ; ; ; ; ; ; ; ;12;164,823870861349
3373501;1;4;1; ; ; ; ; ; ; ; ; ; ; ; ;12;164,823870861349
3373501;1;5;1; ; ; ; ; ; ; ; ; ; ; ; ;12;164,823870861349
3373502;1;1;1; ; ; ; ; ; ; ; ; ; ; ; ;12;176,098206279776
3373502;1;2;2;2;20; ;2; ; ;1;2; ; ;1; ;12;176,098206279776
3373502;1;3;1; ; ; ; ; ; ; ; ; ; ; ; ;12;176,098206279776
3373502;1;4;1; ; ; ; ; ; ; ; ; ; ; ; ;12;176,098206279776
3373503;1;1;2;2;47; ;2; ; ;1;2; ; ;1; ;12;168,491502682366
3373503;1;2;2;2;20; ;2; ; ;1;2; ; ;1; ;12;168,491502682366
3373503;1;3;2;2;20; ;2; ; ;1;2; ; ;1; ;12;168,491502682366
3373503;1;4;2;2;20; ;2; ; ;1;2; ; ;1; ;12;168,491502682366
3373504;1;1;2;2;20; ;2; ; ;1;2; ; ;1; ;12;175,638560235063
3373504;1;2;1; ; ; ; ; ; ; ; ; ; ; ; ;12;175,638560235063
3373504;1;3;1; ; ; ; ; ; ; ; ; ; ; ; ;12;175,638560235063
3373504;1;4;1; ; ; ; ; ; ; ; ; ; ; ; ;12;175,638560235063
3373505;1;1;2;2;13; ;2; ; ;1;2; ; ;1; ;12;185,420339311462
3373505;1;2;2;2;20; ;2; ; ;1;2; ; ;1; ;12;185,420339311462
3373505;1;3;1; ; ; ; ; ; ; ; ; ; ; ; ;12;185,420339311462
3373505;1;4;1; ; ; ; ; ; ; ; ; ; ; ; ;12;185,420339311462
3373508;1;1;2;2;54; ;2; ; ;1;2; ; ;1; ;12;176,533248460309
3373508;1;2;1; ; ; ; ; ; ; ; ; ; ; ; ;12;176,533248460309
3373508;1;3;1; ; ; ; ; ; ; ; ; ; ; ; ;12;176,533248460309
3373508;1;4;1; ; ; ; ; ; ; ; ; ; ; ; ;12;176,533248460309
3373508;1;5;2;2;47; ;2; ; ;1;2; ; ;1; ;12;176,533248460309
3373508;1;6;1; ; ; ; ; ; ; ; ; ; ; ; ;12;176,533248460309
3373508;1;7;1; ; ; ; ; ; ; ; ; ; ; ; ;12;176,533248460309
3373509;1;1;1; ; ; ; ; ; ; ; ; ; ; ; ;12;164,070699391258
3373509;1;2;1; ; ; ; ; ; ; ; ; ; ; ; ;12;164,070699391258
3373509;1;3;1; ; ; ; ; ; ; ; ; ; ; ; ;12;164,070699391258
3373510;1;1;1; ; ; ; ; ; ; ; ; ; ; ; ;12;164,070699391258
3373510;1;2;1; ; ; ; ; ; ; ; ; ; ; ; ;12;164,070699391258
3373510;1;3;1; ; ; ; ; ; ; ; ; ; ; ; ;12;164,070699391258
3373511;1;1;1; ; ; ; ; ; ; ; ; ; ; ; ;12;161,365325534426
3373511;1;2;2;1; ; ;2; ; ;1;2; ; ;1; ;12;161,365325534426
3373512;1;1;1; ; ; ; ; ; ; ; ; ; ; ; ;12;190,717572834592
3373512;1;2;1; ; ; ; ; ; ; ; ; ; ; ; ;12;190,717572834592
3373513;1;1;1; ; ; ; ; ; ; ; ; ; ; ; ;12;156,463995793848
3373513;1;2;1; ; ; ; ; ; ; ; ; ; ; ; ;12;156,463995793848
3373513;1;3;1; ; ; ; ; ; ; ; ; ; ; ; ;12;156,463995793848
3373514;1;1;1; ; ; ; ; ; ; ; ; ; ; ; ;12;156,973413766932
3373514;1;2;1; ; ; ; ; ; ; ; ; ; ; ; ;12;156,973413766932
3373514;1;3;1; ; ; ; ; ; ; ; ; ; ; ; ;12;156,973413766932
3373514;1;4;1; ; ; ; ; ; ; ; ; ; ; ; ;12;156,973413766932
3373514;1;5;1; ; ; ; ; ; ; ; ; ; ; ; ;12;156,973413766932
3373514;1;6;1; ; ; ; ; ; ; ; ; ; ; ; ;12;156,973413766932
3373515;1;1;1; ; ; ; ; ; ; ; ; ; ; ; ;12;216,611970438816
3373515;1;2;1; ; ; ; ; ; ; ; ; ; ; ; ;12;216,611970438816
3373515;1;3;1; ; ; ; ; ; ; ; ; ; ; ; ;12;216,611970438816
3373515;1;4;1; ; ; ; ; ; ; ; ; ; ; ; ;12;216,611970438816
3373515;1;5;1; ; ; ; ; ; ; ; ; ; ; ; ;12;216,611970438816
3373515;1;6;1; ; ; ; ; ; ; ; ; ; ; ; ;12;216,611970438816
3373515;1;7;1; ; ; ; ; ; ; ; ; ; ; ; ;12;216,611970438816
3373516;1;1;1; ; ; ; ; ; ; ; ; ; ; ; ;12;169,725200601928
3373516;1;2;1; ; ; ; ; ; ; ; ; ; ; ; ;12;169,725200601928
3373516;1;3;1; ; ; ; ; ; ; ; ; ; ; ; ;12;169,725200601928
3373516;1;4;1; ; ; ; ; ; ; ; ; ; ; ; ;12;169,725200601928
3373517;1;1;1; ; ; ; ; ; ; ; ; ; ; ; ;12;183,580955484274
3373518;1;1;2;2;08; ;2; ; ;1;2; ; ;1; ;12;186,286329341105
3373518;1;2;1; ; ; ; ; ; ; ; ; ; ; ; ;12;186,286329341105
3373519;1;1;2;2;47; ;2; ; ;1;2; ; ;1; ;12;163,851780625828
3373519;1;2;1; ; ; ; ; ; ; ; ; ; ; ; ;12;163,851780625828
3373519;1;3;1; ; ; ; ; ; ; ; ; ; ; ; ;12;163,851780625828
3373524;1;1;2;2;23; ;2; ; ;1;2; ; ;1; ;12;2652,89766332146
3373524;1;2;2;2;23; ;2; ; ;1;2; ; ;1; ;12;2652,89766332146
3373575;1;1;2;2;73; ;2; ; ;1;2; ; ;1; ;12;114,939664448773
3373581;1;1;1; ; ; ; ; ; ; ; ; ; ; ; ;12;113,732547899741
3373581;1;2;1; ; ; ; ; ; ; ; ; ; ; ; ;12;113,732547899741
3373581;1;3;2;2;41; ;2; ; ;1;2; ; ;1; ;12;113,732547899741
3373581;2;1;1; ; ; ; ; ; ; ; ; ; ; ; ;12;113,732547899741
3373581;2;2;1; ; ; ; ; ; ; ; ; ; ; ; ;12;113,732547899741
3373588;1;1;2;2;41; ;2; ; ;1;1; ; ; ; ;12;114,939664448773
3373696;1;1;1; ; ; ; ; ; ; ; ; ; ; ; ;12;654,235544787809
3373696;1;2;1; ; ; ; ; ; ; ; ; ; ; ; ;12;654,235544787809
3373696;1;3;1; ; ; ; ; ; ; ; ; ; ; ; ;12;654,235544787809
3373696;1;4;2;2;13; ;2; ; ;1;2; ; ;1; ;12;654,235544787809
3373696;1;5;1; ; ; ; ; ; ; ; ; ; ; ; ;12;654,235544787809
3373762;1;1;2;2;73; ;2; ; ;1;2; ; ;1; ;12;2684,13565917411
3373781;1;1;2;2;15; ;2; ; ;1;2; ; ;1; ;12;2541,66426128038
3373787;1;1;2;2;25; ;2; ; ;1;2; ; ;1; ;12;2463,97742656703
3373787;2;1;1; ; ; ; ; ; ; ; ; ; ; ; ;12;2463,97742656703
3373787;3;1;2;2;68; ;2; ; ;1;2; ; ;1; ;12;2463,97742656703
3373789;1;1;2;2;68; ;2; ; ;1;2; ; ;1; ;12;400,620670731388
3373789;1;2;1; ; ; ; ; ; ; ; ; ; ; ; ;12;400,620670731388
3373789;1;3;1; ; ; ; ; ; ; ; ; ; ; ; ;12;400,620670731388
3373789;2;1;2;2;81; ;3;81; ;1;2; ; ;1; ;12;400,620670731388
3373790;1;1;1; ; ; ; ; ; ; ; ; ; ; ; ;12;372,609296212134
3373790;1;2;1; ; ; ; ; ; ; ; ; ; ; ; ;12;372,609296212134
3373790;1;3;1; ; ; ; ; ; ; ; ; ; ; ; ;12;372,609296212134
3373798;1;1;2;1; ; ;2; ; ;1;2; ; ;1; ;12;1203,32301565633
3373800;1;1;2;2;13; ;4; ;3; ;4; ;3; ;1;12;339,417345139885
3373800;1;2;2;2;68; ;4; ;3; ;4; ;3; ;1;12;339,417345139885
3373801;1;1;2;2;68; ;2; ; ;1;2; ; ;1; ;12;562,167544626168
3373801;1;2;2;2;68; ;2; ; ;1;2; ; ;1; ;12;562,167544626168
3373801;1;3;1; ; ; ; ; ; ; ; ; ; ; ; ;12;562,167544626168
3373815;1;1;2;3; ;2;2; ; ;1;2; ; ;1; ;12;509,126017709828
3373815;1;2;2;2;68; ;2; ; ;1;2; ; ;1; ;12;509,126017709828
3373816;1;1;2;2;66; ;2; ; ;1;2; ; ;1; ;12;294,715702211343
3373816;1;2;2;2;86; ;2; ; ;1;2; ; ;1; ;12;294,715702211343
3373817;1;1;2;1; ; ;2; ; ;2;2; ; ;2; ;12;811,469220230973
3373817;1;2;1; ; ; ; ; ; ; ; ; ; ; ; ;12;811,469220230973
3373817;1;3;1; ; ; ; ; ; ; ; ; ; ; ; ;12;811,469220230973
3373817;1;4;1; ; ; ; ; ; ; ; ; ; ; ; ;12;811,469220230973
3373818;1;1;1; ; ; ; ; ; ; ; ; ; ; ; ;12;1035,72330059186
3373820;1;1;1; ; ; ; ; ; ; ; ; ; ; ; ;12;462,762535594735
3373820;1;2;1; ; ; ; ; ; ; ; ; ; ; ; ;12;462,762535594735
3373820;1;3;1; ; ; ; ; ; ; ; ; ; ; ; ;12;462,762535594735
3373820;1;4;1; ; ; ; ; ; ; ; ; ; ; ; ;12;462,762535594735
3373821;1;1;1; ; ; ; ; ; ; ; ; ; ; ; ;12;580,151207292229
3373821;1;2;1; ; ; ; ; ; ; ; ; ; ; ; ;12;580,151207292229
3373821;1;3;1; ; ; ; ; ; ; ; ; ; ; ; ;12;580,151207292229
3373822;1;1;2;2;76; ;2; ; ;1;2; ; ;2;2;12;676,068828874775
3373822;2;1;2;2;76; ;2; ; ;1;2; ; ;1; ;12;676,068828874775
3373823;1;1;2;1; ; ;2; ; ;1;2; ; ;1; ;12;424,043424140539
3373823;1;2;1; ; ; ; ; ; ; ; ; ; ; ; ;12;424,043424140539
3373824;1;1;2;2;27; ;2; ; ;1;2; ; ;1; ;12;463,027963866901
3373824;1;2;2;2;17; ;2; ; ;1;2; ; ;1; ;12;463,027963866901
3373824;1;3;1; ; ; ; ; ; ; ; ; ; ; ; ;12;463,027963866901
3373824;1;4;1; ; ; ; ; ; ; ; ; ; ; ; ;12;463,027963866901
3373824;1;5;1; ; ; ; ; ; ; ; ; ; ; ; ;12;463,027963866901
3373824;1;6;1; ; ; ; ; ; ; ; ; ; ; ; ;12;463,027963866901
3373825;1;1;2;2;27; ;2; ; ;1;2; ; ;1; ;12;642,637725920779
3373825;1;2;1; ; ; ; ; ; ; ; ; ; ; ; ;12;642,637725920779
3373825;1;3;1; ; ; ; ; ; ; ; ; ; ; ; ;12;642,637725920779
3373825;1;4;1; ; ; ; ; ; ; ; ; ; ; ; ;12;642,637725920779
3373826;1;1;1; ; ; ; ; ; ; ; ; ; ; ; ;12;507,679997504894
3373826;1;2;1; ; ; ; ; ; ; ; ; ; ; ; ;12;507,679997504894
3373826;1;3;1; ; ; ; ; ; ; ; ; ; ; ; ;12;507,679997504894
3373827;1;1;2;2;76; ;2; ; ;1;2; ; ;1; ;12;580,151207292229
3373827;1;2;2;1; ; ;2; ; ;1;2; ; ;1; ;12;580,151207292229
3373827;1;3;2;1; ; ;2; ; ;1;2; ; ;1; ;12;580,151207292229
3373828;1;1;1; ; ; ; ; ; ; ; ; ; ; ; ;12;1239,24967505855
3373828;1;2;2;2;27; ;2; ; ;2;2; ; ;2; ;12;1239,24967505855
3373828;1;3;1; ; ; ; ; ; ; ; ; ; ; ; ;12;1239,24967505855
3373828;1;4;1; ; ; ; ; ; ; ; ; ; ; ; ;12;1239,24967505855
3373829;1;1;2;2;63; ;2; ; ;1;2; ; ;1; ;12;567,041422964751
3373829;1;2;2;2;63; ;2; ; ;1;2; ; ;1; ;12;567,041422964751
3373829;1;3;2;2;63; ;2; ; ;1;2; ; ;1; ;12;567,041422964751
3373830;1;1;2;2;27; ;2; ; ;1;2; ; ;1; ;12;611,920633065053
3373830;1;2;1; ; ; ; ; ; ; ; ; ; ; ; ;12;611,920633065053
3373830;1;3;2;2;27; ;1; ; ; ;1; ; ; ; ;12;611,920633065053
3373830;1;4;2;2;27; ;1; ; ; ;1; ; ; ; ;12;611,920633065053
3373831;1;1;1; ; ; ; ; ; ; ; ; ; ; ; ;12;283,152773540856
3373831;1;2;1; ; ; ; ; ; ; ; ; ; ; ; ;12;283,152773540856
3373831;1;3;1; ; ; ; ; ; ; ; ; ; ; ; ;12;283,152773540856
3373831;1;4;2;2;85; ;2; ; ;1;2; ; ;1; ;12;283,152773540856
3373831;1;5;2;1; ; ;3;05; ;1;2; ; ;1; ;12;283,152773540856
3373831;1;6;1; ; ; ; ; ; ; ; ; ; ; ; ;12;283,152773540856
3373832;1;1;1; ; ; ; ; ; ; ; ; ; ; ; ;12;897,82737289773
3373832;1;2;2;2;20; ;2; ; ;1;2; ; ;1; ;12;897,82737289773
3373832;1;3;1; ; ; ; ; ; ; ; ; ; ; ; ;12;897,82737289773
3373832;1;4;1; ; ; ; ; ; ; ; ; ; ; ; ;12;897,82737289773
3373832;1;5;1; ; ; ; ; ; ; ; ; ; ; ; ;12;897,82737289773
3373833;1;1;2;2;05; ;2; ; ;1;2; ; ;1; ;12;504,554904336202
3373833;1;2;2;2;05; ;2; ; ;1;2; ; ;1; ;12;504,554904336202
3373834;1;1;2;2;05; ;3;05; ;1;3;27; ;1; ;12;555,850959473518
3373834;1;2;2;2;05; ;3;05; ;1;3;05; ;1; ;12;555,850959473518
3373834;1;3;2;2;05; ;3;05; ;1;3;05; ;1; ;12;555,850959473518
3373834;1;4;2;2;63; ;3;05; ;1;3;05; ;1; ;12;555,850959473518
3373835;1;1;2;2;76; ;2; ; ;1;2; ; ;1; ;12;575,08169337308
3373835;1;2;2;2;76; ;2; ; ;1;2; ; ;1; ;12;575,08169337308
3373835;1;3;2;2;19; ;3;66; ;1;2; ; ;1; ;12;575,08169337308
3373839;1;1;2;1; ; ;2; ; ;2;2; ; ;2; ;12;1164,13646281889
3373839;1;2;1; ; ; ; ; ; ; ; ; ; ; ; ;12;1164,13646281889
3373839;1;3;1; ; ; ; ; ; ; ; ; ; ; ; ;12;1164,13646281889
3373839;1;4;1; ; ; ; ; ; ; ; ; ; ; ; ;12;1164,13646281889
3373843;1;1;1; ; ; ; ; ; ; ; ; ; ; ; ;12;1885,64581751513
3373843;1;2;2;2;27; ;2; ; ;2;2; ; ;2; ;12;1885,64581751513
3373843;1;3;1; ; ; ; ; ; ; ; ; ; ; ; ;12;1885,64581751513
3373843;1;4;1; ; ; ; ; ; ; ; ; ; ; ; ;12;1885,64581751513
3373843;1;5;1; ; ; ; ; ; ; ; ; ; ; ; ;12;1885,64581751513
3373845;1;1;1; ; ; ; ; ; ; ; ; ; ; ; ;12;1352,36066362362
3373845;1;2;1; ; ; ; ; ; ; ; ; ; ; ; ;12;1352,36066362362
3373845;1;3;1; ; ; ; ; ; ; ; ; ; ; ; ;12;1352,36066362362
3373845;1;4;1; ; ; ; ; ; ; ; ; ; ; ; ;12;1352,36066362362
3373845;1;5;1; ; ; ; ; ; ; ; ; ; ; ; ;12;1352,36066362362
3373845;1;6;1; ; ; ; ; ; ; ; ; ; ; ; ;12;1352,36066362362
3373846;1;1;1; ; ; ; ; ; ; ; ; ; ; ; ;12;1138,46005279066
3373846;1;2;1; ; ; ; ; ; ; ; ; ; ; ; ;12;1138,46005279066
3373846;1;3;1; ; ; ; ; ; ; ; ; ; ; ; ;12;1138,46005279066
3373846;1;4;1; ; ; ; ; ; ; ; ; ; ; ; ;12;1138,46005279066
3373848;1;1;1; ; ; ; ; ; ; ; ; ; ; ; ;12;1107,58096853635
3373848;1;2;1; ; ; ; ; ; ; ; ; ; ; ; ;12;1107,58096853635
3373848;1;3;1; ; ; ; ; ; ; ; ; ; ; ; ;12;1107,58096853635
3373849;1;1;1; ; ; ; ; ; ; ; ; ; ; ; ;12;1459,76061369421
3373850;1;1;1; ; ; ; ; ; ; ; ; ; ; ; ;12;770,330883049752
3373850;1;2;1; ; ; ; ; ; ; ; ; ; ; ; ;12;770,330883049752
3373851;1;1;2;2;68; ;3;68; ;1;2; ; ;2; ;12;1035,72330059186
3373853;1;1;1; ; ; ; ; ; ; ; ; ; ; ; ;12;562,109827692161
3373853;1;2;1; ; ; ; ; ; ; ; ; ; ; ; ;12;562,109827692161
3373853;1;3;1; ; ; ; ; ; ; ; ; ; ; ; ;12;562,109827692161
3373853;1;4;1; ; ; ; ; ; ; ; ; ; ; ; ;12;562,109827692161
3373853;1;5;1; ; ; ; ; ; ; ; ; ; ; ; ;12;562,109827692161
3373853;1;6;1; ; ; ; ; ; ; ; ; ; ; ; ;12;562,109827692161
3373854;1;1;1; ; ; ; ; ; ; ; ; ; ; ; ;12;799,990430478939
3373854;1;2;1; ; ; ; ; ; ; ; ; ; ; ; ;12;799,990430478939
3373854;1;3;1; ; ; ; ; ; ; ; ; ; ; ; ;12;799,990430478939
3373854;1;4;1; ; ; ; ; ; ; ; ; ; ; ; ;12;799,990430478939
3373854;1;5;1; ; ; ; ; ; ; ; ; ; ; ; ;12;799,990430478939
3373855;1;1;1; ; ; ; ; ; ; ; ; ; ; ; ;12;407,808546644368
3373856;1;1;1; ; ; ; ; ; ; ; ; ; ; ; ;12;358,650306924346
3373856;1;2;2;1; ; ;3;05; ;1;2; ; ;1; ;12;358,650306924346
3373856;1;3;2;2;27; ;3;05; ;1;2; ; ;1; ;12;358,650306924346
3373856;1;4;2;2;05; ;3;05; ;1;2; ; ;1; ;12;358,650306924346
3373857;1;1;1; ; ; ; ; ; ; ; ; ; ; ; ;12;932,331636331806
3373857;1;2;1; ; ; ; ; ; ; ; ; ; ; ; ;12;932,331636331806
3373857;1;3;1; ; ; ; ; ; ; ; ; ; ; ; ;12;932,331636331806
3373857;1;4;1; ; ; ; ; ; ; ; ; ; ; ; ;12;932,331636331806
3373857;1;5;1; ; ; ; ; ; ; ; ; ; ; ; ;12;932,331636331806
3373857;1;6;1; ; ; ; ; ; ; ; ; ; ; ; ;12;932,331636331806
3373857;1;7;1; ; ; ; ; ; ; ; ; ; ; ; ;12;932,331636331806
3373857;1;8;1; ; ; ; ; ; ; ; ; ; ; ; ;12;932,331636331806
3373857;1;9;1; ; ; ; ; ; ; ; ; ; ; ; ;12;932,331636331806
3373858;1;1;1; ; ; ; ; ; ; ; ; ; ; ; ;12;740,474668339569
3373858;1;2;1; ; ; ; ; ; ; ; ; ; ; ; ;12;740,474668339569
3373858;1;3;1; ; ; ; ; ; ; ; ; ; ; ; ;12;740,474668339569
3373858;1;4;1; ; ; ; ; ; ; ; ; ; ; ; ;12;740,474668339569
3373859;1;1;2;1; ; ;2; ; ;2;2; ; ;2; ;12;1122,983466793
3373859;1;2;2;2;05; ;2; ; ;2;2; ; ;2; ;12;1122,983466793
3373859;1;3;2;2;05; ;2; ; ;2;2; ; ;2; ;12;1122,983466793
3373859;1;4;2;2;05; ;2; ; ;2;2; ; ;2; ;12;1122,983466793
3373859;1;5;2;2;05; ;2; ; ;2;2; ; ;2; ;12;1122,983466793
3373860;1;1;1; ; ; ; ; ; ; ; ; ; ; ; ;12;656,838094975213
3373860;1;2;2;2;27; ;2; ; ;1;2; ; ;1; ;12;656,838094975213
3373860;1;3;1; ; ; ; ; ; ; ; ; ; ; ; ;12;656,838094975213
3373861;1;1;1; ; ; ; ; ; ; ; ; ; ; ; ;12;726,274299285135
3373861;1;2;1; ; ; ; ; ; ; ; ; ; ; ; ;12;726,274299285135
3373861;1;3;1; ; ; ; ; ; ; ; ; ; ; ; ;12;726,274299285135
3373861;1;4;1; ; ; ; ; ; ; ; ; ; ; ; ;12;726,274299285135
3373861;1;5;1; ; ; ; ; ; ; ; ; ; ; ; ;12;726,274299285135
3373862;1;1;1; ; ; ; ; ; ; ; ; ; ; ; ;12;732,43439793124
3373862;1;2;1; ; ; ; ; ; ; ; ; ; ; ; ;12;732,43439793124
3373862;1;3;1; ; ; ; ; ; ; ; ; ; ; ; ;12;732,43439793124
3373862;1;4;1; ; ; ; ; ; ; ; ; ; ; ; ;12;732,43439793124
3373863;1;1;2;2;05; ;2; ; ;1;2; ; ;1; ;12;395,360839726549
3373863;1;2;2;2;05; ;2; ; ;1;2; ; ;1; ;12;395,360839726549
3373863;1;3;2;2;05; ;2; ; ;1;2; ; ;1; ;12;395,360839726549
3373863;1;4;1; ; ; ; ; ; ; ; ; ; ; ; ;12;395,360839726549
3373864;1;1;2;2;66; ;2; ; ;1;2; ; ;1; ;12;306,821411142673
3373864;1;2;2;2;66; ;3;66; ;1;3;66; ;1; ;12;306,821411142673
3373865;1;1;2;2;27; ;2; ; ;1;2; ; ;1; ;12;656,838094975213
3373865;1;2;2;2;27; ;3;95; ;1;3;27; ;1; ;12;656,838094975213
3373865;1;3;2;2;27; ;3;95; ;1;3;27; ;1; ;12;656,838094975213
3373866;1;1;1; ; ; ; ; ; ; ; ; ; ; ; ;12;611,920633065053
3373866;1;2;1; ; ; ; ; ; ; ; ; ; ; ; ;12;611,920633065053
3373866;1;3;1; ; ; ; ; ; ; ; ; ; ; ; ;12;611,920633065053
3373866;1;4;1; ; ; ; ; ; ; ; ; ; ; ; ;12;611,920633065053
3373867;1;1;2;2;68; ;2; ; ;1;2; ; ;1; ;12;804,880507804363
3373867;1;2;2;2;68; ;2; ; ;1;2; ; ;1; ;12;804,880507804363
3373867;1;3;1; ; ; ; ; ; ; ; ; ; ; ; ;12;804,880507804363
3373867;1;4;1; ; ; ; ; ; ; ; ; ; ; ; ;12;804,880507804363
3373867;1;5;2;2;68; ;2; ; ;1;2; ; ;1; ;12;804,880507804363
3373867;1;6;2;2;68; ;2; ; ;1;2; ; ;1; ;12;804,880507804363
3373868;1;1;1; ; ; ; ; ; ; ; ; ; ; ; ;12;329,185920092185
3373868;1;2;2;2;05; ;2; ; ;1;2; ; ;1; ;12;329,185920092185
3373870;1;1;1; ; ; ; ; ; ; ; ; ; ; ; ;12;1107,58096853635
3373870;1;2;1; ; ; ; ; ; ; ; ; ; ; ; ;12;1107,58096853635
3373870;1;3;1; ; ; ; ; ; ; ; ; ; ; ; ;12;1107,58096853635
3373874;1;1;1; ; ; ; ; ; ; ; ; ; ; ; ;12;1237,19558708557
3373874;1;2;1; ; ; ; ; ; ; ; ; ; ; ; ;12;1237,19558708557
3373874;1;3;1; ; ; ; ; ; ; ; ; ; ; ; ;12;1237,19558708557
3373874;1;4;1; ; ; ; ; ; ; ; ; ; ; ; ;12;1237,19558708557
3373875;1;1;1; ; ; ; ; ; ; ; ; ; ; ; ;12;1239,24967505855
3373875;1;2;2;1; ; ;2; ; ;2;2; ; ;2; ;12;1239,24967505855
3373875;1;3;1; ; ; ; ; ; ; ; ; ; ; ; ;12;1239,24967505855
3373875;1;4;1; ; ; ; ; ; ; ; ; ; ; ; ;12;1239,24967505855
3373876;1;1;2;1; ; ;2; ; ;2;2; ; ;2; ;12;680,827557695263
3373876;1;2;1; ; ; ; ; ; ; ; ; ; ; ; ;12;680,827557695263
3373876;1;3;1; ; ; ; ; ; ; ; ; ; ; ; ;12;680,827557695263
3373878;1;1;1; ; ; ; ; ; ; ; ; ; ; ; ;12;770,330883049752
3373878;1;2;2;1; ; ;3;27; ;2;2; ; ;2; ;12;770,330883049752
3373880;1;1;1; ; ; ; ; ; ; ; ; ; ; ; ;12;1380,83272914694
3373880;1;2;1; ; ; ; ; ; ; ; ; ; ; ; ;12;1380,83272914694
3373880;1;3;1; ; ; ; ; ; ; ; ; ; ; ; ;12;1380,83272914694
3373881;1;1;1; ; ; ; ; ; ; ; ; ; ; ; ;12;1063,52033636198
3373881;1;2;1; ; ; ; ; ; ; ; ; ; ; ; ;12;1063,52033636198
3373881;1;3;1; ; ; ; ; ; ; ; ; ; ; ; ;12;1063,52033636198
3373881;1;4;1; ; ; ; ; ; ; ; ; ; ; ; ;12;1063,52033636198
3373881;1;5;1; ; ; ; ; ; ; ; ; ; ; ; ;12;1063,52033636198
3373882;1;1;1; ; ; ; ; ; ; ; ; ; ; ; ;12;1035,72330059186
3373884;1;1;1; ; ; ; ; ; ; ; ; ; ; ; ;12;703,751813517251
3373884;1;2;1; ; ; ; ; ; ; ; ; ; ; ; ;12;703,751813517251
3373884;1;3;1; ; ; ; ; ; ; ; ; ; ; ; ;12;703,751813517251
3373884;1;4;1; ; ; ; ; ; ; ; ; ; ; ; ;12;703,751813517251
3373884;1;5;1; ; ; ; ; ; ; ; ; ; ; ; ;12;703,751813517251
3373884;1;6;1; ; ; ; ; ; ; ; ; ; ; ; ;12;703,751813517251
3373885;1;1;1; ; ; ; ; ; ; ; ; ; ; ; ;12;407,808546644368
3373886;1;1;1; ; ; ; ; ; ; ; ; ; ; ; ;12;329,185920092185
3373886;1;2;1; ; ; ; ; ; ; ; ; ; ; ; ;12;329,185920092185
3373887;1;1;1; ; ; ; ; ; ; ; ; ; ; ; ;12;417,063271266403
3373888;1;1;1; ; ; ; ; ; ; ; ; ; ; ; ;12;407,808546644368
3373889;1;1;1; ; ; ; ; ; ; ; ; ; ; ; ;12;417,063271266403
3373890;1;1;1; ; ; ; ; ; ; ; ; ; ; ; ;12;329,185920092185
3373890;1;2;1; ; ; ; ; ; ; ; ; ; ; ; ;12;329,185920092185
3373891;1;1;1; ; ; ; ; ; ; ; ; ; ; ; ;12;487,204342198862
3373891;1;2;1; ; ; ; ; ; ; ; ; ; ; ; ;12;487,204342198862
3373891;1;3;1; ; ; ; ; ; ; ; ; ; ; ; ;12;487,204342198862
3373891;1;4;1; ; ; ; ; ; ; ; ; ; ; ; ;12;487,204342198862
3373892;1;1;1; ; ; ; ; ; ; ; ; ; ; ; ;12;943,799936518932
3373892;1;2;1; ; ; ; ; ; ; ; ; ; ; ; ;12;943,799936518932
3373892;1;3;1; ; ; ; ; ; ; ; ; ; ; ; ;12;943,799936518932
3373892;1;4;1; ; ; ; ; ; ; ; ; ; ; ; ;12;943,799936518932
3373892;1;5;1; ; ; ; ; ; ; ; ; ; ; ; ;12;943,799936518932
3373893;1;1;1; ; ; ; ; ; ; ; ; ; ; ; ;12;316,076135764708
3373893;1;2;1; ; ; ; ; ; ; ; ; ; ; ; ;12;316,076135764708
3373895;1;1;1; ; ; ; ; ; ; ; ; ; ; ; ;12;438,487387690236
3373895;1;2;1; ; ; ; ; ; ; ; ; ; ; ; ;12;438,487387690236
3373895;1;3;1; ; ; ; ; ; ; ; ; ; ; ; ;12;438,487387690236
3373896;1;1;1; ; ; ; ; ; ; ; ; ; ; ; ;12;559,001152556423
3373896;1;2;1; ; ; ; ; ; ; ; ; ; ; ; ;12;559,001152556423
3373896;1;3;1; ; ; ; ; ; ; ; ; ; ; ; ;12;559,001152556423
3373897;1;1;1; ; ; ; ; ; ; ; ; ; ; ; ;12;316,076135764708
3373897;1;2;1; ; ; ; ; ; ; ; ; ; ; ; ;12;316,076135764708
3373898;1;1;1; ; ; ; ; ; ; ; ; ; ; ; ;12;656,838094975213
3373898;1;2;2;2;47; ;3;47; ;1;2; ; ;1; ;12;656,838094975213
3373898;1;3;2;2;47; ;3;47; ;1;2; ; ;1; ;12;656,838094975213
3373899;1;1;1; ; ; ; ; ; ; ; ; ; ; ; ;12;420,918330971846
3373900;1;1;1; ; ; ; ; ; ; ; ; ; ; ; ;12;254,397841073032
3373900;1;2;1; ; ; ; ; ; ; ; ; ; ; ; ;12;254,397841073032
3373900;1;3;2;2;05; ;3;05; ;1;2; ; ;1; ;12;254,397841073032
3373900;1;4;2;2;27; ;1; ; ; ;2; ; ;1; ;12;254,397841073032
3373901;1;1;1; ; ; ; ; ; ; ; ; ; ; ; ;12;592,432255510419
3373903;1;1;1; ; ; ; ; ; ; ; ; ; ; ; ;12;1239,24967505855
3373903;1;2;1; ; ; ; ; ; ; ; ; ; ; ; ;12;1239,24967505855
3373903;1;3;1; ; ; ; ; ; ; ; ; ; ; ; ;12;1239,24967505855
3373903;1;4;1; ; ; ; ; ; ; ; ; ; ; ; ;12;1239,24967505855
3373908;1;1;1; ; ; ; ; ; ; ; ; ; ; ; ;12;1722,07098275212
3373908;1;2;1; ; ; ; ; ; ; ; ; ; ; ; ;12;1722,07098275212
3373908;1;3;1; ; ; ; ; ; ; ; ; ; ; ; ;12;1722,07098275212
3373910;1;1;1; ; ; ; ; ; ; ; ; ; ; ; ;12;1239,24967505855
3373910;1;2;1; ; ; ; ; ; ; ; ; ; ; ; ;12;1239,24967505855
3373910;1;3;1; ; ; ; ; ; ; ; ; ; ; ; ;12;1239,24967505855
3373910;1;4;1; ; ; ; ; ; ; ; ; ; ; ; ;12;1239,24967505855
3373911;1;1;1; ; ; ; ; ; ; ; ; ; ; ; ;12;809,794825323389
3373912;1;1;1; ; ; ; ; ; ; ; ; ; ; ; ;12;1459,76061369421
3373913;1;1;1; ; ; ; ; ; ; ; ; ; ; ; ;12;1271,15580329936
3373913;1;2;2;2;13; ;3;13; ;1;3;44; ;1;4;12;1271,15580329936
3373913;1;3;1; ; ; ; ; ; ; ; ; ; ; ; ;12;1271,15580329936
3373913;1;4;1; ; ; ; ; ; ; ; ; ; ; ; ;12;1271,15580329936
3373913;1;5;1; ; ; ; ; ; ; ; ; ; ; ; ;12;1271,15580329936
3373914;1;1;1; ; ; ; ; ; ; ; ; ; ; ; ;12;1270,12875931286
3373914;1;2;1; ; ; ; ; ; ; ; ; ; ; ; ;12;1270,12875931286
3373914;1;3;1; ; ; ; ; ; ; ; ; ; ; ; ;12;1270,12875931286
3373914;1;4;1; ; ; ; ; ; ; ; ; ; ; ; ;12;1270,12875931286
3373914;1;5;1; ; ; ; ; ; ; ; ; ; ; ; ;12;1270,12875931286
3373916;1;1;2;2;27; ;2; ; ;1;2; ; ;1; ;12;885,37966597991
3373916;1;2;2;2;27; ;2; ; ;1;2; ; ;1; ;12;885,37966597991
3373916;1;3;2;2;27; ;2; ; ;1;2; ; ;1; ;12;885,37966597991
3373916;1;4;2;2;27; ;2; ; ;1;2; ; ;1; ;12;885,37966597991
3373916;1;5;2;2;27; ;2; ; ;1;2; ; ;1; ;12;885,37966597991
3373916;1;6;1; ; ; ; ; ; ; ; ; ; ; ; ;12;885,37966597991
3373916;1;7;1; ; ; ; ; ; ; ; ; ; ; ; ;12;885,37966597991
3373916;1;8;1; ; ; ; ; ; ; ; ; ; ; ; ;12;885,37966597991
3373917;1;1;2;2;27; ;2; ; ;1;2; ; ;1; ;12;420,918330971846
3373918;1;1;1; ; ; ; ; ; ; ; ; ; ; ; ;12;567,003171154894
3373918;1;2;1; ; ; ; ; ; ; ; ; ; ; ; ;12;567,003171154894
3373918;1;3;1; ; ; ; ; ; ; ; ; ; ; ; ;12;567,003171154894
3373918;1;4;1; ; ; ; ; ; ; ; ; ; ; ; ;12;567,003171154894
3373918;1;5;1; ; ; ; ; ; ; ; ; ; ; ; ;12;567,003171154894
3373919;1;1;1; ; ; ; ; ; ; ; ; ; ; ; ;12;583,238048651064
3373919;1;2;2;2;05; ;3;05; ;1;2; ; ;1; ;12;583,238048651064
3373919;1;3;2;1; ; ;3;05; ;1;2; ; ;1; ;12;583,238048651064
3373919;1;4;2;2;27; ;3;05; ;1;2; ; ;1; ;12;583,238048651064
3373919;1;5;1; ; ; ; ; ; ; ; ; ; ; ; ;12;583,238048651064
3373919;1;6;1; ; ; ; ; ; ; ; ; ; ; ; ;12;583,238048651064
3373920;1;1;1; ; ; ; ; ; ; ; ; ; ; ; ;12;559,001152556423
3373920;1;2;1; ; ; ; ; ; ; ; ; ; ; ; ;12;559,001152556423
3373920;1;3;1; ; ; ; ; ; ; ; ; ; ; ; ;12;559,001152556423
3373921;1;1;1; ; ; ; ; ; ; ; ; ; ; ; ;12;345,540522596869
3373921;1;2;1; ; ; ; ; ; ; ; ; ; ; ; ;12;345,540522596869
3373921;1;3;1; ; ; ; ; ; ; ; ; ; ; ; ;12;345,540522596869
3373921;1;4;1; ; ; ; ; ; ; ; ; ; ; ; ;12;345,540522596869
3373922;1;1;1; ; ; ; ; ; ; ; ; ; ; ; ;12;663,787780656585
3373922;1;2;1; ; ; ; ; ; ; ; ; ; ; ; ;12;663,787780656585
3373922;1;3;1; ; ; ; ; ; ; ; ; ; ; ; ;12;663,787780656585
3373922;1;4;1; ; ; ; ; ; ; ; ; ; ; ; ;12;663,787780656585
3373923;1;1;1; ; ; ; ; ; ; ; ; ; ; ; ;12;806,876764436241
3373923;1;2;1; ; ; ; ; ; ; ; ; ; ; ; ;12;806,876764436241
3373923;1;3;1; ; ; ; ; ; ; ; ; ; ; ; ;12;806,876764436241
3373923;1;4;1; ; ; ; ; ; ; ; ; ; ; ; ;12;806,876764436241
3373923;1;5;2;2;76; ;2; ; ;1;2; ; ;1; ;12;806,876764436241
3373923;1;6;1; ; ; ; ; ; ; ; ; ; ; ; ;12;806,876764436241
3373923;1;7;1; ; ; ; ; ; ; ; ; ; ; ; ;12;806,876764436241
3373923;1;8;1; ; ; ; ; ; ; ; ; ; ; ; ;12;806,876764436241
3373923;1;9;2;2;08; ;1; ; ; ;1; ; ; ; ;12;806,876764436241
3373923;1;10;1; ; ; ; ; ; ; ; ; ; ; ; ;12;806,876764436241
3373924;1;1;2;2;27; ;3;27; ;1;2; ; ;2; ;12;1132,76978113452
3373925;1;1;1; ; ; ; ; ; ; ; ; ; ; ; ;12;936,546484351926
3373925;1;2;1; ; ; ; ; ; ; ; ; ; ; ; ;12;936,546484351926
3373925;1;3;1; ; ; ; ; ; ; ; ; ; ; ; ;12;936,546484351926
3373925;1;4;1; ; ; ; ; ; ; ; ; ; ; ; ;12;936,546484351926
3373925;1;5;1; ; ; ; ; ; ; ; ; ; ; ; ;12;936,546484351926
3373925;1;6;1; ; ; ; ; ; ; ; ; ; ; ; ;12;936,546484351926
3373925;1;7;1; ; ; ; ; ; ; ; ; ; ; ; ;12;936,546484351926
3373926;1;1;1; ; ; ; ; ; ; ; ; ; ; ; ;12;332,311013260878
3373926;1;2;1; ; ; ; ; ; ; ; ; ; ; ; ;12;332,311013260878
3373926;1;3;1; ; ; ; ; ; ; ; ; ; ; ; ;12;332,311013260878
3373927;1;1;2;2;05; ;3;66; ;1;2; ; ;1; ;12;417,063271266403
3373928;1;1;2;2;27; ;2; ; ;1;2; ; ;1; ;12;931,412812531239
3373928;1;2;2;2;27; ;3;76; ;1;2; ; ;1; ;12;931,412812531239
3373928;1;3;1; ; ; ; ; ; ; ; ; ; ; ; ;12;931,412812531239
3373928;1;4;1; ; ; ; ; ; ; ; ; ; ; ; ;12;931,412812531239
3373929;1;1;1; ; ; ; ; ; ; ; ; ; ; ; ;12;420,918330971846
3373930;1;1;1; ; ; ; ; ; ; ; ; ; ; ; ;12;656,838094975213
3373930;1;2;2;2;66; ;2; ; ;1;2; ; ;1; ;12;656,838094975213
3373930;1;3;2;2;05; ;2; ; ;1;2; ; ;1; ;12;656,838094975213
3373931;1;1;2;2;27; ;2; ; ;1;2; ; ;1; ;12;329,185920092185
3373931;1;2;1; ; ; ; ; ; ; ; ; ; ; ; ;12;329,185920092185
3373932;1;1;1; ; ; ; ; ; ; ; ; ; ; ; ;12;424,043424140539
3373932;1;2;1; ; ; ; ; ; ; ; ; ; ; ; ;12;424,043424140539
3373935;1;1;1; ; ; ; ; ; ; ; ; ; ; ; ;12;1270,06933041652
3373935;1;2;1; ; ; ; ; ; ; ; ; ; ; ; ;12;1270,06933041652
3373935;1;3;1; ; ; ; ; ; ; ; ; ; ; ; ;12;1270,06933041652
3373935;1;4;1; ; ; ; ; ; ; ; ; ; ; ; ;12;1270,06933041652
3373935;1;5;2;1; ; ;2; ; ;2;3;25; ;1;2;12;1270,06933041652
3373937;1;1;1; ; ; ; ; ; ; ; ; ; ; ; ;12;770,330883049752
3373937;1;2;1; ; ; ; ; ; ; ; ; ; ; ; ;12;770,330883049752
3373939;1;1;1; ; ; ; ; ; ; ; ; ; ; ; ;12;1436,18676710728
3373939;1;2;1; ; ; ; ; ; ; ; ; ; ; ; ;12;1436,18676710728
3373939;1;3;1; ; ; ; ; ; ; ; ; ; ; ; ;12;1436,18676710728
3373939;1;4;1; ; ; ; ; ; ; ; ; ; ; ; ;12;1436,18676710728
3373939;1;5;1; ; ; ; ; ; ; ; ; ; ; ; ;12;1436,18676710728
3373939;1;6;1; ; ; ; ; ; ; ; ; ; ; ; ;12;1436,18676710728
3373941;1;1;1; ; ; ; ; ; ; ; ; ; ; ; ;12;933,366271256317
3373941;1;2;1; ; ; ; ; ; ; ; ; ; ; ; ;12;933,366271256317
3373941;1;3;1; ; ; ; ; ; ; ; ; ; ; ; ;12;933,366271256317
3373941;1;4;1; ; ; ; ; ; ; ; ; ; ; ; ;12;933,366271256317
3373941;1;5;1; ; ; ; ; ; ; ; ; ; ; ; ;12;933,366271256317
3373941;1;6;1; ; ; ; ; ; ; ; ; ; ; ; ;12;933,366271256317
3373942;1;1;1; ; ; ; ; ; ; ; ; ; ; ; ;12;1041,87346104808
3373942;1;2;1; ; ; ; ; ; ; ; ; ; ; ; ;12;1041,87346104808
3373942;1;3;1; ; ; ; ; ; ; ; ; ; ; ; ;12;1041,87346104808
3373942;1;4;1; ; ; ; ; ; ; ; ; ; ; ; ;12;1041,87346104808
3373942;1;5;1; ; ; ; ; ; ; ; ; ; ; ; ;12;1041,87346104808
3373943;1;1;1; ; ; ; ; ; ; ; ; ; ; ; ;12;1752,95006700643
3373943;1;2;1; ; ; ; ; ; ; ; ; ; ; ; ;12;1752,95006700643
3373943;1;3;1; ; ; ; ; ; ; ; ; ; ; ; ;12;1752,95006700643
3373943;1;4;1; ; ; ; ; ; ; ; ; ; ; ; ;12;1752,95006700643
3373944;1;1;1; ; ; ; ; ; ; ; ; ; ; ; ;12;673,072972471383
3373944;1;2;1; ; ; ; ; ; ; ; ; ; ; ; ;12;673,072972471383
3373944;1;3;1; ; ; ; ; ; ; ; ; ; ; ; ;12;673,072972471383
3373944;1;4;1; ; ; ; ; ; ; ; ; ; ; ; ;12;673,072972471383
3373945;1;1;1; ; ; ; ; ; ; ; ; ; ; ; ;12;2033,58522931415
3373945;1;2;1; ; ; ; ; ; ; ; ; ; ; ; ;12;2033,58522931415
3373945;1;3;1; ; ; ; ; ; ; ; ; ; ; ; ;12;2033,58522931415
3373945;1;4;1; ; ; ; ; ; ; ; ; ; ; ; ;12;2033,58522931415
3373946;1;1;1; ; ; ; ; ; ; ; ; ; ; ; ;12;1154,8895950338
3373946;1;2;1; ; ; ; ; ; ; ; ; ; ; ; ;12;1154,8895950338
3373946;1;3;1; ; ; ; ; ; ; ; ; ; ; ; ;12;1154,8895950338
3373946;1;4;1; ; ; ; ; ; ; ; ; ; ; ; ;12;1154,8895950338
3373946;1;5;1; ; ; ; ; ; ; ; ; ; ; ; ;12;1154,8895950338
3373946;1;6;1; ; ; ; ; ; ; ; ; ; ; ; ;12;1154,8895950338
3373948;1;1;1; ; ; ; ; ; ; ; ; ; ; ; ;12;770,330883049752
3373948;1;2;1; ; ; ; ; ; ; ; ; ; ; ; ;12;770,330883049752
3373949;1;1;1; ; ; ; ; ; ; ; ; ; ; ; ;12;1035,72330059186
3373950;1;1;1; ; ; ; ; ; ; ; ; ; ; ; ;12;1549,73687763409
3373950;1;2;1; ; ; ; ; ; ; ; ; ; ; ; ;12;1549,73687763409
3373950;1;3;1; ; ; ; ; ; ; ; ; ; ; ; ;12;1549,73687763409
3373950;1;4;1; ; ; ; ; ; ; ; ; ; ; ; ;12;1549,73687763409
3373950;1;5;1; ; ; ; ; ; ; ; ; ; ; ; ;12;1549,73687763409
3373953;1;1;1; ; ; ; ; ; ; ; ; ; ; ; ;12;1035,72330059186
3373954;1;1;1; ; ; ; ; ; ; ; ; ; ; ; ;12;612,605156909208
3373954;1;2;1; ; ; ; ; ; ; ; ; ; ; ; ;12;612,605156909208
3373954;1;3;1; ; ; ; ; ; ; ; ; ; ; ; ;12;612,605156909208
3373954;1;4;1; ; ; ; ; ; ; ; ; ; ; ; ;12;612,605156909208
3373954;1;5;1; ; ; ; ; ; ; ; ; ; ; ; ;12;612,605156909208
3373954;1;6;1; ; ; ; ; ; ; ; ; ; ; ; ;12;612,605156909208
3373954;1;7;1; ; ; ; ; ; ; ; ; ; ; ; ;12;612,605156909208
3373955;1;1;1; ; ; ; ; ; ; ; ; ; ; ; ;12;438,487387690236
3373955;1;2;1; ; ; ; ; ; ; ; ; ; ; ; ;12;438,487387690236
3373955;1;3;1; ; ; ; ; ; ; ; ; ; ; ; ;12;438,487387690236
3373956;1;1;1; ; ; ; ; ; ; ; ; ; ; ; ;12;721,980553721147
3373956;1;2;1; ; ; ; ; ; ; ; ; ; ; ; ;12;721,980553721147
3373957;1;1;2;2;05; ;3;05; ;1;2; ; ;2; ;12;1132,76978113452
3373958;1;1;1; ; ; ; ; ; ; ; ; ; ; ; ;12;1222,7460450744
3373958;1;2;1; ; ; ; ; ; ; ; ; ; ; ; ;12;1222,7460450744
3373958;1;3;1; ; ; ; ; ; ; ; ; ; ; ; ;12;1222,7460450744
3373958;1;4;1; ; ; ; ; ; ; ; ; ; ; ; ;12;1222,7460450744
3373958;1;5;1; ; ; ; ; ; ; ; ; ; ; ; ;12;1222,7460450744
3373959;1;1;1; ; ; ; ; ; ; ; ; ; ; ; ;12;537,593621432748
3373959;1;2;1; ; ; ; ; ; ; ; ; ; ; ; ;12;537,593621432748
3373959;1;3;1; ; ; ; ; ; ; ; ; ; ; ; ;12;537,593621432748
3373959;1;4;1; ; ; ; ; ; ; ; ; ; ; ; ;12;537,593621432748
3373959;1;5;1; ; ; ; ; ; ; ; ; ; ; ; ;12;537,593621432748
3373959;1;6;1; ; ; ; ; ; ; ; ; ; ; ; ;12;537,593621432748
3373960;1;1;1; ; ; ; ; ; ; ; ; ; ; ; ;12;911,231798512372
3373960;1;2;1; ; ; ; ; ; ; ; ; ; ; ; ;12;911,231798512372
3373960;1;3;1; ; ; ; ; ; ; ; ; ; ; ; ;12;911,231798512372
3373960;1;4;1; ; ; ; ; ; ; ; ; ; ; ; ;12;911,231798512372
3373961;1;1;1; ; ; ; ; ; ; ; ; ; ; ; ;12;1492,31317633138
3373961;1;2;1; ; ; ; ; ; ; ; ; ; ; ; ;12;1492,31317633138
3373961;1;3;1; ; ; ; ; ; ; ; ; ; ; ; ;12;1492,31317633138
3373961;1;4;1; ; ; ; ; ; ; ; ; ; ; ; ;12;1492,31317633138
3373961;1;5;1; ; ; ; ; ; ; ; ; ; ; ; ;12;1492,31317633138
3373961;1;6;1; ; ; ; ; ; ; ; ; ; ; ; ;12;1492,31317633138
3373961;1;7;1; ; ; ; ; ; ; ; ; ; ; ; ;12;1492,31317633138
3373961;1;8;1; ; ; ; ; ; ; ; ; ; ; ; ;12;1492,31317633138
3373962;1;1;1; ; ; ; ; ; ; ; ; ; ; ; ;12;1097,30705676478
3373962;1;2;1; ; ; ; ; ; ; ; ; ; ; ; ;12;1097,30705676478
3373962;1;3;1; ; ; ; ; ; ; ; ; ; ; ; ;12;1097,30705676478
3373962;1;4;1; ; ; ; ; ; ; ; ; ; ; ; ;12;1097,30705676478
3373962;1;5;1; ; ; ; ; ; ; ; ; ; ; ; ;12;1097,30705676478
3373963;1;1;1; ; ; ; ; ; ; ; ; ; ; ; ;12;1237,19558708557
3373963;1;2;1; ; ; ; ; ; ; ; ; ; ; ; ;12;1237,19558708557
3373963;1;3;1; ; ; ; ; ; ; ; ; ; ; ; ;12;1237,19558708557
3373963;1;4;1; ; ; ; ; ; ; ; ; ; ; ; ;12;1237,19558708557
3373964;1;1;1; ; ; ; ; ; ; ; ; ; ; ; ;12;1438,41526741596
3373964;1;2;1; ; ; ; ; ; ; ; ; ; ; ; ;12;1438,41526741596
3373964;1;3;1; ; ; ; ; ; ; ; ; ; ; ; ;12;1438,41526741596
3373964;1;4;1; ; ; ; ; ; ; ; ; ; ; ; ;12;1438,41526741596
3373965;1;1;1; ; ; ; ; ; ; ; ; ; ; ; ;12;455,782382720599
3373965;1;2;1; ; ; ; ; ; ; ; ; ; ; ; ;12;455,782382720599
3373965;1;3;1; ; ; ; ; ; ; ; ; ; ; ; ;12;455,782382720599
3373966;1;1;1; ; ; ; ; ; ; ; ; ; ; ; ;12;552,786384067504
3373966;1;2;1; ; ; ; ; ; ; ; ; ; ; ; ;12;552,786384067504
3373966;1;3;1; ; ; ; ; ; ; ; ; ; ; ; ;12;552,786384067504
3373966;1;4;1; ; ; ; ; ; ; ; ; ; ; ; ;12;552,786384067504
3373966;1;5;1; ; ; ; ; ; ; ; ; ; ; ; ;12;552,786384067504
3373966;1;6;1; ; ; ; ; ; ; ; ; ; ; ; ;12;552,786384067504
3373966;1;7;1; ; ; ; ; ; ; ; ; ; ; ; ;12;552,786384067504
3373966;1;8;1; ; ; ; ; ; ; ; ; ; ; ; ;12;552,786384067504
3373967;1;1;1; ; ; ; ; ; ; ; ; ; ; ; ;12;345,540522596869
3373967;1;2;1; ; ; ; ; ; ; ; ; ; ; ; ;12;345,540522596869
3373967;1;3;1; ; ; ; ; ; ; ; ; ; ; ; ;12;345,540522596869
3373967;1;4;1; ; ; ; ; ; ; ; ; ; ; ; ;12;345,540522596869
3373968;1;1;1; ; ; ; ; ; ; ; ; ; ; ; ;12;656,838094975213
3373968;1;2;1; ; ; ; ; ; ; ; ; ; ; ; ;12;656,838094975213
3373968;1;3;1; ; ; ; ; ; ; ; ; ; ; ; ;12;656,838094975213
3373969;1;1;1; ; ; ; ; ; ; ; ; ; ; ; ;12;420,918330971846
3373974;1;1;1; ; ; ; ; ; ; ; ; ; ; ; ;12;442,286880288702
3373974;1;2;1; ; ; ; ; ; ; ; ; ; ; ; ;12;442,286880288702
3373974;1;3;1; ; ; ; ; ; ; ; ; ; ; ; ;12;442,286880288702
3373974;1;4;1; ; ; ; ; ; ; ; ; ; ; ; ;12;442,286880288702
3373974;1;5;1; ; ; ; ; ; ; ; ; ; ; ; ;12;442,286880288702
3373975;1;1;1; ; ; ; ; ; ; ; ; ; ; ; ;12;603,880362656725
3373975;1;2;1; ; ; ; ; ; ; ; ; ; ; ; ;12;603,880362656725
3373975;1;3;1; ; ; ; ; ; ; ; ; ; ; ; ;12;603,880362656725
3373975;1;4;1; ; ; ; ; ; ; ; ; ; ; ; ;12;603,880362656725
3373976;1;1;1; ; ; ; ; ; ; ; ; ; ; ; ;12;417,063271266403
3373977;1;1;1; ; ; ; ; ; ; ; ; ; ; ; ;12;362,891084734208
3373977;1;2;1; ; ; ; ; ; ; ; ; ; ; ; ;12;362,891084734208
3373978;1;1;1; ; ; ; ; ; ; ; ; ; ; ; ;12;676,068828874775
3373978;1;2;1; ; ; ; ; ; ; ; ; ; ; ; ;12;676,068828874775
3373979;1;1;1; ; ; ; ; ; ; ; ; ; ; ; ;12;1663,87491018565
3373979;1;2;1; ; ; ; ; ; ; ; ; ; ; ; ;12;1663,87491018565
3373979;1;3;1; ; ; ; ; ; ; ; ; ; ; ; ;12;1663,87491018565
3373979;1;4;1; ; ; ; ; ; ; ; ; ; ; ; ;12;1663,87491018565
3373979;1;5;1; ; ; ; ; ; ; ; ; ; ; ; ;12;1663,87491018565
3373979;1;6;1; ; ; ; ; ; ; ; ; ; ; ; ;12;1663,87491018565
3373979;1;7;1; ; ; ; ; ; ; ; ; ; ; ; ;12;1663,87491018565
3373980;1;1;1; ; ; ; ; ; ; ; ; ; ; ; ;12;1165,16350680538
3373980;1;2;1; ; ; ; ; ; ; ; ; ; ; ; ;12;1165,16350680538
3373980;1;3;1; ; ; ; ; ; ; ; ; ; ; ; ;12;1165,16350680538
3373980;1;4;1; ; ; ; ; ; ; ; ; ; ; ; ;12;1165,16350680538
3373981;1;1;1; ; ; ; ; ; ; ; ; ; ; ; ;12;523,914875001065
3373981;1;2;1; ; ; ; ; ; ; ; ; ; ; ; ;12;523,914875001065
3373981;1;3;1; ; ; ; ; ; ; ; ; ; ; ; ;12;523,914875001065
3373981;1;4;1; ; ; ; ; ; ; ; ; ; ; ; ;12;523,914875001065
3373982;1;1;2;2;05; ;2; ; ;2;2; ; ;2; ;12;827,913421318776
3373982;1;2;2;2;05; ;2; ; ;2;2; ; ;2; ;12;827,913421318776
3373982;1;3;1; ; ; ; ; ; ; ; ; ; ; ; ;12;827,913421318776
3373985;1;1;1; ; ; ; ; ; ; ; ; ; ; ; ;12;537,593621432748
3373985;1;2;1; ; ; ; ; ; ; ; ; ; ; ; ;12;537,593621432748
3373985;1;3;1; ; ; ; ; ; ; ; ; ; ; ; ;12;537,593621432748
3373986;1;1;1; ; ; ; ; ; ; ; ; ; ; ; ;12;591,338891185436
3373989;1;1;2;2;11; ;2; ; ;2;2; ; ;2; ;12;1154,90425387847
3373989;1;2;1; ; ; ; ; ; ; ; ; ; ; ; ;12;1154,90425387847
3373989;1;3;1; ; ; ; ; ; ; ; ; ; ; ; ;12;1154,90425387847
3373990;1;1;1; ; ; ; ; ; ; ; ; ; ; ; ;12;972,342616099902
3373990;1;2;1; ; ; ; ; ; ; ; ; ; ; ; ;12;972,342616099902
3373990;1;3;1; ; ; ; ; ; ; ; ; ; ; ; ;12;972,342616099902
3373991;1;1;1; ; ; ; ; ; ; ; ; ; ; ; ;12;537,593621432748
3373991;1;2;2;2;76; ;2; ; ;2;2; ; ;2; ;12;537,593621432748
3373991;1;3;1; ; ; ; ; ; ; ; ; ; ; ; ;12;537,593621432748
3373991;1;4;1; ; ; ; ; ; ; ; ; ; ; ; ;12;537,593621432748
3373992;1;1;1; ; ; ; ; ; ; ; ; ; ; ; ;12;329,185920092185
3373992;1;2;1; ; ; ; ; ; ; ; ; ; ; ; ;12;329,185920092185
3373995;1;1;1; ; ; ; ; ; ; ; ; ; ; ; ;12;770,316224205089
3373995;1;2;1; ; ; ; ; ; ; ; ; ; ; ; ;12;770,316224205089
3373995;1;3;1; ; ; ; ; ; ; ; ; ; ; ; ;12;770,316224205089
3373995;1;4;1; ; ; ; ; ; ; ; ; ; ; ; ;12;770,316224205089
3373995;1;5;1; ; ; ; ; ; ; ; ; ; ; ; ;12;770,316224205089
3373996;1;1;1; ; ; ; ; ; ; ; ; ; ; ; ;12;802,237011290554
3373996;1;2;1; ; ; ; ; ; ; ; ; ; ; ; ;12;802,237011290554
3373996;1;3;1; ; ; ; ; ; ; ; ; ; ; ; ;12;802,237011290554
3373997;1;1;1; ; ; ; ; ; ; ; ; ; ; ; ;12;1295,80516934109
3373997;1;2;1; ; ; ; ; ; ; ; ; ; ; ; ;12;1295,80516934109
3373997;1;3;1; ; ; ; ; ; ; ; ; ; ; ; ;12;1295,80516934109
3373997;1;4;1; ; ; ; ; ; ; ; ; ; ; ; ;12;1295,80516934109
3373997;1;5;1; ; ; ; ; ; ; ; ; ; ; ; ;12;1295,80516934109
3373998;1;1;1; ; ; ; ; ; ; ; ; ; ; ; ;12;712,733685936065
3373998;1;2;1; ; ; ; ; ; ; ; ; ; ; ; ;12;712,733685936065
3373998;1;3;1; ; ; ; ; ; ; ; ; ; ; ; ;12;712,733685936065
3373998;1;4;1; ; ; ; ; ; ; ; ; ; ; ; ;12;712,733685936065
3373999;1;1;1; ; ; ; ; ; ; ; ; ; ; ; ;12;1054,76106600695
3373999;1;2;1; ; ; ; ; ; ; ; ; ; ; ; ;12;1054,76106600695
3373999;1;3;1; ; ; ; ; ; ; ; ; ; ; ; ;12;1054,76106600695
3373999;1;4;1; ; ; ; ; ; ; ; ; ; ; ; ;12;1054,76106600695
3373999;1;5;1; ; ; ; ; ; ; ; ; ; ; ; ;12;1054,76106600695
3373999;1;6;1; ; ; ; ; ; ; ; ; ; ; ; ;12;1054,76106600695
3373999;1;7;1; ; ; ; ; ; ; ; ; ; ; ; ;12;1054,76106600695
3373999;1;8;1; ; ; ; ; ; ; ; ; ; ; ; ;12;1054,76106600695
3373999;1;9;1; ; ; ; ; ; ; ; ; ; ; ; ;12;1054,76106600695
3374000;1;1;1; ; ; ; ; ; ; ; ; ; ; ; ;12;1459,76061369421
3374001;1;1;1; ; ; ; ; ; ; ; ; ; ; ; ;12;975,91226201415
3374001;1;2;2;2;76; ;2; ; ;2;2; ; ;2; ;12;975,91226201415
3374003;1;1;1; ; ; ; ; ; ; ; ; ; ; ; ;12;332,311013260878
3374003;1;2;1; ; ; ; ; ; ; ; ; ; ; ; ;12;332,311013260878
3374003;1;3;1; ; ; ; ; ; ; ; ; ; ; ; ;12;332,311013260878
3374004;1;1;1; ; ; ; ; ; ; ; ; ; ; ; ;12;809,794825323389
3374005;1;1;1; ; ; ; ; ; ; ; ; ; ; ; ;12;1164,78289721525
3374005;1;2;1; ; ; ; ; ; ; ; ; ; ; ; ;12;1164,78289721525
3374005;1;3;1; ; ; ; ; ; ; ; ; ; ; ; ;12;1164,78289721525
3374005;1;4;1; ; ; ; ; ; ; ; ; ; ; ; ;12;1164,78289721525
3374005;1;5;1; ; ; ; ; ; ; ; ; ; ; ; ;12;1164,78289721525
3374005;1;6;1; ; ; ; ; ; ; ; ; ; ; ; ;12;1164,78289721525
3374005;1;7;1; ; ; ; ; ; ; ; ; ; ; ; ;12;1164,78289721525
3374005;1;8;1; ; ; ; ; ; ; ; ; ; ; ; ;12;1164,78289721525
3374005;1;9;1; ; ; ; ; ; ; ; ; ; ; ; ;12;1164,78289721525
3374005;1;10;1; ; ; ; ; ; ; ; ; ; ; ; ;12;1164,78289721525
3374006;1;1;2;2;27; ;2; ; ;1;2; ; ;1; ;12;362,891084734208
3374006;1;2;1; ; ; ; ; ; ; ; ; ; ; ; ;12;362,891084734208
3374007;1;1;1; ; ; ; ; ; ; ; ; ; ; ; ;12;329,185920092185
3374007;1;2;1; ; ; ; ; ; ; ; ; ; ; ; ;12;329,185920092185
3374008;1;1;1; ; ; ; ; ; ; ; ; ; ; ; ;12;420,918330971846
3374009;1;1;1; ; ; ; ; ; ; ; ; ; ; ; ;12;420,918330971846
3374010;1;1;2;2;05; ;2; ; ;1;2; ; ;1; ;12;592,432255510419
3374012;1;1;2;2;73; ;2; ; ;1;2; ; ;1; ;12;366,281606175067
3374012;1;2;1; ; ; ; ; ; ; ; ; ; ; ; ;12;366,281606175067
3374012;1;3;1; ; ; ; ; ; ; ; ; ; ; ; ;12;366,281606175067
3374012;1;4;1; ; ; ; ; ; ; ; ; ; ; ; ;12;366,281606175067
3374012;1;5;1; ; ; ; ; ; ; ; ; ; ; ; ;12;366,281606175067
3374013;1;1;1; ; ; ; ; ; ; ; ; ; ; ; ;12;316,076135764708
3374013;1;2;1; ; ; ; ; ; ; ; ; ; ; ; ;12;316,076135764708
3374014;1;1;1; ; ; ; ; ; ; ; ; ; ; ; ;12;583,276300460922
3374014;1;2;1; ; ; ; ; ; ; ; ; ; ; ; ;12;583,276300460922
3374014;1;3;1; ; ; ; ; ; ; ; ; ; ; ; ;12;583,276300460922
3374014;1;4;1; ; ; ; ; ; ; ; ; ; ; ; ;12;583,276300460922
3374015;1;1;1; ; ; ; ; ; ; ; ; ; ; ; ;12;483,404849600396
3374015;1;2;1; ; ; ; ; ; ; ; ; ; ; ; ;12;483,404849600396
3374018;1;1;1; ; ; ; ; ; ; ; ; ; ; ; ;12;1033,49480028317
3374018;1;2;1; ; ; ; ; ; ; ; ; ; ; ; ;12;1033,49480028317
3374018;1;3;1; ; ; ; ; ; ; ; ; ; ; ; ;12;1033,49480028317
3374019;1;1;1; ; ; ; ; ; ; ; ; ; ; ; ;12;841,719447496336
3374019;1;2;1; ; ; ; ; ; ; ; ; ; ; ; ;12;841,719447496336
3374019;1;3;1; ; ; ; ; ; ; ; ; ; ; ; ;12;841,719447496336
3374019;1;4;1; ; ; ; ; ; ; ; ; ; ; ; ;12;841,719447496336
3374019;1;5;1; ; ; ; ; ; ; ; ; ; ; ; ;12;841,719447496336
3374019;1;6;1; ; ; ; ; ; ; ; ; ; ; ; ;12;841,719447496336
3374019;1;7;1; ; ; ; ; ; ; ; ; ; ; ; ;12;841,719447496336
3374020;1;1;1; ; ; ; ; ; ; ; ; ; ; ; ;12;1106,71276151618
3374020;1;2;1; ; ; ; ; ; ; ; ; ; ; ; ;12;1106,71276151618
3374020;1;3;1; ; ; ; ; ; ; ; ; ; ; ; ;12;1106,71276151618
3374020;1;4;1; ; ; ; ; ; ; ; ; ; ; ; ;12;1106,71276151618
3374020;1;5;1; ; ; ; ; ; ; ; ; ; ; ; ;12;1106,71276151618
3374020;1;6;1; ; ; ; ; ; ; ; ; ; ; ; ;12;1106,71276151618
3374020;1;7;1; ; ; ; ; ; ; ; ; ; ; ; ;12;1106,71276151618
3374022;1;1;1; ; ; ; ; ; ; ; ; ; ; ; ;12;1510,27293536045
3374022;1;2;1; ; ; ; ; ; ; ; ; ; ; ; ;12;1510,27293536045
3374022;1;3;1; ; ; ; ; ; ; ; ; ; ; ; ;12;1510,27293536045
3374022;1;4;1; ; ; ; ; ; ; ; ; ; ; ; ;12;1510,27293536045
3374022;1;5;1; ; ; ; ; ; ; ; ; ; ; ; ;12;1510,27293536045
3374022;1;6;1; ; ; ; ; ; ; ; ; ; ; ; ;12;1510,27293536045
3374023;1;1;1; ; ; ; ; ; ; ; ; ; ; ; ;12;780,590135976661
3374023;1;2;1; ; ; ; ; ; ; ; ; ; ; ; ;12;780,590135976661
3374023;1;3;1; ; ; ; ; ; ; ; ; ; ; ; ;12;780,590135976661
3374024;1;1;1; ; ; ; ; ; ; ; ; ; ; ; ;12;770,330883049752
3374024;1;2;1; ; ; ; ; ; ; ; ; ; ; ; ;12;770,330883049752
3374025;1;1;1; ; ; ; ; ; ; ; ; ; ; ; ;12;1007,81839025495
3374025;1;2;1; ; ; ; ; ; ; ; ; ; ; ; ;12;1007,81839025495
3374025;1;3;1; ; ; ; ; ; ; ; ; ; ; ; ;12;1007,81839025495
3374026;1;1;1; ; ; ; ; ; ; ; ; ; ; ; ;12;975,91226201415
3374026;1;2;1; ; ; ; ; ; ; ; ; ; ; ; ;12;975,91226201415
3374027;1;1;1; ; ; ; ; ; ; ; ; ; ; ; ;12;537,593621432748
3374027;1;2;1; ; ; ; ; ; ; ; ; ; ; ; ;12;537,593621432748
3374027;1;3;1; ; ; ; ; ; ; ; ; ; ; ; ;12;537,593621432748
3374027;1;4;1; ; ; ; ; ; ; ; ; ; ; ; ;12;537,593621432748
3374027;1;5;1; ; ; ; ; ; ; ; ; ; ; ; ;12;537,593621432748
3374028;1;1;1; ; ; ; ; ; ; ; ; ; ; ; ;12;899,283491833215
3374028;1;2;1; ; ; ; ; ; ; ; ; ; ; ; ;12;899,283491833215
3374028;1;3;1; ; ; ; ; ; ; ; ; ; ; ; ;12;899,283491833215
3374029;1;1;1; ; ; ; ; ; ; ; ; ; ; ; ;12;1194,3681961521
3374029;1;2;1; ; ; ; ; ; ; ; ; ; ; ; ;12;1194,3681961521
3374030;1;1;1; ; ; ; ; ; ; ; ; ; ; ; ;12;492,659574222431
3374030;1;2;1; ; ; ; ; ; ; ; ; ; ; ; ;12;492,659574222431
3374031;1;1;1; ; ; ; ; ; ; ; ; ; ; ; ;12;723,007597707637
3374031;1;2;1; ; ; ; ; ; ; ; ; ; ; ; ;12;723,007597707637
3374032;1;1;1; ; ; ; ; ; ; ; ; ; ; ; ;12;1688,75720093471
3374032;1;2;1; ; ; ; ; ; ; ; ; ; ; ; ;12;1688,75720093471
3374032;1;3;1; ; ; ; ; ; ; ; ; ; ; ; ;12;1688,75720093471
3374032;1;4;1; ; ; ; ; ; ; ; ; ; ; ; ;12;1688,75720093471
3374032;1;5;1; ; ; ; ; ; ; ; ; ; ; ; ;12;1688,75720093471
3374032;1;6;1; ; ; ; ; ; ; ; ; ; ; ; ;12;1688,75720093471
3374032;1;7;1; ; ; ; ; ; ; ; ; ; ; ; ;12;1688,75720093471
3374032;1;8;1; ; ; ; ; ; ; ; ; ; ; ; ;12;1688,75720093471
3374033;1;1;1; ; ; ; ; ; ; ; ; ; ; ; ;12;1031,61420812117
3374033;1;2;1; ; ; ; ; ; ; ; ; ; ; ; ;12;1031,61420812117
3374033;1;3;1; ; ; ; ; ; ; ; ; ; ; ; ;12;1031,61420812117
3374033;1;4;1; ; ; ; ; ; ; ; ; ; ; ; ;12;1031,61420812117
3374034;1;1;1; ; ; ; ; ; ; ; ; ; ; ; ;12;1033,49480028317
3374034;1;2;1; ; ; ; ; ; ; ; ; ; ; ; ;12;1033,49480028317
3374034;1;3;1; ; ; ; ; ; ; ; ; ; ; ; ;12;1033,49480028317
3374035;1;1;1; ; ; ; ; ; ; ; ; ; ; ; ;12;975,91226201415
3374035;1;2;1; ; ; ; ; ; ; ; ; ; ; ; ;12;975,91226201415
3374036;1;1;1; ; ; ; ; ; ; ; ; ; ; ; ;12;1808,47760077775
3374036;1;2;1; ; ; ; ; ; ; ; ; ; ; ; ;12;1808,47760077775
3374036;1;3;1; ; ; ; ; ; ; ; ; ; ; ; ;12;1808,47760077775
3374036;1;4;1; ; ; ; ; ; ; ; ; ; ; ; ;12;1808,47760077775
3374036;1;5;1; ; ; ; ; ; ; ; ; ; ; ; ;12;1808,47760077775
3374036;1;6;1; ; ; ; ; ; ; ; ; ; ; ; ;12;1808,47760077775
3374036;1;7;1; ; ; ; ; ; ; ; ; ; ; ; ;12;1808,47760077775
3374036;1;8;1; ; ; ; ; ; ; ; ; ; ; ; ;12;1808,47760077775
3374037;1;1;1; ; ; ; ; ; ; ; ; ; ; ; ;12;1583,76363161679
3374037;1;2;1; ; ; ; ; ; ; ; ; ; ; ; ;12;1583,76363161679
3374037;1;3;1; ; ; ; ; ; ; ; ; ; ; ; ;12;1583,76363161679
3374037;1;4;1; ; ; ; ; ; ; ; ; ; ; ; ;12;1583,76363161679
3374037;1;5;1; ; ; ; ; ; ; ; ; ; ; ; ;12;1583,76363161679
3374037;1;6;1; ; ; ; ; ; ; ; ; ; ; ; ;12;1583,76363161679
3374037;1;7;1; ; ; ; ; ; ; ; ; ; ; ; ;12;1583,76363161679
3374037;1;8;1; ; ; ; ; ; ; ; ; ; ; ; ;12;1583,76363161679
3374037;1;9;1; ; ; ; ; ; ; ; ; ; ; ; ;12;1583,76363161679
3374037;1;10;1; ; ; ; ; ; ; ; ; ; ; ; ;12;1583,76363161679
3374038;1;1;1; ; ; ; ; ; ; ; ; ; ; ; ;12;1459,76061369421
3374039;1;1;1; ; ; ; ; ; ; ; ; ; ; ; ;12;483,404849600396
3374039;1;2;1; ; ; ; ; ; ; ; ; ; ; ; ;12;483,404849600396
3374040;1;1;1; ; ; ; ; ; ; ; ; ; ; ; ;12;407,808546644368
3374041;1;1;1; ; ; ; ; ; ; ; ; ; ; ; ;12;726,245559232064
3374041;1;2;1; ; ; ; ; ; ; ; ; ; ; ; ;12;726,245559232064
3374041;1;3;1; ; ; ; ; ; ; ; ; ; ; ; ;12;726,245559232064
3374041;1;4;1; ; ; ; ; ; ; ; ; ; ; ; ;12;726,245559232064
3374041;1;5;1; ; ; ; ; ; ; ; ; ; ; ; ;12;726,245559232064
3374041;1;6;1; ; ; ; ; ; ; ; ; ; ; ; ;12;726,245559232064
3374041;1;7;1; ; ; ; ; ; ; ; ; ; ; ; ;12;726,245559232064
3374041;1;8;1; ; ; ; ; ; ; ; ; ; ; ; ;12;726,245559232064
3374041;1;9;1; ; ; ; ; ; ; ; ; ; ; ; ;12;726,245559232064
3374042;1;1;1; ; ; ; ; ; ; ; ; ; ; ; ;12;420,918330971846
3374043;1;1;2;2;05; ;3;27; ;1;2; ; ;1; ;12;592,432255510419
3374051;1;1;2;2;76; ;2; ; ;1;3;76; ;1; ;12;600,626862598261
3374051;1;2;2;2;27; ;3;76; ;1;3;27; ;1; ;12;600,626862598261
3374052;1;1;1; ; ; ; ; ; ; ; ; ; ; ; ;12;523,914875001065
3374052;1;2;1; ; ; ; ; ; ; ; ; ; ; ; ;12;523,914875001065
3374052;1;3;1; ; ; ; ; ; ; ; ; ; ; ; ;12;523,914875001065
3374052;1;4;1; ; ; ; ; ; ; ; ; ; ; ; ;12;523,914875001065
3374053;1;1;1; ; ; ; ; ; ; ; ; ; ; ; ;12;656,838094975213
3374053;1;2;1; ; ; ; ; ; ; ; ; ; ; ; ;12;656,838094975213
3374053;1;3;1; ; ; ; ; ; ; ; ; ; ; ; ;12;656,838094975213
3374054;1;1;1; ; ; ; ; ; ; ; ; ; ; ; ;12;359,864761138053
3374054;1;2;2;1; ; ;2; ; ;1;2; ; ;1; ;12;359,864761138053
3374054;1;3;1; ; ; ; ; ; ; ; ; ; ; ; ;12;359,864761138053
3374054;1;4;1; ; ; ; ; ; ; ; ; ; ; ; ;12;359,864761138053
3374055;1;1;2;2;27; ;2; ; ;1;2; ; ;1; ;12;491,445120008724
3374055;1;2;2;2;27; ;2; ; ;1;2; ; ;1; ;12;491,445120008724
3374056;1;1;1; ; ; ; ; ; ; ; ; ; ; ; ;12;827,913421318776
3374056;1;2;1; ; ; ; ; ; ; ; ; ; ; ; ;12;827,913421318776
3374056;1;3;1; ; ; ; ; ; ; ; ; ; ; ; ;12;827,913421318776
3374057;1;1;1; ; ; ; ; ; ; ; ; ; ; ; ;12;1239,24967505855
3374057;1;2;1; ; ; ; ; ; ; ; ; ; ; ; ;12;1239,24967505855
3374057;1;3;1; ; ; ; ; ; ; ; ; ; ; ; ;12;1239,24967505855
3374057;1;4;1; ; ; ; ; ; ; ; ; ; ; ; ;12;1239,24967505855
3374058;1;1;1; ; ; ; ; ; ; ; ; ; ; ; ;12;1185,34169122673
3374058;1;2;1; ; ; ; ; ; ; ; ; ; ; ; ;12;1185,34169122673
3374058;1;3;1; ; ; ; ; ; ; ; ; ; ; ; ;12;1185,34169122673
3374058;1;4;1; ; ; ; ; ; ; ; ; ; ; ; ;12;1185,34169122673
3374058;1;5;1; ; ; ; ; ; ; ; ; ; ; ; ;12;1185,34169122673
3374058;1;6;1; ; ; ; ; ; ; ; ; ; ; ; ;12;1185,34169122673
3374060;1;1;1; ; ; ; ; ; ; ; ; ; ; ; ;12;3521,89956999781
3374060;1;2;1; ; ; ; ; ; ; ; ; ; ; ; ;12;3521,89956999781
3374060;1;3;1; ; ; ; ; ; ; ; ; ; ; ; ;12;3521,89956999781
3374061;1;1;1; ; ; ; ; ; ; ; ; ; ; ; ;12;2309,35480192763
3374061;1;2;1; ; ; ; ; ; ; ; ; ; ; ; ;12;2309,35480192763
3374061;1;3;1; ; ; ; ; ; ; ; ; ; ; ; ;12;2309,35480192763
3374061;1;4;1; ; ; ; ; ; ; ; ; ; ; ; ;12;2309,35480192763
3374061;1;5;1; ; ; ; ; ; ; ; ; ; ; ; ;12;2309,35480192763
3374061;1;6;1; ; ; ; ; ; ; ; ; ; ; ; ;12;2309,35480192763
3374061;1;7;1; ; ; ; ; ; ; ; ; ; ; ; ;12;2309,35480192763
3374061;1;8;1; ; ; ; ; ; ; ; ; ; ; ; ;12;2309,35480192763
3374061;1;9;1; ; ; ; ; ; ; ; ; ; ; ; ;12;2309,35480192763
3374061;1;10;1; ; ; ; ; ; ; ; ; ; ; ; ;12;2309,35480192763
3374061;1;11;1; ; ; ; ; ; ; ; ; ; ; ; ;12;2309,35480192763
3374062;1;1;1; ; ; ; ; ; ; ; ; ; ; ; ;12;1663,64508038827
3374062;1;2;1; ; ; ; ; ; ; ; ; ; ; ; ;12;1663,64508038827
3374062;1;3;1; ; ; ; ; ; ; ; ; ; ; ; ;12;1663,64508038827
3374062;1;4;1; ; ; ; ; ; ; ; ; ; ; ; ;12;1663,64508038827
3374062;1;5;1; ; ; ; ; ; ; ; ; ; ; ; ;12;1663,64508038827
3374062;1;6;2;1; ; ;3;47; ;1;3;47; ;1; ;12;1663,64508038827
3374063;1;1;2;2;70; ;2; ; ;1;2; ; ;1; ;12;1248,84667126124
3374063;1;2;1; ; ; ; ; ; ; ; ; ; ; ; ;12;1248,84667126124
3374063;1;3;1; ; ; ; ; ; ; ; ; ; ; ; ;12;1248,84667126124
3374064;1;1;2;2;13; ;2; ; ;1;2; ; ;1; ;12;1871,19162927957
3374064;1;2;2;2;13; ;2; ; ;1;2; ; ;1; ;12;1871,19162927957
3374064;1;3;1; ; ; ; ; ; ; ; ; ; ; ; ;12;1871,19162927957
3374064;1;4;1; ; ; ; ; ; ; ; ; ; ; ; ;12;1871,19162927957
3374066;1;1;1; ; ; ; ; ; ; ; ; ; ; ; ;12;1537,63391874823
3374066;1;2;1; ; ; ; ; ; ; ; ; ; ; ; ;12;1537,63391874823
3374066;1;3;1; ; ; ; ; ; ; ; ; ; ; ; ;12;1537,63391874823
3374067;1;1;2;2;13; ;2; ; ;1;2; ; ;1; ;12;1110,41708375006
3374067;1;2;2;2;13; ;2; ; ;1;2; ; ;1; ;12;1110,41708375006
3374067;1;3;1; ; ; ; ; ; ; ; ; ; ; ; ;12;1110,41708375006
3374067;1;4;1; ; ; ; ; ; ; ; ; ; ; ; ;12;1110,41708375006
3374068;1;1;1; ; ; ; ; ; ; ; ; ; ; ; ;12;773,86369570421
3374068;1;2;1; ; ; ; ; ; ; ; ; ; ; ; ;12;773,86369570421
3374070;1;1;1; ; ; ; ; ; ; ; ; ; ; ; ;12;3076,54508980553
3374070;1;2;1; ; ; ; ; ; ; ; ; ; ; ; ;12;3076,54508980553
3374070;1;3;1; ; ; ; ; ; ; ; ; ; ; ; ;12;3076,54508980553
3374071;1;1;1; ; ; ; ; ; ; ; ; ; ; ; ;12;4529,14717614637
3374071;1;2;1; ; ; ; ; ; ; ; ; ; ; ; ;12;4529,14717614637
3374071;1;3;1; ; ; ; ; ; ; ; ; ; ; ; ;12;4529,14717614637
3374071;1;4;1; ; ; ; ; ; ; ; ; ; ; ; ;12;4529,14717614637
3374072;1;1;2;1; ; ;2; ; ;1;2; ; ;1; ;12;1756,95930244235
3374072;1;2;1; ; ; ; ; ; ; ; ; ; ; ; ;12;1756,95930244235
3374072;1;3;1; ; ; ; ; ; ; ; ; ; ; ; ;12;1756,95930244235
3374072;1;4;1; ; ; ; ; ; ; ; ; ; ; ; ;12;1756,95930244235
3374073;1;1;1; ; ; ; ; ; ; ; ; ; ; ; ;12;1008,44812325868
3374073;1;2;1; ; ; ; ; ; ; ; ; ; ; ; ;12;1008,44812325868
3374074;1;1;1; ; ; ; ; ; ; ; ; ; ; ; ;12;1008,44812325868
3374074;1;2;1; ; ; ; ; ; ; ; ; ; ; ; ;12;1008,44812325868
3374075;1;1;1; ; ; ; ; ; ; ; ; ; ; ; ;12;1756,25863529482
3374075;1;2;1; ; ; ; ; ; ; ; ; ; ; ; ;12;1756,25863529482
3374075;1;3;1; ; ; ; ; ; ; ; ; ; ; ; ;12;1756,25863529482
3374075;1;4;1; ; ; ; ; ; ; ; ; ; ; ; ;12;1756,25863529482
3374075;1;5;1; ; ; ; ; ; ; ; ; ; ; ; ;12;1756,25863529482
3374076;1;1;1; ; ; ; ; ; ; ; ; ; ; ; ;12;1275,95370210288
3374076;1;2;1; ; ; ; ; ; ; ; ; ; ; ; ;12;1275,95370210288
3374077;1;1;2;2;13; ;2; ; ;1;2; ; ;1; ;12;2691,39053044462
3374077;1;2;1; ; ; ; ; ; ; ; ; ; ; ; ;12;2691,39053044462
3374077;1;3;1; ; ; ; ; ; ; ; ; ; ; ; ;12;2691,39053044462
3374077;1;4;1; ; ; ; ; ; ; ; ; ; ; ; ;12;2691,39053044462
3374077;1;5;1; ; ; ; ; ; ; ; ; ; ; ; ;12;2691,39053044462
3374077;1;6;1; ; ; ; ; ; ; ; ; ; ; ; ;12;2691,39053044462
3374077;1;7;1; ; ; ; ; ; ; ; ; ; ; ; ;12;2691,39053044462
3374077;1;8;1; ; ; ; ; ; ; ; ; ; ; ; ;12;2691,39053044462
3374077;1;9;1; ; ; ; ; ; ; ; ; ; ; ; ;12;2691,39053044462
3374077;1;10;1; ; ; ; ; ; ; ; ; ; ; ; ;12;2691,39053044462
3374078;1;1;1; ; ; ; ; ; ; ; ; ; ; ; ;12;1582,40438179258
3374078;1;2;1; ; ; ; ; ; ; ; ; ; ; ; ;12;1582,40438179258
3374078;1;3;1; ; ; ; ; ; ; ; ; ; ; ; ;12;1582,40438179258
3374078;1;4;1; ; ; ; ; ; ; ; ; ; ; ; ;12;1582,40438179258
3374080;1;1;1; ; ; ; ; ; ; ; ; ; ; ; ;12;2430,19790853944
3374080;1;2;1; ; ; ; ; ; ; ; ; ; ; ; ;12;2430,19790853944
3374080;1;3;1; ; ; ; ; ; ; ; ; ; ; ; ;12;2430,19790853944
3374080;1;4;1; ; ; ; ; ; ; ; ; ; ; ; ;12;2430,19790853944
3374081;1;1;1; ; ; ; ; ; ; ; ; ; ; ; ;12;1807,85295052112
3374081;1;2;2;1; ; ;2; ; ;1;2; ; ;1; ;12;1807,85295052112
3374081;1;3;1; ; ; ; ; ; ; ; ; ; ; ; ;12;1807,85295052112
3374082;1;1;2;2;20; ;2; ; ;1;2; ; ;1; ;12;1323,71984266174
3374082;1;2;1; ; ; ; ; ; ; ; ; ; ; ; ;12;1323,71984266174
3374082;1;3;1; ; ; ; ; ; ; ; ; ; ; ; ;12;1323,71984266174
3374082;1;4;1; ; ; ; ; ; ; ; ; ; ; ; ;12;1323,71984266174
3374083;1;1;1; ; ; ; ; ; ; ; ; ; ; ; ;12;4791,43725134965
3374083;1;2;1; ; ; ; ; ; ; ; ; ; ; ; ;12;4791,43725134965
3374083;1;3;1; ; ; ; ; ; ; ; ; ; ; ; ;12;4791,43725134965
3374083;1;4;1; ; ; ; ; ; ; ; ; ; ; ; ;12;4791,43725134965
3374083;1;5;1; ; ; ; ; ; ; ; ; ; ; ; ;12;4791,43725134965
3374083;1;6;1; ; ; ; ; ; ; ; ; ; ; ; ;12;4791,43725134965
3374083;1;7;1; ; ; ; ; ; ; ; ; ; ; ; ;12;4791,43725134965
3374083;1;8;1; ; ; ; ; ; ; ; ; ; ; ; ;12;4791,43725134965
3374084;1;1;1; ; ; ; ; ; ; ; ; ; ; ; ;12;3076,54508980553
3374084;1;2;1; ; ; ; ; ; ; ; ; ; ; ; ;12;3076,54508980553
3374084;1;3;1; ; ; ; ; ; ; ; ; ; ; ; ;12;3076,54508980553
3374085;1;1;1; ; ; ; ; ; ; ; ; ; ; ; ;12;4098,56654887031
3374085;1;2;1; ; ; ; ; ; ; ; ; ; ; ; ;12;4098,56654887031
3374085;1;3;1; ; ; ; ; ; ; ; ; ; ; ; ;12;4098,56654887031
3374085;1;4;1; ; ; ; ; ; ; ; ; ; ; ; ;12;4098,56654887031
3374086;1;1;1; ; ; ; ; ; ; ; ; ; ; ; ;12;5207,82228510839
3374086;1;2;1; ; ; ; ; ; ; ; ; ; ; ; ;12;5207,82228510839
3374086;1;3;1; ; ; ; ; ; ; ; ; ; ; ; ;12;5207,82228510839
3374086;1;4;1; ; ; ; ; ; ; ; ; ; ; ; ;12;5207,82228510839
3374086;1;5;1; ; ; ; ; ; ; ; ; ; ; ; ;12;5207,82228510839
3374086;1;6;1; ; ; ; ; ; ; ; ; ; ; ; ;12;5207,82228510839
3374088;1;1;1; ; ; ; ; ; ; ; ; ; ; ; ;12;1257,91985226024
3374088;1;2;1; ; ; ; ; ; ; ; ; ; ; ; ;12;1257,91985226024
3374088;1;3;1; ; ; ; ; ; ; ; ; ; ; ; ;12;1257,91985226024
3374088;1;4;1; ; ; ; ; ; ; ; ; ; ; ; ;12;1257,91985226024
3374088;1;5;2;2;23; ;2; ; ;2;2; ; ;2;4;12;1257,91985226024
3374089;1;1;1; ; ; ; ; ; ; ; ; ; ; ; ;12;984,038947095986
3374089;1;2;1; ; ; ; ; ; ; ; ; ; ; ; ;12;984,038947095986
3374089;1;3;1; ; ; ; ; ; ; ; ; ; ; ; ;12;984,038947095986
3374089;1;4;2;1; ; ;2; ; ;1;2; ; ;1; ;12;984,038947095986
3374089;1;5;1; ; ; ; ; ; ; ; ; ; ; ; ;12;984,038947095986
3374090;1;1;2;2;13; ;2; ; ;1;2; ; ;1; ;12;1345,00151130453
3374090;1;2;2;2;13; ;2; ; ;1;2; ; ;1; ;12;1345,00151130453
3374090;1;3;2;2;13; ;2; ; ;1;2; ; ;1; ;12;1345,00151130453
3374090;1;4;1; ; ; ; ; ; ; ; ; ; ; ; ;12;1345,00151130453
3374091;1;1;1; ; ; ; ; ; ; ; ; ; ; ; ;12;1248,84667126124
3374091;1;2;1; ; ; ; ; ; ; ; ; ; ; ; ;12;1248,84667126124
3374091;1;3;1; ; ; ; ; ; ; ; ; ; ; ; ;12;1248,84667126124
3374092;1;1;1; ; ; ; ; ; ; ; ; ; ; ; ;12;1918,95776983843
3374092;1;2;1; ; ; ; ; ; ; ; ; ; ; ; ;12;1918,95776983843
3374092;1;3;1; ; ; ; ; ; ; ; ; ; ; ; ;12;1918,95776983843
3374092;1;4;1; ; ; ; ; ; ; ; ; ; ; ; ;12;1918,95776983843
3374092;1;5;1; ; ; ; ; ; ; ; ; ; ; ; ;12;1918,95776983843
3374092;1;6;1; ; ; ; ; ; ; ; ; ; ; ; ;12;1918,95776983843
3374093;1;1;1; ; ; ; ; ; ; ; ; ; ; ; ;12;1408,05016635229
3374093;1;2;1; ; ; ; ; ; ; ; ; ; ; ; ;12;1408,05016635229
3374093;1;3;1; ; ; ; ; ; ; ; ; ; ; ; ;12;1408,05016635229
3374093;1;4;2;1; ; ;3;44; ;1;2; ; ;1; ;12;1408,05016635229
3374093;1;5;1; ; ; ; ; ; ; ; ; ; ; ; ;12;1408,05016635229
3374095;1;1;1; ; ; ; ; ; ; ; ; ; ; ; ;12;2643,62751252147
3374095;1;2;1; ; ; ; ; ; ; ; ; ; ; ; ;12;2643,62751252147
3374095;1;3;2;1; ; ;4; ;3; ;2; ; ;2; ;12;2643,62751252147
3374096;1;1;1; ; ; ; ; ; ; ; ; ; ; ; ;12;1624,63862648918
3374096;1;2;1; ; ; ; ; ; ; ; ; ; ; ; ;12;1624,63862648918
3374096;1;3;2;1; ; ;3;13; ;1;3;13; ;1; ;12;1624,63862648918
3374096;1;4;1; ; ; ; ; ; ; ; ; ; ; ; ;12;1624,63862648918
3374096;1;5;2;1; ; ;2; ; ;1;3;13; ;1; ;12;1624,63862648918
3374096;1;6;2;2;76; ;1; ; ; ;1; ; ; ; ;12;1624,63862648918
3374098;1;1;1; ; ; ; ; ; ; ; ; ; ; ; ;12;3104,87378840144
3374099;1;1;1; ; ; ; ; ; ; ; ; ; ; ; ;12;3076,54508980553
3374099;1;2;1; ; ; ; ; ; ; ; ; ; ; ; ;12;3076,54508980553
3374099;1;3;1; ; ; ; ; ; ; ; ; ; ; ; ;12;3076,54508980553
3374100;1;1;1; ; ; ; ; ; ; ; ; ; ; ; ;12;3205,80897931167
3374100;1;2;1; ; ; ; ; ; ; ; ; ; ; ; ;12;3205,80897931167
3374101;1;1;1; ; ; ; ; ; ; ; ; ; ; ; ;12;2542,69232161124
3374101;1;2;1; ; ; ; ; ; ; ; ; ; ; ; ;12;2542,69232161124
3374102;1;1;1; ; ; ; ; ; ; ; ; ; ; ; ;12;1871,19162927957
3374102;1;2;1; ; ; ; ; ; ; ; ; ; ; ; ;12;1871,19162927957
3374102;1;3;1; ; ; ; ; ; ; ; ; ; ; ; ;12;1871,19162927957
3374102;1;4;1; ; ; ; ; ; ; ; ; ; ; ; ;12;1871,19162927957
3374103;1;1;1; ; ; ; ; ; ; ; ; ; ; ; ;12;2309,43175323097
3374103;1;2;1; ; ; ; ; ; ; ; ; ; ; ; ;12;2309,43175323097
3374103;1;3;1; ; ; ; ; ; ; ; ; ; ; ; ;12;2309,43175323097
3374103;1;4;1; ; ; ; ; ; ; ; ; ; ; ; ;12;2309,43175323097
3374103;1;5;1; ; ; ; ; ; ; ; ; ; ; ; ;12;2309,43175323097
3374103;1;6;1; ; ; ; ; ; ; ; ; ; ; ; ;12;2309,43175323097
3374103;1;7;2;1; ; ;2; ; ;1;2; ; ;1; ;12;2309,43175323097
3374104;1;1;1; ; ; ; ; ; ; ; ; ; ; ; ;12;948,473495056032
3374104;1;2;1; ; ; ; ; ; ; ; ; ; ; ; ;12;948,473495056032
3374105;1;1;2;1; ; ;2; ; ;1;2; ; ;1; ;12;1293,90715801629
3374105;1;2;2;2;23; ;2; ; ;1;2; ; ;1; ;12;1293,90715801629
3374105;1;3;1; ; ; ; ; ; ; ; ; ; ; ; ;12;1293,90715801629
3374105;1;4;1; ; ; ; ; ; ; ; ; ; ; ; ;12;1293,90715801629
3374106;1;1;2;2;13; ;2; ; ;1;2; ; ;1; ;12;1537,34389503753
3374106;1;2;1; ; ; ; ; ; ; ; ; ; ; ; ;12;1537,34389503753
3374106;1;3;1; ; ; ; ; ; ; ; ; ; ; ; ;12;1537,34389503753
3374108;1;1;1; ; ; ; ; ; ; ; ; ; ; ; ;12;1308,81350033902
3374108;1;2;2;1; ; ;3;13; ;2;2; ; ;1; ;12;1308,81350033902
3374108;1;3;1; ; ; ; ; ; ; ; ; ; ; ; ;12;1308,81350033902
3374108;1;4;1; ; ; ; ; ; ; ; ; ; ; ; ;12;1308,81350033902
3374109;1;1;1; ; ; ; ; ; ; ; ; ; ; ; ;12;996,247434739774
3374109;1;2;1; ; ; ; ; ; ; ; ; ; ; ; ;12;996,247434739774
3374109;1;3;1; ; ; ; ; ; ; ; ; ; ; ; ;12;996,247434739774
3374110;1;1;2;1; ; ;3;11; ;1;2; ; ;1; ;12;1570,49371698437
3374110;1;2;2;1; ; ;3;11; ;1;2; ; ;1; ;12;1570,49371698437
3374110;1;3;2;1; ; ;3;11; ;1;2; ; ;1; ;12;1570,49371698437
3374110;1;4;1; ; ; ; ; ; ; ; ; ; ; ; ;12;1570,49371698437
3374110;1;5;1; ; ; ; ; ; ; ; ; ; ; ; ;12;1570,49371698437
3374112;1;1;1; ; ; ; ; ; ; ; ; ; ; ; ;12;1516,61563314184
3374112;1;2;1; ; ; ; ; ; ; ; ; ; ; ; ;12;1516,61563314184
3374112;1;3;1; ; ; ; ; ; ; ; ; ; ; ; ;12;1516,61563314184
3374113;1;1;1; ; ; ; ; ; ; ; ; ; ; ; ;12;1338,96764477134
3374113;1;2;1; ; ; ; ; ; ; ; ; ; ; ; ;12;1338,96764477134
3374113;1;3;1; ; ; ; ; ; ; ; ; ; ; ; ;12;1338,96764477134
3374113;1;4;1; ; ; ; ; ; ; ; ; ; ; ; ;12;1338,96764477134
3374113;1;5;1; ; ; ; ; ; ; ; ; ; ; ; ;12;1338,96764477134
3374114;1;1;1; ; ; ; ; ; ; ; ; ; ; ; ;12;749,46231866639
3374114;1;2;2;1; ; ;2; ; ;1;2; ; ;1; ;12;749,46231866639
3374114;1;3;2;1; ; ;2; ; ;1;2; ; ;1; ;12;749,46231866639
3374114;1;4;1; ; ; ; ; ; ; ; ; ; ; ; ;12;749,46231866639
3374115;1;1;1; ; ; ; ; ; ; ; ; ; ; ; ;12;1813,93045400561
3374115;1;2;1; ; ; ; ; ; ; ; ; ; ; ; ;12;1813,93045400561
3374115;1;3;1; ; ; ; ; ; ; ; ; ; ; ; ;12;1813,93045400561
3374115;1;4;1; ; ; ; ; ; ; ; ; ; ; ; ;12;1813,93045400561
3374116;1;1;1; ; ; ; ; ; ; ; ; ; ; ; ;12;4573,03432600388
3374116;1;2;1; ; ; ; ; ; ; ; ; ; ; ; ;12;4573,03432600388
3374116;1;3;1; ; ; ; ; ; ; ; ; ; ; ; ;12;4573,03432600388
3374116;1;4;1; ; ; ; ; ; ; ; ; ; ; ; ;12;4573,03432600388
3374117;1;1;1; ; ; ; ; ; ; ; ; ; ; ; ;12;1537,34389503753
3374117;1;2;1; ; ; ; ; ; ; ; ; ; ; ; ;12;1537,34389503753
3374117;1;3;1; ; ; ; ; ; ; ; ; ; ; ; ;12;1537,34389503753
3374118;1;1;1; ; ; ; ; ; ; ; ; ; ; ; ;12;2102,71770149259
3374118;1;2;1; ; ; ; ; ; ; ; ; ; ; ; ;12;2102,71770149259
3374118;1;3;1; ; ; ; ; ; ; ; ; ; ; ; ;12;2102,71770149259
3374118;1;4;1; ; ; ; ; ; ; ; ; ; ; ; ;12;2102,71770149259
3374119;1;1;1; ; ; ; ; ; ; ; ; ; ; ; ;12;1585,40005930709
3374119;1;2;1; ; ; ; ; ; ; ; ; ; ; ; ;12;1585,40005930709
3374119;1;3;1; ; ; ; ; ; ; ; ; ; ; ; ;12;1585,40005930709
3374119;1;4;1; ; ; ; ; ; ; ; ; ; ; ; ;12;1585,40005930709
3374119;1;5;1; ; ; ; ; ; ; ; ; ; ; ; ;12;1585,40005930709
3374120;1;1;1; ; ; ; ; ; ; ; ; ; ; ; ;12;1537,63391874823
3374120;1;2;1; ; ; ; ; ; ; ; ; ; ; ; ;12;1537,63391874823
3374120;1;3;1; ; ; ; ; ; ; ; ; ; ; ; ;12;1537,63391874823
3374121;1;1;1; ; ; ; ; ; ; ; ; ; ; ; ;12;936,272806537123
3374121;1;2;1; ; ; ; ; ; ; ; ; ; ; ; ;12;936,272806537123
3374121;1;3;1; ; ; ; ; ; ; ; ; ; ; ; ;12;936,272806537123
3374122;1;1;1; ; ; ; ; ; ; ; ; ; ; ; ;12;915,544544641433
3374122;1;2;1; ; ; ; ; ; ; ; ; ; ; ; ;12;915,544544641433
3374122;1;3;1; ; ; ; ; ; ; ; ; ; ; ; ;12;915,544544641433
3374123;1;1;1; ; ; ; ; ; ; ; ; ; ; ; ;12;3966,24172106918
3374123;1;2;1; ; ; ; ; ; ; ; ; ; ; ; ;12;3966,24172106918
3374123;1;3;1; ; ; ; ; ; ; ; ; ; ; ; ;12;3966,24172106918
3374123;1;4;1; ; ; ; ; ; ; ; ; ; ; ; ;12;3966,24172106918
3374124;1;1;1; ; ; ; ; ; ; ; ; ; ; ; ;12;2006,03162975784
3374124;1;2;1; ; ; ; ; ; ; ; ; ; ; ; ;12;2006,03162975784
3374124;1;3;1; ; ; ; ; ; ; ; ; ; ; ; ;12;2006,03162975784
3374124;1;4;1; ; ; ; ; ; ; ; ; ; ; ; ;12;2006,03162975784
3374124;1;5;1; ; ; ; ; ; ; ; ; ; ; ; ;12;2006,03162975784
3374124;1;6;1; ; ; ; ; ; ; ; ; ; ; ; ;12;2006,03162975784
3374125;1;1;1; ; ; ; ; ; ; ; ; ; ; ; ;12;1829,12682003903
3374125;1;2;1; ; ; ; ; ; ; ; ; ; ; ; ;12;1829,12682003903
3374125;1;3;1; ; ; ; ; ; ; ; ; ; ; ; ;12;1829,12682003903
3374125;1;4;1; ; ; ; ; ; ; ; ; ; ; ; ;12;1829,12682003903
3374126;1;1;1; ; ; ; ; ; ; ; ; ; ; ; ;12;1663,4007382275
3374126;1;2;1; ; ; ; ; ; ; ; ; ; ; ; ;12;1663,4007382275
3374126;1;3;1; ; ; ; ; ; ; ; ; ; ; ; ;12;1663,4007382275
3374127;1;1;1; ; ; ; ; ; ; ; ; ; ; ; ;12;4701,77828380904
3374127;1;2;1; ; ; ; ; ; ; ; ; ; ; ; ;12;4701,77828380904
3374127;1;3;1; ; ; ; ; ; ; ; ; ; ; ; ;12;4701,77828380904
3374127;1;4;1; ; ; ; ; ; ; ; ; ; ; ; ;12;4701,77828380904
3374128;1;1;1; ; ; ; ; ; ; ; ; ; ; ; ;12;3508,61455204235
3374128;1;2;1; ; ; ; ; ; ; ; ; ; ; ; ;12;3508,61455204235
3374128;1;3;1; ; ; ; ; ; ; ; ; ; ; ; ;12;3508,61455204235
3374128;1;4;1; ; ; ; ; ; ; ; ; ; ; ; ;12;3508,61455204235
3374128;1;5;1; ; ; ; ; ; ; ; ; ; ; ; ;12;3508,61455204235
3374129;1;1;1; ; ; ; ; ; ; ; ; ; ; ; ;12;1203,7861845062
3374129;1;2;1; ; ; ; ; ; ; ; ; ; ; ; ;12;1203,7861845062
3374130;1;1;2;2;13; ;2; ; ;2;2; ; ;2; ;12;4655,03425224255
3374130;1;2;2;2;70; ;2; ; ;2;2; ; ;2; ;12;4655,03425224255
3374130;1;3;1; ; ; ; ; ; ; ; ; ; ; ; ;12;4655,03425224255
3374130;1;4;1; ; ; ; ; ; ; ; ; ; ; ; ;12;4655,03425224255
3374130;1;5;2;2;13; ;2; ; ;2;2; ; ;2; ;12;4655,03425224255
3374131;1;1;1; ; ; ; ; ; ; ; ; ; ; ; ;12;2570,68767578105
3374131;1;2;1; ; ; ; ; ; ; ; ; ; ; ; ;12;2570,68767578105
3374131;1;3;1; ; ; ; ; ; ; ; ; ; ; ; ;12;2570,68767578105
3374131;1;4;2;1; ; ;3;05; ;1;2; ; ;2; ;12;2570,68767578105
3374132;1;1;1; ; ; ; ; ; ; ; ; ; ; ; ;12;3647,10766139918
3374133;1;1;2;1; ; ;3;08; ;1;2; ; ;1; ;12;1384,02813152639
3374133;1;2;2;1; ; ;3;08; ;1;2; ; ;1; ;12;1384,02813152639
3374133;1;3;2;1; ; ;3;08; ;1;2; ; ;1; ;12;1384,02813152639
3374133;1;4;2;1; ; ;3;08; ;1;2; ; ;1; ;12;1384,02813152639
3374133;1;5;2;2;08; ;1; ; ; ;2; ; ;1; ;12;1384,02813152639
3374133;1;6;1; ; ; ; ; ; ; ; ; ; ; ; ;12;1384,02813152639
3374134;1;1;1; ; ; ; ; ; ; ; ; ; ; ; ;12;1597,31072411531
3374134;1;2;1; ; ; ; ; ; ; ; ; ; ; ; ;12;1597,31072411531
3374134;1;3;1; ; ; ; ; ; ; ; ; ; ; ; ;12;1597,31072411531
3374134;1;4;1; ; ; ; ; ; ; ; ; ; ; ; ;12;1597,31072411531
3374135;1;1;1; ; ; ; ; ; ; ; ; ; ; ; ;12;1792,45901345822
3374135;1;2;2;2;08; ;2; ; ;1;2; ; ;1; ;12;1792,45901345822
3374135;1;3;1; ; ; ; ; ; ; ; ; ; ; ; ;12;1792,45901345822
3374135;1;4;1; ; ; ; ; ; ; ; ; ; ; ; ;12;1792,45901345822
3374135;1;5;1; ; ; ; ; ; ; ; ; ; ; ; ;12;1792,45901345822
3374135;1;6;1; ; ; ; ; ; ; ; ; ; ; ; ;12;1792,45901345822
3374135;1;7;1; ; ; ; ; ; ; ; ; ; ; ; ;12;1792,45901345822
3374135;1;8;1; ; ; ; ; ; ; ; ; ; ; ; ;12;1792,45901345822
3374136;1;1;2;1; ; ;2; ; ;1;2; ; ;1; ;12;1615,55420373941
3374136;1;2;2;1; ; ;2; ; ;1;2; ; ;1; ;12;1615,55420373941
3374136;1;3;2;1; ; ;2; ; ;1;2; ; ;1; ;12;1615,55420373941
3374136;1;4;2;1; ; ;2; ; ;1;2; ; ;1; ;12;1615,55420373941
3374136;1;5;2;1; ; ;2; ; ;1;2; ; ;1; ;12;1615,55420373941
3374136;1;6;1; ; ; ; ; ; ; ; ; ; ; ; ;12;1615,55420373941
3374137;1;1;1; ; ; ; ; ; ; ; ; ; ; ; ;12;1471,29956247527
3374138;1;1;1; ; ; ; ; ; ; ; ; ; ; ; ;12;2033,54586141042
3374138;1;2;1; ; ; ; ; ; ; ; ; ; ; ; ;12;2033,54586141042
3374138;1;3;1; ; ; ; ; ; ; ; ; ; ; ; ;12;2033,54586141042
3374138;1;4;1; ; ; ; ; ; ; ; ; ; ; ; ;12;2033,54586141042
3374138;1;5;1; ; ; ; ; ; ; ; ; ; ; ; ;12;2033,54586141042
3374139;1;1;1; ; ; ; ; ; ; ; ; ; ; ; ;12;1609,51141263422
3374139;1;2;1; ; ; ; ; ; ; ; ; ; ; ; ;12;1609,51141263422
3374139;1;3;1; ; ; ; ; ; ; ; ; ; ; ; ;12;1609,51141263422
3374140;1;1;1; ; ; ; ; ; ; ; ; ; ; ; ;12;3035,70140893188
3374140;1;2;1; ; ; ; ; ; ; ; ; ; ; ; ;12;3035,70140893188
3374140;1;3;1; ; ; ; ; ; ; ; ; ; ; ; ;12;3035,70140893188
3374140;1;4;1; ; ; ; ; ; ; ; ; ; ; ; ;12;3035,70140893188
3374140;1;5;1; ; ; ; ; ; ; ; ; ; ; ; ;12;3035,70140893188
3374141;1;1;1; ; ; ; ; ; ; ; ; ; ; ; ;12;4618,65779326929
3374141;1;2;1; ; ; ; ; ; ; ; ; ; ; ; ;12;4618,65779326929
3374141;1;3;1; ; ; ; ; ; ; ; ; ; ; ; ;12;4618,65779326929
3374141;1;4;1; ; ; ; ; ; ; ; ; ; ; ; ;12;4618,65779326929
3374142;1;1;1; ; ; ; ; ; ; ; ; ; ; ; ;12;1525,43323022932
3374142;1;2;1; ; ; ; ; ; ; ; ; ; ; ; ;12;1525,43323022932
3374142;1;3;1; ; ; ; ; ; ; ; ; ; ; ; ;12;1525,43323022932
3374142;1;4;1; ; ; ; ; ; ; ; ; ; ; ; ;12;1525,43323022932
3374143;1;1;1; ; ; ; ; ; ; ; ; ; ; ; ;12;818,924182459257
3374143;1;2;1; ; ; ; ; ; ; ; ; ; ; ; ;12;818,924182459257
3374143;1;3;1; ; ; ; ; ; ; ; ; ; ; ; ;12;818,924182459257
3374145;1;1;1; ; ; ; ; ; ; ; ; ; ; ; ;12;1880,19565810011
3374145;1;2;1; ; ; ; ; ; ; ; ; ; ; ; ;12;1880,19565810011
3374145;1;3;1; ; ; ; ; ; ; ; ; ; ; ; ;12;1880,19565810011
3374145;1;4;1; ; ; ; ; ; ; ; ; ; ; ; ;12;1880,19565810011
3374145;1;5;1; ; ; ; ; ; ; ; ; ; ; ; ;12;1880,19565810011
3374145;1;6;1; ; ; ; ; ; ; ; ; ; ; ; ;12;1880,19565810011
3374145;1;7;1; ; ; ; ; ; ; ; ; ; ; ; ;12;1880,19565810011
3374145;1;8;1; ; ; ; ; ; ; ; ; ; ; ; ;12;1880,19565810011
3374145;1;9;1; ; ; ; ; ; ; ; ; ; ; ; ;12;1880,19565810011
3374147;1;1;1; ; ; ; ; ; ; ; ; ; ; ; ;12;1056,21426381755
3374147;1;2;1; ; ; ; ; ; ; ; ; ; ; ; ;12;1056,21426381755
3374147;1;3;1; ; ; ; ; ; ; ; ; ; ; ; ;12;1056,21426381755
3374147;1;4;1; ; ; ; ; ; ; ; ; ; ; ; ;12;1056,21426381755
3374148;1;1;1; ; ; ; ; ; ; ; ; ; ; ; ;12;1672,10350158658
3374148;1;2;1; ; ; ; ; ; ; ; ; ; ; ; ;12;1672,10350158658
3374148;1;3;1; ; ; ; ; ; ; ; ; ; ; ; ;12;1672,10350158658
3374148;1;4;1; ; ; ; ; ; ; ; ; ; ; ; ;12;1672,10350158658
3374148;1;5;1; ; ; ; ; ; ; ; ; ; ; ; ;12;1672,10350158658
3374148;2;1;1; ; ; ; ; ; ; ; ; ; ; ; ;12;1672,10350158658
3374148;2;2;1; ; ; ; ; ; ; ; ; ; ; ; ;12;1672,10350158658
3374148;2;3;1; ; ; ; ; ; ; ; ; ; ; ; ;12;1672,10350158658
3374148;2;4;1; ; ; ; ; ; ; ; ; ; ; ; ;12;1672,10350158658
3374148;2;5;1; ; ; ; ; ; ; ; ; ; ; ; ;12;1672,10350158658
3374149;1;1;1; ; ; ; ; ; ; ; ; ; ; ; ;12;996,247434739774
3374149;1;2;1; ; ; ; ; ; ; ; ; ; ; ; ;12;996,247434739774
3374149;1;3;1; ; ; ; ; ; ; ; ; ; ; ; ;12;996,247434739774
3374150;1;1;1; ; ; ; ; ; ; ; ; ; ; ; ;12;1293,90715801629
3374150;1;2;1; ; ; ; ; ; ; ; ; ; ; ; ;12;1293,90715801629
3374150;1;3;1; ; ; ; ; ; ; ; ; ; ; ; ;12;1293,90715801629
3374150;1;4;1; ; ; ; ; ; ; ; ; ; ; ; ;12;1293,90715801629
3374152;1;1;1; ; ; ; ; ; ; ; ; ; ; ; ;12;839,583292176485
3374152;1;2;1; ; ; ; ; ; ; ; ; ; ; ; ;12;839,583292176485
3374152;1;3;1; ; ; ; ; ; ; ; ; ; ; ; ;12;839,583292176485
3374152;1;4;1; ; ; ; ; ; ; ; ; ; ; ; ;12;839,583292176485
3374152;1;5;1; ; ; ; ; ; ; ; ; ; ; ; ;12;839,583292176485
3374152;1;6;1; ; ; ; ; ; ; ; ; ; ; ; ;12;839,583292176485
3374153;1;1;1; ; ; ; ; ; ; ; ; ; ; ; ;12;1374,93478420462
3374153;1;2;1; ; ; ; ; ; ; ; ; ; ; ; ;12;1374,93478420462
3374154;1;1;1; ; ; ; ; ; ; ; ; ; ; ; ;12;3032,65793994802
3374154;1;2;1; ; ; ; ; ; ; ; ; ; ; ; ;12;3032,65793994802
3374154;1;3;1; ; ; ; ; ; ; ; ; ; ; ; ;12;3032,65793994802
3374155;1;1;1; ; ; ; ; ; ; ; ; ; ; ; ;12;2104,64456409469
3374155;1;2;1; ; ; ; ; ; ; ; ; ; ; ; ;12;2104,64456409469
3374155;1;3;1; ; ; ; ; ; ; ; ; ; ; ; ;12;2104,64456409469
3374157;1;1;1; ; ; ; ; ; ; ; ; ; ; ; ;12;1215,98687302511
3374158;1;1;1; ; ; ; ; ; ; ; ; ; ; ; ;12;2117,55489163686
3374158;1;2;1; ; ; ; ; ; ; ; ; ; ; ; ;12;2117,55489163686
3374158;1;3;1; ; ; ; ; ; ; ; ; ; ; ; ;12;2117,55489163686
3374158;1;4;1; ; ; ; ; ; ; ; ; ; ; ; ;12;2117,55489163686
3374158;1;5;1; ; ; ; ; ; ; ; ; ; ; ; ;12;2117,55489163686
3374158;1;6;1; ; ; ; ; ; ; ; ; ; ; ; ;12;2117,55489163686
3374158;1;7;1; ; ; ; ; ; ; ; ; ; ; ; ;12;2117,55489163686
3374159;1;1;1; ; ; ; ; ; ; ; ; ; ; ; ;12;971,846057701955
3374159;1;2;1; ; ; ; ; ; ; ; ; ; ; ; ;12;971,846057701955
3374159;1;3;1; ; ; ; ; ; ; ; ; ; ; ; ;12;971,846057701955
3374159;1;4;1; ; ; ; ; ; ; ; ; ; ; ; ;12;971,846057701955
3374159;1;5;1; ; ; ; ; ; ; ; ; ; ; ; ;12;971,846057701955
3374160;1;1;1; ; ; ; ; ; ; ; ; ; ; ; ;12;2084,43950948919
3374160;1;2;1; ; ; ; ; ; ; ; ; ; ; ; ;12;2084,43950948919
3374160;1;3;1; ; ; ; ; ; ; ; ; ; ; ; ;12;2084,43950948919
3374160;1;4;1; ; ; ; ; ; ; ; ; ; ; ; ;12;2084,43950948919
3374161;1;1;1; ; ; ; ; ; ; ; ; ; ; ; ;12;863,915517035843
3374161;1;2;1; ; ; ; ; ; ; ; ; ; ; ; ;12;863,915517035843
3374161;1;3;1; ; ; ; ; ; ; ; ; ; ; ; ;12;863,915517035843
3374161;1;4;1; ; ; ; ; ; ; ; ; ; ; ; ;12;863,915517035843
3374161;1;5;1; ; ; ; ; ; ; ; ; ; ; ; ;12;863,915517035843
3374161;1;6;1; ; ; ; ; ; ; ; ; ; ; ; ;12;863,915517035843
3374161;1;7;1; ; ; ; ; ; ; ; ; ; ; ; ;12;863,915517035843
3374162;1;1;1; ; ; ; ; ; ; ; ; ; ; ; ;12;1852,91343727617
3374162;1;2;1; ; ; ; ; ; ; ; ; ; ; ; ;12;1852,91343727617
3374162;1;3;1; ; ; ; ; ; ; ; ; ; ; ; ;12;1852,91343727617
3374162;1;4;1; ; ; ; ; ; ; ; ; ; ; ; ;12;1852,91343727617
3374163;1;1;1; ; ; ; ; ; ; ; ; ; ; ; ;12;2147,48816453695
3374163;1;2;1; ; ; ; ; ; ; ; ; ; ; ; ;12;2147,48816453695
3374163;1;3;1; ; ; ; ; ; ; ; ; ; ; ; ;12;2147,48816453695
3374163;1;4;1; ; ; ; ; ; ; ; ; ; ; ; ;12;2147,48816453695
3374163;1;5;1; ; ; ; ; ; ; ; ; ; ; ; ;12;2147,48816453695
3374164;1;1;1; ; ; ; ; ; ; ; ; ; ; ; ;12;1642,37121087036
3374164;1;2;1; ; ; ; ; ; ; ; ; ; ; ; ;12;1642,37121087036
3374164;1;3;1; ; ; ; ; ; ; ; ; ; ; ; ;12;1642,37121087036
3374164;1;4;1; ; ; ; ; ; ; ; ; ; ; ; ;12;1642,37121087036
3374164;1;5;1; ; ; ; ; ; ; ; ; ; ; ; ;12;1642,37121087036
3374165;1;1;2;2;05; ;3;13; ;2;2; ; ;1; ;12;1915,96209232392
3374165;1;2;2;2;13; ;3;13; ;2;2; ; ;1; ;12;1915,96209232392
3374165;1;3;2;1; ; ;1; ; ; ;2; ; ;1; ;12;1915,96209232392
3374165;1;4;2;2;52; ;3;13; ;2;2; ; ;1; ;12;1915,96209232392
3374165;1;5;2;2;52; ;3;13; ;2;2; ; ;1; ;12;1915,96209232392
3374166;1;1;1; ; ; ; ; ; ; ; ; ; ; ; ;12;1380,9810179357
3374166;1;2;1; ; ; ; ; ; ; ; ; ; ; ; ;12;1380,9810179357
3374166;1;3;1; ; ; ; ; ; ; ; ; ; ; ; ;12;1380,9810179357
3374166;1;4;1; ; ; ; ; ; ; ; ; ; ; ; ;12;1380,9810179357
3374167;1;1;1; ; ; ; ; ; ; ; ; ; ; ; ;12;1471,29956247527
3374168;1;1;1; ; ; ; ; ; ; ; ; ; ; ; ;12;1525,43323022932
3374168;1;2;1; ; ; ; ; ; ; ; ; ; ; ; ;12;1525,43323022932
3374168;1;3;1; ; ; ; ; ; ; ; ; ; ; ; ;12;1525,43323022932
3374168;1;4;1; ; ; ; ; ; ; ; ; ; ; ; ;12;1525,43323022932
3374169;1;1;1; ; ; ; ; ; ; ; ; ; ; ; ;12;2541,30272785675
3374169;1;2;1; ; ; ; ; ; ; ; ; ; ; ; ;12;2541,30272785675
3374169;1;3;1; ; ; ; ; ; ; ; ; ; ; ; ;12;2541,30272785675
3374169;1;4;1; ; ; ; ; ; ; ; ; ; ; ; ;12;2541,30272785675
3374169;1;5;1; ; ; ; ; ; ; ; ; ; ; ; ;12;2541,30272785675
3374169;1;6;1; ; ; ; ; ; ; ; ; ; ; ; ;12;2541,30272785675
3374169;1;7;1; ; ; ; ; ; ; ; ; ; ; ; ;12;2541,30272785675
3374170;1;1;1; ; ; ; ; ; ; ; ; ; ; ; ;12;1101,34390275106
3374170;1;2;1; ; ; ; ; ; ; ; ; ; ; ; ;12;1101,34390275106
3374171;1;1;1; ; ; ; ; ; ; ; ; ; ; ; ;12;2084,43950948919
3374171;1;2;1; ; ; ; ; ; ; ; ; ; ; ; ;12;2084,43950948919
3374171;1;3;1; ; ; ; ; ; ; ; ; ; ; ; ;12;2084,43950948919
3374171;1;4;1; ; ; ; ; ; ; ; ; ; ; ; ;12;2084,43950948919
3374172;1;1;1; ; ; ; ; ; ; ; ; ; ; ; ;12;975,519172844084
3374172;1;2;1; ; ; ; ; ; ; ; ; ; ; ; ;12;975,519172844084
3374172;1;3;1; ; ; ; ; ; ; ; ; ; ; ; ;12;975,519172844084
3374173;1;1;1; ; ; ; ; ; ; ; ; ; ; ; ;12;1264,8058245005
3374173;1;2;1; ; ; ; ; ; ; ; ; ; ; ; ;12;1264,8058245005
3374173;1;3;1; ; ; ; ; ; ; ; ; ; ; ; ;12;1264,8058245005
3374174;1;1;1; ; ; ; ; ; ; ; ; ; ; ; ;12;1639,31065874446
3374175;1;1;2;2;13; ;2; ; ;1;2; ; ;1; ;12;2093,34716867417
3374175;1;2;2;2;08; ;2; ; ;1;2; ; ;1; ;12;2093,34716867417
3374175;1;3;2;2;08; ;2; ; ;1;2; ; ;1; ;12;2093,34716867417
3374175;1;4;2;2;08; ;2; ; ;1;2; ; ;1; ;12;2093,34716867417
3374176;1;1;1; ; ; ; ; ; ; ; ; ; ; ; ;12;2330,36704825088
3374176;1;2;1; ; ; ; ; ; ; ; ; ; ; ; ;12;2330,36704825088
3374176;1;3;1; ; ; ; ; ; ; ; ; ; ; ; ;12;2330,36704825088
3374177;1;1;2;1; ; ;2; ; ;1;2; ; ;1; ;12;2585,38112626004
3374177;1;2;1; ; ; ; ; ; ; ; ; ; ; ; ;12;2585,38112626004
3374177;1;3;1; ; ; ; ; ; ; ; ; ; ; ; ;12;2585,38112626004
3374177;1;4;1; ; ; ; ; ; ; ; ; ; ; ; ;12;2585,38112626004
3374177;1;5;1; ; ; ; ; ; ; ; ; ; ; ; ;12;2585,38112626004
3374178;1;1;1; ; ; ; ; ; ; ; ; ; ; ; ;12;2126,83598068579
3374178;1;2;1; ; ; ; ; ; ; ; ; ; ; ; ;12;2126,83598068579
3374178;1;3;1; ; ; ; ; ; ; ; ; ; ; ; ;12;2126,83598068579
3374178;1;4;1; ; ; ; ; ; ; ; ; ; ; ; ;12;2126,83598068579
3374178;1;5;2;2;47; ;3;47; ;1;2; ; ;1; ;12;2126,83598068579
3374179;1;1;2;3; ;3;2; ; ;1;2; ; ;1; ;12;1167,64514755768
3374179;1;2;1; ; ; ; ; ; ; ; ; ; ; ; ;12;1167,64514755768
3374179;1;3;1; ; ; ; ; ; ; ; ; ; ; ; ;12;1167,64514755768
3374179;1;4;1; ; ; ; ; ; ; ; ; ; ; ; ;12;1167,64514755768
3374180;1;1;1; ; ; ; ; ; ; ; ; ; ; ; ;12;1894,97116174218
3374180;1;2;2;2;13; ;2; ; ;1;2; ; ;1; ;12;1894,97116174218
3374181;1;1;1; ; ; ; ; ; ; ; ; ; ; ; ;12;2424,76538345866
3374181;1;2;1; ; ; ; ; ; ; ; ; ; ; ; ;12;2424,76538345866
3374181;1;3;1; ; ; ; ; ; ; ; ; ; ; ; ;12;2424,76538345866
3374181;1;4;1; ; ; ; ; ; ; ; ; ; ; ; ;12;2424,76538345866
3374182;1;1;1; ; ; ; ; ; ; ; ; ; ; ; ;12;2401,3001790958
3374182;1;2;1; ; ; ; ; ; ; ; ; ; ; ; ;12;2401,3001790958
3374182;1;3;1; ; ; ; ; ; ; ; ; ; ; ; ;12;2401,3001790958
3374182;1;4;1; ; ; ; ; ; ; ; ; ; ; ; ;12;2401,3001790958
3374183;1;1;1; ; ; ; ; ; ; ; ; ; ; ; ;12;1359,95495880862
3374183;1;2;1; ; ; ; ; ; ; ; ; ; ; ; ;12;1359,95495880862
3374183;1;3;1; ; ; ; ; ; ; ; ; ; ; ; ;12;1359,95495880862
3374183;1;4;1; ; ; ; ; ; ; ; ; ; ; ; ;12;1359,95495880862
3374183;1;5;1; ; ; ; ; ; ; ; ; ; ; ; ;12;1359,95495880862
3374183;1;6;1; ; ; ; ; ; ; ; ; ; ; ; ;12;1359,95495880862
3374183;1;7;1; ; ; ; ; ; ; ; ; ; ; ; ;12;1359,95495880862
3374184;1;1;1; ; ; ; ; ; ; ; ; ; ; ; ;12;1257,16098862354
3374184;1;2;2;3; ;3;2; ; ;2;2; ; ;2; ;12;1257,16098862354
3374184;1;3;1; ; ; ; ; ; ; ; ; ; ; ; ;12;1257,16098862354
3374184;1;4;1; ; ; ; ; ; ; ; ; ; ; ; ;12;1257,16098862354
3374185;1;1;1; ; ; ; ; ; ; ; ; ; ; ; ;12;1620,10462930642
3374185;1;2;1; ; ; ; ; ; ; ; ; ; ; ; ;12;1620,10462930642
3374186;1;1;1; ; ; ; ; ; ; ; ; ; ; ; ;12;1241,67708957305
3374186;1;2;1; ; ; ; ; ; ; ; ; ; ; ; ;12;1241,67708957305
3374186;1;3;1; ; ; ; ; ; ; ; ; ; ; ; ;12;1241,67708957305
3374186;1;4;1; ; ; ; ; ; ; ; ; ; ; ; ;12;1241,67708957305
3374187;1;1;1; ; ; ; ; ; ; ; ; ; ; ; ;12;1277,21268968889
3374187;1;2;1; ; ; ; ; ; ; ; ; ; ; ; ;12;1277,21268968889
3374187;1;3;1; ; ; ; ; ; ; ; ; ; ; ; ;12;1277,21268968889
3374188;1;1;1; ; ; ; ; ; ; ; ; ; ; ; ;12;1391,85616413036
3374188;1;2;1; ; ; ; ; ; ; ; ; ; ; ; ;12;1391,85616413036
3374188;1;3;1; ; ; ; ; ; ; ; ; ; ; ; ;12;1391,85616413036
3374188;1;4;1; ; ; ; ; ; ; ; ; ; ; ; ;12;1391,85616413036
3374188;1;5;1; ; ; ; ; ; ; ; ; ; ; ; ;12;1391,85616413036
3374190;1;1;1; ; ; ; ; ; ; ; ; ; ; ; ;12;1002,61689424659
3374191;1;1;1; ; ; ; ; ; ; ; ; ; ; ; ;12;853,552788611794
3374192;1;1;2;2;13; ;2; ; ;1;2; ; ;1; ;12;3380,52404518123
3374192;1;2;1; ; ; ; ; ; ; ; ; ; ; ; ;12;3380,52404518123
3374192;1;3;1; ; ; ; ; ; ; ; ; ; ; ; ;12;3380,52404518123
3374192;1;4;1; ; ; ; ; ; ; ; ; ; ; ; ;12;3380,52404518123
3374192;1;5;2;2;13; ;3;13; ;1;2; ; ;1; ;12;3380,52404518123
3374193;1;1;1; ; ; ; ; ; ; ; ; ; ; ; ;12;2316,08426567731
3374194;1;1;1; ; ; ; ; ; ; ; ; ; ; ; ;12;1258,14539629323
3374194;1;2;1; ; ; ; ; ; ; ; ; ; ; ; ;12;1258,14539629323
3374194;1;3;1; ; ; ; ; ; ; ; ; ; ; ; ;12;1258,14539629323
3374194;1;4;1; ; ; ; ; ; ; ; ; ; ; ; ;12;1258,14539629323
3374195;1;1;1; ; ; ; ; ; ; ; ; ; ; ; ;12;3129,66565416326
3374195;1;2;1; ; ; ; ; ; ; ; ; ; ; ; ;12;3129,66565416326
3374195;1;3;1; ; ; ; ; ; ; ; ; ; ; ; ;12;3129,66565416326
3374195;1;4;1; ; ; ; ; ; ; ; ; ; ; ; ;12;3129,66565416326
3374195;1;5;1; ; ; ; ; ; ; ; ; ; ; ; ;12;3129,66565416326
3374196;1;1;1; ; ; ; ; ; ; ; ; ; ; ; ;12;2765,76293475959
3374196;1;2;1; ; ; ; ; ; ; ; ; ; ; ; ;12;2765,76293475959
3374196;1;3;1; ; ; ; ; ; ; ; ; ; ; ; ;12;2765,76293475959
3374196;1;4;1; ; ; ; ; ; ; ; ; ; ; ; ;12;2765,76293475959
3374197;1;1;1; ; ; ; ; ; ; ; ; ; ; ; ;12;3905,6025436464
3374197;1;2;1; ; ; ; ; ; ; ; ; ; ; ; ;12;3905,6025436464
3374197;1;3;1; ; ; ; ; ; ; ; ; ; ; ; ;12;3905,6025436464
3374197;1;4;1; ; ; ; ; ; ; ; ; ; ; ; ;12;3905,6025436464
3374197;1;5;1; ; ; ; ; ; ; ; ; ; ; ; ;12;3905,6025436464
3374197;1;6;1; ; ; ; ; ; ; ; ; ; ; ; ;12;3905,6025436464
3374198;1;1;1; ; ; ; ; ; ; ; ; ; ; ; ;12;2424,76538345866
3374198;1;2;1; ; ; ; ; ; ; ; ; ; ; ; ;12;2424,76538345866
3374198;1;3;1; ; ; ; ; ; ; ; ; ; ; ; ;12;2424,76538345866
3374198;1;4;1; ; ; ; ; ; ; ; ; ; ; ; ;12;2424,76538345866
3374199;1;1;1; ; ; ; ; ; ; ; ; ; ; ; ;12;2585,38112626004
3374199;1;2;1; ; ; ; ; ; ; ; ; ; ; ; ;12;2585,38112626004
3374199;1;3;1; ; ; ; ; ; ; ; ; ; ; ; ;12;2585,38112626004
3374199;1;4;1; ; ; ; ; ; ; ; ; ; ; ; ;12;2585,38112626004
3374199;1;5;1; ; ; ; ; ; ; ; ; ; ; ; ;12;2585,38112626004
3374200;1;1;2;1; ; ;2; ; ;1;2; ; ;1; ;12;2519,16371866643
3374200;1;2;1; ; ; ; ; ; ; ; ; ; ; ; ;12;2519,16371866643
3374200;1;3;1; ; ; ; ; ; ; ; ; ; ; ; ;12;2519,16371866643
3374200;1;4;2;2;23; ;3;23; ;1;3;23; ;1; ;12;2519,16371866643
3374200;1;5;2;2;23; ;3;23; ;1;2; ; ;1; ;12;2519,16371866643
3374201;1;1;2;2;13; ;3;13; ;1;2; ; ;1; ;12;2401,3001790958
3374201;1;2;2;1; ; ;3;13; ;1;2; ; ;2;1;12;2401,3001790958
3374201;1;3;1; ; ; ; ; ; ; ; ; ; ; ; ;12;2401,3001790958
3374201;1;4;1; ; ; ; ; ; ; ; ; ; ; ; ;12;2401,3001790958
3374202;1;1;2;1; ; ;4; ;3; ;2; ; ;1; ;12;2860,16126996736
3374202;1;2;1; ; ; ; ; ; ; ; ; ; ; ; ;12;2860,16126996736
3374202;1;3;2;1; ; ;2; ; ;1;2; ; ;1; ;12;2860,16126996736
3374202;1;4;1; ; ; ; ; ; ; ; ; ; ; ; ;12;2860,16126996736
3374202;1;5;1; ; ; ; ; ; ; ; ; ; ; ; ;12;2860,16126996736
3374203;1;1;2;2;13; ;2; ; ;1;2; ; ;1; ;12;2458,35286139289
3374203;1;2;2;1; ; ;2; ; ;1;2; ; ;1; ;12;2458,35286139289
3374203;1;3;1; ; ; ; ; ; ; ; ; ; ; ; ;12;2458,35286139289
3374203;1;4;2;1; ; ;2; ; ;1;2; ; ;1; ;12;2458,35286139289
3374204;1;1;1; ; ; ; ; ; ; ; ; ; ; ; ;12;2514,44799541513
3374204;1;2;1; ; ; ; ; ; ; ; ; ; ; ; ;12;2514,44799541513
3374204;1;3;1; ; ; ; ; ; ; ; ; ; ; ; ;12;2514,44799541513
3374204;1;4;1; ; ; ; ; ; ; ; ; ; ; ; ;12;2514,44799541513
3374205;1;1;2;1; ; ;3;11; ;1;3;11; ;1;1;12;1111,38531841097
3374205;1;2;2;1; ; ;2; ; ;2;3;11; ;1;4;12;1111,38531841097
3374205;1;3;1; ; ; ; ; ; ; ; ; ; ; ; ;12;1111,38531841097
3374207;1;1;1; ; ; ; ; ; ; ; ; ; ; ; ;12;1546,60304070253
3374207;1;2;1; ; ; ; ; ; ; ; ; ; ; ; ;12;1546,60304070253
3374207;1;3;1; ; ; ; ; ; ; ; ; ; ; ; ;12;1546,60304070253
3374207;1;4;1; ; ; ; ; ; ; ; ; ; ; ; ;12;1546,60304070253
3374207;1;5;1; ; ; ; ; ; ; ; ; ; ; ; ;12;1546,60304070253
3374208;1;1;1; ; ; ; ; ; ; ; ; ; ; ; ;12;699,004941779121
3374208;1;2;2;3; ;1;2; ; ;2;2; ; ;2; ;12;699,004941779121
3374209;1;1;1; ; ; ; ; ; ; ; ; ; ; ; ;12;1360,72396835926
3374209;1;2;1; ; ; ; ; ; ; ; ; ; ; ; ;12;1360,72396835926
3374209;1;3;1; ; ; ; ; ; ; ; ; ; ; ; ;12;1360,72396835926
3374209;1;4;1; ; ; ; ; ; ; ; ; ; ; ; ;12;1360,72396835926
3374209;1;5;1; ; ; ; ; ; ; ; ; ; ; ; ;12;1360,72396835926
3374209;1;6;1; ; ; ; ; ; ; ; ; ; ; ; ;12;1360,72396835926
3374210;1;1;1; ; ; ; ; ; ; ; ; ; ; ; ;12;699,004941779121
3374210;1;2;1; ; ; ; ; ; ; ; ; ; ; ; ;12;699,004941779121
3374212;1;1;1; ; ; ; ; ; ; ; ; ; ; ; ;12;1082,65307957587
3374212;1;2;1; ; ; ; ; ; ; ; ; ; ; ; ;12;1082,65307957587
3374213;1;1;1; ; ; ; ; ; ; ; ; ; ; ; ;12;1639,31065874446
3374214;1;1;1; ; ; ; ; ; ; ; ; ; ; ; ;12;2401,70251312155
3374214;1;2;1; ; ; ; ; ; ; ; ; ; ; ; ;12;2401,70251312155
3374214;1;3;1; ; ; ; ; ; ; ; ; ; ; ; ;12;2401,70251312155
3374214;1;4;2;2;08; ;2; ; ;2;2; ; ;2;2;12;2401,70251312155
3374214;1;5;1; ; ; ; ; ; ; ; ; ; ; ; ;12;2401,70251312155
3374215;1;1;1; ; ; ; ; ; ; ; ; ; ; ; ;12;1020,27292870904
3374215;1;2;1; ; ; ; ; ; ; ; ; ; ; ; ;12;1020,27292870904
3374215;1;3;2;1; ; ;2; ; ;1;2; ; ;2; ;12;1020,27292870904
3374215;1;4;2;1; ; ;2; ; ;1;2; ; ;1;3;12;1020,27292870904
3374215;1;5;2;2;08; ;2; ; ;2;2; ; ;2; ;12;1020,27292870904
3374216;1;1;1; ; ; ; ; ; ; ; ; ; ; ; ;12;2604,58715569808
3374216;1;2;1; ; ; ; ; ; ; ; ; ; ; ; ;12;2604,58715569808
3374216;1;3;1; ; ; ; ; ; ; ; ; ; ; ; ;12;2604,58715569808
3374216;1;4;1; ; ; ; ; ; ; ; ; ; ; ; ;12;2604,58715569808
3374217;1;1;1; ; ; ; ; ; ; ; ; ; ; ; ;12;2420,04966020735
3374217;1;2;1; ; ; ; ; ; ; ; ; ; ; ; ;12;2420,04966020735
3374217;1;3;1; ; ; ; ; ; ; ; ; ; ; ; ;12;2420,04966020735
3374218;1;1;1; ; ; ; ; ; ; ; ; ; ; ; ;12;1289,13068565425
3374218;1;2;1; ; ; ; ; ; ; ; ; ; ; ; ;12;1289,13068565425
3374218;1;3;1; ; ; ; ; ; ; ; ; ; ; ; ;12;1289,13068565425
3374219;1;1;1; ; ; ; ; ; ; ; ; ; ; ; ;12;2424,76538345866
3374219;1;2;1; ; ; ; ; ; ; ; ; ; ; ; ;12;2424,76538345866
3374219;1;3;1; ; ; ; ; ; ; ; ; ; ; ; ;12;2424,76538345866
3374219;1;4;1; ; ; ; ; ; ; ; ; ; ; ; ;12;2424,76538345866
3374220;1;1;1; ; ; ; ; ; ; ; ; ; ; ; ;12;2008,575526388
3374220;1;2;1; ; ; ; ; ; ; ; ; ; ; ; ;12;2008,575526388
3374221;1;1;1; ; ; ; ; ; ; ; ; ; ; ; ;12;2481,41573173
3374221;1;2;1; ; ; ; ; ; ; ; ; ; ; ; ;12;2481,41573173
3374221;1;3;1; ; ; ; ; ; ; ; ; ; ; ; ;12;2481,41573173
3374222;1;1;1; ; ; ; ; ; ; ; ; ; ; ; ;12;2420,04966020735
3374222;1;2;2;2;70; ;2; ; ;1;2; ; ;1; ;12;2420,04966020735
3374222;1;3;2;2;70; ;2; ; ;1;2; ; ;1; ;12;2420,04966020735
3374223;1;1;2;1; ; ;4; ;2; ;2; ; ;1; ;12;2533,65402485317
3374223;1;2;1; ; ; ; ; ; ; ; ; ; ; ; ;12;2533,65402485317
3374223;1;3;1; ; ; ; ; ; ; ; ; ; ; ; ;12;2533,65402485317
3374224;1;1;1; ; ; ; ; ; ; ; ; ; ; ; ;12;2429,57977263258
3374224;1;2;1; ; ; ; ; ; ; ; ; ; ; ; ;12;2429,57977263258
3374224;1;3;1; ; ; ; ; ; ; ; ; ; ; ; ;12;2429,57977263258
3374224;1;4;1; ; ; ; ; ; ; ; ; ; ; ; ;12;2429,57977263258
3374225;1;1;1; ; ; ; ; ; ; ; ; ; ; ; ;12;2102,97386159577
3374225;1;2;1; ; ; ; ; ; ; ; ; ; ; ; ;12;2102,97386159577
3374225;1;3;1; ; ; ; ; ; ; ; ; ; ; ; ;12;2102,97386159577
3374226;1;1;1; ; ; ; ; ; ; ; ; ; ; ; ;12;833,501087546443
3374226;1;2;1; ; ; ; ; ; ; ; ; ; ; ; ;12;833,501087546443
3374227;1;1;2;2;23; ;2; ; ;1;2; ; ;1; ;12;2283,45433601793
3374228;1;1;1; ; ; ; ; ; ; ; ; ; ; ; ;12;2917,21395226445
3374228;1;2;1; ; ; ; ; ; ; ; ; ; ; ; ;12;2917,21395226445
3374228;1;3;1; ; ; ; ; ; ; ; ; ; ; ; ;12;2917,21395226445
3374228;1;4;1; ; ; ; ; ; ; ; ; ; ; ; ;12;2917,21395226445
3374228;1;5;1; ; ; ; ; ; ; ; ; ; ; ; ;12;2917,21395226445
3374229;1;1;1; ; ; ; ; ; ; ; ; ; ; ; ;12;1258,14539629323
3374229;1;2;1; ; ; ; ; ; ; ; ; ; ; ; ;12;1258,14539629323
3374229;1;3;1; ; ; ; ; ; ; ; ; ; ; ; ;12;1258,14539629323
3374229;1;4;2;3; ;3;4; ;3; ;4; ;3; ;4;12;1258,14539629323
3374230;1;1;1; ; ; ; ; ; ; ; ; ; ; ; ;12;1002,61689424659
3374231;1;1;2;2;13; ;2; ; ;2;2; ; ;2; ;12;1198,47999142653
3374231;1;2;1; ; ; ; ; ; ; ; ; ; ; ; ;12;1198,47999142653
3374231;1;3;1; ; ; ; ; ; ; ; ; ; ; ; ;12;1198,47999142653
3374231;1;4;2;1; ; ;2; ; ;2;2; ; ;2; ;12;1198,47999142653
3374231;1;5;1; ; ; ; ; ; ; ; ; ; ; ; ;12;1198,47999142653
3374232;1;1;1; ; ; ; ; ; ; ; ; ; ; ; ;12;1372,7888707347
3374232;1;2;1; ; ; ; ; ; ; ; ; ; ; ; ;12;1372,7888707347
3374232;1;3;1; ; ; ; ; ; ; ; ; ; ; ; ;12;1372,7888707347
3374232;1;4;1; ; ; ; ; ; ; ; ; ; ; ; ;12;1372,7888707347
3374232;1;5;1; ; ; ; ; ; ; ; ; ; ; ; ;12;1372,7888707347
3374232;1;6;1; ; ; ; ; ; ; ; ; ; ; ; ;12;1372,7888707347
3374233;1;1;1; ; ; ; ; ; ; ; ; ; ; ; ;12;1000,31286649405
3374233;1;2;1; ; ; ; ; ; ; ; ; ; ; ; ;12;1000,31286649405
3374234;1;1;1; ; ; ; ; ; ; ; ; ; ; ; ;12;1122,94313962544
3374234;1;2;1; ; ; ; ; ; ; ; ; ; ; ; ;12;1122,94313962544
3374234;1;3;1; ; ; ; ; ; ; ; ; ; ; ; ;12;1122,94313962544
3374235;1;1;1; ; ; ; ; ; ; ; ; ; ; ; ;12;921,432432715283
3374235;1;2;1; ; ; ; ; ; ; ; ; ; ; ; ;12;921,432432715283
3374235;1;3;1; ; ; ; ; ; ; ; ; ; ; ; ;12;921,432432715283
3374235;1;4;1; ; ; ; ; ; ; ; ; ; ; ; ;12;921,432432715283
3374235;1;5;1; ; ; ; ; ; ; ; ; ; ; ; ;12;921,432432715283
3374235;1;6;1; ; ; ; ; ; ; ; ; ; ; ; ;12;921,432432715283
3374236;1;1;1; ; ; ; ; ; ; ; ; ; ; ; ;12;1587,47469964704
3374236;1;2;1; ; ; ; ; ; ; ; ; ; ; ; ;12;1587,47469964704
3374237;1;1;1; ; ; ; ; ; ; ; ; ; ; ; ;12;1030,36472541201
3374237;1;2;1; ; ; ; ; ; ; ; ; ; ; ; ;12;1030,36472541201
3374238;1;1;1; ; ; ; ; ; ; ; ; ; ; ; ;12;1280,48875329049
3374238;1;2;1; ; ; ; ; ; ; ; ; ; ; ; ;12;1280,48875329049
3374238;1;3;1; ; ; ; ; ; ; ; ; ; ; ; ;12;1280,48875329049
3374238;1;4;1; ; ; ; ; ; ; ; ; ; ; ; ;12;1280,48875329049
3374239;1;1;2;2;44; ;2; ; ;2;2; ; ;2; ;12;1423,97276757114
3374239;1;2;1; ; ; ; ; ; ; ; ; ; ; ; ;12;1423,97276757114
3374239;1;3;1; ; ; ; ; ; ; ; ; ; ; ; ;12;1423,97276757114
3374239;1;4;1; ; ; ; ; ; ; ; ; ; ; ; ;12;1423,97276757114
3374240;1;1;2;2;13; ;2; ; ;2;2; ; ;2; ;12;1418,56829340299
3374240;1;2;1; ; ; ; ; ; ; ; ; ; ; ; ;12;1418,56829340299
3374240;1;3;1; ; ; ; ; ; ; ; ; ; ; ; ;12;1418,56829340299
3374241;1;1;1; ; ; ; ; ; ; ; ; ; ; ; ;12;1108,15297965478
3374241;1;2;2;2;13; ;2; ; ;2;2; ; ;2; ;12;1108,15297965478
3374241;1;3;1; ; ; ; ; ; ; ; ; ; ; ; ;12;1108,15297965478
3374241;1;4;1; ; ; ; ; ; ; ; ; ; ; ; ;12;1108,15297965478
3374241;1;5;1; ; ; ; ; ; ; ; ; ; ; ; ;12;1108,15297965478
3374241;1;6;1; ; ; ; ; ; ; ; ; ; ; ; ;12;1108,15297965478
3374242;1;1;1; ; ; ; ; ; ; ; ; ; ; ; ;12;1201,57368744235
3374242;1;2;1; ; ; ; ; ; ; ; ; ; ; ; ;12;1201,57368744235
3374242;1;3;1; ; ; ; ; ; ; ; ; ; ; ; ;12;1201,57368744235
3374242;1;4;1; ; ; ; ; ; ; ; ; ; ; ; ;12;1201,57368744235
3374242;1;5;1; ; ; ; ; ; ; ; ; ; ; ; ;12;1201,57368744235
3374242;1;6;1; ; ; ; ; ; ; ; ; ; ; ; ;12;1201,57368744235
3374243;1;1;1; ; ; ; ; ; ; ; ; ; ; ; ;12;1293,38986057907
3374243;1;2;1; ; ; ; ; ; ; ; ; ; ; ; ;12;1293,38986057907
3374243;1;3;1; ; ; ; ; ; ; ; ; ; ; ; ;12;1293,38986057907
3374243;1;4;1; ; ; ; ; ; ; ; ; ; ; ; ;12;1293,38986057907
3374244;1;1;2;1; ; ;2; ; ;1;2; ; ;1; ;12;2420,50620853384
3374244;1;2;1; ; ; ; ; ; ; ; ; ; ; ; ;12;2420,50620853384
3374244;1;3;1; ; ; ; ; ; ; ; ; ; ; ; ;12;2420,50620853384
3374245;1;1;1; ; ; ; ; ; ; ; ; ; ; ; ;12;1946,50838648698
3374245;1;2;1; ; ; ; ; ; ; ; ; ; ; ; ;12;1946,50838648698
3374245;1;3;1; ; ; ; ; ; ; ; ; ; ; ; ;12;1946,50838648698
3374245;1;4;1; ; ; ; ; ; ; ; ; ; ; ; ;12;1946,50838648698
3374245;1;5;1; ; ; ; ; ; ; ; ; ; ; ; ;12;1946,50838648698
3374246;1;1;1; ; ; ; ; ; ; ; ; ; ; ; ;12;2283,45433601793
3374247;1;1;1; ; ; ; ; ; ; ; ; ; ; ; ;12;3310,0474626628
3374247;1;2;1; ; ; ; ; ; ; ; ; ; ; ; ;12;3310,0474626628
3374247;1;3;1; ; ; ; ; ; ; ; ; ; ; ; ;12;3310,0474626628
3374247;1;4;1; ; ; ; ; ; ; ; ; ; ; ; ;12;3310,0474626628
3374248;1;1;2;3; ;3;2; ; ;2;2; ; ;2; ;12;1002,61689424659
3374249;1;1;1; ; ; ; ; ; ; ; ; ; ; ; ;12;2283,45433601793
3374250;1;1;1; ; ; ; ; ; ; ; ; ; ; ; ;12;2051,13790249835
3374250;1;2;1; ; ; ; ; ; ; ; ; ; ; ; ;12;2051,13790249835
3374250;1;3;1; ; ; ; ; ; ; ; ; ; ; ; ;12;2051,13790249835
3374250;1;4;1; ; ; ; ; ; ; ; ; ; ; ; ;12;2051,13790249835
3374251;1;1;1; ; ; ; ; ; ; ; ; ; ; ; ;12;2401,3001790958
3374251;1;2;1; ; ; ; ; ; ; ; ; ; ; ; ;12;2401,3001790958
3374251;1;3;1; ; ; ; ; ; ; ; ; ; ; ; ;12;2401,3001790958
3374251;1;4;1; ; ; ; ; ; ; ; ; ; ; ; ;12;2401,3001790958
3374252;1;1;1; ; ; ; ; ; ; ; ; ; ; ; ;12;2424,76538345866
3374252;1;2;2;2;70; ;2; ; ;1;2; ; ;1; ;12;2424,76538345866
3374252;1;3;1; ; ; ; ; ; ; ; ; ; ; ; ;12;2424,76538345866
3374252;1;4;1; ; ; ; ; ; ; ; ; ; ; ; ;12;2424,76538345866
3374253;1;1;1; ; ; ; ; ; ; ; ; ; ; ; ;12;2784,21368151852
3374253;1;2;1; ; ; ; ; ; ; ; ; ; ; ; ;12;2784,21368151852
3374253;1;3;1; ; ; ; ; ; ; ; ; ; ; ; ;12;2784,21368151852
3374253;1;4;1; ; ; ; ; ; ; ; ; ; ; ; ;12;2784,21368151852
3374253;1;5;2;1; ; ;2; ; ;1;2; ; ;1; ;12;2784,21368151852
3374253;1;6;2;2;13; ;3;13; ;1;2; ; ;1; ;12;2784,21368151852
3374253;1;7;1; ; ; ; ; ; ; ; ; ; ; ; ;12;2784,21368151852
3374254;1;1;2;2;52; ;3;52; ;1;2; ; ;1; ;12;2235,20115316983
3374254;1;2;2;2;52; ;3;52; ;1;2; ; ;1; ;12;2235,20115316983
3374254;1;3;2;2;52; ;3;52; ;1;2; ; ;1; ;12;2235,20115316983
3374254;1;4;2;2;52; ;3;52; ;1;2; ; ;1; ;12;2235,20115316983
3374254;1;5;1; ; ; ; ; ; ; ; ; ; ; ; ;12;2235,20115316983
3374254;1;6;2;2;52; ;3;52; ;1;2; ; ;1; ;12;2235,20115316983
3374254;1;7;2;2;52; ;3;52; ;1;2; ; ;1; ;12;2235,20115316983
3374256;1;1;2;2;13; ;2; ; ;1;2; ; ;1; ;12;2935,35357573709
3374256;1;2;2;2;70; ;2; ; ;1;2; ; ;1; ;12;2935,35357573709
3374256;1;3;1; ; ; ; ; ; ; ; ; ; ; ; ;12;2935,35357573709
3374256;1;4;1; ; ; ; ; ; ; ; ; ; ; ; ;12;2935,35357573709
3374256;1;5;1; ; ; ; ; ; ; ; ; ; ; ; ;12;2935,35357573709
3374256;1;6;1; ; ; ; ; ; ; ; ; ; ; ; ;12;2935,35357573709
3374256;1;7;2;2;13; ;2; ; ;1;2; ; ;1; ;12;2935,35357573709
3374257;1;1;1; ; ; ; ; ; ; ; ; ; ; ; ;12;893,696973370501
3374257;1;2;1; ; ; ; ; ; ; ; ; ; ; ; ;12;893,696973370501
3374257;1;3;2;2;13; ;2; ; ;1;3;13; ;1;1;12;893,696973370501
3374258;1;1;1; ; ; ; ; ; ; ; ; ; ; ; ;12;699,004941779121
3374258;1;2;1; ; ; ; ; ; ; ; ; ; ; ; ;12;699,004941779121
3374259;1;1;1; ; ; ; ; ; ; ; ; ; ; ; ;12;1054,18343822398
3374259;1;2;1; ; ; ; ; ; ; ; ; ; ; ; ;12;1054,18343822398
3374259;1;3;1; ; ; ; ; ; ; ; ; ; ; ; ;12;1054,18343822398
3374259;1;4;1; ; ; ; ; ; ; ; ; ; ; ; ;12;1054,18343822398
3374259;1;5;1; ; ; ; ; ; ; ; ; ; ; ; ;12;1054,18343822398
3374259;1;6;1; ; ; ; ; ; ; ; ; ; ; ; ;12;1054,18343822398
3374260;1;1;1; ; ; ; ; ; ; ; ; ; ; ; ;12;1184,91257224468
3374261;1;1;1; ; ; ; ; ; ; ; ; ; ; ; ;12;1067,75514773892
3374261;1;2;1; ; ; ; ; ; ; ; ; ; ; ; ;12;1067,75514773892
3374261;1;3;1; ; ; ; ; ; ; ; ; ; ; ; ;12;1067,75514773892
3374261;1;4;1; ; ; ; ; ; ; ; ; ; ; ; ;12;1067,75514773892
3374261;1;5;1; ; ; ; ; ; ; ; ; ; ; ; ;12;1067,75514773892
3374261;1;6;1; ; ; ; ; ; ; ; ; ; ; ; ;12;1067,75514773892
3374261;1;7;1; ; ; ; ; ; ; ; ; ; ; ; ;12;1067,75514773892
3374261;1;8;1; ; ; ; ; ; ; ; ; ; ; ; ;12;1067,75514773892
3374261;1;9;1; ; ; ; ; ; ; ; ; ; ; ; ;12;1067,75514773892
3374261;1;10;1; ; ; ; ; ; ; ; ; ; ; ; ;12;1067,75514773892
3374261;1;11;1; ; ; ; ; ; ; ; ; ; ; ; ;12;1067,75514773892
3374261;1;12;1; ; ; ; ; ; ; ; ; ; ; ; ;12;1067,75514773892
3374261;1;13;1; ; ; ; ; ; ; ; ; ; ; ; ;12;1067,75514773892
3374262;1;1;1; ; ; ; ; ; ; ; ; ; ; ; ;12;799,092828173748
3374262;1;2;1; ; ; ; ; ; ; ; ; ; ; ; ;12;799,092828173748
3374263;1;1;2;2;08; ;3;13; ;2;3;13; ;2; ;12;1265,14778731346
3374263;1;2;2;2;13; ;3;13; ;2;2; ; ;2; ;12;1265,14778731346
3374263;1;3;1; ; ; ; ; ; ; ; ; ; ; ; ;12;1265,14778731346
3374264;1;1;1; ; ; ; ; ; ; ; ; ; ; ; ;12;990,058532346496
3374264;1;2;1; ; ; ; ; ; ; ; ; ; ; ; ;12;990,058532346496
3374264;1;3;1; ; ; ; ; ; ; ; ; ; ; ; ;12;990,058532346496
3374264;1;4;1; ; ; ; ; ; ; ; ; ; ; ; ;12;990,058532346496
3374264;1;5;1; ; ; ; ; ; ; ; ; ; ; ; ;12;990,058532346496
3374265;1;1;1; ; ; ; ; ; ; ; ; ; ; ; ;12;1517,14899168096
3374265;1;2;1; ; ; ; ; ; ; ; ; ; ; ; ;12;1517,14899168096
3374265;1;3;1; ; ; ; ; ; ; ; ; ; ; ; ;12;1517,14899168096
3374265;1;4;1; ; ; ; ; ; ; ; ; ; ; ; ;12;1517,14899168096
3374265;1;5;1; ; ; ; ; ; ; ; ; ; ; ; ;12;1517,14899168096
3374265;1;6;1; ; ; ; ; ; ; ; ; ; ; ; ;12;1517,14899168096
3374265;1;7;1; ; ; ; ; ; ; ; ; ; ; ; ;12;1517,14899168096
3374265;1;8;1; ; ; ; ; ; ; ; ; ; ; ; ;12;1517,14899168096
3374265;1;9;1; ; ; ; ; ; ; ; ; ; ; ; ;12;1517,14899168096
3374266;1;1;1; ; ; ; ; ; ; ; ; ; ; ; ;12;1376,17323534037
3374266;1;2;1; ; ; ; ; ; ; ; ; ; ; ; ;12;1376,17323534037
3374266;1;3;1; ; ; ; ; ; ; ; ; ; ; ; ;12;1376,17323534037
3374266;1;4;2;1; ; ;2; ; ;2;2; ; ;2; ;12;1376,17323534037
3374267;1;1;1; ; ; ; ; ; ; ; ; ; ; ; ;12;956,825099757666
3374267;1;2;2;1; ; ;4; ;3; ;2; ; ;2; ;12;956,825099757666
3374267;1;3;2;2;47; ;3;47; ;2;2; ; ;2; ;12;956,825099757666
3374267;1;4;1; ; ; ; ; ; ; ; ; ; ; ; ;12;956,825099757666
3374267;1;5;1; ; ; ; ; ; ; ; ; ; ; ; ;12;956,825099757666
3374267;1;6;1; ; ; ; ; ; ; ; ; ; ; ; ;12;956,825099757666
3374268;1;1;1; ; ; ; ; ; ; ; ; ; ; ; ;12;1181,38580370333
3374268;1;2;1; ; ; ; ; ; ; ; ; ; ; ; ;12;1181,38580370333
3374268;1;3;1; ; ; ; ; ; ; ; ; ; ; ; ;12;1181,38580370333
3374268;1;4;1; ; ; ; ; ; ; ; ; ; ; ; ;12;1181,38580370333
3374268;1;5;2;1; ; ;2; ; ;2;2; ; ;2; ;12;1181,38580370333
3374268;1;6;1; ; ; ; ; ; ; ; ; ; ; ; ;12;1181,38580370333
3374268;1;7;1; ; ; ; ; ; ; ; ; ; ; ; ;12;1181,38580370333
3374268;1;8;1; ; ; ; ; ; ; ; ; ; ; ; ;12;1181,38580370333
3374268;1;9;1; ; ; ; ; ; ; ; ; ; ; ; ;12;1181,38580370333
3374269;1;1;1; ; ; ; ; ; ; ; ; ; ; ; ;12;1331,67265012693
3374269;1;2;2;1; ; ;3;70; ;2;2; ; ;2; ;12;1331,67265012693
3374270;1;1;1; ; ; ; ; ; ; ; ; ; ; ; ;12;1451,69771532083
3374270;1;2;1; ; ; ; ; ; ; ; ; ; ; ; ;12;1451,69771532083
3374270;1;3;1; ; ; ; ; ; ; ; ; ; ; ; ;12;1451,69771532083
3374270;1;4;2;1; ; ;2; ; ;2;4; ;3; ;2;12;1451,69771532083
3374270;2;1;1; ; ; ; ; ; ; ; ; ; ; ; ;12;1451,69771532083
3374270;2;2;1; ; ; ; ; ; ; ; ; ; ; ; ;12;1451,69771532083
3374270;2;3;1; ; ; ; ; ; ; ; ; ; ; ; ;12;1451,69771532083
3374270;2;4;1; ; ; ; ; ; ; ; ; ; ; ; ;12;1451,69771532083
3374271;1;1;1; ; ; ; ; ; ; ; ; ; ; ; ;12;1277,21268968889
3374271;1;2;2;2;13; ;2; ; ;2;2; ; ;2; ;12;1277,21268968889
3374271;1;3;1; ; ; ; ; ; ; ; ; ; ; ; ;12;1277,21268968889
3374272;1;1;1; ; ; ; ; ; ; ; ; ; ; ; ;12;1264,8058245005
3374272;1;2;1; ; ; ; ; ; ; ; ; ; ; ; ;12;1264,8058245005
3374272;1;3;1; ; ; ; ; ; ; ; ; ; ; ; ;12;1264,8058245005
3374273;1;1;1; ; ; ; ; ; ; ; ; ; ; ; ;12;2268,35455173968
3374273;1;2;1; ; ; ; ; ; ; ; ; ; ; ; ;12;2268,35455173968
3374273;1;3;1; ; ; ; ; ; ; ; ; ; ; ; ;12;2268,35455173968
3374273;1;4;1; ; ; ; ; ; ; ; ; ; ; ; ;12;2268,35455173968
3374274;1;1;1; ; ; ; ; ; ; ; ; ; ; ; ;12;2514,90454374162
3374274;1;2;1; ; ; ; ; ; ; ; ; ; ; ; ;12;2514,90454374162
3374274;1;3;1; ; ; ; ; ; ; ; ; ; ; ; ;12;2514,90454374162
3374274;1;4;1; ; ; ; ; ; ; ; ; ; ; ; ;12;2514,90454374162
3374275;1;1;1; ; ; ; ; ; ; ; ; ; ; ; ;12;3461,09614614192
3374275;1;2;1; ; ; ; ; ; ; ; ; ; ; ; ;12;3461,09614614192
3374275;1;3;1; ; ; ; ; ; ; ; ; ; ; ; ;12;3461,09614614192
3374275;1;4;1; ; ; ; ; ; ; ; ; ; ; ; ;12;3461,09614614192
3374276;1;1;1; ; ; ; ; ; ; ; ; ; ; ; ;12;948,156933808547
3374276;1;2;1; ; ; ; ; ; ; ; ; ; ; ; ;12;948,156933808547
3374277;1;1;1; ; ; ; ; ; ; ; ; ; ; ; ;12;2514,44799541513
3374277;1;2;1; ; ; ; ; ; ; ; ; ; ; ; ;12;2514,44799541513
3374277;1;3;1; ; ; ; ; ; ; ; ; ; ; ; ;12;2514,44799541513
3374277;1;4;1; ; ; ; ; ; ; ; ; ; ; ; ;12;2514,44799541513
3374278;1;1;2;1; ; ;2; ; ;2;2; ; ;2;3;12;1587,47469964704
3374278;1;2;2;1; ; ;2; ; ;1;2; ; ;1; ;12;1587,47469964704
3374279;1;1;1; ; ; ; ; ; ; ; ; ; ; ; ;12;2083,76783215773
3374279;1;2;1; ; ; ; ; ; ; ; ; ; ; ; ;12;2083,76783215773
3374279;1;3;1; ; ; ; ; ; ; ; ; ; ; ; ;12;2083,76783215773
3374279;1;4;1; ; ; ; ; ; ; ; ; ; ; ; ;12;2083,76783215773
3374280;1;1;1; ; ; ; ; ; ; ; ; ; ; ; ;12;2283,45433601793
3374281;1;1;1; ; ; ; ; ; ; ; ; ; ; ; ;12;2452,78318953986
3374281;1;2;1; ; ; ; ; ; ; ; ; ; ; ; ;12;2452,78318953986
3374281;1;3;1; ; ; ; ; ; ; ; ; ; ; ; ;12;2452,78318953986
3374281;1;4;1; ; ; ; ; ; ; ; ; ; ; ; ;12;2452,78318953986
3374281;2;1;1; ; ; ; ; ; ; ; ; ; ; ; ;12;2452,78318953986
3374281;2;2;1; ; ; ; ; ; ; ; ; ; ; ; ;12;2452,78318953986
3374281;2;3;1; ; ; ; ; ; ; ; ; ; ; ; ;12;2452,78318953986
3374281;2;4;1; ; ; ; ; ; ; ; ; ; ; ; ;12;2452,78318953986
3374282;1;1;1; ; ; ; ; ; ; ; ; ; ; ; ;12;1568,268670209
3374282;1;2;1; ; ; ; ; ; ; ; ; ; ; ; ;12;1568,268670209
3374282;1;3;2;1; ; ;3;08; ;1;2; ; ;1; ;12;1568,268670209
3374283;1;1;1; ; ; ; ; ; ; ; ; ; ; ; ;12;2860,16126996736
3374283;1;2;1; ; ; ; ; ; ; ; ; ; ; ; ;12;2860,16126996736
3374283;1;3;1; ; ; ; ; ; ; ; ; ; ; ; ;12;2860,16126996736
3374283;1;4;1; ; ; ; ; ; ; ; ; ; ; ; ;12;2860,16126996736
3374283;1;5;1; ; ; ; ; ; ; ; ; ; ; ; ;12;2860,16126996736
3374284;1;1;1; ; ; ; ; ; ; ; ; ; ; ; ;12;3091,71014361366
3374284;1;2;1; ; ; ; ; ; ; ; ; ; ; ; ;12;3091,71014361366
3374284;1;3;1; ; ; ; ; ; ; ; ; ; ; ; ;12;3091,71014361366
3374284;1;4;1; ; ; ; ; ; ; ; ; ; ; ; ;12;3091,71014361366
3374284;1;5;1; ; ; ; ; ; ; ; ; ; ; ; ;12;3091,71014361366
3374284;1;6;1; ; ; ; ; ; ; ; ; ; ; ; ;12;3091,71014361366
3374284;2;1;1; ; ; ; ; ; ; ; ; ; ; ; ;12;3091,71014361366
3374285;1;1;2;2;05; ;2; ; ;2;2; ; ;2; ;12;1197,20491516698
3374285;1;2;1; ; ; ; ; ; ; ; ; ; ; ; ;12;1197,20491516698
3374285;1;3;1; ; ; ; ; ; ; ; ; ; ; ; ;12;1197,20491516698
3374285;1;4;1; ; ; ; ; ; ; ; ; ; ; ; ;12;1197,20491516698
3374285;1;5;1; ; ; ; ; ; ; ; ; ; ; ; ;12;1197,20491516698
3374285;1;6;1; ; ; ; ; ; ; ; ; ; ; ; ;12;1197,20491516698
3374285;1;7;1; ; ; ; ; ; ; ; ; ; ; ; ;12;1197,20491516698
3374285;1;8;1; ; ; ; ; ; ; ; ; ; ; ; ;12;1197,20491516698
3374286;1;1;1; ; ; ; ; ; ; ; ; ; ; ; ;12;1331,67265012693
3374286;1;2;1; ; ; ; ; ; ; ; ; ; ; ; ;12;1331,67265012693
3374287;1;1;1; ; ; ; ; ; ; ; ; ; ; ; ;12;1331,67265012693
3374287;1;2;2;1; ; ;3;13; ;1;2; ; ;2; ;12;1331,67265012693
3374288;1;1;2;1; ; ;2; ; ;2;2; ; ;2; ;12;1218,33266275238
3374288;1;2;2;1; ; ;2; ; ;2;2; ; ;2; ;12;1218,33266275238
3374288;1;3;1; ; ; ; ; ; ; ; ; ; ; ; ;12;1218,33266275238
3374289;1;1;2;2;44; ;2; ; ;2;2; ; ;2; ;12;1661,246515144
3374289;1;2;2;1; ; ;3;44; ;2;2; ; ;2; ;12;1661,246515144
3374289;1;3;2;1; ; ;2; ; ;2;2; ; ;2; ;12;1661,246515144
3374289;1;4;1; ; ; ; ; ; ; ; ; ; ; ; ;12;1661,246515144
3374289;1;5;1; ; ; ; ; ; ; ; ; ; ; ; ;12;1661,246515144
3374289;1;6;1; ; ; ; ; ; ; ; ; ; ; ; ;12;1661,246515144
3374289;1;7;1; ; ; ; ; ; ; ; ; ; ; ; ;12;1661,246515144
3374290;1;1;1; ; ; ; ; ; ; ; ; ; ; ; ;12;699,004941779121
3374290;1;2;1; ; ; ; ; ; ; ; ; ; ; ; ;12;699,004941779121
3374291;1;1;1; ; ; ; ; ; ; ; ; ; ; ; ;12;1212,6604034101
3374291;1;2;1; ; ; ; ; ; ; ; ; ; ; ; ;12;1212,6604034101
3374292;1;1;1; ; ; ; ; ; ; ; ; ; ; ; ;12;1334,65428394337
3374292;1;2;1; ; ; ; ; ; ; ; ; ; ; ; ;12;1334,65428394337
3374292;1;3;1; ; ; ; ; ; ; ; ; ; ; ; ;12;1334,65428394337
3374292;1;4;1; ; ; ; ; ; ; ; ; ; ; ; ;12;1334,65428394337
3374292;1;5;1; ; ; ; ; ; ; ; ; ; ; ; ;12;1334,65428394337
3374292;1;6;1; ; ; ; ; ; ; ; ; ; ; ; ;12;1334,65428394337
3374292;1;7;1; ; ; ; ; ; ; ; ; ; ; ; ;12;1334,65428394337
3374292;1;8;1; ; ; ; ; ; ; ; ; ; ; ; ;12;1334,65428394337
3374293;1;1;1; ; ; ; ; ; ; ; ; ; ; ; ;12;699,004941779121
3374293;1;2;1; ; ; ; ; ; ; ; ; ; ; ; ;12;699,004941779121
3374294;1;1;1; ; ; ; ; ; ; ; ; ; ; ; ;12;1002,61689424659
3374295;1;1;1; ; ; ; ; ; ; ; ; ; ; ; ;12;845,765019661374
3374295;1;2;1; ; ; ; ; ; ; ; ; ; ; ; ;12;845,765019661374
3374295;1;3;1; ; ; ; ; ; ; ; ; ; ; ; ;12;845,765019661374
3374296;1;1;1; ; ; ; ; ; ; ; ; ; ; ; ;12;1265,14778731346
3374296;1;2;1; ; ; ; ; ; ; ; ; ; ; ; ;12;1265,14778731346
3374296;1;3;1; ; ; ; ; ; ; ; ; ; ; ; ;12;1265,14778731346
3374297;1;1;2;2;13; ;2; ; ;2;2; ; ;2; ;12;1002,61689424659
3374298;1;1;1; ; ; ; ; ; ; ; ; ; ; ; ;12;960,408494102844
3374298;1;2;1; ; ; ; ; ; ; ; ; ; ; ; ;12;960,408494102844
3374298;1;3;1; ; ; ; ; ; ; ; ; ; ; ; ;12;960,408494102844
3374298;1;4;2;2;13; ;3;13; ;1;2; ; ;2; ;12;960,408494102844
3374298;1;5;1; ; ; ; ; ; ; ; ; ; ; ; ;12;960,408494102844
3374299;1;1;1; ; ; ; ; ; ; ; ; ; ; ; ;12;1218,19755480933
3374299;1;2;2;3; ;3;2; ; ;1;2; ; ;1; ;12;1218,19755480933
3374300;1;1;1; ; ; ; ; ; ; ; ; ; ; ; ;12;3390,163015297
3374300;1;2;1; ; ; ; ; ; ; ; ; ; ; ; ;12;3390,163015297
3374300;1;3;1; ; ; ; ; ; ; ; ; ; ; ; ;12;3390,163015297
3374301;1;1;1; ; ; ; ; ; ; ; ; ; ; ; ;12;1250,71862677817
3374301;1;2;1; ; ; ; ; ; ; ; ; ; ; ; ;12;1250,71862677817
3374301;1;3;1; ; ; ; ; ; ; ; ; ; ; ; ;12;1250,71862677817
3374301;1;4;1; ; ; ; ; ; ; ; ; ; ; ; ;12;1250,71862677817
3374301;1;5;1; ; ; ; ; ; ; ; ; ; ; ; ;12;1250,71862677817
3374302;1;1;1; ; ; ; ; ; ; ; ; ; ; ; ;12;3385,4472920457
3374302;1;2;2;2;70; ;2; ; ;2;3;70; ;2;1;12;3385,4472920457
3374304;1;1;1; ; ; ; ; ; ; ; ; ; ; ; ;12;2845,87848739379
3374304;1;2;1; ; ; ; ; ; ; ; ; ; ; ; ;12;2845,87848739379
3374304;1;3;1; ; ; ; ; ; ; ; ; ; ; ; ;12;2845,87848739379
3374305;1;1;1; ; ; ; ; ; ; ; ; ; ; ; ;12;1733,70899395224
3374305;1;2;1; ; ; ; ; ; ; ; ; ; ; ; ;12;1733,70899395224
3374306;1;1;1; ; ; ; ; ; ; ; ; ; ; ; ;12;2235,32228805455
3374306;1;2;1; ; ; ; ; ; ; ; ; ; ; ; ;12;2235,32228805455
3374306;1;3;1; ; ; ; ; ; ; ; ; ; ; ; ;12;2235,32228805455
3374307;1;1;1; ; ; ; ; ; ; ; ; ; ; ; ;12;1989,36949694996
3374307;1;2;1; ; ; ; ; ; ; ; ; ; ; ; ;12;1989,36949694996
3374307;1;3;1; ; ; ; ; ; ; ; ; ; ; ; ;12;1989,36949694996
3374308;1;1;1; ; ; ; ; ; ; ; ; ; ; ; ;12;2316,08426567731
3374309;1;1;1; ; ; ; ; ; ; ; ; ; ; ; ;12;1587,47469964704
3374309;1;2;2;2;23; ;2; ; ;1;2; ; ;1; ;12;1587,47469964704
3374310;1;1;2;2;27; ;2; ; ;1;2; ; ;1; ;12;2164,38915720963
3374310;1;2;2;2;27; ;2; ; ;1;2; ; ;1; ;12;2164,38915720963
3374311;1;1;1; ; ; ; ; ; ; ; ; ; ; ; ;12;1186,90979839143
3374311;1;2;1; ; ; ; ; ; ; ; ; ; ; ; ;12;1186,90979839143
3374311;1;3;1; ; ; ; ; ; ; ; ; ; ; ; ;12;1186,90979839143
3374311;1;4;1; ; ; ; ; ; ; ; ; ; ; ; ;12;1186,90979839143
3374311;1;5;1; ; ; ; ; ; ; ; ; ; ; ; ;12;1186,90979839143
3374311;1;6;1; ; ; ; ; ; ; ; ; ; ; ; ;12;1186,90979839143
3374311;1;7;1; ; ; ; ; ; ; ; ; ; ; ; ;12;1186,90979839143
3374312;1;1;1; ; ; ; ; ; ; ; ; ; ; ; ;12;1002,61689424659
3374313;1;1;1; ; ; ; ; ; ; ; ; ; ; ; ;12;845,765019661374
3374313;1;2;1; ; ; ; ; ; ; ; ; ; ; ; ;12;845,765019661374
3374313;1;3;1; ; ; ; ; ; ; ; ; ; ; ; ;12;845,765019661374
3374314;1;1;1; ; ; ; ; ; ; ; ; ; ; ; ;12;1126,72628438801
3374314;1;2;1; ; ; ; ; ; ; ; ; ; ; ; ;12;1126,72628438801
3374314;1;3;1; ; ; ; ; ; ; ; ; ; ; ; ;12;1126,72628438801
3374314;1;4;1; ; ; ; ; ; ; ; ; ; ; ; ;12;1126,72628438801
3374315;1;1;1; ; ; ; ; ; ; ; ; ; ; ; ;12;1252,74092212507
3374315;1;2;1; ; ; ; ; ; ; ; ; ; ; ; ;12;1252,74092212507
3374315;1;3;1; ; ; ; ; ; ; ; ; ; ; ; ;12;1252,74092212507
3374316;1;1;2;2;20; ;3;20; ;2;3;20; ;2; ;12;948,156933808547
3374316;1;2;2;2;20; ;2; ; ;2;3;20; ;2; ;12;948,156933808547
3374317;1;1;1; ; ; ; ; ; ; ; ; ; ; ; ;12;1214,96496030042
3374317;1;2;2;2;70; ;2; ; ;2;2; ; ;2; ;12;1214,96496030042
3374317;1;3;2;2;70; ;2; ; ;2;2; ; ;2; ;12;1214,96496030042
3374317;1;4;2;2;70; ;2; ; ;2;2; ; ;2; ;12;1214,96496030042
3374317;1;5;1; ; ; ; ; ; ; ; ; ; ; ; ;12;1214,96496030042
3374317;1;6;1; ; ; ; ; ; ; ; ; ; ; ; ;12;1214,96496030042
3374318;1;1;1; ; ; ; ; ; ; ; ; ; ; ; ;12;1000,31286649405
3374318;1;2;1; ; ; ; ; ; ; ; ; ; ; ; ;12;1000,31286649405
3374320;1;1;1; ; ; ; ; ; ; ; ; ; ; ; ;12;129,561718190635
3374320;1;2;1; ; ; ; ; ; ; ; ; ; ; ; ;12;129,561718190635
3374320;1;3;1; ; ; ; ; ; ; ; ; ; ; ; ;12;129,561718190635
3374320;1;4;1; ; ; ; ; ; ; ; ; ; ; ; ;12;129,561718190635
3374321;1;1;2;2;23; ;2; ; ;1;2; ; ;1; ;12;190,539958791258
3374321;1;2;2;1; ; ;2; ; ;1;2; ; ;1; ;12;190,539958791258
3374321;1;3;1; ; ; ; ; ; ; ; ; ; ; ; ;12;190,539958791258
3374322;1;1;1; ; ; ; ; ; ; ; ; ; ; ; ;12;145,800855573301
3374322;1;2;1; ; ; ; ; ; ; ; ; ; ; ; ;12;145,800855573301
3374322;1;3;1; ; ; ; ; ; ; ; ; ; ; ; ;12;145,800855573301
3374323;1;1;1; ; ; ; ; ; ; ; ; ; ; ; ;12;151,944556963983
3374323;1;2;1; ; ; ; ; ; ; ; ; ; ; ; ;12;151,944556963983
3374324;1;1;1; ; ; ; ; ; ; ; ; ; ; ; ;12;156,439783820304
3374324;1;2;1; ; ; ; ; ; ; ; ; ; ; ; ;12;156,439783820304
3374324;1;3;1; ; ; ; ; ; ; ; ; ; ; ; ;12;156,439783820304
3374324;1;4;1; ; ; ; ; ; ; ; ; ; ; ; ;12;156,439783820304
3374324;1;5;1; ; ; ; ; ; ; ; ; ; ; ; ;12;156,439783820304
3374328;1;1;1; ; ; ; ; ; ; ; ; ; ; ; ;12;129,597306319862
3374328;1;2;1; ; ; ; ; ; ; ; ; ; ; ; ;12;129,597306319862
3374328;1;3;1; ; ; ; ; ; ; ; ; ; ; ; ;12;129,597306319862
3374328;1;4;1; ; ; ; ; ; ; ; ; ; ; ; ;12;129,597306319862
3374329;1;1;1; ; ; ; ; ; ; ; ; ; ; ; ;12;196,414336545031
3374329;1;2;1; ; ; ; ; ; ; ; ; ; ; ; ;12;196,414336545031
3374329;1;3;1; ; ; ; ; ; ; ; ; ; ; ; ;12;196,414336545031
3374329;1;4;1; ; ; ; ; ; ; ; ; ; ; ; ;12;196,414336545031
3374329;1;5;1; ; ; ; ; ; ; ; ; ; ; ; ;12;196,414336545031
3374329;1;6;1; ; ; ; ; ; ; ; ; ; ; ; ;12;196,414336545031
3374329;1;7;1; ; ; ; ; ; ; ; ; ; ; ; ;12;196,414336545031
3374330;1;1;1; ; ; ; ; ; ; ; ; ; ; ; ;12;165,142340310568
3374330;1;2;1; ; ; ; ; ; ; ; ; ; ; ; ;12;165,142340310568
3374330;1;3;1; ; ; ; ; ; ; ; ; ; ; ; ;12;165,142340310568
3374330;1;4;1; ; ; ; ; ; ; ; ; ; ; ; ;12;165,142340310568
3374330;1;5;1; ; ; ; ; ; ; ; ; ; ; ; ;12;165,142340310568
3374331;1;1;1; ; ; ; ; ; ; ; ; ; ; ; ;12;207,566454863379
3374331;1;2;1; ; ; ; ; ; ; ; ; ; ; ; ;12;207,566454863379
3374331;1;3;1; ; ; ; ; ; ; ; ; ; ; ; ;12;207,566454863379
3374331;1;4;1; ; ; ; ; ; ; ; ; ; ; ; ;12;207,566454863379
3374331;1;5;1; ; ; ; ; ; ; ; ; ; ; ; ;12;207,566454863379
3374332;1;1;1; ; ; ; ; ; ; ; ; ; ; ; ;12;154,959336671325
3374332;1;2;1; ; ; ; ; ; ; ; ; ; ; ; ;12;154,959336671325
3374333;1;1;2;2;23; ;2; ; ;1;2; ; ;1; ;12;144,466517973255
3374333;1;2;1; ; ; ; ; ; ; ; ; ; ; ; ;12;144,466517973255
3374333;1;3;2;2;23; ;2; ; ;1;2; ; ;1; ;12;144,466517973255
3374333;1;4;1; ; ; ; ; ; ; ; ; ; ; ; ;12;144,466517973255
3374333;1;5;2;2;05; ;2; ; ;1;2; ; ;1; ;12;144,466517973255
3374333;1;6;1; ; ; ; ; ; ; ; ; ; ; ; ;12;144,466517973255
3374333;1;7;1; ; ; ; ; ; ; ; ; ; ; ; ;12;144,466517973255
3374334;1;1;1; ; ; ; ; ; ; ; ; ; ; ; ;12;142,543656200257
3374334;1;2;1; ; ; ; ; ; ; ; ; ; ; ; ;12;142,543656200257
3374334;1;3;1; ; ; ; ; ; ; ; ; ; ; ; ;12;142,543656200257
3374334;1;4;1; ; ; ; ; ; ; ; ; ; ; ; ;12;142,543656200257
3374334;1;5;1; ; ; ; ; ; ; ; ; ; ; ; ;12;142,543656200257
3374335;1;1;1; ; ; ; ; ; ; ; ; ; ; ; ;12;145,953606106388
3374335;1;2;1; ; ; ; ; ; ; ; ; ; ; ; ;12;145,953606106388
3374335;1;3;1; ; ; ; ; ; ; ; ; ; ; ; ;12;145,953606106388
3374336;1;1;1; ; ; ; ; ; ; ; ; ; ; ; ;12;151,944556963983
3374336;1;2;1; ; ; ; ; ; ; ; ; ; ; ; ;12;151,944556963983
3374337;1;1;1; ; ; ; ; ; ; ; ; ; ; ; ;12;150,672570310814
3374337;1;2;1; ; ; ; ; ; ; ; ; ; ; ; ;12;150,672570310814
3374337;1;3;1; ; ; ; ; ; ; ; ; ; ; ; ;12;150,672570310814
3374337;1;4;1; ; ; ; ; ; ; ; ; ; ; ; ;12;150,672570310814
3374338;1;1;1; ; ; ; ; ; ; ; ; ; ; ; ;12;171,449907520181
3374338;1;2;1; ; ; ; ; ; ; ; ; ; ; ; ;12;171,449907520181
3374338;1;3;1; ; ; ; ; ; ; ; ; ; ; ; ;12;171,449907520181
3374339;1;1;1; ; ; ; ; ; ; ; ; ; ; ; ;12;157,127231428449
3374339;1;2;1; ; ; ; ; ; ; ; ; ; ; ; ;12;157,127231428449
3374340;1;1;1; ; ; ; ; ; ; ; ; ; ; ; ;12;126,514182293017
3374340;1;2;1; ; ; ; ; ; ; ; ; ; ; ; ;12;126,514182293017
3374340;1;3;1; ; ; ; ; ; ; ; ; ; ; ; ;12;126,514182293017
3374343;1;1;1; ; ; ; ; ; ; ; ; ; ; ; ;12;169,571859044589
3374343;1;2;1; ; ; ; ; ; ; ; ; ; ; ; ;12;169,571859044589
3374343;1;3;1; ; ; ; ; ; ; ; ; ; ; ; ;12;169,571859044589
3374343;1;4;1; ; ; ; ; ; ; ; ; ; ; ; ;12;169,571859044589
3374343;1;5;1; ; ; ; ; ; ; ; ; ; ; ; ;12;169,571859044589
3374343;1;6;1; ; ; ; ; ; ; ; ; ; ; ; ;12;169,571859044589
3374344;1;1;2;2;23; ;3;23; ;1;2; ; ;1; ;12;154,66705926197
3374344;1;2;2;2;23; ;3;23; ;1;2; ; ;1; ;12;154,66705926197
3374344;1;3;2;2;23; ;3;23; ;1;2; ; ;1; ;12;154,66705926197
3374345;1;1;2;2;23; ;2; ; ;1;2; ; ;1; ;12;130,547084059514
3374345;1;2;1; ; ; ; ; ; ; ; ; ; ; ; ;12;130,547084059514
3374345;1;3;1; ; ; ; ; ; ; ; ; ; ; ; ;12;130,547084059514
3374346;1;1;1; ; ; ; ; ; ; ; ; ; ; ; ;12;173,861450091215
3374346;1;2;1; ; ; ; ; ; ; ; ; ; ; ; ;12;173,861450091215
3374346;1;3;1; ; ; ; ; ; ; ; ; ; ; ; ;12;173,861450091215
3374346;1;4;1; ; ; ; ; ; ; ; ; ; ; ; ;12;173,861450091215
3374346;1;5;1; ; ; ; ; ; ; ; ; ; ; ; ;12;173,861450091215
3374347;1;1;1; ; ; ; ; ; ; ; ; ; ; ; ;12;170,709574635428
3374347;1;2;1; ; ; ; ; ; ; ; ; ; ; ; ;12;170,709574635428
3374348;1;1;1; ; ; ; ; ; ; ; ; ; ; ; ;12;159,687314676239
3374348;1;2;1; ; ; ; ; ; ; ; ; ; ; ; ;12;159,687314676239
3374348;1;3;1; ; ; ; ; ; ; ; ; ; ; ; ;12;159,687314676239
3374348;1;4;1; ; ; ; ; ; ; ; ; ; ; ; ;12;159,687314676239
3374348;1;5;1; ; ; ; ; ; ; ; ; ; ; ; ;12;159,687314676239
3374348;1;6;1; ; ; ; ; ; ; ; ; ; ; ; ;12;159,687314676239
3374348;1;7;1; ; ; ; ; ; ; ; ; ; ; ; ;12;159,687314676239
3374349;1;1;1; ; ; ; ; ; ; ; ; ; ; ; ;12;122,817611602596
3374349;1;2;1; ; ; ; ; ; ; ; ; ; ; ; ;12;122,817611602596
3374349;1;3;1; ; ; ; ; ; ; ; ; ; ; ; ;12;122,817611602596
3374349;1;4;1; ; ; ; ; ; ; ; ; ; ; ; ;12;122,817611602596
3374349;1;5;1; ; ; ; ; ; ; ; ; ; ; ; ;12;122,817611602596
3374349;2;1;1; ; ; ; ; ; ; ; ; ; ; ; ;12;122,817611602596
3374350;1;1;1; ; ; ; ; ; ; ; ; ; ; ; ;12;155,115114737367
3374350;1;2;1; ; ; ; ; ; ; ; ; ; ; ; ;12;155,115114737367
3374350;1;3;1; ; ; ; ; ; ; ; ; ; ; ; ;12;155,115114737367
3374350;1;4;1; ; ; ; ; ; ; ; ; ; ; ; ;12;155,115114737367
3374350;1;5;1; ; ; ; ; ; ; ; ; ; ; ; ;12;155,115114737367
3374351;1;1;2;1; ; ;3;23; ;1;2; ; ;1; ;12;157,763224755033
3374352;1;1;1; ; ; ; ; ; ; ; ; ; ; ; ;12;135,902041590525
3374352;1;2;1; ; ; ; ; ; ; ; ; ; ; ; ;12;135,902041590525
3374352;1;3;1; ; ; ; ; ; ; ; ; ; ; ; ;12;135,902041590525
3374353;1;1;1; ; ; ; ; ; ; ; ; ; ; ; ;12;151,619523364351
3374353;1;2;1; ; ; ; ; ; ; ; ; ; ; ; ;12;151,619523364351
3374354;1;1;2;2;23; ;2; ; ;1;2; ; ;1; ;12;170,709574635428
3374354;1;2;2;2;23; ;2; ; ;1;2; ; ;1; ;12;170,709574635428
3374355;1;1;1; ; ; ; ; ; ; ; ; ; ; ; ;12;164,254913517794
3374355;1;2;1; ; ; ; ; ; ; ; ; ; ; ; ;12;164,254913517794
3374355;1;3;1; ; ; ; ; ; ; ; ; ; ; ; ;12;164,254913517794
3374355;1;4;1; ; ; ; ; ; ; ; ; ; ; ; ;12;164,254913517794
3374356;1;1;2;2;05; ;3;05; ;1;2; ; ;1; ;12;153,717281522318
3374356;1;2;2;2;05; ;3;05; ;1;2; ; ;1; ;12;153,717281522318
3374356;1;3;2;2;05; ;3;05; ;1;2; ; ;1; ;12;153,717281522318
3374356;1;4;2;2;05; ;3;05; ;1;2; ; ;1; ;12;153,717281522318
3374357;1;1;1; ; ; ; ; ; ; ; ; ; ; ; ;12;90,0380456274206
3374357;1;2;1; ; ; ; ; ; ; ; ; ; ; ; ;12;90,0380456274206
3374357;1;3;1; ; ; ; ; ; ; ; ; ; ; ; ;12;90,0380456274206
3374357;1;4;1; ; ; ; ; ; ; ; ; ; ; ; ;12;90,0380456274206
3374357;1;5;1; ; ; ; ; ; ; ; ; ; ; ; ;12;90,0380456274206
3374358;1;1;2;2;70; ;2; ; ;1;2; ; ;1; ;12;171,157630110825
3374358;1;2;2;2;70; ;2; ; ;1;2; ; ;1; ;12;171,157630110825
3374358;1;3;1; ; ; ; ; ; ; ; ; ; ; ; ;12;171,157630110825
3374358;1;4;1; ; ; ; ; ; ; ; ; ; ; ; ;12;171,157630110825
3374359;1;1;1; ; ; ; ; ; ; ; ; ; ; ; ;12;113,715824826384
3374359;1;2;1; ; ; ; ; ; ; ; ; ; ; ; ;12;113,715824826384
3374359;1;3;1; ; ; ; ; ; ; ; ; ; ; ; ;12;113,715824826384
3374359;1;4;1; ; ; ; ; ; ; ; ; ; ; ; ;12;113,715824826384
3374359;1;5;2;2;23; ;3;23; ;1;2; ; ;1; ;12;113,715824826384
3374360;1;1;1; ; ; ; ; ; ; ; ; ; ; ; ;12;118,388092868575
3374360;1;2;1; ; ; ; ; ; ; ; ; ; ; ; ;12;118,388092868575
3374360;1;3;1; ; ; ; ; ; ; ; ; ; ; ; ;12;118,388092868575
3374360;1;4;1; ; ; ; ; ; ; ; ; ; ; ; ;12;118,388092868575
3374360;1;5;1; ; ; ; ; ; ; ; ; ; ; ; ;12;118,388092868575
3374361;1;1;1; ; ; ; ; ; ; ; ; ; ; ; ;12;157,467138300474
3374361;1;2;1; ; ; ; ; ; ; ; ; ; ; ; ;12;157,467138300474
3374361;1;3;1; ; ; ; ; ; ; ; ; ; ; ; ;12;157,467138300474
3374361;1;4;1; ; ; ; ; ; ; ; ; ; ; ; ;12;157,467138300474
3374361;1;5;1; ; ; ; ; ; ; ; ; ; ; ; ;12;157,467138300474
3374361;1;6;1; ; ; ; ; ; ; ; ; ; ; ; ;12;157,467138300474
3374361;1;7;1; ; ; ; ; ; ; ; ; ; ; ; ;12;157,467138300474
3374361;2;1;1; ; ; ; ; ; ; ; ; ; ; ; ;12;157,467138300474
3374362;1;1;1; ; ; ; ; ; ; ; ; ; ; ; ;12;118,55478337362
3374362;1;2;1; ; ; ; ; ; ; ; ; ; ; ; ;12;118,55478337362
3374362;1;3;1; ; ; ; ; ; ; ; ; ; ; ; ;12;118,55478337362
3374362;1;4;1; ; ; ; ; ; ; ; ; ; ; ; ;12;118,55478337362
3374362;1;5;1; ; ; ; ; ; ; ; ; ; ; ; ;12;118,55478337362
3374363;1;1;1; ; ; ; ; ; ; ; ; ; ; ; ;12;191,035040071358
3374363;1;2;1; ; ; ; ; ; ; ; ; ; ; ; ;12;191,035040071358
3374363;1;3;1; ; ; ; ; ; ; ; ; ; ; ; ;12;191,035040071358
3374363;1;4;1; ; ; ; ; ; ; ; ; ; ; ; ;12;191,035040071358
3374363;1;5;1; ; ; ; ; ; ; ; ; ; ; ; ;12;191,035040071358
3374363;1;6;1; ; ; ; ; ; ; ; ; ; ; ; ;12;191,035040071358
3374363;1;7;2;2;11; ;3;11; ;1;2; ; ;1; ;12;191,035040071358
3374364;1;1;1; ; ; ; ; ; ; ; ; ; ; ; ;12;137,58248369782
3374364;1;2;1; ; ; ; ; ; ; ; ; ; ; ; ;12;137,58248369782
3374364;1;3;1; ; ; ; ; ; ; ; ; ; ; ; ;12;137,58248369782
3374364;1;4;1; ; ; ; ; ; ; ; ; ; ; ; ;12;137,58248369782
3374364;1;5;1; ; ; ; ; ; ; ; ; ; ; ; ;12;137,58248369782
3374364;1;6;1; ; ; ; ; ; ; ; ; ; ; ; ;12;137,58248369782
3374364;1;7;1; ; ; ; ; ; ; ; ; ; ; ; ;12;137,58248369782
3374365;1;1;1; ; ; ; ; ; ; ; ; ; ; ; ;12;140,770931641923
3374365;1;2;2;2;20; ;2; ; ;1;2; ; ;1; ;12;140,770931641923
3374365;1;3;1; ; ; ; ; ; ; ; ; ; ; ; ;12;140,770931641923
3374367;1;1;1; ; ; ; ; ; ; ; ; ; ; ; ;12;156,2761366219
3374367;1;2;1; ; ; ; ; ; ; ; ; ; ; ; ;12;156,2761366219
3374367;1;3;1; ; ; ; ; ; ; ; ; ; ; ; ;12;156,2761366219
3374367;1;4;1; ; ; ; ; ; ; ; ; ; ; ; ;12;156,2761366219
3374367;1;5;1; ; ; ; ; ; ; ; ; ; ; ; ;12;156,2761366219
3374368;1;1;1; ; ; ; ; ; ; ; ; ; ; ; ;12;126,514182293017
3374368;1;2;1; ; ; ; ; ; ; ; ; ; ; ; ;12;126,514182293017
3374368;1;3;1; ; ; ; ; ; ; ; ; ; ; ; ;12;126,514182293017
3374369;1;1;1; ; ; ; ; ; ; ; ; ; ; ; ;12;164,254913517794
3374369;1;2;1; ; ; ; ; ; ; ; ; ; ; ; ;12;164,254913517794
3374369;1;3;1; ; ; ; ; ; ; ; ; ; ; ; ;12;164,254913517794
3374369;1;4;1; ; ; ; ; ; ; ; ; ; ; ; ;12;164,254913517794
3374370;1;1;1; ; ; ; ; ; ; ; ; ; ; ; ;12;129,758340199842
3374370;1;2;1; ; ; ; ; ; ; ; ; ; ; ; ;12;129,758340199842
3374370;1;3;1; ; ; ; ; ; ; ; ; ; ; ; ;12;129,758340199842
3374370;1;4;1; ; ; ; ; ; ; ; ; ; ; ; ;12;129,758340199842
3374371;1;1;2;2;76; ;3;76; ;2;3;76; ;2;1;12;161,103038062007
3374372;1;1;1; ; ; ; ; ; ; ; ; ; ; ; ;12;123,833449985795
3374372;1;2;1; ; ; ; ; ; ; ; ; ; ; ; ;12;123,833449985795
3374372;1;3;1; ; ; ; ; ; ; ; ; ; ; ; ;12;123,833449985795
3374372;1;4;1; ; ; ; ; ; ; ; ; ; ; ; ;12;123,833449985795
3374372;1;5;1; ; ; ; ; ; ; ; ; ; ; ; ;12;123,833449985795
3374372;1;6;1; ; ; ; ; ; ; ; ; ; ; ; ;12;123,833449985795
3374372;1;7;1; ; ; ; ; ; ; ; ; ; ; ; ;12;123,833449985795
3374373;1;1;2;2;05; ;2; ; ;1;2; ; ;1; ;12;161,843370946759
3374373;1;2;1; ; ; ; ; ; ; ; ; ; ; ; ;12;161,843370946759
3374374;1;1;1; ; ; ; ; ; ; ; ; ; ; ; ;12;171,138947793228
3374374;1;2;1; ; ; ; ; ; ; ; ; ; ; ; ;12;171,138947793228
3374374;1;3;2;1; ; ;3;11; ;1;2; ; ;1; ;12;171,138947793228
3374374;1;4;1; ; ; ; ; ; ; ; ; ; ; ; ;12;171,138947793228
3374375;1;1;2;1; ; ;3;05; ;2;2; ; ;1; ;12;180,933422217837
3374375;1;2;2;2;05; ;3;05; ;2;2; ; ;1; ;12;180,933422217837
3374376;1;1;1; ; ; ; ; ; ; ; ; ; ; ; ;12;144,526044234017
3374376;1;2;1; ; ; ; ; ; ; ; ; ; ; ; ;12;144,526044234017
3374376;1;3;1; ; ; ; ; ; ; ; ; ; ; ; ;12;144,526044234017
3374376;1;4;1; ; ; ; ; ; ; ; ; ; ; ; ;12;144,526044234017
3374377;1;1;1; ; ; ; ; ; ; ; ; ; ; ; ;12;151,944556963983
3374377;1;2;2;2;05; ;3;05; ;2;2; ; ;1; ;12;151,944556963983
3374378;1;1;1; ; ; ; ; ; ; ; ; ; ; ; ;12;151,514199447094
3374378;1;2;1; ; ; ; ; ; ; ; ; ; ; ; ;12;151,514199447094
3374378;1;3;1; ; ; ; ; ; ; ; ; ; ; ; ;12;151,514199447094
3374378;1;4;1; ; ; ; ; ; ; ; ; ; ; ; ;12;151,514199447094
3374378;1;5;1; ; ; ; ; ; ; ; ; ; ; ; ;12;151,514199447094
3374378;1;6;1; ; ; ; ; ; ; ; ; ; ; ; ;12;151,514199447094
3374378;1;7;1; ; ; ; ; ; ; ; ; ; ; ; ;12;151,514199447094
3374379;1;1;1; ; ; ; ; ; ; ; ; ; ; ; ;12;168,24841810986
3374379;1;2;2;2;23; ;3;23; ;1;2; ; ;1; ;12;168,24841810986
3374379;1;3;1; ; ; ; ; ; ; ; ; ; ; ; ;12;168,24841810986
3374379;1;4;1; ; ; ; ; ; ; ; ; ; ; ; ;12;168,24841810986
3374379;1;5;1; ; ; ; ; ; ; ; ; ; ; ; ;12;168,24841810986
3374379;1;6;2;2;11; ;3;11; ;1;2; ; ;1; ;12;168,24841810986
3374379;1;7;2;2;11; ;3;11; ;1;2; ; ;1; ;12;168,24841810986
3374379;1;8;1; ; ; ; ; ; ; ; ; ; ; ; ;12;168,24841810986
3374379;1;9;1; ; ; ; ; ; ; ; ; ; ; ; ;12;168,24841810986
3374379;1;10;1; ; ; ; ; ; ; ; ; ; ; ; ;12;168,24841810986
3374380;1;1;1; ; ; ; ; ; ; ; ; ; ; ; ;12;181,673755102589
3374380;1;2;1; ; ; ; ; ; ; ; ; ; ; ; ;12;181,673755102589
3374380;1;3;1; ; ; ; ; ; ; ; ; ; ; ; ;12;181,673755102589
3374382;1;1;1; ; ; ; ; ; ; ; ; ; ; ; ;12;139,021160856034
3374382;1;2;1; ; ; ; ; ; ; ; ; ; ; ; ;12;139,021160856034
3374382;1;3;1; ; ; ; ; ; ; ; ; ; ; ; ;12;139,021160856034
3374382;1;4;1; ; ; ; ; ; ; ; ; ; ; ; ;12;139,021160856034
3374382;1;5;1; ; ; ; ; ; ; ; ; ; ; ; ;12;139,021160856034
3374383;1;1;1; ; ; ; ; ; ; ; ; ; ; ; ;12;153,081288195733
3374383;1;2;1; ; ; ; ; ; ; ; ; ; ; ; ;12;153,081288195733
3374383;1;3;1; ; ; ; ; ; ; ; ; ; ; ; ;12;153,081288195733
3374383;1;4;1; ; ; ; ; ; ; ; ; ; ; ; ;12;153,081288195733
3374383;1;5;1; ; ; ; ; ; ; ; ; ; ; ; ;12;153,081288195733
3374384;1;1;1; ; ; ; ; ; ; ; ; ; ; ; ;12;166,663631402713
3374384;1;2;1; ; ; ; ; ; ; ; ; ; ; ; ;12;166,663631402713
3374384;1;3;1; ; ; ; ; ; ; ; ; ; ; ; ;12;166,663631402713
3374384;1;4;1; ; ; ; ; ; ; ; ; ; ; ; ;12;166,663631402713
3374384;1;5;1; ; ; ; ; ; ; ; ; ; ; ; ;12;166,663631402713
3374385;1;1;2;2;23; ;2; ; ;1;2; ; ;1; ;12;158,63196923021
3374385;1;2;1; ; ; ; ; ; ; ; ; ; ; ; ;12;158,63196923021
3374386;1;1;1; ; ; ; ; ; ; ; ; ; ; ; ;12;145,604233564094
3374386;1;2;2;2;23; ;2; ; ;1;2; ; ;1; ;12;145,604233564094
3374386;1;3;1; ; ; ; ; ; ; ; ; ; ; ; ;12;145,604233564094
3374387;1;1;1; ; ; ; ; ; ; ; ; ; ; ; ;12;155,535803737147
3374387;1;2;1; ; ; ; ; ; ; ; ; ; ; ; ;12;155,535803737147
3374387;1;3;1; ; ; ; ; ; ; ; ; ; ; ; ;12;155,535803737147
3374387;1;4;1; ; ; ; ; ; ; ; ; ; ; ; ;12;155,535803737147
3374388;1;1;1; ; ; ; ; ; ; ; ; ; ; ; ;12;151,619523364351
3374388;1;2;1; ; ; ; ; ; ; ; ; ; ; ; ;12;151,619523364351
3374389;1;1;2;2;23; ;2; ; ;1;2; ; ;1; ;12;150,672570310814
3374389;1;2;1; ; ; ; ; ; ; ; ; ; ; ; ;12;150,672570310814
3374389;1;3;1; ; ; ; ; ; ; ; ; ; ; ; ;12;150,672570310814
3374389;1;4;1; ; ; ; ; ; ; ; ; ; ; ; ;12;150,672570310814
3374390;1;1;1; ; ; ; ; ; ; ; ; ; ; ; ;12;165,434617719923
3374390;1;2;1; ; ; ; ; ; ; ; ; ; ; ; ;12;165,434617719923
3374390;1;3;1; ; ; ; ; ; ; ; ; ; ; ; ;12;165,434617719923
3374390;1;4;1; ; ; ; ; ; ; ; ; ; ; ; ;12;165,434617719923
3374391;1;1;1; ; ; ; ; ; ; ; ; ; ; ; ;12;135,809759139485
3374391;1;2;1; ; ; ; ; ; ; ; ; ; ; ; ;12;135,809759139485
3374391;1;3;1; ; ; ; ; ; ; ; ; ; ; ; ;12;135,809759139485
3374391;1;4;1; ; ; ; ; ; ; ; ; ; ; ; ;12;135,809759139485
3374391;1;5;1; ; ; ; ; ; ; ; ; ; ; ; ;12;135,809759139485
3374392;1;1;1; ; ; ; ; ; ; ; ; ; ; ; ;12;201,504139258419
3374392;1;2;1; ; ; ; ; ; ; ; ; ; ; ; ;12;201,504139258419
3374392;1;3;1; ; ; ; ; ; ; ; ; ; ; ; ;12;201,504139258419
3374392;1;4;1; ; ; ; ; ; ; ; ; ; ; ; ;12;201,504139258419
3374393;1;1;1; ; ; ; ; ; ; ; ; ; ; ; ;12;174,497443417799
3374393;1;2;1; ; ; ; ; ; ; ; ; ; ; ; ;12;174,497443417799
3374393;1;3;1; ; ; ; ; ; ; ; ; ; ; ; ;12;174,497443417799
3374393;1;4;1; ; ; ; ; ; ; ; ; ; ; ; ;12;174,497443417799
3374395;1;1;1; ; ; ; ; ; ; ; ; ; ; ; ;12;153,215559258063
3374395;1;2;2;2;23; ;3;23; ;1;2; ; ;1; ;12;153,215559258063
3374395;1;3;1; ; ; ; ; ; ; ; ; ; ; ; ;12;153,215559258063
3374395;1;4;1; ; ; ; ; ; ; ; ; ; ; ; ;12;153,215559258063
3374395;1;5;1; ; ; ; ; ; ; ; ; ; ; ; ;12;153,215559258063
3374395;1;6;1; ; ; ; ; ; ; ; ; ; ; ; ;12;153,215559258063
3374395;1;7;1; ; ; ; ; ; ; ; ; ; ; ; ;12;153,215559258063
3374396;1;1;2;2;23; ;2; ; ;1;2; ; ;1; ;12;167,987072337442
3374397;1;1;1; ; ; ; ; ; ; ; ; ; ; ; ;12;151,944556963983
3374397;1;2;1; ; ; ; ; ; ; ; ; ; ; ; ;12;151,944556963983
3374399;1;1;2;2;23; ;2; ; ;1;2; ; ;1; ;12;184,103979991221
3374399;1;2;2;2;05; ;2; ; ;1;2; ; ;1; ;12;184,103979991221
3374399;1;3;1; ; ; ; ; ; ; ; ; ; ; ; ;12;184,103979991221
3374399;1;4;2;1; ; ;3;76; ;1;2; ; ;1; ;12;184,103979991221
3374399;1;5;1; ; ; ; ; ; ; ; ; ; ; ; ;12;184,103979991221
3374400;1;1;2;2;23; ;3;11; ;1;2; ; ;1; ;12;151,944556963983
3374400;1;2;1; ; ; ; ; ; ; ; ; ; ; ; ;12;151,944556963983
3374401;1;1;1; ; ; ; ; ; ; ; ; ; ; ; ;12;321,83020042164
3374401;1;2;2;2;23; ;2; ; ;1;2; ; ;1; ;12;321,83020042164
3374401;1;3;1; ; ; ; ; ; ; ; ; ; ; ; ;12;321,83020042164
3374401;1;4;1; ; ; ; ; ; ; ; ; ; ; ; ;12;321,83020042164
3374402;1;1;1; ; ; ; ; ; ; ; ; ; ; ; ;12;348,994886835599
3374402;1;2;1; ; ; ; ; ; ; ; ; ; ; ; ;12;348,994886835599
3374402;1;3;1; ; ; ; ; ; ; ; ; ; ; ; ;12;348,994886835599
3374402;1;4;1; ; ; ; ; ; ; ; ; ; ; ; ;12;348,994886835599
3374403;1;1;1; ; ; ; ; ; ; ; ; ; ; ; ;12;339,771286915313
3374403;1;2;2;2;23; ;2; ; ;1;2; ; ;1; ;12;339,771286915313
3374403;1;3;1; ; ; ; ; ; ; ; ; ; ; ; ;12;339,771286915313
3374403;1;4;2;2;23; ;2; ; ;1;2; ; ;1; ;12;339,771286915313
3374403;1;5;1; ; ; ; ; ; ; ; ; ; ; ; ;12;339,771286915313
3374403;1;6;1; ; ; ; ; ; ; ; ; ; ; ; ;12;339,771286915313
3374404;1;1;2;2;70; ;2; ; ;1;2; ; ;1; ;12;158,258306035134
3374404;1;2;2;2;23; ;2; ; ;1;2; ; ;1; ;12;158,258306035134
3374404;1;3;2;2;23; ;2; ; ;1;2; ; ;1; ;12;158,258306035134
3374404;1;4;1; ; ; ; ; ; ; ; ; ; ; ; ;12;158,258306035134
3374404;1;5;1; ; ; ; ; ; ; ; ; ; ; ; ;12;158,258306035134
3374405;1;1;2;2;05; ;2; ; ;1;2; ; ;1; ;12;165,434617719923
3374405;1;2;1; ; ; ; ; ; ; ; ; ; ; ; ;12;165,434617719923
3374405;1;3;1; ; ; ; ; ; ; ; ; ; ; ; ;12;165,434617719923
3374405;1;4;1; ; ; ; ; ; ; ; ; ; ; ; ;12;165,434617719923
3374406;1;1;2;2;23; ;3;23; ;2;2; ; ;1; ;12;125,272127144009
3374406;1;2;2;2;23; ;3;23; ;2;2; ; ;1; ;12;125,272127144009
3374406;1;3;2;2;23; ;3;23; ;2;2; ; ;1; ;12;125,272127144009
3374406;1;4;2;2;23; ;3;23; ;2;2; ; ;1; ;12;125,272127144009
3374406;1;5;2;2;23; ;3;23; ;2;2; ; ;1; ;12;125,272127144009
3374407;1;1;2;2;23; ;2; ; ;1;2; ; ;1; ;12;190,147613278584
3374407;1;2;2;2;23; ;2; ; ;1;2; ; ;1; ;12;190,147613278584
3374407;1;3;1; ; ; ; ; ; ; ; ; ; ; ; ;12;190,147613278584
3374407;1;4;1; ; ; ; ; ; ; ; ; ; ; ; ;12;190,147613278584
3374407;1;5;1; ; ; ; ; ; ; ; ; ; ; ; ;12;190,147613278584
3374407;1;6;1; ; ; ; ; ; ; ; ; ; ; ; ;12;190,147613278584
3374408;1;1;2;1; ; ;2; ; ;1;2; ; ;1; ;12;158,174707742114
3374408;1;2;1; ; ; ; ; ; ; ; ; ; ; ; ;12;158,174707742114
3374408;1;3;1; ; ; ; ; ; ; ; ; ; ; ; ;12;158,174707742114
3374408;1;4;1; ; ; ; ; ; ; ; ; ; ; ; ;12;158,174707742114
3374408;1;5;1; ; ; ; ; ; ; ; ; ; ; ; ;12;158,174707742114
3374408;1;6;2;1; ; ;2; ; ;1;2; ; ;1; ;12;158,174707742114
3374408;2;1;1; ; ; ; ; ; ; ; ; ; ; ; ;12;158,174707742114
3374408;2;2;1; ; ; ; ; ; ; ; ; ; ; ; ;12;158,174707742114
3374408;2;3;1; ; ; ; ; ; ; ; ; ; ; ; ;12;158,174707742114
3374408;2;4;1; ; ; ; ; ; ; ; ; ; ; ; ;12;158,174707742114
3374409;1;1;1; ; ; ; ; ; ; ; ; ; ; ; ;12;154,66705926197
3374409;1;2;1; ; ; ; ; ; ; ; ; ; ; ; ;12;154,66705926197
3374409;1;3;1; ; ; ; ; ; ; ; ; ; ; ; ;12;154,66705926197
3374410;1;1;2;2;23; ;3;13; ;1;2; ; ;1; ;12;120,304554159508
3374410;1;2;2;2;13; ;3;13; ;1;2; ; ;1; ;12;120,304554159508
3374410;1;3;2;2;13; ;3;13; ;1;2; ; ;1; ;12;120,304554159508
3374412;1;1;1; ; ; ; ; ; ; ; ; ; ; ; ;12;277,603170148761
3374413;1;1;1; ; ; ; ; ; ; ; ; ; ; ; ;12;212,7004997324
3374413;1;2;1; ; ; ; ; ; ; ; ; ; ; ; ;12;212,7004997324
3374413;1;3;1; ; ; ; ; ; ; ; ; ; ; ; ;12;212,7004997324
3374413;1;4;1; ; ; ; ; ; ; ; ; ; ; ; ;12;212,7004997324
3374413;1;5;1; ; ; ; ; ; ; ; ; ; ; ; ;12;212,7004997324
3374413;1;6;1; ; ; ; ; ; ; ; ; ; ; ; ;12;212,7004997324
3374413;1;7;1; ; ; ; ; ; ; ; ; ; ; ; ;12;212,7004997324
3374413;1;8;1; ; ; ; ; ; ; ; ; ; ; ; ;12;212,7004997324
3374414;1;1;1; ; ; ; ; ; ; ; ; ; ; ; ;12;278,336509528113
3374414;1;2;1; ; ; ; ; ; ; ; ; ; ; ; ;12;278,336509528113
3374414;1;3;2;1; ; ;3;11; ;1;3;11; ;1; ;12;278,336509528113
3374414;1;4;1; ; ; ; ; ; ; ; ; ; ; ; ;12;278,336509528113
3374414;1;5;2;2;05; ;2; ; ;1;2; ; ;1; ;12;278,336509528113
3374415;1;1;2;2;23; ;2; ; ;1;2; ; ;1; ;12;235,575375342434
3374415;1;2;2;2;23; ;3;23; ;2;2; ; ;1; ;12;235,575375342434
3374415;1;3;2;2;23; ;3;23; ;2;2; ; ;1; ;12;235,575375342434
3374415;1;4;2;2;23; ;3;23; ;2;2; ; ;1; ;12;235,575375342434
3374415;1;5;1; ; ; ; ; ; ; ; ; ; ; ; ;12;235,575375342434
3374415;1;6;1; ; ; ; ; ; ; ; ; ; ; ; ;12;235,575375342434
3374416;1;1;1; ; ; ; ; ; ; ; ; ; ; ; ;12;348,994886835599
3374416;1;2;1; ; ; ; ; ; ; ; ; ; ; ; ;12;348,994886835599
3374416;1;3;1; ; ; ; ; ; ; ; ; ; ; ; ;12;348,994886835599
3374416;1;4;1; ; ; ; ; ; ; ; ; ; ; ; ;12;348,994886835599
3374417;1;1;1; ; ; ; ; ; ; ; ; ; ; ; ;12;335,974144674883
3374418;1;1;1; ; ; ; ; ; ; ; ; ; ; ; ;12;148,75610901988
3374418;1;2;1; ; ; ; ; ; ; ; ; ; ; ; ;12;148,75610901988
3374418;1;3;1; ; ; ; ; ; ; ; ; ; ; ; ;12;148,75610901988
3374418;1;4;1; ; ; ; ; ; ; ; ; ; ; ; ;12;148,75610901988
3374418;1;5;1; ; ; ; ; ; ; ; ; ; ; ; ;12;148,75610901988
3374418;1;6;1; ; ; ; ; ; ; ; ; ; ; ; ;12;148,75610901988
3374419;1;1;1; ; ; ; ; ; ; ; ; ; ; ; ;12;132,657883683699
3374419;1;2;1; ; ; ; ; ; ; ; ; ; ; ; ;12;132,657883683699
3374420;1;1;2;2;18; ;3;18; ;1;2; ; ;1; ;12;158,63196923021
3374420;1;2;2;2;18; ;3;18; ;1;2; ; ;1; ;12;158,63196923021
3374421;1;1;1; ; ; ; ; ; ; ; ; ; ; ; ;12;168,559377836813
3374421;1;2;1; ; ; ; ; ; ; ; ; ; ; ; ;12;168,559377836813
3374421;1;3;1; ; ; ; ; ; ; ; ; ; ; ; ;12;168,559377836813
3374421;1;4;1; ; ; ; ; ; ; ; ; ; ; ; ;12;168,559377836813
3374421;1;5;1; ; ; ; ; ; ; ; ; ; ; ; ;12;168,559377836813
3374421;1;6;1; ; ; ; ; ; ; ; ; ; ; ; ;12;168,559377836813
3374421;1;7;1; ; ; ; ; ; ; ; ; ; ; ; ;12;168,559377836813
3374421;1;8;1; ; ; ; ; ; ; ; ; ; ; ; ;12;168,559377836813
3374421;1;9;1; ; ; ; ; ; ; ; ; ; ; ; ;12;168,559377836813
3374422;1;1;1; ; ; ; ; ; ; ; ; ; ; ; ;12;1207,94203729024
3374422;1;2;1; ; ; ; ; ; ; ; ; ; ; ; ;12;1207,94203729024
3374422;1;3;1; ; ; ; ; ; ; ; ; ; ; ; ;12;1207,94203729024
3374422;1;4;1; ; ; ; ; ; ; ; ; ; ; ; ;12;1207,94203729024
3374422;1;5;1; ; ; ; ; ; ; ; ; ; ; ; ;12;1207,94203729024
3374422;1;6;1; ; ; ; ; ; ; ; ; ; ; ; ;12;1207,94203729024
3374422;1;7;1; ; ; ; ; ; ; ; ; ; ; ; ;12;1207,94203729024
3374425;1;1;2;2;08; ;2; ; ;1;2; ; ;1; ;12;4027,96820463003
3374425;1;2;2;1; ; ;2; ; ;1;2; ; ;1; ;12;4027,96820463003
3374425;1;3;1; ; ; ; ; ; ; ; ; ; ; ; ;12;4027,96820463003
3374425;1;4;1; ; ; ; ; ; ; ; ; ; ; ; ;12;4027,96820463003
3374425;1;5;1; ; ; ; ; ; ; ; ; ; ; ; ;12;4027,96820463003
3374426;1;1;1; ; ; ; ; ; ; ; ; ; ; ; ;12;6386,75983332803
3374426;1;2;2;2;13; ;2; ; ;1;2; ; ;1; ;12;6386,75983332803
3374426;1;3;1; ; ; ; ; ; ; ; ; ; ; ; ;12;6386,75983332803
3374426;1;4;1; ; ; ; ; ; ; ; ; ; ; ; ;12;6386,75983332803
3374427;1;1;1; ; ; ; ; ; ; ; ; ; ; ; ;12;5381,16016395864
3374427;1;2;1; ; ; ; ; ; ; ; ; ; ; ; ;12;5381,16016395864
3374427;1;3;1; ; ; ; ; ; ; ; ; ; ; ; ;12;5381,16016395864
3374430;1;1;1; ; ; ; ; ; ; ; ; ; ; ; ;12;825,612938318029
3374430;1;2;1; ; ; ; ; ; ; ; ; ; ; ; ;12;825,612938318029
3374431;1;1;1; ; ; ; ; ; ; ; ; ; ; ; ;12;1452,0918933025
3374431;1;2;1; ; ; ; ; ; ; ; ; ; ; ; ;12;1452,0918933025
3374431;1;3;1; ; ; ; ; ; ; ; ; ; ; ; ;12;1452,0918933025
3374432;1;1;1; ; ; ; ; ; ; ; ; ; ; ; ;12;2167,00026049879
3374432;1;2;1; ; ; ; ; ; ; ; ; ; ; ; ;12;2167,00026049879
3374432;1;3;1; ; ; ; ; ; ; ; ; ; ; ; ;12;2167,00026049879
3374432;1;4;1; ; ; ; ; ; ; ; ; ; ; ; ;12;2167,00026049879
3374432;1;5;1; ; ; ; ; ; ; ; ; ; ; ; ;12;2167,00026049879
3374433;1;1;1; ; ; ; ; ; ; ; ; ; ; ; ;12;2836,57236120237
3374433;1;2;1; ; ; ; ; ; ; ; ; ; ; ; ;12;2836,57236120237
3374433;1;3;1; ; ; ; ; ; ; ; ; ; ; ; ;12;2836,57236120237
3374433;1;4;1; ; ; ; ; ; ; ; ; ; ; ; ;12;2836,57236120237
3374434;1;1;1; ; ; ; ; ; ; ; ; ; ; ; ;12;2889,2075392756
3374434;1;2;2;2;23; ;2; ; ;2;2; ; ;2; ;12;2889,2075392756
3374434;1;3;1; ; ; ; ; ; ; ; ; ; ; ; ;12;2889,2075392756
3374434;1;4;1; ; ; ; ; ; ; ; ; ; ; ; ;12;2889,2075392756
3374435;1;1;1; ; ; ; ; ; ; ; ; ; ; ; ;12;2432,99631931615
3374435;1;2;1; ; ; ; ; ; ; ; ; ; ; ; ;12;2432,99631931615
3374435;1;3;1; ; ; ; ; ; ; ; ; ; ; ; ;12;2432,99631931615
3374435;1;4;1; ; ; ; ; ; ; ; ; ; ; ; ;12;2432,99631931615
3374435;1;5;1; ; ; ; ; ; ; ; ; ; ; ; ;12;2432,99631931615
3374435;1;6;1; ; ; ; ; ; ; ; ; ; ; ; ;12;2432,99631931615
3374435;1;7;1; ; ; ; ; ; ; ; ; ; ; ; ;12;2432,99631931615
3374436;1;1;2;1; ; ;2; ; ;1;2; ; ;1; ;12;5328,54051999807
3374436;1;2;1; ; ; ; ; ; ; ; ; ; ; ; ;12;5328,54051999807
3374436;1;3;1; ; ; ; ; ; ; ; ; ; ; ; ;12;5328,54051999807
3374436;1;4;1; ; ; ; ; ; ; ; ; ; ; ; ;12;5328,54051999807
3374436;1;5;1; ; ; ; ; ; ; ; ; ; ; ; ;12;5328,54051999807
3374436;1;6;1; ; ; ; ; ; ; ; ; ; ; ; ;12;5328,54051999807
3374437;1;1;1; ; ; ; ; ; ; ; ; ; ; ; ;12;3400,9234271395
3374437;1;2;1; ; ; ; ; ; ; ; ; ; ; ; ;12;3400,9234271395
3374437;1;3;2;2;05; ;3;08; ;1;2; ; ;1; ;12;3400,9234271395
3374438;1;1;1; ; ; ; ; ; ; ; ; ; ; ; ;12;3400,9234271395
3374438;1;2;1; ; ; ; ; ; ; ; ; ; ; ; ;12;3400,9234271395
3374438;1;3;1; ; ; ; ; ; ; ; ; ; ; ; ;12;3400,9234271395
3374439;1;1;1; ; ; ; ; ; ; ; ; ; ; ; ;12;1444,05626613922
3374439;1;2;1; ; ; ; ; ; ; ; ; ; ; ; ;12;1444,05626613922
3374439;1;3;1; ; ; ; ; ; ; ; ; ; ; ; ;12;1444,05626613922
3374439;1;4;1; ; ; ; ; ; ; ; ; ; ; ; ;12;1444,05626613922
3374439;1;5;1; ; ; ; ; ; ; ; ; ; ; ; ;12;1444,05626613922
3374440;1;1;1; ; ; ; ; ; ; ; ; ; ; ; ;12;3554,98399578468
3374443;1;1;1; ; ; ; ; ; ; ; ; ; ; ; ;12;3759,69478022464
3374443;1;2;1; ; ; ; ; ; ; ; ; ; ; ; ;12;3759,69478022464
3374444;1;1;1; ; ; ; ; ; ; ; ; ; ; ; ;12;3513,33409440046
3374444;1;2;1; ; ; ; ; ; ; ; ; ; ; ; ;12;3513,33409440046
3374445;1;1;1; ; ; ; ; ; ; ; ; ; ; ; ;12;5022,62487799454
3374447;1;1;1; ; ; ; ; ; ; ; ; ; ; ; ;12;825,612938318029
3374447;1;2;1; ; ; ; ; ; ; ; ; ; ; ; ;12;825,612938318029
3374448;1;1;1; ; ; ; ; ; ; ; ; ; ; ; ;12;1621,43668165325
3374448;1;2;1; ; ; ; ; ; ; ; ; ; ; ; ;12;1621,43668165325
3374448;1;3;1; ; ; ; ; ; ; ; ; ; ; ; ;12;1621,43668165325
3374448;1;4;1; ; ; ; ; ; ; ; ; ; ; ; ;12;1621,43668165325
3374448;1;5;1; ; ; ; ; ; ; ; ; ; ; ; ;12;1621,43668165325
3374448;1;6;1; ; ; ; ; ; ; ; ; ; ; ; ;12;1621,43668165325
3374449;1;1;1; ; ; ; ; ; ; ; ; ; ; ; ;12;1311,52342971248
3374449;1;2;1; ; ; ; ; ; ; ; ; ; ; ; ;12;1311,52342971248
3374449;1;3;1; ; ; ; ; ; ; ; ; ; ; ; ;12;1311,52342971248
3374450;1;1;1; ; ; ; ; ; ; ; ; ; ; ; ;12;2500,36084679534
3374450;1;2;1; ; ; ; ; ; ; ; ; ; ; ; ;12;2500,36084679534
3374450;1;3;1; ; ; ; ; ; ; ; ; ; ; ; ;12;2500,36084679534
3374450;1;4;1; ; ; ; ; ; ; ; ; ; ; ; ;12;2500,36084679534
3374450;1;5;1; ; ; ; ; ; ; ; ; ; ; ; ;12;2500,36084679534
3374450;1;6;1; ; ; ; ; ; ; ; ; ; ; ; ;12;2500,36084679534
3374451;1;1;1; ; ; ; ; ; ; ; ; ; ; ; ;12;3052,22394122845
3374451;1;2;1; ; ; ; ; ; ; ; ; ; ; ; ;12;3052,22394122845
3374451;1;3;1; ; ; ; ; ; ; ; ; ; ; ; ;12;3052,22394122845
3374451;1;4;1; ; ; ; ; ; ; ; ; ; ; ; ;12;3052,22394122845
3374451;1;5;1; ; ; ; ; ; ; ; ; ; ; ; ;12;3052,22394122845
3374451;1;6;1; ; ; ; ; ; ; ; ; ; ; ; ;12;3052,22394122845
3374451;1;7;1; ; ; ; ; ; ; ; ; ; ; ; ;12;3052,22394122845
3374452;1;1;1; ; ; ; ; ; ; ; ; ; ; ; ;12;1943,2633537319
3374452;1;2;1; ; ; ; ; ; ; ; ; ; ; ; ;12;1943,2633537319
3374452;1;3;1; ; ; ; ; ; ; ; ; ; ; ; ;12;1943,2633537319
3374453;1;1;1; ; ; ; ; ; ; ; ; ; ; ; ;12;3647,28411296367
3374453;1;2;1; ; ; ; ; ; ; ; ; ; ; ; ;12;3647,28411296367
3374453;1;3;1; ; ; ; ; ; ; ; ; ; ; ; ;12;3647,28411296367
3374454;1;1;1; ; ; ; ; ; ; ; ; ; ; ; ;12;3513,33409440046
3374454;1;2;1; ; ; ; ; ; ; ; ; ; ; ; ;12;3513,33409440046
3374455;1;1;1; ; ; ; ; ; ; ; ; ; ; ; ;12;4182,02877327522
3374455;1;2;1; ; ; ; ; ; ; ; ; ; ; ; ;12;4182,02877327522
3374455;1;3;1; ; ; ; ; ; ; ; ; ; ; ; ;12;4182,02877327522
3374456;1;1;1; ; ; ; ; ; ; ; ; ; ; ; ;12;3400,9234271395
3374456;1;2;1; ; ; ; ; ; ; ; ; ; ; ; ;12;3400,9234271395
3374456;1;3;1; ; ; ; ; ; ; ; ; ; ; ; ;12;3400,9234271395
3374458;1;1;1; ; ; ; ; ; ; ; ; ; ; ; ;12;5564,96802538358
3374458;1;2;1; ; ; ; ; ; ; ; ; ; ; ; ;12;5564,96802538358
3374458;1;3;1; ; ; ; ; ; ; ; ; ; ; ; ;12;5564,96802538358
3374458;1;4;1; ; ; ; ; ; ; ; ; ; ; ; ;12;5564,96802538358
3374458;1;5;2;2;70; ;2; ; ;1;2; ; ;1; ;12;5564,96802538358
3374458;1;6;1; ; ; ; ; ; ; ; ; ; ; ; ;12;5564,96802538358
3374459;1;1;1; ; ; ; ; ; ; ; ; ; ; ; ;12;3513,33409440046
3374459;1;2;1; ; ; ; ; ; ; ; ; ; ; ; ;12;3513,33409440046
3374460;1;1;1; ; ; ; ; ; ; ; ; ; ; ; ;12;3097,46723270168
3374460;1;2;1; ; ; ; ; ; ; ; ; ; ; ; ;12;3097,46723270168
3374460;1;3;1; ; ; ; ; ; ; ; ; ; ; ; ;12;3097,46723270168
3374460;1;4;1; ; ; ; ; ; ; ; ; ; ; ; ;12;3097,46723270168
3374460;1;5;1; ; ; ; ; ; ; ; ; ; ; ; ;12;3097,46723270168
3374460;1;6;1; ; ; ; ; ; ; ; ; ; ; ; ;12;3097,46723270168
3374461;1;1;1; ; ; ; ; ; ; ; ; ; ; ; ;12;3167,71179713453
3374461;1;2;1; ; ; ; ; ; ; ; ; ; ; ; ;12;3167,71179713453
3374461;1;3;1; ; ; ; ; ; ; ; ; ; ; ; ;12;3167,71179713453
3374461;1;4;1; ; ; ; ; ; ; ; ; ; ; ; ;12;3167,71179713453
3374461;1;5;1; ; ; ; ; ; ; ; ; ; ; ; ;12;3167,71179713453
3374462;1;1;1; ; ; ; ; ; ; ; ; ; ; ; ;12;2278,90919460201
3374462;1;2;1; ; ; ; ; ; ; ; ; ; ; ; ;12;2278,90919460201
3374462;1;3;1; ; ; ; ; ; ; ; ; ; ; ; ;12;2278,90919460201
3374462;1;4;2;2;70; ;3;70; ;1;3;70; ;1;4;12;2278,90919460201
3374462;1;5;2;2;70; ;1; ; ; ;3;70; ;1;4;12;2278,90919460201
3374462;1;6;1; ; ; ; ; ; ; ; ; ; ; ; ;12;2278,90919460201
3374462;1;7;1; ; ; ; ; ; ; ; ; ; ; ; ;12;2278,90919460201
3374462;1;8;1; ; ; ; ; ; ; ; ; ; ; ; ;12;2278,90919460201
3374462;1;9;1; ; ; ; ; ; ; ; ; ; ; ; ;12;2278,90919460201
3374462;1;10;2;2;23; ;2; ; ;1;2; ; ;1;4;12;2278,90919460201
3374463;1;1;1; ; ; ; ; ; ; ; ; ; ; ; ;12;2854,59322935158
3374463;1;2;1; ; ; ; ; ; ; ; ; ; ; ; ;12;2854,59322935158
3374463;1;3;1; ; ; ; ; ; ; ; ; ; ; ; ;12;2854,59322935158
3374464;1;1;1; ; ; ; ; ; ; ; ; ; ; ; ;12;2836,57236120237
3374464;1;2;1; ; ; ; ; ; ; ; ; ; ; ; ;12;2836,57236120237
3374464;1;3;1; ; ; ; ; ; ; ; ; ; ; ; ;12;2836,57236120237
3374464;1;4;1; ; ; ; ; ; ; ; ; ; ; ; ;12;2836,57236120237
3374465;1;1;1; ; ; ; ; ; ; ; ; ; ; ; ;12;2507,65407563462
3374465;1;2;1; ; ; ; ; ; ; ; ; ; ; ; ;12;2507,65407563462
3374465;1;3;1; ; ; ; ; ; ; ; ; ; ; ; ;12;2507,65407563462
3374467;1;1;2;2;70; ;2; ; ;1;2; ; ;1; ;12;4304,87985118775
3374467;1;2;2;2;70; ;2; ; ;1;2; ; ;1; ;12;4304,87985118775
3374468;1;1;1; ; ; ; ; ; ; ; ; ; ; ; ;12;3142,71052417491
3374468;1;2;2;1; ; ;2; ; ;2;2; ; ;2; ;12;3142,71052417491
3374468;1;3;1; ; ; ; ; ; ; ; ; ; ; ; ;12;3142,71052417491
3374468;1;4;1; ; ; ; ; ; ; ; ; ; ; ; ;12;3142,71052417491
3374468;1;5;1; ; ; ; ; ; ; ; ; ; ; ; ;12;3142,71052417491
3374469;1;1;2;2;13; ;2; ; ;1;2; ; ;1; ;12;3554,74792866364
3374469;1;2;1; ; ; ; ; ; ; ; ; ; ; ; ;12;3554,74792866364
3374469;1;3;1; ; ; ; ; ; ; ; ; ; ; ; ;12;3554,74792866364
3374469;1;4;1; ; ; ; ; ; ; ; ; ; ; ; ;12;3554,74792866364
3374470;1;1;2;2;23; ;2; ; ;1;2; ; ;1; ;12;5289,73254218793
3374470;1;2;1; ; ; ; ; ; ; ; ; ; ; ; ;12;5289,73254218793
3374471;1;1;1; ; ; ; ; ; ; ; ; ; ; ; ;12;5381,16016395864
3374471;1;2;1; ; ; ; ; ; ; ; ; ; ; ; ;12;5381,16016395864
3374471;1;3;1; ; ; ; ; ; ; ; ; ; ; ; ;12;5381,16016395864
3374472;1;1;2;2;05; ;3;70; ;1;2; ; ;1; ;12;4467,94073424348
3374472;1;2;2;2;23; ;3;70; ;1;2; ; ;1; ;12;4467,94073424348
3374472;1;3;1; ; ; ; ; ; ; ; ; ; ; ; ;12;4467,94073424348
3374472;1;4;1; ; ; ; ; ; ; ; ; ; ; ; ;12;4467,94073424348
3374473;1;1;1; ; ; ; ; ; ; ; ; ; ; ; ;12;3676,3949774562
3374473;1;2;1; ; ; ; ; ; ; ; ; ; ; ; ;12;3676,3949774562
3374473;1;3;1; ; ; ; ; ; ; ; ; ; ; ; ;12;3676,3949774562
3374473;1;4;1; ; ; ; ; ; ; ; ; ; ; ; ;12;3676,3949774562
3374474;1;1;1; ; ; ; ; ; ; ; ; ; ; ; ;12;1634,89555389025
3374474;1;2;1; ; ; ; ; ; ; ; ; ; ; ; ;12;1634,89555389025
3374474;1;3;1; ; ; ; ; ; ; ; ; ; ; ; ;12;1634,89555389025
3374474;1;4;1; ; ; ; ; ; ; ; ; ; ; ; ;12;1634,89555389025
3374475;1;1;2;2;23; ;2; ; ;2;2; ; ;2; ;12;2339,9801187928
3374475;1;2;1; ; ; ; ; ; ; ; ; ; ; ; ;12;2339,9801187928
3374475;1;3;1; ; ; ; ; ; ; ; ; ; ; ; ;12;2339,9801187928
3374475;1;4;1; ; ; ; ; ; ; ; ; ; ; ; ;12;2339,9801187928
3374475;1;5;1; ; ; ; ; ; ; ; ; ; ; ; ;12;2339,9801187928
3374475;1;6;2;2;23; ;2; ; ;2;2; ; ;2; ;12;2339,9801187928
3374476;1;1;1; ; ; ; ; ; ; ; ; ; ; ; ;12;1863,08324789066
3374476;1;2;1; ; ; ; ; ; ; ; ; ; ; ; ;12;1863,08324789066
3374476;1;3;1; ; ; ; ; ; ; ; ; ; ; ; ;12;1863,08324789066
3374476;1;4;1; ; ; ; ; ; ; ; ; ; ; ; ;12;1863,08324789066
3374477;1;1;1; ; ; ; ; ; ; ; ; ; ; ; ;12;2886,9863889112
3374477;1;2;2;2;23; ;2; ; ;2;2; ; ;2; ;12;2886,9863889112
3374477;1;3;1; ; ; ; ; ; ; ; ; ; ; ; ;12;2886,9863889112
3374477;1;4;1; ; ; ; ; ; ; ; ; ; ; ; ;12;2886,9863889112
3374478;1;1;1; ; ; ; ; ; ; ; ; ; ; ; ;12;3647,28411296367
3374478;1;2;1; ; ; ; ; ; ; ; ; ; ; ; ;12;3647,28411296367
3374478;1;3;1; ; ; ; ; ; ; ; ; ; ; ; ;12;3647,28411296367
3374480;1;1;1; ; ; ; ; ; ; ; ; ; ; ; ;12;6151,61565645707
3374480;1;2;1; ; ; ; ; ; ; ; ; ; ; ; ;12;6151,61565645707
3374480;1;3;1; ; ; ; ; ; ; ; ; ; ; ; ;12;6151,61565645707
3374480;1;4;1; ; ; ; ; ; ; ; ; ; ; ; ;12;6151,61565645707
3374480;1;5;1; ; ; ; ; ; ; ; ; ; ; ; ;12;6151,61565645707
3374481;1;1;1; ; ; ; ; ; ; ; ; ; ; ; ;12;3513,33409440046
3374481;1;2;1; ; ; ; ; ; ; ; ; ; ; ; ;12;3513,33409440046
3374482;1;1;1; ; ; ; ; ; ; ; ; ; ; ; ;12;3430,03429163203
3374482;1;2;1; ; ; ; ; ; ; ; ; ; ; ; ;12;3430,03429163203
3374482;1;3;1; ; ; ; ; ; ; ; ; ; ; ; ;12;3430,03429163203
3374482;1;4;1; ; ; ; ; ; ; ; ; ; ; ; ;12;3430,03429163203
3374483;1;1;1; ; ; ; ; ; ; ; ; ; ; ; ;12;2133,60942929262
3374483;1;2;1; ; ; ; ; ; ; ; ; ; ; ; ;12;2133,60942929262
3374483;1;3;1; ; ; ; ; ; ; ; ; ; ; ; ;12;2133,60942929262
3374483;1;4;1; ; ; ; ; ; ; ; ; ; ; ; ;12;2133,60942929262
3374483;1;5;1; ; ; ; ; ; ; ; ; ; ; ; ;12;2133,60942929262
3374483;1;6;1; ; ; ; ; ; ; ; ; ; ; ; ;12;2133,60942929262
3374483;1;7;1; ; ; ; ; ; ; ; ; ; ; ; ;12;2133,60942929262
3374483;1;8;1; ; ; ; ; ; ; ; ; ; ; ; ;12;2133,60942929262
3374483;1;9;1; ; ; ; ; ; ; ; ; ; ; ; ;12;2133,60942929262
3374483;1;10;1; ; ; ; ; ; ; ; ; ; ; ; ;12;2133,60942929262
3374483;1;11;1; ; ; ; ; ; ; ; ; ; ; ; ;12;2133,60942929262
3374484;1;1;1; ; ; ; ; ; ; ; ; ; ; ; ;12;2791,32906972915
3374484;1;2;1; ; ; ; ; ; ; ; ; ; ; ; ;12;2791,32906972915
3374484;1;3;1; ; ; ; ; ; ; ; ; ; ; ; ;12;2791,32906972915
3374484;1;4;1; ; ; ; ; ; ; ; ; ; ; ; ;12;2791,32906972915
3374484;1;5;1; ; ; ; ; ; ; ; ; ; ; ; ;12;2791,32906972915
3374485;1;1;1; ; ; ; ; ; ; ; ; ; ; ; ;12;1899,692618114
3374485;1;2;1; ; ; ; ; ; ; ; ; ; ; ; ;12;1899,692618114
3374485;1;3;1; ; ; ; ; ; ; ; ; ; ; ; ;12;1899,692618114
3374485;1;4;1; ; ; ; ; ; ; ; ; ; ; ; ;12;1899,692618114
3374485;1;5;1; ; ; ; ; ; ; ; ; ; ; ; ;12;1899,692618114
3374485;1;6;1; ; ; ; ; ; ; ; ; ; ; ; ;12;1899,692618114
3374485;1;7;1; ; ; ; ; ; ; ; ; ; ; ; ;12;1899,692618114
3374485;1;8;1; ; ; ; ; ; ; ; ; ; ; ; ;12;1899,692618114
3374485;1;9;1; ; ; ; ; ; ; ; ; ; ; ; ;12;1899,692618114
3374485;1;10;1; ; ; ; ; ; ; ; ; ; ; ; ;12;1899,692618114
3374485;1;11;1; ; ; ; ; ; ; ; ; ; ; ; ;12;1899,692618114
3374485;1;12;1; ; ; ; ; ; ; ; ; ; ; ; ;12;1899,692618114
3374486;1;1;1; ; ; ; ; ; ; ; ; ; ; ; ;12;3236,14669299256
3374486;1;2;1; ; ; ; ; ; ; ; ; ; ; ; ;12;3236,14669299256
3374486;1;3;1; ; ; ; ; ; ; ; ; ; ; ; ;12;3236,14669299256
3374486;1;4;1; ; ; ; ; ; ; ; ; ; ; ; ;12;3236,14669299256
3374487;1;1;1; ; ; ; ; ; ; ; ; ; ; ; ;12;1785,44679685781
3374487;1;2;1; ; ; ; ; ; ; ; ; ; ; ; ;12;1785,44679685781
3374487;1;3;1; ; ; ; ; ; ; ; ; ; ; ; ;12;1785,44679685781
3374487;1;4;1; ; ; ; ; ; ; ; ; ; ; ; ;12;1785,44679685781
3374488;1;1;1; ; ; ; ; ; ; ; ; ; ; ; ;12;2507,65407563462
3374488;1;2;1; ; ; ; ; ; ; ; ; ; ; ; ;12;2507,65407563462
3374488;1;3;1; ; ; ; ; ; ; ; ; ; ; ; ;12;2507,65407563462
3374490;1;1;2;2;68; ;2; ; ;1;2; ; ;1; ;12;182,550378637786
3374490;1;2;1; ; ; ; ; ; ; ; ; ; ; ; ;12;182,550378637786
3374490;1;3;2;2;41; ;2; ; ;1;2; ; ;1; ;12;182,550378637786
3374490;1;4;1; ; ; ; ; ; ; ; ; ; ; ; ;12;182,550378637786
3374490;1;5;2;2;11; ;2; ; ;1;2; ; ;1; ;12;182,550378637786
3374491;1;1;2;2;47; ;2; ; ;1;2; ; ;1; ;12;167,822208685015
3374492;1;1;2;2;47; ;2; ; ;1;2; ; ;1; ;12;123,465178613381
3374492;1;2;1; ; ; ; ; ; ; ; ; ; ; ; ;12;123,465178613381
3374492;1;3;2;1; ; ;3;70; ;1;4; ;11; ;1;12;123,465178613381
3374492;1;4;2;2;47; ;2; ; ;1;2; ; ;1; ;12;123,465178613381
3374492;1;5;1; ; ; ; ; ; ; ; ; ; ; ; ;12;123,465178613381
3374492;1;6;2;2;47; ;2; ; ;1;2; ; ;1; ;12;123,465178613381
3374492;1;7;1; ; ; ; ; ; ; ; ; ; ; ; ;12;123,465178613381
3374492;1;8;1; ; ; ; ; ; ; ; ; ; ; ; ;12;123,465178613381
3374492;1;9;2;2;20; ;3;20; ;1;2; ; ;1; ;12;123,465178613381
3374493;1;1;1; ; ; ; ; ; ; ; ; ; ; ; ;12;204,386506775381
3374493;1;2;2;2;47; ;2; ; ;1;2; ; ;1; ;12;204,386506775381
3374493;1;3;1; ; ; ; ; ; ; ; ; ; ; ; ;12;204,386506775381
3374494;1;1;1; ; ; ; ; ; ; ; ; ; ; ; ;12;165,263028326754
3374494;1;2;1; ; ; ; ; ; ; ; ; ; ; ; ;12;165,263028326754
3374494;1;3;1; ; ; ; ; ; ; ; ; ; ; ; ;12;165,263028326754
3374494;1;4;1; ; ; ; ; ; ; ; ; ; ; ; ;12;165,263028326754
3374494;1;5;1; ; ; ; ; ; ; ; ; ; ; ; ;12;165,263028326754
3374494;1;6;1; ; ; ; ; ; ; ; ; ; ; ; ;12;165,263028326754
3374495;1;1;1; ; ; ; ; ; ; ; ; ; ; ; ;12;196,761854386692
3374495;1;2;1; ; ; ; ; ; ; ; ; ; ; ; ;12;196,761854386692
3374495;1;3;1; ; ; ; ; ; ; ; ; ; ; ; ;12;196,761854386692
3374495;1;4;1; ; ; ; ; ; ; ; ; ; ; ; ;12;196,761854386692
3374495;1;5;1; ; ; ; ; ; ; ; ; ; ; ; ;12;196,761854386692
3374495;1;6;1; ; ; ; ; ; ; ; ; ; ; ; ;12;196,761854386692
3374496;1;1;2;2;19; ;2; ; ;1;2; ; ;1; ;12;133,215266109217
3374496;1;2;1; ; ; ; ; ; ; ; ; ; ; ; ;12;133,215266109217
3374496;1;3;1; ; ; ; ; ; ; ; ; ; ; ; ;12;133,215266109217
3374496;1;4;1; ; ; ; ; ; ; ; ; ; ; ; ;12;133,215266109217
3374496;1;5;2;2;47; ;3;47; ;1;2; ; ;1; ;12;133,215266109217
3374496;1;6;1; ; ; ; ; ; ; ; ; ; ; ; ;12;133,215266109217
3374496;1;7;1; ; ; ; ; ; ; ; ; ; ; ; ;12;133,215266109217
3374497;1;1;1; ; ; ; ; ; ; ; ; ; ; ; ;12;162,325521408346
3374497;1;2;1; ; ; ; ; ; ; ; ; ; ; ; ;12;162,325521408346
3374497;1;3;2;2;11; ;2; ; ;1;2; ; ;1; ;12;162,325521408346
3374497;1;4;1; ; ; ; ; ; ; ; ; ; ; ; ;12;162,325521408346
3374497;1;5;2;1; ; ;2; ; ;1;2; ; ;1; ;12;162,325521408346
3374498;1;1;2;2;47; ;2; ; ;1;2; ; ;1; ;12;181,229276418259
3374498;1;2;2;2;68; ;2; ; ;1;2; ; ;1; ;12;181,229276418259
3374498;1;3;1; ; ; ; ; ; ; ; ; ; ; ; ;12;181,229276418259
3374498;1;4;2;2;47; ;2; ; ;1;2; ; ;1; ;12;181,229276418259
3374498;1;5;2;2;47; ;2; ; ;1;2; ; ;1; ;12;181,229276418259
3374499;1;1;2;2;54; ;2; ; ;1;2; ; ;1; ;12;204,373015015888
3374499;1;2;1; ; ; ; ; ; ; ; ; ; ; ; ;12;204,373015015888
3374500;1;1;1; ; ; ; ; ; ; ; ; ; ; ; ;12;232,112212920774
3374500;1;2;1; ; ; ; ; ; ; ; ; ; ; ; ;12;232,112212920774
3374500;1;3;1; ; ; ; ; ; ; ; ; ; ; ; ;12;232,112212920774
3374500;1;4;1; ; ; ; ; ; ; ; ; ; ; ; ;12;232,112212920774
3374501;1;1;1; ; ; ; ; ; ; ; ; ; ; ; ;12;249,40784607253
3374501;1;2;1; ; ; ; ; ; ; ; ; ; ; ; ;12;249,40784607253
3374501;1;3;1; ; ; ; ; ; ; ; ; ; ; ; ;12;249,40784607253
3374501;1;4;1; ; ; ; ; ; ; ; ; ; ; ; ;12;249,40784607253
3374501;1;5;1; ; ; ; ; ; ; ; ; ; ; ; ;12;249,40784607253
3374502;1;1;2;2;47; ;2; ; ;1;2; ; ;1; ;12;213,321691489329
3374502;1;2;2;2;20; ;2; ; ;1;2; ; ;1; ;12;213,321691489329
3374502;1;3;1; ; ; ; ; ; ; ; ; ; ; ; ;12;213,321691489329
3374502;1;4;1; ; ; ; ; ; ; ; ; ; ; ; ;12;213,321691489329
3374502;1;5;1; ; ; ; ; ; ; ; ; ; ; ; ;12;213,321691489329
3374502;1;6;1; ; ; ; ; ; ; ; ; ; ; ; ;12;213,321691489329
3374502;1;7;1; ; ; ; ; ; ; ; ; ; ; ; ;12;213,321691489329
3374502;1;8;2;2;20; ;3;20; ;1;3;20; ;1; ;12;213,321691489329
3374503;1;1;2;2;05; ;2; ; ;1;2; ; ;1; ;12;191,12405707052
3374504;1;1;2;2;13; ;2; ; ;1;2; ; ;1; ;12;122,837208159066
3374504;1;2;1; ; ; ; ; ; ; ; ; ; ; ; ;12;122,837208159066
3374504;1;3;2;2;13; ;3;13; ;1;3;13; ;1; ;12;122,837208159066
3374505;1;1;1; ; ; ; ; ; ; ; ; ; ; ; ;12;138,921898747807
3374505;1;2;1; ; ; ; ; ; ; ; ; ; ; ; ;12;138,921898747807
3374505;1;3;1; ; ; ; ; ; ; ; ; ; ; ; ;12;138,921898747807
3374505;1;4;1; ; ; ; ; ; ; ; ; ; ; ; ;12;138,921898747807
3374505;1;5;1; ; ; ; ; ; ; ; ; ; ; ; ;12;138,921898747807
3374506;1;1;2;2;05; ;2; ; ;1;2; ; ;1; ;12;193,94296943496
3374506;1;2;1; ; ; ; ; ; ; ; ; ; ; ; ;12;193,94296943496
3374506;1;3;1; ; ; ; ; ; ; ; ; ; ; ; ;12;193,94296943496
3374506;1;4;1; ; ; ; ; ; ; ; ; ; ; ; ;12;193,94296943496
3374506;1;5;1; ; ; ; ; ; ; ; ; ; ; ; ;12;193,94296943496
3374507;1;1;1; ; ; ; ; ; ; ; ; ; ; ; ;12;252,176927906277
3374507;1;2;2;2;44; ;2; ; ;1;2; ; ;1; ;12;252,176927906277
3374507;1;3;1; ; ; ; ; ; ; ; ; ; ; ; ;12;252,176927906277
3374507;1;4;1; ; ; ; ; ; ; ; ; ; ; ; ;12;252,176927906277
3374508;1;1;1; ; ; ; ; ; ; ; ; ; ; ; ;12;281,746653447018
3374508;1;2;1; ; ; ; ; ; ; ; ; ; ; ; ;12;281,746653447018
3374508;1;3;1; ; ; ; ; ; ; ; ; ; ; ; ;12;281,746653447018
3374508;1;4;1; ; ; ; ; ; ; ; ; ; ; ; ;12;281,746653447018
3374508;1;5;1; ; ; ; ; ; ; ; ; ; ; ; ;12;281,746653447018
3374508;1;6;1; ; ; ; ; ; ; ; ; ; ; ; ;12;281,746653447018
3374508;1;7;1; ; ; ; ; ; ; ; ; ; ; ; ;12;281,746653447018
3374508;1;8;1; ; ; ; ; ; ; ; ; ; ; ; ;12;281,746653447018
3374508;1;9;2;1; ; ;3;54; ;1;2; ; ;1; ;12;281,746653447018
3374508;1;10;1; ; ; ; ; ; ; ; ; ; ; ; ;12;281,746653447018
3374509;1;1;1; ; ; ; ; ; ; ; ; ; ; ; ;12;122,826892862281
3374509;1;2;1; ; ; ; ; ; ; ; ; ; ; ; ;12;122,826892862281
3374509;1;3;1; ; ; ; ; ; ; ; ; ; ; ; ;12;122,826892862281
3374509;1;4;1; ; ; ; ; ; ; ; ; ; ; ; ;12;122,826892862281
3374510;1;1;2;1; ; ;3;44; ;2;2; ; ;1; ;12;249,512796810273
3374510;1;2;2;1; ; ;3;44; ;2;2; ; ;1; ;12;249,512796810273
3374510;1;3;1; ; ; ; ; ; ; ; ; ; ; ; ;12;249,512796810273
3374510;1;4;1; ; ; ; ; ; ; ; ; ; ; ; ;12;249,512796810273
3374510;1;5;1; ; ; ; ; ; ; ; ; ; ; ; ;12;249,512796810273
3374510;1;6;1; ; ; ; ; ; ; ; ; ; ; ; ;12;249,512796810273
3374510;1;7;1; ; ; ; ; ; ; ; ; ; ; ; ;12;249,512796810273
3374511;1;1;2;2;20; ;2; ; ;1;2; ; ;1; ;12;156,317528316021
3374511;1;2;2;2;68; ;2; ; ;1;2; ; ;1; ;12;156,317528316021
3374512;1;1;2;2;08; ;3;15; ;1;2; ; ;1; ;12;218,594833474287
3374512;1;2;1; ; ; ; ; ; ; ; ; ; ; ; ;12;218,594833474287
3374512;1;3;2;1; ; ;3;15; ;1;2; ; ;1; ;12;218,594833474287
3374512;1;4;2;2;15; ;3;15; ;1;2; ; ;1; ;12;218,594833474287
3374512;1;5;2;2;15; ;1; ; ; ;2; ; ;1; ;12;218,594833474287
3374513;1;1;2;2;47; ;2; ; ;1;2; ; ;1; ;12;205,715891835633
3374513;1;2;1; ; ; ; ; ; ; ; ; ; ; ; ;12;205,715891835633
3374513;1;3;1; ; ; ; ; ; ; ; ; ; ; ; ;12;205,715891835633
3374513;1;4;1; ; ; ; ; ; ; ; ; ; ; ; ;12;205,715891835633
3374513;1;5;1; ; ; ; ; ; ; ; ; ; ; ; ;12;205,715891835633
3374514;1;1;2;2;47; ;2; ; ;1;2; ; ;1; ;12;192,623899671493
3374514;1;2;1; ; ; ; ; ; ; ; ; ; ; ; ;12;192,623899671493
3374515;1;1;2;1; ; ;2; ; ;1;2; ; ;1; ;12;133,015679930516
3374515;1;2;1; ; ; ; ; ; ; ; ; ; ; ; ;12;133,015679930516
3374516;1;1;1; ; ; ; ; ; ; ; ; ; ; ; ;12;179,744958032839
3374516;1;2;1; ; ; ; ; ; ; ; ; ; ; ; ;12;179,744958032839
3374518;1;1;2;2;17; ;2; ; ;1;2; ; ;1; ;12;146,139056544571
3374518;1;2;2;2;47; ;2; ; ;1;2; ; ;1; ;12;146,139056544571
3374518;1;3;1; ; ; ; ; ; ; ; ; ; ; ; ;12;146,139056544571
3374519;1;1;2;2;68; ;2; ; ;1;2; ; ;1; ;12;216,145964829269
3374519;1;2;2;2;68; ;2; ; ;1;2; ; ;1; ;12;216,145964829269
3374519;1;3;1; ; ; ; ; ; ; ; ; ; ; ; ;12;216,145964829269
3374519;1;4;1; ; ; ; ; ; ; ; ; ; ; ; ;12;216,145964829269
3374519;1;5;1; ; ; ; ; ; ; ; ; ; ; ; ;12;216,145964829269
3374520;1;1;1; ; ; ; ; ; ; ; ; ; ; ; ;12;163,654906468598
3374520;1;2;1; ; ; ; ; ; ; ; ; ; ; ; ;12;163,654906468598
3374520;1;3;2;2;47; ;2; ; ;1;2; ; ;1; ;12;163,654906468598
3374520;1;4;1; ; ; ; ; ; ; ; ; ; ; ; ;12;163,654906468598
3374520;1;5;1; ; ; ; ; ; ; ; ; ; ; ; ;12;163,654906468598
3374520;1;6;1; ; ; ; ; ; ; ; ; ; ; ; ;12;163,654906468598
3374520;1;7;1; ; ; ; ; ; ; ; ; ; ; ; ;12;163,654906468598
3374521;1;1;1; ; ; ; ; ; ; ; ; ; ; ; ;12;209,054799510669
3374521;1;2;1; ; ; ; ; ; ; ; ; ; ; ; ;12;209,054799510669
3374521;1;3;1; ; ; ; ; ; ; ; ; ; ; ; ;12;209,054799510669
3374521;1;4;1; ; ; ; ; ; ; ; ; ; ; ; ;12;209,054799510669
3374521;1;5;1; ; ; ; ; ; ; ; ; ; ; ; ;12;209,054799510669
3374522;1;1;2;2;68; ;2; ; ;1;2; ; ;1; ;12;180,955900595855
3374523;1;1;1; ; ; ; ; ; ; ; ; ; ; ; ;12;169,311735989203
3374523;1;2;1; ; ; ; ; ; ; ; ; ; ; ; ;12;169,311735989203
3374523;1;3;1; ; ; ; ; ; ; ; ; ; ; ; ;12;169,311735989203
3374524;1;1;2;2;05; ;2; ; ;1;2; ; ;1; ;12;235,199367316892
3374524;1;2;2;2;05; ;2; ; ;1;2; ; ;1; ;12;235,199367316892
3374524;1;3;1; ; ; ; ; ; ; ; ; ; ; ; ;12;235,199367316892
3374524;1;4;1; ; ; ; ; ; ; ; ; ; ; ; ;12;235,199367316892
3374524;1;5;1; ; ; ; ; ; ; ; ; ; ; ; ;12;235,199367316892
3374524;1;6;1; ; ; ; ; ; ; ; ; ; ; ; ;12;235,199367316892
3374524;1;7;2;2;05; ;2; ; ;1;2; ; ;1; ;12;235,199367316892
3374524;1;8;1; ; ; ; ; ; ; ; ; ; ; ; ;12;235,199367316892
3374524;1;9;1; ; ; ; ; ; ; ; ; ; ; ; ;12;235,199367316892
3374525;1;1;1; ; ; ; ; ; ; ; ; ; ; ; ;12;215,88087184759
3374525;1;2;1; ; ; ; ; ; ; ; ; ; ; ; ;12;215,88087184759
3374525;1;3;1; ; ; ; ; ; ; ; ; ; ; ; ;12;215,88087184759
3374526;1;1;1; ; ; ; ; ; ; ; ; ; ; ; ;12;188,459925974516
3374526;1;2;1; ; ; ; ; ; ; ; ; ; ; ; ;12;188,459925974516
3374526;1;3;1; ; ; ; ; ; ; ; ; ; ; ; ;12;188,459925974516
3374526;1;4;1; ; ; ; ; ; ; ; ; ; ; ; ;12;188,459925974516
3374527;1;1;1; ; ; ; ; ; ; ; ; ; ; ; ;12;291,919991427742
3374527;1;2;1; ; ; ; ; ; ; ; ; ; ; ; ;12;291,919991427742
3374527;1;3;1; ; ; ; ; ; ; ; ; ; ; ; ;12;291,919991427742
3374527;1;4;1; ; ; ; ; ; ; ; ; ; ; ; ;12;291,919991427742
3374527;1;5;1; ; ; ; ; ; ; ; ; ; ; ; ;12;291,919991427742
3374527;1;6;1; ; ; ; ; ; ; ; ; ; ; ; ;12;291,919991427742
3374528;1;1;2;2;70; ;2; ; ;1;2; ; ;1; ;12;175,217954806494
3374528;1;2;1; ; ; ; ; ; ; ; ; ; ; ; ;12;175,217954806494
3374528;1;3;1; ; ; ; ; ; ; ; ; ; ; ; ;12;175,217954806494
3374528;1;4;1; ; ; ; ; ; ; ; ; ; ; ; ;12;175,217954806494
3374528;1;5;2;2;47; ;2; ; ;1;2; ; ;1; ;12;175,217954806494
3374528;1;6;2;2;47; ;2; ; ;1;2; ; ;1; ;12;175,217954806494
3374529;1;1;2;2;05; ;2; ; ;1;2; ; ;1; ;12;133,005364633731
3374529;1;2;1; ; ; ; ; ; ; ; ; ; ; ; ;12;133,005364633731
3374529;1;3;1; ; ; ; ; ; ; ; ; ; ; ; ;12;133,005364633731
3374530;1;1;1; ; ; ; ; ; ; ; ; ; ; ; ;12;193,953284731745
3374530;1;2;1; ; ; ; ; ; ; ; ; ; ; ; ;12;193,953284731745
3374530;1;3;1; ; ; ; ; ; ; ; ; ; ; ; ;12;193,953284731745
3374530;1;4;1; ; ; ; ; ; ; ; ; ; ; ; ;12;193,953284731745
3374531;1;1;2;2;47; ;2; ; ;1;2; ; ;1; ;12;156,432794350549
3374531;1;2;2;2;54; ;2; ; ;1;2; ; ;1; ;12;156,432794350549
3374531;1;3;2;2;47; ;2; ; ;1;2; ; ;1; ;12;156,432794350549
3374532;1;1;2;2;47; ;2; ; ;1;2; ; ;1; ;12;185,362304224881
3374532;1;2;1; ; ; ; ; ; ; ; ; ; ; ; ;12;185,362304224881
3374532;1;3;1; ; ; ; ; ; ; ; ; ; ; ; ;12;185,362304224881
3374532;1;4;1; ; ; ; ; ; ; ; ; ; ; ; ;12;185,362304224881
3374532;1;5;1; ; ; ; ; ; ; ; ; ; ; ; ;12;185,362304224881
3374532;1;6;2;2;08; ;2; ; ;1;2; ; ;1; ;12;185,362304224881
3374533;1;1;2;2;47; ;2; ; ;1;2; ; ;1; ;12;189,799626331553
3374533;1;2;2;2;47; ;2; ; ;1;2; ; ;1; ;12;189,799626331553
3374533;1;3;1; ; ; ; ; ; ; ; ; ; ; ; ;12;189,799626331553
3374533;1;4;1; ; ; ; ; ; ; ; ; ; ; ; ;12;189,799626331553
3374533;1;5;1; ; ; ; ; ; ; ; ; ; ; ; ;12;189,799626331553
3374534;1;1;2;2;44; ;2; ; ;1;2; ; ;1; ;12;157,657228673058
3374534;1;2;1; ; ; ; ; ; ; ; ; ; ; ; ;12;157,657228673058
3374534;1;3;1; ; ; ; ; ; ; ; ; ; ; ; ;12;157,657228673058
3374535;1;1;1; ; ; ; ; ; ; ; ; ; ; ; ;12;215,88087184759
3374535;1;2;1; ; ; ; ; ; ; ; ; ; ; ; ;12;215,88087184759
3374535;1;3;1; ; ; ; ; ; ; ; ; ; ; ; ;12;215,88087184759
3374536;1;1;1; ; ; ; ; ; ; ; ; ; ; ; ;12;210,129434298736
3374536;1;2;2;2;18; ;2; ; ;1;2; ; ;1; ;12;210,129434298736
3374536;1;3;1; ; ; ; ; ; ; ; ; ; ; ; ;12;210,129434298736
3374536;1;4;1; ; ; ; ; ; ; ; ; ; ; ; ;12;210,129434298736
3374536;1;5;1; ; ; ; ; ; ; ; ; ; ; ; ;12;210,129434298736
3374536;1;6;1; ; ; ; ; ; ; ; ; ; ; ; ;12;210,129434298736
3374536;1;7;1; ; ; ; ; ; ; ; ; ; ; ; ;12;210,129434298736
3374537;1;1;1; ; ; ; ; ; ; ; ; ; ; ; ;12;217,370399151778
3374537;1;2;1; ; ; ; ; ; ; ; ; ; ; ; ;12;217,370399151778
3374537;1;3;1; ; ; ; ; ; ; ; ; ; ; ; ;12;217,370399151778
3374537;1;4;1; ; ; ; ; ; ; ; ; ; ; ; ;12;217,370399151778
3374537;1;5;1; ; ; ; ; ; ; ; ; ; ; ; ;12;217,370399151778
3374538;1;1;1; ; ; ; ; ; ; ; ; ; ; ; ;12;161,11457884533
3374538;1;2;2;2;76; ;2; ; ;1;2; ; ;1; ;12;161,11457884533
3374538;1;3;1; ; ; ; ; ; ; ; ; ; ; ; ;12;161,11457884533
3374538;1;4;1; ; ; ; ; ; ; ; ; ; ; ; ;12;161,11457884533
3374538;1;5;1; ; ; ; ; ; ; ; ; ; ; ; ;12;161,11457884533
3374538;1;6;1; ; ; ; ; ; ; ; ; ; ; ; ;12;161,11457884533
3374539;1;1;1; ; ; ; ; ; ; ; ; ; ; ; ;12;99,5147291799912
3374539;1;2;1; ; ; ; ; ; ; ; ; ; ; ; ;12;99,5147291799912
3374539;1;3;1; ; ; ; ; ; ; ; ; ; ; ; ;12;99,5147291799912
3374539;1;4;1; ; ; ; ; ; ; ; ; ; ; ; ;12;99,5147291799912
3374539;1;5;1; ; ; ; ; ; ; ; ; ; ; ; ;12;99,5147291799912
3374540;1;1;2;2;47; ;2; ; ;1;2; ; ;1; ;12;133,015679930516
3374540;1;2;1; ; ; ; ; ; ; ; ; ; ; ; ;12;133,015679930516
3374541;1;1;1; ; ; ; ; ; ; ; ; ; ; ; ;12;240,522420590131
3374541;1;2;1; ; ; ; ; ; ; ; ; ; ; ; ;12;240,522420590131
3374541;1;3;1; ; ; ; ; ; ; ; ; ; ; ; ;12;240,522420590131
3374541;1;4;1; ; ; ; ; ; ; ; ; ; ; ; ;12;240,522420590131
3374545;1;1;1; ; ; ; ; ; ; ; ; ; ; ; ;12;160,612448812448
3374545;1;2;1; ; ; ; ; ; ; ; ; ; ; ; ;12;160,612448812448
3374545;1;3;1; ; ; ; ; ; ; ; ; ; ; ; ;12;160,612448812448
3374545;1;4;1; ; ; ; ; ; ; ; ; ; ; ; ;12;160,612448812448
3374546;1;1;1; ; ; ; ; ; ; ; ; ; ; ; ;12;157,63342161678
3374546;1;2;2;2;15; ;2; ; ;1;2; ; ;1; ;12;157,63342161678
3374546;1;3;2;2;08; ;2; ; ;1;2; ; ;1; ;12;157,63342161678
3374547;1;1;2;2;47; ;2; ; ;1;2; ; ;1; ;12;159,122948920968
3374547;1;2;2;2;47; ;2; ; ;1;2; ; ;1; ;12;159,122948920968
3374547;1;3;1; ; ; ; ; ; ; ; ; ; ; ; ;12;159,122948920968
3374547;1;4;2;2;47; ;2; ; ;1;2; ; ;1; ;12;159,122948920968
3374547;1;5;1; ; ; ; ; ; ; ; ; ; ; ; ;12;159,122948920968
3374548;1;1;1; ; ; ; ; ; ; ; ; ; ; ; ;12;193,953284731745
3374548;1;2;1; ; ; ; ; ; ; ; ; ; ; ; ;12;193,953284731745
3374548;1;3;1; ; ; ; ; ; ; ; ; ; ; ; ;12;193,953284731745
3374548;1;4;1; ; ; ; ; ; ; ; ; ; ; ; ;12;193,953284731745
3374549;1;1;1; ; ; ; ; ; ; ; ; ; ; ; ;12;217,370399151778
3374549;1;2;1; ; ; ; ; ; ; ; ; ; ; ; ;12;217,370399151778
3374549;1;3;1; ; ; ; ; ; ; ; ; ; ; ; ;12;217,370399151778
3374549;1;4;1; ; ; ; ; ; ; ; ; ; ; ; ;12;217,370399151778
3374549;1;5;1; ; ; ; ; ; ; ; ; ; ; ; ;12;217,370399151778
3374550;1;1;2;2;47; ;2; ; ;1;2; ; ;1; ;12;217,370399151778
3374550;1;2;2;2;47; ;2; ; ;1;2; ; ;1; ;12;217,370399151778
3374550;1;3;1; ; ; ; ; ; ; ; ; ; ; ; ;12;217,370399151778
3374550;1;4;1; ; ; ; ; ; ; ; ; ; ; ; ;12;217,370399151778
3374550;1;5;1; ; ; ; ; ; ; ; ; ; ; ; ;12;217,370399151778
3374551;1;1;1; ; ; ; ; ; ; ; ; ; ; ; ;12;169,311735989203
3374551;1;2;1; ; ; ; ; ; ; ; ; ; ; ; ;12;169,311735989203
3374551;1;3;1; ; ; ; ; ; ; ; ; ; ; ; ;12;169,311735989203
3374552;1;1;2;2;54; ;2; ; ;1;2; ; ;1; ;12;133,015679930516
3374552;1;2;2;2;54; ;2; ; ;1;2; ; ;1; ;12;133,015679930516
3374553;1;1;2;2;44; ;3;44; ;1;2; ; ;1; ;12;156,432794350549
3374553;1;2;1; ; ; ; ; ; ; ; ; ; ; ; ;12;156,432794350549
3374553;1;3;1; ; ; ; ; ; ; ; ; ; ; ; ;12;156,432794350549
3374554;1;1;1; ; ; ; ; ; ; ; ; ; ; ; ;12;191,239323105048
3374554;1;2;1; ; ; ; ; ; ; ; ; ; ; ; ;12;191,239323105048
3374555;1;1;1; ; ; ; ; ; ; ; ; ; ; ; ;12;213,196110158016
3374555;1;2;1; ; ; ; ; ; ; ; ; ; ; ; ;12;213,196110158016
3374555;1;3;1; ; ; ; ; ; ; ; ; ; ; ; ;12;213,196110158016
3374555;1;4;1; ; ; ; ; ; ; ; ; ; ; ; ;12;213,196110158016
3374555;1;5;1; ; ; ; ; ; ; ; ; ; ; ; ;12;213,196110158016
3374555;1;6;1; ; ; ; ; ; ; ; ; ; ; ; ;12;213,196110158016
3374555;1;7;1; ; ; ; ; ; ; ; ; ; ; ; ;12;213,196110158016
3374555;1;8;2;2;47; ;3;47; ;1;2; ; ;1; ;12;213,196110158016
3374556;1;1;2;2;47; ;2; ; ;1;3;47; ;1; ;12;229,028055517923
3374556;1;2;2;2;47; ;3;47; ;1;2; ; ;1; ;12;229,028055517923
3374556;1;3;1; ; ; ; ; ; ; ; ; ; ; ; ;12;229,028055517923
3374556;1;4;2;2;47; ;1; ; ; ;2; ; ;1; ;12;229,028055517923
3374557;1;1;1; ; ; ; ; ; ; ; ; ; ; ; ;12;207,205571196553
3374558;1;1;2;2;73; ;3;47; ;1;2; ; ;1; ;12;134,331573231275
3374558;1;2;2;2;76; ;2; ; ;1;2; ; ;1; ;12;134,331573231275
3374558;1;3;1; ; ; ; ; ; ; ; ; ; ; ; ;12;134,331573231275
3374559;1;1;2;2;20; ;2; ; ;1;2; ; ;1; ;12;218,594833474287
3374559;1;2;1; ; ; ; ; ; ; ; ; ; ; ; ;12;218,594833474287
3374559;1;3;1; ; ; ; ; ; ; ; ; ; ; ; ;12;218,594833474287
3374559;1;4;1; ; ; ; ; ; ; ; ; ; ; ; ;12;218,594833474287
3374559;1;5;1; ; ; ; ; ; ; ; ; ; ; ; ;12;218,594833474287
3374560;1;1;1; ; ; ; ; ; ; ; ; ; ; ; ;12;273,781000726662
3374560;1;2;2;2;47; ;3;47; ;1;2; ; ;1; ;12;273,781000726662
3374560;1;3;2;2;47; ;2; ; ;1;3;47; ;1; ;12;273,781000726662
3374560;1;4;2;2;47; ;3;47; ;1;2; ; ;1; ;12;273,781000726662
3374560;1;5;1; ; ; ; ; ; ; ; ; ; ; ; ;12;273,781000726662
3374560;1;6;2;2;47; ;3;47; ;1;3;47; ;1; ;12;273,781000726662
3374560;2;1;2;2;47; ;2; ; ;1;2; ; ;1; ;12;273,781000726662
3374560;2;2;1; ; ; ; ; ; ; ; ; ; ; ; ;12;273,781000726662
3374560;2;3;1; ; ; ; ; ; ; ; ; ; ; ; ;12;273,781000726662
3374560;2;4;1; ; ; ; ; ; ; ; ; ; ; ; ;12;273,781000726662
3374560;2;5;1; ; ; ; ; ; ; ; ; ; ; ; ;12;273,781000726662
3374561;1;1;2;2;08; ;3;08; ;1;2; ; ;1; ;12;169,311735989203
3374561;1;2;1; ; ; ; ; ; ; ; ; ; ; ; ;12;169,311735989203
3374561;1;3;1; ; ; ; ; ; ; ; ; ; ; ; ;12;169,311735989203
3374562;1;1;1; ; ; ; ; ; ; ; ; ; ; ; ;12;243,874820024661
3374562;1;2;1; ; ; ; ; ; ; ; ; ; ; ; ;12;243,874820024661
3374562;1;3;1; ; ; ; ; ; ; ; ; ; ; ; ;12;243,874820024661
3374562;1;4;1; ; ; ; ; ; ; ; ; ; ; ; ;12;243,874820024661
3374562;1;5;1; ; ; ; ; ; ; ; ; ; ; ; ;12;243,874820024661
3374563;1;1;1; ; ; ; ; ; ; ; ; ; ; ; ;12;150,521214557759
3374563;1;2;2;2;08; ;2; ; ;1;2; ; ;1; ;12;150,521214557759
3374563;1;3;2;2;47; ;2; ; ;1;2; ; ;1; ;12;150,521214557759
3374563;1;4;1; ; ; ; ; ; ; ; ; ; ; ; ;12;150,521214557759
3374563;1;5;1; ; ; ; ; ; ; ; ; ; ; ; ;12;150,521214557759
3374563;1;6;1; ; ; ; ; ; ; ; ; ; ; ; ;12;150,521214557759
3374563;1;7;2;2;20; ;2; ; ;1;2; ; ;1; ;12;150,521214557759
3374564;1;1;2;2;20; ;2; ; ;1;2; ; ;1; ;12;157,657228673058
3374564;1;2;1; ; ; ; ; ; ; ; ; ; ; ; ;12;157,657228673058
3374564;1;3;1; ; ; ; ; ; ; ; ; ; ; ; ;12;157,657228673058
3374565;1;1;2;2;08; ;2; ; ;1;2; ; ;1; ;12;195,816156862086
3374565;1;2;2;2;08; ;2; ; ;1;2; ; ;1; ;12;195,816156862086
3374565;1;3;2;2;08; ;2; ; ;1;2; ; ;1; ;12;195,816156862086
3374566;1;1;1; ; ; ; ; ; ; ; ; ; ; ; ;12;156,327843612806
3374567;1;1;1; ; ; ; ; ; ; ; ; ; ; ; ;12;172,399042442054
3374567;1;2;1; ; ; ; ; ; ; ; ; ; ; ; ;12;172,399042442054
3374568;1;1;2;2;76; ;2; ; ;1;2; ; ;1; ;12;173,728427502306
3374568;1;2;2;2;76; ;3;76; ;1;2; ; ;1; ;12;173,728427502306
3374568;1;3;2;2;76; ;3;76; ;1;2; ; ;1; ;12;173,728427502306
3374568;1;4;2;2;76; ;3;76; ;1;2; ; ;1; ;12;173,728427502306
3374569;1;1;1; ; ; ; ; ; ; ; ; ; ; ; ;12;170,777428824405
3374569;1;2;2;2;47; ;2; ; ;1;2; ; ;1; ;12;170,777428824405
3374570;1;1;2;2;47; ;2; ; ;1;2; ; ;1; ;12;185,382934818451
3374570;1;2;2;2;68; ;2; ; ;1;2; ; ;1; ;12;185,382934818451
3374570;1;3;1; ; ; ; ; ; ; ; ; ; ; ; ;12;185,382934818451
3374570;1;4;1; ; ; ; ; ; ; ; ; ; ; ; ;12;185,382934818451
3374571;1;1;1; ; ; ; ; ; ; ; ; ; ; ; ;12;198,516626729291
3374571;1;2;1; ; ; ; ; ; ; ; ; ; ; ; ;12;198,516626729291
3374571;1;3;1; ; ; ; ; ; ; ; ; ; ; ; ;12;198,516626729291
3374571;1;4;2;2;20; ;2; ; ;1;2; ; ;1; ;12;198,516626729291
3374572;1;1;1; ; ; ; ; ; ; ; ; ; ; ; ;12;156,327843612806
3374573;1;1;2;1; ; ;4; ;11; ;2; ; ;1; ;12;172,399042442054
3374573;2;1;2;2;52; ;3;52; ;2;2; ; ;1; ;12;172,399042442054
3374574;1;1;2;2;20; ;2; ; ;1;2; ; ;1; ;12;237,750189706386
3374574;1;2;2;2;44; ;2; ; ;1;2; ; ;1; ;12;237,750189706386
3374574;1;3;1; ; ; ; ; ; ; ; ; ; ; ; ;12;237,750189706386
3374574;1;4;1; ; ; ; ; ; ; ; ; ; ; ; ;12;237,750189706386
3374574;1;5;1; ; ; ; ; ; ; ; ; ; ; ; ;12;237,750189706386
3374574;1;6;1; ; ; ; ; ; ; ; ; ; ; ; ;12;237,750189706386
3374575;1;1;2;2;13; ;2; ; ;1;2; ; ;1; ;12;149,296780235249
3374575;1;2;2;2;05; ;2; ; ;1;2; ; ;1; ;12;149,296780235249
3374575;1;3;2;2;44; ;2; ; ;1;2; ; ;1; ;12;149,296780235249
3374575;1;4;2;2;44; ;2; ; ;1;2; ; ;1; ;12;149,296780235249
3374575;1;5;2;2;44; ;2; ; ;1;2; ; ;1; ;12;149,296780235249
3374575;1;6;2;2;05; ;2; ; ;1;2; ; ;1; ;12;149,296780235249
3374575;1;7;2;2;05; ;3;05; ;1;3;05; ;1; ;12;149,296780235249
3374576;1;1;1; ; ; ; ; ; ; ; ; ; ; ; ;12;195,816156862086
3374576;1;2;1; ; ; ; ; ; ; ; ; ; ; ; ;12;195,816156862086
3374576;1;3;1; ; ; ; ; ; ; ; ; ; ; ; ;12;195,816156862086
3374577;1;1;2;2;68; ;2; ; ;1;2; ; ;1; ;12;220,444213845135
3374577;1;2;2;2;68; ;2; ; ;1;2; ; ;1; ;12;220,444213845135
3374577;1;3;1; ; ; ; ; ; ; ; ; ; ; ; ;12;220,444213845135
3374578;1;1;1; ; ; ; ; ; ; ; ; ; ; ; ;12;172,503993179797
3374578;1;2;1; ; ; ; ; ; ; ; ; ; ; ; ;12;172,503993179797
3374578;1;3;1; ; ; ; ; ; ; ; ; ; ; ; ;12;172,503993179797
3374578;1;4;1; ; ; ; ; ; ; ; ; ; ; ; ;12;172,503993179797
3374579;1;1;2;2;08; ;2; ; ;1;2; ; ;1; ;12;181,229276418259
3374579;1;2;1; ; ; ; ; ; ; ; ; ; ; ; ;12;181,229276418259
3374579;1;3;1; ; ; ; ; ; ; ; ; ; ; ; ;12;181,229276418259
3374579;1;4;1; ; ; ; ; ; ; ; ; ; ; ; ;12;181,229276418259
3374579;1;5;1; ; ; ; ; ; ; ; ; ; ; ; ;12;181,229276418259
3374580;1;1;1; ; ; ; ; ; ; ; ; ; ; ; ;12;170,794097046606
3374580;1;2;2;2;68; ;2; ; ;1;2; ; ;1; ;12;170,794097046606
3374580;1;3;1; ; ; ; ; ; ; ; ; ; ; ; ;12;170,794097046606
3374580;1;4;1; ; ; ; ; ; ; ; ; ; ; ; ;12;170,794097046606
3374580;1;5;1; ; ; ; ; ; ; ; ; ; ; ; ;12;170,794097046606
3374581;1;1;1; ; ; ; ; ; ; ; ; ; ; ; ;12;98,1988358792324
3374581;1;2;1; ; ; ; ; ; ; ; ; ; ; ; ;12;98,1988358792324
3374581;1;3;1; ; ; ; ; ; ; ; ; ; ; ; ;12;98,1988358792324
3374581;1;4;1; ; ; ; ; ; ; ; ; ; ; ; ;12;98,1988358792324
3374582;1;1;2;2;44; ;2; ; ;1;2; ; ;1; ;12;216,041014091526
3374582;1;2;2;2;08; ;2; ; ;1;2; ; ;1; ;12;216,041014091526
3374582;1;3;1; ; ; ; ; ; ; ; ; ; ; ; ;12;216,041014091526
3374583;1;1;2;2;52; ;2; ; ;1;2; ; ;1; ;12;188,459925974516
3374583;1;2;1; ; ; ; ; ; ; ; ; ; ; ; ;12;188,459925974516
3374583;1;3;1; ; ; ; ; ; ; ; ; ; ; ; ;12;188,459925974516
3374583;1;4;1; ; ; ; ; ; ; ; ; ; ; ; ;12;188,459925974516
3374584;1;1;2;2;66; ;2; ; ;1;2; ; ;1; ;12;157,657228673058
3374584;1;2;1; ; ; ; ; ; ; ; ; ; ; ; ;12;157,657228673058
3374584;1;3;1; ; ; ; ; ; ; ; ; ; ; ; ;12;157,657228673058
3374585;1;1;2;2;47; ;2; ; ;1;2; ; ;1; ;12;181,050536036813
3374585;1;2;1; ; ; ; ; ; ; ; ; ; ; ; ;12;181,050536036813
3374585;1;3;1; ; ; ; ; ; ; ; ; ; ; ; ;12;181,050536036813
3374585;1;4;1; ; ; ; ; ; ; ; ; ; ; ; ;12;181,050536036813
3374586;1;1;2;2;47; ;2; ; ;1;2; ; ;1; ;12;266,545396849119
3374586;1;2;1; ; ; ; ; ; ; ; ; ; ; ; ;12;266,545396849119
3374586;1;3;1; ; ; ; ; ; ; ; ; ; ; ; ;12;266,545396849119
3374586;1;4;1; ; ; ; ; ; ; ; ; ; ; ; ;12;266,545396849119
3374586;1;5;1; ; ; ; ; ; ; ; ; ; ; ; ;12;266,545396849119
3374586;1;6;1; ; ; ; ; ; ; ; ; ; ; ; ;12;266,545396849119
3374590;1;1;2;2;68; ;2; ; ;1;2; ; ;1; ;12;146,128741247786
3374590;1;2;2;2;68; ;2; ; ;1;2; ; ;1; ;12;146,128741247786
3374590;1;3;2;2;68; ;2; ; ;1;2; ; ;1; ;12;146,128741247786
3374590;1;4;2;2;25; ;2; ; ;1;2; ; ;1; ;12;146,128741247786
3374591;1;1;2;1; ; ;2; ; ;1;2; ; ;1; ;12;170,777428824405
3374591;1;2;1; ; ; ; ; ; ; ; ; ; ; ; ;12;170,777428824405
3374592;1;1;2;2;20; ;3;44; ;1;3;20; ;1; ;12;173,728427502306
3374592;1;2;2;2;23; ;3;44; ;1;3;44; ;1; ;12;173,728427502306
3374592;1;3;2;2;44; ;3;44; ;1;3;44; ;1; ;12;173,728427502306
3374592;1;4;2;2;44; ;3;44; ;1;3;44; ;1; ;12;173,728427502306
3374593;1;1;2;1; ; ;3;08; ;1;2; ; ;1; ;12;144,510045002725
3374593;1;2;2;2;13; ;3;13; ;1;2; ; ;1; ;12;144,510045002725
3374594;1;1;1; ; ; ; ; ; ; ; ; ; ; ; ;12;162,223747133312
3374594;2;1;2;2;20; ;3;20; ;1;3;20; ;1; ;12;162,223747133312
3374594;2;2;2;2;44; ;3;20; ;1;3;20; ;1; ;12;162,223747133312
3374594;2;3;2;2;20; ;3;20; ;1;3;20; ;1; ;12;162,223747133312
3374594;2;4;2;2;20; ;3;20; ;1;3;20; ;1; ;12;162,223747133312
3374595;1;1;2;2;20; ;2; ; ;1;2; ; ;1; ;12;170,780605287113
3374595;1;2;2;2;47; ;2; ; ;1;2; ; ;1; ;12;170,780605287113
3374595;1;3;2;2;54; ;3;54; ;1;3;54; ;1; ;12;170,780605287113
3374595;1;4;1; ; ; ; ; ; ; ; ; ; ; ; ;12;170,780605287113
3374596;1;1;1; ; ; ; ; ; ; ; ; ; ; ; ;12;181,074343093091
3374596;1;2;1; ; ; ; ; ; ; ; ; ; ; ; ;12;181,074343093091
3374596;1;3;1; ; ; ; ; ; ; ; ; ; ; ; ;12;181,074343093091
3374596;1;4;1; ; ; ; ; ; ; ; ; ; ; ; ;12;181,074343093091
3374597;1;1;2;2;47; ;2; ; ;1;2; ; ;1; ;12;205,715891835633
3374597;1;2;1; ; ; ; ; ; ; ; ; ; ; ; ;12;205,715891835633
3374597;1;3;1; ; ; ; ; ; ; ; ; ; ; ; ;12;205,715891835633
3374597;1;4;2;2;47; ;2; ; ;1;2; ; ;1; ;12;205,715891835633
3374597;1;5;2;2;08; ;3;08; ;1;2; ; ;1; ;12;205,715891835633
3374598;1;1;1; ; ; ; ; ; ; ; ; ; ; ; ;12;157,657228673058
3374598;1;2;1; ; ; ; ; ; ; ; ; ; ; ; ;12;157,657228673058
3374598;1;3;1; ; ; ; ; ; ; ; ; ; ; ; ;12;157,657228673058
3374599;1;1;2;1; ; ;2; ; ;1;2; ; ;1; ;12;246,680240629608
3374599;1;2;2;2;13; ;2; ; ;1;2; ; ;1; ;12;246,680240629608
3374599;1;3;1; ; ; ; ; ; ; ; ; ; ; ; ;12;246,680240629608
3374599;1;4;1; ; ; ; ; ; ; ; ; ; ; ; ;12;246,680240629608
3374599;1;5;1; ; ; ; ; ; ; ; ; ; ; ; ;12;246,680240629608
3374599;1;6;2;2;70; ;2; ; ;1;2; ; ;1; ;12;246,680240629608
3374599;1;7;2;2;13; ;2; ; ;1;2; ; ;1; ;12;246,680240629608
3374599;1;8;2;2;13; ;2; ; ;1;2; ; ;1; ;12;246,680240629608
3374600;1;1;2;2;15; ;2; ; ;1;2; ; ;1; ;12;156,317528316021
3374600;1;2;2;2;17; ;2; ; ;1;2; ; ;1; ;12;156,317528316021
3374601;1;1;2;2;11; ;2; ; ;1;2; ; ;1; ;12;167,822208685015
3374602;1;1;1; ; ; ; ; ; ; ; ; ; ; ; ;12;172,503993179797
3374602;1;2;2;2;08; ;2; ; ;1;2; ; ;1; ;12;172,503993179797
3374602;1;3;1; ; ; ; ; ; ; ; ; ; ; ; ;12;172,503993179797
3374602;1;4;1; ; ; ; ; ; ; ; ; ; ; ; ;12;172,503993179797
3374603;1;1;1; ; ; ; ; ; ; ; ; ; ; ; ;12;172,109990347365
3374603;1;2;2;2;47; ;2; ; ;1;2; ; ;1; ;12;172,109990347365
3374603;1;3;1; ; ; ; ; ; ; ; ; ; ; ; ;12;172,109990347365
3374603;1;4;1; ; ; ; ; ; ; ; ; ; ; ; ;12;172,109990347365
3374603;1;5;1; ; ; ; ; ; ; ; ; ; ; ; ;12;172,109990347365
3374603;1;6;1; ; ; ; ; ; ; ; ; ; ; ; ;12;172,109990347365
3374604;1;1;2;2;13; ;2; ; ;1;2; ; ;1; ;12;157,807055620209
3374604;1;2;1; ; ; ; ; ; ; ; ; ; ; ; ;12;157,807055620209
3374604;1;3;1; ; ; ; ; ; ; ; ; ; ; ; ;12;157,807055620209
3374604;1;4;1; ; ; ; ; ; ; ; ; ; ; ; ;12;157,807055620209
3374605;1;1;2;2;68; ;2; ; ;1;2; ; ;1; ;12;173,704620446028
3374605;1;2;1; ; ; ; ; ; ; ; ; ; ; ; ;12;173,704620446028
3374605;1;3;1; ; ; ; ; ; ; ; ; ; ; ; ;12;173,704620446028
3374605;1;4;1; ; ; ; ; ; ; ; ; ; ; ; ;12;173,704620446028
3374606;1;1;2;2;13; ;2; ; ;1;2; ; ;1; ;12;227,79012943592
3374606;1;2;1; ; ; ; ; ; ; ; ; ; ; ; ;12;227,79012943592
3374606;1;3;1; ; ; ; ; ; ; ; ; ; ; ; ;12;227,79012943592
3374607;1;1;2;2;66; ;2; ; ;1;2; ; ;1; ;12;180,94558529907
3374607;1;2;2;2;66; ;2; ; ;1;2; ; ;1; ;12;180,94558529907
3374608;1;1;1; ; ; ; ; ; ; ; ; ; ; ; ;12;211,500519105688
3374608;1;2;1; ; ; ; ; ; ; ; ; ; ; ; ;12;211,500519105688
3374608;1;3;2;3; ;3;3;13; ;1;2; ; ;1; ;12;211,500519105688
3374608;1;4;1; ; ; ; ; ; ; ; ; ; ; ; ;12;211,500519105688
3374608;1;5;1; ; ; ; ; ; ; ; ; ; ; ; ;12;211,500519105688
3374608;1;6;1; ; ; ; ; ; ; ; ; ; ; ; ;12;211,500519105688
3374609;1;1;1; ; ; ; ; ; ; ; ; ; ; ; ;12;191,12405707052
3374610;1;1;1; ; ; ; ; ; ; ; ; ; ; ; ;12;121,62626559605
3374610;1;2;2;2;47; ;2; ; ;1;2; ; ;1; ;12;121,62626559605
3374610;1;3;2;2;47; ;2; ; ;1;2; ; ;1; ;12;121,62626559605
3374610;1;4;2;1; ; ;2; ; ;1;2; ; ;1; ;12;121,62626559605
3374616;1;1;1; ; ; ; ; ; ; ; ; ; ; ; ;12;191,113741773735
3374616;1;2;1; ; ; ; ; ; ; ; ; ; ; ; ;12;191,113741773735
3374617;1;1;2;2;47; ;2; ; ;1;2; ; ;1; ;12;144,93842927834
3374617;1;2;2;2;08; ;2; ; ;1;2; ; ;1; ;12;144,93842927834
3374617;1;3;1; ; ; ; ; ; ; ; ; ; ; ; ;12;144,93842927834
3374618;1;1;2;2;20; ;2; ; ;1;2; ; ;1; ;12;242,01194789432
3374618;1;2;2;2;54; ;2; ; ;1;2; ; ;1; ;12;242,01194789432
3374618;1;3;1; ; ; ; ; ; ; ; ; ; ; ; ;12;242,01194789432
3374618;1;4;1; ; ; ; ; ; ; ; ; ; ; ; ;12;242,01194789432
3374618;1;5;1; ; ; ; ; ; ; ; ; ; ; ; ;12;242,01194789432
3374618;1;6;1; ; ; ; ; ; ; ; ; ; ; ; ;12;242,01194789432
3374619;1;1;2;2;47; ;2; ; ;1;2; ; ;1; ;12;187,072020888631
3374619;1;2;2;2;08; ;2; ; ;1;2; ; ;1; ;12;187,072020888631
3374619;2;1;2;2;47; ;3;47; ;1;2; ; ;1; ;12;187,072020888631
3374619;2;2;2;2;47; ;3;47; ;1;2; ; ;1; ;12;187,072020888631
3374619;2;3;2;2;47; ;1; ; ; ;2; ; ;1; ;12;187,072020888631
3374619;3;1;2;2;47; ;2; ; ;1;2; ; ;1; ;12;187,072020888631
3374619;3;2;2;2;47; ;2; ; ;1;2; ; ;1; ;12;187,072020888631
3374619;3;3;2;2;47; ;2; ; ;1;2; ; ;1; ;12;187,072020888631
3374620;1;1;2;2;76; ;2; ; ;1;2; ; ;1; ;12;230,249340790432
3374620;1;2;1; ; ; ; ; ; ; ; ; ; ; ; ;12;230,249340790432
3374620;1;3;1; ; ; ; ; ; ; ; ; ; ; ; ;12;230,249340790432
3374620;1;4;1; ; ; ; ; ; ; ; ; ; ; ; ;12;230,249340790432
3374620;1;5;1; ; ; ; ; ; ; ; ; ; ; ; ;12;230,249340790432
3374621;1;1;2;2;70; ;2; ; ;1;2; ; ;1; ;12;197,145541922338
3374621;1;2;2;2;47; ;2; ; ;1;2; ; ;1; ;12;197,145541922338
3374621;1;3;2;2;47; ;2; ; ;1;2; ; ;1; ;12;197,145541922338
3374621;1;4;1; ; ; ; ; ; ; ; ; ; ; ; ;12;197,145541922338
3374621;1;5;1; ; ; ; ; ; ; ; ; ; ; ; ;12;197,145541922338
3374622;1;1;1; ; ; ; ; ; ; ; ; ; ; ; ;12;215,88087184759
3374622;1;2;1; ; ; ; ; ; ; ; ; ; ; ; ;12;215,88087184759
3374622;1;3;1; ; ; ; ; ; ; ; ; ; ; ; ;12;215,88087184759
3374623;1;1;2;2;70; ;2; ; ;1;2; ; ;1; ;12;188,470241271301
3374623;1;2;1; ; ; ; ; ; ; ; ; ; ; ; ;12;188,470241271301
3374623;1;3;1; ; ; ; ; ; ; ; ; ; ; ; ;12;188,470241271301
3374624;1;1;1; ; ; ; ; ; ; ; ; ; ; ; ;12;180,94558529907
3374624;1;2;2;2;17; ;2; ; ;1;2; ; ;1; ;12;180,94558529907
3374625;1;1;1; ; ; ; ; ; ; ; ; ; ; ; ;12;179,839593473797
3374625;1;2;1; ; ; ; ; ; ; ; ; ; ; ; ;12;179,839593473797
3374625;1;3;1; ; ; ; ; ; ; ; ; ; ; ; ;12;179,839593473797
3374625;1;4;2;2;44; ;2; ; ;1;2; ; ;1; ;12;179,839593473797
3374625;1;5;2;2;44; ;2; ; ;1;2; ; ;1; ;12;179,839593473797
3374631;1;1;1; ; ; ; ; ; ; ; ; ; ; ; ;12;178,570354241024
3374631;1;2;1; ; ; ; ; ; ; ; ; ; ; ; ;12;178,570354241024
3374631;1;3;1; ; ; ; ; ; ; ; ; ; ; ; ;12;178,570354241024
3374631;1;4;2;2;11; ;2; ; ;1;2; ; ;1; ;12;178,570354241024
3374631;1;5;1; ; ; ; ; ; ; ; ; ; ; ; ;12;178,570354241024
3374631;1;6;1; ; ; ; ; ; ; ; ; ; ; ; ;12;178,570354241024
3374631;1;7;1; ; ; ; ; ; ; ; ; ; ; ; ;12;178,570354241024
3374632;1;1;2;2;13; ;2; ; ;1;2; ; ;1; ;12;156,432794350549
3374632;1;2;2;2;13; ;2; ; ;1;2; ; ;1; ;12;156,432794350549
3374632;1;3;2;2;13; ;2; ; ;1;2; ; ;1; ;12;156,432794350549
3374633;1;1;1; ; ; ; ; ; ; ; ; ; ; ; ;12;230,249340790432
3374633;1;2;1; ; ; ; ; ; ; ; ; ; ; ; ;12;230,249340790432
3374633;1;3;1; ; ; ; ; ; ; ; ; ; ; ; ;12;230,249340790432
3374633;1;4;1; ; ; ; ; ; ; ; ; ; ; ; ;12;230,249340790432
3374633;1;5;1; ; ; ; ; ; ; ; ; ; ; ; ;12;230,249340790432
3374634;1;1;2;2;76; ;2; ; ;1;2; ; ;1; ;12;179,621154560103
3374634;1;2;2;1; ; ;2; ; ;1;2; ; ;1; ;12;179,621154560103
3374634;1;3;1; ; ; ; ; ; ; ; ; ; ; ; ;12;179,621154560103
3374634;1;4;1; ; ; ; ; ; ; ; ; ; ; ; ;12;179,621154560103
3374634;1;5;1; ; ; ; ; ; ; ; ; ; ; ; ;12;179,621154560103
3374634;1;6;2;2;05; ;2; ; ;1;2; ; ;1; ;12;179,621154560103
3374635;1;1;2;2;47; ;2; ; ;1;2; ; ;1; ;12;252,337070150213
3374635;1;2;1; ; ; ; ; ; ; ; ; ; ; ; ;12;252,337070150213
3374635;1;3;1; ; ; ; ; ; ; ; ; ; ; ; ;12;252,337070150213
3374635;1;4;2;2;47; ;2; ; ;1;2; ; ;1; ;12;252,337070150213
3374636;1;1;1; ; ; ; ; ; ; ; ; ; ; ; ;12;240,682562834068
3374636;1;2;1; ; ; ; ; ; ; ; ; ; ; ; ;12;240,682562834068
3374636;1;3;2;2;08; ;2; ; ;1;2; ; ;1; ;12;240,682562834068
3374636;1;4;1; ; ; ; ; ; ; ; ; ; ; ; ;12;240,682562834068
3374637;1;1;1; ; ; ; ; ; ; ; ; ; ; ; ;12;172,109990347365
3374637;1;2;1; ; ; ; ; ; ; ; ; ; ; ; ;12;172,109990347365
3374637;1;3;2;2;08; ;2; ; ;1;2; ; ;1; ;12;172,109990347365
3374637;1;4;2;2;20; ;2; ; ;1;2; ; ;1; ;12;172,109990347365
3374637;1;5;1; ; ; ; ; ; ; ; ; ; ; ; ;12;172,109990347365
3374637;1;6;1; ; ; ; ; ; ; ; ; ; ; ; ;12;172,109990347365
3374638;1;1;1; ; ; ; ; ; ; ; ; ; ; ; ;12;163,710097974792
3374638;1;2;1; ; ; ; ; ; ; ; ; ; ; ; ;12;163,710097974792
3374638;1;3;1; ; ; ; ; ; ; ; ; ; ; ; ;12;163,710097974792
3374638;1;4;1; ; ; ; ; ; ; ; ; ; ; ; ;12;163,710097974792
3374638;1;5;2;1; ; ;2; ; ;1;2; ; ;1; ;12;163,710097974792
3374641;1;1;1; ; ; ; ; ; ; ; ; ; ; ; ;12;160,91510021082
3374641;1;2;2;2;23; ;2; ; ;1;2; ; ;1; ;12;160,91510021082
3374641;1;3;1; ; ; ; ; ; ; ; ; ; ; ; ;12;160,91510021082
3374641;1;4;1; ; ; ; ; ; ; ; ; ; ; ; ;12;160,91510021082
3374665;1;1;2;2;17; ;2; ; ;1;2; ; ;1; ;12;259,600599275105
3374665;1;2;2;2;17; ;2; ; ;1;2; ; ;1; ;12;259,600599275105
3374666;1;1;2;2;17; ;2; ; ;1;2; ; ;1; ;12;232,836618093909
3374666;1;2;1; ; ; ; ; ; ; ; ; ; ; ; ;12;232,836618093909
3374666;1;3;1; ; ; ; ; ; ; ; ; ; ; ; ;12;232,836618093909
3374667;1;1;2;2;66; ;2; ; ;1;2; ; ;1; ;12;259,600599275105
3374667;1;2;2;2;17; ;2; ; ;1;2; ; ;1; ;12;259,600599275105
3374668;1;1;2;2;86; ;2; ; ;1;2; ; ;1; ;12;138,541043083902
3374668;1;2;1; ; ; ; ; ; ; ; ; ; ; ; ;12;138,541043083902
3374668;1;3;1; ; ; ; ; ; ; ; ; ; ; ; ;12;138,541043083902
3374668;1;4;1; ; ; ; ; ; ; ; ; ; ; ; ;12;138,541043083902
3374669;1;1;2;2;17; ;2; ; ;1;2; ; ;1; ;12;253,869067323641
3374669;1;2;2;2;17; ;2; ; ;1;2; ; ;1; ;12;253,869067323641
3374669;1;3;2;2;17; ;2; ; ;1;2; ; ;1; ;12;253,869067323641
3374670;1;1;2;2;17; ;2; ; ;1;2; ; ;1; ;12;255,241302866466
3374670;1;2;2;2;05; ;2; ; ;1;2; ; ;1; ;12;255,241302866466
3374670;1;3;2;2;17; ;2; ; ;1;2; ; ;1; ;12;255,241302866466
3374671;1;1;1; ; ; ; ; ; ; ; ; ; ; ; ;12;216,290686782747
3374671;1;2;2;2;76; ;2; ; ;1;2; ; ;1; ;12;216,290686782747
3374672;1;1;1; ; ; ; ; ; ; ; ; ; ; ; ;12;211,931390374108
3374672;1;2;2;2;66; ;2; ; ;1;2; ; ;1; ;12;211,931390374108
3374672;1;3;1; ; ; ; ; ; ; ; ; ; ; ; ;12;211,931390374108
3374673;1;1;2;2;66; ;2; ; ;1;2; ; ;1; ;12;259,259745778543
3374673;1;2;2;2;66; ;2; ; ;1;2; ; ;1; ;12;259,259745778543
3374673;1;3;2;2;63; ;2; ; ;1;2; ; ;1; ;12;259,259745778543
3374674;1;1;2;2;11; ;2; ; ;1;2; ; ;1; ;12;267,889389282808
3374674;1;2;1; ; ; ; ; ; ; ; ; ; ; ; ;12;267,889389282808
3374675;1;1;2;2;66; ;2; ; ;1;2; ; ;1; ;12;272,722789759166
3374676;1;1;2;2;76; ;2; ; ;1;2; ; ;1; ;12;259,600599275105
3374676;1;2;1; ; ; ; ; ; ; ; ; ; ; ; ;12;259,600599275105
3374677;1;1;1; ; ; ; ; ; ; ; ; ; ; ; ;12;263,959895683744
3374678;1;1;2;2;05; ;2; ; ;1;2; ; ;1; ;12;185,294630702842
3374678;1;2;2;2;66; ;2; ; ;1;2; ; ;1; ;12;185,294630702842
3374678;1;3;2;2;66; ;2; ; ;1;2; ; ;1; ;12;185,294630702842
3374678;1;4;2;2;66; ;2; ; ;1;2; ; ;1; ;12;185,294630702842
3374679;1;1;2;2;17; ;2; ; ;1;2; ; ;1; ;12;323,039054119902
3374679;1;2;1; ; ; ; ; ; ; ; ; ; ; ; ;12;323,039054119902
3374679;1;3;1; ; ; ; ; ; ; ; ; ; ; ; ;12;323,039054119902
3374679;1;4;1; ; ; ; ; ; ; ; ; ; ; ; ;12;323,039054119902
3374680;1;1;1; ; ; ; ; ; ; ; ; ; ; ; ;12;340,429612456507
3374680;1;2;2;2;11; ;3;68; ;1;2; ; ;1; ;12;340,429612456507
3374680;1;3;1; ; ; ; ; ; ; ; ; ; ; ; ;12;340,429612456507
3374681;1;1;1; ; ; ; ; ; ; ; ; ; ; ; ;12;313,087345641834
3374681;1;2;1; ; ; ; ; ; ; ; ; ; ; ; ;12;313,087345641834
3374681;1;3;1; ; ; ; ; ; ; ; ; ; ; ; ;12;313,087345641834
3374681;1;4;1; ; ; ; ; ; ; ; ; ; ; ; ;12;313,087345641834
3374682;1;1;2;2;76; ;2; ; ;1;2; ; ;1; ;12;236,893333202904
3374682;1;2;2;2;76; ;2; ; ;1;2; ; ;1; ;12;236,893333202904
3374682;1;3;2;2;76; ;2; ; ;1;2; ; ;1; ;12;236,893333202904
3374682;1;4;1; ; ; ; ; ; ; ; ; ; ; ; ;12;236,893333202904
3374683;1;1;2;2;76; ;2; ; ;1;2; ; ;1; ;12;232,963839603839
3374683;1;2;2;2;76; ;2; ; ;1;2; ; ;1; ;12;232,963839603839
3374683;1;3;1; ; ; ; ; ; ; ; ; ; ; ; ;12;232,963839603839
3374684;1;1;2;2;05; ;2; ; ;1;2; ; ;1; ;12;276,273752096198
3374684;1;2;2;2;05; ;2; ; ;1;2; ; ;1; ;12;276,273752096198
3374684;1;3;1; ; ; ; ; ; ; ; ; ; ; ; ;12;276,273752096198
3374685;1;1;2;2;17; ;2; ; ;1;2; ; ;1; ;12;311,250826981748
3374685;1;2;1; ; ; ; ; ; ; ; ; ; ; ; ;12;311,250826981748
3374685;1;3;1; ; ; ; ; ; ; ; ; ; ; ; ;12;311,250826981748
3374685;1;4;1; ; ; ; ; ; ; ; ; ; ; ; ;12;311,250826981748
3374686;1;1;2;2;66; ;2; ; ;1;2; ; ;1; ;12;287,986282931003
3374686;1;2;2;2;66; ;2; ; ;1;2; ; ;1; ;12;287,986282931003
3374686;1;3;2;2;66; ;2; ; ;1;3;19; ;2;4;12;287,986282931003
3374686;1;4;2;2;66; ;2; ; ;1;2; ; ;1; ;12;287,986282931003
3374686;1;5;2;2;66; ;2; ; ;1;2; ; ;1; ;12;287,986282931003
3374687;1;1;2;2;73; ;3;66; ;2;2; ; ;1; ;12;263,959895683744
3374688;1;1;1; ; ; ; ; ; ; ; ; ; ; ; ;12;293,755238988897
3374689;1;1;2;2;66; ;3;66; ;1;2; ; ;1; ;12;229,412877266807
3374690;1;1;1; ; ; ; ; ; ; ; ; ; ; ; ;12;287,369725100608
3374690;1;2;1; ; ; ; ; ; ; ; ; ; ; ; ;12;287,369725100608
3374690;1;3;1; ; ; ; ; ; ; ; ; ; ; ; ;12;287,369725100608
3374690;1;4;1; ; ; ; ; ; ; ; ; ; ; ; ;12;287,369725100608
3374691;1;1;1; ; ; ; ; ; ; ; ; ; ; ; ;12;261,652104559382
3374691;1;2;1; ; ; ; ; ; ; ; ; ; ; ; ;12;261,652104559382
3374691;1;3;1; ; ; ; ; ; ; ; ; ; ; ; ;12;261,652104559382
3374691;1;4;1; ; ; ; ; ; ; ; ; ; ; ; ;12;261,652104559382
3374692;1;1;2;2;66; ;2; ; ;1;2; ; ;1; ;12;279,586687864867
3374692;1;2;1; ; ; ; ; ; ; ; ; ; ; ; ;12;279,586687864867
3374692;1;3;1; ; ; ; ; ; ; ; ; ; ; ; ;12;279,586687864867
3374693;1;1;2;2;66; ;2; ; ;1;2; ; ;1; ;12;275,227391456229
3374693;1;2;2;2;66; ;2; ; ;1;2; ; ;1; ;12;275,227391456229
3374693;1;3;1; ; ; ; ; ; ; ; ; ; ; ; ;12;275,227391456229
3374693;1;4;1; ; ; ; ; ; ; ; ; ; ; ; ;12;275,227391456229
3374694;1;1;2;2;66; ;2; ; ;1;2; ; ;1; ;12;293,755238988897
3374695;1;1;2;2;66; ;2; ; ;1;2; ; ;1; ;12;225,053580858168
3374695;1;2;1; ; ; ; ; ; ; ; ; ; ; ; ;12;225,053580858168
3374696;1;1;2;2;05; ;2; ; ;1;2; ; ;1; ;12;263,959895683744
3374698;1;1;1; ; ; ; ; ; ; ; ; ; ; ; ;12;1318,66056193665
3374698;1;2;1; ; ; ; ; ; ; ; ; ; ; ; ;12;1318,66056193665
3374698;1;3;1; ; ; ; ; ; ; ; ; ; ; ; ;12;1318,66056193665
3374698;1;4;1; ; ; ; ; ; ; ; ; ; ; ; ;12;1318,66056193665
3374700;1;1;2;2;23; ;2; ; ;1;2; ; ;1; ;12;668,183151504379
3374700;1;2;2;2;08; ;2; ; ;1;2; ; ;1; ;12;668,183151504379
3374700;1;3;1; ; ; ; ; ; ; ; ; ; ; ; ;12;668,183151504379
3374700;1;4;1; ; ; ; ; ; ; ; ; ; ; ; ;12;668,183151504379
3374700;1;5;1; ; ; ; ; ; ; ; ; ; ; ; ;12;668,183151504379
3374701;1;1;2;2;18; ;2; ; ;1;2; ; ;1; ;12;146,418930839125
3374701;1;2;2;2;18; ;2; ; ;1;2; ; ;1; ;12;146,418930839125
3374701;1;3;1; ; ; ; ; ; ; ; ; ; ; ; ;12;146,418930839125
3374701;1;4;1; ; ; ; ; ; ; ; ; ; ; ; ;12;146,418930839125
3374701;1;5;1; ; ; ; ; ; ; ; ; ; ; ; ;12;146,418930839125
3374701;1;6;1; ; ; ; ; ; ; ; ; ; ; ; ;12;146,418930839125
3374701;1;7;1; ; ; ; ; ; ; ; ; ; ; ; ;12;146,418930839125
3374702;1;1;2;2;18; ;2; ; ;1;2; ; ;1; ;12;56,7424412485416
3374702;1;2;1; ; ; ; ; ; ; ; ; ; ; ; ;12;56,7424412485416
3374702;1;3;1; ; ; ; ; ; ; ; ; ; ; ; ;12;56,7424412485416
3374702;1;4;1; ; ; ; ; ; ; ; ; ; ; ; ;12;56,7424412485416
3374703;1;1;2;2;18; ;2; ; ;1;2; ; ;1; ;12;51,6487371807467
3374703;1;2;1; ; ; ; ; ; ; ; ; ; ; ; ;12;51,6487371807467
3374704;1;1;2;2;73; ;2; ; ;1;2; ; ;1; ;12;44,6134490542591
3374704;1;2;2;2;76; ;2; ; ;1;2; ; ;1; ;12;44,6134490542591
3374704;1;3;2;2;18; ;2; ; ;1;2; ; ;1; ;12;44,6134490542591
3374704;1;4;1; ; ; ; ; ; ; ; ; ; ; ; ;12;44,6134490542591
3374705;1;1;2;1; ; ;2; ; ;1;2; ; ;1; ;12;58,5027233601978
3374705;1;2;2;2;18; ;3;18; ;2;2; ; ;1; ;12;58,5027233601978
3374705;1;3;2;1; ; ;3;18; ;2;2; ; ;1; ;12;58,5027233601978
3374705;1;4;2;2;18; ;3;18; ;2;3;18; ;2;3;12;58,5027233601978
3374706;1;1;2;1; ; ;2; ; ;1;2; ; ;1; ;12;167,987072337442
3374707;1;1;1; ; ; ; ; ; ; ; ; ; ; ; ;12;135,869285400248
3374707;1;2;1; ; ; ; ; ; ; ; ; ; ; ; ;12;135,869285400248
3374708;1;1;1; ; ; ; ; ; ; ; ; ; ; ; ;12;142,01298679093
3374709;1;1;1; ; ; ; ; ; ; ; ; ; ; ; ;12;167,987072337442
3374710;1;1;1; ; ; ; ; ; ; ; ; ; ; ; ;12;174,497443417799
3374710;1;2;1; ; ; ; ; ; ; ; ; ; ; ; ;12;174,497443417799
3374710;1;3;1; ; ; ; ; ; ; ; ; ; ; ; ;12;174,497443417799
3374710;1;4;1; ; ; ; ; ; ; ; ; ; ; ; ;12;174,497443417799
3374711;1;1;1; ; ; ; ; ; ; ; ; ; ; ; ;12;140,134938315338
3374711;1;2;1; ; ; ; ; ; ; ; ; ; ; ; ;12;140,134938315338
3374711;1;3;1; ; ; ; ; ; ; ; ; ; ; ; ;12;140,134938315338
3374711;1;4;1; ; ; ; ; ; ; ; ; ; ; ; ;12;140,134938315338
3374712;1;1;1; ; ; ; ; ; ; ; ; ; ; ; ;12;125,910945156709
3374712;1;2;1; ; ; ; ; ; ; ; ; ; ; ; ;12;125,910945156709
3374712;1;3;1; ; ; ; ; ; ; ; ; ; ; ; ;12;125,910945156709
3374712;1;4;1; ; ; ; ; ; ; ; ; ; ; ; ;12;125,910945156709
3374712;1;5;1; ; ; ; ; ; ; ; ; ; ; ; ;12;125,910945156709
3374714;1;1;1; ; ; ; ; ; ; ; ; ; ; ; ;12;186,171806645026
3374714;1;2;1; ; ; ; ; ; ; ; ; ; ; ; ;12;186,171806645026
3374714;1;3;1; ; ; ; ; ; ; ; ; ; ; ; ;12;186,171806645026
3374714;1;4;1; ; ; ; ; ; ; ; ; ; ; ; ;12;186,171806645026
3374714;1;5;1; ; ; ; ; ; ; ; ; ; ; ; ;12;186,171806645026
3374714;1;6;1; ; ; ; ; ; ; ; ; ; ; ; ;12;186,171806645026
3374714;1;7;1; ; ; ; ; ; ; ; ; ; ; ; ;12;186,171806645026
3374715;1;1;2;1; ; ;2; ; ;1;2; ; ;1; ;12;140,770931641923
3374715;1;2;2;2;19; ;3;19; ;1;2; ; ;1; ;12;140,770931641923
3374715;1;3;1; ; ; ; ; ; ; ; ; ; ; ; ;12;140,770931641923
3374716;1;1;1; ; ; ; ; ; ; ; ; ; ; ; ;12;177,649318873586
3374716;1;2;1; ; ; ; ; ; ; ; ; ; ; ; ;12;177,649318873586
3374716;1;3;1; ; ; ; ; ; ; ; ; ; ; ; ;12;177,649318873586
3374716;1;4;1; ; ; ; ; ; ; ; ; ; ; ; ;12;177,649318873586
3374716;1;5;1; ; ; ; ; ; ; ; ; ; ; ; ;12;177,649318873586
3374716;1;6;1; ; ; ; ; ; ; ; ; ; ; ; ;12;177,649318873586
3374716;1;7;1; ; ; ; ; ; ; ; ; ; ; ; ;12;177,649318873586
3374717;1;1;1; ; ; ; ; ; ; ; ; ; ; ; ;12;132,657883683699
3374717;1;2;1; ; ; ; ; ; ; ; ; ; ; ; ;12;132,657883683699
3374718;1;1;1; ; ; ; ; ; ; ; ; ; ; ; ;12;161,551093537404
3374718;1;2;1; ; ; ; ; ; ; ; ; ; ; ; ;12;161,551093537404
3374718;1;3;1; ; ; ; ; ; ; ; ; ; ; ; ;12;161,551093537404
3374719;1;1;1; ; ; ; ; ; ; ; ; ; ; ; ;12;174,789720827155
3374719;1;2;1; ; ; ; ; ; ; ; ; ; ; ; ;12;174,789720827155
3374719;1;3;1; ; ; ; ; ; ; ; ; ; ; ; ;12;174,789720827155
3374720;1;1;1; ; ; ; ; ; ; ; ; ; ; ; ;12;151,619523364351
3374720;1;2;1; ; ; ; ; ; ; ; ; ; ; ; ;12;151,619523364351
3374721;1;1;1; ; ; ; ; ; ; ; ; ; ; ; ;12;200,39014317859
3374721;1;2;1; ; ; ; ; ; ; ; ; ; ; ; ;12;200,39014317859
3374721;1;3;1; ; ; ; ; ; ; ; ; ; ; ; ;12;200,39014317859
3374721;1;4;1; ; ; ; ; ; ; ; ; ; ; ; ;12;200,39014317859
3374721;2;1;1; ; ; ; ; ; ; ; ; ; ; ; ;12;200,39014317859
3374721;2;2;2;2;23; ;3;23; ;2;2; ; ;1; ;12;200,39014317859
3374722;1;1;1; ; ; ; ; ; ; ; ; ; ; ; ;12;132,657883683699
3374722;1;2;1; ; ; ; ; ; ; ; ; ; ; ; ;12;132,657883683699
3374723;1;1;2;1; ; ;3;11; ;1;3;11; ;1; ;12;777,313608031542
3374723;1;2;2;2;11; ;3;11; ;1;3;11; ;1; ;12;777,313608031542
3374723;1;3;2;2;11; ;3;11; ;1;2; ; ;1; ;12;777,313608031542
3374723;1;4;1; ; ; ; ; ; ; ; ; ; ; ; ;12;777,313608031542
3374723;1;5;2;2;27; ;1; ; ; ;2; ; ;1; ;12;777,313608031542
3374724;1;1;1; ; ; ; ; ; ; ; ; ; ; ; ;12;184,103979991221
3374724;1;2;1; ; ; ; ; ; ; ; ; ; ; ; ;12;184,103979991221
3374724;1;3;1; ; ; ; ; ; ; ; ; ; ; ; ;12;184,103979991221
3374724;1;4;1; ; ; ; ; ; ; ; ; ; ; ; ;12;184,103979991221
3374724;1;5;1; ; ; ; ; ; ; ; ; ; ; ; ;12;184,103979991221
3374725;1;1;1; ; ; ; ; ; ; ; ; ; ; ; ;12;154,66705926197
3374725;1;2;1; ; ; ; ; ; ; ; ; ; ; ; ;12;154,66705926197
3374725;1;3;1; ; ; ; ; ; ; ; ; ; ; ; ;12;154,66705926197
3374726;1;1;1; ; ; ; ; ; ; ; ; ; ; ; ;12;171,157630110825
3374726;1;2;1; ; ; ; ; ; ; ; ; ; ; ; ;12;171,157630110825
3374726;1;3;1; ; ; ; ; ; ; ; ; ; ; ; ;12;171,157630110825
3374726;1;4;1; ; ; ; ; ; ; ; ; ; ; ; ;12;171,157630110825
3374727;1;1;1; ; ; ; ; ; ; ; ; ; ; ; ;12;130,547084059514
3374727;1;2;1; ; ; ; ; ; ; ; ; ; ; ; ;12;130,547084059514
3374727;1;3;1; ; ; ; ; ; ; ; ; ; ; ; ;12;130,547084059514
3374728;1;1;1; ; ; ; ; ; ; ; ; ; ; ; ;12;202,536530932001
3374728;1;2;1; ; ; ; ; ; ; ; ; ; ; ; ;12;202,536530932001
3374728;1;3;1; ; ; ; ; ; ; ; ; ; ; ; ;12;202,536530932001
3374728;1;4;1; ; ; ; ; ; ; ; ; ; ; ; ;12;202,536530932001
3374728;1;5;1; ; ; ; ; ; ; ; ; ; ; ; ;12;202,536530932001
3374729;1;1;1; ; ; ; ; ; ; ; ; ; ; ; ;12;264,731212548687
3374729;1;2;1; ; ; ; ; ; ; ; ; ; ; ; ;12;264,731212548687
3374729;1;3;1; ; ; ; ; ; ; ; ; ; ; ; ;12;264,731212548687
3374730;1;1;1; ; ; ; ; ; ; ; ; ; ; ; ;12;284,025973581859
3374731;1;1;1; ; ; ; ; ; ; ; ; ; ; ; ;12;319,572796840938
3374731;1;2;1; ; ; ; ; ; ; ; ; ; ; ; ;12;319,572796840938
3374731;1;3;1; ; ; ; ; ; ; ; ; ; ; ; ;12;319,572796840938
3374731;1;4;1; ; ; ; ; ; ; ; ; ; ; ; ;12;319,572796840938
3374731;1;5;1; ; ; ; ; ; ; ; ; ; ; ; ;12;319,572796840938
3374731;1;6;1; ; ; ; ; ; ; ; ; ; ; ; ;12;319,572796840938
3374731;1;7;1; ; ; ; ; ; ; ; ; ; ; ; ;12;319,572796840938
3374731;1;8;1; ; ; ; ; ; ; ; ; ; ; ; ;12;319,572796840938
3374731;1;9;1; ; ; ; ; ; ; ; ; ; ; ; ;12;319,572796840938
3374731;1;10;1; ; ; ; ; ; ; ; ; ; ; ; ;12;319,572796840938
3374731;1;11;1; ; ; ; ; ; ; ; ; ; ; ; ;12;319,572796840938
3374731;1;12;1; ; ; ; ; ; ; ; ; ; ; ; ;12;319,572796840938
3374732;1;1;1; ; ; ; ; ; ; ; ; ; ; ; ;12;154,45761440707
3374732;1;2;1; ; ; ; ; ; ; ; ; ; ; ; ;12;154,45761440707
3374732;1;3;1; ; ; ; ; ; ; ; ; ; ; ; ;12;154,45761440707
3374732;1;4;1; ; ; ; ; ; ; ; ; ; ; ; ;12;154,45761440707
3374732;1;5;1; ; ; ; ; ; ; ; ; ; ; ; ;12;154,45761440707
3374733;1;1;1; ; ; ; ; ; ; ; ; ; ; ; ;12;150,672570310814
3374733;1;2;1; ; ; ; ; ; ; ; ; ; ; ; ;12;150,672570310814
3374733;1;3;1; ; ; ; ; ; ; ; ; ; ; ; ;12;150,672570310814
3374733;1;4;1; ; ; ; ; ; ; ; ; ; ; ; ;12;150,672570310814
3374735;1;1;1; ; ; ; ; ; ; ; ; ; ; ; ;12;151,944556963983
3374735;1;2;1; ; ; ; ; ; ; ; ; ; ; ; ;12;151,944556963983
